0.003851 0.013316
0.002635 0.049168
0.001923 0.083521
0.001900 0.118701
0.001925 0.153276
0.001899 0.187940
0.002004 0.222593
0.001920 0.257248
0.001828 0.291720
0.001821 0.326239
0.001969 0.361250
0.002085 0.395519
0.002682 0.430576
0.004059 0.466252
0.010952 0.001989
0.002812 0.031438
0.001761 0.066525
0.001955 0.101312
0.001834 0.136034
0.001776 0.170574
0.001869 0.205380
0.001818 0.239956
0.001748 0.274455
0.001632 0.309240
0.001712 0.343797
0.001665 0.378676
0.002083 0.413276
0.002873 0.448697
0.011702 0.478054
0.012416 0.009348
0.011826 0.048898
0.011741 0.083998
0.011506 0.118611
0.011685 0.153228
0.011498 0.188155
0.011534 0.222645
0.011653 0.257205
0.011513 0.291850
0.011502 0.326689
0.011492 0.361110
0.011792 0.396008
0.011767 0.431119
0.013236 0.470671
0.029148 0.000886
0.025770 0.031551
0.025587 0.066379
0.025558 0.101345
0.025544 0.136010
0.025233 0.170593
0.025728 0.205349
0.025595 0.239918
0.025198 0.274569
0.025434 0.309149
0.025615 0.343797
0.025501 0.378437
0.025555 0.413588
0.026290 0.448980
0.027883 0.483618
0.038257 0.008389
0.037964 0.048731
0.037888 0.083818
0.037611 0.118680
0.037705 0.153342
0.037618 0.187942
0.037672 0.222542
0.037609 0.257411
0.037624 0.291745
0.037570 0.326403
0.037821 0.361187
0.037700 0.395832
0.037820 0.431474
0.038769 0.472195
0.049649 0.000344
0.048653 0.031118
0.048442 0.066092
0.048231 0.101248
0.048148 0.135881
0.048120 0.170791
0.048296 0.205288
0.048388 0.239804
0.048148 0.274602
0.048184 0.309118
0.048187 0.343841
0.048312 0.378468
0.048303 0.413706
0.048936 0.449425
0.049702 0.484035
0.059101 0.008243
0.058909 0.048323
0.058776 0.083804
0.058570 0.118716
0.058610 0.153291
0.058586 0.187992
0.058757 0.222526
0.058656 0.257181
0.058623 0.291741
0.058506 0.326381
0.058788 0.361176
0.058656 0.395938
0.058885 0.431626
0.059072 0.472718
0.069801 0.000711
0.069440 0.030710
0.069049 0.066122
0.069096 0.101324
0.069072 0.136093
0.069085 0.170575
0.069076 0.205222
0.069282 0.239803
0.069136 0.274452
0.069105 0.309043
0.068916 0.343747
0.069102 0.378426
0.069173 0.413746
0.069410 0.449790
0.069722 0.484736
0.079683 0.007688
0.079546 0.048383
0.079558 0.083855
0.079359 0.118715
0.079635 0.153355
0.079474 0.187708
0.079547 0.222644
0.079429 0.257123
0.079535 0.291828
0.079471 0.326318
0.079621 0.361024
0.079534 0.396011
0.079589 0.431673
0.079628 0.472804
0.089950 0.000723
0.089851 0.030708
0.089581 0.066394
0.089729 0.101257
0.089692 0.135846
0.089835 0.170776
0.089822 0.205109
0.089679 0.239899
0.089693 0.274484
0.089850 0.309114
0.089688 0.343677
0.089693 0.378469
0.089688 0.413794
0.089852 0.449945
0.089816 0.484787
0.099828 0.007786
0.099755 0.048482
0.099909 0.083730
0.099882 0.118670
0.099779 0.153266
0.100002 0.187896
0.099819 0.222465
0.099757 0.257270
0.099905 0.291869
0.099968 0.326426
0.099829 0.361120
0.099804 0.396089
0.099736 0.431814
0.099751 0.472960
0.109975 0.000454
0.109995 0.030683
0.109867 0.066122
0.109889 0.101134
0.110017 0.135976
0.110003 0.170662
0.110004 0.205124
0.109818 0.239819
0.109993 0.274629
0.109950 0.309204
0.109969 0.343737
0.109860 0.378569
0.109892 0.413877
0.109817 0.450019
0.110153 0.485022
0.119933 0.007815
0.120040 0.048287
0.119931 0.083703
0.120000 0.118705
0.119906 0.153267
0.119928 0.187858
0.119942 0.222660
0.119873 0.257198
0.120098 0.291980
0.119978 0.326562
0.119814 0.361063
0.119883 0.396080
0.119899 0.431962
0.119904 0.473026
0.130090 0.000076
0.130083 0.030622
0.129982 0.066263
0.130017 0.101243
0.129961 0.135937
0.130016 0.170756
0.129932 0.205318
0.130044 0.239960
0.129915 0.274577
0.129900 0.309136
0.130014 0.343917
0.129842 0.378523
0.129898 0.413853
0.129974 0.450068
0.130144 0.485056
0.140068 0.007924
0.140075 0.048150
0.140033 0.083913
0.139946 0.118636
0.139863 0.153222
0.139972 0.187971
0.140073 0.222560
0.139929 0.257317
0.140166 0.291823
0.139838 0.326515
0.139950 0.361158
0.139958 0.396104
0.139955 0.431921
0.140047 0.472597
0.149962 0.000015
0.150234 0.030632
0.149948 0.066086
0.149990 0.101236
0.149994 0.135919
0.149990 0.170643
0.150137 0.205279
0.149962 0.239862
0.149931 0.274585
0.149892 0.309117
0.150015 0.343739
0.149912 0.378637
0.149949 0.413791
0.150128 0.450058
0.149845 0.485058
0.160079 0.007849
0.160076 0.048107
0.159968 0.083799
0.159986 0.118525
0.159933 0.153368
0.160136 0.187886
0.160018 0.222616
0.159913 0.257295
0.160170 0.291931
0.159914 0.326557
0.159895 0.361149
0.160044 0.396049
0.159999 0.431931
0.160077 0.473264
0.169837 0.000921
0.170081 0.030690
0.169841 0.066136
0.170054 0.101315
0.169950 0.135982
0.170128 0.170590
0.170076 0.205371
0.170063 0.239986
0.169966 0.274514
0.169984 0.309349
0.170038 0.343835
0.169892 0.378496
0.169967 0.413799
0.169914 0.450087
0.170188 0.485059
0.179869 0.007782
0.180034 0.048318
0.180013 0.083888
0.180108 0.118621
0.179811 0.153354
0.180021 0.187949
0.179938 0.222508
0.179990 0.257295
0.179988 0.291884
0.180109 0.326591
0.179918 0.361181
0.179906 0.396064
0.180071 0.431837
0.180095 0.472694
0.189952 0.000767
0.189857 0.030590
0.189868 0.066153
0.190014 0.101264
0.189937 0.135984
0.190032 0.170633
0.189997 0.205193
0.190021 0.239798
0.190062 0.274515
0.190007 0.309146
0.190170 0.343868
0.189866 0.378603
0.190040 0.413770
0.189984 0.449953
0.190011 0.485072
0.199897 0.007809
0.200135 0.048194
0.200087 0.083722
0.199967 0.118479
0.199895 0.153287
0.200098 0.188005
0.199850 0.222518
0.199989 0.257175
0.199974 0.291805
0.200091 0.326522
0.200005 0.361121
0.200000 0.396181
0.200132 0.431860
0.200086 0.472820
0.209756 0.000083
0.210001 0.030629
0.210006 0.066135
0.210033 0.101290
0.209894 0.135976
0.210042 0.170599
0.210089 0.205299
0.209969 0.239984
0.209910 0.274449
0.210051 0.309099
0.210195 0.343844
0.209923 0.378504
0.210180 0.413854
0.210102 0.450021
0.209759 0.485078
0.219794 0.007822
0.220095 0.048315
0.220050 0.083812
0.220060 0.118604
0.220120 0.153367
0.220009 0.187865
0.220060 0.222744
0.219895 0.257081
0.220034 0.291903
0.219994 0.326618
0.219863 0.361171
0.219972 0.396000
0.220028 0.431975
0.220079 0.472909
0.229964 0.000417
0.229993 0.030772
0.230031 0.066168
0.229992 0.101298
0.230029 0.135930
0.229991 0.170631
0.230007 0.205204
0.230088 0.239956
0.229885 0.274434
0.229979 0.309286
0.229919 0.344000
0.229970 0.378370
0.230027 0.413743
0.230095 0.450017
0.230004 0.484994
0.239958 0.007706
0.240106 0.048220
0.240005 0.083867
0.240097 0.118590
0.240038 0.153221
0.239959 0.187954
0.240061 0.222606
0.240006 0.257282
0.240044 0.291764
0.239940 0.326536
0.239965 0.361158
0.239989 0.395886
0.239953 0.431920
0.239967 0.472876
0.250114 0.000907
0.249939 0.030622
0.250029 0.066057
0.250022 0.101327
0.250069 0.135857
0.250026 0.170676
0.249980 0.205245
0.249955 0.239929
0.250281 0.274587
0.249852 0.309150
0.249940 0.343906
0.249973 0.378487
0.250147 0.413778
0.249884 0.449934
0.249999 0.485125
0.260208 0.007972
0.260080 0.048125
0.260091 0.083849
0.260038 0.118705
0.259935 0.153216
0.260025 0.187908
0.260071 0.222538
0.259885 0.257276
0.259970 0.291911
0.260066 0.326534
0.260092 0.361144
0.260101 0.395948
0.260058 0.432029
0.260028 0.472813
0.269789 0.000506
0.269961 0.030710
0.270046 0.066085
0.270052 0.101427
0.269988 0.135827
0.270201 0.170552
0.270004 0.205310
0.269951 0.239809
0.270060 0.274567
0.269934 0.309222
0.270015 0.343726
0.270021 0.378494
0.270083 0.413862
0.269930 0.450026
0.269954 0.485110
0.280108 0.007826
0.280078 0.048182
0.280062 0.083771
0.280107 0.118765
0.279942 0.153247
0.280016 0.188016
0.280231 0.222577
0.280074 0.257176
0.279953 0.291762
0.280316 0.326603
0.280046 0.361171
0.280010 0.396002
0.280129 0.431913
0.280058 0.472907
0.290042 0.000197
0.290084 0.030451
0.290147 0.066139
0.290067 0.101248
0.289976 0.136124
0.290135 0.170540
0.290074 0.205483
0.290116 0.239768
0.290209 0.274578
0.290076 0.309169
0.290141 0.344019
0.290112 0.378501
0.290254 0.413735
0.289936 0.449996
0.290049 0.485110
0.300179 0.007651
0.300264 0.048101
0.300179 0.083800
0.300347 0.118548
0.300214 0.153413
0.300257 0.187961
0.300478 0.222736
0.300321 0.257140
0.300292 0.291815
0.300503 0.326561
0.300327 0.361108
0.300244 0.396071
0.300256 0.431888
0.300068 0.472980
0.309897 0.000573
0.310345 0.030623
0.310459 0.066184
0.310484 0.101167
0.310472 0.135862
0.310451 0.170730
0.310453 0.205340
0.310526 0.239875
0.310502 0.274511
0.310403 0.309210
0.310369 0.343708
0.310427 0.378505
0.310614 0.413857
0.310344 0.449896
0.310088 0.484904
0.320592 0.007949
0.320834 0.048327
0.320914 0.083886
0.320907 0.118588
0.320774 0.153276
0.321036 0.188085
0.321046 0.222509
0.320821 0.257251
0.320951 0.291845
0.320889 0.326510
0.320897 0.361187
0.320745 0.396079
0.320821 0.431747
0.320580 0.472783
0.330366 0.000010
0.331063 0.030803
0.331291 0.066129
0.331257 0.101359
0.331370 0.135932
0.331289 0.170488
0.331375 0.205205
0.331411 0.239944
0.331303 0.274585
0.331252 0.309172
0.331209 0.343819
0.331390 0.378613
0.331283 0.413784
0.331093 0.449854
0.330507 0.484257
0.341101 0.007990
0.341698 0.048364
0.341788 0.083995
0.341607 0.118600
0.341686 0.153179
0.341717 0.187839
0.341648 0.222526
0.341806 0.257205
0.341835 0.292016
0.341671 0.326350
0.341909 0.361138
0.341691 0.395913
0.341439 0.431770
0.340845 0.472518
0.350300 0.000751
0.351863 0.031101
0.352236 0.066224
0.352416 0.101384
0.352315 0.135939
0.352331 0.170579
0.352221 0.205302
0.352405 0.239733
0.352175 0.274835
0.352387 0.309098
0.352269 0.343746
0.352507 0.378470
0.352275 0.413800
0.351603 0.449396
0.350658 0.483577
0.363358 0.008685
0.364333 0.048864
0.364306 0.083756
0.364467 0.118672
0.364422 0.153249
0.364456 0.188067
0.364434 0.222637
0.364396 0.257179
0.364685 0.291988
0.364435 0.326431
0.364521 0.361170
0.364439 0.395940
0.364218 0.431373
0.362728 0.471740
0.372492 0.000189
0.378025 0.031532
0.378524 0.066407
0.378479 0.101136
0.378386 0.135957
0.378431 0.170700
0.378334 0.205232
0.378440 0.239926
0.378229 0.274508
0.378530 0.309147
0.378298 0.343834
0.378466 0.378489
0.378486 0.413546
0.377694 0.448480
0.374735 0.483445
0.388406 0.009926
0.387487 0.048982
0.388048 0.083882
0.388260 0.118598
0.388185 0.153259
0.388200 0.188018
0.388275 0.222449
0.388271 0.257319
0.388158 0.291915
0.388298 0.326675
0.388157 0.361094
0.388086 0.395867
0.387367 0.430767
0.387747 0.469811
0.380751 0.003387
0.387212 0.031523
0.387824 0.066500
0.388070 0.101554
0.388160 0.135991
0.388210 0.170808
0.387974 0.205587
0.388142 0.239779
0.388092 0.274245
0.388045 0.309135
0.388013 0.343859
0.387935 0.378568
0.387712 0.413336
0.386909 0.448523
0.380349 0.476473
0.603982 0.013395
0.602515 0.049421
0.601972 0.084013
0.602089 0.118566
0.601915 0.153301
0.602112 0.187515
0.601997 0.222532
0.601925 0.257214
0.601857 0.292047
0.601901 0.326749
0.601955 0.361273
0.602005 0.395795
0.602653 0.430407
0.604253 0.466344
0.611161 0.001934
0.602804 0.031201
0.601872 0.066382
0.601751 0.101361
0.601765 0.136183
0.601766 0.170807
0.601884 0.205165
0.601790 0.239864
0.601636 0.274465
0.601746 0.309271
0.601800 0.343722
0.601852 0.378596
0.601880 0.413443
0.602965 0.448489
0.611598 0.477949
0.612601 0.009115
0.611737 0.048665
0.611518 0.083904
0.611563 0.118679
0.611571 0.153444
0.611656 0.187999
0.611474 0.222483
0.611380 0.257189
0.611562 0.292007
0.611423 0.326447
0.611673 0.361125
0.611744 0.395913
0.611781 0.431090
0.613195 0.470859
0.629373 0.000567
0.625882 0.031198
0.625578 0.066287
0.625455 0.101193
0.625573 0.136138
0.625677 0.170723
0.625560 0.205290
0.625303 0.239871
0.625434 0.274477
0.625633 0.309415
0.625464 0.343698
0.625606 0.378570
0.625587 0.413549
0.626164 0.448922
0.628194 0.483757
0.638377 0.008278
0.637859 0.048510
0.637666 0.083879
0.637602 0.118593
0.637679 0.153339
0.637650 0.188052
0.637641 0.222692
0.637620 0.257239
0.637551 0.291839
0.637668 0.326587
0.637673 0.361050
0.637767 0.396071
0.638000 0.431409
0.638986 0.472110
0.649771 0.000093
0.648774 0.030904
0.648282 0.066186
0.648317 0.101283
0.648313 0.135904
0.648299 0.170544
0.648248 0.205398
0.648178 0.239994
0.648399 0.274570
0.648230 0.309130
0.648136 0.343846
0.648164 0.378437
0.648291 0.413787
0.648989 0.449696
0.649780 0.484029
0.659174 0.008104
0.658721 0.048250
0.658643 0.083837
0.658752 0.118549
0.658497 0.153207
0.658634 0.187864
0.658592 0.222634
0.658709 0.257211
0.658578 0.291836
0.658630 0.326515
0.658668 0.361147
0.658659 0.395932
0.658689 0.431962
0.659451 0.472621
0.669836 0.000863
0.669400 0.030755
0.669196 0.066122
0.669229 0.101151
0.669103 0.135987
0.669108 0.170496
0.669124 0.205207
0.669044 0.239893
0.669173 0.274603
0.668979 0.309067
0.669042 0.343849
0.669222 0.378425
0.669134 0.413864
0.669428 0.449912
0.669939 0.484719
0.679585 0.007975
0.679427 0.048264
0.679664 0.083725
0.679491 0.118585
0.679458 0.153248
0.679532 0.187922
0.679420 0.222487
0.679557 0.257188
0.679413 0.291880
0.679395 0.326476
0.679568 0.361068
0.679495 0.396079
0.679563 0.431823
0.679805 0.472854
0.689786 0.000278
0.689770 0.030730
0.689867 0.066120
0.689770 0.101316
0.689727 0.135937
0.689757 0.170700
0.689779 0.205195
0.689714 0.239860
0.689718 0.274479
0.689605 0.309166
0.689734 0.343744
0.689650 0.378610
0.689859 0.413647
0.689724 0.450092
0.690058 0.484888
0.699820 0.007687
0.699739 0.048222
0.699992 0.083960
0.699856 0.118668
0.699849 0.153399
0.699791 0.187994
0.699785 0.222678
0.699900 0.257045
0.699894 0.291780
0.699882 0.326553
0.699823 0.361160
0.699818 0.395878
0.699894 0.431975
0.699919 0.472786
0.710006 0.000865
0.709842 0.030696
0.709850 0.066175
0.709976 0.101306
0.709841 0.135964
0.710020 0.170649
0.709838 0.205305
0.709930 0.239924
0.709849 0.274348
0.709937 0.309151
0.710042 0.343856
0.709948 0.378435
0.709846 0.413742
0.709998 0.450135
0.709875 0.485170
0.719938 0.008042
0.719908 0.048282
0.720007 0.083805
0.719931 0.118647
0.719915 0.153059
0.719829 0.187902
0.719905 0.222605
0.720042 0.257101
0.719917 0.291821
0.720000 0.326432
0.719982 0.361089
0.719953 0.396089
0.719822 0.431780
0.720092 0.472929
0.729814 0.000941
0.729932 0.030707
0.729870 0.066068
0.729918 0.101217
0.730047 0.135961
0.729961 0.170500
0.730025 0.205181
0.729970 0.239892
0.729787 0.274577
0.730020 0.309147
0.729941 0.343738
0.730056 0.378458
0.729990 0.413857
0.730105 0.449922
0.729813 0.485036
0.739987 0.007718
0.739935 0.048251
0.739975 0.083724
0.739916 0.118742
0.740021 0.153196
0.740019 0.187959
0.740091 0.222629
0.740022 0.257311
0.739982 0.291874
0.739851 0.326492
0.740043 0.361159
0.739905 0.395975
0.739979 0.431995
0.739995 0.473065
0.750208 0.000826
0.749917 0.030760
0.749950 0.066070
0.750026 0.101226
0.750111 0.136159
0.749944 0.170611
0.750215 0.205298
0.750097 0.239999
0.749953 0.274601
0.750073 0.309257
0.749883 0.343926
0.749986 0.378644
0.749810 0.413797
0.750151 0.450075
0.749974 0.484970
0.759778 0.007931
0.760090 0.048239
0.760082 0.083710
0.759911 0.118674
0.760089 0.153540
0.760142 0.187932
0.760133 0.222664
0.759922 0.257326
0.759990 0.291747
0.759873 0.326750
0.760135 0.361233
0.759866 0.395972
0.760039 0.431764
0.759993 0.472795
0.770000 0.000220
0.770069 0.030549
0.770037 0.066170
0.770145 0.101275
0.769779 0.135982
0.770118 0.170760
0.770143 0.205237
0.770013 0.239972
0.770026 0.274479
0.769943 0.309288
0.769972 0.343871
0.770013 0.378476
0.769955 0.413808
0.770048 0.449995
0.769936 0.485130
0.779877 0.007737
0.780005 0.048266
0.780106 0.083765
0.779822 0.118640
0.779961 0.153217
0.780130 0.187770
0.779952 0.222663
0.779817 0.257100
0.779962 0.291882
0.779942 0.326566
0.780166 0.361145
0.780004 0.395955
0.779910 0.432158
0.780023 0.472857
0.789920 0.000475
0.790050 0.030610
0.790088 0.066055
0.790042 0.101234
0.789999 0.135936
0.790051 0.170596
0.789916 0.205210
0.790014 0.239908
0.789847 0.274456
0.790003 0.309280
0.789956 0.343824
0.790013 0.378525
0.790076 0.413986
0.790027 0.450139
0.789653 0.485199
0.800049 0.007882
0.800167 0.048210
0.800008 0.083781
0.799957 0.118645
0.800029 0.153443
0.800009 0.187913
0.799925 0.222459
0.799913 0.257211
0.799971 0.291797
0.799939 0.326465
0.799907 0.361239
0.800137 0.395900
0.800051 0.431973
0.800066 0.473037
0.809797 0.000106
0.810133 0.030734
0.810072 0.066090
0.809969 0.101367
0.810126 0.136111
0.809983 0.170646
0.810099 0.205237
0.810062 0.239920
0.809972 0.274433
0.810011 0.309216
0.809914 0.343896
0.810000 0.378324
0.810188 0.413762
0.809959 0.449889
0.809869 0.485139
0.820148 0.007846
0.820111 0.048227
0.820043 0.083751
0.820074 0.118662
0.820047 0.153451
0.819893 0.187859
0.819960 0.222623
0.820107 0.257226
0.820061 0.291853
0.820028 0.326572
0.819940 0.361151
0.820127 0.395991
0.820128 0.431806
0.819984 0.472833
0.829961 0.000702
0.829899 0.030690
0.829941 0.066158
0.829935 0.101305
0.830057 0.135872
0.830091 0.170668
0.830017 0.205316
0.830131 0.240006
0.830049 0.274415
0.830045 0.309423
0.830048 0.343829
0.829889 0.378571
0.830199 0.413876
0.829958 0.450012
0.829939 0.485056
0.839966 0.007916
0.839961 0.048288
0.840009 0.083834
0.840077 0.118637
0.839959 0.153124
0.839867 0.188044
0.840008 0.222589
0.840129 0.257141
0.840021 0.292005
0.840042 0.326378
0.839989 0.361294
0.840004 0.396077
0.840073 0.432030
0.840084 0.472959
0.849754 0.000234
0.849935 0.030634
0.849967 0.066270
0.849781 0.101339
0.850077 0.135865
0.850138 0.170796
0.850055 0.205137
0.850145 0.239943
0.849978 0.274410
0.850072 0.309186
0.849934 0.343675
0.850039 0.378608
0.850036 0.413968
0.849979 0.449994
0.850180 0.485049
0.860079 0.007853
0.860024 0.048247
0.859996 0.083768
0.860031 0.118672
0.860094 0.153287
0.860034 0.187862
0.860059 0.222557
0.859989 0.257164
0.860085 0.291777
0.859841 0.326460
0.860044 0.361163
0.860036 0.395912
0.860162 0.431796
0.860064 0.472942
0.869911 0.000361
0.870175 0.030604
0.869912 0.066170
0.869930 0.101309
0.870094 0.136050
0.870258 0.170527
0.870016 0.205221
0.870069 0.240052
0.870000 0.274460
0.870052 0.309189
0.870032 0.343896
0.870134 0.378537
0.869959 0.413794
0.869843 0.449841
0.869730 0.485099
0.880126 0.007766
0.880020 0.048234
0.880036 0.083840
0.880159 0.118733
0.880020 0.153298
0.880154 0.187905
0.880079 0.222766
0.880076 0.257302
0.880053 0.291842
0.879959 0.326487
0.879966 0.361430
0.880133 0.396054
0.880012 0.431888
0.880003 0.473068
0.890111 0.000440
0.890173 0.030649
0.889936 0.066144
0.890222 0.101246
0.890199 0.136058
0.890218 0.170571
0.890113 0.205355
0.890211 0.239993
0.890199 0.274510
0.890089 0.309059
0.889978 0.343978
0.890252 0.378474
0.889992 0.413826
0.890013 0.450101
0.890193 0.485012
0.900158 0.007796
0.900180 0.048303
0.900337 0.083758
0.900180 0.118550
0.900185 0.153229
0.900376 0.188004
0.900309 0.222672
0.900336 0.257041
0.900241 0.291843
0.900139 0.326356
0.900285 0.361125
0.900336 0.396030
0.900076 0.431906
0.900166 0.472887
0.910210 0.000725
0.910286 0.030605
0.910531 0.066206
0.910610 0.101253
0.910721 0.135986
0.910512 0.170601
0.910358 0.205361
0.910652 0.239856
0.910451 0.274535
0.910489 0.309039
0.910484 0.343916
0.910638 0.378376
0.910588 0.413914
0.910440 0.450094
0.910199 0.484843
0.920572 0.007912
0.920677 0.048182
0.920999 0.083805
0.920855 0.118671
0.921056 0.153383
0.920878 0.188037
0.920991 0.222587
0.920977 0.257248
0.920971 0.291882
0.920822 0.326504
0.920901 0.361148
0.920857 0.396054
0.920733 0.431939
0.920574 0.472762
0.930275 0.000870
0.931055 0.030859
0.931306 0.066122
0.931341 0.101324
0.931518 0.136070
0.931489 0.170712
0.931393 0.205244
0.931518 0.239938
0.931305 0.274549
0.931480 0.309309
0.931316 0.343814
0.931372 0.378484
0.931453 0.413667
0.931002 0.449868
0.930433 0.484391
0.941121 0.008222
0.941699 0.048361
0.941681 0.083932
0.941692 0.118694
0.941936 0.153261
0.941832 0.187916
0.941877 0.222710
0.941916 0.257241
0.941923 0.291713
0.941908 0.326584
0.941698 0.361161
0.941709 0.395915
0.941464 0.431682
0.940826 0.472436
0.950295 0.000329
0.951766 0.031094
0.952111 0.066170
0.952334 0.101283
0.952414 0.136008
0.952535 0.170559
0.952451 0.205214
0.952590 0.239920
0.952390 0.274574
0.952299 0.309199
0.952389 0.343798
0.952412 0.378544
0.952230 0.413684
0.951624 0.449296
0.950455 0.483642
0.963367 0.008946
0.964388 0.048698
0.964324 0.083839
0.964495 0.118640
0.964403 0.153306
0.964466 0.187829
0.964471 0.222694
0.964402 0.257320
0.964636 0.291961
0.964425 0.326498
0.964392 0.361044
0.964359 0.395900
0.964396 0.431180
0.962883 0.471563
0.972433 0.001037
0.978035 0.031759
0.978214 0.066485
0.978396 0.101168
0.978530 0.136003
0.978558 0.170505
0.978375 0.205291
0.978645 0.240099
0.978359 0.274524
0.978428 0.309329
0.978590 0.343760
0.978396 0.378419
0.978361 0.413337
0.977911 0.448507
0.974507 0.483377
0.988511 0.009863
0.987500 0.049241
0.988305 0.083881
0.988169 0.118555
0.987997 0.153197
0.988345 0.187851
0.988263 0.222574
0.988165 0.257379
0.988314 0.291920
0.988162 0.326349
0.988100 0.361134
0.988145 0.395789
0.987443 0.430731
0.987849 0.470029
0.980878 0.003656
0.987199 0.031520
0.987975 0.066424
0.988030 0.101227
0.988116 0.136005
0.988120 0.171039
0.988170 0.205150
0.988153 0.239789
0.988140 0.274517
0.988062 0.309038
0.988179 0.343789
0.987913 0.378464
0.987795 0.413388
0.987028 0.448308
0.980250 0.476226
