0.000959 0.025566
0.000479 0.063958
0.000144 0.094459
0.000157 0.126432
0.000976 0.137224
0.004642 0.410247
0.000649 0.182914
0.000683 0.194490
0.000098 0.341824
0.067552 0.308135
0.000831 0.368222
0.054102 0.295777
0.043304 0.313322
0.089280 0.308451
0.000940 0.016092
0.000535 0.044217
0.000328 0.073940
0.025597 0.068008
0.017791 0.259284
0.000435 0.206827
0.000460 0.171356
0.000833 0.300658
0.000105 0.244503
0.000335 0.258694
0.000970 0.358981
0.023061 0.349079
0.058821 0.344169
0.101915 0.273270
0.126186 0.263514
0.000612 0.001041
0.000170 0.054058
0.000504 0.084142
0.000143 0.104996
0.000796 0.115631
0.000457 0.219266
0.000217 0.159843
0.000842 0.314219
0.000197 0.232155
0.046281 0.330136
0.010820 0.408369
0.077205 0.291751
0.121160 0.283155
0.004838 0.380502
0.000424 0.000595
0.024766 0.031861
0.025967 0.050211
0.025204 0.103984
0.022833 0.207306
0.059132 0.219513
0.027597 0.190421
0.000789 0.273636
0.057903 0.278804
0.039271 0.271463
0.035648 0.291841
0.053987 0.385809
0.037278 0.366499
0.039343 0.349232
0.068782 0.325924
0.012247 0.000532
0.041085 0.041275
0.000434 0.034761
0.026385 0.086544
0.000428 0.148371
0.031199 0.246738
0.037340 0.217842
0.045390 0.236159
0.021400 0.308888
0.066310 0.239254
0.022538 0.325713
0.119501 0.214663
0.079194 0.272191
0.065032 0.366584
0.030122 0.000766
0.021621 0.000154
0.043929 0.059019
0.042079 0.075919
0.021939 0.230206
0.023384 0.151762
0.044950 0.183002
0.046253 0.201966
0.049387 0.255634
0.079169 0.224281
0.089039 0.203930
0.068020 0.257041
0.000729 0.328596
0.002349 0.397864
0.111637 0.304104
0.038519 0.000632
0.055812 0.027240
0.043723 0.094451
0.048154 0.128711
0.038828 0.163859
0.033913 0.140307
0.063253 0.188614
0.123156 0.180693
0.020863 0.282009
0.070232 0.204498
0.000242 0.287249
0.091688 0.257996
0.088582 0.241402
0.098356 0.290317
0.047106 0.000752
0.037609 0.025623
0.071701 0.026483
0.060569 0.043695
0.037870 0.113606
0.057776 0.108821
0.023722 0.172830
0.059812 0.168670
0.104217 0.182488
0.083485 0.184953
0.098322 0.222627
0.163115 0.211206
0.132430 0.226204
0.180855 0.241863
0.088279 0.327820
0.055796 0.000242
0.084790 0.032448
0.077148 0.048827
0.059484 0.081161
0.069234 0.095259
0.024155 0.125693
0.065626 0.127609
0.051364 0.149510
0.159351 0.172632
0.106300 0.200939
0.127688 0.197797
0.150091 0.228739
0.111021 0.234832
0.167731 0.231742
0.064450 0.000395
0.073104 0.000038
0.098483 0.026946
0.087587 0.062300
0.063110 0.062458
0.077468 0.076188
0.083979 0.131810
0.078301 0.112376
0.076945 0.167914
0.144332 0.186877
0.182607 0.219066
0.144430 0.207575
0.150708 0.247729
0.131090 0.245748
0.076722 0.346246
0.081675 0.000273
0.113963 0.027358
0.116294 0.043187
0.108525 0.062384
0.097783 0.077678
0.088143 0.094414
0.068295 0.147043
0.086681 0.151004
0.098272 0.167692
0.149144 0.151580
0.162693 0.192892
0.177728 0.179725
0.198588 0.236389
0.109874 0.321039
0.090237 0.000148
0.107415 0.000261
0.130307 0.027060
0.098415 0.046312
0.117957 0.079416
0.106727 0.094987
0.096347 0.113065
0.101277 0.133615
0.107729 0.150058
0.121327 0.161670
0.171265 0.158618
0.181506 0.199923
0.218326 0.266700
0.145017 0.267253
0.046269 0.382899
0.098805 0.001067
0.135244 0.043317
0.126347 0.060412
0.135557 0.076868
0.143335 0.094368
0.126175 0.097318
0.113937 0.113499
0.120289 0.131725
0.131064 0.145578
0.140168 0.167818
0.198742 0.179367
0.215744 0.225932
0.205231 0.253295
0.111506 0.252769
0.116012 0.000370
0.141771 0.000354
0.146658 0.026813
0.145984 0.059982
0.154236 0.077239
0.162831 0.094180
0.132815 0.116285
0.164063 0.123292
0.163299 0.141221
0.183490 0.142933
0.189755 0.163019
0.200237 0.195760
0.223272 0.244474
0.199116 0.274403
0.138759 0.285198
0.124636 0.000525
0.153775 0.042200
0.164293 0.058516
0.172440 0.075050
0.191545 0.072865
0.151093 0.110802
0.144275 0.130828
0.184451 0.125908
0.211064 0.164939
0.220377 0.184609
0.218812 0.203938
0.200648 0.214945
0.197457 0.297096
0.182417 0.298509
0.133200 0.000250
0.175993 0.000680
0.163689 0.026253
0.182610 0.057078
0.181820 0.090959
0.174976 0.108538
0.204104 0.128646
0.201922 0.147590
0.236662 0.200482
0.229143 0.168535
0.232887 0.221576
0.237957 0.257437
0.147387 0.323078
0.164272 0.259590
0.150215 0.299621
0.150324 0.001100
0.172657 0.040428
0.202077 0.056115
0.199838 0.091812
0.194467 0.109362
0.223243 0.128847
0.220303 0.146503
0.249223 0.164749
0.242256 0.183464
0.242936 0.238138
0.254951 0.273777
0.185732 0.259515
0.100537 0.364921
0.072424 0.380526
0.158906 0.000603
0.182280 0.025618
0.191388 0.039991
0.210551 0.039489
0.217267 0.093766
0.213010 0.111307
0.237955 0.150156
0.268920 0.162142
0.263057 0.180271
0.256901 0.198455
0.257559 0.254191
0.236158 0.277476
0.214972 0.287875
0.179129 0.277513
0.084749 0.368171
0.167429 0.000729
0.228982 0.040773
0.209262 0.073976
0.244694 0.076928
0.226974 0.076083
0.232408 0.112978
0.276164 0.197190
0.282427 0.178884
0.250528 0.217004
0.248975 0.293081
0.229329 0.296292
0.230957 0.318964
0.208872 0.311678
0.110478 0.362059
0.184498 0.000129
0.200899 0.025673
0.246800 0.041230
0.220569 0.058067
0.253388 0.095345
0.235262 0.094649
0.257082 0.146246
0.288416 0.160843
0.262692 0.234759
0.313644 0.262554
0.301521 0.235050
0.174315 0.319788
0.218361 0.327203
0.145605 0.345600
0.117760 0.350888
0.193026 0.000067
0.219858 0.025576
0.263506 0.041922
0.262987 0.077559
0.250296 0.113381
0.242319 0.131247
0.277007 0.144083
0.306269 0.215082
0.294537 0.253931
0.275353 0.257964
0.275779 0.275439
0.257185 0.329925
0.161759 0.278511
0.165633 0.302417
0.201514 0.000272
0.252340 0.001163
0.237472 0.025922
0.238482 0.059105
0.271318 0.094862
0.269220 0.113405
0.262836 0.129661
0.285027 0.126937
0.313473 0.196895
0.270146 0.216025
0.309216 0.288469
0.271536 0.295467
0.258082 0.308900
0.160379 0.336553
0.099415 0.341350
0.210022 0.000633
0.255048 0.025772
0.280602 0.042703
0.281586 0.076875
0.291128 0.091120
0.286838 0.108862
0.306910 0.162355
0.294137 0.199328
0.330004 0.207375
0.287445 0.218986
0.323150 0.278537
0.284354 0.315658
0.301033 0.322250
0.129872 0.305141
0.218508 0.000183
0.286004 0.000585
0.272624 0.026460
0.256366 0.060360
0.302771 0.075087
0.303979 0.108280
0.296144 0.143318
0.314519 0.143642
0.300498 0.180505
0.353438 0.186384
0.336318 0.241964
0.280834 0.237988
0.306558 0.307202
0.338562 0.312232
0.245700 0.327111
0.226986 0.000826
0.289330 0.026254
0.293300 0.060966
0.274467 0.060420
0.320954 0.111198
0.304909 0.126441
0.325590 0.128358
0.325829 0.159577
0.319673 0.178546
0.365530 0.218445
0.295770 0.272742
0.355070 0.256705
0.128287 0.325343
0.269828 0.324154
0.235440 0.000264
0.311170 0.000266
0.297270 0.043174
0.322658 0.076556
0.311173 0.091270
0.339048 0.111434
0.357969 0.111508
0.335514 0.143372
0.334558 0.189966
0.380653 0.136926
0.349251 0.206165
0.321995 0.224885
0.316854 0.243838
0.191157 0.333545
0.314245 0.324293
0.243905 0.000756
0.305674 0.026225
0.332305 0.061281
0.330169 0.094582
0.340889 0.078961
0.350152 0.094876
0.371605 0.121124
0.349039 0.154141
0.368601 0.153823
0.340018 0.171017
0.334957 0.259953
0.352902 0.293236
0.134626 0.347560
0.288522 0.293424
0.260787 0.000405
0.336205 0.000503
0.313471 0.060196
0.349694 0.061737
0.359583 0.078202
0.368949 0.094995
0.382185 0.104434
0.346715 0.127832
0.360517 0.136964
0.361033 0.169870
0.374501 0.182149
0.374567 0.254702
0.384616 0.219675
0.477791 0.341605
0.374517 0.237065
0.269191 0.000404
0.313922 0.042399
0.330773 0.043163
0.385550 0.059061
0.377375 0.076649
0.390105 0.087482
0.415724 0.134447
0.391373 0.118774
0.397974 0.136606
0.384843 0.156822
0.342811 0.223908
0.378895 0.329209
0.824632 0.345413
0.203642 0.331045
0.277596 0.000836
0.361213 0.000046
0.367595 0.061073
0.347045 0.042738
0.380057 0.041796
0.410558 0.082756
0.402049 0.100044
0.437849 0.098996
0.432216 0.134307
0.402629 0.153935
0.389399 0.173497
0.398013 0.189313
0.386029 0.202175
0.368282 0.199312
0.408219 0.330613
0.294405 0.000903
0.322297 0.026477
0.354466 0.026449
0.397383 0.040543
0.397719 0.070752
0.419807 0.099231
0.408873 0.117382
0.420117 0.153276
0.437667 0.153668
0.408477 0.171560
0.407971 0.205454
0.425608 0.220883
0.177139 0.335667
0.392040 0.329707
0.302802 0.000662
0.338516 0.026114
0.386410 0.025863
0.405678 0.054724
0.428813 0.082505
0.468643 0.092946
0.443997 0.117379
0.426738 0.115834
0.456224 0.103545
0.417775 0.188495
0.466119 0.206851
0.448158 0.204466
0.415393 0.236762
0.394204 0.238349
0.356059 0.236962
0.319526 0.001011
0.363465 0.043842
0.403156 0.026133
0.418494 0.041662
0.438914 0.041412
0.439574 0.069874
0.476331 0.111378
0.464780 0.138502
0.445950 0.170812
0.427066 0.170903
0.437458 0.187677
0.404343 0.273210
0.361328 0.330805
0.343636 0.276694
0.327871 0.000352
0.402667 0.000223
0.370023 0.026240
0.418654 0.026498
0.417908 0.066202
0.459696 0.074189
0.449243 0.086200
0.461799 0.120857
0.448292 0.137015
0.456546 0.186905
0.475349 0.152655
0.394113 0.256768
0.413505 0.253975
0.351860 0.327561
0.421130 0.333307
0.344557 0.000752
0.456635 0.040751
0.430428 0.055646
0.468735 0.059103
0.493350 0.080644
0.493644 0.117037
0.467589 0.171026
0.456635 0.156277
0.507070 0.311461
0.404185 0.221375
0.428694 0.204462
0.435326 0.239779
0.413372 0.311054
0.329554 0.323325
0.352879 0.000640
0.410945 0.000972
0.476884 0.000233
0.465357 0.025236
0.433530 0.026234
0.509011 0.082410
0.485609 0.096520
0.501527 0.101543
0.485182 0.168376
0.480592 0.129662
0.430425 0.292998
0.453920 0.240884
0.364335 0.273543
0.392630 0.291707
0.468672 0.267485
0.369513 0.000949
0.460372 0.000898
0.449108 0.025670
0.451182 0.057560
0.527165 0.129483
0.543276 0.142821
0.502915 0.132262
0.501418 0.156990
0.473984 0.189063
0.383838 0.274599
0.332143 0.295829
0.805299 0.342950
0.547289 0.349963
0.412046 0.291654
0.377804 0.000125
0.452158 0.000732
0.485102 0.000313
0.503278 0.042997
0.532482 0.042753
0.548616 0.190031
0.530570 0.175378
0.531592 0.153341
0.592862 0.264949
0.434602 0.311938
0.604003 0.350164
0.955199 0.197348
0.526089 0.276754
0.447082 0.336385
0.372552 0.293566
0.419182 0.000604
0.468613 0.000004
0.607139 0.041811
0.476867 0.077218
0.485208 0.061526
0.518575 0.207196
0.517057 0.164495
0.490816 0.144403
0.513887 0.226190
0.444965 0.222287
0.519339 0.345633
0.390291 0.310968
0.490745 0.321360
0.366018 0.310382
0.394397 0.000897
0.435695 0.000746
0.509908 0.000851
0.480890 0.025380
0.607990 0.220822
0.525557 0.084198
0.670991 0.348322
0.501407 0.176743
0.450783 0.299328
0.482963 0.211617
0.853721 0.219979
0.719428 0.360883
0.808539 0.368633
0.435782 0.335543
0.694665 0.354934
0.534668 0.000332
0.501625 0.000127
0.427439 0.000276
0.021356 0.381480
0.500325 0.062191
0.513772 0.118270
0.433039 0.257631
0.593740 0.310227
0.502595 0.243612
0.817788 0.367965
0.821991 0.228556
0.512825 0.289782
0.854785 0.366754
0.492157 0.342080
0.600763 0.000083
0.551129 0.000574
0.386108 0.000746
0.493358 0.000460
0.539776 0.026067
0.488173 0.042724
0.517762 0.099672
0.557816 0.158057
0.496631 0.224159
0.975731 0.327227
0.425105 0.273686
0.466746 0.338132
0.506111 0.344304
0.455598 0.319003
0.589891 0.350627
0.592454 0.000784
0.518166 0.000430
0.443909 0.000937
0.510662 0.025444
0.472655 0.041913
0.861197 0.203638
0.794205 0.367885
0.644483 0.352322
0.878750 0.345351
0.536215 0.321867
0.915115 0.339812
0.534120 0.347748
0.519096 0.323915
0.537363 0.261371
0.617445 0.000797
0.567596 0.000347
0.517828 0.044184
0.526437 0.000132
0.514675 0.064356
0.528678 0.064050
0.542962 0.064680
0.516447 0.143173
0.545917 0.168461
0.489695 0.190205
0.481181 0.233372
0.445853 0.279376
0.488787 0.254142
0.464752 0.286028
0.575792 0.349148
0.634043 0.000971
0.542918 0.000674
0.553697 0.027123
0.525093 0.025471
0.495889 0.025616
0.540468 0.084128
0.558378 0.136547
0.573069 0.149823
0.562590 0.182280
0.514553 0.187785
0.473324 0.313926
0.525128 0.242720
0.485231 0.274444
0.561764 0.350005
0.642443 0.001210
0.559361 0.000313
0.582083 0.026173
0.576604 0.043346
0.561292 0.046271
0.542673 0.122988
0.572321 0.127377
0.574147 0.170072
0.561184 0.207612
0.500897 0.203698
0.555756 0.261019
0.632345 0.350594
0.470528 0.247997
0.502882 0.270670
0.859468 0.368385
0.659188 0.000668
0.613321 0.025663
0.597130 0.026062
0.567365 0.026435
0.546680 0.046185
0.557338 0.068566
0.531389 0.108293
0.557818 0.115185
0.575160 0.199168
0.544435 0.211980
0.561656 0.305769
0.532092 0.223340
0.515481 0.258731
0.450829 0.261352
0.667535 0.000358
0.575907 0.000803
0.629457 0.026755
0.571260 0.062591
0.586256 0.064663
0.575086 0.082201
0.545886 0.100967
0.566974 0.100635
0.586866 0.138724
0.573210 0.226660
0.555967 0.228922
0.544033 0.241844
0.757072 0.367592
0.732066 0.357719
0.682679 0.354366
0.684253 0.000227
0.584169 0.000408
0.609119 0.000742
0.591965 0.044439
0.557727 0.086134
0.593519 0.082169
0.581208 0.113696
0.586479 0.216953
0.595685 0.202743
0.584843 0.245889
0.532416 0.195289
0.554539 0.329471
0.528443 0.300216
0.479309 0.297381
0.692666 0.000020
0.625777 0.000568
0.645890 0.026402
0.625006 0.081578
0.601515 0.062685
0.586066 0.097489
0.596675 0.123609
0.585627 0.184356
0.608491 0.160992
0.619311 0.178317
0.545436 0.281051
0.623364 0.212483
0.562775 0.282695
0.574824 0.268480
0.769929 0.370351
0.709512 0.000597
0.639068 0.042751
0.633458 0.099208
0.622660 0.043742
0.616448 0.063225
0.609019 0.083050
0.601512 0.104884
0.600767 0.177461
0.617677 0.238402
0.610135 0.196254
0.621244 0.267156
0.892462 0.325498
0.464249 0.224534
0.855072 0.315064
0.717909 0.000575
0.650791 0.000051
0.663264 0.026347
0.632009 0.062179
0.616621 0.101054
0.612872 0.123515
0.589306 0.160160
0.620096 0.141727
0.626635 0.159771
0.632844 0.245414
0.597707 0.235286
0.572939 0.324447
0.545199 0.302940
0.567577 0.247712
0.616097 0.348234
0.726382 0.000880
0.680430 0.026993
0.655990 0.042038
0.648582 0.060975
0.641786 0.079872
0.602976 0.143883
0.636102 0.135625
0.637836 0.176404
0.629105 0.194323
0.608139 0.255069
0.729787 0.333055
0.656777 0.350784
0.746951 0.363180
0.495968 0.294006
0.743268 0.000118
0.675878 0.000409
0.689602 0.043896
0.672302 0.042601
0.665806 0.061508
0.658003 0.079146
0.627663 0.118427
0.642506 0.152967
0.634543 0.224460
0.638708 0.264103
0.646278 0.306690
0.641608 0.286431
0.612873 0.326199
0.865370 0.332923
0.842854 0.330933
0.751751 0.000198
0.696526 0.026990
0.682651 0.062257
0.691700 0.081416
0.674791 0.080807
0.650604 0.098584
0.644602 0.116809
0.650662 0.221486
0.650187 0.244251
0.623814 0.287740
0.605969 0.280807
0.590985 0.329147
0.693553 0.327785
0.893464 0.304801
0.760264 0.000661
0.701049 0.000253
0.712868 0.027075
0.699149 0.062608
0.686143 0.099594
0.667597 0.098191
0.654169 0.135220
0.653439 0.166441
0.644385 0.201796
0.665038 0.233076
0.588713 0.286466
0.664686 0.311590
0.577993 0.299687
0.766354 0.336172
0.942929 0.302142
0.768734 0.000143
0.729053 0.027389
0.707157 0.043683
0.707796 0.082806
0.661742 0.117620
0.674522 0.134875
0.663683 0.149889
0.662409 0.205545
0.655482 0.270591
0.676056 0.279426
0.674952 0.326546
0.627391 0.308244
0.949559 0.332408
0.708296 0.359488
0.777266 0.000142
0.734802 0.000368
0.744708 0.027423
0.724257 0.079863
0.678617 0.116378
0.692544 0.137691
0.681825 0.154389
0.654268 0.185602
0.665473 0.255588
0.632260 0.328202
0.682529 0.260910
0.698436 0.309811
0.693266 0.286811
0.835006 0.363475
0.710819 0.333003
0.794314 0.000418
0.740988 0.045234
0.724388 0.044531
0.703766 0.102271
0.695712 0.120041
0.697837 0.160404
0.670866 0.170074
0.672298 0.190110
0.661042 0.289909
0.751054 0.320151
0.727408 0.289149
0.609110 0.303342
0.717244 0.315674
0.650740 0.326431
0.802889 0.000297
0.760493 0.027877
0.715943 0.062303
0.737621 0.090094
0.712109 0.122502
0.708137 0.144806
0.713970 0.166785
0.686937 0.177867
0.675993 0.217201
0.692197 0.220845
0.680777 0.303568
0.710529 0.291648
0.818734 0.327725
0.810174 0.307602
0.750276 0.337880
0.811494 0.000885
0.767457 0.063613
0.750426 0.063647
0.720137 0.100854
0.724143 0.137984
0.728155 0.154844
0.731989 0.174231
0.687639 0.199984
0.724364 0.231991
0.740380 0.275158
0.765908 0.310740
0.734940 0.310979
0.783143 0.340978
0.781060 0.360266
0.828755 0.000248
0.785784 0.000416
0.758444 0.044804
0.733883 0.064909
0.752146 0.080495
0.728988 0.117006
0.740758 0.131868
0.702496 0.182894
0.708160 0.224429
0.681299 0.239084
0.697710 0.244893
0.753013 0.262332
0.762419 0.287517
0.875061 0.292057
0.957233 0.335825
0.837421 0.000276
0.777107 0.027241
0.776053 0.043121
0.769013 0.086369
0.759173 0.101371
0.742683 0.106407
0.719608 0.187804
0.735455 0.196779
0.704948 0.202527
0.739170 0.242059
0.715768 0.270490
0.730825 0.257907
0.850875 0.346992
0.796511 0.327129
0.846100 0.000030
0.820120 0.001046
0.793244 0.027660
0.787306 0.056432
0.781591 0.073695
0.775353 0.108456
0.755863 0.121096
0.755591 0.141888
0.744566 0.155671
0.699505 0.267387
0.714013 0.247919
0.746548 0.293590
0.795748 0.298289
0.910201 0.277183
0.901304 0.346819
0.863527 0.000717
0.811301 0.026732
0.798775 0.041724
0.798854 0.074440
0.786490 0.093437
0.805280 0.092641
0.770904 0.129697
0.762046 0.164807
0.721944 0.210084
0.738154 0.218032
0.754168 0.220443
0.756630 0.241965
0.782845 0.314887
0.779405 0.292590
0.872297 0.000864
0.854806 0.000318
0.830266 0.026645
0.818714 0.041002
0.807539 0.058201
0.826348 0.058979
0.796874 0.109453
0.786212 0.124673
0.772753 0.150060
0.748681 0.177418
0.751568 0.198028
0.770965 0.229589
0.772345 0.251189
0.770709 0.269930
0.854188 0.297371
0.889892 0.000061
0.865738 0.027039
0.848398 0.027112
0.837444 0.041976
0.817225 0.076305
0.822605 0.095514
0.813312 0.114074
0.789163 0.146325
0.779121 0.169123
0.765428 0.185145
0.767267 0.208073
0.789454 0.251485
0.804935 0.264326
0.927060 0.319551
0.898644 0.000569
0.881109 0.000212
0.883077 0.027065
0.855756 0.043090
0.844866 0.060696
0.834843 0.077507
0.852181 0.079836
0.830831 0.114766
0.802294 0.131771
0.821270 0.133011
0.781794 0.190922
0.785539 0.209100
0.819991 0.207534
0.855718 0.278727
0.956411 0.310153
0.907425 0.000396
0.916964 0.028270
0.873700 0.043185
0.881101 0.060970
0.862752 0.062130
0.870320 0.079561
0.840167 0.096422
0.849462 0.114208
0.856679 0.135262
0.796792 0.180714
0.809114 0.149600
0.787393 0.227756
0.802640 0.238803
0.789521 0.272759
0.916261 0.000370
0.925045 0.000565
0.926250 0.049041
0.900530 0.027172
0.891998 0.042751
0.887457 0.078638
0.894645 0.096522
0.860094 0.096983
0.865951 0.117662
0.839534 0.131936
0.863126 0.154785
0.797130 0.163480
0.802004 0.199882
0.927397 0.335412
0.873018 0.309946
0.933847 0.000949
0.932577 0.026885
0.909457 0.044344
0.899353 0.062798
0.923188 0.086412
0.877619 0.099395
0.883531 0.117905
0.874356 0.137469
0.887031 0.151202
0.827604 0.151324
0.836244 0.172541
0.831584 0.192109
0.815530 0.185562
0.834495 0.314941
0.942633 0.000170
0.954441 0.026890
0.941019 0.038103
0.917398 0.065469
0.906105 0.081071
0.914925 0.101927
0.893676 0.133979
0.910104 0.139941
0.908522 0.157355
0.844525 0.152859
0.888701 0.185549
0.853728 0.171328
0.817620 0.167722
0.805138 0.218726
0.894545 0.286772
0.951478 0.000812
0.942669 0.058814
0.934148 0.073144
0.939995 0.093267
0.949909 0.109853
0.900685 0.114222
0.923505 0.173282
0.895004 0.168718
0.900918 0.201211
0.915439 0.217553
0.956465 0.234419
0.868322 0.184566
0.848061 0.191033
0.975493 0.279324
0.960239 0.000860
0.970850 0.027096
0.959307 0.045130
0.953913 0.080351
0.959925 0.139622
0.931287 0.110901
0.916919 0.122862
0.875548 0.167672
0.935754 0.209811
0.908660 0.182578
0.936502 0.227313
0.837793 0.212340
0.934866 0.245246
0.931648 0.282917
0.879428 0.202749
0.968817 0.000867
0.974171 0.040766
0.960436 0.064436
0.946013 0.127641
0.957995 0.179705
0.936131 0.189439
0.941299 0.170444
0.916122 0.234045
0.895520 0.267468
0.892935 0.217093
0.973068 0.240256
0.978289 0.294659
0.824040 0.272124
0.838679 0.233357
0.977575 0.000551
0.999877 0.001352
0.974789 0.062400
0.977203 0.129421
0.930330 0.134470
0.944661 0.150555
0.955459 0.214292
0.975639 0.205159
0.979485 0.258523
0.897320 0.234554
0.999679 0.326041
0.877488 0.237848
0.906480 0.309979
0.817450 0.249520
0.889865 0.349942
0.987098 0.000225
0.974307 0.081381
0.963286 0.095741
0.975937 0.148662
0.960986 0.160940
0.927091 0.154103
0.940412 0.271141
0.855859 0.240074
0.999438 0.259022
0.923823 0.260313
0.873779 0.271620
0.953871 0.251876
0.923695 0.300825
0.825005 0.297504
0.999532 0.016490
0.999608 0.044883
0.977106 0.103717
0.966107 0.117833
0.999615 0.107004
0.999810 0.186549
0.999632 0.140319
0.999922 0.151760
0.955621 0.288496
0.999731 0.285999
0.961604 0.267273
0.871887 0.221611
0.863499 0.255426
0.998984 0.233797
0.836675 0.285944
0.999803 0.000373
0.999926 0.054927
0.999944 0.075109
0.999789 0.095978
0.999220 0.117816
0.975259 0.187144
0.974959 0.221748
0.909358 0.251673
0.999441 0.245700
0.999504 0.198356
0.999870 0.272344
0.845958 0.262461
0.808936 0.283702
0.977699 0.318251
0.999773 0.026042
0.999148 0.035251
0.999133 0.064986
0.999835 0.085503
0.977049 0.169078
0.999417 0.128950
0.999882 0.210323
0.920091 0.198639
0.999816 0.222125
0.999436 0.163298
0.999365 0.174967
0.833664 0.252792
0.885223 0.253180
0.999453 0.296556
0.999083 0.320375
