0.000319 0.025790
0.000196 0.064116
0.000453 0.094515
0.000922 0.126420
0.000424 0.137291
0.003634 0.406394
0.000366 0.183058
0.000269 0.194634
0.000882 0.340593
0.068364 0.311452
0.000796 0.367335
0.054767 0.298864
0.043991 0.315670
0.090499 0.311372
0.000308 0.016362
0.000207 0.044339
0.000704 0.074052
0.026439 0.068771
0.018592 0.261281
0.000053 0.206834
0.000590 0.171391
0.000404 0.300131
0.000430 0.244629
0.000572 0.258630
0.001486 0.358331
0.024616 0.350976
0.060112 0.346574
0.102897 0.275930
0.126597 0.266889
0.001496 0.000352
0.000395 0.054177
0.000173 0.084247
0.000083 0.105010
0.000082 0.115659
0.000094 0.219285
0.000499 0.159840
0.000306 0.313985
0.000670 0.232199
0.045950 0.332509
0.014197 0.406980
0.077464 0.295241
0.121965 0.286075
0.005755 0.378821
0.000962 0.000069
0.025495 0.032398
0.026456 0.051218
0.026176 0.104904
0.023819 0.209737
0.060316 0.221955
0.027862 0.192765
0.001000 0.273237
0.058696 0.281344
0.039694 0.273882
0.036058 0.294330
0.055226 0.388602
0.036839 0.368793
0.039677 0.351209
0.069239 0.329040
0.012278 0.000401
0.041857 0.041958
0.000176 0.034902
0.027216 0.087341
0.000958 0.148379
0.031498 0.249445
0.038231 0.220345
0.046224 0.239139
0.021879 0.310827
0.066903 0.242769
0.022677 0.327833
0.120835 0.217026
0.080321 0.275402
0.066648 0.369391
0.030190 0.000043
0.021675 0.000689
0.044907 0.059948
0.042805 0.076782
0.022424 0.232721
0.024162 0.153493
0.045435 0.185310
0.047076 0.204713
0.050280 0.258876
0.079781 0.226997
0.089917 0.206730
0.068683 0.260473
0.000460 0.327647
0.001961 0.396260
0.112618 0.307121
0.038580 0.000914
0.056861 0.027877
0.044973 0.096013
0.049000 0.130648
0.039617 0.165688
0.034435 0.141887
0.064307 0.190755
0.124980 0.183101
0.021747 0.284211
0.071214 0.207253
0.000208 0.286854
0.092394 0.260723
0.089528 0.244234
0.098457 0.293594
0.047171 0.000708
0.038332 0.026435
0.072894 0.027446
0.061945 0.044220
0.038741 0.114860
0.059269 0.110655
0.024532 0.174808
0.061104 0.171079
0.105720 0.184583
0.084862 0.187539
0.099714 0.224828
0.164610 0.213387
0.133842 0.228442
0.182375 0.244220
0.089003 0.331101
0.055846 0.000166
0.086365 0.032533
0.078896 0.049866
0.060886 0.082210
0.070857 0.096751
0.024975 0.126838
0.066943 0.129407
0.052621 0.151794
0.161464 0.174467
0.107360 0.203603
0.128931 0.200475
0.151630 0.230825
0.112426 0.237620
0.169455 0.233935
0.064488 0.000491
0.073108 0.000351
0.100262 0.027603
0.089374 0.063222
0.064132 0.063365
0.078926 0.077088
0.085371 0.133986
0.079932 0.113959
0.078391 0.170093
0.146126 0.188853
0.184150 0.221361
0.146082 0.209897
0.152027 0.249908
0.132698 0.248215
0.078100 0.349032
0.081689 0.000973
0.115670 0.027877
0.118426 0.043995
0.110626 0.063316
0.099711 0.078658
0.089745 0.095685
0.069653 0.149426
0.088423 0.153105
0.099808 0.169733
0.151011 0.153601
0.164458 0.194833
0.179648 0.181497
0.200651 0.238534
0.110699 0.324476
0.090239 0.000254
0.107387 0.000263
0.132110 0.027479
0.100256 0.046937
0.120030 0.080678
0.108651 0.096250
0.097966 0.114642
0.103101 0.135182
0.109688 0.151721
0.122839 0.163980
0.173084 0.160197
0.183420 0.201931
0.220163 0.269404
0.145959 0.269613
0.047596 0.383989
0.098793 0.000291
0.137720 0.044017
0.128565 0.061236
0.137592 0.077834
0.145516 0.095477
0.128170 0.098912
0.115715 0.114944
0.122476 0.133415
0.132895 0.147892
0.141788 0.169881
0.200340 0.181104
0.217631 0.227805
0.206989 0.255527
0.112225 0.255999
0.115984 0.000171
0.141744 0.000839
0.148530 0.027201
0.148340 0.060992
0.156507 0.078426
0.165041 0.095574
0.134804 0.117785
0.166051 0.124834
0.165000 0.142766
0.185213 0.144364
0.191698 0.164668
0.202134 0.197312
0.224595 0.246776
0.200134 0.276659
0.139907 0.287781
0.124603 0.000414
0.156170 0.042857
0.166804 0.059458
0.174951 0.076192
0.194120 0.073899
0.153193 0.112114
0.146105 0.132538
0.186810 0.126997
0.213047 0.166408
0.222204 0.186048
0.220524 0.205729
0.202407 0.216735
0.198956 0.298967
0.183638 0.301125
0.133160 0.000638
0.175930 0.000949
0.165969 0.026663
0.185176 0.058041
0.184130 0.092037
0.177061 0.109806
0.206236 0.130126
0.203666 0.148877
0.238455 0.202029
0.231017 0.169988
0.234653 0.223478
0.239920 0.259492
0.148669 0.326544
0.165645 0.261997
0.151292 0.302963
0.150266 0.000721
0.174974 0.040929
0.204790 0.057049
0.202271 0.092818
0.196826 0.110692
0.225594 0.130156
0.222461 0.147692
0.251140 0.166086
0.244201 0.184784
0.244097 0.240150
0.256203 0.276321
0.187508 0.261522
0.102072 0.367929
0.074514 0.383505
0.158854 0.000173
0.184502 0.026105
0.193786 0.040446
0.213029 0.039998
0.219921 0.094730
0.214990 0.112554
0.240191 0.151418
0.270837 0.163168
0.265355 0.181448
0.258932 0.199850
0.259041 0.256295
0.237374 0.279769
0.216228 0.290287
0.180246 0.279738
0.086009 0.370779
0.167399 0.000298
0.231338 0.041443
0.211903 0.074963
0.247418 0.077925
0.229661 0.077191
0.234362 0.114189
0.278040 0.198769
0.284471 0.179868
0.252431 0.218658
0.249700 0.295210
0.230537 0.298891
0.231739 0.321984
0.210142 0.314059
0.112257 0.365511
0.184460 0.000609
0.202934 0.026128
0.248960 0.041870
0.223292 0.058975
0.255894 0.096429
0.237965 0.095659
0.259495 0.147396
0.290610 0.161924
0.264044 0.236331
0.315034 0.263991
0.303325 0.236831
0.175264 0.322478
0.218571 0.329439
0.146851 0.349474
0.119341 0.354131
0.192992 0.000241
0.221927 0.026017
0.265757 0.042523
0.265633 0.078409
0.252338 0.114441
0.244495 0.132823
0.279454 0.145147
0.308466 0.216573
0.295888 0.255598
0.276552 0.259770
0.277081 0.277379
0.257966 0.331974
0.162947 0.281434
0.167097 0.305453
0.201487 0.000739
0.252361 0.000848
0.239617 0.026226
0.241263 0.059953
0.273740 0.095902
0.271432 0.114489
0.265307 0.130448
0.287385 0.127823
0.315220 0.198181
0.272080 0.217701
0.310368 0.289663
0.272898 0.297227
0.258821 0.311068
0.161521 0.340347
0.100383 0.344572
0.209981 0.000671
0.257297 0.026177
0.282834 0.043056
0.284172 0.077546
0.293672 0.091771
0.289151 0.109623
0.309233 0.163353
0.295850 0.200594
0.331893 0.208493
0.289590 0.220673
0.324724 0.280323
0.285996 0.318530
0.301963 0.325072
0.131056 0.308339
0.218483 0.000647
0.285986 0.000511
0.274737 0.026709
0.259257 0.060990
0.305323 0.075748
0.306437 0.109017
0.298505 0.144268
0.316602 0.144521
0.302627 0.181663
0.355250 0.187134
0.338051 0.243461
0.282431 0.239134
0.307745 0.308953
0.339721 0.314061
0.246668 0.329149
0.226955 0.000618
0.291318 0.026743
0.295968 0.061458
0.277288 0.060992
0.323424 0.111927
0.306975 0.127239
0.327652 0.129060
0.328013 0.160399
0.321712 0.179499
0.367104 0.219094
0.296959 0.274373
0.356843 0.258287
0.129524 0.328503
0.271138 0.326041
0.235434 0.000200
0.311104 0.000046
0.299758 0.043557
0.325088 0.077187
0.313693 0.091923
0.341398 0.112175
0.360402 0.111986
0.337556 0.143894
0.336407 0.190935
0.382350 0.137686
0.350860 0.206965
0.324120 0.226076
0.318568 0.245382
0.191994 0.336879
0.315850 0.326376
0.243892 0.000056
0.307661 0.026534
0.334587 0.061506
0.332535 0.095342
0.343163 0.079220
0.352257 0.095408
0.373946 0.121612
0.350748 0.154634
0.369996 0.154341
0.341982 0.171834
0.336649 0.261353
0.354283 0.295460
0.136989 0.351001
0.289707 0.295745
0.260778 0.000340
0.336188 0.000918
0.316011 0.060503
0.351931 0.061805
0.361496 0.078400
0.370732 0.095352
0.384052 0.104494
0.348786 0.128297
0.362299 0.137273
0.362966 0.170434
0.376307 0.182761
0.375942 0.256082
0.386032 0.220294
0.478660 0.343151
0.376239 0.238058
0.269191 0.000523
0.316451 0.042686
0.333198 0.043193
0.387681 0.058994
0.379152 0.076650
0.391735 0.087517
0.417084 0.134825
0.392945 0.119231
0.399719 0.137074
0.386265 0.157229
0.344804 0.225330
0.379848 0.330714
0.823569 0.349421
0.204741 0.334030
0.277565 0.000329
0.361167 0.000435
0.369791 0.061225
0.349434 0.042862
0.382482 0.041780
0.412163 0.082856
0.403489 0.100284
0.438741 0.099175
0.433508 0.134507
0.404134 0.154365
0.391171 0.173819
0.399380 0.189834
0.387826 0.202822
0.369756 0.200215
0.409070 0.332234
0.294353 0.000594
0.324322 0.026590
0.356728 0.026509
0.399683 0.040544
0.399437 0.071053
0.421096 0.099330
0.410182 0.117679
0.421780 0.153723
0.439013 0.154012
0.410132 0.172024
0.409399 0.206188
0.427054 0.221774
0.178159 0.338793
0.393286 0.331513
0.302767 0.000413
0.340719 0.026150
0.388111 0.025732
0.407527 0.054939
0.430138 0.082619
0.469311 0.093219
0.444983 0.117500
0.427784 0.116210
0.457044 0.103822
0.419129 0.188892
0.467362 0.207517
0.449448 0.205256
0.416510 0.237813
0.395595 0.239223
0.357965 0.238250
0.319486 0.000473
0.365899 0.043995
0.404553 0.025827
0.420000 0.041486
0.439754 0.041341
0.440759 0.069711
0.477017 0.112008
0.466051 0.138766
0.447343 0.171246
0.428546 0.171621
0.438770 0.188413
0.405832 0.274392
0.362385 0.332716
0.345587 0.278151
0.327828 0.000046
0.402628 0.000588
0.372017 0.026298
0.419788 0.026189
0.419505 0.066287
0.460298 0.074404
0.450066 0.086369
0.462484 0.121107
0.449446 0.137507
0.457527 0.187489
0.476242 0.153652
0.395754 0.257791
0.415324 0.255213
0.353075 0.328828
0.422143 0.334748
0.344530 0.000049
0.457012 0.040437
0.431729 0.055574
0.469099 0.059219
0.493684 0.080944
0.494203 0.117484
0.468466 0.171908
0.457748 0.156470
0.507856 0.312658
0.405812 0.222434
0.429898 0.205227
0.436766 0.240530
0.414414 0.312399
0.329553 0.325057
0.352867 0.000300
0.410863 0.001122
0.476861 0.000156
0.465629 0.024729
0.434574 0.025757
0.509255 0.082900
0.485980 0.096861
0.501767 0.101909
0.485922 0.169400
0.481351 0.130338
0.431771 0.294336
0.455035 0.241329
0.365983 0.275254
0.393907 0.293252
0.469660 0.268200
0.369484 0.000447
0.460339 0.000640
0.449689 0.025156
0.452066 0.057313
0.526970 0.130536
0.542700 0.143775
0.503416 0.132821
0.501956 0.157858
0.474972 0.189975
0.385419 0.275833
0.333124 0.297222
0.804298 0.346235
0.548193 0.351782
0.413259 0.293165
0.377759 0.000140
0.452098 0.000325
0.485102 0.000610
0.502994 0.043151
0.531960 0.042402
0.548945 0.191261
0.530807 0.177043
0.531767 0.154864
0.592992 0.266481
0.435546 0.313391
0.604792 0.352420
0.954459 0.198520
0.526954 0.278189
0.448097 0.338048
0.374152 0.294769
0.419135 0.000542
0.468585 0.000127
0.606723 0.042000
0.477286 0.077550
0.485199 0.061571
0.519587 0.208385
0.517577 0.165584
0.491477 0.145281
0.514689 0.227108
0.446326 0.222838
0.520430 0.347219
0.391631 0.312739
0.491724 0.322723
0.367054 0.312251
0.394358 0.000869
0.435611 0.000424
0.509888 0.000692
0.480870 0.025153
0.607197 0.222668
0.525732 0.084613
0.671105 0.351270
0.502186 0.177545
0.452010 0.300810
0.483985 0.212314
0.851933 0.221940
0.719629 0.365276
0.808179 0.372775
0.436534 0.337012
0.694573 0.358775
0.534700 0.000510
0.501621 0.000818
0.427389 0.000954
0.021415 0.380957
0.500048 0.062305
0.514002 0.118682
0.434364 0.258506
0.594334 0.312158
0.503409 0.244581
0.817497 0.370468
0.819681 0.230730
0.513413 0.290730
0.854874 0.369299
0.492789 0.343462
0.600857 0.000622
0.551213 0.000826
0.386066 0.000065
0.493368 0.000839
0.539284 0.025722
0.487923 0.042788
0.518189 0.100121
0.557195 0.159025
0.497506 0.224844
0.974235 0.329120
0.426470 0.275044
0.467391 0.339416
0.506641 0.345760
0.456317 0.320433
0.590620 0.352878
0.592537 0.000958
0.518167 0.000273
0.443836 0.000558
0.510061 0.025594
0.472576 0.041740
0.859105 0.205063
0.793697 0.371544
0.645199 0.355266
0.878393 0.348607
0.537071 0.323535
0.915265 0.341977
0.535002 0.349695
0.519592 0.325963
0.537710 0.262285
0.617596 0.000336
0.567676 0.000091
0.517568 0.044604
0.526479 0.000426
0.514382 0.064783
0.528290 0.064232
0.542476 0.064841
0.516529 0.144356
0.545925 0.169849
0.490942 0.191030
0.482520 0.234398
0.446931 0.280631
0.489545 0.255366
0.465617 0.287136
0.576634 0.350967
0.634188 0.000307
0.542987 0.000022
0.553220 0.027311
0.524388 0.025306
0.495564 0.025526
0.540493 0.084533
0.557831 0.137788
0.572293 0.150959
0.562560 0.183605
0.515159 0.189099
0.474418 0.315351
0.525509 0.243572
0.485846 0.275804
0.562648 0.352075
0.642612 0.000993
0.559425 0.000469
0.581748 0.026303
0.576160 0.043327
0.560794 0.046439
0.542453 0.123993
0.571762 0.128530
0.573607 0.171159
0.561372 0.209143
0.501831 0.204662
0.556254 0.263065
0.633180 0.353009
0.471452 0.248644
0.503597 0.271497
0.859533 0.369806
0.659240 0.000679
0.613027 0.025882
0.596896 0.026326
0.566863 0.026494
0.545996 0.046135
0.556891 0.068869
0.531535 0.109493
0.557602 0.116204
0.574880 0.200399
0.544803 0.213131
0.562475 0.307886
0.533003 0.225016
0.516155 0.259814
0.452167 0.262186
0.667597 0.000560
0.575956 0.001094
0.629113 0.026799
0.570663 0.062312
0.585796 0.065061
0.574428 0.082291
0.545834 0.101666
0.566483 0.101480
0.586074 0.140163
0.573291 0.228362
0.556017 0.229939
0.544751 0.243513
0.756854 0.372008
0.731637 0.361033
0.683228 0.357993
0.684322 0.000508
0.584282 0.000337
0.609224 0.000585
0.591553 0.044950
0.557549 0.086630
0.592489 0.082726
0.580635 0.114677
0.586148 0.218579
0.594766 0.204234
0.584585 0.247801
0.532969 0.196675
0.555646 0.331647
0.528928 0.302171
0.479942 0.298632
0.692719 0.000032
0.625875 0.000332
0.645508 0.026704
0.623867 0.082209
0.601022 0.063250
0.585244 0.098138
0.595674 0.124641
0.584955 0.185628
0.607649 0.162148
0.617964 0.180160
0.545903 0.282611
0.622605 0.214046
0.563180 0.284450
0.575005 0.269895
0.768646 0.373802
0.709557 0.000622
0.638393 0.043127
0.632409 0.099825
0.622104 0.044027
0.615609 0.063879
0.607999 0.084207
0.600551 0.106038
0.599901 0.178862
0.617053 0.239787
0.609274 0.198026
0.621014 0.269405
0.891954 0.329122
0.465725 0.225453
0.854278 0.318227
0.717966 0.000374
0.650838 0.000962
0.662602 0.026493
0.631168 0.062436
0.615729 0.102042
0.611912 0.124802
0.588633 0.161500
0.619157 0.143107
0.625713 0.161529
0.632279 0.247966
0.597063 0.237168
0.573947 0.326327
0.546050 0.304475
0.567418 0.248793
0.617018 0.350511
0.726453 0.000273
0.679561 0.026921
0.655115 0.042739
0.647640 0.061745
0.640541 0.080537
0.602135 0.144987
0.635164 0.136906
0.636572 0.178101
0.628117 0.195922
0.608134 0.256771
0.729236 0.336349
0.657503 0.353848
0.747072 0.367202
0.496734 0.295272
0.743361 0.000256
0.675936 0.000383
0.688276 0.043996
0.671274 0.042905
0.664832 0.062177
0.657003 0.079761
0.626583 0.119604
0.641323 0.154457
0.633454 0.227137
0.638383 0.266274
0.646246 0.308952
0.641575 0.288595
0.613658 0.328297
0.864982 0.334790
0.841784 0.333991
0.751833 0.000346
0.695576 0.026982
0.681495 0.062666
0.690737 0.081738
0.673744 0.081698
0.649527 0.099413
0.643311 0.117849
0.649419 0.223497
0.649608 0.246533
0.623843 0.289833
0.606227 0.282316
0.592134 0.331298
0.693474 0.330832
0.892336 0.308066
0.760326 0.000830
0.701104 0.000750
0.711929 0.027075
0.697933 0.063123
0.685268 0.100328
0.666648 0.099122
0.653085 0.136590
0.652116 0.168267
0.643211 0.204282
0.663874 0.235170
0.588854 0.287885
0.664649 0.314520
0.578898 0.301474
0.765405 0.339187
0.942028 0.305074
0.768813 0.000158
0.728144 0.027382
0.705565 0.043491
0.706914 0.083563
0.660326 0.118312
0.673222 0.136178
0.662356 0.151339
0.661386 0.207236
0.655287 0.273202
0.675477 0.281780
0.675182 0.329048
0.627381 0.310792
0.947787 0.335319
0.708199 0.363406
0.777321 0.000750
0.734881 0.000937
0.743795 0.027504
0.723185 0.079742
0.677222 0.117381
0.691110 0.138930
0.680144 0.155829
0.652905 0.187801
0.664993 0.257892
0.632916 0.330522
0.681809 0.263073
0.698013 0.312805
0.692719 0.289241
0.834351 0.366194
0.710577 0.336301
0.794422 0.000253
0.739808 0.044935
0.722867 0.044713
0.702795 0.102923
0.694235 0.120954
0.696042 0.161980
0.669362 0.171863
0.670872 0.191709
0.661025 0.292527
0.750316 0.323706
0.726264 0.292169
0.609500 0.305276
0.716738 0.318865
0.651101 0.328854
0.802998 0.000091
0.759502 0.027682
0.714447 0.062261
0.736582 0.090441
0.710524 0.123360
0.706305 0.146254
0.712219 0.168648
0.685481 0.179656
0.674687 0.219420
0.690916 0.223255
0.680562 0.305958
0.709703 0.294465
0.817854 0.330201
0.808989 0.311004
0.749648 0.341495
0.811579 0.000783
0.766071 0.063527
0.748929 0.063352
0.719277 0.101464
0.722249 0.139028
0.726330 0.156173
0.730012 0.175394
0.686024 0.202091
0.722850 0.234596
0.739426 0.278283
0.764989 0.313424
0.734083 0.313736
0.782645 0.344127
0.780051 0.363547
0.828822 0.001014
0.785868 0.000699
0.757503 0.044725
0.732456 0.064910
0.750832 0.080361
0.727597 0.118069
0.739157 0.132843
0.700994 0.184904
0.706511 0.226806
0.680236 0.241370
0.696425 0.247407
0.751454 0.264631
0.760933 0.289969
0.873524 0.294933
0.955407 0.336899
0.837518 0.000484
0.776128 0.027093
0.775148 0.042922
0.767547 0.086644
0.757641 0.101299
0.741124 0.106838
0.717808 0.190034
0.733405 0.198361
0.703063 0.204627
0.737419 0.244446
0.714859 0.273409
0.729565 0.260758
0.850071 0.349109
0.795590 0.330336
0.846213 0.000290
0.820228 0.000581
0.792248 0.027338
0.786113 0.056557
0.779921 0.073598
0.773756 0.108833
0.754492 0.121395
0.753877 0.142711
0.742804 0.156724
0.698790 0.269885
0.713045 0.250793
0.745425 0.296957
0.794276 0.301340
0.908900 0.279798
0.901834 0.349304
0.863611 0.000801
0.810268 0.026755
0.797565 0.041626
0.797361 0.074670
0.784947 0.093381
0.803583 0.092920
0.769230 0.130389
0.759840 0.166041
0.720050 0.212686
0.736304 0.219982
0.751984 0.222893
0.754618 0.244592
0.781650 0.318010
0.777994 0.295063
0.872388 0.000842
0.854876 0.000066
0.829393 0.026600
0.817622 0.041079
0.806161 0.058411
0.824843 0.059264
0.795108 0.109769
0.784600 0.125173
0.770730 0.151172
0.746598 0.179335
0.749866 0.200422
0.769005 0.231865
0.770558 0.253763
0.769245 0.272801
0.852719 0.299914
0.889933 0.000405
0.864606 0.027186
0.847327 0.027192
0.836073 0.042353
0.815585 0.076309
0.820708 0.096153
0.811377 0.114922
0.787219 0.147023
0.777099 0.170663
0.763452 0.186970
0.765384 0.210030
0.787839 0.254088
0.803454 0.267230
0.925656 0.322350
0.898681 0.000553
0.881145 0.000018
0.882209 0.026929
0.854515 0.043338
0.843382 0.060809
0.833223 0.077875
0.850577 0.080025
0.828991 0.114609
0.800546 0.132435
0.820187 0.133662
0.779940 0.192740
0.783790 0.211355
0.818291 0.209187
0.854380 0.281008
0.955592 0.311842
0.907457 0.000101
0.916562 0.028215
0.872503 0.043230
0.879791 0.060988
0.861358 0.062066
0.868747 0.079863
0.838442 0.096591
0.847640 0.114423
0.855057 0.135777
0.794726 0.181857
0.807533 0.150422
0.785165 0.230430
0.800644 0.240866
0.788124 0.275355
0.916263 0.000303
0.925048 0.000424
0.925479 0.048979
0.899872 0.026967
0.890810 0.042694
0.886060 0.078518
0.893275 0.096408
0.858254 0.097175
0.864445 0.117794
0.838029 0.132729
0.861849 0.155129
0.795186 0.164467
0.800178 0.201457
0.927522 0.339068
0.871313 0.313299
0.933859 0.000942
0.932093 0.026450
0.908399 0.043795
0.898194 0.062453
0.921979 0.086062
0.876014 0.099598
0.881911 0.118139
0.872581 0.137955
0.885471 0.152146
0.826019 0.152411
0.834788 0.173569
0.829767 0.193591
0.813625 0.186699
0.832586 0.317051
0.942638 0.000066
0.954648 0.026843
0.940440 0.037278
0.916196 0.064792
0.904737 0.080802
0.913660 0.101915
0.891855 0.134329
0.908388 0.140623
0.906900 0.158406
0.842866 0.153686
0.886883 0.187140
0.852345 0.172654
0.815616 0.168556
0.803228 0.221194
0.893128 0.289189
0.951470 0.000173
0.941424 0.058324
0.933452 0.073014
0.939045 0.093007
0.948910 0.109580
0.899156 0.114379
0.922095 0.174474
0.893289 0.169590
0.899253 0.203724
0.914313 0.219423
0.955966 0.235954
0.866343 0.185948
0.846165 0.192319
0.974758 0.281023
0.960246 0.000240
0.971050 0.026823
0.958654 0.044789
0.953206 0.079855
0.958927 0.139685
0.930079 0.110925
0.915255 0.123033
0.873783 0.169057
0.934817 0.211485
0.907136 0.184017
0.935752 0.229624
0.835326 0.214719
0.933988 0.247798
0.930233 0.285435
0.878042 0.204487
0.968848 0.000966
0.974070 0.040357
0.959721 0.063727
0.944570 0.127420
0.957106 0.180580
0.935114 0.191324
0.939591 0.171338
0.914872 0.236795
0.894219 0.270138
0.891442 0.219075
0.972917 0.242104
0.978535 0.295523
0.822474 0.274591
0.836431 0.235332
0.977606 0.001012
0.999792 0.001497
0.974656 0.061300
0.975994 0.128962
0.928963 0.134798
0.943456 0.151181
0.955036 0.216634
0.974601 0.206408
0.979223 0.260137
0.895527 0.237505
0.999285 0.325441
0.875275 0.240111
0.904805 0.312517
0.815727 0.251969
0.889957 0.352378
0.987131 0.000565
0.973694 0.079890
0.962965 0.095004
0.974702 0.148547
0.960141 0.161413
0.925437 0.154971
0.939865 0.272756
0.854480 0.242543
0.999426 0.258908
0.922681 0.262675
0.872781 0.274179
0.952905 0.253897
0.922324 0.302687
0.823969 0.300337
0.999213 0.016559
0.999233 0.044951
0.976379 0.102733
0.965386 0.117576
0.999716 0.106866
0.999266 0.186481
0.999940 0.140232
0.999522 0.151648
0.954895 0.291655
0.999122 0.286443
0.960672 0.270071
0.870082 0.223694
0.861421 0.258369
0.999535 0.233897
0.834981 0.288453
0.999252 0.000758
0.999016 0.054953
0.999605 0.075102
0.999954 0.095904
0.999556 0.117694
0.974697 0.188103
0.974963 0.223532
0.907976 0.253758
0.999294 0.245762
0.999399 0.198205
0.999212 0.272446
0.844136 0.265276
0.807343 0.286583
0.977459 0.319632
0.999650 0.026160
0.998936 0.035387
0.999390 0.064995
0.999197 0.085449
0.976109 0.169552
0.999289 0.128901
0.999845 0.210135
0.918698 0.200198
0.999923 0.222084
0.999060 0.163010
0.999187 0.174774
0.832340 0.255266
0.883425 0.255501
0.999604 0.296857
0.999539 0.320046
