0.000331 0.025880
0.000985 0.064209
0.000429 0.094574
0.000195 0.126417
0.000861 0.137334
0.003483 0.403424
0.000215 0.183132
0.000595 0.194747
0.000966 0.339297
0.068936 0.313676
0.000270 0.366198
0.055082 0.300796
0.044302 0.317161
0.091545 0.313335
0.000235 0.016410
0.000519 0.044379
0.000171 0.074177
0.027046 0.069242
0.019240 0.262610
0.000291 0.206850
0.000975 0.171419
0.000900 0.299595
0.000572 0.244650
0.000028 0.258445
0.001718 0.356528
0.025729 0.351825
0.061026 0.348219
0.103725 0.277801
0.126894 0.269236
0.001367 0.000286
0.000377 0.054268
0.000235 0.084323
0.000426 0.105025
0.000936 0.115679
0.000859 0.219264
0.000054 0.159846
0.000268 0.313731
0.000013 0.232085
0.045627 0.333979
0.016048 0.405312
0.077748 0.297340
0.122515 0.288107
0.006335 0.377936
0.000773 0.000590
0.025929 0.032761
0.026791 0.051843
0.026891 0.105363
0.024505 0.211286
0.061105 0.223615
0.028043 0.194239
0.000923 0.273035
0.059246 0.282814
0.039913 0.275457
0.036206 0.295845
0.056250 0.390010
0.036784 0.370280
0.039987 0.352371
0.069526 0.331212
0.012372 0.000162
0.042334 0.042305
0.000426 0.034937
0.027813 0.087775
0.000357 0.148398
0.031682 0.251156
0.038840 0.222016
0.046889 0.240932
0.022228 0.311875
0.067372 0.244955
0.022732 0.329159
0.121699 0.218650
0.081079 0.277612
0.067878 0.371499
0.030267 0.000724
0.021815 0.000200
0.045657 0.060553
0.043273 0.077389
0.022772 0.234235
0.024844 0.154640
0.045732 0.186730
0.047691 0.206514
0.050891 0.261097
0.080228 0.228812
0.090523 0.208560
0.069184 0.262793
0.000028 0.326830
0.001618 0.395491
0.113476 0.309154
0.038673 0.000223
0.057501 0.028362
0.045919 0.097077
0.049710 0.131873
0.040215 0.166873
0.034822 0.142783
0.065120 0.192069
0.126277 0.184539
0.022308 0.285578
0.071895 0.209078
0.000539 0.286513
0.092861 0.262492
0.090208 0.245903
0.098638 0.295708
0.047211 0.000095
0.038746 0.027045
0.073670 0.028175
0.062862 0.044539
0.039420 0.115631
0.060325 0.111838
0.025228 0.176117
0.061996 0.172606
0.106825 0.185950
0.085885 0.189212
0.100701 0.226289
0.165749 0.214688
0.134759 0.229924
0.183510 0.245809
0.089722 0.333302
0.055872 0.000052
0.087452 0.032492
0.080048 0.050571
0.061879 0.082893
0.071966 0.097711
0.025687 0.127476
0.067915 0.130554
0.053579 0.153293
0.162912 0.175588
0.108126 0.205281
0.129870 0.202160
0.152674 0.232146
0.113427 0.239412
0.170707 0.235415
0.064500 0.000229
0.073096 0.000369
0.101458 0.028053
0.090668 0.063892
0.064883 0.064027
0.079918 0.077735
0.086378 0.135371
0.081067 0.115035
0.079499 0.171491
0.147404 0.190067
0.185408 0.222780
0.147230 0.211307
0.153014 0.251373
0.133794 0.249763
0.079141 0.351000
0.081682 0.000432
0.116892 0.028205
0.119965 0.044534
0.112107 0.063979
0.101084 0.079372
0.090869 0.096473
0.070673 0.150981
0.089757 0.154481
0.100934 0.170942
0.152343 0.154931
0.165735 0.195985
0.181036 0.182657
0.202207 0.239790
0.111496 0.326857
0.090226 0.000536
0.107360 0.000314
0.133364 0.027802
0.101527 0.047282
0.121468 0.081544
0.110026 0.097136
0.099149 0.115739
0.104484 0.136071
0.111110 0.152810
0.123905 0.165530
0.174321 0.161207
0.184825 0.203142
0.221521 0.271131
0.146697 0.271171
0.048868 0.384655
0.098778 0.001096
0.139446 0.044434
0.130177 0.061827
0.139066 0.078486
0.147056 0.096266
0.129587 0.100059
0.117019 0.115959
0.124071 0.134481
0.134229 0.149393
0.142940 0.171191
0.201512 0.182200
0.218990 0.229030
0.208373 0.256974
0.112737 0.258054
0.115966 0.000477
0.141700 0.000664
0.149858 0.027486
0.149992 0.061764
0.158150 0.079200
0.166588 0.096555
0.136275 0.118788
0.167465 0.125879
0.166222 0.143653
0.186423 0.145194
0.193044 0.165656
0.203533 0.198373
0.225595 0.248242
0.200958 0.278201
0.140759 0.289651
0.124575 0.000366
0.157866 0.043215
0.168567 0.060205
0.176714 0.076958
0.195922 0.074638
0.154686 0.113063
0.147438 0.133661
0.188480 0.127692
0.214502 0.167300
0.223521 0.187037
0.221768 0.206867
0.203695 0.217861
0.200054 0.300257
0.184545 0.302929
0.133129 0.000419
0.175864 0.000080
0.167505 0.026959
0.187014 0.058784
0.185806 0.092792
0.178541 0.110709
0.207660 0.131092
0.204898 0.149590
0.239737 0.203018
0.232364 0.170863
0.235951 0.224663
0.241302 0.260779
0.149579 0.328909
0.166712 0.263535
0.151972 0.305310
0.150250 0.000524
0.176558 0.041237
0.206720 0.057773
0.204013 0.093489
0.198470 0.111617
0.227211 0.131011
0.223944 0.148495
0.252498 0.167069
0.245585 0.185626
0.245000 0.241421
0.257251 0.278036
0.188752 0.262827
0.103002 0.370204
0.075731 0.384990
0.158809 0.000064
0.185952 0.026501
0.195469 0.040784
0.214768 0.040395
0.221835 0.095388
0.216404 0.113353
0.241674 0.152173
0.272205 0.163836
0.266880 0.182229
0.260306 0.200736
0.260114 0.257575
0.238268 0.281278
0.217144 0.291900
0.181082 0.281277
0.086720 0.372723
0.167364 0.000774
0.232958 0.041947
0.213800 0.075696
0.249417 0.078614
0.231584 0.077981
0.235724 0.114856
0.279325 0.199790
0.285877 0.180512
0.253826 0.219737
0.250283 0.296650
0.231508 0.300838
0.232401 0.324126
0.211065 0.315741
0.113749 0.368004
0.184429 0.000534
0.204363 0.026497
0.250451 0.042327
0.225246 0.059630
0.257659 0.097114
0.239862 0.096360
0.261154 0.148093
0.292131 0.162637
0.265011 0.237336
0.316007 0.264914
0.304484 0.237969
0.176026 0.324394
0.218769 0.331075
0.147899 0.351961
0.120787 0.356117
0.192962 0.000705
0.223354 0.026371
0.267352 0.042901
0.267532 0.078980
0.253770 0.115112
0.246066 0.133801
0.281127 0.145758
0.310012 0.217550
0.296861 0.256616
0.277452 0.260833
0.278014 0.278784
0.258618 0.333334
0.163743 0.283495
0.168075 0.307502
0.201459 0.000814
0.252337 0.000618
0.241166 0.026459
0.243289 0.060594
0.275492 0.096485
0.272932 0.115096
0.267019 0.130929
0.288993 0.128360
0.316435 0.199035
0.273380 0.218831
0.311154 0.290497
0.273940 0.298399
0.259395 0.312604
0.162372 0.342979
0.101200 0.346601
0.209960 0.000417
0.258924 0.026477
0.284407 0.043245
0.285988 0.077940
0.295479 0.092115
0.290750 0.110026
0.310831 0.163992
0.297052 0.201409
0.333122 0.209282
0.291108 0.221810
0.325916 0.281563
0.287205 0.320626
0.302618 0.327044
0.132039 0.310597
0.218460 0.000322
0.285969 0.001109
0.276173 0.026806
0.261320 0.061454
0.307064 0.076158
0.308135 0.109369
0.300122 0.144869
0.318085 0.145070
0.304102 0.182432
0.356511 0.187583
0.339293 0.244450
0.283536 0.239865
0.308615 0.310179
0.340588 0.315359
0.247438 0.330633
0.226935 0.000962
0.292667 0.027034
0.297840 0.061786
0.279293 0.061421
0.325112 0.112300
0.308415 0.127665
0.329060 0.129445
0.329539 0.160910
0.323138 0.180061
0.368123 0.219510
0.297825 0.275528
0.358037 0.259368
0.130518 0.330607
0.272216 0.327393
0.235420 0.000290
0.311059 0.001113
0.301486 0.043789
0.326723 0.077547
0.315416 0.092311
0.343085 0.112573
0.362113 0.112236
0.339002 0.144174
0.337695 0.191472
0.383417 0.138166
0.352039 0.207500
0.325629 0.226853
0.319805 0.246429
0.192672 0.339173
0.316999 0.327868
0.243871 0.000447
0.308986 0.026722
0.336147 0.061599
0.334156 0.095739
0.344724 0.079293
0.353644 0.095718
0.375504 0.121878
0.351962 0.154901
0.370915 0.154609
0.343388 0.172313
0.337858 0.262315
0.355267 0.296960
0.138939 0.353238
0.290589 0.297377
0.260761 0.000601
0.336127 0.000049
0.317732 0.060720
0.353436 0.061801
0.362735 0.078492
0.371865 0.095464
0.385261 0.104492
0.350188 0.128538
0.363580 0.137450
0.364355 0.170754
0.377570 0.183076
0.376924 0.257107
0.387004 0.220708
0.479255 0.344191
0.377468 0.238671
0.269179 0.000554
0.318167 0.042819
0.334805 0.043162
0.389052 0.058896
0.380303 0.076585
0.392760 0.087491
0.417834 0.135106
0.393917 0.119523
0.400813 0.137309
0.387197 0.157446
0.346219 0.226220
0.380487 0.331801
0.822911 0.352196
0.205522 0.336111
0.277558 0.000940
0.361123 0.000984
0.371267 0.061287
0.351047 0.042914
0.384056 0.041773
0.413090 0.082921
0.404338 0.100445
0.439201 0.099326
0.434250 0.134605
0.405060 0.154580
0.392242 0.173937
0.400217 0.190120
0.389026 0.203205
0.370764 0.200786
0.409608 0.333411
0.294320 0.000600
0.325658 0.026614
0.358190 0.026504
0.401175 0.040559
0.400465 0.071176
0.421786 0.099348
0.410941 0.117786
0.422787 0.153897
0.439854 0.154146
0.411135 0.172237
0.410303 0.206619
0.427984 0.222468
0.178980 0.340987
0.394147 0.332806
0.302734 0.000661
0.342134 0.026175
0.389122 0.025572
0.408642 0.055084
0.430880 0.082633
0.469733 0.093359
0.445547 0.117592
0.428339 0.116419
0.457552 0.103995
0.419935 0.189154
0.468301 0.207980
0.450320 0.205840
0.417237 0.238594
0.396550 0.239842
0.359284 0.239117
0.319446 0.001100
0.367510 0.044013
0.405370 0.025546
0.420875 0.041353
0.440128 0.041171
0.441465 0.069598
0.477488 0.112384
0.466999 0.138923
0.448268 0.171501
0.429462 0.172025
0.439548 0.188902
0.406922 0.275238
0.363182 0.333971
0.347053 0.279211
0.327780 0.000995
0.402575 0.000389
0.373297 0.026318
0.420360 0.025888
0.420456 0.066348
0.460651 0.074477
0.450483 0.086442
0.462917 0.121233
0.450149 0.137781
0.458187 0.187897
0.476978 0.154373
0.396898 0.258493
0.416525 0.256188
0.353988 0.329811
0.422835 0.335770
0.344485 0.000531
0.457059 0.040170
0.432410 0.055445
0.469295 0.059257
0.494011 0.081085
0.494720 0.117783
0.469123 0.172502
0.458482 0.156538
0.508526 0.313467
0.406801 0.223160
0.430628 0.205704
0.437708 0.241074
0.415109 0.313358
0.329449 0.326317
0.352822 0.000213
0.410796 0.000818
0.476866 0.000053
0.465700 0.024367
0.435081 0.025382
0.509536 0.083185
0.486314 0.097093
0.502077 0.102105
0.486582 0.170137
0.481997 0.130787
0.432747 0.295314
0.455832 0.241762
0.367113 0.276534
0.394809 0.294382
0.470410 0.268726
0.369440 0.000366
0.460317 0.000221
0.449968 0.024722
0.452524 0.057115
0.526939 0.131305
0.542353 0.144443
0.503921 0.133211
0.502466 0.158491
0.475784 0.190632
0.386508 0.276716
0.333854 0.298185
0.803503 0.348512
0.548804 0.352834
0.414045 0.294253
0.377705 0.000922
0.452055 0.000315
0.485125 0.001046
0.502900 0.043164
0.531723 0.042105
0.549200 0.192181
0.531093 0.178318
0.532016 0.156031
0.592990 0.267620
0.436177 0.314452
0.605227 0.353996
0.953884 0.199169
0.527698 0.279263
0.448909 0.339242
0.375272 0.295563
0.419092 0.000546
0.468584 0.000795
0.606626 0.042104
0.477587 0.077776
0.485153 0.061532
0.520450 0.209332
0.518060 0.166382
0.492011 0.145888
0.515381 0.227801
0.447274 0.223281
0.521305 0.348203
0.392596 0.313947
0.492540 0.323646
0.367815 0.313560
0.394285 0.000245
0.435538 0.000095
0.509916 0.000696
0.480840 0.025010
0.606561 0.223871
0.526005 0.084816
0.671201 0.353211
0.502887 0.178082
0.452940 0.301857
0.484840 0.212806
0.850630 0.223198
0.719805 0.368306
0.807711 0.375765
0.437064 0.338151
0.694660 0.361499
0.534748 0.000282
0.501648 0.000681
0.427308 0.000698
0.022140 0.380597
0.499923 0.062307
0.514327 0.118927
0.435271 0.259183
0.594694 0.313511
0.504126 0.245327
0.817530 0.372227
0.818037 0.232170
0.514016 0.291412
0.854906 0.371126
0.493306 0.344438
0.600948 0.001120
0.551293 0.000374
0.386010 0.000041
0.493389 0.001046
0.539140 0.025489
0.487780 0.042759
0.518703 0.100419
0.556792 0.159683
0.498268 0.225333
0.973188 0.330631
0.427374 0.276019
0.467843 0.340329
0.507157 0.346663
0.456854 0.321445
0.591108 0.354349
0.592630 0.000599
0.518180 0.000435
0.443805 0.000714
0.509758 0.025791
0.472528 0.041533
0.857623 0.205813
0.793291 0.373980
0.645580 0.357414
0.878197 0.350749
0.537774 0.324655
0.915383 0.343404
0.535685 0.350852
0.520032 0.327364
0.537986 0.262925
0.617649 0.000959
0.567755 0.000429
0.517524 0.044950
0.526497 0.000352
0.514278 0.065042
0.528216 0.064208
0.542352 0.064799
0.516706 0.145238
0.546000 0.170901
0.491967 0.191663
0.483601 0.235158
0.447699 0.281536
0.490217 0.256319
0.466260 0.287968
0.577189 0.352182
0.634251 0.000308
0.543047 0.000489
0.553059 0.027477
0.524035 0.025275
0.495404 0.025467
0.540711 0.084752
0.557500 0.138654
0.571803 0.151751
0.562558 0.184534
0.515739 0.190048
0.475242 0.316366
0.525924 0.244275
0.486412 0.276846
0.563192 0.353350
0.642655 0.000539
0.559491 0.000214
0.581788 0.026342
0.576047 0.043143
0.560584 0.046458
0.542429 0.124655
0.571418 0.129294
0.573199 0.171814
0.561538 0.210302
0.502666 0.205425
0.556593 0.264585
0.633675 0.354706
0.472190 0.249202
0.504219 0.272116
0.859637 0.370564
0.659277 0.000412
0.613149 0.025941
0.596971 0.026456
0.566765 0.026504
0.545729 0.046119
0.556740 0.069049
0.531775 0.110265
0.557537 0.116854
0.574650 0.201274
0.545074 0.213909
0.562990 0.309366
0.533782 0.226305
0.516795 0.260606
0.453130 0.262782
0.667637 0.000720
0.576053 0.000055
0.629081 0.026667
0.570424 0.062033
0.585616 0.065273
0.574095 0.082217
0.545906 0.102085
0.566275 0.102008
0.585536 0.141152
0.573269 0.229658
0.556023 0.230732
0.545330 0.244788
0.756783 0.375184
0.731333 0.363146
0.683604 0.360623
0.684375 0.000457
0.584352 0.000876
0.609303 0.001011
0.591434 0.045321
0.557580 0.086916
0.591912 0.082965
0.580316 0.115250
0.585862 0.219793
0.594039 0.205255
0.584332 0.249281
0.533439 0.197712
0.556385 0.333080
0.529364 0.303531
0.480417 0.299531
0.692768 0.000286
0.625938 0.000032
0.645394 0.026768
0.623262 0.082529
0.600830 0.063526
0.584780 0.098457
0.595049 0.125200
0.584449 0.186535
0.607061 0.162840
0.617006 0.181329
0.546232 0.283796
0.622018 0.215099
0.563502 0.285769
0.575104 0.270975
0.767745 0.376072
0.709609 0.000759
0.638113 0.043245
0.631835 0.100084
0.621927 0.044145
0.615202 0.064273
0.607412 0.084975
0.600019 0.106699
0.599233 0.179813
0.616527 0.240775
0.608671 0.199286
0.620825 0.271000
0.891575 0.331776
0.466856 0.226155
0.853744 0.320470
0.718024 0.000674
0.650911 0.000905
0.662249 0.026502
0.630828 0.062567
0.615223 0.102616
0.611284 0.125569
0.588205 0.162376
0.618603 0.143950
0.625084 0.162603
0.631825 0.249877
0.596531 0.238559
0.574563 0.327571
0.546682 0.305508
0.567171 0.249546
0.617672 0.352120
0.726491 0.000667
0.679031 0.026803
0.654588 0.043167
0.647212 0.062198
0.639825 0.080946
0.601606 0.145653
0.634600 0.137648
0.635717 0.179204
0.627490 0.197020
0.608053 0.257952
0.728857 0.338643
0.657920 0.356069
0.747045 0.369889
0.497379 0.296207
0.743400 0.000842
0.675994 0.000041
0.687463 0.044025
0.670745 0.043091
0.664282 0.062560
0.656449 0.080130
0.625925 0.120174
0.640543 0.155271
0.632628 0.229108
0.638169 0.267847
0.646166 0.310493
0.641532 0.290087
0.614142 0.329691
0.864949 0.336129
0.840948 0.336140
0.751880 0.000070
0.695017 0.026958
0.680741 0.062925
0.690126 0.081835
0.673163 0.082176
0.648944 0.099760
0.642567 0.118379
0.648564 0.224861
0.649126 0.248222
0.623844 0.291327
0.606306 0.283402
0.592929 0.332766
0.693438 0.332980
0.891484 0.310361
0.760373 0.000854
0.701174 0.000262
0.711371 0.027071
0.697185 0.063470
0.684752 0.100602
0.666131 0.099627
0.652428 0.137254
0.651224 0.169412
0.642338 0.206072
0.662934 0.236650
0.588850 0.288811
0.664662 0.316602
0.579402 0.302693
0.764694 0.341240
0.941139 0.306965
0.768849 0.000217
0.727497 0.027390
0.704478 0.043278
0.706346 0.083969
0.659445 0.118600
0.672373 0.136776
0.661460 0.152219
0.660640 0.208440
0.655153 0.275088
0.675083 0.283454
0.675413 0.330792
0.627317 0.312567
0.946437 0.337433
0.708238 0.366143
0.777385 0.000859
0.734955 0.001251
0.743199 0.027554
0.722448 0.079553
0.676353 0.117854
0.690156 0.139559
0.679029 0.156615
0.651887 0.189284
0.664591 0.259554
0.633336 0.332108
0.681312 0.264675
0.697755 0.314891
0.692284 0.290999
0.833920 0.367934
0.710530 0.338633
0.794513 0.000171
0.739006 0.044659
0.721837 0.044773
0.702110 0.103197
0.693263 0.121321
0.694772 0.162873
0.668347 0.172927
0.669890 0.192759
0.661050 0.294388
0.749695 0.326206
0.725466 0.294421
0.609737 0.306580
0.716465 0.321113
0.651393 0.330587
0.803085 0.000695
0.758877 0.027475
0.713433 0.062187
0.735801 0.090410
0.709488 0.123751
0.705075 0.147026
0.710988 0.169686
0.684459 0.180662
0.673650 0.220839
0.690029 0.224922
0.680464 0.307552
0.709115 0.296577
0.817189 0.331866
0.808046 0.313538
0.749086 0.344020
0.811682 0.000225
0.765050 0.063243
0.747868 0.062983
0.718714 0.101632
0.720936 0.139418
0.724975 0.156835
0.728682 0.176029
0.684824 0.203481
0.721750 0.236427
0.738732 0.280514
0.764250 0.315280
0.733438 0.315700
0.782141 0.346240
0.779312 0.365834
0.828914 0.000199
0.785949 0.000110
0.756878 0.044625
0.731468 0.064774
0.749842 0.080085
0.726602 0.118611
0.737987 0.133285
0.699935 0.186164
0.705339 0.228563
0.679521 0.243092
0.695531 0.249204
0.750279 0.266319
0.759792 0.291692
0.872416 0.296776
0.954134 0.337497
0.837598 0.000197
0.775457 0.026968
0.774555 0.042711
0.766443 0.086622
0.756549 0.101070
0.739999 0.107052
0.716579 0.191471
0.731941 0.199258
0.701751 0.206061
0.736227 0.246122
0.714327 0.275567
0.728698 0.262905
0.849582 0.350634
0.794832 0.332472
0.846288 0.000731
0.820283 0.000891
0.791661 0.027052
0.785263 0.056538
0.778694 0.073356
0.772549 0.108934
0.753443 0.121294
0.752639 0.143069
0.741607 0.157270
0.698198 0.271646
0.712300 0.252929
0.744593 0.299484
0.793095 0.303496
0.908252 0.281710
0.902207 0.350871
0.863678 0.000587
0.809606 0.026745
0.796789 0.041392
0.796289 0.074661
0.783777 0.093159
0.802351 0.092912
0.767967 0.130705
0.758150 0.166651
0.718622 0.214362
0.734994 0.221310
0.750464 0.224641
0.753123 0.246424
0.780696 0.320247
0.776897 0.296800
0.872438 0.000319
0.854945 0.000661
0.828733 0.026553
0.816801 0.040931
0.805203 0.058402
0.823764 0.059332
0.793757 0.109809
0.783460 0.125320
0.769284 0.151685
0.745066 0.180493
0.748697 0.201976
0.767524 0.233398
0.769255 0.255580
0.768128 0.274897
0.851655 0.301598
0.889942 0.000459
0.863858 0.027193
0.846581 0.027161
0.835107 0.042412
0.814419 0.076121
0.819329 0.096435
0.810031 0.115381
0.785802 0.147251
0.775713 0.171560
0.762083 0.188073
0.764114 0.211241
0.786620 0.255916
0.802330 0.269193
0.924626 0.324229
0.898696 0.000582
0.881163 0.000624
0.881582 0.026745
0.853654 0.043346
0.842320 0.060756
0.832000 0.077915
0.849467 0.079889
0.827687 0.114336
0.799378 0.132677
0.819360 0.133868
0.778610 0.193845
0.782470 0.212770
0.817072 0.210144
0.853558 0.282670
0.955057 0.312972
0.907473 0.000127
0.916237 0.028139
0.871674 0.043067
0.878849 0.060789
0.860385 0.061852
0.867648 0.079892
0.837258 0.096579
0.846278 0.114381
0.853872 0.136012
0.793285 0.182517
0.806389 0.150725
0.783536 0.232289
0.799201 0.242322
0.786933 0.277305
0.916261 0.000345
0.925052 0.001011
0.924948 0.048752
0.899356 0.026698
0.889952 0.042533
0.885080 0.078266
0.892391 0.096136
0.856926 0.097211
0.863348 0.117689
0.836938 0.133142
0.860978 0.155097
0.793789 0.164924
0.798822 0.202292
0.927552 0.341503
0.870273 0.315768
0.933885 0.000558
0.931760 0.026055
0.907678 0.043327
0.897395 0.061911
0.921125 0.085749
0.874845 0.099489
0.880737 0.118122
0.871356 0.138175
0.884357 0.152596
0.824967 0.152992
0.833605 0.173992
0.828455 0.194379
0.812225 0.187210
0.831185 0.318514
0.942652 0.000677
0.954760 0.026764
0.940174 0.036698
0.915339 0.064076
0.903747 0.080466
0.912771 0.101691
0.890611 0.134439
0.907236 0.140952
0.905784 0.158977
0.841745 0.154056
0.885609 0.188140
0.851367 0.173314
0.814244 0.169003
0.801794 0.222793
0.892259 0.290765
0.951480 0.000254
0.940582 0.057773
0.933062 0.072707
0.938434 0.092703
0.948205 0.109106
0.898152 0.114311
0.921095 0.175186
0.892134 0.170023
0.898168 0.205304
0.913535 0.220551
0.955582 0.236839
0.864997 0.186785
0.844895 0.193045
0.974109 0.282056
0.960250 0.000792
0.971142 0.026576
0.958172 0.044383
0.952725 0.079391
0.958272 0.139460
0.929267 0.110771
0.914116 0.122968
0.872559 0.169753
0.934206 0.212479
0.906143 0.184872
0.935225 0.231065
0.833655 0.216132
0.933438 0.249518
0.929055 0.287218
0.877125 0.205535
0.968859 0.000376
0.974096 0.040104
0.959262 0.063161
0.943542 0.127121
0.956389 0.181037
0.934466 0.192441
0.938449 0.171810
0.914098 0.238533
0.893360 0.271998
0.890455 0.220468
0.972810 0.243241
0.978760 0.296365
0.821339 0.276269
0.834849 0.236623
0.977622 0.000260
0.999084 0.001499
0.974631 0.060397
0.975066 0.128479
0.928049 0.134945
0.942576 0.151362
0.954731 0.218097
0.973698 0.207041
0.978871 0.260937
0.894269 0.239379
0.999161 0.324530
0.873840 0.241563
0.904009 0.314332
0.814376 0.253589
0.890055 0.353908
0.987180 0.001006
0.973285 0.078756
0.962764 0.094237
0.973787 0.148197
0.959502 0.161457
0.924300 0.155322
0.939480 0.273787
0.853498 0.244083
0.999584 0.258828
0.921966 0.264466
0.872176 0.276032
0.952175 0.255237
0.921301 0.303809
0.823177 0.302395
0.998998 0.016627
0.999130 0.045027
0.975816 0.101851
0.964926 0.117203
0.999389 0.106843
0.999120 0.186346
0.999651 0.140146
0.999677 0.151469
0.954260 0.293681
0.999735 0.286768
0.959808 0.271844
0.869015 0.224981
0.860164 0.260456
0.999186 0.233942
0.833928 0.290174
0.999594 0.000003
0.999563 0.055045
0.999558 0.075171
0.999352 0.095943
0.999901 0.117666
0.974140 0.188661
0.974838 0.224659
0.906931 0.255204
0.999435 0.245845
0.999938 0.198020
0.999886 0.272364
0.842917 0.267380
0.806054 0.288643
0.977547 0.320361
0.999500 0.026216
0.999778 0.035500
0.999291 0.065090
0.999670 0.085514
0.975291 0.169574
0.999572 0.128847
0.999513 0.209955
0.917785 0.201095
0.999635 0.221995
0.999936 0.162660
0.999256 0.174538
0.831315 0.256791
0.882255 0.257097
0.999786 0.297305
0.999757 0.319821
