0.000253 0.025894
0.000941 0.064232
0.000334 0.094597
0.000871 0.126422
0.000850 0.137350
0.003563 0.402474
0.000002 0.183153
0.000522 0.194771
0.000976 0.338782
0.069125 0.314365
0.000303 0.366007
0.055166 0.301370
0.044377 0.317602
0.091919 0.313947
0.000787 0.016425
0.000347 0.044394
0.000154 0.074206
0.027246 0.069386
0.019446 0.263000
0.000168 0.206857
0.001011 0.171417
0.000935 0.299482
0.000607 0.244640
0.000194 0.258404
0.001729 0.355710
0.026076 0.352000
0.061328 0.348725
0.104022 0.278397
0.127008 0.269970
0.001215 0.000270
0.000200 0.054310
0.000038 0.084356
0.000201 0.105038
0.000805 0.115696
0.000786 0.219263
0.000127 0.159846
0.000271 0.313622
0.000987 0.232069
0.045523 0.334403
0.016513 0.404593
0.077860 0.297953
0.122703 0.288753
0.006493 0.377674
0.000628 0.000582
0.026061 0.032868
0.026909 0.052021
0.027133 0.105473
0.024730 0.211749
0.061345 0.224133
0.028109 0.194668
0.000798 0.272920
0.059426 0.283237
0.039966 0.275933
0.036233 0.296290
0.056602 0.390344
0.036829 0.370737
0.040132 0.352693
0.069614 0.331899
0.012390 0.000914
0.042480 0.042388
0.000351 0.034946
0.028014 0.087899
0.000011 0.148409
0.031730 0.251643
0.039028 0.222533
0.047110 0.241441
0.022341 0.312148
0.067536 0.245588
0.022744 0.329534
0.121959 0.219163
0.081323 0.278311
0.068280 0.372189
0.030321 0.000366
0.021845 0.000096
0.045919 0.060733
0.043425 0.077595
0.022880 0.234671
0.025089 0.154985
0.045822 0.187145
0.047894 0.207048
0.051081 0.261774
0.080381 0.229380
0.090717 0.209112
0.069361 0.263504
0.000710 0.326710
0.001487 0.395306
0.113787 0.309789
0.038694 0.000215
0.057689 0.028513
0.046238 0.097403
0.049957 0.132241
0.040408 0.167226
0.034945 0.143027
0.065387 0.192447
0.126690 0.184959
0.022471 0.285977
0.072107 0.209623
0.000535 0.286437
0.093012 0.263015
0.090435 0.246368
0.098724 0.296353
0.047223 0.000036
0.038866 0.027236
0.073898 0.028416
0.063150 0.044632
0.039647 0.115859
0.060661 0.112193
0.025477 0.176509
0.062273 0.173064
0.107183 0.186367
0.086219 0.189713
0.101018 0.226750
0.166134 0.215059
0.135038 0.230391
0.183883 0.246302
0.089998 0.333982
0.055878 0.000513
0.087782 0.032473
0.080402 0.050791
0.062196 0.083103
0.072310 0.097995
0.025945 0.127652
0.068230 0.130900
0.053893 0.153741
0.163367 0.175919
0.108372 0.205771
0.130183 0.202654
0.153003 0.232548
0.113749 0.239960
0.171114 0.235876
0.064503 0.000189
0.073088 0.000053
0.101828 0.028212
0.091088 0.064106
0.065136 0.064238
0.080229 0.077941
0.086702 0.135782
0.081425 0.115371
0.079866 0.171914
0.147814 0.190429
0.185840 0.223196
0.147597 0.211711
0.153337 0.251840
0.134138 0.250234
0.079491 0.351620
0.081673 0.000539
0.117295 0.028316
0.120462 0.044701
0.112575 0.064187
0.101519 0.079603
0.091226 0.096701
0.071006 0.151445
0.090199 0.154892
0.101300 0.171290
0.152774 0.155336
0.166149 0.196320
0.181486 0.183012
0.202715 0.240143
0.111794 0.327606
0.090215 0.000084
0.107350 0.000657
0.133765 0.027917
0.101923 0.047382
0.121919 0.081814
0.110461 0.097413
0.099529 0.116083
0.104936 0.136314
0.111566 0.153134
0.124241 0.166010
0.174714 0.161509
0.185280 0.203499
0.221962 0.271646
0.146952 0.271648
0.049346 0.384864
0.098769 0.000928
0.139993 0.044549
0.130698 0.062013
0.139543 0.078688
0.147543 0.096512
0.130040 0.100419
0.117437 0.116279
0.124585 0.134798
0.134659 0.149842
0.143311 0.171588
0.201901 0.182519
0.219428 0.229400
0.208837 0.257415
0.112914 0.258657
0.115956 0.000041
0.141689 0.000610
0.150282 0.027583
0.150521 0.062013
0.158683 0.079431
0.167080 0.096861
0.136755 0.119094
0.167920 0.126202
0.166618 0.143900
0.186810 0.145431
0.193476 0.165935
0.203993 0.198708
0.225929 0.248682
0.201233 0.278683
0.141049 0.290249
0.124565 0.000250
0.158407 0.043311
0.169129 0.060449
0.177273 0.077188
0.196494 0.074868
0.155163 0.113366
0.147869 0.134003
0.189010 0.127903
0.214975 0.167555
0.223953 0.187347
0.222180 0.207205
0.204110 0.218198
0.200401 0.300662
0.184839 0.303494
0.133121 0.000343
0.175852 0.000645
0.167971 0.027058
0.187606 0.059021
0.186350 0.093032
0.179016 0.110994
0.208107 0.131389
0.205295 0.149792
0.240156 0.203313
0.232798 0.171117
0.236383 0.225004
0.241747 0.261160
0.149874 0.329631
0.167060 0.264007
0.152178 0.306044
0.150246 0.000527
0.177055 0.041339
0.207336 0.058005
0.204573 0.093696
0.198989 0.111898
0.227725 0.131270
0.224408 0.148751
0.252936 0.167390
0.246032 0.185885
0.245310 0.241798
0.257628 0.278566
0.189141 0.263228
0.103311 0.370930
0.076079 0.385363
0.158800 0.000518
0.186395 0.026638
0.196006 0.040907
0.215319 0.040529
0.222448 0.095598
0.216864 0.113590
0.242136 0.152392
0.272647 0.164039
0.267350 0.182474
0.260733 0.200999
0.260470 0.257945
0.238564 0.281736
0.217438 0.292398
0.181346 0.281761
0.086943 0.373360
0.167347 0.000470
0.233468 0.042106
0.214411 0.075929
0.250070 0.078820
0.232204 0.078224
0.236158 0.115039
0.279732 0.200097
0.286322 0.180714
0.254282 0.220058
0.250495 0.297103
0.231841 0.301483
0.232640 0.324811
0.211357 0.316274
0.114246 0.368778
0.184415 0.000499
0.204828 0.026621
0.250919 0.042466
0.225877 0.059835
0.258227 0.097319
0.240463 0.096585
0.261677 0.148293
0.292611 0.162860
0.265325 0.237641
0.316319 0.265198
0.304837 0.238313
0.176292 0.325003
0.218843 0.331617
0.148288 0.352724
0.121275 0.356712
0.192943 0.000386
0.223809 0.026485
0.267855 0.043012
0.268146 0.079151
0.254223 0.115321
0.246580 0.134084
0.281649 0.145930
0.310502 0.217847
0.297176 0.256916
0.277756 0.261134
0.278322 0.279239
0.258854 0.333747
0.163986 0.284146
0.168379 0.308129
0.201451 0.000567
0.252327 0.000596
0.241664 0.026537
0.243948 0.060802
0.276064 0.096643
0.273402 0.115260
0.267555 0.131077
0.289497 0.128514
0.316816 0.199297
0.273787 0.219176
0.311403 0.290761
0.274298 0.298767
0.259603 0.313096
0.162672 0.343802
0.101503 0.347216
0.209953 0.000083
0.259433 0.026578
0.284910 0.043299
0.286566 0.078050
0.296057 0.092209
0.291256 0.110130
0.311328 0.164189
0.297436 0.201655
0.333493 0.209533
0.291598 0.222157
0.326312 0.281955
0.287603 0.321301
0.302821 0.327654
0.132380 0.311311
0.218449 0.000031
0.285962 0.001083
0.276612 0.026834
0.261980 0.061601
0.307612 0.076273
0.308667 0.109453
0.300627 0.145051
0.318559 0.145231
0.304564 0.182673
0.356910 0.187713
0.339694 0.244757
0.283887 0.240092
0.308894 0.310561
0.340873 0.315765
0.247708 0.331116
0.226927 0.000950
0.293087 0.027125
0.298438 0.061881
0.279935 0.061556
0.325635 0.112393
0.308871 0.127774
0.329493 0.129547
0.330019 0.161064
0.323587 0.180228
0.368433 0.219645
0.298111 0.275899
0.358406 0.259704
0.130846 0.331243
0.272595 0.327818
0.235413 0.000117
0.311036 0.000726
0.302029 0.043862
0.327232 0.077639
0.315956 0.092423
0.343626 0.112673
0.362652 0.112298
0.339457 0.144247
0.338100 0.191620
0.383734 0.138310
0.352420 0.207667
0.326113 0.227095
0.320208 0.246759
0.192902 0.339889
0.317365 0.328350
0.243856 0.000277
0.309393 0.026788
0.336633 0.061614
0.334665 0.095833
0.345207 0.079292
0.354063 0.095799
0.375978 0.121948
0.352346 0.154978
0.371194 0.154681
0.343840 0.172455
0.338243 0.262623
0.355576 0.297426
0.139581 0.353936
0.290881 0.297899
0.260752 0.000480
0.336115 0.000286
0.318269 0.060788
0.353898 0.061786
0.363107 0.078511
0.372201 0.095467
0.385623 0.104479
0.350619 0.128597
0.363991 0.137497
0.364800 0.170854
0.377969 0.183165
0.377245 0.257438
0.387311 0.220840
0.479443 0.344511
0.377863 0.238855
0.269165 0.000019
0.318701 0.042855
0.335302 0.043144
0.389455 0.058855
0.380645 0.076554
0.393059 0.087473
0.418043 0.135202
0.394202 0.119609
0.401136 0.137371
0.387487 0.157509
0.346672 0.226488
0.380686 0.332156
0.822709 0.353072
0.205763 0.336770
0.277551 0.000633
0.361107 0.000815
0.371717 0.061294
0.351543 0.042925
0.384528 0.041772
0.413343 0.082945
0.404578 0.100494
0.439325 0.099384
0.434463 0.134631
0.405338 0.154642
0.392554 0.173960
0.400465 0.190202
0.389397 0.203319
0.371085 0.200954
0.409768 0.333796
0.294308 0.000276
0.326072 0.026621
0.358620 0.026499
0.401617 0.040561
0.400753 0.071200
0.421967 0.099350
0.411158 0.117801
0.423080 0.153936
0.440105 0.154178
0.411430 0.172287
0.410577 0.206746
0.428264 0.222700
0.179269 0.341678
0.394417 0.333223
0.302715 0.000282
0.342560 0.026190
0.389411 0.025506
0.408955 0.055131
0.431087 0.082630
0.469863 0.093399
0.445705 0.117628
0.428489 0.116478
0.457706 0.104046
0.420168 0.189242
0.468603 0.208129
0.450589 0.206032
0.417460 0.238851
0.396846 0.240045
0.359703 0.239390
0.319434 0.001046
0.367996 0.044005
0.405581 0.025438
0.421114 0.041309
0.440208 0.041096
0.441671 0.069571
0.477640 0.112491
0.467310 0.138969
0.448551 0.171575
0.429736 0.172136
0.439767 0.189057
0.407276 0.275510
0.363448 0.334352
0.347528 0.279560
0.327753 0.000551
0.402552 0.000673
0.373680 0.026323
0.420490 0.025779
0.420725 0.066375
0.460760 0.074491
0.450593 0.086465
0.463049 0.121269
0.450362 0.137854
0.458388 0.188031
0.477224 0.154604
0.397258 0.258714
0.416892 0.256519
0.354290 0.330141
0.423058 0.336101
0.344456 0.001032
0.457044 0.040084
0.432584 0.055395
0.469355 0.059263
0.494138 0.081116
0.494907 0.117872
0.469335 0.172685
0.458710 0.156548
0.508768 0.313717
0.407090 0.223384
0.430839 0.205848
0.437991 0.241252
0.415327 0.313665
0.329402 0.326719
0.352808 0.000416
0.410775 0.000795
0.476869 0.000310
0.465710 0.024266
0.435192 0.025266
0.509653 0.083265
0.486439 0.097167
0.502209 0.102153
0.486807 0.170376
0.482228 0.130921
0.433066 0.295632
0.456086 0.241925
0.367466 0.276957
0.395098 0.294749
0.470660 0.268904
0.369417 0.000780
0.460314 0.000132
0.450039 0.024585
0.452649 0.057052
0.526946 0.131549
0.542251 0.144645
0.504105 0.133328
0.502645 0.158691
0.476058 0.190842
0.386857 0.276997
0.334096 0.298486
0.803231 0.349245
0.548993 0.353131
0.414286 0.294602
0.377674 0.000465
0.452044 0.000451
0.485137 0.000692
0.502898 0.043157
0.531680 0.041996
0.549291 0.192484
0.531203 0.178736
0.532119 0.156413
0.592974 0.268004
0.436375 0.314799
0.605345 0.354497
0.953694 0.199333
0.527956 0.279629
0.449185 0.339626
0.375627 0.295811
0.419061 0.000990
0.468591 0.000186
0.606627 0.042136
0.477695 0.077847
0.485138 0.061512
0.520743 0.209666
0.518231 0.166640
0.492189 0.146071
0.515617 0.228039
0.447572 0.223430
0.521605 0.348491
0.392907 0.314323
0.492827 0.323933
0.368064 0.313970
0.394266 0.000646
0.435526 0.001231
0.509935 0.000274
0.480835 0.024982
0.606354 0.224232
0.526123 0.084858
0.671245 0.353806
0.503131 0.178248
0.453249 0.302193
0.485127 0.212968
0.850210 0.223571
0.719861 0.369259
0.807519 0.376705
0.437240 0.338532
0.694716 0.362374
0.534763 0.000342
0.501667 0.000228
0.427287 0.000612
0.022504 0.380505
0.499907 0.062297
0.514459 0.118990
0.435560 0.259414
0.594793 0.313945
0.504374 0.245586
0.817553 0.372791
0.817515 0.232606
0.514245 0.291637
0.854909 0.371710
0.493486 0.344751
0.600970 0.001061
0.551323 0.000004
0.385996 0.001168
0.493399 0.000944
0.539137 0.025417
0.487750 0.042746
0.518912 0.100501
0.556674 0.159882
0.498532 0.225500
0.972851 0.331072
0.427656 0.276335
0.467988 0.340624
0.507349 0.346927
0.457032 0.321771
0.591266 0.354799
0.592653 0.000470
0.518189 0.000158
0.443784 0.000262
0.509704 0.025874
0.472521 0.041462
0.857151 0.206021
0.793174 0.374720
0.645681 0.358115
0.878136 0.351410
0.538015 0.324997
0.915424 0.343855
0.535911 0.351181
0.520193 0.327798
0.538077 0.263147
0.617666 0.000842
0.567794 0.000868
0.517540 0.045075
0.526504 0.000813
0.514268 0.065122
0.528234 0.064174
0.542357 0.064757
0.516783 0.145517
0.546041 0.171246
0.492306 0.191875
0.483968 0.235413
0.447946 0.281827
0.490458 0.256647
0.466471 0.288242
0.577365 0.352563
0.634271 0.000939
0.543080 0.000309
0.553049 0.027528
0.523960 0.025282
0.495380 0.025459
0.540818 0.084805
0.557410 0.138917
0.571667 0.151996
0.562569 0.184823
0.515940 0.190353
0.475518 0.316694
0.526075 0.244532
0.486621 0.277200
0.563351 0.353727
0.642672 0.000413
0.559514 0.000055
0.581850 0.026342
0.576052 0.043044
0.560544 0.046442
0.542450 0.124849
0.571325 0.129520
0.573072 0.171995
0.561605 0.210691
0.502957 0.205688
0.556694 0.265100
0.633815 0.355251
0.472442 0.249403
0.504438 0.272332
0.859683 0.370762
0.659295 0.000095
0.613245 0.025952
0.597030 0.026494
0.566785 0.026490
0.545686 0.046120
0.556722 0.069098
0.531879 0.110483
0.557537 0.117039
0.574581 0.201555
0.545161 0.214153
0.563139 0.309839
0.534049 0.226745
0.517027 0.260879
0.453437 0.262979
0.667651 0.000327
0.576072 0.000331
0.629119 0.026603
0.570383 0.061926
0.585584 0.065324
0.574015 0.082167
0.545948 0.102194
0.566237 0.102156
0.585378 0.141453
0.573256 0.230095
0.556022 0.231006
0.545525 0.245231
0.756768 0.376223
0.731226 0.363780
0.683723 0.361472
0.684390 0.000403
0.584366 0.000745
0.609333 0.000762
0.591430 0.045438
0.557621 0.086994
0.591763 0.083012
0.580231 0.115404
0.585775 0.220193
0.593809 0.205574
0.584243 0.249788
0.533601 0.198056
0.556610 0.333513
0.529520 0.303966
0.480579 0.299823
0.692789 0.001012
0.625948 0.000492
0.645393 0.026757
0.623102 0.082603
0.600801 0.063590
0.584658 0.098530
0.594872 0.125347
0.584296 0.186821
0.606886 0.163037
0.616706 0.181672
0.546332 0.284202
0.621826 0.215430
0.563610 0.286221
0.575127 0.271348
0.767478 0.376777
0.709630 0.000516
0.638058 0.043252
0.631684 0.100139
0.621909 0.044172
0.615113 0.064387
0.607251 0.085209
0.599881 0.106877
0.599024 0.180103
0.616349 0.241093
0.608488 0.199690
0.620760 0.271513
0.891442 0.332625
0.467230 0.226386
0.853565 0.321182
0.718052 0.000351
0.650933 0.000941
0.662153 0.026488
0.630760 0.062600
0.615087 0.102779
0.611101 0.125787
0.588089 0.162637
0.618456 0.144191
0.624891 0.162914
0.631667 0.250504
0.596359 0.239016
0.574744 0.327951
0.546884 0.305833
0.567065 0.249799
0.617878 0.352639
0.726510 0.000273
0.678870 0.026755
0.654441 0.043286
0.647117 0.062326
0.639630 0.081065
0.601458 0.145839
0.634439 0.137849
0.635454 0.179534
0.627307 0.197361
0.608019 0.258325
0.728735 0.339381
0.658038 0.356795
0.747002 0.370717
0.497610 0.296515
0.743422 0.000543
0.676003 0.000757
0.687226 0.044034
0.670608 0.043141
0.664133 0.062665
0.656298 0.080241
0.625738 0.120307
0.640307 0.155485
0.632354 0.229749
0.638108 0.268361
0.646130 0.310979
0.641514 0.290567
0.614280 0.330127
0.864975 0.336563
0.840659 0.336822
0.751888 0.000351
0.694855 0.026945
0.680516 0.063001
0.689946 0.081845
0.673008 0.082304
0.648791 0.099828
0.642358 0.118511
0.648295 0.225288
0.648959 0.248772
0.623842 0.291816
0.606309 0.283766
0.593181 0.333229
0.693429 0.333678
0.891197 0.311077
0.760384 0.000857
0.701195 0.000533
0.711214 0.027074
0.696965 0.063575
0.684607 0.100647
0.665995 0.099759
0.652239 0.137404
0.650943 0.169750
0.642048 0.206649
0.662612 0.237118
0.588827 0.289105
0.664671 0.317278
0.579536 0.303081
0.764463 0.341884
0.940814 0.307524
0.768864 0.001021
0.727290 0.027405
0.704142 0.043206
0.706174 0.084079
0.659187 0.118661
0.672112 0.136903
0.661177 0.152471
0.660397 0.208829
0.655107 0.275701
0.674959 0.283996
0.675502 0.331356
0.627289 0.313132
0.945995 0.338115
0.708274 0.367013
0.777412 0.000686
0.734971 0.001314
0.743018 0.027571
0.722213 0.079477
0.676098 0.117964
0.689863 0.139710
0.678688 0.156821
0.651547 0.189738
0.664443 0.260087
0.633466 0.332613
0.681155 0.265201
0.697677 0.315565
0.692135 0.291575
0.833781 0.368458
0.710531 0.339390
0.794536 0.000369
0.738750 0.044562
0.721518 0.044784
0.701893 0.103254
0.692965 0.121387
0.694373 0.163118
0.668029 0.173225
0.669582 0.193074
0.661059 0.294998
0.749483 0.327010
0.725216 0.295164
0.609801 0.306986
0.716387 0.321842
0.651496 0.331152
0.803135 0.000324
0.758691 0.027401
0.713116 0.062155
0.735538 0.090351
0.709171 0.123836
0.704700 0.147230
0.710597 0.169964
0.684139 0.180933
0.673297 0.221266
0.689741 0.225443
0.680441 0.308054
0.708921 0.297283
0.816970 0.332395
0.807720 0.314367
0.748887 0.344824
0.811708 0.000159
0.764714 0.063110
0.747525 0.062837
0.718539 0.101639
0.720523 0.139483
0.724530 0.156992
0.728273 0.176198
0.684431 0.203903
0.721389 0.237000
0.738507 0.281232
0.763998 0.315874
0.733229 0.316340
0.781956 0.346904
0.779094 0.366555
0.828939 0.000556
0.785963 0.000243
0.756684 0.044585
0.731153 0.064702
0.749512 0.079960
0.726281 0.118747
0.737610 0.133383
0.699599 0.186533
0.704971 0.229137
0.679291 0.243651
0.695254 0.249776
0.749894 0.266870
0.759413 0.292245
0.872063 0.297336
0.953771 0.337652
0.837614 0.000048
0.775247 0.026927
0.774375 0.042633
0.766078 0.086575
0.756195 0.100972
0.739633 0.107110
0.716201 0.191901
0.731482 0.199502
0.701341 0.206506
0.735851 0.246649
0.714179 0.276275
0.728426 0.263616
0.849435 0.351125
0.794570 0.333142
0.846315 0.000319
0.820308 0.000691
0.791493 0.026955
0.784989 0.056509
0.778292 0.073247
0.772148 0.108942
0.753090 0.121212
0.752239 0.143143
0.741233 0.157410
0.697995 0.272209
0.712049 0.253627
0.744324 0.300327
0.792696 0.304185
0.908094 0.282331
0.902317 0.351356
0.863695 0.000531
0.809410 0.026733
0.796554 0.041291
0.795938 0.074629
0.783388 0.093062
0.801951 0.092877
0.767548 0.130780
0.757595 0.166807
0.718158 0.214858
0.734573 0.221708
0.749990 0.225189
0.752645 0.246998
0.780369 0.320971
0.776537 0.297361
0.872449 0.000017
0.854989 0.000163
0.828515 0.026533
0.816529 0.040848
0.804894 0.058364
0.823419 0.059328
0.793305 0.109789
0.783090 0.125336
0.768826 0.151812
0.744576 0.180829
0.748327 0.202438
0.767035 0.233863
0.768838 0.256155
0.767761 0.275572
0.851314 0.302120
0.889946 0.000384
0.863629 0.027179
0.846340 0.027140
0.834801 0.042389
0.814047 0.076037
0.818876 0.096491
0.809601 0.115508
0.785340 0.147284
0.775270 0.171807
0.761649 0.188381
0.763723 0.211590
0.786218 0.256497
0.801962 0.269802
0.924291 0.324783
0.898702 0.000534
0.881170 0.000498
0.881377 0.026680
0.853378 0.043318
0.841981 0.060720
0.831596 0.077891
0.849121 0.079792
0.827268 0.114232
0.799016 0.132725
0.819075 0.133891
0.778183 0.194164
0.782042 0.213180
0.816668 0.210399
0.853323 0.283217
0.954912 0.313313
0.907477 0.000126
0.916121 0.028118
0.871413 0.042979
0.878546 0.060697
0.860079 0.061763
0.867304 0.079867
0.836884 0.096549
0.845831 0.114343
0.853484 0.136056
0.792825 0.182701
0.806007 0.150770
0.783006 0.232864
0.798735 0.242788
0.786525 0.277947
0.916260 0.000192
0.925052 0.000931
0.924781 0.048650
0.899179 0.026601
0.889674 0.042459
0.884771 0.078159
0.892128 0.096017
0.856505 0.097203
0.862990 0.117620
0.836580 0.133240
0.860705 0.155048
0.793328 0.165021
0.798378 0.202509
0.927571 0.342256
0.869974 0.316556
0.933889 0.000490
0.931649 0.025930
0.907451 0.043169
0.897145 0.061700
0.920853 0.085634
0.874476 0.099406
0.880366 0.118079
0.870978 0.138217
0.884006 0.152700
0.824634 0.153144
0.833195 0.174079
0.828023 0.194586
0.811766 0.187326
0.830737 0.318989
0.942661 0.000281
0.954787 0.026741
0.940113 0.036532
0.915068 0.063829
0.903436 0.080335
0.912492 0.101579
0.890232 0.134448
0.906887 0.141024
0.905441 0.159128
0.841398 0.154142
0.885216 0.188435
0.851051 0.173470
0.813808 0.169125
0.801315 0.223251
0.891997 0.291255
0.951484 0.000112
0.940323 0.057574
0.932946 0.072584
0.938244 0.092587
0.947983 0.108908
0.897849 0.114256
0.920780 0.175393
0.891780 0.170144
0.897844 0.205765
0.913295 0.220879
0.955449 0.237085
0.864584 0.187035
0.844495 0.193250
0.973887 0.282348
0.960250 0.000443
0.971169 0.026496
0.958013 0.044236
0.952566 0.079229
0.958069 0.139344
0.929015 0.110694
0.913766 0.122920
0.872179 0.169929
0.934011 0.212761
0.905838 0.185120
0.935041 0.231475
0.833145 0.216529
0.933268 0.250036
0.928658 0.287782
0.876838 0.205838
0.968865 0.000369
0.974120 0.040040
0.959118 0.062979
0.943212 0.127003
0.956154 0.181143
0.934271 0.192753
0.938104 0.171927
0.913870 0.239028
0.893098 0.272581
0.890155 0.220910
0.972765 0.243578
0.978842 0.296657
0.820961 0.276790
0.834358 0.237012
0.977633 0.000201
0.999181 0.001477
0.974623 0.060097
0.974757 0.128302
0.927767 0.134977
0.942291 0.151373
0.954625 0.218509
0.973377 0.207177
0.978727 0.261149
0.893878 0.239925
0.999116 0.324137
0.873401 0.241988
0.903819 0.314895
0.813926 0.254088
0.890080 0.354375
0.987207 0.000666
0.973155 0.078392
0.962699 0.093958
0.973489 0.148050
0.959300 0.161424
0.923954 0.155384
0.939360 0.274102
0.853175 0.244522
0.999755 0.258811
0.921752 0.265050
0.872004 0.276634
0.951941 0.255647
0.920968 0.304125
0.822907 0.303057
0.999313 0.016651
0.999095 0.045044
0.975617 0.101549
0.964787 0.117047
0.999530 0.106857
0.999061 0.186303
0.999876 0.140099
0.999653 0.151429
0.954041 0.294285
0.999277 0.286856
0.959506 0.272376
0.868702 0.225345
0.859797 0.261107
0.999206 0.233936
0.833614 0.290714
0.999454 0.001188
0.999945 0.055095
0.999586 0.075202
0.999593 0.095980
0.999192 0.117669
0.973934 0.188797
0.974765 0.224972
0.906588 0.255645
0.999608 0.245897
0.999647 0.197976
0.999832 0.272343
0.842531 0.268058
0.805613 0.289305
0.977601 0.320577
0.999838 0.026235
0.998913 0.035523
0.999296 0.065121
0.999030 0.085550
0.975004 0.169528
0.999869 0.128818
0.999654 0.209855
0.917506 0.201345
0.999830 0.221928
0.999809 0.162606
0.999208 0.174485
0.830971 0.257224
0.881901 0.257588
0.999758 0.297353
0.999713 0.319775
