0.000220 0.025915
0.000805 0.064266
0.000141 0.094629
0.000921 0.126430
0.000765 0.137373
0.003701 0.401570
0.000553 0.183158
0.000393 0.194795
0.000968 0.338255
0.069315 0.315025
0.000274 0.365750
0.055246 0.301911
0.044448 0.318012
0.092303 0.314536
0.000651 0.016451
0.000035 0.044418
0.000002 0.074247
0.027445 0.069526
0.019644 0.263364
0.000488 0.206859
0.000987 0.171413
0.000935 0.299329
0.000588 0.244625
0.000226 0.258349
0.001711 0.354821
0.026405 0.352130
0.061632 0.349203
0.104329 0.278977
0.127134 0.270676
0.001066 0.000202
0.000438 0.054349
0.000400 0.084375
0.000200 0.105050
0.000590 0.115716
0.000659 0.219254
0.000139 0.159842
0.000230 0.313466
0.001027 0.232045
0.045431 0.334793
0.016915 0.403792
0.077978 0.298527
0.122896 0.289382
0.006627 0.377401
0.000042 0.000384
0.026192 0.032968
0.027033 0.052183
0.027376 0.105560
0.024953 0.212177
0.061574 0.224632
0.028179 0.195063
0.000626 0.272777
0.059608 0.283633
0.040012 0.276384
0.036258 0.296704
0.056958 0.390620
0.036904 0.371174
0.040305 0.352983
0.069702 0.332565
0.012417 0.000726
0.042620 0.042455
0.000125 0.034966
0.028213 0.088016
0.000026 0.148417
0.031778 0.252085
0.039210 0.223024
0.047333 0.241904
0.022461 0.312375
0.067706 0.246173
0.022764 0.329880
0.122206 0.219660
0.081567 0.278989
0.068675 0.372862
0.030370 0.000876
0.021862 0.000878
0.046186 0.060902
0.043574 0.077804
0.022991 0.235071
0.025342 0.155310
0.045909 0.187531
0.048097 0.207544
0.051265 0.262414
0.080537 0.229929
0.090906 0.209633
0.069545 0.264180
0.000722 0.326603
0.001336 0.395136
0.114109 0.310403
0.038723 0.000013
0.057868 0.028658
0.046557 0.097713
0.050208 0.132591
0.040596 0.167556
0.035063 0.143246
0.065650 0.192795
0.127093 0.185353
0.022621 0.286343
0.072310 0.210133
0.000490 0.286328
0.093162 0.263502
0.090665 0.246789
0.098822 0.296968
0.047230 0.000139
0.038980 0.027415
0.074114 0.028652
0.063434 0.044721
0.039870 0.116074
0.060990 0.112527
0.025733 0.176879
0.062540 0.173498
0.107535 0.186767
0.086547 0.190186
0.101328 0.227199
0.166520 0.215401
0.135307 0.230846
0.184252 0.246776
0.090290 0.334635
0.055888 0.000450
0.088097 0.032448
0.080743 0.051002
0.062506 0.083304
0.072641 0.098259
0.026215 0.127812
0.068539 0.131228
0.054201 0.154160
0.163808 0.176230
0.108613 0.206225
0.130497 0.203115
0.153324 0.232931
0.114067 0.240485
0.171515 0.236319
0.064508 0.000953
0.073086 0.000084
0.102183 0.028373
0.091502 0.064312
0.065392 0.064443
0.080529 0.078142
0.087018 0.136168
0.081774 0.115693
0.080229 0.172317
0.148214 0.190773
0.186274 0.223585
0.147958 0.212082
0.153654 0.252299
0.134473 0.250687
0.079844 0.352213
0.081667 0.000545
0.117690 0.028427
0.120948 0.044860
0.113029 0.064386
0.101942 0.079828
0.091574 0.096911
0.071334 0.151879
0.090638 0.155276
0.101658 0.171613
0.153196 0.155721
0.166557 0.196633
0.181929 0.183352
0.203214 0.240464
0.112105 0.328331
0.090210 0.000748
0.107344 0.000628
0.134154 0.028036
0.102303 0.047473
0.122355 0.082072
0.110881 0.097679
0.099899 0.116412
0.105380 0.136530
0.112011 0.153435
0.124565 0.166470
0.175101 0.161793
0.185725 0.203835
0.222396 0.272130
0.147212 0.272104
0.049844 0.385072
0.098754 0.000616
0.140524 0.044653
0.131208 0.062191
0.140010 0.078882
0.148017 0.096747
0.130482 0.100764
0.117845 0.116589
0.125087 0.135097
0.135078 0.150265
0.143675 0.171965
0.202290 0.182813
0.219859 0.229750
0.209299 0.257836
0.113099 0.259218
0.115951 0.000670
0.141671 0.000360
0.150695 0.027683
0.151040 0.062253
0.159206 0.079647
0.167559 0.097154
0.137228 0.119385
0.168367 0.126510
0.167007 0.144123
0.187188 0.145651
0.193900 0.166189
0.204450 0.199032
0.226263 0.249098
0.201506 0.279148
0.141344 0.290830
0.124552 0.000829
0.158935 0.043400
0.169678 0.060687
0.177815 0.077403
0.197051 0.075086
0.155627 0.113659
0.148291 0.134329
0.189525 0.128105
0.215440 0.167790
0.224380 0.187646
0.222593 0.207521
0.204515 0.218516
0.200735 0.301054
0.185127 0.304039
0.133110 0.000049
0.175839 0.000661
0.168416 0.027159
0.188186 0.059247
0.186884 0.093266
0.179480 0.111267
0.208542 0.131674
0.205685 0.149981
0.240570 0.203590
0.233225 0.171351
0.236814 0.225317
0.242185 0.261518
0.150166 0.330312
0.167401 0.264462
0.152377 0.306750
0.150238 0.000313
0.177538 0.041444
0.207936 0.058229
0.205123 0.093895
0.199494 0.112161
0.228227 0.131515
0.224855 0.149003
0.253367 0.167706
0.246471 0.186133
0.245625 0.242151
0.258017 0.279075
0.189517 0.263612
0.103632 0.371629
0.076407 0.385690
0.158786 0.000469
0.186824 0.026775
0.196532 0.041034
0.215852 0.040660
0.223047 0.095802
0.217319 0.113810
0.242582 0.152597
0.273082 0.164233
0.267803 0.182712
0.261146 0.201247
0.260827 0.258289
0.238858 0.282172
0.217725 0.292875
0.181599 0.282230
0.087175 0.373988
0.167326 0.000372
0.233963 0.042255
0.215011 0.076154
0.250715 0.079011
0.232812 0.078453
0.236584 0.115205
0.280129 0.200386
0.286756 0.180911
0.254731 0.220359
0.250717 0.297543
0.232178 0.302124
0.232887 0.325479
0.211641 0.316790
0.114733 0.369513
0.184397 0.000232
0.205287 0.026738
0.251373 0.042592
0.226495 0.060031
0.258785 0.097514
0.241048 0.096806
0.262186 0.148478
0.293076 0.163075
0.265636 0.237931
0.316626 0.265473
0.305177 0.238641
0.176564 0.325594
0.218921 0.332157
0.148703 0.353461
0.121752 0.357280
0.192924 0.000533
0.224251 0.026591
0.268343 0.043111
0.268750 0.079312
0.254664 0.115527
0.247090 0.134345
0.282153 0.146088
0.310979 0.218128
0.297489 0.257199
0.278064 0.261411
0.278631 0.279687
0.259100 0.334138
0.164218 0.284776
0.168674 0.308726
0.201440 0.000117
0.252310 0.000354
0.242152 0.026610
0.244596 0.061003
0.276631 0.096783
0.273858 0.115408
0.268074 0.131221
0.289984 0.128656
0.317185 0.199547
0.274181 0.219504
0.311646 0.291017
0.274661 0.299122
0.259821 0.313575
0.162987 0.344593
0.101825 0.347802
0.209948 0.000373
0.259924 0.026672
0.285399 0.043346
0.287128 0.078148
0.296621 0.092294
0.291749 0.110223
0.311804 0.164378
0.297812 0.201887
0.333846 0.209778
0.292080 0.222485
0.326706 0.282336
0.287997 0.321960
0.303015 0.328234
0.132727 0.312002
0.218444 0.000952
0.285951 0.000869
0.277028 0.026854
0.262624 0.061740
0.308143 0.076374
0.309180 0.109524
0.301114 0.145224
0.319021 0.145382
0.305010 0.182909
0.357296 0.187834
0.340087 0.245054
0.284229 0.240312
0.309168 0.310926
0.341156 0.316154
0.247985 0.331592
0.226913 0.000776
0.293494 0.027203
0.299020 0.061964
0.280563 0.061682
0.326138 0.112473
0.309315 0.127867
0.329905 0.129636
0.330482 0.161210
0.324022 0.180386
0.368730 0.219781
0.298396 0.276263
0.358760 0.260026
0.131168 0.331845
0.272983 0.328226
0.235406 0.000834
0.311008 0.000090
0.302553 0.043929
0.327724 0.077717
0.316479 0.092526
0.344153 0.112758
0.363171 0.112349
0.339895 0.144310
0.338491 0.191755
0.384033 0.138447
0.352792 0.207830
0.326585 0.227331
0.320606 0.247080
0.193133 0.340578
0.317719 0.328825
0.243846 0.000183
0.309780 0.026846
0.337101 0.061621
0.335156 0.095910
0.345670 0.079280
0.354457 0.095870
0.376426 0.122009
0.352718 0.155052
0.371458 0.154746
0.344283 0.172591
0.338616 0.262927
0.355873 0.297876
0.140203 0.354617
0.291174 0.298410
0.260736 0.000126
0.336096 0.000235
0.318788 0.060852
0.354338 0.061763
0.363457 0.078523
0.372517 0.095451
0.385965 0.104458
0.351030 0.128644
0.364392 0.137537
0.365232 0.170955
0.378355 0.183250
0.377563 0.257762
0.387611 0.220970
0.479628 0.344817
0.378250 0.239032
0.269160 0.000620
0.319213 0.042881
0.335776 0.043121
0.389830 0.058812
0.380964 0.076520
0.393334 0.087452
0.418237 0.135300
0.394469 0.119689
0.401439 0.137426
0.387766 0.157571
0.347116 0.226742
0.380877 0.332506
0.822513 0.353923
0.205994 0.337411
0.277538 0.000090
0.361078 0.000369
0.372141 0.061293
0.352015 0.042933
0.384969 0.041777
0.413570 0.082972
0.404796 0.100538
0.439438 0.099448
0.434662 0.134654
0.405604 0.154701
0.392847 0.173977
0.400701 0.190278
0.389754 0.203429
0.371398 0.201112
0.409921 0.334179
0.294298 0.000336
0.326466 0.026622
0.359012 0.026497
0.402029 0.040568
0.401013 0.071217
0.422126 0.099352
0.411360 0.117807
0.423355 0.153969
0.440344 0.154206
0.411709 0.172328
0.410840 0.206867
0.428528 0.222930
0.179569 0.342344
0.394680 0.333634
0.302700 0.000346
0.342955 0.026206
0.389670 0.025448
0.409239 0.055179
0.431276 0.082624
0.469989 0.093438
0.445852 0.117667
0.428625 0.116531
0.457855 0.104093
0.420386 0.189332
0.468894 0.208276
0.450845 0.206221
0.417676 0.239107
0.397132 0.240246
0.360112 0.239657
0.319414 0.000771
0.368453 0.043994
0.405756 0.025339
0.421329 0.041271
0.440272 0.041016
0.441864 0.069551
0.477792 0.112588
0.467617 0.139013
0.448820 0.171645
0.429996 0.172236
0.439969 0.189207
0.407624 0.275777
0.363714 0.334715
0.347993 0.279906
0.327727 0.000286
0.402528 0.000496
0.374034 0.026336
0.420595 0.025683
0.420972 0.066407
0.460868 0.074503
0.450692 0.086492
0.463178 0.121305
0.450568 0.137918
0.458579 0.188164
0.477465 0.154828
0.397607 0.258928
0.417242 0.256852
0.354589 0.330469
0.423280 0.336427
0.344434 0.000999
0.457020 0.040001
0.432733 0.055345
0.469413 0.059265
0.494276 0.081139
0.495099 0.117955
0.469540 0.172861
0.458931 0.156554
0.509017 0.313955
0.407362 0.223598
0.431035 0.205986
0.438258 0.241427
0.415540 0.313965
0.329354 0.327110
0.352786 0.000317
0.410746 0.000427
0.476875 0.000021
0.465721 0.024170
0.435284 0.025166
0.509781 0.083337
0.486572 0.097240
0.502353 0.102189
0.487031 0.170613
0.482465 0.131044
0.433382 0.295945
0.456334 0.242096
0.367808 0.277376
0.395381 0.295109
0.470909 0.269085
0.369396 0.000620
0.460314 0.000672
0.450112 0.024454
0.452764 0.056992
0.526958 0.131783
0.542155 0.144831
0.504294 0.133437
0.502823 0.158883
0.476330 0.191048
0.387199 0.277269
0.334337 0.298776
0.802957 0.349966
0.549173 0.353407
0.414517 0.294943
0.377646 0.000552
0.452039 0.000337
0.485155 0.000002
0.502913 0.043142
0.531657 0.041879
0.549386 0.192785
0.531319 0.179148
0.532231 0.156787
0.592953 0.268391
0.436567 0.315142
0.605450 0.354985
0.953506 0.199471
0.528217 0.280002
0.449463 0.340000
0.375972 0.296051
0.419040 0.000834
0.468596 0.000744
0.606643 0.042169
0.477809 0.077918
0.485126 0.061490
0.521035 0.210010
0.518406 0.166893
0.492366 0.146240
0.515849 0.228282
0.447861 0.223580
0.521906 0.348760
0.393212 0.314686
0.493119 0.324210
0.368309 0.314366
0.394245 0.000431
0.435513 0.001203
0.509949 0.000833
0.480834 0.024956
0.606152 0.224572
0.526255 0.084887
0.671297 0.354374
0.503376 0.178408
0.453558 0.302522
0.485410 0.213129
0.849800 0.223919
0.719912 0.370183
0.807309 0.377606
0.437416 0.338912
0.694782 0.363231
0.534779 0.000164
0.501680 0.000511
0.427258 0.000136
0.022921 0.380428
0.499905 0.062284
0.514599 0.119042
0.435843 0.259647
0.594881 0.314370
0.504622 0.245851
0.817574 0.373343
0.817010 0.233017
0.514487 0.291862
0.854910 0.372276
0.493668 0.345057
0.600999 0.000750
0.551335 0.000845
0.385968 0.001130
0.493419 0.000543
0.539160 0.025343
0.487731 0.042730
0.519137 0.100572
0.556566 0.160070
0.498797 0.225670
0.972516 0.331465
0.427930 0.276646
0.468130 0.340914
0.507550 0.347173
0.457209 0.322091
0.591423 0.355230
0.592686 0.000010
0.518198 0.000257
0.443769 0.000878
0.509674 0.025956
0.472519 0.041389
0.856690 0.206214
0.793072 0.375421
0.645771 0.358807
0.878073 0.352048
0.538257 0.325323
0.915466 0.344297
0.536134 0.351483
0.520360 0.328216
0.538164 0.263377
0.617690 0.000451
0.567815 0.000806
0.517571 0.045205
0.526512 0.000690
0.514270 0.065202
0.528274 0.064130
0.542384 0.064702
0.516867 0.145786
0.546093 0.171585
0.492638 0.192086
0.484336 0.235671
0.448189 0.282111
0.490705 0.256981
0.466682 0.288513
0.577537 0.352932
0.634292 0.000845
0.543101 0.000178
0.553058 0.027571
0.523908 0.025292
0.495373 0.025450
0.540940 0.084847
0.557332 0.139161
0.571549 0.152229
0.562590 0.185097
0.516139 0.190652
0.475794 0.317017
0.526230 0.244804
0.486841 0.277557
0.563502 0.354082
0.642681 0.000287
0.559528 0.000966
0.581934 0.026336
0.576080 0.042926
0.560520 0.046413
0.542487 0.125026
0.571247 0.129729
0.572953 0.172155
0.561681 0.211081
0.503250 0.205954
0.556790 0.265622
0.633945 0.355786
0.472696 0.249610
0.504662 0.272555
0.859731 0.370934
0.659304 0.000565
0.613360 0.025969
0.597101 0.026534
0.566826 0.026467
0.545667 0.046123
0.556719 0.069142
0.531995 0.110680
0.557547 0.117207
0.574519 0.201832
0.545245 0.214389
0.563279 0.310304
0.534315 0.227192
0.517263 0.261160
0.453735 0.263176
0.667663 0.000374
0.576099 0.000281
0.629182 0.026541
0.570362 0.061812
0.585567 0.065363
0.573952 0.082105
0.545997 0.102285
0.566215 0.102289
0.585234 0.141735
0.573244 0.230534
0.556020 0.231286
0.545720 0.245686
0.756753 0.377252
0.731116 0.364382
0.683838 0.362304
0.684413 0.000054
0.584389 0.000340
0.609366 0.000215
0.591445 0.045551
0.557676 0.087063
0.591638 0.083043
0.580157 0.115539
0.585696 0.220589
0.593590 0.205882
0.584154 0.250303
0.533763 0.198398
0.556825 0.333921
0.529681 0.304392
0.480742 0.300112
0.692807 0.000971
0.625970 0.000324
0.645417 0.026737
0.622962 0.082659
0.600790 0.063641
0.584552 0.098585
0.594711 0.125477
0.584155 0.187096
0.606724 0.163220
0.616419 0.181991
0.546424 0.284615
0.621638 0.215751
0.563718 0.286681
0.575145 0.271729
0.767232 0.377458
0.709660 0.000022
0.638022 0.043250
0.631553 0.100183
0.621910 0.044201
0.615050 0.064491
0.607106 0.085431
0.599764 0.107034
0.598827 0.180380
0.616170 0.241403
0.608317 0.200084
0.620695 0.272018
0.891303 0.333447
0.467600 0.226614
0.853382 0.321873
0.718079 0.000987
0.650967 0.000768
0.662066 0.026470
0.630712 0.062627
0.614969 0.102928
0.610934 0.125986
0.587991 0.162882
0.618328 0.144411
0.624708 0.163203
0.631506 0.251122
0.596193 0.239466
0.574915 0.328314
0.547080 0.306150
0.566949 0.250057
0.618076 0.353149
0.726525 0.000892
0.678711 0.026711
0.654312 0.043394
0.647044 0.062443
0.639456 0.081174
0.601328 0.146005
0.634292 0.138028
0.635203 0.179843
0.627138 0.197686
0.607983 0.258687
0.728616 0.340108
0.658147 0.357512
0.746941 0.371510
0.497848 0.296821
0.743446 0.000768
0.676019 0.000729
0.687005 0.044049
0.670487 0.043186
0.664001 0.062757
0.656163 0.080347
0.625568 0.120414
0.640085 0.155670
0.632082 0.230379
0.638052 0.268869
0.646092 0.311454
0.641494 0.291040
0.614407 0.330551
0.865016 0.336989
0.840364 0.337484
0.751898 0.000205
0.694708 0.026935
0.680305 0.063070
0.689778 0.081845
0.672870 0.082417
0.648658 0.099874
0.642168 0.118623
0.648035 0.225701
0.648790 0.249314
0.623839 0.292302
0.606299 0.284133
0.593426 0.333680
0.693419 0.334369
0.890910 0.311763
0.760397 0.000627
0.701213 0.000379
0.711075 0.027079
0.696761 0.063672
0.684476 0.100672
0.665876 0.099875
0.652066 0.137521
0.650671 0.170065
0.641761 0.207213
0.662287 0.237571
0.588794 0.289395
0.664681 0.317948
0.579654 0.303463
0.764237 0.342510
0.940481 0.308046
0.768881 0.000931
0.727086 0.027424
0.703823 0.043137
0.706012 0.084176
0.658945 0.118707
0.671862 0.136995
0.660901 0.152702
0.660158 0.209208
0.655060 0.276305
0.674839 0.284530
0.675597 0.331914
0.627260 0.313684
0.945564 0.338783
0.708320 0.367861
0.777449 0.000274
0.734988 0.001213
0.742839 0.027591
0.721985 0.079395
0.675861 0.118052
0.689582 0.139831
0.678361 0.156998
0.651206 0.190169
0.664288 0.260605
0.633593 0.333108
0.681002 0.265721
0.697599 0.316231
0.691984 0.292146
0.833643 0.368954
0.710536 0.340140
0.794560 0.000301
0.738498 0.044466
0.721213 0.044790
0.701685 0.103298
0.692681 0.121428
0.693988 0.163337
0.667722 0.173495
0.669285 0.193369
0.661066 0.295604
0.749273 0.327800
0.724973 0.295902
0.609855 0.307378
0.716311 0.322563
0.651602 0.331713
0.803175 0.001003
0.758514 0.027335
0.712809 0.062119
0.735275 0.090272
0.708869 0.123898
0.704343 0.147410
0.710217 0.170209
0.683832 0.181171
0.672942 0.221672
0.689457 0.225942
0.680421 0.308545
0.708726 0.297987
0.816754 0.332913
0.807388 0.315184
0.748684 0.345611
0.811733 0.000264
0.764382 0.062961
0.747189 0.062680
0.718369 0.101623
0.720123 0.139520
0.724090 0.157119
0.727884 0.176345
0.684043 0.204303
0.721033 0.237549
0.738287 0.281934
0.763747 0.316455
0.733025 0.316974
0.781766 0.347550
0.778896 0.367254
0.828966 0.000567
0.785982 0.000086
0.756496 0.044545
0.730846 0.064617
0.749182 0.079820
0.725967 0.118860
0.737241 0.133460
0.699272 0.186876
0.704617 0.229702
0.679064 0.244199
0.694989 0.250331
0.749514 0.267414
0.759037 0.292788
0.871719 0.297870
0.953447 0.337782
0.837623 0.000117
0.775050 0.026892
0.774205 0.042557
0.765716 0.086510
0.755845 0.100865
0.739274 0.107161
0.715840 0.192304
0.731040 0.199721
0.700945 0.206931
0.735484 0.247156
0.714043 0.276976
0.728163 0.264321
0.849295 0.351606
0.794305 0.333792
0.846337 0.000195
0.820342 0.000298
0.791344 0.026857
0.784721 0.056469
0.777893 0.073127
0.771748 0.108940
0.752739 0.121110
0.751848 0.143195
0.740871 0.157531
0.697792 0.272758
0.711799 0.254314
0.744062 0.301169
0.792297 0.304855
0.907961 0.282939
0.902418 0.351828
0.863717 0.000286
0.809230 0.026712
0.796329 0.041181
0.795590 0.074586
0.782999 0.092956
0.801557 0.092829
0.767132 0.130842
0.757049 0.166943
0.717704 0.215321
0.734161 0.222079
0.749532 0.225714
0.752181 0.247551
0.780040 0.321684
0.776183 0.297913
0.872452 0.000464
0.855012 0.001156
0.828303 0.026504
0.816261 0.040749
0.804589 0.058309
0.823083 0.059311
0.792852 0.109754
0.782726 0.125339
0.768381 0.151921
0.744100 0.181141
0.747966 0.202870
0.766550 0.234303
0.768434 0.256712
0.767398 0.276228
0.850982 0.302624
0.889952 0.000081
0.863404 0.027150
0.846105 0.027105
0.834507 0.042342
0.813684 0.075946
0.818427 0.096528
0.809180 0.115624
0.784884 0.147301
0.774836 0.172028
0.761226 0.188656
0.763348 0.211911
0.785822 0.257062
0.801600 0.270389
0.923962 0.325294
0.898710 0.000279
0.881177 0.000169
0.881168 0.026611
0.853108 0.043269
0.841651 0.060676
0.831195 0.077851
0.848787 0.079671
0.826856 0.114126
0.798667 0.132761
0.818784 0.133893
0.777766 0.194457
0.781623 0.213559
0.816265 0.210622
0.853105 0.283760
0.954787 0.313635
0.907481 0.000023
0.916003 0.028100
0.871159 0.042873
0.878248 0.060599
0.859782 0.061670
0.866975 0.079826
0.836520 0.096504
0.845390 0.114296
0.853102 0.136081
0.792374 0.182867
0.805624 0.150789
0.782485 0.233413
0.798276 0.243240
0.786116 0.278582
0.916261 0.000500
0.925051 0.000671
0.924619 0.048538
0.898997 0.026504
0.889400 0.042377
0.884472 0.078045
0.891880 0.095885
0.856097 0.097186
0.862639 0.117536
0.836224 0.133318
0.860440 0.154987
0.792869 0.165090
0.797939 0.202699
0.927603 0.342981
0.869698 0.317319
0.933896 0.000192
0.931544 0.025812
0.907232 0.043013
0.896904 0.061482
0.920587 0.085514
0.874119 0.099302
0.880008 0.118019
0.870619 0.138243
0.883668 0.152783
0.824305 0.153278
0.832779 0.174144
0.827593 0.194766
0.811312 0.187419
0.830301 0.319457
0.942670 0.000202
0.954808 0.026713
0.940067 0.036379
0.914807 0.063589
0.903140 0.080196
0.912223 0.101450
0.889874 0.134440
0.906558 0.141077
0.905112 0.159259
0.841066 0.154214
0.884841 0.188712
0.850739 0.173596
0.813380 0.169233
0.800837 0.223665
0.891746 0.291730
0.951486 0.000101
0.940076 0.057372
0.932832 0.072455
0.938057 0.092465
0.947768 0.108695
0.897563 0.114188
0.920475 0.175586
0.891442 0.170257
0.897540 0.206191
0.913067 0.221184
0.955316 0.237306
0.864192 0.187272
0.844105 0.193437
0.973662 0.282609
0.960251 0.000222
0.971187 0.026415
0.957852 0.044085
0.952405 0.079067
0.957874 0.139209
0.928771 0.110605
0.913433 0.122861
0.871813 0.170081
0.933819 0.213018
0.905544 0.185350
0.934852 0.231848
0.832661 0.216890
0.933102 0.250520
0.928264 0.288328
0.876560 0.206118
0.968867 0.000330
0.974144 0.039985
0.958977 0.062805
0.942888 0.126876
0.955922 0.181224
0.934085 0.193033
0.937778 0.172024
0.913656 0.239478
0.892847 0.273141
0.889872 0.221338
0.972717 0.243893
0.978922 0.296950
0.820583 0.277290
0.833891 0.237379
0.977641 0.000478
0.999485 0.001385
0.974610 0.059803
0.974451 0.128122
0.927497 0.135001
0.942013 0.151362
0.954517 0.218881
0.973048 0.207278
0.978573 0.261334
0.893504 0.240429
0.999066 0.323723
0.872980 0.242380
0.903659 0.315432
0.813479 0.254566
0.890097 0.354826
0.987230 0.000305
0.973024 0.078038
0.962635 0.093673
0.973194 0.147890
0.959103 0.161370
0.923626 0.155419
0.939246 0.274402
0.852853 0.244923
0.999972 0.258799
0.921548 0.265620
0.871846 0.277226
0.951715 0.256036
0.920638 0.304412
0.822633 0.303701
0.999903 0.016694
0.999217 0.045076
0.975414 0.101249
0.964654 0.116877
0.999793 0.106878
0.999069 0.186239
0.999210 0.140065
0.999708 0.151374
0.953820 0.294853
0.999236 0.286867
0.959202 0.272876
0.868406 0.225674
0.859454 0.261727
0.999283 0.233921
0.833315 0.291235
0.999647 0.000702
0.999328 0.055123
0.999765 0.075251
0.999967 0.096032
0.999240 0.117678
0.973714 0.188907
0.974681 0.225252
0.906251 0.256060
0.999835 0.245960
0.999619 0.197928
0.999819 0.272307
0.842152 0.268717
0.805169 0.289951
0.977651 0.320787
0.998897 0.026251
0.998872 0.035542
0.999436 0.065167
0.999013 0.085577
0.974707 0.169454
0.999530 0.128802
0.999857 0.209736
0.917239 0.201570
0.999166 0.221860
0.999757 0.162556
0.999233 0.174411
0.830628 0.257618
0.881564 0.258054
0.999749 0.297399
0.999690 0.319702
