0.001023 0.025965
0.000771 0.064439
0.000092 0.094749
0.000444 0.126495
0.000260 0.137468
0.004722 0.398700
0.000237 0.183136
0.000671 0.194848
0.000621 0.336330
0.070117 0.317369
0.000153 0.364445
0.055612 0.303762
0.044759 0.319302
0.093892 0.316667
0.000826 0.016598
0.000973 0.044502
0.000618 0.074354
0.028233 0.070031
0.020336 0.264526
0.000156 0.206828
0.000281 0.171353
0.000610 0.298269
0.000050 0.244493
0.000727 0.257993
0.001420 0.351012
0.027464 0.352254
0.062901 0.350769
0.105647 0.281098
0.127780 0.273189
0.000964 0.000472
0.000809 0.054478
0.000094 0.084472
0.000636 0.105128
0.000023 0.115793
0.000700 0.219162
0.000865 0.159822
0.000102 0.312674
0.000706 0.231844
0.045244 0.335982
0.018170 0.399889
0.078510 0.300501
0.123738 0.291681
0.006880 0.375885
0.000238 0.000478
0.026641 0.033344
0.027600 0.052722
0.028325 0.105726
0.025846 0.213552
0.062368 0.226404
0.028524 0.196328
0.000935 0.272159
0.060370 0.284982
0.040129 0.277895
0.036360 0.298057
0.058406 0.391323
0.037433 0.372676
0.041292 0.353823
0.070083 0.334955
0.012468 0.000621
0.043131 0.042674
0.000321 0.035034
0.028994 0.088441
0.000680 0.148434
0.031961 0.253379
0.039863 0.224726
0.048220 0.243327
0.023020 0.312793
0.068426 0.248046
0.022978 0.330953
0.123087 0.221471
0.082557 0.281492
0.070142 0.375214
0.030428 0.000088
0.021901 0.000361
0.047315 0.061470
0.044157 0.078658
0.023450 0.236297
0.026458 0.156361
0.046245 0.188807
0.048894 0.209119
0.051955 0.264543
0.081203 0.231927
0.091626 0.211377
0.070373 0.266513
0.000222 0.325853
0.000287 0.394253
0.115467 0.312622
0.038783 0.000724
0.058519 0.029220
0.047816 0.098783
0.051222 0.133806
0.041317 0.168618
0.035483 0.143836
0.066653 0.193883
0.128580 0.186713
0.023057 0.287455
0.073027 0.211765
0.000204 0.285608
0.093783 0.265085
0.091617 0.248069
0.099310 0.299152
0.047258 0.000387
0.039346 0.028053
0.074920 0.029593
0.064528 0.045088
0.040664 0.116801
0.062216 0.113667
0.026833 0.178110
0.063513 0.174986
0.108851 0.188192
0.087785 0.191786
0.102507 0.228866
0.168062 0.216516
0.136312 0.232554
0.185667 0.248468
0.091600 0.336934
0.055938 0.000749
0.089217 0.032359
0.081999 0.051763
0.063655 0.084004
0.073840 0.099123
0.027382 0.128249
0.069700 0.132374
0.055380 0.155523
0.165443 0.177289
0.109525 0.207669
0.131743 0.204645
0.154547 0.234277
0.115297 0.242381
0.173038 0.237898
0.064538 0.000655
0.073082 0.000986
0.103428 0.029067
0.093097 0.065033
0.066440 0.065179
0.081645 0.078857
0.088199 0.137461
0.083066 0.116838
0.081614 0.173727
0.149717 0.192008
0.187982 0.224895
0.149342 0.213271
0.154867 0.254044
0.135732 0.252330
0.081321 0.354227
0.081636 0.000453
0.119131 0.028926
0.122743 0.045461
0.114681 0.065068
0.103500 0.080654
0.092870 0.097569
0.072575 0.153313
0.092324 0.156524
0.103002 0.172659
0.154805 0.157061
0.168117 0.197710
0.183636 0.184542
0.205077 0.241474
0.113440 0.330992
0.090164 0.000521
0.107298 0.000898
0.135584 0.028602
0.103649 0.047779
0.123943 0.082970
0.112399 0.098606
0.101245 0.117563
0.107038 0.137155
0.113651 0.154396
0.125723 0.168101
0.176591 0.162773
0.187382 0.204995
0.224035 0.273789
0.148297 0.273697
0.051860 0.385894
0.098712 0.000079
0.142479 0.045011
0.133111 0.062828
0.141753 0.079570
0.149744 0.097534
0.132129 0.101940
0.119334 0.117684
0.126950 0.136118
0.136636 0.151686
0.145058 0.173284
0.203836 0.183717
0.221492 0.230957
0.211083 0.259337
0.113914 0.261049
0.115893 0.000848
0.141605 0.000106
0.152263 0.028135
0.152997 0.063106
0.161185 0.080363
0.169339 0.098153
0.139029 0.120366
0.170062 0.127574
0.168497 0.144827
0.188619 0.146401
0.195532 0.166970
0.206224 0.200192
0.227585 0.250549
0.202555 0.280824
0.142582 0.292909
0.124488 0.000889
0.160916 0.043710
0.171728 0.061533
0.179811 0.078118
0.199118 0.075823
0.157354 0.114685
0.149864 0.135479
0.191423 0.128817
0.217196 0.168548
0.226035 0.188705
0.224240 0.208565
0.206012 0.219618
0.201933 0.302465
0.186212 0.305983
0.133054 0.000300
0.175790 0.001150
0.170002 0.027555
0.190377 0.060001
0.188905 0.094118
0.181226 0.112193
0.210207 0.132687
0.207180 0.150650
0.242179 0.204520
0.234839 0.172103
0.238532 0.226286
0.243870 0.262758
0.151322 0.332595
0.168672 0.266108
0.153137 0.309238
0.150202 0.000251
0.179343 0.041904
0.210164 0.059006
0.207189 0.094590
0.201360 0.112991
0.230128 0.132363
0.226491 0.149963
0.255024 0.168872
0.248139 0.187019
0.246921 0.243348
0.259689 0.280895
0.190872 0.264996
0.105159 0.374042
0.077659 0.386731
0.158729 0.000494
0.188392 0.027296
0.198490 0.041588
0.217780 0.041185
0.225260 0.096551
0.219088 0.114541
0.244242 0.153274
0.274745 0.164899
0.269456 0.183575
0.262658 0.202080
0.262262 0.259438
0.240030 0.283697
0.218825 0.294580
0.182486 0.283934
0.088369 0.376332
0.167288 0.000696
0.235785 0.042770
0.217277 0.076934
0.253173 0.079601
0.235113 0.079190
0.238184 0.115742
0.281631 0.201373
0.288378 0.181644
0.256456 0.221343
0.251687 0.299152
0.233537 0.304612
0.233951 0.327951
0.212700 0.318646
0.116525 0.371964
0.184333 0.000104
0.206997 0.027172
0.253036 0.042988
0.228840 0.060710
0.260911 0.098197
0.243220 0.097624
0.264061 0.149088
0.294783 0.163858
0.266846 0.238969
0.317802 0.266486
0.306425 0.239801
0.177722 0.327716
0.219289 0.334244
0.150660 0.356193
0.123460 0.359318
0.192877 0.000473
0.225911 0.026982
0.270123 0.043401
0.271027 0.079832
0.256292 0.116325
0.249072 0.135177
0.283982 0.146598
0.312745 0.219107
0.298707 0.258188
0.279333 0.262308
0.279871 0.281371
0.260181 0.335476
0.165049 0.287037
0.169793 0.310777
0.201398 0.000214
0.252234 0.000634
0.244005 0.026899
0.247060 0.061717
0.278820 0.097199
0.275543 0.115844
0.269964 0.131773
0.291776 0.129113
0.318533 0.200428
0.275664 0.220617
0.312576 0.291932
0.276157 0.300413
0.260797 0.315350
0.164434 0.347412
0.103299 0.349884
0.209892 0.000551
0.261679 0.027007
0.287218 0.043445
0.289217 0.078424
0.298719 0.092579
0.293576 0.110510
0.313488 0.165059
0.299218 0.202692
0.335071 0.210677
0.293943 0.223594
0.328242 0.283738
0.289535 0.324426
0.303674 0.330245
0.134156 0.314497
0.218371 0.000537
0.285894 0.000535
0.278513 0.026871
0.265020 0.062184
0.310106 0.076643
0.311026 0.109717
0.302876 0.145830
0.320719 0.145871
0.306627 0.183786
0.358692 0.188262
0.341571 0.246144
0.285527 0.241140
0.310204 0.312173
0.342261 0.317503
0.249144 0.333391
0.226851 0.000547
0.295010 0.027359
0.301189 0.062146
0.282900 0.062046
0.327935 0.112687
0.310945 0.128107
0.331312 0.129876
0.332144 0.161714
0.325603 0.180961
0.369781 0.220354
0.299542 0.277620
0.360026 0.261165
0.132363 0.333905
0.274621 0.329670
0.235353 0.000124
0.310947 0.000211
0.304444 0.044097
0.329509 0.077874
0.318402 0.092868
0.346086 0.112955
0.365019 0.112454
0.341435 0.144458
0.339899 0.192200
0.385050 0.138921
0.354154 0.208427
0.328359 0.228230
0.322144 0.248284
0.194067 0.343042
0.319009 0.330663
0.243802 0.000870
0.311155 0.026914
0.338761 0.061547
0.336939 0.096044
0.347274 0.079115
0.355769 0.096049
0.377930 0.122166
0.354027 0.155326
0.372343 0.154950
0.345932 0.173092
0.339974 0.264091
0.356911 0.299511
0.142371 0.357207
0.292340 0.300310
0.260666 0.000944
0.336016 0.000686
0.320669 0.061041
0.355857 0.061581
0.364625 0.078503
0.373566 0.095212
0.387095 0.104305
0.352431 0.128737
0.365842 0.137624
0.366807 0.171389
0.379745 0.183606
0.378792 0.258957
0.388728 0.221479
0.480341 0.345879
0.379693 0.239684
0.269090 0.000856
0.321032 0.042849
0.337435 0.042943
0.391015 0.058607
0.381998 0.076364
0.394204 0.087336
0.418910 0.135703
0.395362 0.119953
0.402456 0.137590
0.388792 0.157810
0.348776 0.227636
0.381582 0.333865
0.821772 0.357061
0.206815 0.339757
0.277489 0.000091
0.360955 0.000673
0.373551 0.061203
0.353633 0.042904
0.386419 0.041788
0.414234 0.083100
0.405472 0.100679
0.439838 0.099749
0.435373 0.134722
0.406579 0.154947
0.393852 0.174028
0.401554 0.190547
0.391034 0.203859
0.372572 0.201651
0.410470 0.335671
0.294263 0.000416
0.327791 0.026471
0.360198 0.026430
0.403356 0.040587
0.401794 0.071230
0.422603 0.099359
0.412052 0.117766
0.424318 0.154098
0.441217 0.154326
0.412714 0.172438
0.411807 0.207319
0.429463 0.223817
0.180873 0.344737
0.395664 0.335195
0.302645 0.000381
0.344206 0.026210
0.390384 0.025223
0.410100 0.055381
0.431915 0.082593
0.470480 0.093581
0.446360 0.117861
0.429084 0.116703
0.458425 0.104238
0.421144 0.189724
0.469907 0.208854
0.451749 0.206954
0.418480 0.240088
0.398156 0.241042
0.361645 0.240679
0.319330 0.000904
0.369969 0.043883
0.406076 0.024971
0.421952 0.041162
0.440389 0.040703
0.442546 0.069546
0.478400 0.112888
0.468789 0.139172
0.449779 0.171902
0.430954 0.172561
0.440629 0.189776
0.408946 0.276790
0.364765 0.335988
0.349701 0.281252
0.327652 0.000191
0.402407 0.000037
0.375133 0.026355
0.420740 0.025374
0.421773 0.066609
0.461323 0.074555
0.451025 0.086641
0.463682 0.121456
0.451375 0.138096
0.459233 0.188703
0.478339 0.155654
0.398865 0.259717
0.418483 0.258170
0.355744 0.331751
0.424168 0.337664
0.344302 0.001017
0.456890 0.039788
0.433149 0.055186
0.469660 0.059255
0.494902 0.081158
0.495896 0.118189
0.470261 0.173496
0.459758 0.156551
0.510062 0.314802
0.408307 0.224347
0.431705 0.206504
0.439180 0.242082
0.416357 0.315102
0.329204 0.328532
0.352651 0.000888
0.410631 0.000337
0.476947 0.000141
0.465845 0.023980
0.435413 0.024942
0.510404 0.083556
0.487175 0.097515
0.503049 0.102226
0.487841 0.171530
0.483460 0.131416
0.434618 0.297156
0.457252 0.242824
0.369051 0.278977
0.396453 0.296480
0.471890 0.269831
0.369262 0.000256
0.460325 0.000050
0.450379 0.024106
0.453163 0.056806
0.527059 0.132596
0.541821 0.145388
0.505071 0.133769
0.503484 0.159550
0.477342 0.191804
0.388518 0.278252
0.335279 0.299816
0.801860 0.352746
0.549822 0.354364
0.415368 0.296220
0.377547 0.001034
0.452023 0.000891
0.485216 0.000433
0.503113 0.043057
0.531767 0.041344
0.549848 0.193954
0.531812 0.180681
0.532772 0.158158
0.592860 0.269964
0.437286 0.316477
0.605767 0.356811
0.952787 0.199738
0.529236 0.281560
0.450558 0.341395
0.377249 0.296950
0.418948 0.000663
0.468655 0.001000
0.606844 0.042234
0.478343 0.078194
0.485134 0.061422
0.522130 0.211493
0.519101 0.167833
0.493022 0.146763
0.516707 0.229320
0.448926 0.224164
0.523076 0.349674
0.394366 0.315998
0.494323 0.325221
0.369247 0.315787
0.394131 0.000672
0.435419 0.001215
0.510017 0.000776
0.480961 0.024940
0.605437 0.225719
0.526890 0.084845
0.671587 0.356405
0.504305 0.178989
0.454763 0.303768
0.486431 0.213775
0.848260 0.225070
0.720073 0.373626
0.806321 0.380752
0.438136 0.340379
0.695069 0.366470
0.534834 0.000177
0.501751 0.000872
0.427150 0.000174
0.024960 0.380172
0.500028 0.062214
0.515222 0.119118
0.436940 0.260585
0.595128 0.315995
0.505551 0.246974
0.817576 0.375430
0.815164 0.234384
0.515519 0.292766
0.854919 0.374274
0.494402 0.346199
0.601106 0.001042
0.551423 0.000224
0.385797 0.000268
0.493497 0.001051
0.539437 0.025092
0.487782 0.042684
0.520167 0.100716
0.556231 0.160673
0.499797 0.226413
0.971126 0.332411
0.428961 0.277843
0.468680 0.342026
0.508385 0.347978
0.457898 0.323307
0.592064 0.356776
0.592806 0.000426
0.518254 0.000411
0.443717 0.000850
0.509780 0.026306
0.472582 0.041158
0.854969 0.206850
0.792866 0.377835
0.646059 0.361448
0.877739 0.354399
0.539217 0.326452
0.915646 0.345971
0.536946 0.352472
0.521050 0.329709
0.538475 0.264425
0.617739 0.000610
0.567912 0.000145
0.517826 0.045810
0.526578 0.000464
0.514399 0.065547
0.528614 0.063882
0.542704 0.064382
0.517256 0.146711
0.546415 0.172852
0.493824 0.192916
0.485752 0.236733
0.449115 0.283168
0.491709 0.258364
0.467501 0.289553
0.578224 0.354318
0.634400 0.000616
0.543165 0.000104
0.553307 0.027741
0.523920 0.025398
0.495507 0.025417
0.541549 0.084876
0.557157 0.139924
0.571273 0.153005
0.562806 0.186036
0.516851 0.191775
0.476898 0.318263
0.526818 0.246029
0.487788 0.279022
0.564061 0.355337
0.642726 0.000659
0.559659 0.000853
0.582580 0.026223
0.576417 0.042284
0.560617 0.046209
0.542779 0.125564
0.571097 0.130373
0.572596 0.172588
0.562105 0.212646
0.504376 0.207042
0.557113 0.267789
0.634382 0.357826
0.473711 0.250481
0.505546 0.273534
0.859869 0.371412
0.659377 0.000417
0.613942 0.025981
0.597574 0.026625
0.567275 0.026307
0.545797 0.046169
0.556873 0.069251
0.532558 0.111239
0.557711 0.117696
0.574376 0.202871
0.545557 0.215268
0.563756 0.312091
0.535343 0.229028
0.518204 0.262388
0.454836 0.263956
0.667716 0.000781
0.576209 0.000302
0.629585 0.026285
0.570476 0.061279
0.585630 0.065400
0.573874 0.081747
0.546271 0.102464
0.566293 0.102662
0.584840 0.142642
0.573261 0.232301
0.556033 0.232436
0.546485 0.247630
0.756645 0.381243
0.730674 0.366496
0.684250 0.365410
0.684495 0.000197
0.584478 0.000119
0.609415 0.000248
0.591689 0.045928
0.558047 0.087252
0.591388 0.083018
0.579981 0.115892
0.585513 0.222124
0.592888 0.206986
0.583828 0.252421
0.534394 0.199736
0.557595 0.335297
0.530317 0.306013
0.481413 0.301232
0.692909 0.000914
0.626048 0.000113
0.645690 0.026561
0.622550 0.082699
0.600936 0.063723
0.584314 0.098640
0.594246 0.125843
0.583765 0.188062
0.606250 0.163801
0.615432 0.183019
0.546715 0.286341
0.620953 0.216946
0.564151 0.288614
0.575173 0.273326
0.766466 0.379980
0.709749 0.000040
0.638016 0.043130
0.631207 0.100262
0.622064 0.044284
0.615049 0.064809
0.606697 0.086178
0.599487 0.107451
0.598222 0.181321
0.615476 0.242559
0.607789 0.201534
0.620429 0.273943
0.890692 0.336364
0.469002 0.227482
0.852569 0.324375
0.718160 0.000997
0.651083 0.000682
0.661836 0.026373
0.630689 0.062671
0.614671 0.103401
0.610448 0.126612
0.587816 0.163686
0.618032 0.145079
0.624097 0.164140
0.630828 0.253476
0.595628 0.241201
0.575536 0.329596
0.547790 0.307346
0.566426 0.251167
0.618797 0.355101
0.726594 0.000342
0.678140 0.026535
0.653976 0.043721
0.646924 0.062791
0.638959 0.081497
0.601006 0.146450
0.633835 0.138505
0.634328 0.180858
0.626610 0.198791
0.607852 0.260017
0.728162 0.342935
0.658507 0.360278
0.746569 0.374361
0.498844 0.298019
0.743505 0.000228
0.676111 0.000823
0.686275 0.044137
0.670150 0.043295
0.663617 0.062997
0.655759 0.080717
0.625046 0.120609
0.639354 0.156153
0.631039 0.232759
0.637897 0.270838
0.645914 0.313252
0.641394 0.292892
0.614811 0.332155
0.865261 0.338590
0.839130 0.339905
0.751963 0.000967
0.694214 0.026860
0.679613 0.063256
0.689235 0.081754
0.672473 0.082727
0.648299 0.099872
0.641555 0.118888
0.647081 0.227220
0.648120 0.251349
0.623819 0.294222
0.606167 0.285654
0.594348 0.335371
0.693357 0.337100
0.889757 0.314169
0.760457 0.000883
0.701293 0.000650
0.710654 0.027101
0.696078 0.063959
0.684082 0.100601
0.665554 0.100181
0.651529 0.137692
0.649673 0.171111
0.640645 0.209315
0.661014 0.239217
0.588594 0.290548
0.664708 0.320569
0.580011 0.304944
0.763410 0.344841
0.939181 0.309776
0.768979 0.000251
0.726335 0.027535
0.702703 0.042906
0.705463 0.084459
0.658139 0.118776
0.670969 0.137079
0.659872 0.153431
0.659263 0.210600
0.654853 0.278622
0.674399 0.286572
0.676015 0.334128
0.627147 0.315771
0.944026 0.341255
0.708561 0.371055
0.777548 0.000116
0.735067 0.000734
0.742186 0.027647
0.721138 0.079029
0.675086 0.118231
0.688576 0.140056
0.677195 0.157430
0.649871 0.191638
0.663599 0.262494
0.634092 0.335005
0.680436 0.267706
0.697281 0.318831
0.691382 0.294356
0.833110 0.370681
0.710538 0.343087
0.794649 0.000854
0.737538 0.044064
0.720117 0.044786
0.700957 0.103367
0.691679 0.121389
0.692615 0.163990
0.666594 0.174313
0.668218 0.194325
0.661059 0.298032
0.748484 0.330822
0.724081 0.298752
0.609985 0.308807
0.715989 0.325366
0.652050 0.333922
0.803315 0.000253
0.757897 0.027097
0.711691 0.061928
0.734263 0.089788
0.707783 0.123953
0.703102 0.147928
0.708814 0.170904
0.682739 0.181833
0.671558 0.223093
0.688333 0.227697
0.680351 0.310423
0.707929 0.300778
0.815938 0.334892
0.806027 0.318272
0.747877 0.348619
0.811806 0.000922
0.763110 0.062252
0.745915 0.061990
0.717762 0.101365
0.718673 0.139451
0.722406 0.157363
0.726505 0.176730
0.682585 0.205669
0.719660 0.239471
0.737452 0.284557
0.762757 0.318655
0.732279 0.319438
0.780972 0.349972
0.778325 0.369804
0.829092 0.000263
0.786054 0.000323
0.755814 0.044332
0.729695 0.064156
0.747902 0.079146
0.724791 0.119102
0.735887 0.133592
0.698068 0.188006
0.703362 0.231838
0.678155 0.246196
0.694067 0.252338
0.748078 0.269469
0.757570 0.294840
0.870456 0.299769
0.952582 0.337981
0.837716 0.000775
0.774349 0.026770
0.773625 0.042249
0.764314 0.086096
0.754509 0.100371
0.737921 0.107299
0.714556 0.193648
0.729487 0.200367
0.699515 0.208420
0.734090 0.248946
0.713620 0.279678
0.727199 0.267026
0.848772 0.353429
0.793244 0.336227
0.846399 0.000272
0.820438 0.000525
0.790848 0.026480
0.783731 0.056233
0.776361 0.072571
0.770195 0.108849
0.751374 0.120553
0.750387 0.143219
0.739536 0.157844
0.697011 0.274810
0.710827 0.256910
0.743109 0.304498
0.790770 0.307334
0.907621 0.285184
0.902751 0.353633
0.863767 0.000192
0.808649 0.026538
0.795514 0.040734
0.794222 0.074328
0.781479 0.092475
0.800046 0.092542
0.765516 0.130980
0.755005 0.167329
0.716019 0.216833
0.732596 0.223247
0.747876 0.227529
0.750513 0.249512
0.778720 0.324410
0.774878 0.300034
0.872476 0.001048
0.855127 0.000409
0.827515 0.026347
0.815243 0.040299
0.803415 0.057951
0.821857 0.059132
0.791059 0.109464
0.781314 0.125239
0.766763 0.152234
0.742376 0.182161
0.746605 0.204301
0.764689 0.235765
0.766967 0.258715
0.766027 0.278619
0.849741 0.304459
0.889981 0.000581
0.862569 0.026974
0.845210 0.026924
0.833460 0.042019
0.812326 0.075574
0.816675 0.096495
0.807570 0.115963
0.783134 0.147234
0.773168 0.172643
0.759645 0.189419
0.762007 0.212913
0.784319 0.259134
0.800269 0.272502
0.922733 0.326864
0.898732 0.000641
0.881207 0.000253
0.880343 0.026372
0.852073 0.042981
0.840432 0.060460
0.829662 0.077583
0.847592 0.078993
0.825292 0.113684
0.797388 0.132813
0.817568 0.133739
0.776200 0.195379
0.780086 0.214772
0.814659 0.211205
0.852397 0.285838
0.954501 0.314707
0.907503 0.000035
0.915533 0.028078
0.870210 0.042369
0.877124 0.060196
0.858699 0.061291
0.865801 0.079541
0.835163 0.096175
0.843722 0.114047
0.851649 0.135976
0.790655 0.183336
0.804071 0.150650
0.780528 0.235313
0.796548 0.244886
0.784561 0.281003
0.916268 0.000886
0.925064 0.000720
0.924016 0.048018
0.898276 0.026161
0.888366 0.042010
0.883391 0.077534
0.891033 0.095273
0.854620 0.097030
0.861316 0.117061
0.834842 0.133427
0.859480 0.154666
0.791041 0.165096
0.796271 0.203227
0.927933 0.345610
0.868811 0.320042
0.933914 0.000600
0.931135 0.025441
0.906434 0.042442
0.896034 0.060625
0.919599 0.084969
0.872860 0.098711
0.878733 0.117609
0.869397 0.138154
0.882473 0.152925
0.823026 0.153641
0.831100 0.174216
0.825918 0.195257
0.809568 0.187594
0.828730 0.321268
0.942695 0.000403
0.954835 0.026566
0.939978 0.035921
0.913871 0.062781
0.902112 0.079574
0.911253 0.100796
0.888671 0.134255
0.905432 0.141089
0.903966 0.159611
0.839888 0.154394
0.883535 0.189615
0.849545 0.173832
0.811743 0.169535
0.798967 0.224865
0.890803 0.293501
0.951520 0.000643
0.939198 0.056615
0.932361 0.071932
0.937320 0.091937
0.946987 0.107737
0.896566 0.113795
0.919369 0.176204
0.890253 0.170659
0.896518 0.207545
0.912279 0.222184
0.954779 0.237942
0.862826 0.188091
0.842643 0.194022
0.972736 0.283343
0.960297 0.000345
0.971236 0.026075
0.957223 0.043502
0.951720 0.078431
0.957132 0.138513
0.927880 0.110169
0.912267 0.122537
0.870508 0.170481
0.933047 0.213810
0.904470 0.186095
0.934001 0.232963
0.830974 0.217977
0.932442 0.252073
0.926788 0.290275
0.875520 0.207005
0.968931 0.000984
0.974229 0.039860
0.958431 0.062212
0.941660 0.126285
0.955059 0.181269
0.933405 0.193826
0.936645 0.172194
0.912927 0.240821
0.891948 0.275085
0.888895 0.222887
0.972486 0.244919
0.979143 0.298018
0.819074 0.279066
0.832270 0.238621
0.977718 0.000677
0.999636 0.001359
0.974491 0.058752
0.973239 0.127356
0.926533 0.135010
0.940951 0.151119
0.954063 0.219956
0.971669 0.207310
0.977853 0.261805
0.892209 0.242032
0.998819 0.322192
0.871430 0.243626
0.903230 0.317259
0.811778 0.256268
0.890086 0.356545
0.987346 0.000017
0.972541 0.076781
0.962397 0.092530
0.972042 0.147173
0.958384 0.160983
0.922509 0.155329
0.938862 0.275416
0.851571 0.246156
0.999076 0.258799
0.920804 0.267647
0.871334 0.279434
0.950902 0.257335
0.919366 0.305304
0.821510 0.306037
0.999257 0.016723
0.999931 0.045215
0.974579 0.100095
0.964174 0.116045
0.999741 0.106982
0.999625 0.185768
0.999559 0.139932
0.999702 0.151199
0.952963 0.296780
0.999487 0.286655
0.958015 0.274584
0.867350 0.226636
0.858262 0.263832
0.999723 0.233779
0.832233 0.293100
0.999774 0.000928
0.999166 0.055258
0.999329 0.075420
0.999739 0.096207
0.999839 0.117742
0.972723 0.189042
0.974212 0.226022
0.904978 0.257397
0.999757 0.246059
0.999726 0.197590
0.999168 0.272061
0.840682 0.271078
0.803433 0.292344
0.977652 0.321598
0.999599 0.026298
0.999680 0.035623
0.999624 0.065388
0.999952 0.085838
0.973436 0.168941
0.999883 0.128750
0.999226 0.209384
0.916283 0.202233
0.999379 0.221546
0.999978 0.162358
0.999929 0.173942
0.829309 0.258804
0.880368 0.259627
0.999874 0.297442
0.999875 0.318980
