0.000470 0.026195
0.000569 0.064617
0.000568 0.094924
0.000764 0.126624
0.000854 0.137495
0.006575 0.396440
0.000745 0.183001
0.000985 0.194722
0.000595 0.335365
0.071321 0.319527
0.000144 0.362517
0.056407 0.305361
0.045380 0.320035
0.095855 0.318730
0.000649 0.016781
0.000858 0.044724
0.000917 0.074552
0.029256 0.070443
0.021141 0.265179
0.000681 0.206697
0.000594 0.171262
0.000373 0.296650
0.000899 0.244127
0.000237 0.257235
0.000757 0.346749
0.028189 0.351630
0.064679 0.351754
0.107417 0.283161
0.128870 0.275558
0.000515 0.001730
0.000827 0.054673
0.000586 0.084620
0.000632 0.105357
0.000511 0.115947
0.000289 0.218941
0.000871 0.159799
0.000417 0.311227
0.000614 0.231456
0.045492 0.336631
0.019508 0.394068
0.079276 0.302362
0.124910 0.293902
0.006418 0.372625
0.000120 0.000341
0.027150 0.033739
0.028532 0.053238
0.029446 0.105637
0.026957 0.214456
0.063135 0.228003
0.029076 0.197187
0.000379 0.271192
0.061476 0.286174
0.040334 0.279014
0.036674 0.299060
0.060334 0.391969
0.038470 0.373703
0.043055 0.354123
0.070763 0.337142
0.012535 0.000826
0.043703 0.042921
0.000638 0.035197
0.029924 0.088860
0.001041 0.148454
0.032325 0.253835
0.040473 0.226156
0.049319 0.244233
0.023926 0.312229
0.069398 0.249466
0.023692 0.331629
0.124040 0.223216
0.083905 0.284053
0.071768 0.376839
0.030427 0.000604
0.021949 0.000037
0.048810 0.061943
0.044865 0.079621
0.024050 0.236926
0.028036 0.157056
0.046662 0.189827
0.049858 0.210103
0.052809 0.266166
0.082121 0.233875
0.092445 0.212759
0.071641 0.268563
0.000369 0.324514
0.000210 0.393179
0.117162 0.314760
0.038819 0.000477
0.059210 0.029812
0.049361 0.099713
0.052437 0.134952
0.042068 0.169276
0.035784 0.143967
0.067801 0.194581
0.130132 0.188044
0.023315 0.288071
0.073735 0.212808
0.000806 0.284932
0.094645 0.266315
0.092892 0.248952
0.100052 0.301231
0.047316 0.000511
0.039632 0.028540
0.075828 0.030663
0.065789 0.045586
0.041336 0.117487
0.063567 0.114655
0.028246 0.179041
0.064560 0.176268
0.110240 0.189609
0.089110 0.193140
0.103848 0.230538
0.169877 0.217507
0.137553 0.234350
0.187259 0.250084
0.093419 0.338998
0.055988 0.000378
0.090307 0.032265
0.083382 0.052519
0.064882 0.084595
0.075108 0.099791
0.028916 0.128412
0.070954 0.133439
0.056699 0.156495
0.167222 0.178224
0.110558 0.208682
0.133256 0.205992
0.155998 0.235500
0.116786 0.244313
0.174686 0.239373
0.064546 0.000585
0.073081 0.000589
0.104638 0.029985
0.094960 0.065649
0.067774 0.065848
0.082895 0.079492
0.089446 0.138539
0.084433 0.117862
0.083111 0.175006
0.151348 0.193333
0.189859 0.226090
0.150939 0.214250
0.156254 0.255897
0.137202 0.254013
0.083359 0.355682
0.081617 0.000413
0.120526 0.029619
0.124555 0.046159
0.116373 0.065625
0.105141 0.081448
0.094259 0.098004
0.073939 0.154444
0.094173 0.157420
0.104417 0.173458
0.156588 0.158305
0.169884 0.198757
0.185628 0.185637
0.207003 0.242257
0.115196 0.333721
0.090143 0.000837
0.107229 0.000922
0.137007 0.029383
0.104934 0.048063
0.125577 0.083733
0.113899 0.099395
0.102559 0.118504
0.108759 0.137466
0.115354 0.155016
0.126840 0.169605
0.178341 0.163697
0.189116 0.206070
0.225855 0.275324
0.149713 0.275108
0.053945 0.386871
0.098690 0.000479
0.144480 0.045403
0.135102 0.063446
0.143565 0.080219
0.151485 0.098093
0.133860 0.102822
0.120834 0.118623
0.128902 0.137041
0.138254 0.152890
0.146603 0.174493
0.205711 0.184274
0.223310 0.232082
0.213059 0.260848
0.115085 0.262536
0.115813 0.000247
0.141515 0.000506
0.153921 0.028716
0.155107 0.063850
0.163327 0.080951
0.171221 0.098927
0.140993 0.121099
0.171946 0.128438
0.170154 0.145405
0.190195 0.147126
0.197385 0.167532
0.208257 0.201237
0.229154 0.251948
0.203763 0.282461
0.144245 0.294763
0.124386 0.001014
0.163044 0.044099
0.173922 0.062255
0.181901 0.078706
0.201329 0.076425
0.159169 0.115496
0.151492 0.136586
0.193438 0.129455
0.219087 0.169172
0.227890 0.189653
0.226220 0.209394
0.207548 0.220657
0.203187 0.303796
0.187461 0.307793
0.132966 0.001062
0.175746 0.000744
0.171632 0.027986
0.192783 0.060529
0.191091 0.094927
0.183115 0.112861
0.212194 0.133609
0.208885 0.151347
0.244017 0.205301
0.236643 0.172631
0.240582 0.226936
0.245811 0.264007
0.152765 0.334543
0.170042 0.267738
0.154121 0.311535
0.150101 0.000026
0.181380 0.042548
0.212554 0.059661
0.209428 0.095168
0.203338 0.113478
0.232257 0.133141
0.228239 0.150995
0.256945 0.169961
0.249974 0.187808
0.248537 0.244437
0.261866 0.282677
0.192290 0.266369
0.107768 0.376062
0.079568 0.387941
0.158649 0.000816
0.190138 0.027795
0.200593 0.042243
0.219688 0.041703
0.227560 0.097245
0.221133 0.115161
0.246105 0.153844
0.276626 0.165448
0.271229 0.184379
0.264313 0.202783
0.264029 0.260507
0.241463 0.285168
0.220157 0.296249
0.183365 0.285598
0.090834 0.378676
0.167216 0.001093
0.237617 0.043139
0.219773 0.077572
0.255844 0.079962
0.237658 0.079657
0.239932 0.116217
0.283348 0.202254
0.290138 0.182402
0.258426 0.222112
0.252938 0.300719
0.235190 0.307384
0.235361 0.330425
0.213967 0.320387
0.118393 0.373817
0.184280 0.001030
0.208829 0.027516
0.254714 0.043258
0.231425 0.061290
0.263285 0.098835
0.245565 0.098390
0.266021 0.149665
0.296552 0.164609
0.268280 0.240032
0.319147 0.267559
0.307834 0.240945
0.179271 0.329681
0.219941 0.336442
0.153557 0.359058
0.125178 0.361371
0.192810 0.000406
0.227683 0.027252
0.271932 0.043567
0.273466 0.080196
0.258026 0.117257
0.251340 0.135807
0.285879 0.147027
0.314627 0.220057
0.300190 0.259169
0.280988 0.263064
0.281389 0.283118
0.261669 0.336628
0.165948 0.289178
0.171171 0.312541
0.201302 0.000278
0.252121 0.000205
0.245857 0.027171
0.249730 0.062334
0.281277 0.097452
0.277335 0.116099
0.271947 0.132428
0.293653 0.129491
0.319971 0.201255
0.277403 0.221540
0.313682 0.292777
0.278013 0.301662
0.262135 0.317125
0.166522 0.350117
0.105500 0.351871
0.209799 0.000820
0.263285 0.027320
0.289071 0.043379
0.291425 0.078485
0.300928 0.092836
0.295460 0.110816
0.315072 0.165702
0.300745 0.203464
0.336254 0.211587
0.296115 0.224503
0.329999 0.285165
0.291342 0.327079
0.304237 0.332049
0.136001 0.316933
0.218274 0.000560
0.285802 0.000974
0.279967 0.026846
0.267541 0.062401
0.312144 0.076672
0.312823 0.109881
0.304650 0.146414
0.322427 0.146274
0.308274 0.184699
0.360015 0.188766
0.343195 0.247310
0.287034 0.242075
0.311423 0.313163
0.343560 0.318670
0.250595 0.335271
0.226748 0.000414
0.296517 0.027256
0.303447 0.061974
0.285340 0.062060
0.329712 0.112812
0.312600 0.128241
0.332493 0.129986
0.333718 0.162167
0.327201 0.181555
0.370802 0.221158
0.300989 0.279015
0.361295 0.262226
0.133715 0.335793
0.276784 0.331007
0.235236 0.001166
0.310846 0.000368
0.306228 0.044098
0.331251 0.077749
0.320398 0.093155
0.347983 0.112985
0.366700 0.112409
0.342804 0.144448
0.341275 0.192652
0.385958 0.139375
0.355473 0.209059
0.330291 0.229317
0.323917 0.249599
0.195312 0.345434
0.320318 0.332800
0.243664 0.000251
0.312363 0.026726
0.340263 0.061194
0.338667 0.095925
0.348633 0.078692
0.356778 0.096109
0.379123 0.122233
0.355143 0.155637
0.373016 0.155118
0.347620 0.173640
0.341331 0.265402
0.357827 0.301220
0.144432 0.360019
0.293809 0.302275
0.260542 0.000300
0.335867 0.000599
0.322526 0.061036
0.357162 0.061146
0.365539 0.078329
0.374397 0.094634
0.387940 0.104031
0.353563 0.128721
0.367159 0.137582
0.368333 0.172017
0.381104 0.184211
0.380177 0.260201
0.389928 0.222091
0.481224 0.346840
0.381192 0.240434
0.268973 0.000544
0.322684 0.042588
0.338891 0.042600
0.391809 0.058323
0.382720 0.076157
0.394816 0.087170
0.419669 0.136182
0.396144 0.120191
0.403326 0.137697
0.389855 0.158105
0.350549 0.228504
0.382387 0.335454
0.820912 0.360291
0.207769 0.342074
0.277349 0.000199
0.360788 0.000595
0.374588 0.060897
0.354981 0.042736
0.387517 0.041739
0.414679 0.083302
0.405955 0.100788
0.440373 0.100195
0.436199 0.134790
0.407672 0.155308
0.394851 0.174127
0.402514 0.190842
0.392312 0.204462
0.373833 0.202193
0.411079 0.337397
0.294169 0.001134
0.328827 0.026070
0.360818 0.026164
0.404351 0.040565
0.402310 0.071177
0.423053 0.099381
0.412773 0.117694
0.425370 0.154349
0.442245 0.154572
0.413860 0.172581
0.412906 0.207893
0.430435 0.224819
0.182647 0.347091
0.396792 0.336919
0.302533 0.001109
0.345070 0.026069
0.390522 0.024986
0.410723 0.055696
0.432610 0.082605
0.471123 0.093740
0.446953 0.118171
0.429599 0.116879
0.459160 0.104319
0.421951 0.190266
0.470710 0.209574
0.452611 0.207804
0.419443 0.241190
0.399209 0.242007
0.363313 0.241899
0.319179 0.000596
0.371113 0.043599
0.405721 0.024648
0.422325 0.041127
0.440396 0.040411
0.443319 0.069697
0.479175 0.113059
0.470106 0.139346
0.450761 0.172228
0.432084 0.172874
0.441240 0.190409
0.410406 0.277934
0.366026 0.337216
0.351423 0.282765
0.327514 0.000462
0.402219 0.000830
0.375703 0.026262
0.420491 0.025171
0.422519 0.067054
0.462025 0.074712
0.451451 0.086951
0.464380 0.121686
0.452465 0.138173
0.459801 0.189401
0.479147 0.156506
0.400100 0.260559
0.419747 0.259682
0.357019 0.333184
0.425313 0.339009
0.344163 0.000475
0.456806 0.039854
0.433466 0.055209
0.470018 0.059263
0.495756 0.081067
0.496881 0.118190
0.470863 0.174149
0.460707 0.156529
0.511286 0.315662
0.409295 0.225050
0.432412 0.207156
0.440052 0.242753
0.417357 0.316401
0.329289 0.329909
0.352467 0.000384
0.410549 0.001016
0.477006 0.000568
0.466246 0.024185
0.435231 0.024979
0.511339 0.083733
0.488048 0.097802
0.504108 0.102040
0.488536 0.172583
0.484723 0.131555
0.436110 0.298579
0.458231 0.243725
0.370357 0.280690
0.397652 0.297999
0.473028 0.270806
0.369052 0.000249
0.460348 0.000873
0.450670 0.024065
0.453590 0.056761
0.527260 0.133222
0.541493 0.145584
0.506011 0.133924
0.504057 0.160097
0.478287 0.192565
0.390038 0.279191
0.336379 0.300869
0.800549 0.355968
0.550583 0.355511
0.416334 0.297618
0.377324 0.000060
0.452022 0.000597
0.485288 0.001032
0.503650 0.042975
0.532330 0.040504
0.550677 0.195310
0.532416 0.182232
0.533624 0.159481
0.592898 0.271887
0.438077 0.318046
0.606037 0.358838
0.952081 0.199458
0.530305 0.283593
0.451798 0.342860
0.378629 0.297944
0.418852 0.000757
0.468721 0.000715
0.607395 0.042168
0.479199 0.078546
0.485327 0.061464
0.523214 0.213520
0.519879 0.168802
0.493668 0.147068
0.517502 0.230770
0.450087 0.224867
0.524263 0.350644
0.395671 0.317351
0.495762 0.326312
0.370308 0.317152
0.393935 0.000449
0.435349 0.000403
0.510111 0.000022
0.481415 0.025106
0.604823 0.226699
0.527869 0.084403
0.672048 0.358485
0.505214 0.179591
0.456159 0.305164
0.487262 0.214583
0.846585 0.225957
0.720188 0.377503
0.804826 0.383495
0.439049 0.341976
0.695270 0.370090
0.534923 0.000717
0.501868 0.000060
0.427087 0.000257
0.027698 0.379761
0.500417 0.062105
0.516057 0.118905
0.438275 0.261681
0.595293 0.317908
0.506375 0.248478
0.817299 0.377776
0.813255 0.235388
0.516707 0.293914
0.854959 0.375965
0.495250 0.347408
0.601234 0.000160
0.551512 0.001038
0.385647 0.000765
0.493592 0.000148
0.540267 0.024814
0.488157 0.042758
0.521610 0.100555
0.556030 0.161000
0.500710 0.227476
0.969159 0.332035
0.430167 0.279234
0.469320 0.343307
0.509281 0.348665
0.458682 0.324650
0.592902 0.358437
0.592915 0.000033
0.518366 0.000230
0.443683 0.000871
0.510419 0.026760
0.472794 0.041097
0.853106 0.207353
0.793117 0.380080
0.646386 0.364365
0.877090 0.356959
0.540349 0.327545
0.915946 0.347738
0.537715 0.353466
0.521803 0.331188
0.538752 0.266055
0.617797 0.000068
0.568004 0.000604
0.518424 0.046776
0.526643 0.000404
0.514817 0.066073
0.529346 0.063480
0.543522 0.063834
0.517791 0.147489
0.547091 0.174155
0.494844 0.193893
0.487179 0.238120
0.450174 0.284295
0.492812 0.260147
0.468441 0.290705
0.579089 0.355915
0.634490 0.000356
0.543241 0.000049
0.554128 0.027805
0.524452 0.025592
0.496023 0.025400
0.542507 0.084551
0.557260 0.140337
0.571405 0.153536
0.563455 0.186792
0.517396 0.192982
0.478238 0.319707
0.527340 0.247769
0.488967 0.280900
0.564801 0.356674
0.642806 0.000681
0.559785 0.000962
0.583946 0.025875
0.577266 0.041209
0.561267 0.045724
0.543415 0.125851
0.571333 0.130743
0.572509 0.172684
0.562957 0.214587
0.505512 0.208353
0.557439 0.270614
0.634850 0.360145
0.474871 0.251557
0.506430 0.274969
0.859830 0.371711
0.659491 0.000320
0.614823 0.025932
0.598634 0.026613
0.568285 0.025863
0.546365 0.046235
0.557483 0.069199
0.533440 0.111504
0.558196 0.117895
0.574482 0.203973
0.545938 0.216226
0.564274 0.314282
0.536470 0.231341
0.519168 0.264131
0.455996 0.264868
0.667861 0.000466
0.576297 0.000317
0.630299 0.026055
0.571041 0.060403
0.585982 0.065155
0.574216 0.081060
0.546772 0.102286
0.566777 0.102767
0.584825 0.143182
0.573572 0.234478
0.556159 0.233821
0.547386 0.250249
0.756368 0.385662
0.730285 0.368666
0.684579 0.368715
0.684604 0.000541
0.584612 0.000450
0.609464 0.000178
0.592354 0.046260
0.558866 0.087317
0.591650 0.082667
0.580067 0.115932
0.585632 0.223878
0.592503 0.208027
0.583567 0.255094
0.535061 0.201250
0.558446 0.336517
0.530943 0.307912
0.482227 0.302553
0.693042 0.000708
0.626119 0.000192
0.646322 0.026242
0.622273 0.082368
0.601517 0.063607
0.584460 0.098362
0.594065 0.126013
0.583751 0.188893
0.606123 0.164203
0.614662 0.183779
0.546918 0.288593
0.620354 0.218230
0.564746 0.291200
0.575159 0.275369
0.765772 0.382713
0.709868 0.000092
0.638220 0.042810
0.631106 0.100197
0.622515 0.044363
0.615570 0.064988
0.606567 0.086772
0.599509 0.107553
0.597979 0.182106
0.614705 0.243792
0.607567 0.202937
0.620106 0.276125
0.889898 0.338953
0.470453 0.228457
0.851298 0.326786
0.718304 0.000480
0.651174 0.000652
0.661848 0.026271
0.630986 0.062542
0.614687 0.103722
0.610267 0.127065
0.588144 0.164279
0.618136 0.145451
0.623688 0.164861
0.629926 0.256046
0.595193 0.243166
0.576304 0.330938
0.548481 0.308762
0.565854 0.252759
0.619583 0.357334
0.726672 0.000021
0.677719 0.026331
0.653943 0.043963
0.647046 0.062950
0.638716 0.081599
0.601081 0.146483
0.633555 0.138605
0.633583 0.181611
0.626317 0.199642
0.607795 0.261405
0.727649 0.346331
0.658797 0.363437
0.746113 0.377368
0.499997 0.299464
0.743551 0.000742
0.676240 0.000278
0.685724 0.044253
0.669992 0.043250
0.663379 0.063015
0.655507 0.081024
0.624717 0.120450
0.638857 0.156263
0.629961 0.235309
0.637863 0.273132
0.645678 0.315347
0.641245 0.295150
0.615165 0.334018
0.865586 0.340199
0.837513 0.342284
0.752040 0.000325
0.693799 0.026602
0.679079 0.063240
0.688840 0.081469
0.672229 0.082806
0.648172 0.099561
0.641048 0.118872
0.646104 0.228809
0.647379 0.253494
0.623797 0.296546
0.605925 0.287676
0.595419 0.337274
0.693154 0.340502
0.888368 0.316357
0.760540 0.001037
0.701409 0.000234
0.710397 0.026969
0.695474 0.064021
0.683831 0.100243
0.665436 0.100265
0.651212 0.137438
0.648696 0.171982
0.639438 0.211484
0.659657 0.240855
0.588357 0.292033
0.664630 0.323720
0.580370 0.306789
0.762627 0.347461
0.937871 0.311238
0.769066 0.000655
0.725672 0.027441
0.701666 0.042649
0.705010 0.084611
0.657457 0.118685
0.670106 0.136808
0.658790 0.153966
0.658364 0.211859
0.654607 0.281231
0.673935 0.288828
0.676523 0.336924
0.627079 0.318161
0.942638 0.343632
0.708845 0.374695
0.777610 0.000729
0.735141 0.000222
0.741479 0.027397
0.720289 0.078504
0.674481 0.118189
0.687572 0.139911
0.676038 0.157412
0.648439 0.192891
0.662676 0.264338
0.634755 0.337255
0.679823 0.269836
0.696812 0.321929
0.690695 0.296839
0.832514 0.372311
0.710324 0.346699
0.794782 0.000439
0.736498 0.043428
0.719032 0.044638
0.700361 0.103345
0.690752 0.121085
0.691286 0.164391
0.665450 0.174829
0.667182 0.194953
0.660934 0.301098
0.747730 0.334238
0.723123 0.301930
0.609988 0.310307
0.715416 0.328634
0.652611 0.336677
0.803372 0.000565
0.757209 0.026808
0.710554 0.061569
0.733262 0.089003
0.706685 0.123711
0.701931 0.148268
0.707360 0.171288
0.681705 0.182120
0.670100 0.224449
0.686978 0.229249
0.680208 0.312614
0.706881 0.304069
0.815112 0.337090
0.804379 0.321530
0.747007 0.352223
0.811957 0.000618
0.761746 0.061297
0.744559 0.061099
0.717221 0.100736
0.717228 0.139105
0.720564 0.157221
0.725127 0.176768
0.681077 0.206796
0.718151 0.241155
0.736528 0.287314
0.761640 0.321061
0.731520 0.322294
0.779968 0.352698
0.778016 0.372467
0.829201 0.000235
0.786193 0.000652
0.755122 0.043848
0.728461 0.063380
0.746523 0.078184
0.723553 0.118992
0.734573 0.133525
0.696807 0.188945
0.702172 0.234074
0.677022 0.248093
0.693224 0.254224
0.746550 0.271588
0.755894 0.297033
0.869114 0.301598
0.952285 0.337439
0.837860 0.000434
0.773617 0.026615
0.773109 0.041888
0.762745 0.085348
0.753037 0.099626
0.736531 0.107274
0.713240 0.194701
0.728073 0.200757
0.698044 0.209743
0.732477 0.250526
0.713274 0.282716
0.726196 0.269922
0.848129 0.355365
0.792044 0.338887
0.846503 0.000942
0.820568 0.000635
0.790329 0.026082
0.782751 0.055898
0.774660 0.071867
0.768454 0.108607
0.749908 0.119693
0.748843 0.142940
0.738076 0.157907
0.696215 0.276983
0.709774 0.259669
0.742217 0.308406
0.789208 0.309867
0.907340 0.287248
0.903064 0.355636
0.863819 0.000388
0.808183 0.026112
0.794645 0.040347
0.792619 0.073940
0.779721 0.091855
0.798341 0.092094
0.763691 0.130946
0.752865 0.167547
0.714270 0.217970
0.730855 0.223964
0.746158 0.229049
0.748919 0.251307
0.777170 0.327460
0.773616 0.302419
0.872530 0.000687
0.855187 0.000187
0.826764 0.026083
0.814188 0.039947
0.802111 0.057380
0.820632 0.058765
0.788953 0.108807
0.779665 0.124900
0.765116 0.152465
0.740678 0.182970
0.745103 0.205469
0.762634 0.236867
0.765553 0.260584
0.764569 0.280864
0.848346 0.306319
0.890028 0.000717
0.861559 0.026672
0.844285 0.026662
0.832505 0.041585
0.810860 0.075218
0.814676 0.096124
0.805720 0.116037
0.781160 0.146930
0.771251 0.172855
0.757925 0.189649
0.760655 0.213570
0.782739 0.261157
0.799013 0.274555
0.921455 0.327865
0.898788 0.000106
0.881290 0.000957
0.879359 0.026268
0.850899 0.042588
0.839147 0.060181
0.827995 0.077195
0.846381 0.077948
0.823566 0.113095
0.796002 0.132720
0.816024 0.133310
0.774485 0.195987
0.778570 0.215694
0.812742 0.211395
0.851744 0.287970
0.954618 0.315534
0.907549 0.000218
0.914982 0.028223
0.869147 0.041797
0.875907 0.059823
0.857581 0.060909
0.864650 0.079065
0.833711 0.095460
0.841953 0.113659
0.850113 0.135402
0.788704 0.183440
0.802171 0.150167
0.778513 0.236966
0.794719 0.246407
0.783006 0.283581
0.916298 0.000960
0.925100 0.000347
0.923336 0.047351
0.897464 0.026005
0.887275 0.041664
0.882317 0.076881
0.890227 0.094492
0.853135 0.096683
0.859932 0.116248
0.833278 0.133178
0.858534 0.154230
0.788829 0.164588
0.794483 0.203511
0.928906 0.348194
0.868078 0.322502
0.933953 0.000289
0.930636 0.025398
0.905600 0.042005
0.895138 0.059817
0.918564 0.084166
0.871692 0.097760
0.877512 0.116790
0.868387 0.137595
0.881369 0.152747
0.821515 0.153765
0.829160 0.174008
0.824027 0.195440
0.807640 0.187466
0.827233 0.323284
0.942742 0.000189
0.954831 0.026398
0.939982 0.035775
0.912987 0.062312
0.901196 0.078699
0.910276 0.099843
0.887656 0.133696
0.904394 0.140718
0.902876 0.159695
0.838791 0.154469
0.882299 0.190253
0.848218 0.173646
0.809864 0.169574
0.796866 0.225401
0.889620 0.295380
0.951568 0.000500
0.938363 0.055996
0.931650 0.071379
0.936367 0.091290
0.946215 0.106508
0.895583 0.113145
0.918251 0.176581
0.889097 0.171052
0.895584 0.208442
0.911557 0.222944
0.954167 0.238116
0.861544 0.188773
0.841048 0.194340
0.971591 0.283625
0.960344 0.000428
0.971429 0.025936
0.956650 0.043003
0.950736 0.077745
0.956351 0.137316
0.926940 0.109547
0.911175 0.121993
0.869218 0.170611
0.932054 0.214277
0.903317 0.186582
0.932744 0.233540
0.829336 0.218591
0.931529 0.253046
0.925372 0.291942
0.874359 0.207563
0.968992 0.000478
0.974386 0.039890
0.957834 0.061786
0.940320 0.125354
0.954242 0.180681
0.932626 0.194052
0.935518 0.171904
0.912252 0.241574
0.890989 0.276621
0.887973 0.224340
0.972105 0.245470
0.979080 0.298790
0.817313 0.280711
0.830778 0.239647
0.977799 0.000648
0.999508 0.001335
0.974216 0.057854
0.971871 0.126349
0.925564 0.134805
0.939762 0.150452
0.953578 0.220398
0.969986 0.206581
0.976691 0.261775
0.891021 0.243186
0.998285 0.321189
0.869682 0.244520
0.902872 0.318833
0.810002 0.257857
0.890016 0.358551
0.987432 0.000469
0.972135 0.075661
0.962214 0.091258
0.970740 0.146119
0.957722 0.160171
0.921514 0.154829
0.938567 0.276078
0.850021 0.247000
0.999681 0.258658
0.919935 0.269243
0.870857 0.281572
0.950089 0.258218
0.917850 0.306072
0.820092 0.308204
0.999680 0.016771
0.999218 0.045368
0.973648 0.098947
0.963767 0.114782
0.999773 0.107213
0.999016 0.185285
0.999098 0.139775
0.999321 0.151030
0.952121 0.298417
0.999283 0.286011
0.956775 0.276072
0.866215 0.227066
0.857014 0.265472
0.999805 0.233338
0.831032 0.294799
0.999660 0.000554
0.999192 0.055584
0.999984 0.075802
0.998986 0.096437
0.999934 0.117856
0.971366 0.188558
0.973419 0.226115
0.903606 0.258214
0.999786 0.245867
0.999972 0.197109
0.999297 0.271714
0.838931 0.273189
0.801557 0.294780
0.976902 0.322482
0.999533 0.026374
0.999359 0.035694
0.999977 0.065700
0.999518 0.086140
0.971738 0.167936
0.999327 0.128751
0.999922 0.208611
0.915308 0.202495
0.999002 0.220941
0.999352 0.162232
0.999687 0.173647
0.827929 0.259495
0.879114 0.260841
0.999919 0.297020
0.999746 0.317664
