0.000397 0.009985
0.000170 0.043048
0.000351 0.074752
0.000681 0.116476
0.000791 0.148470
0.000004 0.182844
0.000530 0.211337
0.000098 0.234882
0.000448 0.258216
0.000175 0.285574
0.005325 0.317213
0.001144 0.341594
0.001986 0.364021
0.008600 0.400512
0.006320 0.000803
0.000343 0.021954
0.000425 0.053574
0.000926 0.095732
0.000262 0.127269
0.000273 0.170201
0.000072 0.196670
0.000436 0.223773
0.000282 0.246650
0.000451 0.270198
0.005811 0.279663
0.001511 0.328601
0.012061 0.344483
0.006685 0.371749
0.026631 0.370860
0.000641 0.000742
0.000745 0.032406
0.000313 0.064280
0.000762 0.085355
0.001124 0.105759
0.000796 0.137955
0.000302 0.159158
0.017610 0.170713
0.011705 0.193088
0.019403 0.218545
0.025247 0.244671
0.026365 0.271906
0.025311 0.304167
0.009594 0.400196
0.019994 0.000339
0.022675 0.020730
0.018700 0.037524
0.019579 0.062931
0.019285 0.085967
0.018533 0.111231
0.017575 0.131676
0.019925 0.152477
0.031035 0.174858
0.024604 0.200300
0.024728 0.230559
0.033205 0.254469
0.030961 0.286856
0.038689 0.325247
0.034876 0.370598
0.031281 0.000475
0.034737 0.030291
0.028522 0.049973
0.031024 0.074915
0.028251 0.098745
0.034161 0.117362
0.032077 0.139118
0.035027 0.159832
0.038864 0.186785
0.040187 0.205760
0.039356 0.232386
0.044766 0.264469
0.039973 0.296130
0.037140 0.333590
0.045217 0.000239
0.039081 0.012664
0.045949 0.040171
0.039976 0.060352
0.042519 0.085605
0.044059 0.103915
0.044343 0.126156
0.047265 0.143723
0.049585 0.166324
0.053543 0.189696
0.052149 0.213245
0.053084 0.242262
0.053833 0.275736
0.052614 0.314593
0.036769 0.357213
0.056197 0.000076
0.053917 0.023300
0.056229 0.049661
0.052666 0.068894
0.058082 0.088495
0.057737 0.110628
0.059450 0.129816
0.060963 0.151687
0.061771 0.173817
0.064103 0.199340
0.063887 0.226726
0.063158 0.256714
0.060244 0.293522
0.061773 0.336108
0.066690 0.001013
0.070311 0.017397
0.066097 0.033526
0.068995 0.057896
0.066802 0.076320
0.071260 0.097225
0.071776 0.116419
0.072949 0.138220
0.074301 0.160107
0.074254 0.183177
0.074689 0.211662
0.075190 0.238719
0.073289 0.269840
0.072438 0.306098
0.071557 0.345383
0.077413 0.000342
0.083135 0.027549
0.080274 0.044377
0.082395 0.064829
0.082251 0.084324
0.084362 0.105929
0.084939 0.125501
0.085896 0.147188
0.087281 0.169835
0.086489 0.194558
0.082406 0.224255
0.081738 0.252806
0.080033 0.287064
0.078775 0.328724
0.087768 0.000708
0.096109 0.016663
0.096123 0.037039
0.094686 0.054797
0.096399 0.073744
0.097275 0.092814
0.098148 0.113604
0.098224 0.135015
0.097809 0.157918
0.098297 0.181242
0.097176 0.207269
0.094718 0.238534
0.090836 0.267520
0.087577 0.303706
0.085233 0.347937
0.098584 0.000886
0.109861 0.026237
0.110078 0.044722
0.109270 0.063116
0.110223 0.082738
0.110731 0.103012
0.111245 0.123041
0.110816 0.145137
0.109969 0.168830
0.108634 0.192524
0.106141 0.220972
0.101754 0.251173
0.101222 0.286537
0.099600 0.334615
0.108901 0.000183
0.122611 0.016437
0.124278 0.035594
0.124228 0.054395
0.123705 0.072879
0.124221 0.092218
0.123742 0.112327
0.123439 0.133465
0.122902 0.156275
0.121587 0.180005
0.119085 0.207129
0.115379 0.236693
0.110952 0.264682
0.104475 0.299703
0.107090 0.346196
0.119497 0.000491
0.136539 0.025051
0.137617 0.044545
0.137748 0.062840
0.137841 0.081925
0.137652 0.102370
0.136406 0.121916
0.135618 0.144419
0.134575 0.167512
0.131410 0.191594
0.125640 0.219563
0.121673 0.248495
0.119667 0.286311
0.118767 0.339803
0.130085 0.000881
0.150213 0.016154
0.150676 0.035073
0.151580 0.054026
0.151154 0.072347
0.150965 0.091377
0.150131 0.111210
0.148844 0.132317
0.147137 0.155540
0.144324 0.178922
0.141060 0.205751
0.136131 0.236295
0.129669 0.262865
0.127423 0.298448
0.129559 0.351453
0.140175 0.000306
0.164121 0.024877
0.164794 0.043422
0.165520 0.061780
0.164683 0.081402
0.163547 0.101102
0.162051 0.120661
0.160516 0.142708
0.158074 0.165929
0.153908 0.189095
0.148651 0.217601
0.143213 0.246243
0.138088 0.285992
0.137872 0.339408
0.150758 0.000838
0.177064 0.016053
0.178091 0.034723
0.178708 0.052655
0.179030 0.071332
0.177987 0.090176
0.175955 0.110076
0.173739 0.130748
0.171503 0.153840
0.168379 0.176746
0.163984 0.202821
0.158321 0.233494
0.149268 0.258951
0.147549 0.298401
0.146105 0.353535
0.160966 0.000992
0.190504 0.024605
0.191818 0.042689
0.192266 0.060550
0.191843 0.079769
0.190419 0.099825
0.188138 0.119324
0.185106 0.141318
0.182309 0.164377
0.177994 0.188106
0.169899 0.215501
0.162883 0.244554
0.157251 0.287520
0.158726 0.344027
0.171148 0.000079
0.203583 0.015945
0.205465 0.034136
0.206036 0.052082
0.205585 0.069482
0.204299 0.088569
0.202611 0.108717
0.199653 0.129392
0.195864 0.152291
0.193098 0.175722
0.188243 0.200572
0.180187 0.233809
0.172691 0.255085
0.167108 0.297308
0.173095 0.352635
0.181647 0.000283
0.217689 0.023467
0.219490 0.041622
0.220116 0.059060
0.218225 0.077975
0.217029 0.098299
0.214107 0.117749
0.210450 0.140639
0.206235 0.162631
0.201029 0.186354
0.190538 0.217031
0.185461 0.242590
0.179575 0.289010
0.178297 0.341563
0.191708 0.001100
0.231480 0.015417
0.232529 0.033248
0.234221 0.050387
0.233090 0.067415
0.231347 0.086718
0.228755 0.107130
0.225751 0.127717
0.223172 0.151394
0.217770 0.173474
0.212836 0.198885
0.204430 0.230257
0.197456 0.247286
0.190673 0.296111
0.189998 0.354393
0.202223 0.000334
0.245026 0.023225
0.247553 0.039991
0.248023 0.057320
0.246095 0.076063
0.243638 0.096018
0.240236 0.115895
0.237854 0.140450
0.231619 0.162778
0.223221 0.186620
0.213773 0.217751
0.209268 0.243651
0.201579 0.288197
0.200287 0.341099
0.212510 0.001074
0.258854 0.015225
0.261388 0.032327
0.262614 0.048749
0.261402 0.065094
0.258826 0.084524
0.255726 0.103909
0.252447 0.126232
0.249633 0.150485
0.244318 0.171397
0.236598 0.201746
0.228454 0.219716
0.220215 0.239574
0.212052 0.294628
0.208902 0.352404
0.222728 0.000993
0.273799 0.021217
0.276649 0.038943
0.276714 0.055136
0.274047 0.073896
0.271482 0.093190
0.267847 0.112312
0.262500 0.136863
0.255644 0.161117
0.241334 0.182481
0.246685 0.225063
0.232278 0.239274
0.225370 0.287650
0.221515 0.344881
0.233395 0.000509
0.288243 0.014452
0.290008 0.031160
0.291818 0.046467
0.290095 0.062746
0.287441 0.081988
0.283298 0.101003
0.279058 0.123050
0.275335 0.146475
0.271726 0.167672
0.261423 0.190202
0.256037 0.205605
0.243474 0.236218
0.236294 0.291365
0.232683 0.350267
0.243696 0.000648
0.303088 0.020864
0.305567 0.037195
0.305954 0.053037
0.303430 0.071656
0.299421 0.089316
0.294584 0.108827
0.292180 0.132436
0.282865 0.154823
0.277085 0.175442
0.269855 0.221875
0.256963 0.236155
0.249506 0.283642
0.242983 0.342001
0.254300 0.000965
0.316167 0.013015
0.319223 0.029770
0.321172 0.044619
0.319675 0.060252
0.315932 0.078206
0.312128 0.095726
0.309291 0.115218
0.300938 0.139616
0.293811 0.162021
0.294856 0.192165
0.277853 0.195595
0.265997 0.231449
0.257252 0.289166
0.252699 0.350220
0.264954 0.000943
0.331969 0.019064
0.334751 0.035727
0.334922 0.050781
0.332605 0.068186
0.329099 0.084421
0.325642 0.103165
0.317713 0.125363
0.312347 0.145588
0.306421 0.167373
0.288427 0.216655
0.281772 0.229896
0.274782 0.283109
0.266408 0.340703
0.275355 0.000306
0.344148 0.010806
0.347116 0.028947
0.349371 0.042812
0.348600 0.058403
0.345689 0.075655
0.340368 0.092341
0.333898 0.114073
0.328842 0.135673
0.321906 0.157046
0.318303 0.181642
0.308280 0.207528
0.291732 0.226700
0.280551 0.281847
0.274170 0.345276
0.286384 0.000477
0.357566 0.018891
0.361799 0.034620
0.363319 0.049549
0.361338 0.066701
0.356707 0.082645
0.352213 0.098798
0.349100 0.117166
0.341384 0.138920
0.333459 0.159607
0.316979 0.199192
0.310202 0.228250
0.302296 0.275866
0.291435 0.341287
0.296988 0.000725
0.367832 0.006250
0.374309 0.030393
0.377439 0.042807
0.376376 0.057153
0.374076 0.071948
0.370766 0.085328
0.367160 0.102807
0.355302 0.126519
0.350232 0.148391
0.341249 0.178739
0.334830 0.204631
0.315101 0.218890
0.302799 0.273495
0.296032 0.338338
0.307899 0.000524
0.380679 0.019805
0.392866 0.031756
0.392114 0.045576
0.390200 0.060729
0.387435 0.077383
0.380087 0.094587
0.370091 0.117554
0.368269 0.134555
0.354199 0.165035
0.348340 0.190840
0.333413 0.220978
0.332894 0.266583
0.316944 0.335394
0.319116 0.000377
0.394429 0.016817
0.406300 0.027335
0.406972 0.041825
0.403831 0.060048
0.398872 0.075937
0.394360 0.091959
0.387724 0.107294
0.384617 0.120938
0.372785 0.145335
0.364688 0.172828
0.359232 0.202244
0.343441 0.217761
0.331795 0.264008
0.322123 0.330984
0.329688 0.000579
0.416399 0.021178
0.426861 0.030558
0.420913 0.043057
0.418045 0.056938
0.415300 0.070295
0.410738 0.084227
0.404485 0.105484
0.389588 0.130645
0.383294 0.152980
0.377258 0.178037
0.360331 0.215852
0.353826 0.258243
0.342866 0.322694
0.341080 0.000549
0.412494 0.000517
0.429748 0.014342
0.437961 0.030814
0.437384 0.049817
0.431106 0.063274
0.424390 0.080446
0.414071 0.097250
0.403181 0.117903
0.396317 0.142625
0.391084 0.166807
0.380173 0.193853
0.373097 0.212231
0.358334 0.251412
0.338814 0.327150
0.352329 0.000539
0.448983 0.018406
0.448076 0.036659
0.450867 0.052690
0.443075 0.069694
0.434023 0.087064
0.427463 0.103586
0.419488 0.116412
0.415714 0.131710
0.406227 0.149530
0.396440 0.174941
0.390714 0.203804
0.387966 0.250357
0.368857 0.313896
0.363590 0.000389
0.420993 0.001127
0.475195 0.018757
0.459371 0.029454
0.462865 0.041409
0.461371 0.062075
0.453673 0.080692
0.445007 0.093156
0.431904 0.113671
0.428780 0.131329
0.419057 0.157729
0.406838 0.184898
0.391449 0.221281
0.368874 0.244715
0.378176 0.310156
0.376201 0.000478
0.467178 0.000302
0.479846 0.030714
0.473909 0.050344
0.474807 0.062342
0.463963 0.075836
0.461955 0.097170
0.447861 0.110203
0.445720 0.132160
0.432737 0.152332
0.420887 0.174863
0.406158 0.198256
0.390985 0.232277
0.371502 0.308007
0.387226 0.000053
0.456237 0.000294
0.487573 0.000275
0.488870 0.018591
0.515371 0.042033
0.503727 0.101926
0.484221 0.083672
0.471557 0.114656
0.485788 0.141105
0.468631 0.140393
0.457258 0.161293
0.458253 0.174070
0.440905 0.202095
0.420467 0.243776
0.392370 0.274261
0.429593 0.001037
0.477421 0.000729
0.589606 0.032977
0.507359 0.058242
0.491478 0.073082
0.473722 0.085906
0.475668 0.103509
0.462572 0.112843
0.454458 0.122334
0.439777 0.141357
0.433872 0.165245
0.431746 0.194067
0.413064 0.231617
0.390579 0.271080
0.403671 0.000908
0.446533 0.001229
0.509424 0.000133
0.493178 0.038852
0.506849 0.211471
0.502465 0.084627
0.510183 0.197763
0.493606 0.112223
0.490603 0.128795
0.471688 0.131052
0.469493 0.150425
0.443205 0.182355
0.429670 0.208938
0.425935 0.239022
0.403268 0.252531
0.530334 0.000945
0.499697 0.000073
0.435123 0.001001
0.463985 0.235840
0.490771 0.048355
0.503881 0.091309
0.512593 0.104862
0.491035 0.159619
0.504838 0.134831
0.526844 0.151402
0.528903 0.169652
0.550222 0.182786
0.557685 0.214623
0.578800 0.246904
0.599032 0.000033
0.549285 0.000499
0.397846 0.000973
0.492338 0.008081
0.518900 0.037870
0.509256 0.069647
0.523503 0.084493
0.527865 0.100476
0.529943 0.114350
0.540948 0.130208
0.548329 0.146175
0.554816 0.172818
0.564166 0.213612
0.568253 0.242061
0.603859 0.269907
0.586822 0.001070
0.519423 0.000417
0.455513 0.009056
0.505002 0.031631
0.487204 0.058928
0.487820 0.174114
0.497166 0.128853
0.517261 0.115802
0.520902 0.132091
0.514380 0.143317
0.542749 0.160020
0.536005 0.181590
0.564528 0.226752
0.609767 0.279973
0.611059 0.000590
0.568774 0.001090
0.511096 0.014875
0.522613 0.020829
0.521631 0.064207
0.531185 0.063081
0.537763 0.080310
0.541434 0.102282
0.546241 0.119648
0.556697 0.135672
0.568610 0.157511
0.583073 0.181237
0.597019 0.208441
0.591180 0.255865
0.616216 0.298959
0.624943 0.000377
0.540512 0.000282
0.531804 0.009713
0.527859 0.035394
0.534412 0.048525
0.545127 0.068121
0.548523 0.086638
0.555953 0.103085
0.562316 0.118700
0.568045 0.140893
0.578356 0.167956
0.595092 0.197437
0.606760 0.252158
0.618093 0.305049
0.636292 0.000255
0.558809 0.000401
0.548694 0.016002
0.549942 0.033405
0.548286 0.055213
0.559831 0.074433
0.566277 0.093836
0.571093 0.108131
0.576051 0.118714
0.581839 0.134591
0.591959 0.154869
0.601930 0.182765
0.610224 0.212450
0.622272 0.251752
0.627785 0.316243
0.648050 0.000972
0.565032 0.015160
0.570730 0.030721
0.562456 0.039526
0.562523 0.051539
0.569860 0.070722
0.577392 0.087233
0.587926 0.104492
0.595583 0.127798
0.601723 0.150791
0.607306 0.171796
0.619036 0.203375
0.629083 0.260528
0.638196 0.315338
0.659277 0.000905
0.577314 0.000139
0.575634 0.024329
0.574575 0.038056
0.574450 0.052104
0.582117 0.059953
0.584273 0.075641
0.590767 0.092669
0.600401 0.115524
0.608615 0.135399
0.617317 0.160875
0.636098 0.191834
0.643314 0.214251
0.648853 0.262320
0.656689 0.325129
0.670161 0.000862
0.586916 0.008110
0.596131 0.020248
0.591463 0.047568
0.594749 0.064117
0.601217 0.079480
0.606692 0.096285
0.610908 0.111306
0.618689 0.128286
0.629625 0.153419
0.624151 0.182504
0.638867 0.206748
0.653007 0.262940
0.649628 0.328373
0.681553 0.001067
0.611981 0.003341
0.610844 0.024316
0.606777 0.039124
0.606502 0.052552
0.610911 0.067246
0.615626 0.082886
0.622925 0.102158
0.628968 0.121230
0.633479 0.141148
0.641868 0.167382
0.648801 0.189627
0.667204 0.215800
0.675079 0.270071
0.676599 0.333065
0.692324 0.000938
0.626080 0.012963
0.623400 0.030250
0.622086 0.044725
0.624517 0.060768
0.627610 0.075427
0.630593 0.091488
0.638029 0.111931
0.646843 0.133180
0.652254 0.160629
0.665874 0.190617
0.666687 0.221202
0.676524 0.275059
0.679686 0.334915
0.703246 0.000141
0.641352 0.011020
0.638190 0.027519
0.636730 0.040497
0.637916 0.055893
0.641619 0.071591
0.645530 0.086856
0.648040 0.104237
0.651757 0.123826
0.661752 0.146427
0.664581 0.173932
0.676245 0.197119
0.687880 0.218404
0.697538 0.278315
0.704083 0.339083
0.714251 0.000479
0.654242 0.017005
0.652177 0.032135
0.651712 0.047336
0.653695 0.064571
0.657361 0.080421
0.662356 0.099398
0.666417 0.120525
0.669685 0.136878
0.677827 0.161476
0.693928 0.198552
0.694905 0.221017
0.703609 0.278796
0.707871 0.342918
0.724646 0.000054
0.669471 0.012314
0.667170 0.029009
0.666175 0.042049
0.667806 0.057337
0.670303 0.073855
0.672598 0.089416
0.677206 0.108872
0.682641 0.129256
0.682979 0.151051
0.687866 0.179032
0.702772 0.190386
0.714770 0.223893
0.720246 0.285839
0.724304 0.343384
0.735603 0.000025
0.683939 0.018621
0.681532 0.034813
0.681285 0.049831
0.683731 0.067442
0.687343 0.083402
0.689185 0.102572
0.692355 0.123588
0.699118 0.144232
0.708161 0.167766
0.714261 0.211565
0.719160 0.228449
0.728654 0.283785
0.733667 0.345076
0.746044 0.000931
0.698714 0.012263
0.697196 0.029393
0.695964 0.043811
0.696898 0.059790
0.699750 0.077419
0.702925 0.094305
0.705048 0.114683
0.708453 0.136315
0.710661 0.155486
0.718332 0.183692
0.726314 0.196823
0.737102 0.229274
0.743322 0.289883
0.748500 0.349077
0.756415 0.000247
0.712450 0.020805
0.710940 0.036563
0.711131 0.051878
0.712672 0.070771
0.715411 0.086945
0.718786 0.105014
0.721800 0.128258
0.725761 0.146551
0.741114 0.181520
0.738691 0.215446
0.746642 0.232406
0.753147 0.286677
0.756005 0.341964
0.767173 0.001211
0.727480 0.012814
0.725682 0.030421
0.724816 0.045664
0.725963 0.061738
0.728356 0.080282
0.730834 0.097816
0.733032 0.120369
0.737478 0.142576
0.727135 0.165101
0.755822 0.170633
0.747331 0.202731
0.760189 0.233375
0.766123 0.292728
0.769303 0.352383
0.777370 0.000742
0.740765 0.021412
0.739178 0.038259
0.739347 0.054020
0.741107 0.072771
0.743582 0.089625
0.746148 0.108329
0.747155 0.128739
0.751275 0.154357
0.765222 0.189328
0.758744 0.223583
0.771911 0.236001
0.777483 0.287705
0.778504 0.342215
0.787845 0.000046
0.755443 0.013708
0.753739 0.031270
0.752798 0.047077
0.753963 0.063804
0.755580 0.082679
0.759651 0.100084
0.761028 0.124032
0.762475 0.143640
0.766429 0.155453
0.765856 0.170136
0.768939 0.203638
0.784442 0.235904
0.789477 0.294355
0.786694 0.352934
0.798196 0.000073
0.768000 0.022217
0.766943 0.039370
0.766890 0.055491
0.768507 0.074724
0.770703 0.093000
0.772514 0.112523
0.775208 0.134881
0.789963 0.158441
0.785759 0.205153
0.785071 0.224908
0.794955 0.238776
0.800781 0.287816
0.799684 0.344877
0.808356 0.000211
0.781880 0.014231
0.781047 0.031920
0.780129 0.048664
0.781606 0.064948
0.782830 0.084470
0.784468 0.103154
0.789013 0.123326
0.787662 0.145958
0.790399 0.170992
0.797056 0.182735
0.798162 0.202694
0.807687 0.239403
0.811434 0.295149
0.811573 0.352009
0.818938 0.000520
0.795147 0.022086
0.794285 0.040109
0.794581 0.056966
0.795787 0.075343
0.796422 0.094736
0.799092 0.113106
0.801162 0.138657
0.804892 0.157486
0.811162 0.186872
0.804028 0.224431
0.818940 0.235356
0.822721 0.286052
0.821036 0.341707
0.829109 0.000738
0.808536 0.014716
0.808223 0.032902
0.807963 0.049673
0.808912 0.066352
0.809224 0.085337
0.810958 0.104444
0.812760 0.124975
0.817842 0.149080
0.814427 0.172161
0.821831 0.201776
0.821354 0.222340
0.830872 0.245419
0.832409 0.293183
0.828764 0.352125
0.839577 0.000298
0.822160 0.023245
0.821857 0.040335
0.821967 0.057741
0.822902 0.076285
0.823457 0.095828
0.824841 0.115019
0.826312 0.135940
0.826101 0.161561
0.831075 0.182982
0.837404 0.214727
0.840427 0.236382
0.845762 0.285764
0.842315 0.341831
0.849918 0.000878
0.835149 0.015191
0.835296 0.033162
0.835838 0.050454
0.836531 0.067437
0.836933 0.086115
0.837071 0.105800
0.839005 0.125377
0.839456 0.149251
0.840813 0.170579
0.842790 0.196259
0.846985 0.227424
0.855356 0.251206
0.856221 0.292608
0.852818 0.350796
0.860028 0.000572
0.849454 0.023355
0.849413 0.041285
0.850060 0.058947
0.850577 0.077126
0.850360 0.096498
0.850702 0.115429
0.851606 0.137065
0.852168 0.159454
0.853315 0.183026
0.858189 0.209313
0.861442 0.239206
0.866247 0.280366
0.863054 0.338400
0.870772 0.000518
0.863226 0.015475
0.862747 0.033794
0.863845 0.051673
0.864616 0.068479
0.864043 0.086717
0.863866 0.106198
0.864014 0.126291
0.864320 0.148620
0.864956 0.171294
0.866302 0.195492
0.868935 0.225052
0.877178 0.254317
0.875172 0.290888
0.870710 0.347875
0.880999 0.000904
0.876887 0.024286
0.877399 0.041571
0.878215 0.059132
0.878100 0.078018
0.877438 0.096717
0.877370 0.115952
0.877171 0.137596
0.877139 0.159930
0.877075 0.183922
0.880019 0.210291
0.881669 0.239741
0.884528 0.279715
0.883845 0.340097
0.891552 0.000120
0.890403 0.015861
0.890635 0.033990
0.892037 0.052160
0.892476 0.068881
0.891491 0.087119
0.890985 0.106579
0.890626 0.126461
0.889721 0.149193
0.888914 0.171375
0.889044 0.197061
0.892069 0.224839
0.894069 0.256191
0.902336 0.292438
0.894533 0.344250
0.902179 0.000497
0.904027 0.024034
0.905177 0.043496
0.907708 0.059407
0.906442 0.078070
0.905186 0.098360
0.904453 0.116541
0.902635 0.137605
0.900855 0.160062
0.900256 0.183700
0.901795 0.212766
0.905223 0.243064
0.899687 0.271780
0.903783 0.331192
0.912339 0.000484
0.917915 0.015947
0.918260 0.035743
0.923774 0.051624
0.922135 0.069956
0.918539 0.089057
0.918270 0.109227
0.916431 0.127711
0.913897 0.149409
0.912574 0.172536
0.912535 0.198829
0.912565 0.227557
0.911812 0.258712
0.912792 0.291062
0.914175 0.342999
0.923283 0.000354
0.931184 0.026893
0.937990 0.040631
0.935085 0.062085
0.932810 0.082717
0.931571 0.101184
0.932466 0.121345
0.928740 0.140928
0.925669 0.163501
0.922865 0.187452
0.922301 0.213282
0.922924 0.243671
0.923534 0.277085
0.923146 0.337683
0.933678 0.000915
0.942454 0.017351
0.951834 0.030604
0.947753 0.055251
0.947273 0.077785
0.947938 0.096216
0.945147 0.114623
0.944492 0.134601
0.940259 0.152558
0.936411 0.177447
0.936307 0.202755
0.933781 0.229991
0.935316 0.264688
0.930890 0.296775
0.938520 0.329287
0.944077 0.000149
0.963121 0.017595
0.959655 0.044883
0.959136 0.069520
0.962154 0.092776
0.959491 0.111291
0.957508 0.130542
0.957632 0.152597
0.948741 0.167864
0.947485 0.192700
0.944383 0.217349
0.940418 0.245462
0.945277 0.286371
0.956842 0.325858
0.954603 0.000454
0.974888 0.000414
0.970404 0.033890
0.968851 0.057454
0.971385 0.080320
0.976335 0.106344
0.973988 0.130966
0.971148 0.144957
0.961880 0.171910
0.960929 0.185489
0.962287 0.222500
0.960350 0.235745
0.952111 0.268905
0.943828 0.304693
0.947322 0.339144
0.964870 0.000669
0.979960 0.022744
0.981143 0.046465
0.982280 0.067207
0.981557 0.091992
0.982250 0.121208
0.984651 0.150475
0.976578 0.166570
0.982455 0.181549
0.961760 0.205372
0.981070 0.233554
0.958272 0.254780
0.961799 0.288861
0.962710 0.350526
0.985060 0.000316
0.998984 0.024059
0.999777 0.043570
0.999780 0.075511
0.999380 0.107745
0.999718 0.141447
0.999307 0.176091
0.999870 0.208671
0.977427 0.198991
0.982283 0.221066
0.971256 0.255610
0.978122 0.268569
0.978088 0.288599
0.975462 0.305855
0.971462 0.354768
0.999139 0.000877
0.998976 0.033796
0.998922 0.064610
0.999891 0.096808
0.999360 0.130386
0.999332 0.165255
0.999280 0.197657
0.999836 0.234924
0.999849 0.256707
0.999541 0.281524
0.999426 0.304705
0.999903 0.330799
0.990859 0.353774
0.966723 0.312524
0.999007 0.000577
0.999919 0.013243
0.999813 0.054187
0.999279 0.085962
0.999873 0.118859
0.999959 0.153687
0.999774 0.186617
0.999630 0.220865
0.999905 0.246373
0.999489 0.269151
0.999829 0.298746
0.998400 0.330900
0.997863 0.371584
0.990622 0.378642
0.992817 0.383375
