0.000400 0.008880
0.000823 0.041989
0.000933 0.073232
0.000632 0.115252
0.000155 0.147973
0.000719 0.182958
0.000280 0.210631
0.000494 0.234727
0.000072 0.257549
0.000607 0.291948
0.013947 0.299611
0.000810 0.329129
0.000217 0.332151
0.014936 0.355181
0.006631 0.000582
0.000755 0.020973
0.000597 0.052161
0.000520 0.094115
0.000808 0.126156
0.000616 0.169822
0.000501 0.197837
0.000067 0.222420
0.000452 0.246468
0.000215 0.268684
0.000055 0.282010
0.000837 0.305449
0.022931 0.311060
0.007731 0.341438
0.032316 0.327344
0.000270 0.000087
0.000793 0.031559
0.000450 0.062773
0.000307 0.083852
0.000694 0.104523
0.000232 0.136876
0.000173 0.158777
0.019734 0.159430
0.011397 0.179016
0.015894 0.199273
0.017233 0.229328
0.023985 0.244728
0.020148 0.276258
0.017502 0.355895
0.019942 0.000956
0.019094 0.017627
0.016765 0.033961
0.017318 0.054363
0.016381 0.073240
0.017544 0.099203
0.018688 0.117796
0.018021 0.139473
0.036101 0.158721
0.026651 0.184636
0.025291 0.214159
0.035260 0.230985
0.023153 0.258340
0.038011 0.280822
0.041639 0.322313
0.031188 0.000336
0.035344 0.025551
0.028347 0.040512
0.030510 0.063244
0.026907 0.085349
0.032065 0.104176
0.029913 0.124984
0.032286 0.141629
0.039102 0.172298
0.037415 0.193576
0.039119 0.207835
0.046518 0.236572
0.040926 0.266371
0.039175 0.297269
0.044002 0.000778
0.035641 0.010219
0.046196 0.035086
0.039554 0.050361
0.039400 0.074875
0.042412 0.091667
0.045924 0.112612
0.046971 0.131635
0.047734 0.151235
0.055137 0.167573
0.054458 0.190852
0.051395 0.216950
0.056016 0.245501
0.056570 0.274176
0.041713 0.309270
0.054614 0.001231
0.053182 0.017602
0.056663 0.044495
0.050825 0.061005
0.056138 0.077770
0.056290 0.096576
0.059700 0.112722
0.061445 0.132738
0.063567 0.153384
0.067370 0.177680
0.065792 0.200698
0.063539 0.223115
0.060582 0.257449
0.062057 0.292980
0.065293 0.001047
0.069526 0.012660
0.063401 0.029790
0.069963 0.049217
0.066924 0.064283
0.070585 0.083000
0.072591 0.100677
0.073353 0.120251
0.075424 0.139454
0.077243 0.160540
0.078965 0.185411
0.077021 0.209581
0.074116 0.235594
0.074496 0.267486
0.074431 0.297913
0.076701 0.000258
0.081625 0.021757
0.078835 0.035346
0.084391 0.054320
0.081367 0.071049
0.086050 0.088545
0.086983 0.107839
0.088458 0.127566
0.089953 0.147267
0.088955 0.169688
0.090591 0.195997
0.087534 0.220817
0.085946 0.249066
0.084437 0.277201
0.087049 0.000869
0.095612 0.013189
0.096113 0.031169
0.095898 0.043609
0.098386 0.061417
0.097462 0.078355
0.100640 0.096612
0.101160 0.114836
0.102452 0.135686
0.103304 0.156470
0.101187 0.180853
0.099685 0.206960
0.097260 0.232797
0.099681 0.265746
0.085884 0.295071
0.097812 0.000498
0.109919 0.020420
0.112194 0.036678
0.111362 0.051518
0.113311 0.068573
0.113927 0.085327
0.115141 0.104431
0.114922 0.124657
0.115164 0.145716
0.115527 0.167424
0.113169 0.192291
0.109310 0.218948
0.107387 0.247361
0.105231 0.278813
0.108327 0.000615
0.123707 0.012350
0.126746 0.029470
0.127659 0.044187
0.127408 0.060144
0.128300 0.077488
0.128784 0.094864
0.129265 0.113374
0.128885 0.134594
0.128173 0.155367
0.126866 0.177933
0.122502 0.202949
0.120110 0.230943
0.118488 0.267911
0.106717 0.293696
0.118465 0.001007
0.139095 0.019571
0.141871 0.036117
0.143274 0.051812
0.143216 0.068485
0.143254 0.085438
0.142948 0.103844
0.142992 0.123800
0.142094 0.143618
0.140007 0.166839
0.137289 0.191977
0.131958 0.217105
0.128165 0.250654
0.124555 0.277970
0.129474 0.000555
0.153839 0.012150
0.155399 0.029664
0.157684 0.044219
0.158390 0.060579
0.158351 0.077516
0.157963 0.094459
0.156762 0.113271
0.156453 0.134006
0.153808 0.153885
0.150731 0.178339
0.145712 0.202610
0.139706 0.229085
0.137005 0.266989
0.131815 0.293342
0.139544 0.000464
0.169554 0.020296
0.171626 0.036271
0.173465 0.052004
0.173677 0.068824
0.173063 0.085404
0.171764 0.103297
0.170409 0.123281
0.168071 0.144151
0.165015 0.165584
0.161112 0.191529
0.153734 0.215225
0.147813 0.247567
0.143299 0.277195
0.149765 0.000415
0.183315 0.011729
0.185664 0.029404
0.187996 0.043850
0.189050 0.060438
0.188499 0.077642
0.187135 0.094538
0.185228 0.112488
0.183696 0.133407
0.181299 0.154087
0.176729 0.175290
0.169615 0.201317
0.161193 0.229921
0.154010 0.265779
0.148479 0.292079
0.160716 0.000914
0.198477 0.020924
0.201595 0.036321
0.203563 0.051885
0.204173 0.068193
0.202982 0.085286
0.201023 0.103410
0.198060 0.122283
0.195869 0.143219
0.191494 0.165511
0.183697 0.191109
0.174377 0.215386
0.168621 0.246099
0.160569 0.280462
0.170470 0.000725
0.212180 0.011085
0.215264 0.029348
0.217968 0.044115
0.218491 0.059999
0.218262 0.077454
0.217086 0.094052
0.213855 0.112481
0.210188 0.133152
0.207527 0.151906
0.205110 0.176958
0.190788 0.202991
0.185459 0.230957
0.174235 0.265503
0.172834 0.290277
0.181128 0.000389
0.228354 0.020160
0.231198 0.035815
0.233343 0.051043
0.233014 0.067443
0.231789 0.085059
0.229672 0.103070
0.226198 0.123354
0.223907 0.143406
0.217442 0.162897
0.203563 0.195453
0.195947 0.215887
0.187410 0.247599
0.179655 0.277056
0.191827 0.000171
0.241719 0.010125
0.244156 0.029442
0.247346 0.043284
0.247716 0.059329
0.246626 0.076479
0.243973 0.092863
0.242627 0.113013
0.240439 0.133296
0.235834 0.152330
0.227405 0.177581
0.212930 0.206143
0.206720 0.228086
0.198743 0.261309
0.191397 0.289261
0.201478 0.000987
0.256630 0.020469
0.259795 0.035404
0.261915 0.050035
0.261453 0.066636
0.259063 0.083186
0.255774 0.101694
0.254150 0.123828
0.249965 0.143594
0.239869 0.169955
0.220969 0.194599
0.225295 0.223431
0.208066 0.242743
0.201041 0.277620
0.212548 0.000180
0.268813 0.009005
0.272526 0.028925
0.275451 0.042827
0.275209 0.058437
0.273570 0.075384
0.271384 0.090921
0.268265 0.108932
0.265629 0.130716
0.263041 0.149313
0.254976 0.188049
0.242151 0.195028
0.232058 0.203228
0.224229 0.253966
0.209319 0.287046
0.222793 0.000289
0.284707 0.018730
0.287337 0.033748
0.288768 0.048406
0.288151 0.065917
0.285769 0.081668
0.282762 0.098741
0.278498 0.121247
0.277227 0.139985
0.254983 0.162498
0.266554 0.193119
0.242213 0.221335
0.231864 0.238847
0.221719 0.280459
0.232477 0.001176
0.296389 0.005702
0.299607 0.027396
0.301971 0.040878
0.301776 0.057308
0.300049 0.073998
0.297152 0.088866
0.292413 0.109646
0.291655 0.127142
0.289498 0.146431
0.278344 0.162248
0.272623 0.181690
0.257873 0.207321
0.245734 0.244138
0.234448 0.284427
0.244003 0.000605
0.311854 0.018759
0.314367 0.032437
0.315993 0.047032
0.314053 0.064270
0.310489 0.081084
0.309024 0.099966
0.306832 0.114062
0.302133 0.132772
0.303811 0.157960
0.286420 0.185205
0.272734 0.228913
0.253860 0.226718
0.245196 0.277445
0.253826 0.000943
0.323217 0.001153
0.326344 0.024715
0.329068 0.039196
0.328854 0.055025
0.325607 0.070719
0.324627 0.085530
0.322056 0.100140
0.313173 0.126184
0.309509 0.143215
0.318017 0.167201
0.291432 0.172057
0.281966 0.203544
0.267995 0.241673
0.254001 0.282089
0.264019 0.000375
0.339949 0.018140
0.342089 0.031426
0.343495 0.044528
0.342480 0.060675
0.339709 0.075149
0.337837 0.092929
0.328573 0.110887
0.328170 0.126602
0.324429 0.148387
0.301023 0.184505
0.296109 0.215014
0.281575 0.235592
0.269379 0.276843
0.275335 0.000860
0.345945 0.001074
0.352878 0.021678
0.356707 0.037412
0.358482 0.053096
0.355286 0.068493
0.350113 0.084593
0.345708 0.108940
0.342035 0.123398
0.336176 0.137512
0.345424 0.158965
0.314763 0.181517
0.319670 0.194339
0.292425 0.221757
0.277066 0.276925
0.284605 0.000342
0.366132 0.017322
0.366855 0.032150
0.372674 0.044108
0.371343 0.060240
0.366703 0.075467
0.369086 0.089827
0.357871 0.100162
0.355346 0.123024
0.356568 0.134144
0.332034 0.167205
0.322752 0.223110
0.320360 0.229330
0.298212 0.274951
0.296220 0.000827
0.369670 0.000896
0.382371 0.030092
0.389705 0.037802
0.386478 0.050620
0.388131 0.063494
0.382694 0.074430
0.383653 0.090357
0.366458 0.112373
0.376498 0.124763
0.353115 0.154935
0.348611 0.171203
0.335872 0.180432
0.303032 0.209357
0.296764 0.270289
0.306861 0.000272
0.381366 0.013288
0.401347 0.028632
0.405721 0.041917
0.404186 0.057162
0.402720 0.070313
0.398558 0.081816
0.380724 0.103205
0.389049 0.116764
0.366940 0.143193
0.365366 0.164277
0.336257 0.197669
0.352201 0.219028
0.322969 0.267782
0.315549 0.000197
0.396195 0.018777
0.417500 0.026921
0.417839 0.038751
0.417503 0.056638
0.416636 0.074068
0.416543 0.088086
0.403892 0.095564
0.399927 0.107881
0.381447 0.138917
0.382089 0.157443
0.377481 0.165917
0.353670 0.180786
0.330665 0.208703
0.323544 0.260783
0.329967 0.000259
0.413601 0.009307
0.439355 0.025433
0.432953 0.036109
0.433988 0.049346
0.431674 0.060471
0.430131 0.072071
0.427527 0.094848
0.402561 0.120072
0.397290 0.132005
0.398827 0.147105
0.371712 0.185736
0.357791 0.216748
0.340735 0.253862
0.338119 0.000425
0.411671 0.000675
0.431957 0.017766
0.449762 0.020576
0.447870 0.041267
0.450041 0.059148
0.446488 0.072106
0.439294 0.083317
0.420869 0.104923
0.419593 0.124654
0.413545 0.138990
0.394466 0.160820
0.390902 0.175816
0.361358 0.199956
0.344867 0.257694
0.353728 0.000773
0.459113 0.020597
0.458551 0.037649
0.463697 0.051937
0.461672 0.070292
0.449800 0.089332
0.438883 0.103394
0.431800 0.113786
0.434593 0.127977
0.426676 0.148017
0.416936 0.157734
0.419852 0.163744
0.394395 0.203940
0.374323 0.243982
0.361450 0.000850
0.421319 0.000049
0.478431 0.007091
0.473424 0.019226
0.467774 0.034906
0.474805 0.061568
0.469561 0.077178
0.466119 0.089668
0.460408 0.116486
0.448431 0.119494
0.448147 0.139933
0.436208 0.152675
0.408280 0.174709
0.384023 0.193721
0.379266 0.235916
0.378049 0.000457
0.467535 0.000413
0.484276 0.025866
0.484443 0.043999
0.486512 0.082769
0.484632 0.068809
0.477788 0.095932
0.459000 0.104660
0.470446 0.139606
0.473215 0.152244
0.446314 0.162140
0.440399 0.175904
0.404467 0.189815
0.372610 0.235832
0.386799 0.001216
0.459538 0.000501
0.485874 0.000650
0.495462 0.019944
0.521060 0.048557
0.519411 0.111874
0.496222 0.094535
0.489517 0.114799
0.504198 0.272278
0.481868 0.156153
0.474972 0.172332
0.492345 0.214477
0.482752 0.200804
0.439503 0.198562
0.405340 0.213280
0.429225 0.000518
0.476681 0.000518
0.583333 0.026733
0.498690 0.049060
0.495587 0.059125
0.488928 0.101396
0.504694 0.109686
0.472633 0.108510
0.473053 0.121872
0.452753 0.130922
0.458696 0.156876
0.463119 0.177922
0.428266 0.185114
0.392189 0.215296
0.402880 0.000559
0.444687 0.000380
0.510575 0.000454
0.494797 0.038930
0.509674 0.287001
0.508099 0.077337
0.515381 0.282194
0.497876 0.124293
0.498455 0.134755
0.487800 0.140324
0.511126 0.225257
0.486019 0.184835
0.465780 0.193186
0.455899 0.195654
0.421122 0.193530
0.529366 0.000412
0.502045 0.000202
0.437059 0.000334
0.446669 0.313372
0.514616 0.040398
0.506479 0.088043
0.515984 0.128025
0.497082 0.284128
0.496057 0.192612
0.502809 0.173646
0.512172 0.207824
0.519394 0.182438
0.527384 0.173680
0.571763 0.186314
0.596890 0.000936
0.548413 0.000600
0.395010 0.000604
0.493955 0.001085
0.519943 0.025687
0.503444 0.067242
0.520560 0.082830
0.519654 0.096154
0.528505 0.120695
0.520758 0.138332
0.533829 0.145935
0.538002 0.161321
0.548738 0.165388
0.557774 0.185855
0.597411 0.205007
0.588762 0.000716
0.519602 0.000095
0.452201 0.000178
0.508352 0.032909
0.483668 0.055569
0.497534 0.267592
0.491122 0.162681
0.498401 0.146717
0.505545 0.159016
0.491565 0.257897
0.518872 0.156397
0.514991 0.186026
0.546891 0.183162
0.608760 0.207266
0.608001 0.001115
0.565930 0.000125
0.505788 0.014601
0.521322 0.007494
0.521214 0.063324
0.530516 0.054357
0.531358 0.068903
0.530416 0.095694
0.534022 0.108274
0.539308 0.123829
0.542221 0.138305
0.560592 0.164350
0.581375 0.178199
0.581112 0.192694
0.617792 0.224978
0.625830 0.000581
0.539452 0.001017
0.534556 0.009466
0.532313 0.031459
0.524423 0.034834
0.541434 0.062136
0.538951 0.080489
0.546864 0.096222
0.550153 0.109916
0.550049 0.125252
0.564881 0.147614
0.573922 0.164134
0.598829 0.187578
0.615398 0.230574
0.633957 0.000078
0.557198 0.000205
0.556584 0.015886
0.545804 0.021223
0.540375 0.042563
0.549168 0.074882
0.557228 0.092420
0.562855 0.104765
0.566810 0.115453
0.564479 0.131047
0.570963 0.142406
0.589465 0.161781
0.596024 0.179468
0.615321 0.181933
0.624812 0.244609
0.649504 0.001336
0.568665 0.014524
0.573530 0.025731
0.560215 0.034764
0.550691 0.052940
0.560279 0.059143
0.560176 0.076449
0.571531 0.088873
0.582026 0.114014
0.585850 0.134704
0.585705 0.147378
0.606608 0.168465
0.621998 0.199546
0.636164 0.244176
0.657614 0.001223
0.573676 0.000682
0.585010 0.017673
0.572038 0.036964
0.559816 0.043619
0.577599 0.051256
0.569971 0.062947
0.575282 0.075587
0.581230 0.100036
0.592454 0.122318
0.603286 0.134816
0.616434 0.161507
0.634599 0.187701
0.635074 0.199614
0.653637 0.258545
0.672893 0.000425
0.580920 0.001189
0.601408 0.001766
0.583215 0.042179
0.587675 0.061062
0.587223 0.076583
0.590659 0.091202
0.597710 0.103792
0.603083 0.113593
0.618984 0.137319
0.600495 0.151540
0.621739 0.177009
0.654680 0.209298
0.645021 0.254568
0.680822 0.000061
0.616269 0.001355
0.604919 0.021598
0.597278 0.031421
0.595734 0.044186
0.600814 0.059778
0.602122 0.075687
0.607574 0.090910
0.617994 0.107571
0.617518 0.120228
0.619363 0.152679
0.634839 0.161205
0.642179 0.174796
0.672580 0.201106
0.674376 0.264616
0.695755 0.001034
0.621508 0.009525
0.620487 0.027142
0.610858 0.037411
0.612617 0.049197
0.615418 0.063660
0.616949 0.077700
0.621695 0.094411
0.633104 0.121592
0.629611 0.138792
0.651386 0.159876
0.650259 0.200591
0.667267 0.216593
0.671419 0.266489
0.703977 0.000487
0.641370 0.000405
0.633014 0.018613
0.627912 0.035366
0.628510 0.049929
0.631342 0.063815
0.630828 0.077002
0.635732 0.089949
0.635197 0.105314
0.646651 0.128667
0.644098 0.146716
0.668630 0.171287
0.663949 0.185969
0.685335 0.212835
0.706271 0.272262
0.713799 0.000721
0.646846 0.015072
0.643028 0.027208
0.641514 0.039971
0.642436 0.055808
0.645718 0.070971
0.649562 0.090148
0.650311 0.106453
0.650337 0.118140
0.659620 0.145045
0.688042 0.172475
0.678027 0.199831
0.696749 0.220893
0.702319 0.276234
0.726413 0.000783
0.664860 0.000208
0.658104 0.021365
0.655457 0.035238
0.655468 0.050541
0.657323 0.064475
0.659295 0.078670
0.663682 0.097382
0.665418 0.114860
0.665707 0.130751
0.670097 0.153929
0.680574 0.156160
0.692284 0.199930
0.712837 0.227125
0.721743 0.273592
0.735351 0.000549
0.671584 0.016698
0.669088 0.029368
0.668621 0.042436
0.670227 0.058610
0.672353 0.074765
0.673888 0.091139
0.678075 0.106978
0.678798 0.125606
0.689283 0.149091
0.700620 0.175832
0.706326 0.225228
0.726114 0.225985
0.727958 0.281550
0.746611 0.000281
0.687763 0.000690
0.684543 0.023470
0.682033 0.037212
0.682280 0.053536
0.684903 0.068370
0.687327 0.083163
0.690345 0.101484
0.692034 0.117210
0.692094 0.132488
0.700163 0.160583
0.712540 0.173736
0.710312 0.200478
0.737249 0.231999
0.745666 0.281854
0.757195 0.000999
0.697888 0.018205
0.696478 0.031253
0.695478 0.045096
0.696737 0.062135
0.699708 0.076883
0.702782 0.095614
0.706181 0.117365
0.705953 0.130015
0.730158 0.162360
0.726640 0.187126
0.728898 0.218315
0.749434 0.230348
0.753372 0.277973
0.766600 0.000751
0.715474 0.002233
0.710907 0.026207
0.709439 0.039079
0.709787 0.056324
0.711555 0.072010
0.714674 0.086370
0.716246 0.104470
0.727867 0.125950
0.713758 0.150043
0.738104 0.145104
0.730438 0.173825
0.744565 0.213620
0.759298 0.237866
0.768176 0.285588
0.778286 0.001033
0.726261 0.019543
0.723881 0.033608
0.722927 0.047363
0.724283 0.064165
0.727100 0.078531
0.729764 0.097755
0.727940 0.114554
0.721343 0.139305
0.757906 0.171576
0.743391 0.190121
0.760144 0.214893
0.771275 0.233616
0.777464 0.278092
0.788154 0.000042
0.742279 0.007757
0.739517 0.027988
0.737571 0.041249
0.737426 0.058079
0.740174 0.073831
0.742449 0.090080
0.744188 0.108875
0.742246 0.127158
0.754801 0.135659
0.752142 0.150372
0.742158 0.182593
0.775949 0.215491
0.781821 0.246942
0.785997 0.287446
0.797820 0.000023
0.755368 0.020734
0.752842 0.034994
0.751763 0.048907
0.752376 0.066404
0.755236 0.081536
0.758252 0.099995
0.758198 0.119414
0.775071 0.139620
0.768177 0.185862
0.768432 0.193119
0.785665 0.223770
0.794375 0.234772
0.799086 0.280716
0.809336 0.000543
0.771027 0.009020
0.768853 0.028781
0.767092 0.042413
0.766883 0.058742
0.768459 0.075413
0.770063 0.091406
0.774934 0.111109
0.770288 0.126375
0.769209 0.152681
0.779772 0.168301
0.793397 0.183514
0.802945 0.220909
0.805848 0.253389
0.810576 0.286617
0.819168 0.000459
0.784778 0.020246
0.783080 0.035656
0.781797 0.049800
0.782402 0.066456
0.782785 0.083271
0.786789 0.100118
0.789253 0.126044
0.790975 0.142217
0.801007 0.168438
0.787143 0.197060
0.813734 0.206608
0.811971 0.233947
0.820659 0.277192
0.829440 0.000734
0.801639 0.010253
0.799019 0.028908
0.797384 0.043073
0.797185 0.058656
0.797255 0.075808
0.799678 0.091399
0.798324 0.112104
0.805032 0.131907
0.796590 0.152645
0.809083 0.186810
0.805720 0.197999
0.822610 0.228956
0.829088 0.256546
0.828552 0.286921
0.840644 0.000283
0.814763 0.020524
0.813418 0.035554
0.812593 0.049897
0.812557 0.066261
0.813347 0.083019
0.813535 0.100930
0.815603 0.118172
0.813755 0.145592
0.815183 0.161519
0.829237 0.189658
0.828684 0.210443
0.837720 0.241769
0.841518 0.276610
0.850308 0.001082
0.830713 0.010954
0.829263 0.028930
0.827982 0.043127
0.828123 0.058761
0.828365 0.075737
0.827955 0.092488
0.830254 0.110418
0.826394 0.131874
0.829545 0.149314
0.831497 0.171946
0.840836 0.198752
0.840042 0.226048
0.853589 0.257281
0.851391 0.286200
0.860908 0.000840
0.845005 0.019826
0.843626 0.035661
0.843372 0.050743
0.843756 0.066104
0.843098 0.083246
0.843362 0.100251
0.842317 0.120713
0.843115 0.139522
0.843060 0.160067
0.845884 0.184273
0.851426 0.208434
0.858228 0.235372
0.859624 0.273128
0.871574 0.000628
0.860918 0.012189
0.859163 0.029252
0.858766 0.043189
0.859163 0.059196
0.858825 0.075407
0.858139 0.091604
0.856962 0.109929
0.856972 0.128827
0.856272 0.149160
0.858010 0.168971
0.858696 0.194116
0.865854 0.223113
0.868191 0.258861
0.868596 0.286029
0.881534 0.000265
0.875326 0.020327
0.874461 0.035600
0.874078 0.051024
0.874511 0.066288
0.873543 0.082318
0.872250 0.100200
0.871742 0.119166
0.870489 0.138569
0.870003 0.158731
0.870569 0.181878
0.873968 0.205589
0.877611 0.245998
0.878900 0.274505
0.892637 0.000658
0.889922 0.012563
0.888930 0.029988
0.889441 0.044678
0.890400 0.058899
0.890100 0.075343
0.887864 0.091195
0.886466 0.109118
0.884965 0.128341
0.883323 0.147433
0.883253 0.170565
0.884460 0.196644
0.883386 0.220367
0.885418 0.257086
0.893137 0.285507
0.902884 0.000726
0.904446 0.020734
0.903457 0.037117
0.908971 0.050470
0.905610 0.065814
0.903788 0.084240
0.901560 0.100605
0.899370 0.118975
0.897530 0.138542
0.895901 0.159481
0.894982 0.182956
0.895418 0.208389
0.892747 0.235498
0.897288 0.269846
0.912810 0.000527
0.919675 0.013476
0.918130 0.031478
0.925519 0.043826
0.921128 0.060441
0.917628 0.078232
0.918197 0.094797
0.914959 0.110946
0.911297 0.131558
0.909984 0.150068
0.905975 0.172190
0.907040 0.196608
0.905486 0.225423
0.902510 0.258581
0.909706 0.289816
0.923625 0.000669
0.932036 0.025166
0.940432 0.037343
0.936228 0.056314
0.933367 0.072219
0.933056 0.088679
0.932467 0.107111
0.926205 0.122798
0.925354 0.142850
0.920496 0.164965
0.918491 0.188153
0.916508 0.211263
0.915470 0.239785
0.919317 0.283988
0.933711 0.000934
0.942694 0.013587
0.952113 0.026182
0.949846 0.049913
0.949626 0.071764
0.948925 0.086846
0.946479 0.102506
0.944851 0.120775
0.939484 0.134546
0.933952 0.159293
0.930474 0.179104
0.930475 0.199057
0.927967 0.228184
0.917138 0.260569
0.931856 0.277439
0.944443 0.000224
0.964810 0.015546
0.959613 0.040173
0.959865 0.062737
0.964864 0.085742
0.963432 0.104009
0.960209 0.117123
0.956366 0.140561
0.945245 0.152068
0.946412 0.171164
0.944159 0.191753
0.938366 0.214589
0.935327 0.247165
0.960324 0.288789
0.954872 0.001018
0.974975 0.000434
0.970851 0.031132
0.970865 0.050849
0.972013 0.072141
0.976801 0.097176
0.975615 0.123653
0.968113 0.138172
0.960460 0.158368
0.967256 0.175687
0.960220 0.201149
0.957707 0.217284
0.951428 0.242430
0.935533 0.265181
0.943715 0.292854
0.964916 0.000026
0.981680 0.019450
0.983282 0.038824
0.983257 0.059241
0.984529 0.081303
0.985575 0.111632
0.983731 0.142009
0.977091 0.156156
0.983292 0.175941
0.961465 0.185011
0.986596 0.229606
0.950370 0.226593
0.953493 0.257745
0.958672 0.304862
0.985321 0.000648
0.999536 0.023702
0.999402 0.043526
0.999634 0.074690
0.999313 0.107073
0.999399 0.140438
0.999702 0.174685
0.999712 0.209572
0.982784 0.195806
0.975198 0.209772
0.972512 0.228745
0.972687 0.249099
0.975027 0.260304
0.981252 0.276566
0.962208 0.311486
0.998858 0.000057
0.998965 0.033529
0.999381 0.064135
0.999936 0.096425
0.999191 0.129664
0.999514 0.163245
0.999313 0.198618
0.999563 0.234301
0.999322 0.258733
0.999933 0.282351
0.999962 0.306579
0.999582 0.329143
0.978537 0.320727
0.960373 0.275834
0.999148 0.000059
0.999590 0.012919
0.999822 0.053726
0.999530 0.085474
0.999639 0.118786
0.999880 0.152328
0.999202 0.187005
0.999498 0.220533
0.998891 0.247279
0.999616 0.270414
0.999356 0.295016
0.991853 0.309959
0.996237 0.347324
0.979807 0.335348
0.992004 0.345881
