0.000362 0.008699
0.000678 0.041882
0.000146 0.073188
0.000538 0.115208
0.000159 0.147921
0.000361 0.183261
0.000540 0.210538
0.000859 0.234566
0.000932 0.257540
0.000224 0.292278
0.015544 0.297929
0.000581 0.327536
0.000874 0.332295
0.015214 0.350473
0.006505 0.000506
0.000293 0.020857
0.000480 0.052075
0.000783 0.093992
0.000566 0.126067
0.000773 0.169620
0.000906 0.197878
0.000256 0.222182
0.000528 0.246363
0.000884 0.268569
0.000882 0.281717
0.000194 0.305785
0.024350 0.308079
0.008166 0.339399
0.034138 0.324317
0.000631 0.000207
0.001025 0.031458
0.000475 0.062713
0.000824 0.083801
0.000519 0.104496
0.000760 0.136824
0.001026 0.158651
0.020219 0.158033
0.012085 0.177005
0.015799 0.198049
0.016287 0.227706
0.024084 0.242683
0.020519 0.273635
0.019604 0.351313
0.019758 0.000282
0.018666 0.016911
0.016172 0.033268
0.016897 0.052942
0.016088 0.071743
0.017012 0.097448
0.018820 0.115741
0.017991 0.137967
0.036276 0.156781
0.027048 0.182338
0.025985 0.212437
0.035668 0.227965
0.023224 0.256114
0.037946 0.276985
0.043506 0.317682
0.031086 0.000921
0.034646 0.024777
0.028324 0.039352
0.030479 0.061514
0.026790 0.083618
0.032327 0.102619
0.030252 0.123083
0.031924 0.139713
0.039884 0.170832
0.037742 0.192163
0.038264 0.206022
0.046971 0.234130
0.040803 0.262298
0.040476 0.293916
0.043969 0.000988
0.035183 0.009152
0.046004 0.034009
0.039196 0.049341
0.039052 0.073355
0.041949 0.090403
0.046204 0.110947
0.047209 0.129408
0.047920 0.149208
0.055325 0.165801
0.055348 0.187336
0.051118 0.214789
0.056142 0.242397
0.057272 0.270990
0.044652 0.305085
0.054432 0.000070
0.052554 0.016867
0.056136 0.043795
0.050635 0.060139
0.055857 0.076323
0.056189 0.094966
0.059517 0.110927
0.061753 0.130320
0.064137 0.150785
0.067202 0.175123
0.066985 0.197772
0.064574 0.219963
0.060773 0.254135
0.062186 0.290206
0.065158 0.000947
0.068844 0.012021
0.062693 0.029058
0.069938 0.048168
0.066541 0.063028
0.070382 0.081426
0.072929 0.098785
0.073436 0.118131
0.075741 0.137149
0.077756 0.158128
0.079381 0.182975
0.077612 0.206619
0.074936 0.231691
0.074626 0.262892
0.074990 0.294599
0.076669 0.000439
0.080887 0.021158
0.078609 0.034671
0.084529 0.053040
0.081165 0.069718
0.085936 0.086998
0.087246 0.105606
0.088844 0.125220
0.090455 0.144668
0.089584 0.166524
0.091026 0.193182
0.088515 0.218283
0.086864 0.245344
0.085139 0.273449
0.086944 0.000412
0.095035 0.012486
0.095564 0.030408
0.095605 0.042840
0.098601 0.060132
0.097803 0.076670
0.100949 0.094937
0.101550 0.112477
0.102908 0.133273
0.104081 0.153928
0.102165 0.177343
0.100460 0.204419
0.097588 0.228689
0.100152 0.260490
0.086307 0.291404
0.097781 0.000844
0.109616 0.020002
0.112051 0.035919
0.111429 0.050769
0.113549 0.067238
0.114252 0.083631
0.115866 0.102307
0.115672 0.121965
0.115652 0.143298
0.115987 0.164367
0.114484 0.188857
0.110427 0.216068
0.107996 0.243425
0.105145 0.275109
0.108239 0.000478
0.123437 0.011819
0.126671 0.029130
0.128011 0.043584
0.127864 0.059032
0.128774 0.075907
0.129363 0.093356
0.129995 0.111037
0.129841 0.131887
0.129215 0.152853
0.127879 0.175156
0.123605 0.199920
0.121119 0.226852
0.120063 0.263384
0.106675 0.290638
0.118336 0.000707
0.139013 0.019258
0.141934 0.035799
0.143772 0.051197
0.143886 0.067212
0.144119 0.083958
0.143895 0.101826
0.143917 0.121321
0.143222 0.141007
0.141136 0.163478
0.137987 0.188333
0.133135 0.213956
0.129203 0.246544
0.125382 0.273727
0.129506 0.000380
0.154097 0.011920
0.155908 0.029481
0.158289 0.043863
0.159063 0.059712
0.159258 0.076230
0.159012 0.093064
0.158021 0.110971
0.157856 0.131616
0.155323 0.151288
0.152286 0.174947
0.147025 0.199848
0.140400 0.224763
0.138928 0.262971
0.131898 0.289525
0.139526 0.001168
0.169876 0.020330
0.172345 0.036243
0.174414 0.051496
0.174735 0.067860
0.174165 0.084185
0.172938 0.101555
0.171807 0.120980
0.169406 0.141851
0.166252 0.162368
0.162473 0.187842
0.154876 0.212199
0.149036 0.244526
0.144867 0.271359
0.149695 0.000513
0.183801 0.011870
0.186197 0.029494
0.188753 0.043775
0.190148 0.059765
0.189790 0.076480
0.188449 0.093347
0.186525 0.110509
0.185229 0.131142
0.183110 0.151870
0.178745 0.172116
0.171228 0.198680
0.161532 0.225429
0.156294 0.262359
0.149113 0.288202
0.160757 0.000645
0.199040 0.021077
0.202343 0.036548
0.204524 0.051817
0.205204 0.067519
0.204277 0.084196
0.202591 0.101844
0.199743 0.120257
0.197202 0.140973
0.193310 0.162628
0.185087 0.187194
0.175599 0.211854
0.169820 0.244100
0.162044 0.274275
0.170452 0.000461
0.212763 0.011438
0.216046 0.029301
0.218876 0.044130
0.219549 0.059558
0.219228 0.076534
0.218407 0.093349
0.215481 0.110750
0.212077 0.131051
0.209528 0.149870
0.207008 0.173429
0.192040 0.200344
0.186435 0.226601
0.175640 0.263929
0.173343 0.285207
0.181018 0.000679
0.228926 0.020646
0.231854 0.035974
0.234202 0.051063
0.233897 0.066664
0.232829 0.084446
0.231011 0.102009
0.227469 0.121313
0.225372 0.141494
0.219350 0.159514
0.205806 0.192916
0.197699 0.212394
0.188697 0.246533
0.180991 0.269455
0.191847 0.000607
0.242179 0.010345
0.244635 0.029234
0.247793 0.043571
0.248355 0.058762
0.247411 0.075806
0.244940 0.092436
0.243626 0.111170
0.241861 0.131755
0.238514 0.151615
0.229570 0.175116
0.215046 0.204627
0.207466 0.223471
0.200837 0.261188
0.192045 0.283024
0.201436 0.000657
0.257100 0.020871
0.260184 0.035494
0.262282 0.050105
0.261909 0.065960
0.259814 0.082815
0.256418 0.100586
0.255329 0.122144
0.251950 0.142911
0.241817 0.167028
0.222837 0.192731
0.226879 0.218567
0.209311 0.241792
0.201936 0.269852
0.212484 0.000187
0.269147 0.008802
0.272580 0.028348
0.275822 0.043134
0.275608 0.057866
0.273916 0.075050
0.272013 0.090663
0.269270 0.107401
0.266588 0.129531
0.264451 0.148265
0.256591 0.187022
0.244079 0.193399
0.233470 0.198354
0.226876 0.254269
0.210170 0.280318
0.222823 0.000737
0.284969 0.019206
0.287599 0.033817
0.289074 0.048297
0.288490 0.065122
0.286335 0.081694
0.283383 0.097926
0.279085 0.119866
0.278798 0.138390
0.256611 0.159852
0.268923 0.191703
0.243088 0.216844
0.232867 0.237341
0.222557 0.272660
0.232295 0.001046
0.296310 0.004961
0.300013 0.026742
0.302394 0.041147
0.302118 0.056514
0.300691 0.073833
0.297715 0.089012
0.292261 0.108062
0.292587 0.126840
0.292170 0.145732
0.279537 0.158686
0.274081 0.179436
0.260142 0.202038
0.248458 0.244206
0.235115 0.276618
0.243893 0.000287
0.312598 0.019003
0.314875 0.032472
0.316436 0.046695
0.314750 0.063754
0.311221 0.081196
0.309102 0.099084
0.308356 0.112711
0.303089 0.131960
0.304557 0.155366
0.287984 0.183338
0.274375 0.226757
0.255484 0.222074
0.245689 0.269699
0.253799 0.000839
0.322768 0.000577
0.326244 0.023977
0.329472 0.039432
0.329662 0.054515
0.326409 0.070496
0.325665 0.084781
0.323147 0.099155
0.314805 0.126415
0.310320 0.141772
0.320516 0.165457
0.292275 0.169460
0.282420 0.198941
0.270545 0.241899
0.254293 0.273801
0.263758 0.000268
0.339786 0.018429
0.342394 0.032366
0.343999 0.044651
0.343409 0.059999
0.340966 0.074743
0.339226 0.092893
0.328742 0.109862
0.328306 0.126676
0.325383 0.146390
0.303178 0.183391
0.297327 0.211725
0.284014 0.235769
0.269813 0.269093
0.275293 0.000220
0.345829 0.000423
0.353437 0.021436
0.356797 0.037892
0.359225 0.052860
0.356280 0.068630
0.351582 0.084144
0.346942 0.107557
0.342747 0.123740
0.337282 0.136010
0.346777 0.156682
0.315489 0.181070
0.320953 0.189880
0.295034 0.219192
0.277683 0.268643
0.284431 0.000146
0.366242 0.018151
0.367290 0.033053
0.373370 0.044375
0.372543 0.060383
0.367718 0.075071
0.370999 0.088996
0.358486 0.099102
0.357428 0.121906
0.358391 0.131990
0.331951 0.165822
0.325030 0.224363
0.324018 0.229657
0.298948 0.266327
0.295927 0.000389
0.369623 0.001156
0.382679 0.030808
0.391092 0.038412
0.387198 0.050380
0.389283 0.063458
0.383648 0.074474
0.385845 0.089430
0.368156 0.110819
0.378854 0.122685
0.354991 0.152047
0.349986 0.169472
0.337158 0.178408
0.305429 0.202235
0.296907 0.262557
0.306849 0.000583
0.381640 0.013909
0.403268 0.028345
0.406921 0.042187
0.405090 0.057238
0.404021 0.070616
0.399891 0.081051
0.381882 0.102345
0.390699 0.115532
0.367884 0.140962
0.366929 0.164289
0.338268 0.194560
0.355429 0.217802
0.323519 0.259458
0.315212 0.000015
0.397271 0.019433
0.417958 0.026539
0.418666 0.038808
0.418940 0.056727
0.417847 0.074410
0.418472 0.087540
0.405262 0.094368
0.401231 0.106659
0.382633 0.137804
0.384279 0.156441
0.379310 0.165395
0.354546 0.179536
0.331578 0.205905
0.323573 0.252505
0.330015 0.000853
0.413824 0.010990
0.440730 0.025304
0.433040 0.035924
0.435430 0.049361
0.433293 0.060364
0.431988 0.072421
0.430049 0.094660
0.404303 0.119344
0.398295 0.130088
0.401650 0.144665
0.373441 0.183310
0.359907 0.215274
0.340726 0.245818
0.338019 0.001047
0.411631 0.000315
0.430656 0.017125
0.450969 0.019719
0.448967 0.040854
0.451264 0.058365
0.448288 0.072317
0.441551 0.082549
0.421433 0.104391
0.421460 0.122872
0.415303 0.136386
0.397003 0.159815
0.392852 0.174253
0.362295 0.197339
0.345321 0.249386
0.353703 0.000351
0.460110 0.021218
0.459491 0.037720
0.464597 0.051315
0.462586 0.070585
0.451439 0.089984
0.439481 0.103995
0.433292 0.112884
0.436314 0.127084
0.428039 0.147795
0.417222 0.156271
0.423403 0.164033
0.395971 0.201393
0.375074 0.236896
0.361471 0.000963
0.421274 0.000185
0.479540 0.005354
0.474131 0.020074
0.467798 0.034837
0.475653 0.062186
0.471790 0.077639
0.466274 0.088063
0.463516 0.118577
0.448260 0.119411
0.452083 0.140927
0.440786 0.151475
0.410064 0.173634
0.386191 0.191037
0.380639 0.227672
0.378032 0.000555
0.467362 0.001032
0.484575 0.025861
0.484626 0.043064
0.485607 0.083064
0.487307 0.069335
0.478380 0.095378
0.458380 0.103944
0.471059 0.139151
0.474282 0.153293
0.448240 0.162661
0.444277 0.175274
0.407644 0.187525
0.371910 0.227435
0.386847 0.000900
0.459520 0.000968
0.486246 0.000272
0.494884 0.020214
0.520749 0.051077
0.520889 0.113952
0.496552 0.095442
0.489272 0.114419
0.505959 0.286837
0.483119 0.158306
0.474631 0.177443
0.495407 0.227287
0.486429 0.210047
0.441775 0.197824
0.409127 0.209016
0.429154 0.001287
0.476553 0.000959
0.582983 0.026961
0.498195 0.047622
0.495830 0.058201
0.490567 0.104458
0.506016 0.111979
0.473630 0.110017
0.475233 0.122012
0.454404 0.130778
0.460634 0.157403
0.466722 0.180098
0.429111 0.185499
0.392355 0.212632
0.402865 0.000519
0.444506 0.000665
0.510393 0.000178
0.495435 0.039048
0.508275 0.299568
0.508210 0.075192
0.517161 0.285988
0.498865 0.124586
0.500208 0.136230
0.486779 0.141719
0.515348 0.238132
0.490050 0.190028
0.472330 0.197352
0.459568 0.197620
0.424882 0.191289
0.529550 0.000824
0.502021 0.000335
0.436943 0.000655
0.444683 0.321104
0.514593 0.040382
0.507447 0.087043
0.514565 0.131520
0.499761 0.298487
0.497509 0.201460
0.500476 0.180579
0.513986 0.220410
0.516841 0.189537
0.524390 0.175670
0.568163 0.185882
0.596287 0.001022
0.548332 0.000588
0.395033 0.000694
0.494121 0.000260
0.519971 0.024123
0.502713 0.065294
0.521300 0.081471
0.517928 0.097338
0.528219 0.122581
0.519763 0.141405
0.532077 0.147982
0.533781 0.161963
0.544517 0.164818
0.552742 0.186235
0.594454 0.201640
0.588710 0.000884
0.519488 0.000844
0.452257 0.000829
0.507742 0.032508
0.484111 0.056336
0.496751 0.274305
0.492363 0.168080
0.497146 0.150432
0.504482 0.163440
0.491416 0.275875
0.518376 0.158933
0.511766 0.196132
0.540994 0.185516
0.607986 0.203098
0.608511 0.000651
0.565473 0.000374
0.506289 0.013853
0.521167 0.005535
0.519477 0.062355
0.530643 0.054260
0.531337 0.068478
0.529580 0.094876
0.532947 0.106946
0.537785 0.125065
0.540808 0.137880
0.558596 0.164286
0.579493 0.176702
0.578997 0.193304
0.618027 0.217345
0.625772 0.001001
0.539814 0.001007
0.534744 0.009040
0.531830 0.030273
0.522771 0.032835
0.540624 0.061483
0.537182 0.079874
0.546173 0.095410
0.551373 0.110916
0.549254 0.125288
0.562018 0.147174
0.573479 0.162855
0.597238 0.185850
0.614840 0.222702
0.633924 0.000511
0.556830 0.000157
0.555592 0.014589
0.544784 0.020106
0.539869 0.040913
0.548512 0.074960
0.557737 0.092080
0.562801 0.105201
0.565952 0.115282
0.562464 0.130125
0.570018 0.142093
0.589199 0.161015
0.593860 0.177306
0.613898 0.177156
0.624582 0.236038
0.649707 0.000488
0.570078 0.012576
0.575148 0.025977
0.559103 0.034350
0.549031 0.053359
0.559894 0.059416
0.559347 0.075339
0.570159 0.087650
0.580801 0.112921
0.584554 0.133023
0.584318 0.147380
0.605225 0.164962
0.620498 0.197882
0.636053 0.235707
0.657696 0.000259
0.573439 0.000156
0.585202 0.017994
0.572184 0.037428
0.557613 0.043272
0.577327 0.051754
0.569552 0.062738
0.573986 0.074373
0.579892 0.099809
0.591551 0.121562
0.602941 0.133242
0.615104 0.160304
0.634545 0.184730
0.631813 0.197408
0.653291 0.250406
0.673042 0.000414
0.581058 0.000484
0.601549 0.000211
0.583939 0.042343
0.586539 0.061545
0.586575 0.076270
0.589329 0.090863
0.596324 0.103756
0.602490 0.113204
0.617468 0.135559
0.598540 0.149224
0.622080 0.173752
0.654980 0.209756
0.644892 0.245796
0.680878 0.000452
0.616210 0.000654
0.603848 0.022786
0.596157 0.032134
0.594306 0.043706
0.599740 0.060079
0.600886 0.075665
0.605869 0.090323
0.617627 0.106955
0.616515 0.119679
0.618221 0.151519
0.634446 0.160259
0.641320 0.171011
0.670158 0.193772
0.673758 0.256500
0.696177 0.000649
0.620944 0.010167
0.619305 0.028059
0.609204 0.036866
0.611392 0.048968
0.613976 0.063452
0.615357 0.077407
0.620420 0.093387
0.631831 0.120803
0.627905 0.137930
0.650907 0.159483
0.649332 0.198342
0.664243 0.216116
0.670731 0.257748
0.704007 0.000640
0.641514 0.000300
0.632490 0.018621
0.626909 0.036011
0.627294 0.050213
0.630483 0.064256
0.629946 0.076811
0.634893 0.089462
0.633632 0.104963
0.647083 0.128026
0.642245 0.145152
0.668450 0.169517
0.661709 0.181853
0.681680 0.208754
0.706338 0.264464
0.713297 0.000855
0.647056 0.015242
0.642739 0.028590
0.641230 0.040603
0.641832 0.055969
0.645008 0.071868
0.649267 0.089345
0.649252 0.105896
0.649380 0.117752
0.658152 0.143840
0.686017 0.171509
0.676792 0.195394
0.693800 0.218234
0.701996 0.267613
0.726703 0.000662
0.665127 0.000523
0.658588 0.021277
0.655532 0.035798
0.655370 0.050296
0.656961 0.064997
0.658302 0.078949
0.663448 0.097355
0.664591 0.114566
0.663658 0.129829
0.668596 0.153542
0.677323 0.155496
0.692457 0.195869
0.710332 0.225561
0.721411 0.265275
0.735388 0.000392
0.671931 0.016984
0.669211 0.030375
0.668465 0.042808
0.669837 0.058690
0.671998 0.074964
0.673313 0.090728
0.676655 0.106600
0.678123 0.124375
0.688989 0.146170
0.699404 0.173729
0.702974 0.225750
0.725194 0.223553
0.727278 0.273507
0.746918 0.000819
0.688056 0.000984
0.684742 0.023139
0.682042 0.037555
0.681983 0.053335
0.684362 0.068949
0.686989 0.082963
0.689900 0.100662
0.690722 0.116244
0.691224 0.131129
0.697804 0.158942
0.710401 0.174014
0.708301 0.195575
0.735313 0.231104
0.745306 0.273536
0.757202 0.000719
0.697565 0.018571
0.696223 0.031836
0.695324 0.045007
0.696161 0.062072
0.699050 0.077424
0.702305 0.094820
0.705880 0.117292
0.704639 0.130120
0.729255 0.158842
0.723415 0.186737
0.727222 0.212173
0.748821 0.227648
0.752851 0.270261
0.766593 0.000885
0.717419 0.000997
0.710649 0.025887
0.708943 0.039704
0.709330 0.055860
0.710973 0.072614
0.713622 0.085951
0.715178 0.103553
0.726666 0.125002
0.712251 0.147595
0.737594 0.142005
0.728576 0.172285
0.742040 0.207418
0.757281 0.237630
0.767856 0.277509
0.778478 0.000751
0.725570 0.020086
0.723285 0.034104
0.722270 0.047318
0.723531 0.064088
0.726388 0.078420
0.728879 0.096933
0.726007 0.113208
0.718970 0.137901
0.756804 0.169667
0.742263 0.189950
0.759138 0.209139
0.770053 0.231394
0.777256 0.270206
0.788118 0.000181
0.741728 0.007971
0.738879 0.027891
0.736769 0.041917
0.736553 0.057723
0.739160 0.074290
0.741622 0.089538
0.742763 0.107275
0.740630 0.127182
0.752938 0.134127
0.749272 0.147911
0.739959 0.181323
0.775548 0.209250
0.780177 0.247732
0.785824 0.279496
0.797806 0.000557
0.754572 0.021223
0.751928 0.035684
0.750844 0.048982
0.751221 0.066119
0.753685 0.081652
0.757298 0.098789
0.755897 0.117552
0.773452 0.138703
0.765817 0.183787
0.766279 0.192891
0.783816 0.219070
0.793422 0.233664
0.798698 0.272983
0.809421 0.000624
0.770487 0.009375
0.768026 0.028632
0.765915 0.043056
0.765707 0.058232
0.767112 0.075498
0.768878 0.091226
0.773667 0.109241
0.768924 0.124713
0.768395 0.150833
0.778434 0.165350
0.791806 0.181941
0.802610 0.215270
0.804761 0.253691
0.810057 0.279083
0.819145 0.000502
0.783944 0.020573
0.782086 0.035994
0.780601 0.050057
0.781257 0.065999
0.781322 0.083189
0.785210 0.099138
0.787487 0.124761
0.788769 0.140665
0.798844 0.165424
0.784420 0.195467
0.812360 0.202660
0.809582 0.232653
0.819936 0.269210
0.829472 0.000895
0.801090 0.010568
0.798249 0.028696
0.796363 0.043465
0.796014 0.058291
0.795916 0.075312
0.798209 0.091096
0.796787 0.110318
0.803402 0.130344
0.793932 0.151956
0.807971 0.184282
0.802519 0.197120
0.823584 0.225874
0.828351 0.256611
0.828048 0.279887
0.840681 0.000534
0.814467 0.020855
0.812783 0.035662
0.811610 0.050116
0.811456 0.065606
0.812102 0.082321
0.811950 0.099967
0.814146 0.116296
0.812092 0.144046
0.813822 0.158840
0.827523 0.187320
0.827831 0.206158
0.837214 0.241420
0.840178 0.268834
0.850311 0.000634
0.830505 0.011192
0.828786 0.028719
0.827391 0.043114
0.827278 0.058240
0.827410 0.074851
0.826797 0.091964
0.828991 0.108739
0.824680 0.129884
0.827888 0.147582
0.829706 0.168889
0.839312 0.196006
0.839510 0.221936
0.852002 0.254894
0.850905 0.280503
0.860963 0.000587
0.844904 0.019989
0.843259 0.035545
0.842775 0.050487
0.843063 0.065354
0.842316 0.082205
0.842299 0.099039
0.840924 0.119057
0.841627 0.137189
0.841554 0.157340
0.844039 0.180845
0.850376 0.205425
0.858037 0.232921
0.858398 0.266041
0.871685 0.000133
0.860984 0.012155
0.858983 0.029008
0.858430 0.043005
0.858671 0.058400
0.858358 0.074380
0.857531 0.090502
0.855778 0.108004
0.855691 0.126626
0.854922 0.147109
0.856951 0.166019
0.857663 0.191136
0.865781 0.219523
0.866121 0.256312
0.868134 0.280733
0.881552 0.000461
0.875786 0.020109
0.874553 0.035439
0.873839 0.050646
0.874349 0.065423
0.873170 0.080933
0.871541 0.098393
0.870805 0.117002
0.869562 0.136283
0.869153 0.156116
0.869714 0.178262
0.872538 0.202618
0.876652 0.241972
0.877427 0.268773
0.892708 0.000330
0.890471 0.012280
0.889194 0.029663
0.889688 0.044247
0.890318 0.057867
0.889783 0.073968
0.887439 0.089859
0.886057 0.106912
0.884541 0.126302
0.882727 0.144990
0.881959 0.167764
0.883707 0.193419
0.882927 0.217624
0.881885 0.252877
0.892603 0.281749
0.902959 0.000824
0.904855 0.020342
0.903630 0.036634
0.908980 0.049357
0.905493 0.064789
0.903770 0.082908
0.901491 0.098946
0.899324 0.116843
0.896858 0.136250
0.895117 0.156341
0.893874 0.179769
0.894486 0.206028
0.892194 0.231601
0.896402 0.264681
0.912807 0.000660
0.920333 0.013052
0.918142 0.031010
0.926153 0.043307
0.921362 0.059393
0.917893 0.076947
0.918031 0.093460
0.914588 0.108933
0.911021 0.129439
0.909621 0.147529
0.905041 0.169433
0.906214 0.194221
0.903862 0.222485
0.901676 0.254106
0.908506 0.286038
0.923653 0.000706
0.932641 0.024890
0.940781 0.036902
0.936341 0.055793
0.933407 0.071078
0.933199 0.087378
0.932603 0.105599
0.926061 0.120564
0.924807 0.140401
0.919497 0.162329
0.917769 0.185732
0.915408 0.207987
0.914357 0.235785
0.918700 0.280647
0.933745 0.000319
0.943130 0.013082
0.952474 0.025669
0.950397 0.049732
0.950092 0.070932
0.949533 0.085646
0.946518 0.101349
0.944921 0.118684
0.939429 0.132405
0.933842 0.157160
0.930245 0.176605
0.929620 0.196691
0.927221 0.225356
0.916417 0.256624
0.931787 0.273664
0.944487 0.000454
0.965049 0.015016
0.959937 0.039477
0.959972 0.061636
0.964776 0.084515
0.963503 0.103117
0.960708 0.116128
0.955968 0.138673
0.945118 0.150486
0.946930 0.168908
0.944029 0.189019
0.937828 0.211453
0.933919 0.242738
0.960693 0.286146
0.954938 0.000646
0.975014 0.001165
0.970952 0.030440
0.971289 0.049812
0.972225 0.071299
0.977306 0.095625
0.975840 0.122522
0.968247 0.137044
0.960264 0.156936
0.968011 0.173554
0.959673 0.198927
0.957703 0.215456
0.951045 0.240383
0.935670 0.260989
0.942601 0.289133
0.964952 0.000799
0.982126 0.018761
0.983779 0.038236
0.983370 0.058257
0.984414 0.080128
0.985576 0.110822
0.983716 0.140586
0.977279 0.155193
0.982744 0.174766
0.961025 0.182899
0.986359 0.229077
0.948657 0.224904
0.952708 0.255262
0.956678 0.299976
0.985403 0.000344
0.999395 0.023613
0.999534 0.043505
0.999936 0.074654
0.999872 0.107004
0.999998 0.140494
0.999675 0.174523
0.999200 0.209573
0.983092 0.195256
0.975410 0.209350
0.971467 0.226296
0.971824 0.247345
0.974570 0.258302
0.981534 0.274847
0.960947 0.308422
0.998800 0.000550
0.999069 0.033442
0.999826 0.064150
0.999769 0.096379
0.999482 0.129602
0.999105 0.163165
0.999391 0.198478
0.999790 0.234455
0.999782 0.258658
0.999453 0.282353
0.999550 0.306557
0.998944 0.329563
0.976346 0.318020
0.959743 0.271812
0.999211 0.000230
0.999834 0.012796
0.999443 0.053721
0.999918 0.085526
0.999233 0.118804
0.999895 0.152340
0.999696 0.186713
0.998898 0.220594
0.999111 0.247302
0.999830 0.270396
0.999757 0.294265
0.990477 0.308714
0.996457 0.344362
0.978508 0.330904
0.991652 0.341508
