0.000253 0.008290
0.000206 0.041684
0.000597 0.073200
0.000195 0.115329
0.000767 0.147674
0.000396 0.183899
0.000146 0.209648
0.000077 0.234375
0.000577 0.257559
0.000469 0.293251
0.020159 0.292691
0.000335 0.321619
0.000397 0.332955
0.018172 0.340785
0.005896 0.000511
0.000175 0.020624
0.000432 0.052056
0.000338 0.093921
0.000990 0.125934
0.000761 0.169792
0.000318 0.197364
0.000048 0.221607
0.001101 0.246125
0.000254 0.268892
0.000361 0.281257
0.000800 0.306071
0.028996 0.301905
0.010866 0.335316
0.040509 0.316460
0.000403 0.000674
0.000724 0.031267
0.000469 0.062602
0.000025 0.083548
0.000941 0.104678
0.000977 0.136661
0.000313 0.158330
0.021509 0.153781
0.014583 0.170891
0.015073 0.194019
0.013890 0.222611
0.025649 0.236963
0.022263 0.267168
0.029718 0.339072
0.019185 0.000482
0.016960 0.015033
0.013978 0.031534
0.015893 0.049122
0.015982 0.067936
0.016269 0.092122
0.018943 0.110150
0.017409 0.133422
0.035699 0.151017
0.028726 0.174947
0.026403 0.207243
0.036092 0.219807
0.024156 0.250847
0.038453 0.266733
0.050373 0.307431
0.030503 0.000539
0.032647 0.023151
0.028441 0.036494
0.029883 0.057316
0.026282 0.078950
0.032698 0.098602
0.032085 0.117629
0.031818 0.133978
0.041740 0.167588
0.040422 0.186581
0.037831 0.199287
0.048339 0.227515
0.041093 0.250063
0.044656 0.282854
0.044087 0.001007
0.034511 0.004423
0.045263 0.030783
0.038316 0.046569
0.038257 0.069603
0.040645 0.086222
0.045397 0.106674
0.047311 0.123417
0.049313 0.141542
0.056057 0.160216
0.056805 0.178212
0.051995 0.206605
0.058530 0.233669
0.060319 0.263271
0.056653 0.295373
0.054247 0.000317
0.050106 0.015778
0.054975 0.042181
0.050216 0.058146
0.054803 0.072803
0.056449 0.089332
0.059924 0.105856
0.062370 0.124077
0.065878 0.142489
0.067716 0.167195
0.068585 0.189032
0.067824 0.210607
0.062897 0.245759
0.064447 0.282856
0.064992 0.000982
0.066718 0.010374
0.061130 0.027936
0.069952 0.045120
0.065786 0.059896
0.069728 0.077267
0.073893 0.093188
0.074722 0.111826
0.076920 0.130667
0.079480 0.151040
0.081877 0.175009
0.079235 0.197686
0.077635 0.222399
0.076406 0.249701
0.078057 0.286486
0.076672 0.000703
0.078820 0.020303
0.077374 0.033937
0.084315 0.050425
0.081317 0.065976
0.085968 0.082500
0.088119 0.099584
0.090298 0.117905
0.091820 0.137290
0.092360 0.157994
0.093748 0.183214
0.090599 0.210764
0.089334 0.235476
0.087300 0.263974
0.086696 0.000520
0.093403 0.011022
0.094270 0.027856
0.095057 0.041390
0.098707 0.057695
0.098834 0.072162
0.102032 0.089708
0.103201 0.106355
0.104947 0.125392
0.105835 0.147112
0.105115 0.167457
0.104006 0.194923
0.099684 0.219580
0.100499 0.244761
0.089161 0.282792
0.097859 0.000192
0.108831 0.020075
0.111770 0.033888
0.112104 0.048923
0.114189 0.064215
0.114956 0.079226
0.117721 0.096634
0.118404 0.114450
0.118329 0.135142
0.117511 0.156294
0.117446 0.177905
0.114577 0.207189
0.110405 0.232118
0.104401 0.267864
0.108133 0.000611
0.123022 0.011138
0.126056 0.028231
0.128590 0.042322
0.129176 0.056689
0.130325 0.071829
0.131125 0.088684
0.132183 0.105602
0.132434 0.123754
0.132626 0.144916
0.130863 0.166931
0.126546 0.190277
0.124551 0.217505
0.121391 0.248004
0.106759 0.282637
0.118152 0.000043
0.139525 0.019237
0.142528 0.034467
0.144989 0.049988
0.145500 0.064421
0.146339 0.079966
0.146755 0.096594
0.146606 0.114424
0.146092 0.133068
0.144960 0.153954
0.140537 0.176496
0.136125 0.203901
0.131577 0.231573
0.125680 0.267746
0.129729 0.000595
0.155212 0.012480
0.157103 0.028390
0.159940 0.042869
0.161083 0.058023
0.161607 0.072778
0.161632 0.089311
0.161584 0.105471
0.161828 0.123846
0.159360 0.144057
0.157146 0.165115
0.151163 0.189984
0.143948 0.215624
0.141071 0.246654
0.131905 0.281104
0.139589 0.000024
0.170438 0.020730
0.173803 0.035614
0.176436 0.050866
0.177266 0.065556
0.177134 0.080955
0.176176 0.097519
0.175967 0.114891
0.174328 0.134782
0.170347 0.154083
0.166304 0.175208
0.159186 0.204004
0.153037 0.231117
0.147766 0.261205
0.149586 0.000208
0.185220 0.012911
0.187136 0.028946
0.190322 0.043582
0.192129 0.058740
0.192622 0.073742
0.191914 0.090323
0.190075 0.106221
0.189127 0.124371
0.188006 0.145400
0.184782 0.163126
0.175446 0.189501
0.164401 0.215628
0.162963 0.246164
0.149976 0.281406
0.160878 0.001116
0.200616 0.021226
0.204227 0.036179
0.206367 0.051550
0.207039 0.066589
0.206891 0.081980
0.206061 0.098282
0.204067 0.115228
0.200803 0.134412
0.199899 0.156063
0.189917 0.173216
0.179254 0.204785
0.173733 0.232531
0.165935 0.264673
0.170566 0.000926
0.213972 0.013189
0.216902 0.028123
0.220017 0.043361
0.221442 0.059119
0.221053 0.074392
0.220595 0.091829
0.219274 0.107760
0.217485 0.125066
0.214346 0.144846
0.212277 0.163613
0.194636 0.190763
0.188997 0.216832
0.177155 0.254765
0.175084 0.277677
0.180834 0.000364
0.229519 0.021050
0.232478 0.035220
0.235002 0.051138
0.235145 0.065922
0.234310 0.082480
0.233681 0.101031
0.231164 0.117366
0.229679 0.135492
0.225123 0.152364
0.211044 0.180594
0.202206 0.205672
0.193158 0.236125
0.189070 0.249812
0.191903 0.000944
0.242305 0.011308
0.244787 0.026980
0.247798 0.043177
0.248950 0.058463
0.248067 0.073925
0.246592 0.091826
0.245471 0.108913
0.243666 0.126905
0.243741 0.149988
0.234236 0.166957
0.221109 0.202690
0.211185 0.215359
0.210136 0.250811
0.194287 0.273211
0.201456 0.000490
0.257689 0.020828
0.260816 0.034362
0.262471 0.050135
0.262231 0.064985
0.260572 0.082118
0.257723 0.099829
0.257079 0.117374
0.255882 0.140159
0.247869 0.160938
0.226090 0.182470
0.232467 0.210092
0.214583 0.234637
0.205257 0.252630
0.212073 0.000285
0.269368 0.008433
0.272292 0.025125
0.275997 0.042248
0.276591 0.057610
0.274537 0.073381
0.272313 0.090759
0.270942 0.105916
0.268249 0.126396
0.269935 0.147490
0.259599 0.178313
0.250280 0.187443
0.238066 0.185683
0.235562 0.248760
0.215008 0.269460
0.222725 0.000401
0.285414 0.019895
0.288134 0.032533
0.290233 0.048327
0.289706 0.063506
0.287845 0.080849
0.285219 0.097568
0.279965 0.116073
0.282092 0.135299
0.261962 0.157267
0.276519 0.188998
0.247100 0.208587
0.236422 0.230735
0.225927 0.252539
0.231991 0.000070
0.295630 0.003119
0.300419 0.023290
0.303327 0.041066
0.303606 0.055685
0.302772 0.071951
0.299976 0.090709
0.292869 0.106323
0.292624 0.123800
0.296974 0.146748
0.281420 0.151060
0.276110 0.167837
0.266852 0.194760
0.256926 0.239668
0.238940 0.260705
0.243321 0.000033
0.313700 0.018236
0.315917 0.032257
0.317448 0.047053
0.316659 0.062677
0.314700 0.081625
0.309594 0.097504
0.312104 0.109422
0.304217 0.128539
0.306736 0.152769
0.292408 0.177689
0.278600 0.219176
0.261910 0.212260
0.248538 0.246106
0.253475 0.001132
0.322414 0.000163
0.326536 0.020969
0.330015 0.039319
0.331526 0.054957
0.329319 0.069748
0.329803 0.083138
0.326972 0.096629
0.320012 0.124567
0.314505 0.141640
0.323063 0.158527
0.294166 0.160437
0.285631 0.192346
0.276702 0.239559
0.258997 0.254098
0.262856 0.000723
0.338739 0.018662
0.342745 0.033005
0.345409 0.046749
0.346105 0.059459
0.344106 0.074508
0.343601 0.093740
0.331020 0.108141
0.329800 0.125324
0.329595 0.143389
0.306200 0.180129
0.301410 0.205235
0.292797 0.233997
0.271114 0.249067
0.275001 0.000330
0.345918 0.001059
0.354613 0.020342
0.356923 0.038956
0.361504 0.053835
0.358684 0.069024
0.356364 0.084287
0.349673 0.104316
0.345624 0.122655
0.342650 0.135697
0.347862 0.148271
0.316944 0.177462
0.328085 0.184637
0.302299 0.216367
0.282998 0.247083
0.283899 0.000476
0.367566 0.020578
0.369818 0.033834
0.375856 0.046160
0.375744 0.061059
0.370479 0.074959
0.374967 0.088266
0.360709 0.096218
0.363721 0.116119
0.363451 0.128604
0.332878 0.159366
0.329838 0.220002
0.332488 0.231714
0.304467 0.244855
0.295149 0.000406
0.369778 0.000838
0.383125 0.030880
0.395900 0.039735
0.389605 0.050368
0.392692 0.062803
0.385162 0.075331
0.391921 0.087995
0.372504 0.106036
0.383551 0.118878
0.362516 0.142055
0.355078 0.164819
0.341480 0.176400
0.313623 0.188890
0.298168 0.238953
0.306631 0.000284
0.382500 0.017998
0.407495 0.029284
0.409114 0.044610
0.407532 0.056493
0.408320 0.069718
0.402529 0.080650
0.384308 0.100213
0.393787 0.112080
0.372962 0.136932
0.370840 0.163639
0.346347 0.191380
0.357064 0.217359
0.325018 0.241472
0.314562 0.000050
0.397284 0.020638
0.420341 0.026492
0.422413 0.041339
0.422978 0.056663
0.421560 0.073861
0.423429 0.086515
0.408976 0.091638
0.405059 0.102320
0.386321 0.136435
0.390182 0.149393
0.384139 0.165718
0.359744 0.182024
0.334209 0.201826
0.320110 0.229826
0.330150 0.000135
0.413018 0.016661
0.443042 0.026440
0.433010 0.035961
0.439061 0.048431
0.437376 0.059995
0.435676 0.073444
0.436768 0.092258
0.411661 0.118050
0.399986 0.128234
0.409473 0.139303
0.377760 0.180397
0.365824 0.206826
0.343810 0.223088
0.338054 0.000087
0.411449 0.000585
0.427980 0.016752
0.451550 0.016799
0.448866 0.040687
0.453746 0.055540
0.452892 0.071138
0.446281 0.081765
0.419814 0.103994
0.425527 0.120273
0.421913 0.131820
0.406634 0.156454
0.399300 0.173152
0.365210 0.191119
0.352594 0.230012
0.353771 0.000668
0.463390 0.022863
0.459768 0.039255
0.466467 0.050682
0.463040 0.069791
0.456463 0.093534
0.444475 0.104254
0.435667 0.112983
0.439264 0.131081
0.432795 0.146560
0.417975 0.151982
0.436527 0.168016
0.403612 0.197624
0.379293 0.223622
0.361652 0.000871
0.420813 0.000464
0.481710 0.000913
0.474955 0.022308
0.470941 0.035382
0.473103 0.063744
0.477778 0.079436
0.465033 0.086543
0.469375 0.124495
0.448636 0.119367
0.461207 0.147313
0.450362 0.149766
0.417164 0.171542
0.391545 0.186686
0.391614 0.207979
0.378084 0.000155
0.466784 0.000716
0.484235 0.027200
0.479307 0.038607
0.486281 0.086079
0.494388 0.076145
0.479020 0.095754
0.457318 0.102909
0.472701 0.138555
0.475027 0.158805
0.452135 0.168666
0.455953 0.180179
0.417886 0.186195
0.371505 0.206637
0.386700 0.000680
0.459329 0.000394
0.487160 0.000072
0.492929 0.020880
0.519153 0.054782
0.522735 0.117823
0.499014 0.096166
0.488186 0.117184
0.512409 0.325034
0.485870 0.169255
0.474884 0.195619
0.509395 0.265060
0.495622 0.244724
0.450476 0.200751
0.422814 0.201296
0.428934 0.001098
0.474701 0.000659
0.583991 0.028815
0.499351 0.043737
0.496070 0.055947
0.496542 0.110292
0.511068 0.117443
0.474359 0.111017
0.483454 0.127718
0.457783 0.131706
0.465229 0.164098
0.468679 0.190646
0.436839 0.187290
0.397567 0.209585
0.402729 0.000801
0.444228 0.000903
0.509567 0.000696
0.495508 0.034041
0.506693 0.338946
0.507787 0.073441
0.520982 0.297752
0.500832 0.127400
0.503103 0.143336
0.484273 0.144814
0.522853 0.269603
0.498633 0.211239
0.486402 0.217384
0.466742 0.208935
0.436725 0.196480
0.530574 0.000241
0.501784 0.000118
0.436798 0.000434
0.438725 0.343360
0.515176 0.041734
0.508144 0.087129
0.510343 0.141568
0.504198 0.342441
0.502064 0.237445
0.497102 0.202097
0.518006 0.263276
0.517321 0.214161
0.518546 0.188597
0.552620 0.191351
0.595871 0.000486
0.548622 0.001208
0.394778 0.000859
0.494283 0.000455
0.519939 0.017216
0.502407 0.062785
0.522092 0.080134
0.511199 0.102196
0.524859 0.129869
0.515958 0.153590
0.530552 0.155967
0.524103 0.169860
0.537344 0.169025
0.538182 0.193405
0.579634 0.200324
0.588657 0.000141
0.518030 0.000708
0.451837 0.000943
0.504632 0.028382
0.481371 0.056485
0.495990 0.294605
0.494249 0.187453
0.496062 0.161873
0.504325 0.179158
0.491511 0.325424
0.515233 0.169878
0.508911 0.234156
0.525659 0.199231
0.599401 0.196138
0.609556 0.000971
0.564548 0.000513
0.506344 0.014375
0.522509 0.001409
0.512578 0.062272
0.532366 0.049262
0.530068 0.069597
0.527921 0.093571
0.532083 0.104243
0.535263 0.129422
0.540051 0.143374
0.551130 0.168655
0.567530 0.177796
0.568275 0.203080
0.620053 0.200062
0.625957 0.001326
0.540509 0.001379
0.537029 0.009998
0.535685 0.027230
0.520615 0.029813
0.540564 0.060032
0.533105 0.083083
0.542816 0.094674
0.550826 0.113016
0.548383 0.127909
0.549421 0.150818
0.566588 0.161438
0.590867 0.188766
0.606595 0.210167
0.633965 0.000221
0.556508 0.000805
0.553684 0.015827
0.543516 0.022640
0.540466 0.034368
0.546290 0.077719
0.557420 0.091985
0.562601 0.104600
0.565729 0.119267
0.558255 0.131030
0.566736 0.142375
0.585012 0.160002
0.584668 0.174139
0.607857 0.171213
0.622275 0.216244
0.649786 0.001151
0.571029 0.009805
0.570998 0.026235
0.553616 0.028840
0.545316 0.050611
0.557392 0.057900
0.557080 0.074299
0.567911 0.086048
0.577644 0.112409
0.579121 0.129071
0.577814 0.146764
0.597710 0.156195
0.615308 0.193445
0.636025 0.212803
0.657673 0.000126
0.573113 0.000359
0.590026 0.015330
0.566973 0.039698
0.550856 0.040910
0.574736 0.053377
0.569159 0.061477
0.571913 0.073541
0.576229 0.098912
0.588690 0.121070
0.600496 0.129265
0.612627 0.156812
0.637856 0.179900
0.628805 0.194719
0.653074 0.228905
0.673222 0.000340
0.581122 0.000301
0.602700 0.000321
0.584399 0.044272
0.585837 0.064161
0.586617 0.077383
0.587059 0.089727
0.593301 0.102462
0.602096 0.112567
0.612361 0.130057
0.592792 0.140070
0.626655 0.168154
0.653954 0.212787
0.643673 0.222765
0.681108 0.001074
0.616922 0.000632
0.604289 0.021948
0.596181 0.032456
0.595218 0.046707
0.598737 0.061673
0.598628 0.076471
0.601776 0.090083
0.616723 0.103940
0.614322 0.118433
0.616942 0.144103
0.633884 0.155463
0.641865 0.164860
0.660042 0.176958
0.673469 0.233123
0.696761 0.000946
0.617930 0.015484
0.616757 0.028904
0.608024 0.036001
0.610127 0.050198
0.611479 0.063120
0.611582 0.077357
0.616808 0.090771
0.629350 0.119072
0.626876 0.134984
0.651401 0.158524
0.646827 0.194280
0.657802 0.219275
0.668307 0.232880
0.704478 0.000875
0.641718 0.000811
0.630663 0.021215
0.625318 0.038627
0.623709 0.051690
0.627366 0.064901
0.627132 0.077338
0.632853 0.089520
0.629828 0.103942
0.646862 0.129530
0.637546 0.140052
0.668620 0.166604
0.651785 0.172557
0.672092 0.203161
0.705744 0.241341
0.711971 0.000619
0.647271 0.016924
0.640921 0.032407
0.639293 0.044013
0.640067 0.057124
0.642089 0.074746
0.647576 0.088699
0.645455 0.102547
0.645986 0.116340
0.654927 0.139894
0.681115 0.170585
0.676807 0.186151
0.684226 0.212564
0.698926 0.242814
0.727572 0.000142
0.665406 0.000739
0.659866 0.021423
0.654732 0.037442
0.654278 0.051135
0.655695 0.066250
0.656129 0.080856
0.661334 0.097856
0.662934 0.114565
0.661085 0.129813
0.663315 0.149504
0.674093 0.151940
0.694249 0.187599
0.703388 0.222456
0.720575 0.240511
0.736160 0.000472
0.674329 0.017092
0.670347 0.032653
0.668416 0.045827
0.668770 0.060076
0.670488 0.075902
0.672914 0.089770
0.674060 0.106255
0.675746 0.124379
0.688182 0.139261
0.696302 0.168448
0.689932 0.229454
0.721242 0.218861
0.725278 0.250516
0.748119 0.000904
0.688763 0.000042
0.686088 0.021229
0.683036 0.038801
0.682265 0.053812
0.682909 0.069874
0.685765 0.084953
0.689376 0.099382
0.688090 0.113209
0.687391 0.129889
0.693911 0.153240
0.707832 0.173103
0.702728 0.185959
0.729898 0.231561
0.741762 0.250133
0.757411 0.000941
0.699459 0.017592
0.697052 0.032611
0.695645 0.046716
0.695573 0.061425
0.697320 0.079324
0.700822 0.095222
0.705969 0.115950
0.701875 0.132840
0.727500 0.150175
0.713839 0.188321
0.719901 0.195357
0.747158 0.221211
0.750199 0.247597
0.766958 0.000554
0.719991 0.000886
0.711905 0.022212
0.708974 0.041054
0.708678 0.055610
0.710183 0.072477
0.712171 0.087117
0.711469 0.102377
0.722784 0.123506
0.708223 0.146835
0.734399 0.138707
0.724135 0.164523
0.734120 0.193379
0.750993 0.237707
0.763839 0.256937
0.778770 0.001129
0.724632 0.019886
0.723241 0.033479
0.721738 0.048193
0.722256 0.063237
0.725295 0.079198
0.727162 0.095734
0.721792 0.109374
0.714106 0.136833
0.752875 0.161596
0.740536 0.189937
0.754010 0.197417
0.766243 0.226148
0.774195 0.246845
0.788113 0.000222
0.741723 0.010095
0.738368 0.025552
0.735870 0.042926
0.735632 0.057213
0.737591 0.074530
0.740031 0.090136
0.739781 0.104472
0.737355 0.125525
0.751221 0.131408
0.743462 0.148720
0.735616 0.172198
0.773194 0.195225
0.774607 0.245697
0.783747 0.261504
0.798039 0.000801
0.753534 0.021460
0.750801 0.035665
0.749605 0.050387
0.750021 0.064609
0.751170 0.082015
0.754893 0.098251
0.750606 0.111963
0.768098 0.136784
0.758963 0.171388
0.758923 0.190929
0.779069 0.210741
0.790200 0.230600
0.794581 0.252312
0.809502 0.000573
0.769919 0.011786
0.767015 0.026907
0.764163 0.043840
0.763602 0.058189
0.764775 0.074131
0.766632 0.091934
0.770583 0.106118
0.766167 0.119761
0.763590 0.150212
0.772544 0.158736
0.785789 0.173394
0.801599 0.204779
0.800137 0.248775
0.807256 0.264664
0.819041 0.001174
0.782458 0.021353
0.780120 0.035466
0.778140 0.051233
0.778783 0.065294
0.779050 0.082059
0.781741 0.098256
0.783123 0.119741
0.783079 0.135724
0.793104 0.159189
0.777293 0.188163
0.810435 0.193008
0.803088 0.228669
0.814228 0.245290
0.829584 0.000360
0.799583 0.012805
0.796179 0.027423
0.794096 0.043545
0.793411 0.058557
0.793314 0.073592
0.795243 0.090379
0.793174 0.107284
0.799659 0.124891
0.786008 0.151448
0.805838 0.172530
0.791985 0.193767
0.825140 0.218486
0.824010 0.251251
0.826862 0.268061
0.840715 0.000320
0.813446 0.021510
0.810609 0.035466
0.809080 0.051210
0.808751 0.065218
0.809353 0.080194
0.807944 0.097958
0.809676 0.112355
0.807072 0.138550
0.810140 0.153779
0.820867 0.176967
0.825103 0.197658
0.833233 0.233780
0.835477 0.250508
0.850306 0.000466
0.829694 0.012694
0.827503 0.027693
0.825657 0.042985
0.824687 0.058255
0.824519 0.072875
0.823487 0.089956
0.824994 0.105143
0.819622 0.123706
0.823227 0.142389
0.823167 0.160262
0.836001 0.187846
0.838042 0.212010
0.843628 0.240434
0.849334 0.271663
0.860974 0.000600
0.844667 0.020457
0.842149 0.034817
0.840995 0.050061
0.840610 0.064692
0.839645 0.079455
0.839257 0.095878
0.836649 0.114853
0.836956 0.129855
0.836818 0.150235
0.839369 0.168384
0.848650 0.199632
0.854900 0.222692
0.854233 0.252701
0.871716 0.000559
0.861028 0.012776
0.858775 0.027851
0.857434 0.042208
0.856879 0.056921
0.856258 0.071989
0.855430 0.087812
0.852698 0.103539
0.852081 0.120187
0.850753 0.140372
0.852860 0.158495
0.856001 0.181375
0.863158 0.209079
0.862270 0.244779
0.867665 0.272386
0.881463 0.000841
0.876341 0.019541
0.874008 0.034626
0.872969 0.049407
0.873834 0.063700
0.871954 0.077922
0.869310 0.094338
0.867675 0.110806
0.865833 0.128865
0.866452 0.148391
0.866545 0.168609
0.866860 0.193415
0.873198 0.224401
0.877064 0.259636
0.892647 0.000962
0.891972 0.011627
0.890044 0.028145
0.890484 0.042945
0.890674 0.056121
0.889132 0.070262
0.885759 0.086404
0.883847 0.101506
0.882118 0.119380
0.880146 0.137989
0.878001 0.159806
0.880572 0.182512
0.879743 0.209520
0.876353 0.239418
0.892026 0.274043
0.903109 0.000302
0.906417 0.019347
0.904578 0.034739
0.909416 0.046850
0.905094 0.062405
0.903419 0.078646
0.900677 0.094535
0.898603 0.110904
0.894797 0.129382
0.892659 0.147681
0.890159 0.170708
0.891811 0.198283
0.890761 0.221322
0.895902 0.254477
0.912782 0.000440
0.922172 0.012630
0.918457 0.029648
0.927749 0.041479
0.921455 0.056850
0.918771 0.073006
0.918152 0.089516
0.913615 0.103973
0.910822 0.122856
0.909050 0.140600
0.902702 0.161655
0.902931 0.186267
0.901036 0.213589
0.901163 0.239540
0.904149 0.276475
0.923633 0.000652
0.933938 0.024509
0.941971 0.035853
0.937229 0.054325
0.933897 0.068558
0.933743 0.083776
0.932455 0.101077
0.925549 0.115096
0.923564 0.133390
0.916273 0.154802
0.915516 0.177366
0.913439 0.199650
0.911464 0.225008
0.915729 0.273876
0.933758 0.000190
0.944492 0.011921
0.953711 0.024628
0.951376 0.049299
0.950744 0.068722
0.951121 0.082878
0.947431 0.097701
0.945610 0.113201
0.938887 0.126618
0.931978 0.151063
0.929899 0.169097
0.928101 0.190360
0.924740 0.216280
0.915343 0.246057
0.930774 0.265809
0.944506 0.000419
0.965699 0.013713
0.960893 0.037179
0.961314 0.058730
0.964855 0.081901
0.964376 0.099816
0.962213 0.114366
0.954296 0.132092
0.944621 0.144833
0.948140 0.163720
0.943842 0.181810
0.936349 0.201730
0.928681 0.230265
0.962339 0.279642
0.955060 0.000392
0.975213 0.000888
0.971379 0.028262
0.972481 0.047072
0.972723 0.068744
0.978719 0.091851
0.976027 0.119180
0.968842 0.133557
0.960714 0.152775
0.970212 0.167137
0.958258 0.192536
0.957696 0.208512
0.950659 0.233854
0.935017 0.249463
0.937706 0.279855
0.965074 0.000663
0.983406 0.016948
0.985119 0.036572
0.983896 0.056183
0.984293 0.077298
0.984608 0.107899
0.983848 0.136491
0.978119 0.152918
0.981741 0.171887
0.959534 0.178610
0.984879 0.228821
0.942903 0.219666
0.950622 0.249095
0.948918 0.287551
0.985696 0.000607
0.998960 0.023451
0.998982 0.043529
0.999647 0.074680
0.999222 0.106979
0.999706 0.140655
0.999146 0.174436
0.999878 0.209465
0.982044 0.192703
0.975645 0.207115
0.967808 0.220483
0.969810 0.240478
0.974324 0.254106
0.980911 0.271346
0.956095 0.300359
0.998974 0.000277
0.999801 0.033359
0.999417 0.064243
0.998890 0.096202
0.999999 0.129492
0.999483 0.163023
0.999596 0.198059
0.999674 0.234782
0.999840 0.258261
0.999514 0.282346
0.999123 0.306758
0.999779 0.329440
0.966576 0.309848
0.957939 0.261839
0.999611 0.000125
0.998931 0.012586
0.998965 0.053798
0.999444 0.085659
0.999889 0.118749
0.999728 0.152277
0.999826 0.186211
0.999550 0.220957
0.999218 0.247067
0.999941 0.270237
0.999402 0.293551
0.984410 0.304301
0.999131 0.337771
0.972036 0.319336
0.988719 0.331344
