0.001687 0.012494
0.001748 0.047432
0.000697 0.081851
0.000496 0.117120
0.000535 0.151774
0.000511 0.186382
0.000606 0.221068
0.000509 0.255715
0.000434 0.290182
0.000452 0.324678
0.000641 0.359748
0.000877 0.394071
0.001886 0.429281
0.002659 0.464151
0.010051 0.000485
0.000580 0.030297
0.000858 0.065394
0.001128 0.100201
0.001087 0.135032
0.001021 0.169596
0.000709 0.204378
0.000872 0.238956
0.000900 0.273476
0.000937 0.308314
0.001053 0.342856
0.001383 0.377771
0.000443 0.412353
0.000080 0.447022
0.011224 0.478563
0.010044 0.006892
0.009580 0.046837
0.009320 0.082438
0.009085 0.117011
0.009293 0.151702
0.009051 0.186636
0.009135 0.221104
0.009265 0.255653
0.009065 0.290297
0.009062 0.325172
0.008998 0.359572
0.009432 0.394689
0.009586 0.430222
0.011718 0.470189
0.029088 0.000479
0.024740 0.030478
0.024408 0.064545
0.024257 0.099712
0.024251 0.134478
0.023924 0.169052
0.024411 0.203852
0.024273 0.238413
0.023897 0.273026
0.024122 0.307650
0.024324 0.342262
0.024251 0.377085
0.024404 0.412458
0.025605 0.447455
0.028065 0.483549
0.037653 0.005589
0.037056 0.046602
0.036716 0.082131
0.036363 0.117098
0.036398 0.151804
0.036383 0.186419
0.036425 0.220986
0.036330 0.255870
0.036385 0.290194
0.036335 0.324897
0.036656 0.359705
0.036573 0.394530
0.037042 0.430804
0.038834 0.472998
0.049294 0.000196
0.047698 0.029936
0.047034 0.064117
0.046722 0.099584
0.046621 0.134323
0.046592 0.169279
0.046781 0.203766
0.046867 0.238281
0.046623 0.273075
0.046664 0.307579
0.046642 0.342328
0.046817 0.377099
0.046963 0.412763
0.048193 0.448420
0.049523 0.483790
0.058263 0.005268
0.057709 0.045936
0.057471 0.082050
0.057245 0.117156
0.057289 0.151757
0.057249 0.186451
0.057429 0.220987
0.057346 0.255656
0.057290 0.290197
0.057175 0.324849
0.057427 0.359734
0.057358 0.394724
0.057807 0.431306
0.058409 0.473768
0.069575 0.000717
0.068745 0.029288
0.068157 0.064088
0.068158 0.099624
0.068131 0.134500
0.068147 0.169078
0.068075 0.203705
0.068344 0.238258
0.068189 0.272924
0.068184 0.307532
0.068025 0.342235
0.068186 0.377071
0.068348 0.412926
0.068849 0.449069
0.069462 0.485009
0.079166 0.004510
0.078980 0.045898
0.078928 0.082090
0.078726 0.117135
0.078982 0.151819
0.078819 0.186161
0.078898 0.221168
0.078792 0.255605
0.078919 0.290286
0.078843 0.324777
0.079015 0.359575
0.078934 0.394859
0.079061 0.431524
0.079430 0.473977
0.089822 0.000977
0.089530 0.029157
0.089219 0.064309
0.089316 0.099575
0.089247 0.134302
0.089375 0.169239
0.089444 0.203576
0.089242 0.238336
0.089275 0.272955
0.089425 0.307590
0.089260 0.342210
0.089282 0.377119
0.089270 0.413008
0.089615 0.449439
0.089678 0.485226
0.099666 0.004646
0.099508 0.045942
0.099636 0.081909
0.099577 0.117047
0.099475 0.151710
0.099710 0.186386
0.099533 0.220950
0.099480 0.255773
0.099616 0.290358
0.099671 0.324872
0.099508 0.359656
0.099531 0.394927
0.099506 0.431756
0.099609 0.474188
0.109937 0.000531
0.109873 0.029100
0.109670 0.064091
0.109647 0.099449
0.109824 0.134414
0.109774 0.169173
0.109761 0.203620
0.109622 0.238287
0.109778 0.273059
0.109737 0.307664
0.109784 0.342232
0.109660 0.377241
0.109715 0.413111
0.109692 0.449592
0.110106 0.485647
0.119947 0.004608
0.119971 0.045705
0.119811 0.081856
0.119867 0.117142
0.119802 0.151690
0.119821 0.186330
0.119826 0.221154
0.119768 0.255704
0.119998 0.290457
0.119859 0.325058
0.119729 0.359633
0.119772 0.394934
0.119804 0.431926
0.119840 0.474283
0.130068 0.000539
0.130030 0.029037
0.129904 0.064158
0.129996 0.099523
0.129878 0.134366
0.129995 0.169255
0.129878 0.203795
0.129989 0.238416
0.129862 0.273029
0.129850 0.307578
0.129922 0.342380
0.129754 0.377185
0.129832 0.413104
0.129920 0.449636
0.130146 0.485637
0.140013 0.004763
0.140009 0.045561
0.140004 0.082090
0.139908 0.117037
0.139814 0.151689
0.139912 0.186390
0.140037 0.221054
0.139861 0.255799
0.140088 0.290311
0.139817 0.325003
0.139889 0.359710
0.139897 0.394974
0.139908 0.431907
0.140050 0.473798
0.149941 0.000069
0.150220 0.029025
0.149944 0.064023
0.149928 0.099526
0.149958 0.134366
0.149942 0.169163
0.150127 0.203827
0.149907 0.238349
0.149920 0.273051
0.149900 0.307580
0.150019 0.342231
0.149907 0.377300
0.149916 0.413030
0.150132 0.449675
0.149779 0.485741
0.160029 0.004701
0.160091 0.045533
0.159948 0.081945
0.159986 0.116923
0.159969 0.151797
0.160119 0.186342
0.159973 0.221046
0.159935 0.255780
0.160151 0.290437
0.159915 0.325048
0.159906 0.359679
0.160028 0.394916
0.159997 0.431938
0.160039 0.474559
0.169837 0.000733
0.170039 0.029061
0.169855 0.064058
0.170090 0.099646
0.169941 0.134480
0.170134 0.169057
0.170064 0.203859
0.170070 0.238494
0.169950 0.272964
0.169969 0.307775
0.169999 0.342304
0.169884 0.377146
0.169985 0.413029
0.169887 0.449683
0.170238 0.485696
0.179836 0.004572
0.180003 0.045737
0.180012 0.081999
0.180122 0.116942
0.179807 0.151809
0.180022 0.186409
0.179976 0.220976
0.179933 0.255762
0.179981 0.290387
0.180102 0.325088
0.179907 0.359762
0.179908 0.394954
0.180052 0.431839
0.180106 0.473911
0.189951 0.000390
0.189881 0.029001
0.189898 0.064106
0.189994 0.099626
0.189974 0.134433
0.189989 0.169101
0.189988 0.203705
0.190007 0.238251
0.190047 0.272995
0.189992 0.307614
0.190173 0.342308
0.189881 0.377230
0.190048 0.413000
0.190016 0.449555
0.190013 0.485720
0.199885 0.004666
0.200122 0.045634
0.200094 0.081849
0.199989 0.116897
0.199941 0.151725
0.200138 0.186495
0.199837 0.221021
0.200036 0.255680
0.199991 0.290293
0.200046 0.325007
0.200001 0.359708
0.200007 0.395066
0.200138 0.431856
0.200063 0.474044
0.209805 0.000605
0.210018 0.029022
0.210011 0.064074
0.210076 0.099615
0.209904 0.134425
0.210104 0.169052
0.210104 0.203723
0.209980 0.238434
0.209910 0.272896
0.210037 0.307562
0.210171 0.342355
0.209916 0.377167
0.210211 0.413084
0.210087 0.449620
0.209740 0.485731
0.219839 0.004669
0.220126 0.045756
0.220074 0.081974
0.220065 0.116980
0.220111 0.151823
0.219997 0.186364
0.220075 0.221222
0.219843 0.255563
0.220011 0.290390
0.220041 0.325086
0.219903 0.359708
0.220019 0.394900
0.220056 0.431938
0.220113 0.474168
0.229970 0.000554
0.229966 0.029135
0.230033 0.064080
0.230035 0.099603
0.230097 0.134386
0.230020 0.169060
0.230022 0.203682
0.230093 0.238426
0.229881 0.272912
0.230000 0.307729
0.229909 0.342492
0.229980 0.377070
0.229976 0.412964
0.230130 0.449624
0.230016 0.485612
0.239989 0.004536
0.240126 0.045688
0.240050 0.082063
0.240117 0.117000
0.240039 0.151679
0.239994 0.186425
0.240074 0.221060
0.240059 0.255711
0.240038 0.290296
0.239930 0.325014
0.239959 0.359722
0.240001 0.394745
0.239990 0.431950
0.239965 0.474107
0.250090 0.000857
0.250021 0.029033
0.250082 0.064006
0.250045 0.099614
0.250073 0.134296
0.250070 0.169128
0.250010 0.203705
0.249974 0.238411
0.250336 0.273051
0.249870 0.307637
0.250027 0.342410
0.250022 0.377180
0.250224 0.413008
0.249869 0.449513
0.250022 0.485788
0.260241 0.004918
0.260156 0.045550
0.260166 0.082017
0.260145 0.117098
0.260019 0.151665
0.260111 0.186360
0.260133 0.221012
0.259934 0.255744
0.260056 0.290337
0.260182 0.324998
0.260159 0.359670
0.260151 0.394838
0.260101 0.432003
0.260055 0.474053
0.269835 0.000759
0.270054 0.029146
0.270176 0.064041
0.270184 0.099727
0.270123 0.134266
0.270297 0.169053
0.270127 0.203761
0.270070 0.238265
0.270121 0.273067
0.270040 0.307756
0.270095 0.342234
0.270118 0.377180
0.270162 0.413072
0.270055 0.449576
0.269986 0.485691
0.280291 0.004584
0.280233 0.045610
0.280258 0.081930
0.280278 0.117176
0.280182 0.151698
0.280209 0.186458
0.280438 0.221044
0.280275 0.255636
0.280155 0.290238
0.280416 0.325084
0.280218 0.359731
0.280171 0.394881
0.280256 0.431919
0.280134 0.474127
0.290096 0.000431
0.290342 0.028906
0.290396 0.064133
0.290336 0.099547
0.290241 0.134524
0.290441 0.168967
0.290361 0.203948
0.290442 0.238226
0.290537 0.273044
0.290392 0.307617
0.290448 0.342489
0.290396 0.377158
0.290523 0.412953
0.290082 0.449528
0.290131 0.485629
0.300437 0.004464
0.300661 0.045555
0.300569 0.081958
0.300771 0.116959
0.300594 0.151942
0.300657 0.186430
0.300840 0.221194
0.300754 0.255606
0.300708 0.290279
0.300971 0.325038
0.300776 0.359678
0.300654 0.394929
0.300603 0.431793
0.300252 0.474183
0.310086 0.000903
0.310747 0.029126
0.311044 0.064138
0.311118 0.099520
0.311121 0.134272
0.311062 0.169141
0.311120 0.203792
0.311141 0.238366
0.311127 0.272977
0.311024 0.307727
0.310994 0.342221
0.311060 0.377155
0.311179 0.413051
0.310692 0.449305
0.310258 0.485286
0.321165 0.004810
0.321672 0.045890
0.321786 0.082095
0.321792 0.116984
0.321706 0.151740
0.321979 0.186561
0.322009 0.220975
0.321765 0.255741
0.321871 0.290284
0.321783 0.324974
0.321796 0.359744
0.321668 0.394893
0.321630 0.431531
0.321036 0.473936
0.330598 0.000287
0.332034 0.029488
0.332515 0.064082
0.332567 0.099675
0.332664 0.134385
0.332606 0.168959
0.332683 0.203650
0.332765 0.238384
0.332655 0.273040
0.332612 0.307656
0.332585 0.342293
0.332732 0.377261
0.332482 0.412932
0.331930 0.449024
0.330856 0.484298
0.341873 0.005071
0.342906 0.046094
0.343260 0.082278
0.343129 0.117017
0.343215 0.151635
0.343241 0.186329
0.343197 0.221039
0.343328 0.255686
0.343424 0.290479
0.343240 0.324861
0.343471 0.359690
0.343118 0.394640
0.342561 0.431328
0.341347 0.473454
0.350414 0.000796
0.352448 0.030073
0.353378 0.064315
0.353603 0.099705
0.353581 0.134402
0.353593 0.169044
0.353461 0.203753
0.353679 0.238208
0.353417 0.273325
0.353647 0.307541
0.353513 0.342257
0.353698 0.377069
0.353308 0.412795
0.351941 0.448132
0.350448 0.483060
0.363532 0.006249
0.365426 0.046872
0.365560 0.082060
0.365802 0.117116
0.365766 0.151696
0.365789 0.186504
0.365752 0.221148
0.365750 0.255585
0.365985 0.290478
0.365741 0.324900
0.365806 0.359656
0.365714 0.394552
0.365238 0.430532
0.362452 0.472149
0.372632 0.000123
0.380348 0.030627
0.380782 0.064609
0.380902 0.099500
0.380832 0.134433
0.380913 0.169153
0.380771 0.203648
0.380874 0.238456
0.380719 0.273011
0.380977 0.307625
0.380721 0.342344
0.380862 0.377084
0.380776 0.412390
0.379763 0.446730
0.375764 0.484448
0.393576 0.007604
0.390747 0.047132
0.391671 0.082284
0.391990 0.117043
0.391889 0.151729
0.391926 0.186480
0.392086 0.220927
0.391986 0.255799
0.391880 0.290350
0.392076 0.325154
0.391914 0.359568
0.391698 0.394435
0.390441 0.429665
0.392077 0.469162
0.380799 0.002086
0.387921 0.030343
0.389059 0.064797
0.389395 0.100029
0.389549 0.134462
0.389611 0.169292
0.389337 0.204073
0.389541 0.238267
0.389458 0.272675
0.389439 0.307605
0.389339 0.342327
0.389279 0.377117
0.388843 0.412025
0.387240 0.446790
0.378991 0.474486
0.601957 0.012613
0.601646 0.047725
0.600730 0.082410
0.600760 0.117017
0.600580 0.151719
0.600767 0.185948
0.600597 0.220996
0.600551 0.255710
0.600512 0.290491
0.600528 0.325247
0.600636 0.359806
0.600824 0.394349
0.601933 0.429109
0.602842 0.464196
0.610310 0.000579
0.599820 0.029951
0.598320 0.064627
0.598035 0.099808
0.598030 0.134617
0.597974 0.169279
0.598156 0.203622
0.598055 0.238325
0.597904 0.272986
0.597989 0.307679
0.598024 0.342255
0.598145 0.377113
0.598323 0.412135
0.600124 0.446851
0.611078 0.478480
0.610235 0.006589
0.609491 0.046580
0.609115 0.082239
0.609079 0.117159
0.609145 0.151922
0.609277 0.186524
0.609045 0.220943
0.608946 0.255620
0.609084 0.290450
0.609081 0.324904
0.609242 0.359647
0.609393 0.394522
0.609634 0.430238
0.611716 0.470386
0.629298 0.000189
0.624900 0.030139
0.624389 0.064443
0.624165 0.099564
0.624255 0.134620
0.624358 0.169194
0.624276 0.203747
0.623954 0.238355
0.624111 0.272975
0.624322 0.307891
0.624180 0.342168
0.624328 0.377152
0.624497 0.412359
0.625461 0.447419
0.628412 0.483734
0.637771 0.005453
0.636945 0.046358
0.636520 0.082163
0.636417 0.117011
0.636465 0.151777
0.636398 0.186543
0.636410 0.221106
0.636376 0.255715
0.636304 0.290321
0.636356 0.325083
0.636441 0.359569
0.636585 0.394778
0.637234 0.430699
0.639073 0.472908
0.649446 0.000535
0.647807 0.029693
0.646902 0.064217
0.646822 0.099637
0.646766 0.134410
0.646780 0.169003
0.646676 0.203865
0.646687 0.238436
0.646834 0.273017
0.646683 0.307592
0.646591 0.342376
0.646662 0.377056
0.646930 0.412858
0.648334 0.448713
0.649570 0.483744
0.658233 0.005129
0.657531 0.045846
0.657331 0.082046
0.657404 0.116929
0.657119 0.151670
0.657291 0.186319
0.657238 0.221114
0.657362 0.255677
0.657263 0.290327
0.657316 0.325000
0.657311 0.359675
0.657371 0.394710
0.657607 0.431630
0.658785 0.473601
0.669590 0.000508
0.668687 0.029346
0.668300 0.064100
0.668294 0.099500
0.668168 0.134443
0.668150 0.168985
0.668181 0.203689
0.668062 0.238347
0.668235 0.273080
0.668057 0.307542
0.668126 0.342339
0.668305 0.377092
0.668273 0.413039
0.668846 0.449280
0.669676 0.485071
0.679174 0.004933
0.678900 0.045736
0.679086 0.081911
0.678887 0.116996
0.678830 0.151710
0.678874 0.186373
0.678752 0.220924
0.678931 0.255651
0.678759 0.290359
0.678768 0.324969
0.678940 0.359615
0.678939 0.394896
0.679053 0.431682
0.679566 0.473959
0.689706 0.000215
0.689415 0.029212
0.689446 0.064084
0.689315 0.099629
0.689289 0.134387
0.689319 0.169165
0.689341 0.203669
0.689302 0.238369
0.689282 0.272958
0.689173 0.307660
0.689274 0.342242
0.689197 0.377268
0.689465 0.412827
0.689471 0.449599
0.689984 0.485311
0.699614 0.004465
0.699453 0.045677
0.699658 0.082106
0.699515 0.117075
0.699540 0.151833
0.699506 0.186466
0.699512 0.221131
0.699593 0.255487
0.699627 0.290251
0.699568 0.325026
0.699543 0.359718
0.699475 0.394782
0.699658 0.431920
0.699735 0.473960
0.709947 0.000716
0.709671 0.029124
0.709653 0.064098
0.709821 0.099613
0.709651 0.134424
0.709795 0.169099
0.709615 0.203732
0.709731 0.238367
0.709676 0.272867
0.709740 0.307611
0.709836 0.342349
0.709774 0.377058
0.709683 0.412974
0.709886 0.449654
0.709814 0.485766
0.719765 0.004966
0.719791 0.045717
0.719885 0.082013
0.719815 0.117045
0.719801 0.151538
0.719750 0.186395
0.719807 0.221129
0.719904 0.255589
0.719748 0.290282
0.719884 0.324930
0.719859 0.359661
0.719841 0.394957
0.719726 0.431757
0.720070 0.474144
0.729785 0.000769
0.729888 0.029123
0.729794 0.063984
0.729817 0.099529
0.729941 0.134413
0.729900 0.168988
0.730009 0.203638
0.729909 0.238322
0.729731 0.273041
0.729946 0.307636
0.729861 0.342232
0.729963 0.377125
0.729878 0.413126
0.730002 0.449548
0.729779 0.485627
0.739931 0.004486
0.739827 0.045698
0.739910 0.081908
0.739866 0.117138
0.739977 0.151672
0.739951 0.186430
0.740042 0.221067
0.739975 0.255778
0.739951 0.290365
0.739791 0.324979
0.739991 0.359718
0.739912 0.394817
0.739951 0.431938
0.739968 0.474346
0.750177 0.000913
0.749851 0.029096
0.749937 0.063994
0.749990 0.099528
0.750098 0.134607
0.749941 0.169108
0.750168 0.203784
0.750062 0.238472
0.749902 0.273068
0.750019 0.307697
0.749892 0.342430
0.749975 0.377349
0.749810 0.413043
0.750137 0.449656
0.749974 0.485596
0.759868 0.004861
0.760102 0.045723
0.760054 0.081901
0.759933 0.117107
0.760059 0.151980
0.760138 0.186394
0.760120 0.221083
0.759912 0.255755
0.759990 0.290243
0.759893 0.325242
0.760082 0.359751
0.759821 0.394791
0.760015 0.431761
0.759970 0.474050
0.770006 0.000788
0.770086 0.028960
0.770000 0.064071
0.770125 0.099598
0.769797 0.134413
0.770124 0.169230
0.770131 0.203718
0.770009 0.238435
0.770011 0.272987
0.769926 0.307777
0.769934 0.342368
0.770011 0.377206
0.769977 0.413091
0.770063 0.449577
0.769929 0.485794
0.779940 0.004555
0.779996 0.045667
0.780129 0.081948
0.779804 0.117064
0.779976 0.151705
0.780118 0.186248
0.779963 0.221110
0.779828 0.255556
0.779922 0.290316
0.779915 0.325027
0.780182 0.359712
0.780042 0.394822
0.779919 0.432116
0.780043 0.474069
0.789947 0.001042
0.790029 0.029013
0.790093 0.064025
0.790059 0.099576
0.790007 0.134423
0.790051 0.169095
0.789929 0.203707
0.790017 0.238333
0.789867 0.272945
0.790040 0.307804
0.789951 0.342349
0.789994 0.377190
0.790076 0.413198
0.790025 0.449752
0.789641 0.485865
0.800030 0.004753
0.800186 0.045634
0.800000 0.081947
0.800024 0.117033
0.800072 0.151860
0.800009 0.186335
0.799951 0.220919
0.799939 0.255662
0.799995 0.290248
0.799940 0.324893
0.799911 0.359792
0.800106 0.394814
0.800056 0.431939
0.800054 0.474289
0.809812 0.000091
0.810195 0.029090
0.810114 0.064018
0.809963 0.099740
0.810107 0.134588
0.810017 0.169129
0.810144 0.203753
0.810066 0.238385
0.809966 0.272930
0.809953 0.307715
0.809912 0.342417
0.810035 0.377009
0.810209 0.413016
0.809992 0.449518
0.809897 0.485741
0.820113 0.004710
0.820124 0.045659
0.820089 0.081897
0.820034 0.117043
0.820045 0.151902
0.819908 0.186327
0.819966 0.221022
0.820116 0.255649
0.820066 0.290294
0.820024 0.325067
0.819975 0.359745
0.820157 0.394872
0.820155 0.431779
0.820025 0.474062
0.829969 0.000858
0.829939 0.029046
0.829955 0.064113
0.829986 0.099636
0.830115 0.134377
0.830085 0.169130
0.829975 0.203810
0.830128 0.238465
0.830068 0.272878
0.830113 0.307862
0.830095 0.342340
0.829914 0.377246
0.830176 0.413125
0.829941 0.449603
0.829938 0.485719
0.840065 0.004840
0.839987 0.045697
0.840032 0.082003
0.840127 0.117052
0.839961 0.151587
0.839968 0.186495
0.840023 0.221038
0.840127 0.255623
0.840001 0.290478
0.840049 0.324871
0.839972 0.359839
0.840038 0.394937
0.840099 0.432007
0.840049 0.474234
0.849795 0.000059
0.849979 0.028984
0.850041 0.064206
0.849821 0.099657
0.850074 0.134303
0.850144 0.169297
0.850101 0.203577
0.850196 0.238368
0.850032 0.272848
0.850067 0.307682
0.849948 0.342207
0.850085 0.377302
0.850057 0.413191
0.850030 0.449544
0.850216 0.485640
0.860114 0.004675
0.860127 0.045693
0.860067 0.081923
0.860055 0.117075
0.860184 0.151736
0.860043 0.186345
0.860144 0.221028
0.860072 0.255646
0.860209 0.290235
0.859928 0.324958
0.860140 0.359764
0.860082 0.394788
0.860233 0.431814
0.860075 0.474167
0.869928 0.000380
0.870262 0.028978
0.870020 0.064109
0.870099 0.099633
0.870249 0.134535
0.870392 0.169005
0.870128 0.203718
0.870184 0.238511
0.870102 0.272950
0.870173 0.307627
0.870155 0.342407
0.870239 0.377209
0.870131 0.413078
0.869912 0.449375
0.869747 0.485662
0.880180 0.004571
0.880164 0.045652
0.880214 0.081978
0.880392 0.117097
0.880208 0.151760
0.880337 0.186358
0.880245 0.221172
0.880288 0.255701
0.880238 0.290290
0.880181 0.324998
0.880141 0.359989
0.880304 0.394905
0.880128 0.431798
0.880116 0.474347
0.890157 0.000536
0.890392 0.029075
0.890207 0.064131
0.890484 0.099625
0.890445 0.134472
0.890485 0.169005
0.890435 0.203840
0.890530 0.238501
0.890507 0.272980
0.890428 0.307535
0.890256 0.342446
0.890498 0.377151
0.890257 0.413066
0.890214 0.449602
0.890281 0.485499
0.900432 0.004672
0.900558 0.045732
0.900749 0.081926
0.900615 0.116936
0.900660 0.151735
0.900830 0.186512
0.900762 0.221128
0.900792 0.255506
0.900695 0.290319
0.900549 0.324825
0.900736 0.359702
0.900759 0.394941
0.900400 0.431827
0.900375 0.474063
0.910333 0.000849
0.910704 0.029121
0.911121 0.064167
0.911215 0.099597
0.911386 0.134455
0.911179 0.169073
0.910967 0.203804
0.911260 0.238311
0.911104 0.272986
0.911110 0.307529
0.911153 0.342445
0.911272 0.377043
0.911130 0.413061
0.910808 0.449527
0.910345 0.485248
0.921189 0.004872
0.921516 0.045762
0.921918 0.082017
0.921782 0.117088
0.921963 0.151797
0.921816 0.186485
0.921910 0.221098
0.921873 0.255733
0.921897 0.290315
0.921801 0.324945
0.921830 0.359650
0.921759 0.394882
0.921555 0.431728
0.920986 0.473825
0.930624 0.000186
0.932044 0.029494
0.932529 0.064123
0.932674 0.099648
0.932867 0.134548
0.932804 0.169220
0.932740 0.203672
0.932906 0.238352
0.932675 0.273025
0.932813 0.307819
0.932615 0.342344
0.932687 0.377145
0.932650 0.412815
0.931759 0.449076
0.930799 0.484465
0.942045 0.005359
0.942958 0.046069
0.943149 0.082190
0.943214 0.117122
0.943497 0.151668
0.943372 0.186389
0.943436 0.221223
0.943463 0.255721
0.943470 0.290144
0.943449 0.325016
0.943212 0.359696
0.943173 0.394689
0.942533 0.431187
0.941349 0.473331
0.950390 0.000172
0.952375 0.030060
0.953250 0.064273
0.953547 0.099655
0.953644 0.134518
0.953820 0.169031
0.953715 0.203678
0.953803 0.238363
0.953639 0.273062
0.953587 0.307712
0.953714 0.342269
0.953641 0.377147
0.953270 0.412611
0.951958 0.448075
0.950251 0.483158
0.963410 0.006563
0.965477 0.046707
0.965565 0.082164
0.965831 0.117043
0.965706 0.151774
0.965762 0.186308
0.965785 0.221154
0.965740 0.255793
0.965936 0.290395
0.965720 0.324996
0.965732 0.359554
0.965570 0.394547
0.965453 0.430287
0.962586 0.471950
0.972561 0.000753
0.980336 0.030875
0.980513 0.064667
0.980828 0.099604
0.980943 0.134467
0.980929 0.168876
0.980802 0.203779
0.981080 0.238595
0.980769 0.272979
0.980815 0.307830
0.980963 0.342244
0.980779 0.376955
0.980645 0.412188
0.980004 0.446778
0.975557 0.484399
0.993802 0.007545
0.990734 0.047433
0.991911 0.082289
0.991853 0.116956
0.991698 0.151657
0.992137 0.186368
0.991991 0.221023
0.991856 0.255868
0.992088 0.290382
0.991915 0.324821
0.991811 0.359667
0.991765 0.394344
0.990526 0.429584
0.992218 0.469476
0.980849 0.002303
0.987947 0.030345
0.989123 0.064727
0.989314 0.099650
0.989499 0.134436
0.989503 0.169567
0.989485 0.203632
0.989546 0.238216
0.989510 0.272988
0.989389 0.307457
0.989574 0.342285
0.989197 0.377011
0.988908 0.412103
0.987395 0.446557
0.978792 0.474166
