0.000988 0.008128
0.000769 0.041721
0.000591 0.073233
0.000642 0.115398
0.001179 0.147579
0.000456 0.183897
0.000389 0.209235
0.000219 0.234478
0.000565 0.257682
0.000673 0.293848
0.022639 0.290227
0.000253 0.319888
0.000354 0.333013
0.021910 0.337675
0.005537 0.000486
0.000705 0.020517
0.000358 0.052149
0.000861 0.094006
0.000439 0.125842
0.000691 0.170165
0.000455 0.196994
0.000123 0.221543
0.000519 0.246125
0.000139 0.269258
0.000493 0.281445
0.000393 0.305992
0.031715 0.299936
0.012815 0.333618
0.043778 0.312620
0.000513 0.000538
0.000171 0.031224
0.000052 0.062651
0.000163 0.083504
0.000145 0.104814
0.000722 0.136648
0.000877 0.158344
0.021951 0.151383
0.015747 0.168177
0.014715 0.191428
0.013495 0.220161
0.026883 0.233916
0.023223 0.265396
0.035368 0.332533
0.018848 0.000960
0.016324 0.014343
0.013055 0.030959
0.015626 0.047635
0.016101 0.066478
0.016299 0.089762
0.018740 0.108016
0.017092 0.131162
0.035544 0.147989
0.029328 0.171613
0.025836 0.204693
0.036148 0.216320
0.024547 0.248963
0.039233 0.262729
0.053604 0.303840
0.029698 0.000775
0.031723 0.022406
0.028532 0.035407
0.029294 0.055862
0.025899 0.077234
0.032415 0.096858
0.032630 0.115345
0.032117 0.131521
0.042384 0.165641
0.042246 0.183496
0.038383 0.195595
0.048752 0.224103
0.041949 0.244430
0.046182 0.277603
0.044311 0.000461
0.035168 0.000639
0.044781 0.029555
0.038284 0.045252
0.037968 0.068206
0.040266 0.084317
0.044777 0.104552
0.047230 0.121239
0.050160 0.137709
0.056321 0.156209
0.057183 0.174937
0.053451 0.202053
0.060641 0.229207
0.062140 0.260224
0.063155 0.292194
0.054295 0.000655
0.048677 0.015851
0.054528 0.041748
0.050040 0.057223
0.054270 0.071690
0.056749 0.086763
0.060600 0.103277
0.062677 0.121496
0.066435 0.138705
0.069107 0.162884
0.068655 0.185062
0.068876 0.205828
0.064302 0.242880
0.066194 0.279179
0.065078 0.000415
0.065853 0.009782
0.060815 0.027848
0.069733 0.043910
0.065728 0.058664
0.069476 0.075534
0.073989 0.090848
0.075723 0.108841
0.077811 0.127620
0.080102 0.147672
0.083636 0.170849
0.080389 0.193080
0.078392 0.218570
0.078180 0.244222
0.080523 0.283549
0.076709 0.001187
0.077983 0.020377
0.076867 0.033832
0.083975 0.049736
0.081626 0.064437
0.086212 0.080297
0.088567 0.097166
0.091132 0.114561
0.092657 0.133641
0.093634 0.154251
0.095818 0.178217
0.091248 0.205886
0.090068 0.231605
0.088685 0.259895
0.086614 0.000076
0.092873 0.010591
0.093887 0.026785
0.095344 0.040686
0.098531 0.056808
0.099098 0.070558
0.102558 0.087157
0.104126 0.103996
0.106215 0.121663
0.106617 0.143298
0.106267 0.163413
0.106065 0.189379
0.101371 0.215607
0.101116 0.238990
0.091925 0.279508
0.098005 0.000415
0.108546 0.020436
0.111609 0.033285
0.112579 0.047762
0.114576 0.063049
0.115360 0.077622
0.118392 0.094124
0.119613 0.111511
0.120110 0.130917
0.118934 0.152280
0.118464 0.172986
0.116487 0.201749
0.112344 0.227608
0.104990 0.265244
0.108159 0.000810
0.123158 0.011134
0.125769 0.027747
0.128701 0.041612
0.129705 0.055778
0.131112 0.070455
0.132060 0.086282
0.133345 0.103522
0.133541 0.120445
0.134168 0.140692
0.132490 0.162656
0.128001 0.185244
0.126233 0.213472
0.121663 0.241742
0.107489 0.278781
0.118145 0.000323
0.139950 0.019407
0.142985 0.033657
0.145481 0.049122
0.146098 0.063566
0.147151 0.078393
0.147966 0.094396
0.148035 0.111673
0.147387 0.129287
0.146763 0.149491
0.142648 0.171165
0.137607 0.197591
0.132703 0.225092
0.125795 0.266696
0.129854 0.001268
0.155642 0.012936
0.157185 0.027861
0.160378 0.042178
0.161862 0.057325
0.162479 0.071587
0.162578 0.087501
0.162917 0.103646
0.163366 0.120382
0.160885 0.140168
0.159105 0.160951
0.153466 0.184146
0.146268 0.211868
0.140905 0.239141
0.132324 0.276932
0.139661 0.000039
0.170698 0.020655
0.174149 0.035050
0.176811 0.050467
0.177898 0.064848
0.178138 0.079750
0.177434 0.095869
0.177613 0.112751
0.176764 0.131270
0.172430 0.150426
0.168294 0.169802
0.161540 0.198700
0.154856 0.224216
0.147970 0.259171
0.149577 0.000538
0.185804 0.013198
0.187336 0.028303
0.190781 0.042997
0.192443 0.058242
0.193150 0.073033
0.192969 0.089040
0.191533 0.104951
0.190633 0.121624
0.189856 0.141777
0.186882 0.159128
0.177402 0.184282
0.166833 0.211826
0.164978 0.237639
0.149750 0.278097
0.160898 0.000080
0.200786 0.020835
0.204539 0.035592
0.206687 0.050933
0.207318 0.066330
0.207488 0.081479
0.206804 0.097107
0.205396 0.113793
0.202439 0.131283
0.203186 0.153350
0.192780 0.168068
0.181468 0.201369
0.175775 0.224955
0.167018 0.264234
0.170679 0.000219
0.214043 0.013372
0.216467 0.027435
0.219808 0.042550
0.221581 0.058761
0.221476 0.073933
0.220969 0.090873
0.219916 0.107154
0.219073 0.123232
0.215745 0.142012
0.214720 0.160325
0.196041 0.185550
0.190507 0.212554
0.176786 0.251761
0.176070 0.275391
0.180784 0.000516
0.229282 0.020386
0.232510 0.034711
0.234750 0.050535
0.235241 0.066191
0.234438 0.081655
0.234149 0.100519
0.232707 0.117055
0.231873 0.133113
0.228064 0.149734
0.212553 0.174749
0.204197 0.202195
0.195276 0.227375
0.193090 0.241517
0.191850 0.000476
0.241698 0.011222
0.244574 0.026001
0.247640 0.042008
0.249072 0.058362
0.248147 0.073476
0.246879 0.090865
0.246109 0.109332
0.244407 0.125883
0.244587 0.147866
0.235233 0.163617
0.223782 0.201719
0.213680 0.212699
0.216838 0.243893
0.195115 0.270967
0.201442 0.000211
0.257513 0.020447
0.261085 0.034030
0.262577 0.049473
0.262550 0.065054
0.260800 0.081558
0.258422 0.099775
0.257609 0.116598
0.256640 0.137499
0.250569 0.159923
0.225842 0.177443
0.235794 0.207725
0.217671 0.227269
0.203799 0.248604
0.211860 0.001000
0.268936 0.007781
0.272265 0.024122
0.275828 0.040897
0.277123 0.057882
0.275305 0.072691
0.272404 0.089928
0.271263 0.106222
0.268297 0.125713
0.271914 0.146577
0.260988 0.172934
0.253135 0.185864
0.239733 0.180837
0.239696 0.243895
0.217359 0.268234
0.222509 0.001092
0.285752 0.020162
0.288558 0.032184
0.290636 0.047964
0.290484 0.063767
0.288833 0.079622
0.286214 0.096834
0.280498 0.115357
0.283433 0.133295
0.264176 0.158220
0.280067 0.188277
0.249662 0.206386
0.238100 0.223779
0.226458 0.245573
0.231902 0.001050
0.295566 0.001650
0.300393 0.022100
0.303393 0.039918
0.304375 0.056145
0.303729 0.071250
0.301060 0.090519
0.294846 0.107365
0.292764 0.121780
0.298241 0.146354
0.282343 0.148739
0.276619 0.162826
0.269214 0.195152
0.261366 0.231831
0.241820 0.259712
0.243008 0.000452
0.313382 0.018025
0.316018 0.032272
0.317775 0.047378
0.317230 0.062947
0.316263 0.081476
0.310642 0.097136
0.313700 0.109298
0.304661 0.125910
0.308746 0.153911
0.293886 0.175313
0.280027 0.213053
0.265272 0.208717
0.249813 0.234417
0.253141 0.000461
0.322387 0.000621
0.327090 0.020290
0.330111 0.038474
0.331963 0.055605
0.330360 0.069427
0.331798 0.082601
0.328524 0.095721
0.320999 0.122290
0.316775 0.141450
0.322920 0.156156
0.294825 0.158001
0.289194 0.192967
0.278407 0.234177
0.262779 0.250702
0.262468 0.000515
0.339161 0.019192
0.343084 0.032091
0.346003 0.047393
0.347257 0.059857
0.344962 0.074852
0.344711 0.094220
0.332825 0.108434
0.331755 0.123462
0.332407 0.142780
0.305275 0.178884
0.303378 0.202583
0.296558 0.228630
0.271744 0.244188
0.274790 0.000503
0.346107 0.000363
0.354694 0.020049
0.357078 0.038475
0.362842 0.054297
0.359471 0.068636
0.358082 0.084215
0.350163 0.105020
0.347635 0.120601
0.346474 0.136312
0.349333 0.146206
0.318639 0.174116
0.333486 0.184848
0.305717 0.213970
0.288495 0.242171
0.283571 0.000787
0.368077 0.021223
0.370598 0.033758
0.376817 0.046951
0.377108 0.061077
0.371751 0.074653
0.376414 0.088377
0.361845 0.095817
0.365818 0.113072
0.365175 0.127414
0.336248 0.157300
0.330179 0.212350
0.337456 0.235056
0.311114 0.240122
0.294806 0.001167
0.369906 0.000956
0.383608 0.030745
0.397525 0.039369
0.390276 0.050398
0.394180 0.062625
0.385726 0.075159
0.394406 0.087921
0.374015 0.104521
0.384955 0.118901
0.366210 0.140244
0.357798 0.161831
0.344077 0.175120
0.317360 0.188489
0.301327 0.228710
0.306499 0.000816
0.382847 0.019631
0.407865 0.030442
0.409533 0.045857
0.408475 0.056502
0.410610 0.068557
0.403564 0.080159
0.385710 0.099758
0.395548 0.111190
0.377010 0.137305
0.372303 0.161850
0.349546 0.191711
0.357413 0.219515
0.326461 0.239118
0.314370 0.000000
0.395574 0.020563
0.422269 0.027315
0.424118 0.043354
0.424618 0.057298
0.423444 0.072949
0.425893 0.086896
0.411651 0.090485
0.406451 0.101374
0.388595 0.137180
0.392780 0.146890
0.387057 0.165110
0.361777 0.181813
0.334430 0.200642
0.315708 0.219578
0.330226 0.001065
0.411221 0.017921
0.443496 0.026359
0.433388 0.035072
0.439816 0.047888
0.438536 0.060647
0.436271 0.073938
0.438636 0.091337
0.414506 0.117872
0.400027 0.128907
0.412413 0.138608
0.380521 0.178917
0.366968 0.203162
0.347184 0.212847
0.338284 0.000467
0.411302 0.000620
0.428710 0.016598
0.450456 0.015320
0.447190 0.039449
0.454083 0.054922
0.453727 0.070023
0.447392 0.082135
0.419448 0.103651
0.427331 0.119883
0.425673 0.132608
0.410869 0.156077
0.403292 0.172825
0.367062 0.188364
0.360673 0.226204
0.353949 0.000850
0.462787 0.022327
0.458211 0.039269
0.467870 0.051767
0.463933 0.069459
0.458951 0.095737
0.447036 0.104609
0.436255 0.113508
0.440841 0.136260
0.435617 0.148108
0.420145 0.151813
0.441870 0.169741
0.409803 0.197269
0.382835 0.220549
0.361831 0.000574
0.420345 0.000772
0.480939 0.000696
0.473849 0.020437
0.471317 0.035839
0.472527 0.065138
0.480363 0.079510
0.465446 0.086832
0.470295 0.125916
0.450329 0.120412
0.464212 0.151505
0.450974 0.150364
0.421646 0.170429
0.394936 0.185226
0.397674 0.202350
0.378125 0.000824
0.466505 0.001267
0.483739 0.027563
0.477486 0.039392
0.487689 0.089032
0.496018 0.080049
0.478880 0.098468
0.459012 0.105759
0.473656 0.139493
0.476843 0.163402
0.451965 0.172426
0.461654 0.185503
0.422951 0.186806
0.376126 0.199411
0.386593 0.000104
0.459192 0.001216
0.487389 0.000412
0.492065 0.019426
0.519785 0.054239
0.524794 0.118417
0.499155 0.096895
0.486908 0.118574
0.514310 0.341507
0.486547 0.177417
0.476603 0.207411
0.516133 0.284798
0.499064 0.263506
0.455512 0.206528
0.429929 0.201648
0.428589 0.000593
0.473990 0.000376
0.582983 0.030015
0.500831 0.043221
0.493673 0.054235
0.499581 0.111586
0.513898 0.120082
0.473255 0.109918
0.487892 0.132198
0.457373 0.132359
0.467359 0.170489
0.467412 0.196754
0.441179 0.187574
0.404067 0.212555
0.402743 0.000039
0.443946 0.001171
0.509399 0.000314
0.495455 0.032505
0.506098 0.356854
0.507419 0.075148
0.518316 0.303808
0.501771 0.130466
0.501210 0.148925
0.485149 0.148217
0.525723 0.285331
0.502897 0.225509
0.490367 0.230510
0.469115 0.217811
0.442435 0.205104
0.530990 0.000954
0.501677 0.000538
0.436565 0.000248
0.435745 0.353958
0.516469 0.042355
0.508171 0.088926
0.510103 0.146029
0.505577 0.362787
0.503283 0.257437
0.496187 0.213032
0.520256 0.285789
0.520042 0.227826
0.517055 0.198918
0.545399 0.196860
0.595856 0.000747
0.548899 0.000638
0.394675 0.000549
0.494295 0.000253
0.519959 0.015329
0.500767 0.062006
0.521319 0.080598
0.509120 0.105415
0.522168 0.134729
0.513529 0.159936
0.531397 0.159576
0.521940 0.177298
0.537403 0.175063
0.533240 0.199970
0.569617 0.202978
0.588436 0.000021
0.517250 0.000980
0.451631 0.000833
0.505587 0.026903
0.480475 0.056682
0.500092 0.306749
0.493446 0.197970
0.495478 0.167739
0.503452 0.188566
0.494683 0.348184
0.511188 0.177028
0.510916 0.253714
0.520630 0.210172
0.591756 0.194976
0.610301 0.000614
0.564459 0.000128
0.506098 0.015807
0.523914 0.000001
0.510754 0.062068
0.531584 0.045592
0.529945 0.069189
0.526353 0.095517
0.532719 0.106010
0.534705 0.131012
0.539864 0.147751
0.548620 0.174248
0.559924 0.182157
0.561732 0.209116
0.619771 0.195339
0.626390 0.000963
0.540618 0.000479
0.537465 0.010228
0.533952 0.026986
0.519680 0.030685
0.540691 0.061163
0.532871 0.085730
0.542008 0.096609
0.547551 0.113244
0.546542 0.129109
0.544365 0.155408
0.561808 0.163200
0.585401 0.191485
0.598402 0.209803
0.634089 0.000247
0.556681 0.001143
0.556093 0.017115
0.543832 0.024192
0.539353 0.034295
0.545038 0.079428
0.555481 0.093124
0.560975 0.104209
0.565229 0.122146
0.556830 0.133670
0.564156 0.144728
0.581962 0.161751
0.579371 0.175181
0.603793 0.171098
0.618014 0.212375
0.649680 0.000512
0.571490 0.011431
0.568077 0.026983
0.555097 0.026679
0.544260 0.049584
0.555777 0.056653
0.555505 0.073887
0.567082 0.086139
0.576428 0.112538
0.575617 0.129196
0.574292 0.148096
0.593941 0.154045
0.609736 0.188043
0.634179 0.203498
0.657575 0.000574
0.573076 0.000667
0.592116 0.015065
0.564551 0.040587
0.550489 0.040708
0.573143 0.051866
0.568196 0.060378
0.570843 0.074049
0.574477 0.098550
0.587383 0.121035
0.598277 0.128888
0.610757 0.157116
0.638351 0.180348
0.630048 0.192347
0.651248 0.225496
0.673132 0.000526
0.581039 0.001030
0.603031 0.001361
0.582397 0.044290
0.585458 0.064426
0.585924 0.078600
0.585805 0.090309
0.592150 0.102206
0.601764 0.111493
0.610053 0.129085
0.589871 0.137600
0.625558 0.167703
0.653765 0.209408
0.638795 0.216404
0.681100 0.000080
0.617845 0.000561
0.604714 0.019964
0.595188 0.032152
0.596059 0.048904
0.598430 0.061871
0.598366 0.077166
0.600670 0.091746
0.615909 0.102171
0.614062 0.117032
0.615588 0.142116
0.630934 0.152157
0.640141 0.163654
0.657384 0.175058
0.676738 0.224873
0.696795 0.000125
0.617587 0.018225
0.617592 0.028676
0.608339 0.036448
0.610222 0.050812
0.611765 0.063312
0.611114 0.077689
0.615337 0.090071
0.629481 0.118189
0.626893 0.133580
0.652477 0.156449
0.647671 0.193028
0.658294 0.221216
0.666108 0.225041
0.704676 0.001028
0.641741 0.000255
0.631698 0.022706
0.626238 0.039382
0.623189 0.052629
0.626737 0.064921
0.626120 0.077728
0.632135 0.090246
0.629045 0.103759
0.645860 0.129647
0.635311 0.137990
0.670700 0.166265
0.646454 0.171834
0.668884 0.200218
0.705199 0.231882
0.712240 0.000302
0.647005 0.018810
0.640738 0.032551
0.638814 0.045587
0.639927 0.058444
0.640759 0.075057
0.646644 0.089382
0.643917 0.101358
0.644362 0.114900
0.653807 0.138122
0.680038 0.171133
0.676755 0.185685
0.681090 0.208657
0.694265 0.234084
0.728045 0.000730
0.665260 0.000039
0.660073 0.022102
0.654298 0.036857
0.653549 0.051954
0.654720 0.066409
0.655999 0.081501
0.659827 0.098798
0.661966 0.114401
0.662130 0.129490
0.662097 0.146141
0.676348 0.149302
0.691936 0.188248
0.700379 0.218318
0.719191 0.228849
0.736670 0.001025
0.674953 0.017825
0.670673 0.032762
0.668271 0.047081
0.668180 0.061101
0.669382 0.075991
0.672608 0.089853
0.673289 0.106516
0.674311 0.125111
0.686995 0.138569
0.694764 0.164783
0.683440 0.231025
0.719164 0.214790
0.723466 0.243595
0.748534 0.000058
0.688847 0.000956
0.686767 0.021041
0.683508 0.038480
0.682460 0.054431
0.682528 0.069726
0.684885 0.086099
0.688599 0.099992
0.687608 0.112347
0.685282 0.128633
0.692777 0.151215
0.709209 0.170369
0.699678 0.184954
0.728013 0.229053
0.736992 0.242947
0.757703 0.000341
0.701059 0.017330
0.697899 0.032215
0.695879 0.047578
0.695700 0.061747
0.696839 0.079128
0.699887 0.096340
0.705695 0.116036
0.700995 0.133669
0.726293 0.148290
0.710351 0.190690
0.716437 0.192063
0.746091 0.216079
0.748891 0.239245
0.767310 0.000271
0.720404 0.001242
0.712919 0.020625
0.709723 0.040377
0.708690 0.056384
0.710002 0.071383
0.712364 0.087409
0.709585 0.103096
0.721301 0.123205
0.706969 0.150333
0.732791 0.138087
0.722158 0.160446
0.729191 0.190679
0.747855 0.233640
0.759797 0.252502
0.778892 0.000650
0.724960 0.019322
0.723855 0.032669
0.722216 0.048419
0.722112 0.063104
0.724956 0.079209
0.726618 0.095597
0.721174 0.109124
0.713670 0.136858
0.749585 0.157817
0.740726 0.189168
0.749955 0.196882
0.764325 0.220790
0.769813 0.237876
0.788222 0.000282
0.742638 0.011299
0.738690 0.024662
0.736195 0.042133
0.735746 0.057501
0.737487 0.073616
0.739712 0.090496
0.738374 0.105325
0.736934 0.123661
0.752002 0.130241
0.741805 0.151414
0.734199 0.166696
0.771800 0.192365
0.773382 0.239552
0.781864 0.258922
0.798317 0.000399
0.753863 0.021288
0.750906 0.034879
0.749637 0.050708
0.750172 0.064347
0.751337 0.081434
0.754136 0.098950
0.748829 0.111529
0.765401 0.135080
0.755939 0.165571
0.755421 0.188769
0.777150 0.209189
0.788192 0.225202
0.790752 0.245866
0.809489 0.000338
0.770167 0.012768
0.767035 0.026406
0.764335 0.042917
0.763474 0.058711
0.764414 0.073207
0.766279 0.091559
0.769295 0.106491
0.764857 0.118729
0.760288 0.150041
0.769871 0.157367
0.783243 0.169132
0.801402 0.202600
0.799375 0.243894
0.806226 0.263130
0.819027 0.000017
0.782576 0.021449
0.779765 0.035118
0.777853 0.051138
0.778101 0.065471
0.778843 0.080831
0.780973 0.098054
0.781484 0.118256
0.781574 0.132952
0.791758 0.157503
0.775546 0.182511
0.809646 0.188992
0.800698 0.223118
0.810588 0.232210
0.829638 0.001309
0.799230 0.013821
0.795709 0.027249
0.793638 0.042737
0.792732 0.058585
0.792659 0.073011
0.794501 0.089363
0.792095 0.107255
0.797854 0.123214
0.782738 0.150128
0.804500 0.167153
0.788147 0.192457
0.823700 0.214112
0.821538 0.249811
0.826805 0.266562
0.840645 0.001128
0.813067 0.021532
0.809587 0.035495
0.808264 0.050970
0.807807 0.065392
0.808497 0.079402
0.806819 0.096787
0.807705 0.111611
0.803969 0.135412
0.807696 0.151779
0.817677 0.172070
0.822939 0.194941
0.829572 0.225582
0.834388 0.245588
0.850260 0.000871
0.829253 0.013270
0.826950 0.027558
0.824794 0.042574
0.823649 0.058121
0.823350 0.072438
0.822196 0.088521
0.823311 0.103878
0.817370 0.121498
0.821091 0.139045
0.820227 0.156942
0.834873 0.183205
0.836527 0.207252
0.840702 0.231156
0.849021 0.269429
0.860935 0.000397
0.844473 0.020391
0.841461 0.034592
0.840129 0.049614
0.839512 0.064615
0.838368 0.078517
0.837868 0.094337
0.834771 0.113158
0.834802 0.126699
0.835043 0.146881
0.837582 0.162958
0.847495 0.196499
0.852398 0.216882
0.853059 0.251051
0.871664 0.000372
0.860865 0.013110
0.858875 0.027491
0.856945 0.041660
0.856006 0.056396
0.855096 0.071006
0.854164 0.086408
0.851333 0.101978
0.850635 0.117682
0.848895 0.136672
0.850488 0.155393
0.854652 0.176127
0.860829 0.203462
0.862578 0.239010
0.867333 0.269869
0.881351 0.000744
0.876211 0.019441
0.873520 0.034258
0.872495 0.048493
0.873312 0.062876
0.871178 0.076808
0.868270 0.092832
0.866321 0.108421
0.863847 0.125357
0.864899 0.144140
0.864391 0.164750
0.864048 0.187862
0.871346 0.215875
0.877933 0.258165
0.892495 0.000491
0.892338 0.011430
0.890019 0.027526
0.890410 0.042068
0.890771 0.055447
0.888887 0.068993
0.885103 0.084813
0.882690 0.099742
0.880561 0.116035
0.878440 0.134430
0.876481 0.155809
0.878835 0.177154
0.877757 0.204378
0.875852 0.233916
0.891655 0.271133
0.903137 0.000168
0.907149 0.018814
0.904822 0.033773
0.909843 0.046126
0.905051 0.061498
0.903193 0.076787
0.899998 0.092431
0.897679 0.108501
0.893682 0.126044
0.891521 0.143805
0.888731 0.166676
0.890441 0.193019
0.889887 0.217973
0.895899 0.251445
0.912795 0.000418
0.923054 0.012680
0.918982 0.029240
0.928285 0.040559
0.921209 0.055765
0.919016 0.071370
0.918353 0.087489
0.913187 0.101947
0.910536 0.119797
0.908745 0.137562
0.901887 0.158331
0.901013 0.181518
0.900624 0.208351
0.900641 0.233643
0.901559 0.272453
0.923576 0.000042
0.934301 0.024534
0.942723 0.035661
0.937810 0.053522
0.934300 0.067805
0.934018 0.082381
0.932161 0.098794
0.925407 0.112982
0.923440 0.130619
0.915024 0.151664
0.914435 0.172663
0.912947 0.195216
0.910217 0.220906
0.913715 0.271503
0.933744 0.000220
0.944944 0.011574
0.954102 0.024515
0.951520 0.048872
0.950700 0.067679
0.951503 0.082061
0.948126 0.095926
0.946085 0.110958
0.938410 0.124515
0.930666 0.148390
0.929652 0.165366
0.927449 0.186694
0.923927 0.210810
0.914910 0.242609
0.929397 0.263075
0.944438 0.000581
0.965950 0.013144
0.961172 0.036396
0.962463 0.057557
0.965172 0.081202
0.964983 0.098077
0.962576 0.113845
0.953391 0.129094
0.944325 0.142090
0.948087 0.161362
0.943260 0.178563
0.936396 0.196900
0.926386 0.225586
0.963404 0.277164
0.955078 0.000625
0.975326 0.000614
0.971847 0.027462
0.972869 0.045807
0.972732 0.067456
0.979258 0.090650
0.976059 0.117855
0.968707 0.132537
0.960821 0.150299
0.970516 0.164348
0.957985 0.190055
0.957454 0.204678
0.950891 0.230284
0.933560 0.244747
0.934407 0.276239
0.965115 0.000498
0.983999 0.016373
0.985640 0.035775
0.984228 0.055595
0.984543 0.076260
0.983976 0.106221
0.983923 0.134781
0.978561 0.151508
0.981829 0.171569
0.959128 0.177043
0.983788 0.228907
0.940693 0.216519
0.949495 0.246710
0.944386 0.282602
0.985909 0.000640
0.999034 0.023399
0.999323 0.043564
0.999760 0.074754
0.999160 0.107065
0.999463 0.140762
0.999171 0.174562
0.999688 0.209470
0.980703 0.191231
0.975900 0.205619
0.966049 0.218208
0.969206 0.236700
0.974832 0.252895
0.979753 0.270416
0.953184 0.296640
0.999160 0.000159
0.999607 0.033357
0.999596 0.064309
0.999032 0.096179
0.999680 0.129443
0.999397 0.163025
0.999240 0.198029
0.999862 0.234787
0.999998 0.258125
0.999784 0.282446
0.999684 0.307109
0.999344 0.329309
0.960545 0.305889
0.957146 0.258557
0.999459 0.001050
0.999699 0.012419
0.999382 0.053864
0.999727 0.085718
0.999447 0.118698
0.999637 0.152201
0.999470 0.186229
0.999286 0.221022
0.999363 0.246841
0.999634 0.270232
0.999318 0.293588
0.980632 0.301679
0.998831 0.335898
0.968072 0.314331
0.986280 0.327377
