0.000135 0.007973
0.000706 0.041855
0.000590 0.073264
0.000197 0.115424
0.000751 0.147542
0.000395 0.183720
0.000172 0.208819
0.000042 0.234663
0.000949 0.257882
0.000604 0.294352
0.025420 0.288006
0.000574 0.318122
0.000576 0.332624
0.026586 0.334237
0.005085 0.000940
0.000124 0.020420
0.000934 0.052326
0.000555 0.094175
0.000054 0.125793
0.000843 0.170528
0.000728 0.196706
0.000344 0.221655
0.000281 0.246200
0.000206 0.269610
0.000141 0.281857
0.000243 0.305956
0.034597 0.298210
0.015083 0.331897
0.046820 0.308820
0.000013 0.000089
0.000473 0.031244
0.000862 0.062740
0.000400 0.083528
0.000571 0.104883
0.000446 0.136708
0.000432 0.158444
0.022197 0.148775
0.016636 0.165868
0.014697 0.188442
0.013873 0.218025
0.028204 0.230924
0.024236 0.264672
0.040209 0.325338
0.018524 0.000002
0.016219 0.013841
0.012471 0.030595
0.015551 0.046554
0.016066 0.065245
0.016394 0.087922
0.018312 0.106494
0.016862 0.128939
0.035836 0.145014
0.029649 0.168823
0.025183 0.202102
0.036346 0.213130
0.024793 0.247553
0.040398 0.259491
0.056343 0.300722
0.028545 0.000539
0.030928 0.021344
0.028591 0.034588
0.028683 0.054771
0.025503 0.076029
0.031885 0.095356
0.032598 0.113415
0.032356 0.129478
0.043010 0.163052
0.043998 0.180559
0.038821 0.192275
0.049040 0.220597
0.043219 0.239370
0.047359 0.272978
0.044541 0.000458
0.035882 0.000237
0.044265 0.028708
0.038531 0.044105
0.037749 0.066972
0.040205 0.082923
0.044603 0.102325
0.047282 0.119367
0.050911 0.134536
0.056487 0.151554
0.057788 0.172026
0.055179 0.197803
0.062981 0.224567
0.063888 0.257564
0.069276 0.290069
0.054384 0.001022
0.047169 0.016041
0.054069 0.041513
0.049795 0.056303
0.053745 0.070933
0.056950 0.085019
0.061249 0.100832
0.063078 0.118905
0.066826 0.135546
0.070975 0.158489
0.068767 0.181356
0.069623 0.201222
0.065399 0.240948
0.067687 0.275304
0.065257 0.000756
0.065217 0.009454
0.060753 0.027735
0.069279 0.043056
0.065800 0.057688
0.069342 0.074026
0.073764 0.089071
0.076576 0.106189
0.078938 0.124652
0.080513 0.144474
0.085188 0.166858
0.082078 0.188430
0.078795 0.214815
0.080277 0.239787
0.083303 0.281413
0.076788 0.000231
0.077339 0.020544
0.076849 0.033569
0.083705 0.049139
0.081921 0.063218
0.086514 0.078317
0.089022 0.095128
0.091888 0.111753
0.093689 0.130098
0.094582 0.150589
0.097862 0.173855
0.092004 0.200309
0.090502 0.228125
0.090192 0.255987
0.086547 0.000941
0.092525 0.010198
0.093530 0.026013
0.095961 0.039861
0.098423 0.055758
0.099266 0.069397
0.102978 0.084934
0.105004 0.101966
0.107369 0.118589
0.107482 0.139008
0.107238 0.159724
0.107982 0.184169
0.103189 0.211230
0.102402 0.235110
0.095396 0.276881
0.098248 0.001080
0.108301 0.020525
0.111382 0.033062
0.113027 0.046520
0.115034 0.061852
0.115895 0.076391
0.118945 0.091863
0.120501 0.109044
0.121722 0.127215
0.120852 0.147969
0.119519 0.168680
0.117989 0.195797
0.114631 0.223934
0.106511 0.262428
0.108226 0.000480
0.123410 0.011067
0.125611 0.027191
0.128834 0.040827
0.130126 0.054830
0.131748 0.069398
0.132931 0.084123
0.134485 0.101474
0.134525 0.117874
0.135378 0.136694
0.134149 0.158208
0.129682 0.180385
0.127609 0.208970
0.122456 0.237290
0.109043 0.275335
0.118163 0.000619
0.140204 0.019357
0.143333 0.033050
0.145848 0.047951
0.146562 0.062727
0.147752 0.077152
0.148862 0.092489
0.149451 0.109358
0.148736 0.125980
0.148321 0.145293
0.145236 0.166670
0.139407 0.190642
0.134116 0.220283
0.126575 0.265746
0.129979 0.000468
0.155913 0.012914
0.156967 0.027548
0.160510 0.041440
0.162302 0.056405
0.163064 0.070714
0.163271 0.085815
0.163822 0.102185
0.164425 0.117740
0.162163 0.136141
0.160462 0.157251
0.155833 0.178371
0.148447 0.207563
0.140984 0.233665
0.133354 0.272603
0.139735 0.000478
0.170963 0.020153
0.174292 0.034555
0.176826 0.049679
0.178105 0.064214
0.178665 0.078871
0.178242 0.094300
0.178610 0.111153
0.178612 0.128286
0.174370 0.146865
0.170485 0.165741
0.163603 0.192048
0.156378 0.218949
0.148091 0.257802
0.149581 0.000325
0.186086 0.012914
0.187274 0.027751
0.190969 0.042143
0.192490 0.057398
0.193155 0.072516
0.193382 0.087856
0.192611 0.103884
0.191713 0.119684
0.191201 0.138210
0.187841 0.155381
0.179308 0.179064
0.169226 0.207778
0.166387 0.231140
0.149419 0.274008
0.160870 0.000748
0.200305 0.020103
0.204253 0.035164
0.206680 0.050066
0.207300 0.065761
0.207739 0.081112
0.207090 0.096238
0.206227 0.112962
0.203888 0.128748
0.205684 0.150526
0.195540 0.165203
0.183878 0.196581
0.177840 0.218657
0.168009 0.264766
0.170721 0.000218
0.213663 0.012624
0.215788 0.027161
0.219455 0.041808
0.221394 0.057907
0.221626 0.073629
0.221320 0.089875
0.219972 0.106561
0.219547 0.122354
0.216419 0.138838
0.217052 0.158103
0.197736 0.180778
0.192393 0.207857
0.176333 0.250154
0.177263 0.272461
0.180664 0.000767
0.228830 0.019526
0.232603 0.034638
0.234515 0.049518
0.235288 0.066140
0.234528 0.081270
0.234310 0.099376
0.233685 0.116972
0.233663 0.131842
0.230806 0.147308
0.213223 0.171188
0.206257 0.197173
0.197319 0.218972
0.195784 0.235056
0.191744 0.000867
0.240919 0.010528
0.244449 0.025802
0.247619 0.040766
0.249313 0.057660
0.248492 0.073243
0.247123 0.089554
0.246687 0.109448
0.245666 0.126109
0.245084 0.145127
0.235808 0.161592
0.226163 0.198980
0.215990 0.209353
0.222218 0.238841
0.195788 0.268425
0.201377 0.000554
0.257230 0.020184
0.261358 0.034353
0.262816 0.048533
0.263091 0.064983
0.261276 0.080983
0.259303 0.099064
0.258472 0.116571
0.257155 0.134924
0.252530 0.159980
0.225162 0.174558
0.238963 0.204303
0.220474 0.219475
0.201583 0.247611
0.211612 0.000136
0.268310 0.006511
0.272394 0.023907
0.275659 0.039661
0.277557 0.057706
0.276335 0.072432
0.273012 0.088605
0.271691 0.106069
0.268260 0.125814
0.272388 0.144572
0.262507 0.169644
0.255489 0.185242
0.240919 0.177644
0.244090 0.241406
0.219140 0.266701
0.222271 0.000481
0.286029 0.020403
0.289060 0.032685
0.290711 0.047354
0.291167 0.064264
0.289914 0.078643
0.287161 0.095237
0.281066 0.114953
0.285070 0.131048
0.265664 0.159823
0.282628 0.186601
0.252148 0.203658
0.239498 0.216113
0.227550 0.241550
0.231731 0.000351
0.296970 0.000231
0.300327 0.021742
0.303261 0.038443
0.304915 0.056421
0.304557 0.071334
0.301674 0.089364
0.297593 0.108334
0.293719 0.120391
0.300061 0.144200
0.284135 0.146509
0.277822 0.160731
0.270599 0.195355
0.265864 0.222923
0.244521 0.260296
0.242827 0.000916
0.312823 0.018401
0.316014 0.032607
0.318120 0.047429
0.317593 0.063479
0.317254 0.081243
0.312087 0.096626
0.315152 0.109875
0.305979 0.124074
0.311448 0.155904
0.294435 0.173312
0.281163 0.206682
0.268039 0.205709
0.250830 0.223340
0.252836 0.000269
0.322386 0.000785
0.327530 0.020531
0.330284 0.037611
0.332228 0.055567
0.330959 0.069004
0.333384 0.082283
0.329325 0.095022
0.320902 0.120727
0.318766 0.140051
0.323219 0.155248
0.295603 0.157617
0.293265 0.194092
0.279825 0.228404
0.265975 0.250954
0.262148 0.000960
0.340242 0.020036
0.343606 0.031492
0.346327 0.047220
0.348166 0.060067
0.345583 0.075346
0.345096 0.094279
0.334489 0.109141
0.334162 0.122271
0.334992 0.141952
0.304500 0.178133
0.305195 0.198285
0.297447 0.223947
0.272744 0.242890
0.274628 0.000900
0.346246 0.000574
0.354681 0.020066
0.357128 0.037656
0.363947 0.054020
0.359976 0.067823
0.359153 0.083606
0.350406 0.107042
0.349851 0.118921
0.350447 0.136229
0.351990 0.146336
0.321257 0.170507
0.338284 0.184391
0.308847 0.210103
0.294946 0.241558
0.283258 0.000540
0.367938 0.021214
0.370410 0.034110
0.377113 0.047260
0.378236 0.060880
0.372860 0.074068
0.377868 0.088313
0.362748 0.095959
0.367208 0.111449
0.366380 0.126134
0.340689 0.157111
0.330856 0.206420
0.343027 0.239638
0.319707 0.239268
0.293082 0.000467
0.370024 0.000288
0.384255 0.031445
0.398279 0.038301
0.390409 0.050206
0.395304 0.062996
0.386614 0.074661
0.396384 0.088175
0.375607 0.103982
0.386101 0.119831
0.369110 0.140766
0.360379 0.158915
0.346428 0.172465
0.321023 0.188984
0.307048 0.220922
0.306455 0.000792
0.382747 0.019920
0.407825 0.031277
0.409762 0.046122
0.408830 0.056935
0.412410 0.067884
0.404362 0.079134
0.387822 0.099905
0.397898 0.111309
0.380990 0.138866
0.373994 0.159464
0.351838 0.192333
0.359057 0.223890
0.329372 0.238757
0.314323 0.000794
0.394270 0.019910
0.423453 0.027864
0.424836 0.045022
0.425794 0.058245
0.424859 0.072502
0.428226 0.088404
0.414891 0.089436
0.407282 0.101763
0.391285 0.138343
0.395897 0.147164
0.390698 0.163870
0.362785 0.178681
0.334294 0.199517
0.314516 0.210457
0.330335 0.000673
0.408972 0.018081
0.443762 0.025326
0.433267 0.033254
0.439932 0.047882
0.439599 0.061867
0.436820 0.074905
0.439740 0.091882
0.416032 0.118305
0.400668 0.129552
0.414461 0.138629
0.384390 0.176758
0.368581 0.202918
0.350235 0.204929
0.338416 0.001078
0.411187 0.000919
0.429438 0.015952
0.448851 0.014331
0.445641 0.037317
0.454157 0.054787
0.453612 0.069489
0.448626 0.083156
0.420341 0.103712
0.428934 0.119785
0.429220 0.134495
0.413574 0.157487
0.407860 0.172531
0.370139 0.185966
0.370235 0.225842
0.354163 0.000783
0.460885 0.021735
0.456717 0.038505
0.469374 0.053102
0.465256 0.070441
0.461264 0.097440
0.448143 0.105306
0.436900 0.113663
0.443003 0.141654
0.438289 0.151847
0.423194 0.153147
0.445126 0.171157
0.416914 0.198511
0.387167 0.218486
0.362007 0.000406
0.419782 0.000675
0.480416 0.000873
0.472260 0.017487
0.470112 0.035703
0.473875 0.067519
0.482427 0.078650
0.466771 0.086610
0.471132 0.127182
0.452133 0.122410
0.466817 0.156320
0.451115 0.152138
0.426305 0.170166
0.399360 0.184337
0.403528 0.199617
0.378166 0.000153
0.466241 0.000482
0.483052 0.028273
0.477879 0.042007
0.488187 0.092524
0.496425 0.082477
0.478895 0.101933
0.461391 0.110691
0.474270 0.141196
0.479348 0.168486
0.451722 0.176342
0.467414 0.191541
0.427687 0.187914
0.384085 0.194954
0.386518 0.001128
0.458993 0.000580
0.487357 0.000620
0.490660 0.017343
0.520988 0.054622
0.527564 0.119330
0.498260 0.098805
0.485346 0.119985
0.514441 0.358623
0.486601 0.187165
0.478749 0.220898
0.519004 0.303865
0.501755 0.281900
0.459770 0.215263
0.436099 0.204648
0.427994 0.000565
0.473512 0.001185
0.581675 0.030962
0.502506 0.043778
0.490511 0.052576
0.501258 0.114215
0.516075 0.123658
0.472584 0.110107
0.491920 0.137065
0.456790 0.133974
0.469529 0.177766
0.466937 0.203805
0.444651 0.188785
0.410909 0.217513
0.402843 0.000273
0.443484 0.000483
0.509316 0.001262
0.495210 0.032879
0.505593 0.373454
0.507459 0.076362
0.513740 0.311320
0.502990 0.134069
0.498215 0.155563
0.486173 0.152942
0.532103 0.300972
0.507669 0.241656
0.493714 0.244596
0.471041 0.228968
0.447163 0.216287
0.531489 0.000984
0.501641 0.001012
0.436209 0.000986
0.432766 0.364202
0.517016 0.043533
0.509190 0.091196
0.511404 0.150505
0.506851 0.381755
0.503948 0.276528
0.495147 0.225520
0.523568 0.308966
0.522762 0.241936
0.516160 0.210412
0.539799 0.204419
0.595881 0.000293
0.549021 0.000756
0.394677 0.001069
0.494317 0.001290
0.520309 0.014632
0.497897 0.061696
0.520531 0.080337
0.508522 0.109181
0.519316 0.141023
0.511540 0.166745
0.530828 0.163661
0.520946 0.185942
0.537269 0.183052
0.529847 0.208571
0.559425 0.207355
0.588274 0.000816
0.516963 0.000010
0.451448 0.001142
0.507467 0.027092
0.481253 0.057522
0.506347 0.318450
0.491757 0.209082
0.494734 0.173922
0.501924 0.198883
0.499586 0.370559
0.506458 0.184614
0.513531 0.272181
0.517165 0.224082
0.584800 0.196177
0.611051 0.000541
0.564542 0.000685
0.505805 0.017275
0.524267 0.001011
0.510203 0.061784
0.529352 0.043579
0.529720 0.068241
0.523637 0.098558
0.533352 0.109610
0.533733 0.133262
0.538856 0.151234
0.547445 0.181427
0.553710 0.188894
0.555354 0.215671
0.615819 0.192466
0.626810 0.000901
0.540832 0.000595
0.537575 0.010185
0.529307 0.026399
0.518354 0.032167
0.540237 0.063942
0.533131 0.087496
0.542008 0.099321
0.544310 0.114140
0.544203 0.130209
0.540985 0.161403
0.557925 0.166484
0.578201 0.194883
0.589820 0.210822
0.634232 0.000632
0.556787 0.000673
0.559868 0.016966
0.544234 0.024677
0.537292 0.036216
0.543711 0.080456
0.553251 0.094323
0.558887 0.105223
0.563494 0.124470
0.555205 0.137223
0.560959 0.148802
0.579326 0.165144
0.574120 0.177662
0.598989 0.171706
0.611541 0.211394
0.649665 0.000618
0.573330 0.014614
0.568151 0.028380
0.558589 0.025897
0.542694 0.050638
0.554365 0.056880
0.553846 0.073068
0.566005 0.086232
0.574824 0.112577
0.572191 0.130899
0.571984 0.151347
0.590953 0.153574
0.601917 0.182502
0.630772 0.197422
0.657456 0.000186
0.573078 0.000417
0.593004 0.016601
0.563996 0.041558
0.551744 0.041486
0.572576 0.049805
0.567166 0.060341
0.569593 0.074295
0.572433 0.098763
0.586054 0.121005
0.596000 0.130124
0.607778 0.158797
0.637424 0.181456
0.629750 0.189648
0.645452 0.227637
0.672987 0.000950
0.580966 0.000350
0.603511 0.000367
0.580938 0.043437
0.584286 0.063841
0.584168 0.079181
0.583846 0.091412
0.590513 0.103021
0.601004 0.110633
0.607749 0.129873
0.587021 0.138106
0.620983 0.167858
0.653296 0.204314
0.630546 0.213929
0.681016 0.000563
0.618767 0.000953
0.604492 0.018663
0.593470 0.032157
0.595849 0.049949
0.597369 0.061634
0.597911 0.077522
0.599814 0.094040
0.614691 0.101083
0.614098 0.115836
0.612691 0.142764
0.626380 0.149729
0.636883 0.161449
0.657271 0.175125
0.680973 0.218256
0.696680 0.000954
0.618517 0.019753
0.619089 0.028999
0.607845 0.037165
0.609895 0.050371
0.612221 0.063731
0.611023 0.077810
0.614127 0.089640
0.629801 0.117642
0.625595 0.132355
0.654133 0.154414
0.650431 0.192036
0.657590 0.224712
0.664096 0.221248
0.704710 0.000043
0.641829 0.000713
0.633890 0.023131
0.627619 0.039555
0.623434 0.053060
0.627056 0.064976
0.625677 0.078048
0.631605 0.090782
0.628628 0.104125
0.644532 0.128896
0.633557 0.137473
0.672242 0.166011
0.642323 0.171883
0.666287 0.195928
0.704305 0.225274
0.712518 0.001213
0.646996 0.020331
0.641596 0.031925
0.639330 0.046694
0.640647 0.060094
0.640147 0.074698
0.646330 0.089835
0.643221 0.101011
0.643486 0.113539
0.652262 0.137479
0.679469 0.172380
0.675753 0.186481
0.679690 0.203376
0.689231 0.229518
0.728665 0.000766
0.665174 0.001120
0.660379 0.022798
0.654683 0.035746
0.653450 0.052275
0.653842 0.066383
0.656578 0.081761
0.658646 0.099876
0.660580 0.113764
0.663614 0.128733
0.662060 0.144287
0.678362 0.147940
0.687850 0.191168
0.697340 0.211973
0.716349 0.217707
0.737308 0.000470
0.674895 0.019095
0.670906 0.032665
0.668218 0.047491
0.667790 0.061779
0.668453 0.075814
0.671923 0.090155
0.672634 0.106639
0.672977 0.125306
0.685990 0.138873
0.693330 0.162032
0.677302 0.236068
0.717480 0.208166
0.719884 0.241427
0.748785 0.000531
0.688791 0.000067
0.687362 0.021754
0.683832 0.037604
0.682398 0.054619
0.682446 0.069479
0.684173 0.086589
0.687381 0.100773
0.687788 0.112408
0.684318 0.126266
0.691739 0.150274
0.711691 0.168072
0.696975 0.184166
0.727418 0.225126
0.731065 0.240606
0.757968 0.000028
0.702152 0.017858
0.698663 0.031843
0.696034 0.047635
0.695797 0.062531
0.696749 0.078386
0.699120 0.096887
0.705005 0.117389
0.700772 0.133490
0.724560 0.146819
0.706418 0.194215
0.715301 0.190458
0.744900 0.209105
0.748605 0.235090
0.767720 0.000305
0.720764 0.000637
0.713730 0.020203
0.710642 0.038955
0.708875 0.056943
0.709795 0.070638
0.712761 0.087021
0.708087 0.104232
0.720151 0.123387
0.706328 0.154758
0.731975 0.136211
0.719746 0.158421
0.725054 0.188546
0.745001 0.226686
0.755701 0.251721
0.778971 0.000974
0.725848 0.018891
0.724491 0.032467
0.722985 0.048061
0.722397 0.063270
0.724725 0.079040
0.726123 0.095160
0.721364 0.109826
0.713868 0.136381
0.746200 0.155519
0.740588 0.187921
0.745942 0.198462
0.762545 0.213260
0.763337 0.228965
0.788430 0.000657
0.744073 0.011843
0.739147 0.024818
0.736872 0.040810
0.736049 0.057735
0.737648 0.072669
0.739798 0.090226
0.736743 0.106907
0.737033 0.122054
0.752488 0.129128
0.739654 0.153307
0.732777 0.164169
0.770373 0.190953
0.774880 0.235460
0.779943 0.258521
0.798567 0.000843
0.754814 0.021064
0.751249 0.034485
0.749947 0.050233
0.750380 0.064568
0.752027 0.080799
0.753763 0.099236
0.747668 0.112670
0.763507 0.133270
0.753840 0.163687
0.752845 0.185837
0.775595 0.207213
0.785800 0.217995
0.786507 0.242598
0.809477 0.000895
0.770807 0.012787
0.767283 0.026614
0.764892 0.041539
0.763837 0.058791
0.764296 0.072950
0.766228 0.090376
0.768217 0.107069
0.763455 0.118848
0.757851 0.148410
0.768552 0.157250
0.781335 0.166586
0.800985 0.200230
0.800555 0.240980
0.805665 0.262486
0.819052 0.000211
0.783311 0.021051
0.779737 0.035269
0.778140 0.050356
0.777839 0.065644
0.778852 0.079933
0.780611 0.097338
0.780147 0.117767
0.780838 0.130994
0.791226 0.156181
0.774387 0.176580
0.808095 0.184934
0.798751 0.215572
0.808011 0.219841
0.829706 0.000124
0.799354 0.013969
0.795843 0.027530
0.793623 0.041826
0.792490 0.057939
0.792330 0.072721
0.793865 0.088093
0.791410 0.107380
0.795914 0.122706
0.780134 0.147573
0.802617 0.163893
0.785728 0.191283
0.820543 0.208804
0.818958 0.250773
0.826876 0.265249
0.840536 0.000611
0.813021 0.021177
0.808983 0.035742
0.807878 0.050074
0.807192 0.065136
0.807861 0.078989
0.806269 0.095406
0.806202 0.111146
0.800645 0.132944
0.804806 0.149175
0.815254 0.168918
0.820106 0.191612
0.825572 0.218198
0.834011 0.243048
0.850185 0.000222
0.828822 0.013432
0.826564 0.027859
0.824091 0.042017
0.822983 0.057279
0.822588 0.072054
0.821307 0.087138
0.822004 0.102679
0.815748 0.120246
0.819181 0.135428
0.818358 0.154219
0.833579 0.177966
0.834720 0.201899
0.839421 0.223359
0.848885 0.266893
0.860892 0.000378
0.844233 0.020086
0.840754 0.034612
0.839348 0.048914
0.838730 0.064073
0.837418 0.077876
0.836642 0.092913
0.833245 0.111461
0.832883 0.124428
0.833711 0.143489
0.835887 0.158951
0.845648 0.192018
0.850277 0.212489
0.852236 0.251219
0.871605 0.000382
0.860630 0.013088
0.858955 0.027452
0.856361 0.041208
0.855295 0.055800
0.854213 0.069947
0.852932 0.084814
0.849950 0.100558
0.849314 0.115787
0.847313 0.133178
0.848264 0.152443
0.852290 0.170861
0.858683 0.197700
0.863172 0.234385
0.866401 0.267211
0.881235 0.000425
0.876001 0.019316
0.873180 0.034075
0.872118 0.047571
0.872610 0.061836
0.870293 0.075685
0.867321 0.091251
0.865214 0.106491
0.862187 0.122528
0.863327 0.139828
0.862164 0.161075
0.861779 0.181702
0.869572 0.209459
0.878097 0.257200
0.892316 0.001076
0.892323 0.011286
0.889668 0.027191
0.889969 0.041114
0.890577 0.054513
0.888455 0.068098
0.884691 0.083192
0.881915 0.098346
0.879277 0.113306
0.876832 0.131064
0.875387 0.151519
0.877208 0.172360
0.876540 0.198468
0.875696 0.229812
0.890320 0.268754
0.903131 0.000888
0.907626 0.018240
0.904620 0.033027
0.910111 0.045566
0.905043 0.060569
0.902988 0.075420
0.899358 0.090398
0.896629 0.106551
0.892691 0.123070
0.890454 0.140151
0.887728 0.162794
0.889110 0.187278
0.888607 0.215872
0.895498 0.248755
0.912790 0.000884
0.923930 0.012663
0.919523 0.029140
0.928545 0.039904
0.920981 0.054729
0.919068 0.070093
0.918382 0.085636
0.912756 0.100116
0.909893 0.117112
0.908077 0.134632
0.901063 0.155225
0.899172 0.176643
0.900245 0.202516
0.899326 0.229355
0.898909 0.269242
0.923485 0.000854
0.934587 0.024553
0.943536 0.035672
0.938234 0.052791
0.934732 0.067190
0.934241 0.081394
0.931767 0.096747
0.925387 0.111084
0.923468 0.128441
0.914069 0.148884
0.913496 0.168053
0.912391 0.190360
0.908943 0.217620
0.911769 0.269580
0.933719 0.000101
0.945169 0.011300
0.954257 0.024487
0.951624 0.048473
0.950654 0.066618
0.951621 0.081359
0.948721 0.094528
0.946433 0.108983
0.937772 0.122881
0.929580 0.145970
0.929447 0.161768
0.926472 0.182463
0.923501 0.204866
0.914350 0.240373
0.927689 0.260391
0.944353 0.000181
0.966066 0.012554
0.961372 0.036058
0.963670 0.056656
0.965669 0.080594
0.965515 0.096680
0.962556 0.113363
0.952616 0.126683
0.944090 0.139923
0.947756 0.158798
0.942296 0.175226
0.937039 0.192518
0.924737 0.222278
0.964358 0.275058
0.955096 0.000636
0.975410 0.000108
0.972444 0.026957
0.973168 0.044658
0.972540 0.066332
0.979761 0.089832
0.976262 0.116952
0.968138 0.132272
0.960598 0.147733
0.970149 0.161861
0.958065 0.188119
0.956989 0.201235
0.951071 0.226801
0.931683 0.240650
0.930746 0.273320
0.965127 0.000236
0.984486 0.016034
0.986078 0.035151
0.984627 0.055260
0.984984 0.075345
0.983534 0.104639
0.983993 0.133370
0.978999 0.149993
0.982073 0.171943
0.959187 0.175195
0.982685 0.228910
0.939282 0.213386
0.948184 0.244728
0.939965 0.278316
0.986071 0.000799
0.999849 0.023412
0.999631 0.043638
0.999728 0.074823
0.999435 0.107257
0.999289 0.140920
0.999796 0.174708
0.999825 0.209511
0.979166 0.189749
0.976483 0.204353
0.964427 0.216245
0.968617 0.233367
0.975363 0.252152
0.978102 0.269933
0.950045 0.293020
0.999783 0.001098
0.999133 0.033409
0.999422 0.064356
0.999169 0.096252
0.999252 0.129395
0.999511 0.163070
0.999350 0.198123
0.999257 0.234690
0.999149 0.258123
0.999814 0.282745
0.999794 0.307434
0.999602 0.329080
0.954452 0.302273
0.956454 0.256290
0.999621 0.001134
0.999665 0.012321
0.998933 0.053914
0.999488 0.085793
0.999962 0.118642
0.999411 0.152177
0.999600 0.186379
0.999025 0.221045
0.999824 0.246655
0.999746 0.270315
0.999434 0.294196
0.976810 0.299084
0.998167 0.334573
0.964267 0.309556
0.983809 0.323381
