0.000755 0.007947
0.000313 0.041913
0.000278 0.073282
0.000611 0.115424
0.000638 0.147547
0.000174 0.183654
0.000424 0.208735
0.000531 0.234702
0.000979 0.257933
0.000556 0.294539
0.026406 0.287305
0.000616 0.317985
0.000798 0.332323
0.028168 0.332896
0.004908 0.000539
0.000405 0.020401
0.000577 0.052381
0.000142 0.094249
0.000988 0.125796
0.000412 0.170676
0.000136 0.196602
0.000958 0.221745
0.000305 0.246240
0.000028 0.269773
0.000174 0.281927
0.000291 0.305979
0.035564 0.297645
0.015901 0.331280
0.047773 0.307592
0.000445 0.000259
0.000052 0.031251
0.000475 0.062776
0.000129 0.083554
0.000353 0.104911
0.000412 0.136759
0.000068 0.158501
0.022219 0.147886
0.016862 0.165173
0.014805 0.187384
0.014157 0.217423
0.028634 0.230009
0.024591 0.264614
0.041618 0.322821
0.018470 0.001339
0.016278 0.013692
0.012341 0.030493
0.015575 0.046277
0.016008 0.064894
0.016408 0.087452
0.018129 0.106135
0.016800 0.128225
0.036021 0.144092
0.029725 0.168022
0.024994 0.201229
0.036455 0.212122
0.024855 0.247169
0.040847 0.258537
0.057174 0.299724
0.028303 0.000184
0.030676 0.020918
0.028589 0.034383
0.028515 0.054480
0.025393 0.075739
0.031669 0.094936
0.032468 0.112846
0.032384 0.128884
0.043230 0.162044
0.044531 0.179625
0.038881 0.191303
0.049149 0.219444
0.043699 0.237838
0.047713 0.271583
0.044625 0.000494
0.035935 0.000172
0.044112 0.028535
0.038653 0.043793
0.037690 0.066584
0.040250 0.082594
0.044672 0.101589
0.047332 0.118749
0.051124 0.133654
0.056525 0.149993
0.058069 0.171031
0.055744 0.196522
0.063760 0.223017
0.064440 0.256756
0.071214 0.289510
0.054442 0.000917
0.046689 0.016083
0.053924 0.041462
0.049695 0.056018
0.053569 0.070733
0.056972 0.084658
0.061407 0.100109
0.063230 0.117999
0.066948 0.134636
0.071606 0.157073
0.068868 0.180153
0.069862 0.199785
0.065662 0.240478
0.068091 0.274007
0.065340 0.000278
0.065066 0.009406
0.060776 0.027663
0.069083 0.042849
0.065837 0.057429
0.069330 0.073562
0.073647 0.088603
0.076787 0.105413
0.079338 0.123688
0.080625 0.143450
0.085592 0.165596
0.082759 0.186893
0.078920 0.213558
0.080994 0.238536
0.084217 0.280861
0.076799 0.001272
0.077163 0.020581
0.076978 0.033448
0.083651 0.048918
0.082003 0.062884
0.086609 0.077738
0.089178 0.094511
0.092103 0.110950
0.094059 0.128986
0.094841 0.149360
0.098465 0.172571
0.092334 0.198425
0.090638 0.226973
0.090686 0.254710
0.086522 0.000517
0.092450 0.010054
0.093396 0.025827
0.096195 0.039577
0.098427 0.055358
0.099328 0.069079
0.103083 0.084296
0.105274 0.101325
0.107696 0.117740
0.107791 0.137545
0.107550 0.158491
0.108566 0.182625
0.103784 0.209684
0.102974 0.234156
0.096599 0.276162
0.098346 0.000651
0.108236 0.020446
0.111299 0.033048
0.113163 0.046143
0.115190 0.061428
0.116096 0.076031
0.119112 0.091181
0.120726 0.108277
0.122162 0.126165
0.121542 0.146499
0.119921 0.167337
0.118412 0.193843
0.115405 0.222848
0.107163 0.261336
0.108258 0.000955
0.123513 0.010992
0.125587 0.026975
0.128894 0.040559
0.130241 0.054503
0.131901 0.069067
0.133181 0.083499
0.134832 0.100763
0.134824 0.117147
0.135694 0.135494
0.134675 0.156704
0.130300 0.178847
0.127989 0.207320
0.122855 0.236180
0.109743 0.274362
0.118172 0.000028
0.140213 0.019251
0.143387 0.032910
0.145928 0.047525
0.146684 0.062401
0.147906 0.076793
0.149073 0.091922
0.149876 0.108650
0.149190 0.125021
0.148780 0.143989
0.146115 0.165345
0.140107 0.188355
0.134669 0.219013
0.126973 0.265331
0.129990 0.000531
0.155957 0.012766
0.156858 0.027489
0.160500 0.041204
0.162363 0.056039
0.163187 0.070449
0.163446 0.085301
0.164034 0.101719
0.164667 0.117063
0.162553 0.134852
0.160786 0.156067
0.156596 0.176586
0.149091 0.205957
0.141134 0.232298
0.133885 0.271223
0.139754 0.000421
0.171033 0.019895
0.174289 0.034424
0.176772 0.049334
0.178101 0.063974
0.178738 0.078625
0.178401 0.093797
0.178776 0.110685
0.179030 0.127487
0.174956 0.145710
0.171261 0.164645
0.164184 0.189677
0.156812 0.217616
0.148203 0.257369
0.149580 0.000629
0.186078 0.012670
0.187181 0.027624
0.190958 0.041845
0.192469 0.057043
0.193085 0.072323
0.193391 0.087472
0.192866 0.103503
0.191952 0.119206
0.191541 0.137173
0.187944 0.154189
0.179907 0.177402
0.169892 0.206332
0.166806 0.229534
0.149363 0.272516
0.160851 0.000360
0.200055 0.019807
0.204054 0.035069
0.206627 0.049774
0.207256 0.065476
0.207772 0.080958
0.207139 0.095983
0.206440 0.112734
0.204304 0.128122
0.206268 0.149558
0.196357 0.164619
0.184644 0.194658
0.178521 0.217065
0.168400 0.264959
0.170717 0.000777
0.213480 0.012185
0.215576 0.027153
0.219358 0.041599
0.221311 0.057531
0.221630 0.073486
0.221476 0.089570
0.219983 0.106300
0.219538 0.122194
0.216505 0.137820
0.217813 0.157513
0.198324 0.179371
0.193063 0.206213
0.176219 0.249796
0.177741 0.271298
0.180605 0.000338
0.228639 0.019255
0.232633 0.034689
0.234482 0.049166
0.235325 0.065970
0.234588 0.081228
0.234369 0.098893
0.233873 0.116807
0.234086 0.131648
0.231605 0.146611
0.213272 0.170546
0.206967 0.195146
0.198037 0.216628
0.196509 0.233378
0.191682 0.000494
0.240638 0.010201
0.244419 0.025888
0.247637 0.040433
0.249411 0.057293
0.248674 0.073143
0.247237 0.089141
0.246863 0.109236
0.246189 0.126323
0.245343 0.144309
0.236000 0.161248
0.226837 0.197520
0.216562 0.208075
0.223508 0.237593
0.196018 0.267392
0.201337 0.000128
0.257135 0.020134
0.261432 0.034568
0.262913 0.048260
0.263284 0.064866
0.261481 0.080816
0.259624 0.098660
0.258868 0.116524
0.257398 0.134313
0.252919 0.160149
0.224988 0.174153
0.239863 0.202714
0.221284 0.217251
0.200823 0.247763
0.211588 0.000348
0.268068 0.005920
0.272455 0.023951
0.275623 0.039365
0.277658 0.057492
0.276674 0.072419
0.273339 0.088182
0.271917 0.105810
0.268368 0.125975
0.272256 0.143748
0.262990 0.169236
0.256110 0.185003
0.241228 0.176930
0.245698 0.241208
0.219620 0.265876
0.222205 0.000601
0.286082 0.020436
0.289217 0.033024
0.290678 0.047175
0.291355 0.064352
0.290258 0.078463
0.287441 0.094640
0.281243 0.114739
0.285690 0.130387
0.266088 0.160377
0.283225 0.185628
0.252937 0.202493
0.239827 0.213917
0.228190 0.240980
0.231676 0.000723
0.297311 0.000573
0.300290 0.021748
0.303212 0.038010
0.305030 0.056369
0.304817 0.071506
0.301763 0.088881
0.298543 0.108427
0.294161 0.120095
0.300892 0.143191
0.284949 0.145752
0.278461 0.160575
0.270888 0.194946
0.267370 0.220397
0.245323 0.260365
0.242776 0.000236
0.312665 0.018621
0.316029 0.032797
0.318241 0.047395
0.317692 0.063632
0.317476 0.081175
0.312593 0.096402
0.315605 0.110067
0.306627 0.123825
0.312373 0.156669
0.294414 0.172640
0.281656 0.204865
0.268788 0.204922
0.251235 0.220242
0.252770 0.000286
0.322398 0.000435
0.327600 0.020743
0.330347 0.037411
0.332299 0.055342
0.331093 0.068810
0.333826 0.082219
0.329420 0.094840
0.320817 0.120579
0.319387 0.139385
0.323556 0.155125
0.295939 0.157768
0.294489 0.194273
0.280378 0.226935
0.266908 0.251344
0.261978 0.000571
0.340637 0.020289
0.343778 0.031491
0.346341 0.047030
0.348384 0.060057
0.345801 0.075521
0.345169 0.094178
0.334943 0.109387
0.334973 0.122253
0.335695 0.141608
0.304501 0.177833
0.305747 0.196372
0.297233 0.223211
0.273126 0.243039
0.274603 0.000949
0.346285 0.000197
0.354703 0.020082
0.357106 0.037403
0.364189 0.053764
0.360086 0.067522
0.359408 0.083322
0.350514 0.107785
0.350623 0.118684
0.351692 0.135965
0.352973 0.146714
0.322297 0.169401
0.339698 0.183876
0.309615 0.208871
0.297139 0.241854
0.283166 0.000219
0.367773 0.021056
0.370163 0.034324
0.377057 0.047227
0.378545 0.060812
0.373152 0.073898
0.378355 0.088246
0.362984 0.096034
0.367609 0.111281
0.366773 0.125733
0.342105 0.157371
0.331388 0.205408
0.344797 0.241054
0.322816 0.239415
0.292433 0.001006
0.370055 0.000657
0.384468 0.031883
0.398360 0.037849
0.390388 0.050077
0.395586 0.063235
0.386985 0.074531
0.396935 0.088346
0.376237 0.103994
0.386416 0.120235
0.369925 0.141194
0.361233 0.158142
0.347127 0.171360
0.322246 0.188782
0.309242 0.219419
0.306446 0.000216
0.382528 0.019740
0.407890 0.031401
0.409824 0.045938
0.408786 0.057099
0.412853 0.067851
0.404543 0.078771
0.388663 0.100093
0.398742 0.111601
0.382123 0.139506
0.374702 0.158770
0.352712 0.192633
0.359716 0.225760
0.330672 0.238838
0.314343 0.000346
0.394044 0.019590
0.423430 0.027921
0.424843 0.045418
0.426101 0.058531
0.425179 0.072540
0.428940 0.089167
0.415949 0.089141
0.407445 0.102104
0.392284 0.138717
0.397170 0.147879
0.392035 0.163470
0.363045 0.177244
0.334515 0.199182
0.315233 0.207937
0.330358 0.000569
0.408290 0.017977
0.443828 0.024875
0.432987 0.032593
0.439934 0.048036
0.440045 0.062294
0.437110 0.075375
0.440099 0.092453
0.416294 0.118667
0.401153 0.129636
0.415012 0.138679
0.385832 0.176039
0.369447 0.203624
0.351473 0.203221
0.338421 0.000727
0.411153 0.000568
0.429396 0.015653
0.448270 0.014097
0.445264 0.036616
0.454204 0.054749
0.453462 0.069452
0.449218 0.083664
0.420867 0.103905
0.429376 0.119939
0.430315 0.135155
0.414095 0.158266
0.409450 0.172582
0.371492 0.185401
0.373517 0.225939
0.354214 0.000443
0.460252 0.021752
0.456437 0.038233
0.469673 0.053475
0.465589 0.071085
0.461908 0.097823
0.448212 0.105549
0.437169 0.113665
0.443826 0.143229
0.439053 0.153499
0.424239 0.153761
0.445869 0.171583
0.419329 0.199460
0.388699 0.217949
0.362050 0.000410
0.419568 0.000287
0.480332 0.000469
0.471782 0.016640
0.469493 0.035447
0.474648 0.068539
0.483080 0.078321
0.467308 0.086453
0.471544 0.127843
0.452576 0.123275
0.467650 0.158016
0.451534 0.153017
0.427797 0.170427
0.401009 0.184295
0.405452 0.199428
0.378168 0.000546
0.466184 0.000375
0.482732 0.028604
0.478311 0.042909
0.488079 0.093713
0.496438 0.082945
0.479076 0.103059
0.462073 0.112626
0.474434 0.141948
0.480135 0.170190
0.451910 0.177850
0.469266 0.193715
0.429154 0.188550
0.387106 0.194165
0.386488 0.000767
0.458935 0.000663
0.487335 0.000068
0.490012 0.016767
0.521386 0.055251
0.528346 0.119882
0.497874 0.099722
0.484959 0.120705
0.514208 0.364577
0.486552 0.190725
0.479437 0.225719
0.519542 0.309479
0.502532 0.287880
0.460842 0.218679
0.437950 0.206172
0.427729 0.000088
0.473387 0.000831
0.581476 0.031159
0.502959 0.044181
0.489633 0.051977
0.501400 0.115591
0.516532 0.125118
0.472583 0.110578
0.493022 0.138669
0.456736 0.134830
0.470185 0.180246
0.466822 0.206410
0.445656 0.189683
0.413089 0.219141
0.402867 0.000362
0.443352 0.000994
0.509273 0.000831
0.494952 0.033282
0.505596 0.378771
0.507561 0.076533
0.511667 0.314521
0.503412 0.135282
0.497261 0.157942
0.486286 0.154611
0.534832 0.305838
0.509345 0.247303
0.494854 0.249387
0.471531 0.233146
0.448438 0.220304
0.531671 0.000199
0.501639 0.000210
0.435967 0.000397
0.431773 0.367539
0.516871 0.044187
0.509765 0.091985
0.512038 0.152178
0.507312 0.387900
0.504131 0.282589
0.494862 0.230102
0.525346 0.317013
0.523509 0.246640
0.515886 0.214425
0.538251 0.207382
0.595904 0.000574
0.549054 0.000126
0.394692 0.000722
0.494337 0.000934
0.520526 0.014552
0.496929 0.061863
0.520338 0.080092
0.508595 0.110509
0.518456 0.143360
0.511098 0.169216
0.530112 0.165267
0.520666 0.188967
0.536823 0.185952
0.528860 0.211885
0.556269 0.209272
0.588271 0.000380
0.516928 0.000658
0.451373 0.000547
0.507953 0.027499
0.481749 0.057974
0.508295 0.322452
0.491136 0.212923
0.494546 0.176094
0.501444 0.202497
0.501287 0.377796
0.504996 0.187247
0.514410 0.278111
0.516269 0.229264
0.582942 0.197122
0.611248 0.000122
0.564582 0.000249
0.505558 0.017720
0.524366 0.000531
0.510128 0.061845
0.528596 0.043310
0.529439 0.068033
0.522517 0.099607
0.533412 0.110873
0.533218 0.134417
0.538393 0.152178
0.547253 0.183864
0.552163 0.191647
0.553341 0.218136
0.613649 0.191984
0.626869 0.000363
0.540944 0.000021
0.537731 0.010290
0.527760 0.026045
0.517831 0.032676
0.540014 0.065088
0.533123 0.087899
0.542051 0.100183
0.543600 0.114738
0.543551 0.130697
0.540110 0.163645
0.556874 0.167810
0.575548 0.196330
0.587067 0.211316
0.634299 0.000301
0.556784 0.000284
0.561015 0.016537
0.544383 0.024713
0.536749 0.036917
0.543251 0.080693
0.552603 0.094594
0.558276 0.105943
0.562677 0.125100
0.554622 0.138596
0.559799 0.150493
0.578566 0.166542
0.572421 0.178764
0.597233 0.172022
0.609129 0.211368
0.649686 0.000829
0.574345 0.015769
0.568725 0.028983
0.559546 0.025904
0.542025 0.051314
0.553939 0.057309
0.553351 0.072804
0.565572 0.086229
0.574162 0.112690
0.571163 0.131783
0.571498 0.152762
0.590082 0.153725
0.599124 0.181047
0.629316 0.196565
0.657454 0.000128
0.573070 0.000722
0.593131 0.017393
0.563958 0.041946
0.552190 0.041764
0.572646 0.049354
0.566917 0.060677
0.569204 0.074297
0.571675 0.098987
0.585564 0.121051
0.595257 0.130844
0.606590 0.159543
0.636946 0.181758
0.629040 0.188833
0.642991 0.228811
0.672965 0.000581
0.580954 0.000448
0.603604 0.000730
0.580890 0.043168
0.583773 0.063601
0.583452 0.079161
0.583085 0.091775
0.589787 0.103549
0.600671 0.110599
0.606969 0.130407
0.586039 0.138843
0.618985 0.167993
0.652861 0.203074
0.627426 0.213804
0.680983 0.000058
0.618984 0.000601
0.604438 0.018482
0.593076 0.032248
0.595601 0.050017
0.596872 0.061576
0.597609 0.077538
0.599494 0.094772
0.614208 0.100941
0.614061 0.115659
0.611412 0.143483
0.624724 0.149341
0.635696 0.160423
0.657503 0.175055
0.682315 0.216437
0.696634 0.000608
0.618963 0.019973
0.619556 0.029303
0.607511 0.037331
0.609685 0.049981
0.612267 0.063875
0.610916 0.077731
0.613732 0.089498
0.629816 0.117641
0.624798 0.131997
0.654622 0.154080
0.651465 0.191856
0.656623 0.226587
0.663444 0.220519
0.704708 0.000510
0.641886 0.000410
0.634616 0.022977
0.628030 0.039514
0.623573 0.053005
0.627280 0.064980
0.625614 0.078142
0.631435 0.090847
0.628443 0.104362
0.644060 0.128612
0.633165 0.137785
0.672343 0.165735
0.641203 0.171625
0.665280 0.194574
0.703876 0.223931
0.712612 0.000948
0.647135 0.020567
0.642035 0.031749
0.639680 0.046945
0.641019 0.060617
0.640120 0.074548
0.646395 0.089806
0.643161 0.101019
0.643386 0.113258
0.651566 0.137650
0.679389 0.172805
0.675190 0.186639
0.679273 0.201786
0.687622 0.228937
0.728925 0.000951
0.665159 0.000828
0.660575 0.022916
0.655039 0.035442
0.653626 0.052199
0.653659 0.066365
0.656889 0.081793
0.658393 0.100161
0.660026 0.113514
0.663940 0.128543
0.662167 0.144200
0.678628 0.147922
0.686501 0.192275
0.696267 0.209879
0.715358 0.214390
0.737513 0.000953
0.674801 0.019518
0.671020 0.032699
0.668283 0.047451
0.667770 0.061873
0.668285 0.075712
0.671655 0.090243
0.672461 0.106588
0.672604 0.125252
0.685766 0.138983
0.692862 0.161600
0.675166 0.238501
0.717170 0.205682
0.718367 0.241402
0.748874 0.000066
0.688776 0.000812
0.687547 0.022097
0.683944 0.037315
0.682347 0.054529
0.682482 0.069411
0.684053 0.086560
0.686945 0.100916
0.688025 0.112584
0.684360 0.125335
0.691486 0.150150
0.712540 0.167850
0.696283 0.183540
0.727325 0.224031
0.729012 0.240744
0.758028 0.001132
0.702325 0.018156
0.698874 0.031834
0.696086 0.047476
0.695794 0.062809
0.696796 0.078157
0.698973 0.096802
0.704710 0.118023
0.700816 0.133275
0.723927 0.146253
0.705001 0.195473
0.715296 0.189706
0.744427 0.206790
0.748684 0.234719
0.767832 0.000658
0.720866 0.001128
0.713942 0.020304
0.710930 0.038477
0.708963 0.056949
0.709723 0.070561
0.712861 0.086829
0.707729 0.104574
0.719807 0.123516
0.706120 0.156264
0.731944 0.135328
0.718908 0.158236
0.724106 0.187641
0.743977 0.224243
0.754463 0.251768
0.779016 0.000409
0.726252 0.018758
0.724664 0.032599
0.723252 0.047851
0.722579 0.063345
0.724693 0.079013
0.725955 0.094901
0.721498 0.110071
0.713909 0.136121
0.745387 0.155045
0.740385 0.187202
0.744726 0.199006
0.761992 0.210590
0.761258 0.226346
0.788504 0.000204
0.744625 0.011820
0.739309 0.025086
0.737144 0.040397
0.736178 0.057731
0.737732 0.072459
0.739911 0.090016
0.736163 0.107329
0.737095 0.121700
0.752450 0.128880
0.738696 0.153710
0.732274 0.164252
0.769884 0.190487
0.775545 0.234709
0.779344 0.258383
0.798690 0.000104
0.755263 0.020959
0.751405 0.034526
0.750103 0.049933
0.750435 0.064693
0.752267 0.080697
0.753692 0.099139
0.747444 0.113140
0.763136 0.132852
0.753433 0.163990
0.752266 0.184631
0.775163 0.206345
0.784928 0.215714
0.785184 0.242164
0.809493 0.000537
0.771108 0.012540
0.767438 0.026806
0.765107 0.041124
0.764028 0.058633
0.764275 0.073030
0.766229 0.089908
0.767920 0.107098
0.763019 0.118990
0.757329 0.147580
0.768346 0.157455
0.780871 0.166147
0.800710 0.199136
0.801193 0.240490
0.805575 0.262166
0.819069 0.000480
0.783658 0.020786
0.779789 0.035417
0.778314 0.050008
0.777841 0.065624
0.778869 0.079797
0.780527 0.096986
0.779750 0.117677
0.780685 0.130665
0.791100 0.155800
0.774016 0.174835
0.807361 0.183440
0.798020 0.213099
0.807372 0.216368
0.829718 0.000525
0.799511 0.013794
0.796018 0.027679
0.793691 0.041582
0.792495 0.057575
0.792295 0.072647
0.793640 0.087714
0.791237 0.107303
0.795273 0.122690
0.779387 0.146531
0.801918 0.163326
0.785143 0.190735
0.819319 0.206934
0.818130 0.251372
0.826889 0.264647
0.840500 0.000844
0.813124 0.020952
0.808925 0.035832
0.807850 0.049714
0.807069 0.064908
0.807689 0.078917
0.806168 0.094955
0.805823 0.110940
0.799610 0.132433
0.803854 0.148141
0.814662 0.168256
0.819128 0.190189
0.824392 0.216456
0.833937 0.242521
0.850166 0.000310
0.828725 0.013354
0.826517 0.027994
0.823928 0.041819
0.822853 0.056861
0.822435 0.071867
0.821105 0.086737
0.821631 0.102278
0.815381 0.119999
0.818609 0.134310
0.818004 0.153392
0.833081 0.176136
0.834197 0.200015
0.839268 0.221397
0.848829 0.265900
0.860872 0.000371
0.844145 0.019914
0.840556 0.034619
0.839128 0.048644
0.838545 0.063754
0.837199 0.077692
0.836290 0.092489
0.832829 0.110854
0.832304 0.123890
0.833305 0.142370
0.835267 0.157915
0.844920 0.190257
0.849765 0.211494
0.851937 0.251425
0.871577 0.000321
0.860505 0.012984
0.858934 0.027482
0.856131 0.041082
0.855107 0.055572
0.854012 0.069563
0.852575 0.084255
0.849502 0.100072
0.848883 0.115248
0.846854 0.132134
0.847606 0.151438
0.851280 0.169167
0.858106 0.195841
0.863292 0.233090
0.865906 0.266263
0.881200 0.000633
0.875914 0.019247
0.873108 0.034049
0.872026 0.047305
0.872363 0.061447
0.869994 0.075294
0.867032 0.090672
0.864894 0.105891
0.861744 0.121756
0.862828 0.138471
0.861510 0.159807
0.861181 0.179633
0.869044 0.207838
0.877894 0.256850
0.892255 0.000640
0.892237 0.011251
0.889515 0.027141
0.889779 0.040816
0.890453 0.054145
0.888255 0.067852
0.884590 0.082643
0.881757 0.097893
0.878953 0.112556
0.876379 0.130041
0.875104 0.150028
0.876687 0.170911
0.876366 0.196446
0.875582 0.228715
0.889571 0.268121
0.903127 0.000529
0.907721 0.018064
0.904455 0.032847
0.910125 0.045382
0.905021 0.060235
0.902923 0.075071
0.899177 0.089757
0.896310 0.105985
0.892431 0.122196
0.890121 0.138990
0.887447 0.161491
0.888674 0.185436
0.888062 0.215360
0.895260 0.247820
0.912782 0.000482
0.924206 0.012646
0.919647 0.029182
0.928563 0.039772
0.920933 0.054402
0.919049 0.069736
0.918331 0.085092
0.912611 0.099552
0.909621 0.116313
0.907760 0.133651
0.900744 0.154186
0.898611 0.175086
0.900061 0.200541
0.898714 0.228239
0.898068 0.268377
0.923435 0.000430
0.934683 0.024556
0.943799 0.035703
0.938304 0.052590
0.934865 0.066994
0.934302 0.081156
0.931617 0.096165
0.925399 0.110484
0.923463 0.127820
0.913798 0.147986
0.913234 0.166608
0.912154 0.188737
0.908501 0.216634
0.911169 0.269049
0.933711 0.000955
0.945211 0.011212
0.954277 0.024459
0.951679 0.048389
0.950673 0.066274
0.951624 0.081107
0.948878 0.094185
0.946497 0.108385
0.937524 0.122398
0.929296 0.145193
0.929418 0.160630
0.926065 0.180988
0.923398 0.202893
0.914123 0.239804
0.927102 0.259412
0.944340 0.000685
0.966077 0.012346
0.961434 0.036024
0.964032 0.056425
0.965855 0.080375
0.965657 0.096344
0.962494 0.113201
0.952406 0.125999
0.944029 0.139352
0.947641 0.157913
0.941941 0.174082
0.937336 0.191219
0.924313 0.221413
0.964620 0.274418
0.955106 0.000481
0.975427 0.001323
0.972632 0.026829
0.973257 0.044310
0.972427 0.066041
0.979924 0.089631
0.976382 0.116756
0.967880 0.132318
0.960470 0.146928
0.969930 0.161117
0.958160 0.187555
0.956778 0.200261
0.951048 0.225727
0.931041 0.239385
0.929465 0.272511
0.965134 0.000596
0.984592 0.015951
0.986194 0.035000
0.984766 0.055195
0.985150 0.075066
0.983442 0.104193
0.984018 0.132953
0.979157 0.149532
0.982150 0.172154
0.959314 0.174466
0.982333 0.228896
0.938935 0.212406
0.947711 0.244144
0.938596 0.277032
0.986139 0.000490
0.999639 0.023421
0.999680 0.043664
0.999368 0.074855
0.999452 0.107361
0.999530 0.140964
0.999584 0.174739
0.999829 0.209530
0.978668 0.189258
0.976767 0.204035
0.963918 0.215648
0.968372 0.232430
0.975481 0.251984
0.977471 0.269858
0.948967 0.291831
0.999412 0.000655
0.999067 0.033452
0.999486 0.064376
0.999342 0.096304
0.999530 0.129387
0.999324 0.163107
0.999647 0.198177
0.999739 0.234627
0.999213 0.258142
0.999901 0.282880
0.999682 0.307528
0.999636 0.328967
0.952459 0.301170
0.956237 0.255692
0.999932 0.000951
0.999352 0.012305
0.999265 0.053931
0.999802 0.085833
0.998930 0.118636
0.999636 0.152193
0.999395 0.186444
0.999084 0.221046
0.999738 0.246612
0.999846 0.270387
0.999527 0.294529
0.975565 0.298263
0.997893 0.333923
0.963083 0.307990
0.983070 0.321990
