0.000575 0.012335
0.001113 0.046755
0.000259 0.081219
0.000714 0.116673
0.000499 0.151336
0.001013 0.185938
0.000420 0.220587
0.000875 0.255280
0.000191 0.289788
0.000849 0.324260
0.000820 0.359248
0.000153 0.393538
0.001306 0.428802
0.001960 0.463240
0.009769 0.000254
0.000847 0.030121
0.001105 0.065130
0.001371 0.099936
0.001326 0.134779
0.001260 0.169353
0.000953 0.204130
0.001112 0.238710
0.001128 0.273231
0.001180 0.308067
0.001296 0.342613
0.001628 0.377540
0.000699 0.412149
0.000272 0.446806
0.011002 0.478997
0.009212 0.006127
0.009042 0.046026
0.008697 0.081840
0.008457 0.116391
0.008677 0.151119
0.008417 0.186063
0.008525 0.220514
0.008655 0.255052
0.008431 0.289717
0.008434 0.324602
0.008359 0.358981
0.008845 0.394223
0.009076 0.429920
0.011258 0.469842
0.028995 0.000487
0.024460 0.030119
0.024107 0.063859
0.023910 0.099077
0.023905 0.133886
0.023575 0.168465
0.024048 0.203275
0.023920 0.237835
0.023554 0.272435
0.023769 0.307075
0.023976 0.341677
0.023931 0.376573
0.024122 0.412020
0.025457 0.446850
0.028183 0.483516
0.037369 0.004746
0.036742 0.045791
0.036309 0.081476
0.035923 0.116481
0.035941 0.151216
0.035939 0.185832
0.035977 0.220397
0.035882 0.255273
0.035945 0.289605
0.035896 0.324320
0.036241 0.359144
0.036196 0.394055
0.036801 0.430551
0.038837 0.473130
0.049156 0.000630
0.047311 0.029583
0.046482 0.063378
0.046132 0.098929
0.046022 0.133725
0.045991 0.168691
0.046178 0.203181
0.046259 0.237701
0.046023 0.272484
0.046065 0.306989
0.046037 0.341749
0.046234 0.376597
0.046454 0.412402
0.047923 0.447969
0.049416 0.483751
0.057923 0.004370
0.057231 0.045029
0.056954 0.081367
0.056720 0.116542
0.056762 0.151167
0.056719 0.185855
0.056896 0.220397
0.056813 0.255069
0.056760 0.289607
0.056650 0.324263
0.056892 0.359187
0.056850 0.394288
0.057386 0.431195
0.058169 0.473951
0.069479 0.000679
0.068460 0.028852
0.067801 0.063325
0.067777 0.098957
0.067747 0.133888
0.067757 0.168493
0.067679 0.203118
0.067950 0.237667
0.067798 0.272339
0.067803 0.306955
0.067660 0.341655
0.067816 0.376579
0.068012 0.412613
0.068635 0.448738
0.069367 0.485147
0.078946 0.003486
0.078744 0.044959
0.078653 0.081397
0.078449 0.116513
0.078690 0.151224
0.078526 0.185574
0.078614 0.220584
0.078508 0.255027
0.078639 0.289695
0.078558 0.324194
0.078743 0.359029
0.078671 0.394446
0.078841 0.431490
0.079351 0.474212
0.089749 0.000664
0.089383 0.028675
0.089043 0.063514
0.089113 0.098916
0.089031 0.133702
0.089148 0.168639
0.089240 0.202989
0.089037 0.237738
0.089069 0.272369
0.089205 0.307007
0.089043 0.341648
0.089080 0.376633
0.089081 0.412718
0.089515 0.449199
0.089624 0.485434
0.099590 0.003638
0.099386 0.044978
0.099492 0.081193
0.099417 0.116408
0.099315 0.151107
0.099545 0.185808
0.099383 0.220365
0.099337 0.255195
0.099458 0.289770
0.099502 0.324286
0.099343 0.359111
0.099390 0.394519
0.099398 0.431766
0.099555 0.474450
0.109904 0.000127
0.109801 0.028600
0.109573 0.063305
0.109527 0.098787
0.109709 0.133806
0.109656 0.168583
0.109639 0.203051
0.109520 0.237701
0.109661 0.272455
0.109621 0.307072
0.109672 0.341666
0.109555 0.376763
0.109627 0.412839
0.109637 0.449391
0.110083 0.485916
0.119932 0.003570
0.119920 0.044730
0.119747 0.081125
0.119787 0.116515
0.119738 0.151087
0.119765 0.185747
0.119759 0.220574
0.119701 0.255123
0.119932 0.289864
0.119792 0.324483
0.119674 0.359107
0.119712 0.394537
0.119758 0.431952
0.119809 0.474556
0.130049 0.000264
0.129992 0.028529
0.129863 0.063350
0.129962 0.098843
0.129835 0.133759
0.129974 0.168666
0.129847 0.203213
0.129947 0.237822
0.129823 0.272431
0.129821 0.306984
0.129876 0.341805
0.129710 0.376706
0.129798 0.412844
0.129894 0.449439
0.130142 0.485908
0.139995 0.003757
0.139969 0.044591
0.139982 0.081358
0.139886 0.116407
0.139789 0.151100
0.139888 0.185791
0.140006 0.220471
0.139826 0.255209
0.140052 0.289728
0.139806 0.324423
0.139858 0.359178
0.139865 0.394583
0.139885 0.431942
0.140044 0.474043
0.149936 0.000657
0.150201 0.028501
0.149932 0.063234
0.149904 0.098849
0.149943 0.133764
0.149919 0.168587
0.150109 0.203256
0.149883 0.237769
0.149911 0.272460
0.149900 0.306996
0.150016 0.341663
0.149893 0.376819
0.149899 0.412770
0.150130 0.449496
0.149752 0.486047
0.159992 0.003691
0.160089 0.044571
0.159942 0.081205
0.159983 0.116299
0.159969 0.151190
0.160101 0.185750
0.159951 0.220450
0.159937 0.255191
0.160142 0.289861
0.159915 0.324468
0.159904 0.359135
0.160014 0.394528
0.159993 0.431980
0.160024 0.474849
0.169840 0.000663
0.170029 0.028529
0.169860 0.063268
0.170096 0.098977
0.169935 0.133888
0.170128 0.168468
0.170052 0.203269
0.170065 0.237920
0.169943 0.272370
0.169963 0.307178
0.169987 0.341726
0.169879 0.376661
0.169987 0.412768
0.169876 0.449497
0.170254 0.485990
0.179840 0.003529
0.180002 0.044769
0.180012 0.081246
0.180120 0.116296
0.179811 0.151206
0.180022 0.185816
0.179987 0.220393
0.179911 0.255170
0.179979 0.289812
0.180096 0.324510
0.179902 0.359232
0.179912 0.394571
0.180043 0.431882
0.180105 0.474162
0.189946 0.000015
0.189896 0.028486
0.189910 0.063321
0.189989 0.098962
0.189989 0.133832
0.189981 0.168509
0.189991 0.203128
0.189999 0.237659
0.190037 0.272413
0.189986 0.307029
0.190164 0.341722
0.189888 0.376741
0.190049 0.412737
0.190023 0.449373
0.190013 0.486022
0.199872 0.003657
0.200116 0.044670
0.200094 0.081103
0.200002 0.116283
0.199960 0.151120
0.200149 0.185909
0.199844 0.220442
0.200045 0.255102
0.199998 0.289714
0.200026 0.324421
0.199988 0.359189
0.200009 0.394678
0.200133 0.431897
0.200058 0.474301
0.209835 0.000981
0.210024 0.028501
0.210009 0.063284
0.210090 0.098944
0.209911 0.133823
0.210119 0.168450
0.210112 0.203126
0.209984 0.237829
0.209919 0.272309
0.210030 0.306971
0.210153 0.341786
0.209908 0.376697
0.210219 0.412816
0.210078 0.449439
0.209735 0.486029
0.219881 0.003646
0.220133 0.044788
0.220082 0.081238
0.220064 0.116352
0.220104 0.151218
0.219994 0.185786
0.220079 0.220630
0.219837 0.254985
0.220010 0.289803
0.220058 0.324492
0.219916 0.359175
0.220037 0.394520
0.220066 0.431964
0.220122 0.474442
0.229975 0.000022
0.229959 0.028593
0.230040 0.063286
0.230052 0.098925
0.230110 0.133787
0.230037 0.168454
0.230029 0.203102
0.230098 0.237833
0.229888 0.272332
0.230011 0.307129
0.229922 0.341914
0.229987 0.376612
0.229972 0.412692
0.230142 0.449448
0.230023 0.485903
0.239999 0.003496
0.240137 0.044733
0.240076 0.081335
0.240122 0.116375
0.240045 0.151087
0.240018 0.185835
0.240084 0.220462
0.240081 0.255118
0.240037 0.289723
0.239944 0.324431
0.239972 0.359189
0.240013 0.394361
0.240012 0.431989
0.239974 0.474374
0.250083 0.000827
0.250047 0.028512
0.250112 0.063228
0.250066 0.098923
0.250078 0.133697
0.250100 0.168532
0.250032 0.203112
0.249998 0.237824
0.250354 0.272462
0.249893 0.307060
0.250071 0.341836
0.250050 0.376715
0.250257 0.412739
0.249872 0.449327
0.250037 0.486081
0.260230 0.003947
0.260198 0.044591
0.260207 0.081283
0.260199 0.116458
0.260062 0.151077
0.260160 0.185763
0.260172 0.220426
0.259979 0.255150
0.260105 0.289742
0.260239 0.324407
0.260199 0.359122
0.260182 0.394463
0.260130 0.432023
0.260071 0.474323
0.269864 0.000328
0.270108 0.028642
0.270244 0.063263
0.270258 0.099041
0.270200 0.133667
0.270353 0.168478
0.270197 0.203162
0.270141 0.237679
0.270181 0.272482
0.270110 0.307193
0.270149 0.341663
0.270180 0.376710
0.270212 0.412798
0.270111 0.449372
0.270002 0.485953
0.280363 0.003532
0.280329 0.044651
0.280361 0.081197
0.280390 0.116545
0.280305 0.151105
0.280321 0.185861
0.280544 0.220456
0.280385 0.255044
0.280271 0.289660
0.280490 0.324494
0.280318 0.359196
0.280266 0.394496
0.280330 0.431948
0.280173 0.474390
0.290134 0.001066
0.290472 0.028428
0.290532 0.063363
0.290484 0.098872
0.290403 0.133904
0.290603 0.168373
0.290518 0.203344
0.290603 0.237646
0.290701 0.272452
0.290548 0.307021
0.290602 0.341907
0.290550 0.376679
0.290656 0.412675
0.290155 0.449306
0.290169 0.485859
0.300571 0.003440
0.300849 0.044607
0.300765 0.081227
0.300979 0.116339
0.300799 0.151363
0.300859 0.185842
0.301032 0.220597
0.300960 0.255019
0.300912 0.289693
0.301183 0.324448
0.300997 0.359151
0.300851 0.394526
0.300757 0.431781
0.300327 0.474438
0.310160 0.000771
0.310931 0.028671
0.311298 0.063362
0.311393 0.098862
0.311404 0.133661
0.311340 0.168535
0.311407 0.203189
0.311420 0.237790
0.311406 0.272389
0.311298 0.307146
0.311280 0.341664
0.311344 0.376667
0.311416 0.412752
0.310825 0.449024
0.310312 0.485456
0.321378 0.003829
0.322007 0.044980
0.322146 0.081381
0.322155 0.116361
0.322089 0.151147
0.322360 0.185966
0.322401 0.220389
0.322159 0.255159
0.322249 0.289685
0.322163 0.324388
0.322177 0.359208
0.322042 0.394462
0.321940 0.431463
0.321170 0.474159
0.330704 0.000370
0.332416 0.029103
0.332999 0.063317
0.333096 0.099005
0.333187 0.133790
0.333139 0.168368
0.333211 0.203049
0.333311 0.237795
0.333203 0.272443
0.333157 0.307071
0.333141 0.341723
0.333265 0.376762
0.332956 0.412601
0.332238 0.448638
0.330983 0.484381
0.342158 0.004190
0.343387 0.045248
0.343841 0.081601
0.343749 0.116399
0.343836 0.151045
0.343863 0.185737
0.343828 0.220468
0.343947 0.255103
0.344060 0.289884
0.343875 0.324295
0.344088 0.359144
0.343677 0.394172
0.342990 0.431157
0.341544 0.473595
0.350568 0.000552
0.352644 0.029804
0.353777 0.063600
0.354045 0.099049
0.354060 0.133809
0.354071 0.168450
0.353936 0.203154
0.354161 0.237629
0.353887 0.272735
0.354122 0.306950
0.353976 0.341689
0.354126 0.376548
0.353656 0.412399
0.352013 0.447579
0.350416 0.482917
0.363567 0.005554
0.365710 0.046132
0.365913 0.081413
0.366199 0.116512
0.366170 0.151102
0.366188 0.185897
0.366148 0.220576
0.366153 0.254978
0.366373 0.289891
0.366130 0.324315
0.366177 0.359082
0.366064 0.394026
0.365479 0.430193
0.362343 0.472169
0.372755 0.000941
0.381008 0.030286
0.381347 0.063942
0.381539 0.098860
0.381485 0.133846
0.381580 0.168552
0.381409 0.203031
0.381523 0.237893
0.381386 0.272437
0.381627 0.307045
0.381359 0.341767
0.381484 0.376547
0.381339 0.411930
0.380309 0.446104
0.376138 0.484768
0.395322 0.006805
0.391891 0.046417
0.392922 0.081677
0.393285 0.116447
0.393174 0.151143
0.393224 0.185881
0.393415 0.220348
0.393281 0.255213
0.393179 0.289744
0.393388 0.324570
0.393220 0.358983
0.392943 0.393882
0.391506 0.429256
0.393445 0.468875
0.381390 0.001465
0.388469 0.029856
0.389783 0.064164
0.390134 0.099445
0.390309 0.133876
0.390371 0.168706
0.390108 0.203494
0.390309 0.237683
0.390213 0.272069
0.390220 0.307020
0.390091 0.341737
0.390034 0.376563
0.389527 0.411503
0.387599 0.446183
0.378758 0.473823
0.600886 0.012488
0.601040 0.047086
0.600025 0.081792
0.600006 0.116418
0.599825 0.151104
0.599993 0.185341
0.599810 0.220405
0.599774 0.255139
0.599764 0.289890
0.599752 0.324673
0.599899 0.359247
0.600147 0.393796
0.601387 0.428610
0.602139 0.463260
0.610020 0.000314
0.598792 0.029478
0.597098 0.063972
0.596748 0.099202
0.596733 0.134016
0.596647 0.168682
0.596852 0.203031
0.596750 0.237734
0.596610 0.272422
0.596679 0.307064
0.596708 0.341697
0.596863 0.376548
0.597107 0.411614
0.599181 0.446258
0.610845 0.478930
0.609386 0.005818
0.608938 0.045768
0.608488 0.081593
0.608432 0.116573
0.608504 0.151332
0.608661 0.185966
0.608408 0.220351
0.608314 0.255026
0.608424 0.289847
0.608470 0.324303
0.608594 0.359083
0.608778 0.393996
0.609126 0.429938
0.611281 0.470045
0.629177 0.000641
0.624621 0.029803
0.624063 0.063754
0.623794 0.098932
0.623863 0.134028
0.623966 0.168602
0.623898 0.203156
0.623557 0.237775
0.623717 0.272398
0.623931 0.307297
0.623799 0.341587
0.623957 0.376616
0.624212 0.411891
0.625299 0.446821
0.628545 0.483703
0.637467 0.004603
0.636619 0.045553
0.636106 0.081497
0.635973 0.116395
0.636000 0.151173
0.635932 0.185961
0.635944 0.220502
0.635907 0.255132
0.635829 0.289731
0.635867 0.324502
0.635982 0.359014
0.636171 0.394294
0.636986 0.430430
0.639076 0.473044
0.649200 0.000235
0.647408 0.029349
0.646356 0.063478
0.646219 0.098988
0.646139 0.133817
0.646165 0.168416
0.646047 0.203273
0.646077 0.237843
0.646195 0.272418
0.646055 0.307000
0.645972 0.341815
0.646068 0.376550
0.646415 0.412497
0.648088 0.448269
0.649446 0.483687
0.657889 0.004222
0.657051 0.044953
0.656808 0.081342
0.656858 0.116296
0.656572 0.151075
0.656752 0.185728
0.656695 0.220528
0.656816 0.255089
0.656727 0.289743
0.656789 0.324419
0.656770 0.359128
0.656864 0.394270
0.657195 0.431506
0.658534 0.473768
0.669492 0.000187
0.668396 0.028919
0.667936 0.063344
0.667907 0.098842
0.667783 0.133841
0.667759 0.168404
0.667790 0.203103
0.667662 0.237753
0.667847 0.272490
0.667680 0.306960
0.667750 0.341765
0.667924 0.376608
0.667932 0.412728
0.668628 0.448969
0.669574 0.485237
0.679022 0.003987
0.678667 0.044799
0.678822 0.081194
0.678611 0.116373
0.678553 0.151117
0.678578 0.185777
0.678457 0.220326
0.678647 0.255061
0.678478 0.289776
0.678493 0.324390
0.678661 0.359072
0.678683 0.394482
0.678844 0.431638
0.679473 0.474175
0.689668 0.000640
0.689258 0.028730
0.689243 0.063315
0.689094 0.098957
0.689073 0.133789
0.689103 0.168569
0.689124 0.203086
0.689088 0.237789
0.689068 0.272377
0.688967 0.307082
0.689054 0.341669
0.688983 0.376780
0.689276 0.412538
0.689367 0.449350
0.689951 0.485522
0.699505 0.003420
0.699314 0.044723
0.699490 0.081371
0.699345 0.116450
0.699378 0.151232
0.699358 0.185874
0.699365 0.220533
0.699429 0.254896
0.699476 0.289669
0.699402 0.324437
0.699392 0.359180
0.699314 0.394399
0.699539 0.431926
0.699670 0.474198
0.709918 0.000643
0.709584 0.028617
0.709551 0.063308
0.709728 0.098941
0.709544 0.133826
0.709680 0.168502
0.709512 0.203133
0.709624 0.237763
0.709572 0.272299
0.709623 0.307020
0.709716 0.341777
0.709676 0.376567
0.709592 0.412704
0.709834 0.449430
0.709786 0.486030
0.719690 0.003997
0.719728 0.044752
0.719823 0.081295
0.719752 0.116415
0.719732 0.150957
0.719703 0.185817
0.719753 0.220547
0.719833 0.255008
0.719661 0.289694
0.719806 0.324349
0.719787 0.359133
0.719774 0.394564
0.719674 0.431788
0.720047 0.474396
0.729772 0.000400
0.729863 0.028609
0.729758 0.063192
0.729779 0.098859
0.729888 0.133807
0.729861 0.168411
0.729985 0.203048
0.729874 0.237713
0.729695 0.272453
0.729902 0.307050
0.729815 0.341666
0.729908 0.376648
0.729825 0.412872
0.729960 0.449368
0.729758 0.485911
0.739901 0.003413
0.739789 0.044735
0.739887 0.081187
0.739842 0.116499
0.739946 0.151089
0.739913 0.185846
0.740007 0.220460
0.739944 0.255187
0.739930 0.289786
0.739766 0.324395
0.739963 0.359184
0.739901 0.394425
0.739933 0.431960
0.739954 0.474618
0.750152 0.000559
0.749829 0.028559
0.749929 0.063205
0.749973 0.098851
0.750083 0.133996
0.749925 0.168534
0.750132 0.203199
0.750033 0.237877
0.749874 0.272483
0.749999 0.307097
0.749889 0.341865
0.749965 0.376880
0.749811 0.412783
0.750126 0.449464
0.749978 0.485893
0.759915 0.003883
0.760103 0.044770
0.760037 0.081182
0.759932 0.116476
0.760045 0.151380
0.760117 0.185806
0.760100 0.220473
0.759900 0.255155
0.759988 0.289672
0.759896 0.324656
0.760058 0.359204
0.759815 0.394398
0.760004 0.431795
0.759967 0.474317
0.770000 0.000621
0.770088 0.028450
0.769984 0.063271
0.770107 0.098926
0.769811 0.133801
0.770114 0.168635
0.770117 0.203133
0.770005 0.237841
0.770007 0.272419
0.769919 0.307191
0.769917 0.341797
0.770008 0.376758
0.769991 0.412836
0.770066 0.449392
0.769932 0.486096
0.779951 0.003514
0.779991 0.044688
0.780130 0.081222
0.779804 0.116444
0.779984 0.151109
0.780109 0.185669
0.779970 0.220512
0.779842 0.254968
0.779915 0.289723
0.779905 0.324433
0.780178 0.359179
0.780056 0.394449
0.779925 0.432131
0.780054 0.474327
0.789961 0.000708
0.790019 0.028496
0.790090 0.063245
0.790062 0.098917
0.790013 0.133827
0.790050 0.168504
0.789938 0.203132
0.790029 0.237730
0.789883 0.272370
0.790052 0.307223
0.789952 0.341781
0.789984 0.376730
0.790073 0.412920
0.790028 0.449573
0.789642 0.486163
0.800039 0.003748
0.800181 0.044663
0.799998 0.081217
0.800043 0.116408
0.800083 0.151235
0.800013 0.185741
0.799965 0.220331
0.799953 0.255071
0.800007 0.289655
0.799945 0.324294
0.799918 0.359249
0.800088 0.394456
0.800054 0.431960
0.800054 0.474566
0.809821 0.000302
0.810210 0.028546
0.810121 0.063231
0.809959 0.099086
0.810094 0.133989
0.810035 0.168538
0.810157 0.203183
0.810067 0.237795
0.809965 0.272359
0.809936 0.307126
0.809918 0.341848
0.810047 0.376550
0.810202 0.412755
0.810002 0.449350
0.809909 0.486015
0.820084 0.003695
0.820130 0.044692
0.820100 0.081166
0.820014 0.116412
0.820051 0.151299
0.819923 0.185741
0.819970 0.220416
0.820111 0.255049
0.820066 0.289695
0.820017 0.324492
0.819997 0.359212
0.820159 0.394493
0.820155 0.431811
0.820037 0.474328
0.829973 0.000793
0.829965 0.028503
0.829968 0.063331
0.830001 0.098967
0.830132 0.133797
0.830099 0.168532
0.829970 0.203233
0.830124 0.237864
0.830071 0.272302
0.830127 0.307250
0.830112 0.341780
0.829933 0.376770
0.830165 0.412862
0.829934 0.449426
0.829930 0.486012
0.840118 0.003867
0.840015 0.044718
0.840047 0.081273
0.840148 0.116427
0.839976 0.151002
0.840010 0.185896
0.840036 0.220440
0.840126 0.255041
0.839997 0.289884
0.840055 0.324300
0.839979 0.359295
0.840058 0.394544
0.840108 0.432044
0.840028 0.474512
0.849807 0.000914
0.850013 0.028445
0.850079 0.063411
0.849858 0.098983
0.850087 0.133705
0.850156 0.168708
0.850130 0.202985
0.850222 0.237751
0.850056 0.272266
0.850080 0.307091
0.849969 0.341661
0.850109 0.376829
0.850074 0.412914
0.850049 0.449352
0.850223 0.485927
0.860125 0.003664
0.860175 0.044721
0.860116 0.081196
0.860094 0.116441
0.860218 0.151144
0.860070 0.185760
0.860190 0.220434
0.860122 0.255066
0.860262 0.289642
0.859988 0.324388
0.860182 0.359235
0.860117 0.394401
0.860268 0.431861
0.860087 0.474416
0.869941 0.000212
0.870303 0.028449
0.870086 0.063320
0.870188 0.098964
0.870328 0.133937
0.870458 0.168424
0.870198 0.203138
0.870256 0.237908
0.870168 0.272374
0.870246 0.307031
0.870228 0.341839
0.870301 0.376736
0.870217 0.412816
0.869952 0.449174
0.869767 0.485930
0.880206 0.003543
0.880247 0.044683
0.880319 0.081246
0.880511 0.116450
0.880317 0.151165
0.880442 0.185769
0.880343 0.220556
0.880407 0.255094
0.880343 0.289695
0.880306 0.324432
0.880245 0.359441
0.880407 0.394509
0.880209 0.431803
0.880174 0.474626
0.890193 0.000186
0.890499 0.028576
0.890354 0.063365
0.890624 0.098971
0.890595 0.133852
0.890640 0.168410
0.890596 0.203254
0.890695 0.237919
0.890669 0.272393
0.890603 0.306959
0.890413 0.341857
0.890643 0.376681
0.890404 0.412790
0.890306 0.449370
0.890324 0.485719
0.900557 0.003676
0.900740 0.044779
0.900946 0.081201
0.900829 0.116307
0.900897 0.151153
0.901050 0.185934
0.900982 0.220531
0.901017 0.254922
0.900921 0.289734
0.900758 0.324248
0.900951 0.359163
0.900962 0.394561
0.900557 0.431815
0.900451 0.474305
0.910388 0.000797
0.910890 0.028669
0.911372 0.063395
0.911480 0.098938
0.911674 0.133860
0.911475 0.168483
0.911247 0.203205
0.911540 0.237717
0.911396 0.272394
0.911394 0.306957
0.911439 0.341870
0.911547 0.376567
0.911361 0.412750
0.910948 0.449244
0.910393 0.485433
0.921426 0.003925
0.921851 0.044860
0.922285 0.081309
0.922159 0.116469
0.922333 0.151192
0.922204 0.185889
0.922295 0.220517
0.922248 0.255151
0.922282 0.289720
0.922193 0.324349
0.922211 0.359088
0.922116 0.394467
0.921869 0.431653
0.921117 0.474021
0.930723 0.000116
0.932432 0.029092
0.933011 0.063368
0.933207 0.098990
0.933400 0.133953
0.933328 0.168645
0.933282 0.203071
0.933458 0.237744
0.933219 0.272441
0.933343 0.307242
0.933137 0.341776
0.933211 0.376657
0.933111 0.412496
0.932045 0.448695
0.930939 0.484554
0.942392 0.004509
0.943453 0.045216
0.943732 0.081507
0.943828 0.116503
0.944117 0.151062
0.943990 0.185807
0.944062 0.220640
0.944081 0.255136
0.944086 0.289549
0.944062 0.324418
0.943824 0.359144
0.943743 0.394239
0.942940 0.431004
0.941558 0.473464
0.950492 0.000080
0.952578 0.029785
0.953653 0.063561
0.953997 0.099019
0.954109 0.133931
0.954298 0.168449
0.954188 0.203089
0.954262 0.237762
0.954108 0.272482
0.954065 0.307136
0.954205 0.341690
0.954088 0.376624
0.953620 0.412202
0.952027 0.447533
0.950219 0.483020
0.963387 0.005887
0.965761 0.045970
0.965919 0.081520
0.966227 0.116424
0.966097 0.151183
0.966148 0.185728
0.966179 0.220558
0.966140 0.255203
0.966321 0.289794
0.966105 0.324421
0.966126 0.358986
0.965906 0.394032
0.965705 0.429936
0.962463 0.471965
0.972693 0.000715
0.980994 0.030542
0.981101 0.064000
0.981465 0.098994
0.981583 0.133868
0.981557 0.168246
0.981448 0.203201
0.981727 0.238016
0.981411 0.272389
0.981440 0.307255
0.981593 0.341664
0.981397 0.376401
0.981216 0.411723
0.980558 0.446162
0.975939 0.484720
0.995575 0.006747
0.991872 0.046734
0.993154 0.081677
0.993133 0.116342
0.992992 0.151065
0.993459 0.185801
0.993288 0.220423
0.993148 0.255286
0.993404 0.289786
0.993226 0.324240
0.993103 0.359100
0.993009 0.393790
0.991591 0.429156
0.993585 0.469220
0.981416 0.001660
0.988509 0.029854
0.989803 0.064096
0.990043 0.099039
0.990269 0.133829
0.990276 0.169008
0.990223 0.203047
0.990322 0.237602
0.990275 0.272403
0.990150 0.306844
0.990344 0.341708
0.989933 0.376461
0.989576 0.411592
0.987764 0.445941
0.978530 0.473480
