0.000609 0.008164
0.000040 0.042302
0.000475 0.073498
0.000547 0.115691
0.000087 0.147952
0.000181 0.184094
0.000586 0.208863
0.000264 0.234981
0.000425 0.258633
0.000098 0.294832
0.035211 0.278729
0.002463 0.319669
0.008254 0.324297
0.038830 0.315164
0.003055 0.000208
0.000296 0.020348
0.000091 0.052641
0.000880 0.094496
0.000781 0.126520
0.000351 0.171477
0.000071 0.196666
0.000177 0.222479
0.000053 0.246368
0.000663 0.270710
0.000719 0.282416
0.001080 0.306416
0.041377 0.289833
0.025496 0.322237
0.058887 0.296904
0.001065 0.000825
0.000785 0.031458
0.000825 0.063128
0.000431 0.083737
0.000145 0.105076
0.000404 0.137545
0.000458 0.159090
0.021069 0.141408
0.018184 0.159249
0.018928 0.177985
0.019152 0.215149
0.032185 0.225456
0.028235 0.265351
0.051236 0.301698
0.017519 0.000022
0.016968 0.013366
0.011625 0.030642
0.016035 0.045548
0.014328 0.063413
0.015448 0.085840
0.016409 0.105286
0.016917 0.123894
0.037891 0.139492
0.032170 0.163419
0.023882 0.193948
0.038529 0.203877
0.025622 0.244788
0.044264 0.249402
0.068193 0.287325
0.027618 0.000787
0.029916 0.018329
0.027891 0.034114
0.028098 0.053591
0.025614 0.074700
0.029351 0.093311
0.030964 0.109176
0.032054 0.124996
0.045131 0.152078
0.048383 0.172070
0.038147 0.184896
0.052448 0.210127
0.049172 0.226904
0.051081 0.260657
0.045511 0.000826
0.036413 0.000233
0.044292 0.029335
0.039134 0.042872
0.036649 0.064312
0.040268 0.081499
0.045815 0.096999
0.047457 0.112434
0.051586 0.127320
0.057071 0.140584
0.061342 0.159736
0.058773 0.188150
0.070423 0.210618
0.070413 0.250084
0.088941 0.283396
0.054911 0.001080
0.045259 0.015505
0.054178 0.040414
0.049010 0.055160
0.052325 0.069175
0.056130 0.083684
0.061003 0.097187
0.064328 0.110373
0.068566 0.127745
0.074740 0.147764
0.071643 0.169836
0.073741 0.189403
0.066848 0.236674
0.072372 0.262685
0.066116 0.000537
0.063819 0.010073
0.061257 0.026028
0.067182 0.041642
0.066192 0.056555
0.069614 0.069736
0.073407 0.084973
0.077463 0.100745
0.081490 0.116377
0.082099 0.134708
0.086866 0.155853
0.089392 0.173806
0.082993 0.202441
0.087501 0.230155
0.091599 0.277204
0.076732 0.000266
0.075873 0.019558
0.080212 0.032918
0.083430 0.046143
0.082367 0.060662
0.086482 0.074270
0.090409 0.089007
0.092990 0.105057
0.096066 0.121924
0.097180 0.139145
0.102024 0.162448
0.098084 0.186115
0.094357 0.214293
0.095169 0.243434
0.086180 0.000640
0.092376 0.006702
0.091904 0.024443
0.097376 0.037108
0.098918 0.051609
0.100311 0.065910
0.102906 0.080267
0.106559 0.095074
0.109090 0.111851
0.110279 0.128006
0.110738 0.146291
0.113096 0.173322
0.109558 0.196895
0.110562 0.228300
0.106434 0.271823
0.098921 0.000845
0.107634 0.017206
0.110491 0.031657
0.114130 0.044475
0.115459 0.057593
0.117196 0.071988
0.119836 0.086538
0.121954 0.101108
0.123273 0.119400
0.124930 0.136356
0.124170 0.155399
0.123202 0.182106
0.121872 0.213122
0.113281 0.246228
0.108381 0.000908
0.123697 0.008376
0.124614 0.024295
0.128843 0.037393
0.130546 0.051529
0.131624 0.064981
0.133751 0.079482
0.135838 0.094118
0.136515 0.110535
0.137119 0.128087
0.137280 0.145073
0.135288 0.167569
0.131686 0.192130
0.129144 0.230087
0.117776 0.269053
0.117921 0.000276
0.138987 0.016449
0.141745 0.031183
0.145170 0.044119
0.146910 0.058091
0.148260 0.072636
0.149046 0.087576
0.150520 0.102214
0.151013 0.118590
0.151182 0.135463
0.149805 0.155408
0.147956 0.175401
0.141909 0.210479
0.129011 0.257370
0.130009 0.001391
0.154946 0.008919
0.155750 0.025877
0.159656 0.038652
0.161275 0.052528
0.162805 0.066481
0.163733 0.081062
0.164817 0.096039
0.165119 0.112609
0.164932 0.127283
0.162000 0.144741
0.160727 0.165702
0.153761 0.190748
0.146195 0.225520
0.142990 0.262795
0.139693 0.000770
0.170019 0.017155
0.172418 0.032280
0.175714 0.045837
0.177474 0.060342
0.178273 0.075194
0.178826 0.090114
0.178906 0.105189
0.179097 0.123070
0.177029 0.137372
0.177225 0.155649
0.167351 0.176803
0.160845 0.212136
0.153216 0.246785
0.149197 0.000306
0.183865 0.007647
0.185190 0.026646
0.189491 0.039472
0.191799 0.053823
0.192969 0.068468
0.193124 0.083599
0.193668 0.098547
0.192512 0.114834
0.193926 0.133155
0.188865 0.145629
0.183214 0.166918
0.172383 0.194690
0.171574 0.222312
0.154222 0.259643
0.160658 0.000828
0.198370 0.018282
0.201830 0.033094
0.205949 0.047906
0.207191 0.062236
0.208188 0.077337
0.207903 0.092869
0.208057 0.108258
0.206085 0.126129
0.208033 0.143401
0.200506 0.156225
0.186123 0.180694
0.184104 0.213877
0.173785 0.265681
0.170227 0.000346
0.211815 0.007712
0.214580 0.026836
0.219143 0.039499
0.221306 0.054925
0.221735 0.069711
0.222861 0.086545
0.222919 0.102299
0.222225 0.119460
0.218684 0.134451
0.224192 0.151258
0.199127 0.172734
0.195431 0.195560
0.177068 0.244327
0.185672 0.258603
0.179955 0.000069
0.226682 0.019751
0.231756 0.033348
0.235019 0.048309
0.236223 0.062358
0.236044 0.079002
0.236806 0.095847
0.236272 0.111658
0.234720 0.129904
0.235519 0.144535
0.213159 0.166001
0.211941 0.180923
0.204268 0.211445
0.202473 0.225609
0.191525 0.000419
0.238703 0.007975
0.244118 0.025610
0.247930 0.038914
0.249591 0.054416
0.250351 0.069701
0.249509 0.087154
0.248987 0.104074
0.250827 0.124168
0.252473 0.143845
0.238335 0.159365
0.229457 0.183313
0.215660 0.201532
0.231407 0.232690
0.201964 0.253539
0.200842 0.000049
0.257587 0.019318
0.261290 0.033690
0.263688 0.048904
0.264268 0.062649
0.263106 0.078599
0.261875 0.095070
0.263524 0.111874
0.262481 0.135335
0.253162 0.158079
0.226161 0.175208
0.243172 0.187047
0.226971 0.215162
0.196076 0.250118
0.211282 0.000736
0.267299 0.000476
0.271952 0.022240
0.275855 0.037352
0.277639 0.054408
0.278031 0.070895
0.277242 0.086663
0.275788 0.101125
0.275666 0.126629
0.272325 0.141545
0.267755 0.172969
0.258418 0.179324
0.243482 0.172502
0.261453 0.247055
0.224126 0.248533
0.222065 0.000298
0.284432 0.018591
0.289217 0.035043
0.290630 0.048812
0.292698 0.061718
0.292119 0.077707
0.289929 0.094998
0.283658 0.110392
0.290128 0.128980
0.271758 0.156382
0.286751 0.175030
0.259070 0.196280
0.238562 0.212141
0.236745 0.246817
0.231018 0.000251
0.298687 0.000569
0.298716 0.020999
0.303354 0.036556
0.305000 0.053431
0.307562 0.072209
0.302546 0.087726
0.304282 0.103074
0.297886 0.117172
0.310487 0.138100
0.294001 0.140880
0.285799 0.156546
0.275699 0.184411
0.280923 0.219543
0.251707 0.252792
0.242679 0.000209
0.313073 0.019206
0.316249 0.034103
0.318071 0.048434
0.318462 0.063556
0.320313 0.080174
0.316637 0.094621
0.320943 0.107979
0.311735 0.127611
0.317904 0.162093
0.293646 0.165663
0.294408 0.198835
0.274720 0.208586
0.255419 0.215228
0.251894 0.001001
0.322392 0.000251
0.326205 0.021088
0.329770 0.036588
0.332391 0.052220
0.332812 0.066657
0.336838 0.082241
0.330395 0.095974
0.325855 0.124285
0.325976 0.137658
0.330972 0.150232
0.303501 0.153237
0.304342 0.200643
0.290088 0.230780
0.274016 0.254162
0.259944 0.001072
0.340278 0.018435
0.343011 0.033825
0.344825 0.046887
0.347942 0.060518
0.349221 0.077104
0.348147 0.094020
0.337397 0.109431
0.342433 0.128774
0.340914 0.139760
0.311930 0.171657
0.315090 0.179478
0.299547 0.233920
0.276815 0.250364
0.274964 0.001038
0.345952 0.000073
0.354444 0.019052
0.356588 0.036656
0.363100 0.051931
0.361388 0.066321
0.362277 0.083006
0.352116 0.108131
0.358213 0.122703
0.360637 0.132650
0.359166 0.148549
0.335495 0.166276
0.354523 0.181707
0.311178 0.214130
0.317024 0.239906
0.282824 0.000574
0.366904 0.018973
0.368570 0.034967
0.375702 0.045947
0.380028 0.061685
0.373624 0.075798
0.381193 0.089310
0.364828 0.096300
0.372185 0.111560
0.375855 0.125675
0.347295 0.158750
0.345320 0.220620
0.364841 0.249145
0.350931 0.247970
0.290627 0.000530
0.370056 0.000008
0.384294 0.035709
0.395234 0.034193
0.391308 0.049429
0.396055 0.065341
0.389533 0.077592
0.401443 0.091896
0.383651 0.105177
0.387619 0.125226
0.377455 0.142414
0.373204 0.159417
0.354915 0.169254
0.336072 0.180227
0.331473 0.229544
0.306486 0.000174
0.377406 0.018197
0.408936 0.031299
0.410364 0.044134
0.406467 0.056927
0.415829 0.070239
0.405364 0.079433
0.395899 0.104203
0.403894 0.118680
0.390134 0.145093
0.387929 0.163175
0.372007 0.198185
0.368897 0.244550
0.349378 0.238784
0.314486 0.000127
0.391304 0.017954
0.416316 0.028333
0.423802 0.047255
0.428492 0.060047
0.427208 0.076866
0.432437 0.098260
0.420681 0.088504
0.410327 0.104029
0.403938 0.142020
0.413914 0.158559
0.401784 0.167418
0.373368 0.174464
0.348821 0.200708
0.332059 0.195344
0.330187 0.000582
0.404295 0.016302
0.442448 0.025138
0.428186 0.032165
0.439686 0.051040
0.444144 0.064966
0.441449 0.082768
0.446542 0.101600
0.418794 0.126466
0.408536 0.129623
0.423011 0.142403
0.395256 0.180582
0.384632 0.221979
0.373097 0.210238
0.338059 0.000715
0.410554 0.001274
0.421855 0.014806
0.443243 0.013333
0.441713 0.037877
0.456076 0.054118
0.453888 0.070584
0.457953 0.091185
0.425590 0.108983
0.433056 0.129814
0.439170 0.142246
0.417557 0.168758
0.425267 0.183514
0.388283 0.191192
0.403881 0.225372
0.353994 0.000170
0.458088 0.026276
0.456825 0.042533
0.465854 0.057598
0.463224 0.077593
0.465972 0.103393
0.453423 0.111957
0.441850 0.117750
0.449755 0.153759
0.444001 0.173058
0.432352 0.157528
0.456042 0.181448
0.439378 0.225497
0.402045 0.219241
0.362002 0.000668
0.418385 0.000484
0.480510 0.000004
0.469637 0.017859
0.465752 0.033940
0.478972 0.079693
0.491726 0.083111
0.473275 0.091140
0.478692 0.143030
0.450005 0.133417
0.474015 0.178615
0.467166 0.167416
0.438719 0.185339
0.416595 0.194154
0.422529 0.214862
0.378119 0.000624
0.465472 0.001070
0.477952 0.030617
0.475861 0.046366
0.485461 0.102061
0.498951 0.092293
0.484289 0.114004
0.463895 0.132432
0.478239 0.155621
0.482408 0.190760
0.460942 0.199830
0.479888 0.222966
0.439215 0.204037
0.409332 0.202645
0.386179 0.000441
0.458311 0.000990
0.487848 0.000184
0.484233 0.019610
0.525284 0.062698
0.527335 0.133381
0.498573 0.113564
0.487871 0.134821
0.510710 0.426008
0.487471 0.234585
0.482577 0.278974
0.535342 0.362431
0.509039 0.347084
0.463487 0.259050
0.451634 0.233798
0.426392 0.000601
0.473013 0.000311
0.582330 0.030903
0.500958 0.050009
0.488495 0.044853
0.497012 0.135924
0.516186 0.143514
0.472147 0.119592
0.495603 0.157632
0.460732 0.148552
0.472501 0.206686
0.461390 0.238594
0.455207 0.214397
0.432731 0.231301
0.402497 0.000351
0.442433 0.000948
0.509492 0.000371
0.491220 0.034493
0.511246 0.422506
0.506931 0.080953
0.491675 0.346230
0.505818 0.148366
0.495208 0.183155
0.483981 0.168013
0.547704 0.360254
0.527059 0.304241
0.508962 0.297712
0.471436 0.279992
0.456121 0.261038
0.532990 0.000150
0.502292 0.000032
0.434405 0.000226
0.421842 0.398745
0.512490 0.054276
0.514140 0.099758
0.515745 0.179541
0.513895 0.449203
0.507040 0.335291
0.494916 0.283047
0.543902 0.384217
0.526209 0.293751
0.508707 0.261213
0.524298 0.242737
0.596295 0.001021
0.549103 0.000053
0.394312 0.000487
0.495179 0.000027
0.522968 0.015629
0.493692 0.068001
0.518890 0.085008
0.511324 0.124361
0.512283 0.166050
0.511735 0.200820
0.517440 0.189785
0.514207 0.221244
0.522939 0.214355
0.517381 0.256280
0.538306 0.241821
0.588583 0.000925
0.516883 0.000437
0.450771 0.000430
0.504393 0.031144
0.482221 0.064303
0.531079 0.364480
0.484589 0.254733
0.495960 0.202394
0.499690 0.243042
0.512087 0.449060
0.498434 0.219167
0.522616 0.335492
0.511808 0.287748
0.576946 0.216887
0.611718 0.000421
0.564963 0.000060
0.498213 0.020554
0.524930 0.000096
0.505904 0.066061
0.527598 0.041847
0.523898 0.072610
0.512409 0.111679
0.526625 0.116137
0.525550 0.155998
0.533928 0.165066
0.545240 0.203553
0.544083 0.227256
0.539923 0.255154
0.589215 0.201064
0.627005 0.000049
0.541205 0.000630
0.543418 0.019735
0.523796 0.025482
0.515379 0.037014
0.538722 0.076000
0.526928 0.097437
0.538767 0.106910
0.545644 0.125959
0.541939 0.143336
0.533354 0.191587
0.546849 0.185109
0.552994 0.221243
0.566056 0.225555
0.634609 0.000287
0.556707 0.000342
0.565811 0.012517
0.545562 0.027894
0.540157 0.037508
0.539427 0.088485
0.549585 0.096199
0.555214 0.117994
0.555350 0.133428
0.550181 0.156678
0.546804 0.171785
0.566699 0.185479
0.556492 0.198226
0.584125 0.177828
0.587840 0.216736
0.650080 0.000607
0.585156 0.019341
0.569710 0.034606
0.556707 0.027229
0.536688 0.055284
0.550156 0.059538
0.552052 0.074453
0.560692 0.089478
0.567858 0.120696
0.563438 0.146044
0.565389 0.167651
0.581445 0.158329
0.575092 0.192820
0.609770 0.211701
0.657978 0.000907
0.573227 0.001270
0.597002 0.021284
0.558598 0.046688
0.548629 0.040872
0.572860 0.053176
0.565196 0.064996
0.567511 0.077503
0.564669 0.103891
0.580093 0.126461
0.586060 0.139530
0.596993 0.170666
0.629046 0.187634
0.611900 0.188234
0.625351 0.235625
0.673501 0.000209
0.580945 0.000442
0.604023 0.000381
0.586283 0.046420
0.580565 0.064821
0.580634 0.080718
0.578767 0.095246
0.581125 0.111807
0.595999 0.117971
0.600365 0.135822
0.572201 0.149285
0.605746 0.179541
0.634770 0.216780
0.597284 0.219884
0.681329 0.000322
0.619413 0.000051
0.611243 0.018782
0.599543 0.035062
0.596312 0.052398
0.595072 0.066327
0.592665 0.080787
0.593498 0.098391
0.608444 0.103394
0.609985 0.120109
0.596945 0.155127
0.610590 0.154803
0.624698 0.156319
0.650054 0.170285
0.683100 0.228286
0.696916 0.000626
0.624194 0.018450
0.622238 0.034021
0.609437 0.035108
0.611389 0.048494
0.611179 0.063674
0.606867 0.075666
0.608449 0.089009
0.626570 0.123731
0.613222 0.132901
0.648673 0.161019
0.641233 0.199052
0.642249 0.249297
0.649396 0.229136
0.705025 0.000435
0.642256 0.000302
0.636241 0.018314
0.632026 0.038524
0.624333 0.050537
0.627501 0.063659
0.623653 0.079334
0.627773 0.091278
0.623339 0.107004
0.639643 0.130216
0.630495 0.148586
0.664281 0.161032
0.630003 0.168059
0.648381 0.190476
0.699527 0.234043
0.713233 0.000400
0.650995 0.017178
0.645064 0.033804
0.642702 0.047115
0.642639 0.061418
0.639695 0.076309
0.646433 0.086444
0.640750 0.101186
0.642789 0.117295
0.641830 0.146939
0.678992 0.175828
0.664741 0.182467
0.660086 0.208657
0.665256 0.239813
0.729888 0.000008
0.665611 0.000428
0.663743 0.019207
0.659378 0.035503
0.657121 0.048609
0.655442 0.066261
0.659663 0.082230
0.658499 0.100651
0.655325 0.116841
0.658185 0.132459
0.660924 0.146769
0.672786 0.151186
0.677753 0.199990
0.685343 0.208697
0.709911 0.208335
0.738514 0.000103
0.676574 0.018074
0.673862 0.034157
0.671126 0.046348
0.670312 0.060252
0.671581 0.074036
0.670644 0.090949
0.671977 0.107229
0.671047 0.124821
0.682833 0.136534
0.686087 0.164365
0.650085 0.251409
0.721297 0.193778
0.704907 0.245100
0.749072 0.000261
0.689134 0.000577
0.689646 0.021618
0.686999 0.037000
0.684437 0.052282
0.684462 0.068659
0.685862 0.083573
0.684112 0.098665
0.693549 0.110869
0.684803 0.120761
0.694225 0.148443
0.715596 0.172354
0.692485 0.175348
0.722817 0.229768
0.707787 0.247983
0.758899 0.000361
0.701876 0.018036
0.701237 0.033970
0.698691 0.046854
0.696845 0.062285
0.698694 0.078235
0.700363 0.091341
0.702076 0.121392
0.698548 0.135904
0.721315 0.141911
0.696343 0.206590
0.705321 0.182364
0.746926 0.203697
0.749615 0.247421
0.768105 0.000563
0.721366 0.001020
0.716672 0.021410
0.713284 0.037349
0.710915 0.053382
0.710802 0.070424
0.712170 0.086724
0.707686 0.104142
0.718249 0.122780
0.699237 0.168334
0.735336 0.132959
0.711823 0.152733
0.726000 0.177405
0.732073 0.218599
0.745102 0.246448
0.779528 0.000404
0.731228 0.015783
0.725905 0.034195
0.724839 0.048255
0.724533 0.063052
0.726051 0.078481
0.724920 0.092237
0.720758 0.107568
0.711558 0.137325
0.745969 0.150152
0.740170 0.177803
0.727640 0.201702
0.757630 0.194355
0.748412 0.219278
0.789130 0.000259
0.748770 0.009754
0.741434 0.026568
0.739668 0.040031
0.738056 0.055845
0.738527 0.072350
0.740707 0.088679
0.732827 0.102823
0.736563 0.119937
0.746847 0.132138
0.728879 0.152404
0.732981 0.170075
0.765845 0.184466
0.780963 0.235654
0.773694 0.250475
0.799040 0.000959
0.760769 0.019472
0.754058 0.035214
0.752506 0.049091
0.751470 0.064386
0.752093 0.081488
0.751960 0.096663
0.748971 0.110542
0.764611 0.134736
0.753326 0.168331
0.753647 0.174407
0.770704 0.205002
0.776652 0.214619
0.773461 0.246761
0.810024 0.000796
0.775612 0.007156
0.771879 0.026865
0.766756 0.040534
0.765927 0.055279
0.764718 0.072208
0.765919 0.087913
0.766290 0.102107
0.761565 0.116828
0.753732 0.142909
0.764662 0.156032
0.783606 0.166115
0.797044 0.184890
0.807457 0.239918
0.803909 0.254927
0.819474 0.000042
0.788037 0.017380
0.782636 0.034067
0.780196 0.048825
0.779096 0.063098
0.779514 0.079159
0.779769 0.094910
0.776455 0.112925
0.779783 0.131321
0.788494 0.150377
0.768737 0.168053
0.796851 0.170252
0.788694 0.205884
0.806810 0.207217
0.830123 0.000554
0.802809 0.008814
0.799468 0.026641
0.795267 0.039877
0.793785 0.054606
0.793677 0.069768
0.792465 0.086430
0.790289 0.103033
0.791786 0.118779
0.773266 0.141355
0.796719 0.162073
0.782245 0.182557
0.816822 0.194928
0.809716 0.256882
0.825651 0.255193
0.840630 0.000297
0.815911 0.017514
0.811566 0.033082
0.809344 0.048061
0.807821 0.061645
0.807180 0.077034
0.805726 0.092541
0.804126 0.106957
0.794969 0.133366
0.800477 0.139840
0.814754 0.163280
0.817127 0.176590
0.820412 0.218055
0.831593 0.238163
0.850163 0.000362
0.829992 0.010007
0.828457 0.026861
0.824540 0.039438
0.823553 0.053868
0.822603 0.067729
0.821186 0.083138
0.818292 0.099078
0.813453 0.117075
0.813299 0.130087
0.815763 0.145111
0.828953 0.164017
0.834140 0.188721
0.838617 0.214313
0.844930 0.257669
0.861052 0.000378
0.844317 0.017314
0.841774 0.031882
0.839118 0.046157
0.838022 0.059692
0.837076 0.074616
0.834806 0.089477
0.831234 0.104180
0.828835 0.120319
0.829255 0.133498
0.828022 0.150374
0.840279 0.176297
0.847881 0.209770
0.846426 0.248721
0.871492 0.001276
0.858940 0.010736
0.858275 0.026922
0.854468 0.039123
0.854872 0.052527
0.853898 0.065704
0.851473 0.079676
0.847914 0.094753
0.845617 0.109489
0.844666 0.125187
0.845447 0.140370
0.842791 0.158146
0.855886 0.184546
0.860280 0.223373
0.858971 0.258225
0.881041 0.000370
0.874462 0.017410
0.872617 0.032531
0.871889 0.045545
0.871320 0.057907
0.868497 0.071714
0.865754 0.085230
0.862971 0.099055
0.860354 0.114946
0.858986 0.130527
0.860366 0.147384
0.859264 0.166008
0.864889 0.199799
0.872468 0.250099
0.892145 0.000674
0.891192 0.010562
0.888639 0.025729
0.888621 0.039002
0.889583 0.051428
0.886443 0.065051
0.883621 0.077955
0.881266 0.092061
0.877335 0.106799
0.874584 0.122220
0.873299 0.137853
0.871435 0.161246
0.875957 0.183157
0.871557 0.222011
0.877285 0.265883
0.903074 0.000262
0.908004 0.016580
0.902494 0.031144
0.908480 0.043065
0.903876 0.057009
0.902651 0.072010
0.898314 0.085117
0.894928 0.100501
0.892006 0.115629
0.888490 0.130566
0.883824 0.149509
0.883992 0.175151
0.881298 0.209437
0.891122 0.237522
0.912667 0.000350
0.924771 0.012910
0.918268 0.029382
0.927838 0.039490
0.921064 0.052594
0.918601 0.067135
0.917000 0.081453
0.911731 0.095137
0.908460 0.110172
0.904634 0.124613
0.897249 0.144004
0.895616 0.164350
0.896778 0.187884
0.891534 0.221101
0.890674 0.263201
0.922804 0.000619
0.934972 0.025034
0.944736 0.035764
0.936814 0.051699
0.935067 0.065845
0.934899 0.080208
0.930315 0.093243
0.925603 0.105676
0.921819 0.123027
0.912078 0.139213
0.911774 0.156635
0.908597 0.178686
0.904059 0.206412
0.904357 0.266078
0.933342 0.000180
0.944881 0.010971
0.954195 0.023706
0.952597 0.049109
0.951706 0.064537
0.951536 0.078401
0.950089 0.093019
0.945783 0.104856
0.935350 0.117938
0.927738 0.137352
0.929767 0.153079
0.922067 0.170021
0.921175 0.189356
0.909649 0.235154
0.922268 0.246547
0.943975 0.000186
0.965277 0.011344
0.961667 0.036198
0.965723 0.055013
0.966890 0.079142
0.965777 0.096654
0.962693 0.111621
0.951930 0.120866
0.943557 0.135600
0.947791 0.151977
0.939821 0.165925
0.939405 0.183809
0.920308 0.213951
0.963285 0.269118
0.955021 0.000603
0.975742 0.000390
0.972582 0.026016
0.974316 0.042222
0.970777 0.066848
0.980652 0.088926
0.977340 0.117331
0.966555 0.132628
0.959923 0.142711
0.968879 0.157101
0.959458 0.182933
0.952468 0.196611
0.946815 0.219476
0.926016 0.228214
0.915042 0.268509
0.965210 0.000846
0.984505 0.015699
0.987224 0.034989
0.985477 0.055268
0.986008 0.073494
0.982991 0.103459
0.984121 0.130730
0.982119 0.148710
0.982268 0.173431
0.961431 0.167029
0.979239 0.229841
0.934366 0.204597
0.943188 0.240236
0.929770 0.266965
0.986407 0.000646
0.999838 0.023374
0.999311 0.043875
0.998993 0.075430
0.999271 0.108012
0.999677 0.141492
0.999303 0.175035
0.999733 0.210172
0.974757 0.186889
0.980616 0.204919
0.960646 0.211112
0.964280 0.228843
0.974448 0.250405
0.972329 0.269988
0.938366 0.281436
0.998916 0.001048
0.999700 0.033583
0.999805 0.064580
0.999856 0.096872
0.999369 0.129678
0.999611 0.163499
0.999599 0.198597
0.999372 0.234639
0.999862 0.258922
0.999122 0.283810
0.997191 0.308406
0.998417 0.326011
0.934583 0.291837
0.953499 0.250613
0.999584 0.000701
0.999414 0.012074
0.999801 0.054075
0.998929 0.086293
0.999995 0.118674
0.999459 0.152677
0.999105 0.186975
0.999156 0.221711
0.999931 0.246852
0.999896 0.271518
0.999905 0.296627
0.964093 0.292039
0.993865 0.323591
0.953056 0.292840
0.978083 0.305567
