0.000171 0.008240
0.000895 0.042312
0.000389 0.073525
0.000269 0.115756
0.001106 0.148004
0.000134 0.184225
0.000462 0.208945
0.000096 0.234928
0.000373 0.258648
0.000057 0.294599
0.035803 0.277557
0.002731 0.319997
0.009451 0.323298
0.039285 0.313245
0.002978 0.000621
0.000723 0.020351
0.001069 0.052643
0.000124 0.094523
0.000541 0.126627
0.000270 0.171605
0.000273 0.196719
0.000162 0.222487
0.000518 0.246364
0.000601 0.270786
0.000719 0.282366
0.001186 0.306310
0.041371 0.288772
0.026582 0.320925
0.060533 0.295862
0.000123 0.000143
0.000622 0.031474
0.000286 0.063147
0.000956 0.083756
0.001282 0.105091
0.000111 0.137642
0.000580 0.159238
0.020906 0.141193
0.018297 0.158767
0.019474 0.177381
0.019688 0.215265
0.032436 0.225434
0.028544 0.265304
0.051763 0.300468
0.017465 0.001358
0.016943 0.013430
0.011624 0.030678
0.016083 0.045634
0.014148 0.063510
0.015284 0.085856
0.016272 0.105394
0.016968 0.123861
0.037876 0.139495
0.032645 0.163306
0.023719 0.193621
0.038774 0.203327
0.025705 0.244601
0.044335 0.248360
0.069702 0.285721
0.027581 0.000398
0.030092 0.018454
0.027836 0.034098
0.028167 0.053682
0.025771 0.074715
0.029179 0.093335
0.030974 0.109068
0.032091 0.124858
0.045196 0.151546
0.048749 0.171635
0.038168 0.184545
0.053020 0.209469
0.049750 0.226147
0.051413 0.259779
0.045540 0.000202
0.036428 0.000932
0.044382 0.029514
0.039059 0.042922
0.036504 0.064345
0.040094 0.081438
0.045660 0.096873
0.047324 0.112030
0.051445 0.126772
0.057212 0.140367
0.061559 0.158819
0.058826 0.187697
0.070960 0.209858
0.071173 0.249448
0.090596 0.282736
0.054948 0.000670
0.045376 0.015501
0.054373 0.040258
0.049046 0.055252
0.052312 0.069075
0.056048 0.083485
0.060895 0.097186
0.064346 0.110143
0.068663 0.127213
0.074695 0.147413
0.071958 0.169263
0.074218 0.188697
0.066975 0.236107
0.072954 0.261718
0.066171 0.000633
0.063651 0.010212
0.061292 0.025947
0.067138 0.041521
0.066188 0.056537
0.069571 0.069508
0.073476 0.084566
0.077509 0.100455
0.081410 0.115981
0.082262 0.134074
0.086913 0.155286
0.089782 0.172924
0.083724 0.201624
0.088090 0.229512
0.092299 0.276777
0.076702 0.000604
0.075803 0.019434
0.080459 0.032980
0.083340 0.045934
0.082380 0.060444
0.086324 0.074060
0.090388 0.088560
0.093002 0.104566
0.095966 0.121607
0.097334 0.138667
0.102296 0.161594
0.098712 0.185757
0.095002 0.213075
0.095621 0.242464
0.086059 0.000574
0.092346 0.006055
0.091804 0.024235
0.097354 0.036889
0.098863 0.051359
0.100346 0.065518
0.102775 0.079966
0.106476 0.094580
0.109049 0.111270
0.110351 0.127713
0.110946 0.145541
0.113427 0.172813
0.110162 0.196286
0.111332 0.227784
0.107324 0.271428
0.098963 0.000201
0.107498 0.016909
0.110397 0.031284
0.114146 0.044350
0.115271 0.057354
0.117111 0.071511
0.119733 0.086198
0.121968 0.100595
0.123168 0.118805
0.124716 0.136059
0.124370 0.154655
0.123818 0.181823
0.122407 0.212195
0.113768 0.244609
0.108364 0.001038
0.123505 0.007887
0.124308 0.024105
0.128648 0.036993
0.130481 0.051243
0.131495 0.064562
0.133648 0.079104
0.135679 0.093671
0.136504 0.109879
0.137161 0.127581
0.137257 0.144655
0.135418 0.166971
0.132225 0.191341
0.129881 0.229645
0.118525 0.268701
0.117880 0.000458
0.138854 0.016271
0.141449 0.030840
0.144967 0.043847
0.146821 0.057711
0.148206 0.072101
0.148976 0.087164
0.150300 0.101694
0.150791 0.118054
0.151131 0.135079
0.149551 0.154802
0.148455 0.175357
0.142677 0.209793
0.128940 0.256394
0.130040 0.001002
0.154715 0.008476
0.155609 0.025554
0.159497 0.038316
0.161106 0.052288
0.162706 0.066003
0.163674 0.080632
0.164826 0.095455
0.165085 0.112032
0.164944 0.126977
0.162014 0.144015
0.160751 0.165178
0.154062 0.190005
0.146935 0.225154
0.143921 0.262417
0.139665 0.001016
0.169810 0.017115
0.172120 0.031872
0.175631 0.045577
0.177429 0.059970
0.178239 0.074688
0.178924 0.089848
0.179066 0.104616
0.179135 0.122512
0.176839 0.136958
0.177299 0.154864
0.167502 0.177159
0.161310 0.212000
0.153992 0.245036
0.149149 0.000967
0.183693 0.007062
0.185033 0.026408
0.189354 0.039261
0.191721 0.053612
0.193058 0.068008
0.193261 0.083204
0.193801 0.098167
0.192700 0.114220
0.194244 0.132864
0.189110 0.145254
0.183241 0.166640
0.172432 0.194364
0.172126 0.221979
0.155233 0.258740
0.160672 0.000113
0.198363 0.018410
0.201716 0.032713
0.205910 0.047691
0.207241 0.062038
0.208313 0.076926
0.208069 0.092554
0.208208 0.107752
0.206192 0.125743
0.208184 0.143246
0.200711 0.155050
0.185649 0.180867
0.184527 0.214280
0.174256 0.265734
0.170179 0.000853
0.211735 0.007515
0.214444 0.026631
0.219103 0.039260
0.221341 0.054839
0.221846 0.069343
0.222855 0.086157
0.223255 0.102000
0.222862 0.118914
0.219322 0.134508
0.224481 0.150557
0.198561 0.172970
0.195150 0.195554
0.177057 0.243301
0.186428 0.257726
0.179921 0.001409
0.226560 0.020039
0.231642 0.032960
0.235066 0.048305
0.236282 0.062210
0.236188 0.078467
0.237099 0.095757
0.236844 0.111431
0.234974 0.129389
0.235861 0.144228
0.213224 0.165123
0.211898 0.181255
0.204597 0.212254
0.203005 0.225257
0.191585 0.000973
0.238557 0.007998
0.244094 0.025266
0.247967 0.038730
0.249528 0.054303
0.250378 0.069317
0.249750 0.086969
0.249391 0.104063
0.251168 0.123391
0.253288 0.143956
0.238473 0.158818
0.229495 0.183839
0.215359 0.201887
0.232089 0.232642
0.203348 0.252379
0.200818 0.000662
0.257681 0.019191
0.261220 0.033219
0.263716 0.048995
0.264327 0.062604
0.263223 0.078250
0.261971 0.095045
0.263808 0.111632
0.262853 0.135301
0.253474 0.157376
0.226156 0.175214
0.243385 0.187277
0.227419 0.216318
0.195961 0.249734
0.211267 0.000033
0.267309 0.000196
0.271797 0.021871
0.275871 0.036973
0.277580 0.054271
0.278060 0.070567
0.277530 0.086477
0.276031 0.100959
0.276569 0.126226
0.272805 0.141877
0.268595 0.173372
0.258500 0.179449
0.243916 0.172242
0.262632 0.247678
0.224735 0.246394
0.222077 0.000542
0.284224 0.018403
0.289107 0.034732
0.290686 0.049090
0.292853 0.061580
0.292181 0.077389
0.290296 0.095626
0.284030 0.110317
0.290297 0.128944
0.272235 0.155275
0.287323 0.175319
0.259660 0.197378
0.238628 0.213260
0.237501 0.247733
0.230988 0.001097
0.298683 0.000108
0.298420 0.020821
0.303280 0.036390
0.304946 0.053266
0.307742 0.072048
0.302780 0.087862
0.304585 0.102721
0.298301 0.116689
0.311121 0.138458
0.294701 0.140629
0.286221 0.155468
0.276843 0.184512
0.282031 0.220734
0.252112 0.251737
0.242670 0.000594
0.313030 0.019071
0.316106 0.033956
0.317859 0.048745
0.318496 0.063597
0.320781 0.079924
0.316919 0.094579
0.321462 0.107917
0.311750 0.127548
0.318408 0.162401
0.294055 0.165583
0.295977 0.199119
0.275122 0.209752
0.255761 0.216177
0.251779 0.000659
0.322369 0.000699
0.326031 0.020888
0.329630 0.036343
0.332313 0.052217
0.333085 0.066699
0.337003 0.082248
0.330856 0.096357
0.326813 0.124112
0.326571 0.138098
0.331678 0.149740
0.304722 0.152229
0.306014 0.202072
0.291399 0.232109
0.274610 0.254844
0.259798 0.000770
0.339870 0.018083
0.342793 0.033771
0.344813 0.047167
0.347812 0.060834
0.349574 0.077200
0.348636 0.094359
0.337713 0.109416
0.343338 0.129034
0.341860 0.140023
0.312716 0.171545
0.316465 0.179992
0.300941 0.235838
0.277561 0.251152
0.274976 0.000598
0.345941 0.000907
0.354110 0.019070
0.356463 0.036638
0.362841 0.052127
0.361702 0.066308
0.362658 0.083341
0.352314 0.107735
0.358785 0.122837
0.361493 0.132927
0.359792 0.148545
0.336775 0.166877
0.356396 0.183251
0.311739 0.215722
0.318929 0.238909
0.282839 0.000772
0.366731 0.019079
0.368616 0.034783
0.375658 0.046190
0.380074 0.061920
0.373678 0.076123
0.381276 0.089744
0.365078 0.096581
0.372459 0.111299
0.377094 0.126093
0.347522 0.158582
0.346836 0.222869
0.367402 0.249866
0.353193 0.249680
0.290677 0.000162
0.370048 0.000814
0.383918 0.035848
0.394691 0.034101
0.391539 0.049799
0.395944 0.065421
0.389587 0.078176
0.401907 0.092272
0.384212 0.105213
0.387898 0.125896
0.378151 0.142478
0.374667 0.160207
0.356331 0.170313
0.337466 0.180601
0.333325 0.231112
0.306483 0.000930
0.377036 0.018498
0.408449 0.031637
0.410310 0.044677
0.406321 0.056983
0.416160 0.070386
0.405514 0.079764
0.396371 0.104769
0.403949 0.119310
0.390977 0.145801
0.389541 0.164555
0.374253 0.199202
0.370186 0.246165
0.351103 0.238046
0.314475 0.000647
0.390582 0.018229
0.416116 0.028409
0.423801 0.047649
0.428515 0.060475
0.427678 0.077490
0.432491 0.098890
0.420863 0.088768
0.411099 0.103974
0.404942 0.142847
0.415561 0.159279
0.402175 0.168594
0.375034 0.175964
0.350668 0.201804
0.333713 0.195599
0.330157 0.000223
0.403943 0.016251
0.442045 0.025637
0.428173 0.032615
0.439337 0.051416
0.443941 0.065475
0.441744 0.083717
0.447089 0.102227
0.419476 0.127062
0.408862 0.130010
0.423904 0.143556
0.395662 0.182405
0.386170 0.224164
0.375499 0.212132
0.338004 0.000163
0.410496 0.000989
0.421254 0.015195
0.442803 0.013683
0.441071 0.038421
0.456132 0.054418
0.454134 0.071067
0.458452 0.091939
0.425824 0.109619
0.433508 0.131017
0.439992 0.143493
0.418277 0.170401
0.426801 0.185395
0.389678 0.192909
0.406564 0.225888
0.353955 0.000910
0.457464 0.026452
0.456571 0.043375
0.465978 0.058717
0.462901 0.077885
0.466438 0.104722
0.454789 0.113288
0.442337 0.118505
0.449910 0.155297
0.444398 0.174924
0.433181 0.158116
0.457312 0.183313
0.440857 0.229065
0.402914 0.219981
0.361953 0.000289
0.418375 0.000071
0.480528 0.001254
0.469260 0.018280
0.465607 0.034159
0.478696 0.080434
0.492356 0.084121
0.473942 0.092244
0.479213 0.144631
0.449644 0.134281
0.474352 0.181519
0.468522 0.169198
0.439680 0.187890
0.417864 0.195854
0.423985 0.217522
0.378112 0.000257
0.465407 0.000737
0.477522 0.030772
0.474964 0.047249
0.485220 0.102743
0.499317 0.094416
0.484813 0.115650
0.464140 0.134067
0.478683 0.157407
0.482278 0.193623
0.461945 0.202321
0.480231 0.226337
0.439926 0.206060
0.410378 0.204576
0.386159 0.000627
0.458163 0.000094
0.487893 0.000768
0.484172 0.020115
0.525781 0.062404
0.527058 0.135169
0.498786 0.115335
0.488104 0.136011
0.510411 0.431991
0.487511 0.239716
0.482427 0.284426
0.537831 0.367929
0.509423 0.352846
0.463395 0.263487
0.452642 0.237575
0.426426 0.000266
0.472988 0.000370
0.581803 0.031022
0.500443 0.050515
0.488843 0.044993
0.496836 0.137814
0.516448 0.145305
0.471777 0.120808
0.495630 0.160228
0.461447 0.150162
0.472685 0.209754
0.460909 0.242456
0.456219 0.217726
0.434188 0.233025
0.402439 0.001071
0.442420 0.000587
0.509563 0.001010
0.491461 0.034264
0.511857 0.426568
0.506667 0.081712
0.490909 0.348931
0.506030 0.150059
0.495669 0.185735
0.484252 0.169558
0.547421 0.366571
0.528765 0.309733
0.510467 0.302757
0.471191 0.284623
0.456656 0.265202
0.533029 0.001259
0.502356 0.000587
0.434373 0.001193
0.420849 0.401650
0.512450 0.054978
0.514204 0.100668
0.515776 0.182593
0.514511 0.455046
0.507406 0.340403
0.494904 0.288568
0.545175 0.388574
0.526427 0.298622
0.507559 0.266514
0.522904 0.246482
0.596272 0.000695
0.549064 0.000473
0.394239 0.000030
0.495202 0.000539
0.522891 0.015875
0.493449 0.068328
0.518941 0.086266
0.511614 0.126200
0.511550 0.168336
0.511888 0.204684
0.516368 0.192890
0.513390 0.225038
0.521706 0.217328
0.516442 0.261509
0.537601 0.246076
0.588570 0.000749
0.516965 0.000109
0.450739 0.000098
0.504139 0.031214
0.481395 0.064547
0.534007 0.368751
0.483767 0.259262
0.495980 0.205498
0.499580 0.247515
0.513124 0.456077
0.498078 0.222916
0.523024 0.341288
0.511736 0.293668
0.576834 0.219651
0.611671 0.000680
0.564960 0.000341
0.497980 0.020575
0.524971 0.000874
0.505321 0.066305
0.527422 0.041749
0.523541 0.073485
0.511565 0.113414
0.525879 0.116733
0.524906 0.158369
0.533502 0.166899
0.544546 0.205975
0.543264 0.231380
0.539061 0.259519
0.587666 0.202727
0.627003 0.001302
0.541131 0.000329
0.543823 0.020440
0.523659 0.026042
0.515411 0.037362
0.538663 0.076706
0.526266 0.099173
0.538348 0.108038
0.545381 0.127311
0.541575 0.145132
0.532575 0.194890
0.545696 0.187145
0.551358 0.224497
0.564491 0.228339
0.634638 0.000221
0.556668 0.000540
0.566252 0.013205
0.545574 0.028215
0.539997 0.037433
0.539143 0.089864
0.549508 0.096922
0.554765 0.118989
0.554798 0.134804
0.549731 0.158726
0.545449 0.174029
0.565052 0.187575
0.555157 0.201070
0.583522 0.178893
0.586447 0.218215
0.650112 0.000733
0.585298 0.019113
0.569419 0.034925
0.557046 0.027107
0.536183 0.055540
0.549750 0.059481
0.552045 0.074834
0.560323 0.090354
0.567499 0.121907
0.562417 0.147677
0.564503 0.169164
0.580683 0.159249
0.573431 0.195891
0.608138 0.214146
0.658041 0.000137
0.573262 0.000996
0.597476 0.021128
0.558484 0.047247
0.548305 0.041016
0.572629 0.053339
0.564827 0.064917
0.567391 0.078348
0.564145 0.104606
0.579742 0.127465
0.585145 0.140398
0.596474 0.172325
0.627699 0.189022
0.610224 0.189359
0.624606 0.235793
0.673549 0.000569
0.580941 0.000014
0.603970 0.000355
0.586343 0.046754
0.580465 0.064959
0.580746 0.081547
0.578729 0.095991
0.580534 0.112536
0.595452 0.118957
0.599829 0.136449
0.570780 0.150390
0.605480 0.181922
0.632233 0.219587
0.595198 0.221139
0.681401 0.000732
0.619391 0.000607
0.612253 0.018723
0.599994 0.035496
0.596639 0.053017
0.595249 0.067056
0.592401 0.081895
0.592838 0.098805
0.607932 0.103852
0.609477 0.120641
0.595700 0.156376
0.609407 0.155878
0.623081 0.157080
0.648379 0.171043
0.682198 0.231350
0.697056 0.000717
0.624848 0.018389
0.622597 0.034207
0.610236 0.034669
0.611859 0.049044
0.611350 0.063656
0.606665 0.075783
0.608035 0.089458
0.626061 0.124609
0.612307 0.133673
0.647067 0.162219
0.638478 0.201276
0.640892 0.251159
0.647498 0.230993
0.705113 0.000932
0.642284 0.000725
0.636378 0.018242
0.632891 0.038352
0.624611 0.050692
0.627418 0.063752
0.623337 0.079580
0.627258 0.091768
0.622795 0.107231
0.639105 0.130758
0.629760 0.149349
0.663280 0.161319
0.628477 0.169022
0.646486 0.190816
0.698960 0.236056
0.713281 0.001045
0.651337 0.017129
0.645297 0.033857
0.642913 0.047216
0.642513 0.061322
0.639379 0.076744
0.646094 0.086390
0.640073 0.101302
0.642351 0.117877
0.640910 0.147784
0.678239 0.177114
0.663380 0.182725
0.657172 0.211033
0.662379 0.241318
0.729907 0.001078
0.665653 0.000317
0.663953 0.018902
0.659489 0.035300
0.657212 0.048426
0.655681 0.066329
0.659622 0.082367
0.658312 0.100784
0.655067 0.117574
0.657142 0.133120
0.660487 0.146418
0.672379 0.151162
0.676456 0.200826
0.683811 0.210202
0.709531 0.209710
0.738530 0.000581
0.677094 0.017671
0.674170 0.033954
0.671392 0.046353
0.670443 0.060103
0.671931 0.073969
0.670557 0.091208
0.671828 0.107782
0.670821 0.124907
0.681997 0.136246
0.684775 0.164386
0.647131 0.251406
0.721358 0.194428
0.703617 0.245748
0.749059 0.001290
0.689239 0.000177
0.689929 0.021185
0.687434 0.036909
0.684898 0.052185
0.684703 0.068525
0.685917 0.083403
0.683904 0.098528
0.694056 0.110156
0.684162 0.120801
0.694511 0.148218
0.715200 0.172314
0.691656 0.176189
0.722172 0.231494
0.705874 0.248980
0.758930 0.000757
0.702106 0.017620
0.701620 0.033870
0.699158 0.047078
0.697244 0.061946
0.698948 0.078149
0.700382 0.091099
0.701927 0.121340
0.697750 0.136636
0.721759 0.141801
0.696081 0.208063
0.702989 0.183241
0.747866 0.205124
0.749564 0.249149
0.768010 0.000128
0.721401 0.000743
0.717125 0.021212
0.713638 0.037216
0.711289 0.053148
0.711207 0.070068
0.712125 0.086797
0.707754 0.104078
0.718434 0.122349
0.698584 0.168992
0.735426 0.133442
0.711028 0.151905
0.726453 0.177382
0.730900 0.219829
0.744280 0.245543
0.779600 0.000692
0.731657 0.015562
0.726226 0.033825
0.725037 0.048548
0.724673 0.062951
0.726274 0.078093
0.724899 0.092148
0.720507 0.107396
0.711106 0.137668
0.745765 0.149852
0.740586 0.177952
0.725707 0.203190
0.757158 0.194482
0.747739 0.220191
0.789158 0.001067
0.748953 0.009840
0.741738 0.026262
0.739869 0.040056
0.738339 0.055645
0.738650 0.072170
0.740602 0.088676
0.732992 0.102284
0.736344 0.119390
0.746209 0.132360
0.728267 0.151998
0.733536 0.169518
0.765949 0.184794
0.781493 0.235848
0.773039 0.249789
0.798999 0.000511
0.761186 0.019476
0.754374 0.034758
0.752741 0.049309
0.751716 0.064188
0.751996 0.081251
0.751663 0.096751
0.749193 0.109947
0.764848 0.134601
0.753231 0.167353
0.753985 0.174874
0.770309 0.206188
0.776177 0.216528
0.772220 0.247247
0.810130 0.000328
0.775920 0.006623
0.772454 0.026499
0.766899 0.040481
0.766064 0.055193
0.764923 0.071648
0.765948 0.087730
0.766161 0.101714
0.761589 0.116534
0.753355 0.142915
0.764227 0.155019
0.784103 0.166305
0.797209 0.184830
0.807979 0.239584
0.803191 0.254128
0.819503 0.000506
0.788364 0.017403
0.783119 0.033463
0.780391 0.048878
0.779242 0.062927
0.779641 0.078692
0.779718 0.094921
0.776187 0.112425
0.779828 0.130976
0.788064 0.149403
0.768536 0.168007
0.796240 0.170337
0.788341 0.206657
0.807200 0.207987
0.830182 0.000018
0.803216 0.008326
0.799826 0.026340
0.795529 0.039604
0.793989 0.054536
0.793860 0.069332
0.792575 0.086230
0.790291 0.102706
0.791657 0.117978
0.772934 0.141637
0.796728 0.161470
0.782332 0.182824
0.817331 0.194946
0.809014 0.257442
0.825412 0.254214
0.840675 0.001219
0.816198 0.017413
0.811946 0.032491
0.809547 0.047932
0.808005 0.061502
0.807251 0.076642
0.805767 0.092323
0.804055 0.106663
0.794648 0.133158
0.800901 0.139715
0.815111 0.162861
0.817665 0.176702
0.820261 0.218903
0.831055 0.237314
0.850192 0.001021
0.830333 0.009555
0.828759 0.026542
0.824721 0.039152
0.823745 0.053780
0.822695 0.067336
0.821343 0.082685
0.818092 0.098893
0.813277 0.116493
0.812741 0.130028
0.815348 0.144360
0.829010 0.163925
0.834434 0.188982
0.838101 0.214224
0.844104 0.257639
0.861105 0.000340
0.844520 0.017088
0.842151 0.031398
0.839302 0.045915
0.838097 0.059465
0.837152 0.074180
0.834782 0.089197
0.831269 0.103644
0.828778 0.119689
0.829094 0.132933
0.827677 0.149610
0.840429 0.175943
0.847677 0.209830
0.845731 0.247555
0.871541 0.000943
0.858967 0.010457
0.858419 0.026714
0.854569 0.038857
0.855028 0.052182
0.853942 0.065368
0.851511 0.079361
0.848111 0.094283
0.845461 0.108870
0.844664 0.124621
0.845657 0.139560
0.842812 0.157722
0.855847 0.184274
0.859466 0.222685
0.858588 0.257842
0.881056 0.000995
0.874317 0.017178
0.872591 0.032165
0.871957 0.045278
0.871409 0.057643
0.868558 0.071398
0.865847 0.084901
0.862950 0.098422
0.860429 0.114107
0.858707 0.130212
0.860553 0.146649
0.859190 0.165616
0.864464 0.199311
0.872111 0.249199
0.892173 0.000429
0.891162 0.010423
0.888605 0.025415
0.888602 0.038861
0.889655 0.051339
0.886462 0.064681
0.883592 0.077627
0.881232 0.091480
0.877220 0.106206
0.874570 0.121470
0.873186 0.137239
0.871033 0.160850
0.875649 0.182917
0.871095 0.221700
0.876058 0.265812
0.903076 0.001123
0.908071 0.016431
0.902420 0.030878
0.908324 0.042845
0.903789 0.056776
0.902710 0.071592
0.898317 0.084802
0.894885 0.099875
0.892021 0.114988
0.888542 0.130133
0.883451 0.148856
0.883593 0.174874
0.880770 0.208517
0.890638 0.236648
0.912672 0.000837
0.924661 0.013042
0.918038 0.029282
0.927810 0.039393
0.921073 0.052572
0.918613 0.066927
0.916948 0.081153
0.911745 0.094749
0.908647 0.109628
0.904556 0.124009
0.897107 0.143396
0.895571 0.163755
0.896387 0.187638
0.891039 0.220595
0.889864 0.262783
0.922767 0.000600
0.934895 0.025167
0.944636 0.035768
0.936606 0.051638
0.934992 0.065870
0.934994 0.080158
0.930310 0.093055
0.925648 0.105355
0.921583 0.122691
0.912026 0.138640
0.911636 0.156129
0.908197 0.178449
0.903627 0.205368
0.903430 0.265859
0.933319 0.001185
0.944698 0.011040
0.954145 0.023712
0.952603 0.049223
0.951774 0.064536
0.951515 0.078251
0.950260 0.092913
0.945631 0.104793
0.935346 0.117616
0.927684 0.136743
0.929741 0.152795
0.921823 0.169546
0.920848 0.188792
0.908922 0.234735
0.921873 0.245236
0.943951 0.000995
0.965170 0.011380
0.961576 0.036223
0.965812 0.054858
0.966863 0.079348
0.965732 0.096888
0.962891 0.111540
0.952016 0.120585
0.943522 0.135280
0.947851 0.151904
0.939757 0.165816
0.939394 0.183542
0.919702 0.213122
0.962642 0.268575
0.954994 0.000956
0.975761 0.000521
0.972368 0.025986
0.974406 0.042184
0.970649 0.067188
0.980598 0.088969
0.977315 0.117577
0.966690 0.132458
0.959991 0.142686
0.969077 0.157040
0.959480 0.182686
0.951851 0.196727
0.946101 0.219284
0.925624 0.227276
0.913542 0.268359
0.965226 0.000223
0.984360 0.015750
0.987300 0.035074
0.985393 0.055343
0.985986 0.073486
0.982951 0.103715
0.984084 0.130782
0.982520 0.149041
0.982209 0.173497
0.961496 0.166734
0.978868 0.230082
0.933683 0.203947
0.942781 0.240048
0.929229 0.266014
0.986426 0.000269
0.999498 0.023369
0.999669 0.043903
0.999336 0.075500
0.999531 0.108043
0.999019 0.141544
0.999795 0.175127
0.999439 0.210288
0.974401 0.187167
0.980801 0.205372
0.960574 0.210824
0.963745 0.228934
0.974187 0.250172
0.972174 0.270005
0.937279 0.280576
0.999186 0.000904
0.998965 0.033580
0.999683 0.064603
0.999134 0.096904
0.998967 0.129749
0.998989 0.163585
0.999240 0.198661
0.999649 0.234742
0.999063 0.259034
0.999162 0.283742
0.996897 0.308432
0.998264 0.325573
0.933014 0.290850
0.953108 0.250069
0.999392 0.000052
0.999336 0.012070
0.999560 0.054092
0.999176 0.086366
0.998657 0.118682
0.999769 0.152733
0.999487 0.187068
0.999410 0.221896
0.999079 0.246910
0.999973 0.271584
0.999943 0.296477
0.963054 0.291608
0.993304 0.322497
0.952085 0.291456
0.977669 0.303725
