0.000666 0.008343
0.000221 0.042340
0.000732 0.073562
0.000576 0.115885
0.000439 0.148304
0.000736 0.184433
0.000083 0.209128
0.000915 0.234839
0.000195 0.258637
0.000292 0.294167
0.036851 0.275098
0.003290 0.320602
0.012047 0.321270
0.039973 0.309431
0.002731 0.000871
0.000761 0.020361
0.000234 0.052647
0.000496 0.094556
0.000387 0.126862
0.000657 0.171920
0.000041 0.196896
0.000948 0.222480
0.000539 0.246338
0.000427 0.270901
0.000702 0.282227
0.001404 0.306007
0.041223 0.286657
0.028770 0.318042
0.063995 0.293742
0.000425 0.000106
0.001221 0.031491
0.000849 0.063179
0.000682 0.083811
0.000393 0.105166
0.000305 0.137769
0.000139 0.159594
0.020629 0.141048
0.018539 0.157979
0.020499 0.176461
0.020726 0.215602
0.032881 0.225524
0.029099 0.265054
0.052729 0.298255
0.017224 0.000814
0.016884 0.013624
0.011657 0.030718
0.016220 0.045832
0.013841 0.063850
0.014957 0.085928
0.016025 0.105684
0.017077 0.124034
0.037692 0.139666
0.033646 0.163308
0.023287 0.193301
0.039247 0.202429
0.025861 0.244206
0.044339 0.246195
0.072705 0.282437
0.027506 0.000059
0.030570 0.018899
0.027781 0.034001
0.028345 0.053901
0.026089 0.074802
0.028879 0.093426
0.031092 0.109024
0.032274 0.124780
0.045234 0.150902
0.049559 0.171058
0.038323 0.184054
0.054254 0.208285
0.050917 0.224736
0.052104 0.258101
0.045558 0.000100
0.036421 0.001020
0.044494 0.029848
0.038869 0.043057
0.036250 0.064536
0.039692 0.081319
0.045182 0.096717
0.046993 0.111484
0.051096 0.125791
0.057546 0.140164
0.061903 0.157362
0.058883 0.186992
0.071966 0.208618
0.072793 0.248127
0.093824 0.281643
0.055004 0.000493
0.045619 0.015560
0.054742 0.039984
0.049158 0.055430
0.052345 0.068950
0.055953 0.083003
0.060713 0.097181
0.064330 0.110060
0.068717 0.126307
0.074487 0.146970
0.072541 0.168556
0.075131 0.187427
0.067276 0.234813
0.074166 0.259860
0.066246 0.000831
0.063278 0.010471
0.061353 0.025896
0.067175 0.041260
0.066112 0.056449
0.069377 0.069209
0.073534 0.083798
0.077583 0.099877
0.081123 0.115366
0.082529 0.133029
0.087050 0.154463
0.090402 0.171514
0.085259 0.200193
0.089213 0.228244
0.093729 0.275694
0.076585 0.000610
0.075748 0.019250
0.080786 0.033065
0.083091 0.045611
0.082404 0.059966
0.085941 0.073656
0.090199 0.087802
0.093012 0.103664
0.095637 0.121084
0.097485 0.138125
0.102851 0.160079
0.099848 0.185401
0.096385 0.210819
0.096515 0.240597
0.085822 0.001011
0.092161 0.004394
0.091611 0.023709
0.097268 0.036450
0.098633 0.050896
0.100309 0.064725
0.102480 0.079349
0.106188 0.093773
0.108855 0.110110
0.110364 0.127311
0.111188 0.144565
0.113971 0.171941
0.111364 0.195531
0.112802 0.226698
0.109237 0.270538
0.099053 0.000704
0.107093 0.016494
0.110154 0.030489
0.114095 0.043989
0.114788 0.056954
0.116842 0.070593
0.119414 0.085500
0.121882 0.099812
0.122921 0.117595
0.124098 0.135738
0.124549 0.153687
0.124992 0.181601
0.123437 0.210423
0.114738 0.241520
0.108315 0.000692
0.123020 0.006705
0.123582 0.023805
0.128144 0.036195
0.130301 0.050626
0.131242 0.063805
0.133411 0.078267
0.135290 0.092899
0.136373 0.108697
0.137185 0.126570
0.137139 0.144270
0.135465 0.166083
0.133406 0.190380
0.131376 0.228824
0.120094 0.267936
0.117793 0.000678
0.138610 0.016098
0.140878 0.030105
0.144539 0.043266
0.146578 0.057031
0.148065 0.071045
0.148906 0.086295
0.149903 0.100792
0.150240 0.116986
0.150871 0.134493
0.148889 0.153933
0.149139 0.175734
0.144105 0.208502
0.128867 0.254484
0.130145 0.000540
0.154246 0.007521
0.155256 0.024887
0.159129 0.037632
0.160801 0.051811
0.162551 0.065128
0.163572 0.079768
0.164824 0.094385
0.165030 0.110768
0.164862 0.126393
0.162032 0.143067
0.160732 0.164250
0.154497 0.189213
0.148409 0.224570
0.145746 0.261680
0.139609 0.000604
0.169402 0.017201
0.171554 0.031039
0.175490 0.045069
0.177369 0.059289
0.178215 0.073680
0.179169 0.089287
0.179466 0.103619
0.179422 0.121197
0.176389 0.136331
0.177109 0.153561
0.167768 0.178428
0.162209 0.211825
0.155518 0.241558
0.149036 0.001197
0.183599 0.005799
0.184770 0.025851
0.189134 0.038856
0.191582 0.053196
0.193227 0.067172
0.193603 0.082408
0.194175 0.097568
0.193247 0.113025
0.194902 0.131999
0.189555 0.144794
0.183222 0.166395
0.172539 0.194343
0.173227 0.221525
0.157303 0.257105
0.160735 0.001056
0.198368 0.018752
0.201536 0.032006
0.205845 0.047152
0.207331 0.061684
0.208593 0.076233
0.208494 0.091991
0.208561 0.106952
0.206529 0.124598
0.208622 0.143042
0.201110 0.153178
0.184665 0.182013
0.185359 0.215195
0.175104 0.265713
0.170102 0.001103
0.211644 0.007210
0.214071 0.026169
0.218999 0.038876
0.221377 0.054610
0.222127 0.068798
0.222830 0.085412
0.223767 0.101517
0.224043 0.117755
0.220701 0.134459
0.224829 0.149450
0.197470 0.173886
0.194535 0.196038
0.176894 0.241175
0.187711 0.256386
0.179666 0.000788
0.226367 0.020574
0.231550 0.032275
0.235128 0.048090
0.236352 0.062108
0.236452 0.077457
0.237581 0.095510
0.238068 0.111325
0.235813 0.128203
0.236777 0.143361
0.213366 0.163498
0.211533 0.182736
0.205139 0.214027
0.204004 0.224835
0.191715 0.000580
0.238253 0.008130
0.244066 0.024566
0.248055 0.038327
0.249435 0.053989
0.250376 0.068748
0.250172 0.086502
0.250324 0.104407
0.251900 0.121868
0.254704 0.143939
0.238649 0.157876
0.229547 0.186169
0.214875 0.202840
0.233555 0.232623
0.206503 0.250237
0.200748 0.000694
0.257752 0.018973
0.261075 0.032382
0.263746 0.048892
0.264481 0.062650
0.263500 0.077627
0.262187 0.095070
0.264298 0.111610
0.263360 0.134673
0.254385 0.156286
0.225939 0.175230
0.244011 0.188932
0.228263 0.218671
0.195834 0.248826
0.211247 0.000878
0.267266 0.000223
0.271479 0.021263
0.275847 0.036223
0.277448 0.054000
0.278178 0.069997
0.278071 0.085930
0.276287 0.100789
0.278031 0.125162
0.273921 0.142434
0.270502 0.174370
0.258758 0.180446
0.244970 0.172036
0.264743 0.248689
0.225849 0.242396
0.222100 0.000677
0.283937 0.018211
0.288885 0.033955
0.290749 0.049422
0.293172 0.061649
0.292292 0.076711
0.291096 0.096843
0.284761 0.110552
0.290625 0.128695
0.273017 0.153601
0.288747 0.176890
0.260973 0.200328
0.239233 0.215483
0.238986 0.249716
0.230863 0.001118
0.298683 0.000088
0.297860 0.020544
0.303017 0.035955
0.304837 0.053036
0.307944 0.071781
0.303292 0.087968
0.305274 0.102436
0.299376 0.115758
0.312354 0.139360
0.295991 0.140225
0.287054 0.153534
0.279427 0.185835
0.284147 0.222987
0.252713 0.249774
0.242633 0.000759
0.312735 0.018836
0.315727 0.033577
0.317432 0.049321
0.318570 0.063795
0.321741 0.079414
0.317445 0.094486
0.322327 0.108263
0.311696 0.126796
0.319609 0.163140
0.295208 0.166092
0.299074 0.199934
0.275886 0.212171
0.256581 0.218141
0.251545 0.000168
0.322319 0.000345
0.325736 0.020544
0.329360 0.035793
0.332114 0.052309
0.333662 0.066990
0.337252 0.082263
0.331950 0.097123
0.328717 0.123318
0.327586 0.138949
0.333022 0.149392
0.307237 0.150664
0.309615 0.205141
0.294157 0.234712
0.275789 0.256804
0.259496 0.000230
0.339002 0.017584
0.342381 0.033474
0.344976 0.047747
0.347633 0.061586
0.350220 0.077329
0.349555 0.095092
0.338447 0.109678
0.345269 0.129005
0.344185 0.140847
0.313894 0.172153
0.319255 0.182463
0.304193 0.239687
0.279594 0.252597
0.274987 0.000759
0.345913 0.000575
0.353189 0.019355
0.356078 0.036665
0.362313 0.052656
0.362454 0.066242
0.363394 0.084074
0.352817 0.107254
0.359839 0.122708
0.363384 0.133952
0.361391 0.148956
0.339222 0.168632
0.360207 0.187278
0.313117 0.218966
0.322776 0.236757
0.282879 0.000995
0.366077 0.019495
0.368635 0.034492
0.375551 0.047099
0.380139 0.062449
0.373975 0.076619
0.381491 0.090747
0.365681 0.097435
0.372808 0.110808
0.379347 0.127044
0.348426 0.158485
0.349733 0.227023
0.372593 0.251778
0.357436 0.253245
0.290760 0.000557
0.370004 0.001157
0.383029 0.036175
0.393724 0.034100
0.391994 0.050819
0.395697 0.065684
0.389737 0.079319
0.402823 0.092956
0.385210 0.105330
0.388845 0.127359
0.379422 0.143087
0.377405 0.161962
0.359523 0.172810
0.340198 0.182484
0.336771 0.234121
0.306461 0.001045
0.376518 0.019294
0.407060 0.032590
0.410112 0.046097
0.406118 0.057423
0.416741 0.070600
0.405844 0.080322
0.397313 0.106047
0.403919 0.120380
0.392692 0.147590
0.392559 0.167387
0.378327 0.201620
0.373311 0.249086
0.354309 0.236384
0.314424 0.000484
0.389092 0.018972
0.416208 0.028530
0.423712 0.048608
0.428322 0.061711
0.428826 0.078805
0.432691 0.100050
0.421267 0.089497
0.412928 0.103983
0.406749 0.145040
0.418601 0.160788
0.403042 0.171172
0.378209 0.179507
0.354258 0.204329
0.336983 0.196820
0.330108 0.000243
0.403231 0.016313
0.441219 0.026630
0.428346 0.033468
0.438507 0.052285
0.443107 0.066879
0.442256 0.085788
0.447883 0.103334
0.421052 0.127949
0.409209 0.131068
0.425330 0.146271
0.396548 0.186421
0.388980 0.228560
0.380025 0.216114
0.337983 0.000449
0.410397 0.000488
0.420456 0.016164
0.442002 0.014698
0.439816 0.039386
0.456059 0.055301
0.454501 0.072373
0.459096 0.093416
0.426306 0.111029
0.434375 0.133072
0.441729 0.146423
0.419817 0.174229
0.429700 0.189169
0.392202 0.196911
0.411788 0.227926
0.353868 0.000978
0.455776 0.026487
0.455866 0.044759
0.466822 0.061408
0.462491 0.078640
0.467447 0.107663
0.457593 0.116262
0.443182 0.119882
0.450245 0.159085
0.445203 0.178547
0.434868 0.160044
0.459578 0.187354
0.443705 0.236217
0.404013 0.221718
0.361885 0.000303
0.418387 0.000062
0.480528 0.000443
0.468230 0.018903
0.465248 0.034717
0.478099 0.081637
0.493281 0.086084
0.475265 0.094559
0.479890 0.147618
0.449388 0.135843
0.474884 0.187830
0.470461 0.172892
0.441768 0.193335
0.420276 0.199274
0.426834 0.223049
0.378097 0.000039
0.465296 0.000355
0.476756 0.031297
0.473465 0.049357
0.484720 0.104251
0.499835 0.098993
0.485702 0.119297
0.464828 0.137202
0.479361 0.160980
0.482028 0.199818
0.463659 0.207339
0.480768 0.233248
0.441405 0.210194
0.412055 0.208541
0.386128 0.000720
0.458016 0.001355
0.487972 0.000701
0.484234 0.020882
0.526696 0.061746
0.526811 0.138696
0.498848 0.119089
0.488118 0.137880
0.510014 0.443499
0.487403 0.250124
0.481925 0.295271
0.543192 0.378974
0.509862 0.363745
0.463230 0.272604
0.454532 0.245504
0.426471 0.000262
0.472939 0.001191
0.580713 0.031480
0.499483 0.051584
0.489493 0.045874
0.496952 0.141450
0.517400 0.148783
0.471052 0.123493
0.496008 0.165762
0.462872 0.153569
0.473246 0.216236
0.460418 0.250666
0.458291 0.224387
0.436256 0.237241
0.402304 0.000874
0.442409 0.000193
0.509749 0.000852
0.492213 0.033893
0.512938 0.435322
0.506148 0.083002
0.490485 0.354147
0.506491 0.153716
0.496707 0.190937
0.485188 0.173251
0.547345 0.379305
0.531969 0.320469
0.513468 0.313208
0.470800 0.293749
0.457548 0.273742
0.533187 0.000053
0.502557 0.000669
0.434296 0.000886
0.418863 0.407342
0.512623 0.056185
0.514091 0.102591
0.515808 0.188288
0.515595 0.466563
0.508016 0.350878
0.494683 0.299498
0.547592 0.396500
0.527098 0.308521
0.505203 0.277261
0.520246 0.254101
0.596217 0.000145
0.548948 0.000744
0.394154 0.000962
0.495286 0.001313
0.522508 0.016414
0.492704 0.068825
0.519282 0.088600
0.512316 0.130392
0.510077 0.173194
0.512106 0.212734
0.514258 0.199206
0.511857 0.233251
0.519815 0.223665
0.514898 0.272113
0.536509 0.255005
0.588547 0.001069
0.517121 0.000559
0.450698 0.000410
0.504173 0.031309
0.479697 0.064951
0.539078 0.377466
0.482096 0.268512
0.495665 0.211924
0.499363 0.256646
0.515286 0.469636
0.497151 0.230731
0.523280 0.352819
0.511709 0.305226
0.576089 0.225868
0.611561 0.000878
0.564885 0.000520
0.498137 0.020373
0.525139 0.000493
0.504328 0.066739
0.526652 0.041818
0.522909 0.075161
0.509915 0.117114
0.524919 0.118572
0.523685 0.163076
0.532554 0.170804
0.542882 0.211560
0.541545 0.240021
0.537312 0.268150
0.585131 0.205795
0.626976 0.000012
0.541064 0.000472
0.544295 0.020735
0.523137 0.027187
0.515261 0.038120
0.538502 0.077896
0.525422 0.102732
0.537832 0.110785
0.544090 0.130004
0.540471 0.148767
0.530945 0.201717
0.543441 0.191313
0.548283 0.231255
0.561466 0.234504
0.634672 0.000264
0.556603 0.000119
0.567262 0.015205
0.545597 0.028614
0.538855 0.037485
0.538550 0.092575
0.549375 0.098766
0.553623 0.120662
0.553677 0.137733
0.548747 0.162979
0.542877 0.178549
0.561996 0.191549
0.552849 0.207177
0.582248 0.181428
0.584031 0.221688
0.650164 0.000343
0.585212 0.018927
0.569244 0.035527
0.558701 0.026636
0.535125 0.056326
0.548891 0.059727
0.551919 0.075596
0.559700 0.092181
0.566872 0.124368
0.560014 0.150975
0.562926 0.172558
0.579294 0.161627
0.570478 0.202119
0.605451 0.219148
0.658058 0.000734
0.573289 0.001268
0.598208 0.020981
0.558861 0.048516
0.548137 0.041867
0.572330 0.053296
0.564031 0.064696
0.567082 0.080102
0.563180 0.106262
0.579207 0.129615
0.583493 0.142309
0.595488 0.175921
0.624971 0.192303
0.607304 0.192569
0.623253 0.235998
0.673646 0.000366
0.580922 0.000963
0.603902 0.000981
0.586152 0.047035
0.580295 0.065091
0.580803 0.083304
0.578574 0.097829
0.579541 0.113905
0.594355 0.120847
0.598726 0.137996
0.568414 0.152854
0.605023 0.186892
0.627113 0.225296
0.592094 0.224390
0.681557 0.000907
0.619288 0.000613
0.613828 0.018691
0.600098 0.036434
0.597135 0.054122
0.595464 0.068366
0.592097 0.084369
0.591721 0.100036
0.607028 0.104969
0.608651 0.121537
0.593324 0.158959
0.606990 0.158171
0.619391 0.159002
0.645040 0.173889
0.680035 0.237361
0.697263 0.000783
0.626097 0.018527
0.623315 0.034468
0.611589 0.033767
0.612495 0.050264
0.611826 0.063763
0.606549 0.076294
0.607475 0.090756
0.624964 0.126302
0.610835 0.135583
0.643774 0.164734
0.633015 0.206237
0.638004 0.254778
0.643757 0.234591
0.705311 0.000922
0.642360 0.000427
0.637053 0.018492
0.634783 0.037972
0.625361 0.051290
0.627406 0.064354
0.622783 0.080212
0.626284 0.093118
0.621887 0.107828
0.637851 0.131936
0.627910 0.150480
0.661393 0.162521
0.625243 0.171909
0.642871 0.192112
0.697381 0.239696
0.713422 0.000791
0.651970 0.017480
0.645988 0.033642
0.643443 0.047740
0.642311 0.061421
0.638689 0.077622
0.645386 0.086702
0.638684 0.101758
0.641173 0.118727
0.639278 0.149219
0.676050 0.180622
0.660536 0.184155
0.651431 0.215901
0.656624 0.244150
0.729961 0.000208
0.665727 0.000116
0.664372 0.018698
0.659686 0.034633
0.657312 0.048372
0.656034 0.066625
0.659279 0.082719
0.657566 0.101208
0.654561 0.118830
0.654993 0.134376
0.659504 0.145670
0.671875 0.151139
0.673466 0.202821
0.680350 0.213580
0.708584 0.212834
0.738584 0.000317
0.678162 0.017148
0.674750 0.033270
0.671844 0.046382
0.670438 0.059940
0.672298 0.074019
0.670180 0.091875
0.671324 0.109042
0.670119 0.125141
0.680041 0.135944
0.681765 0.164223
0.641374 0.251392
0.721214 0.195993
0.700884 0.247235
0.749024 0.001011
0.689403 0.000780
0.690516 0.020504
0.688245 0.036528
0.685731 0.052028
0.685077 0.068246
0.685711 0.083267
0.683375 0.098508
0.694813 0.108787
0.682781 0.120856
0.694629 0.148298
0.714166 0.172368
0.689588 0.178925
0.721049 0.235162
0.702429 0.251735
0.758974 0.000876
0.702870 0.016888
0.702389 0.033301
0.700051 0.047458
0.698106 0.061327
0.699385 0.077769
0.700093 0.091018
0.701615 0.121253
0.695825 0.137895
0.722798 0.141524
0.695262 0.211207
0.698480 0.186163
0.749535 0.208564
0.749204 0.252448
0.767824 0.000897
0.721478 0.000604
0.718054 0.020767
0.714467 0.036701
0.712128 0.052804
0.712073 0.069245
0.712135 0.086871
0.707754 0.104236
0.718858 0.121458
0.697670 0.170081
0.735169 0.134221
0.709310 0.151049
0.726836 0.178180
0.728732 0.222719
0.742643 0.243869
0.779738 0.000113
0.732404 0.015380
0.727070 0.032793
0.725588 0.048975
0.724991 0.062752
0.726668 0.077157
0.724822 0.092011
0.720021 0.107504
0.710080 0.138070
0.744794 0.149709
0.741196 0.179445
0.722139 0.206814
0.756075 0.195716
0.746517 0.222491
0.789258 0.000944
0.749298 0.010306
0.742416 0.025634
0.740298 0.039943
0.738990 0.055219
0.739013 0.071629
0.740344 0.088603
0.733545 0.101720
0.735878 0.118131
0.745204 0.132123
0.727087 0.151757
0.734245 0.168032
0.766627 0.186415
0.782726 0.235986
0.771915 0.249226
0.798935 0.000894
0.761919 0.019695
0.755005 0.033585
0.753184 0.049613
0.752273 0.063809
0.751973 0.080476
0.751131 0.097089
0.749500 0.109227
0.765150 0.133614
0.752778 0.164989
0.754659 0.176902
0.769715 0.209035
0.775486 0.220690
0.769369 0.247828
0.810323 0.000327
0.776244 0.005458
0.773524 0.025770
0.767249 0.040165
0.766363 0.055095
0.765426 0.070480
0.766086 0.087105
0.765890 0.101189
0.761576 0.116306
0.752816 0.142736
0.763686 0.152991
0.784756 0.166903
0.798024 0.186021
0.808893 0.238594
0.801486 0.252562
0.819589 0.001299
0.788914 0.017741
0.784078 0.032273
0.780816 0.048784
0.779547 0.062727
0.779906 0.077580
0.779625 0.094861
0.775675 0.111786
0.779926 0.129834
0.787136 0.147558
0.768683 0.168181
0.795643 0.171569
0.788066 0.208530
0.807946 0.209751
0.830235 0.000012
0.804049 0.007311
0.800537 0.025826
0.796118 0.039050
0.794428 0.054339
0.794177 0.068553
0.792862 0.085618
0.790347 0.102195
0.791393 0.116472
0.772615 0.142445
0.797317 0.159994
0.782740 0.184521
0.818256 0.195612
0.807678 0.258796
0.824851 0.252440
0.840854 0.000710
0.816730 0.017440
0.812677 0.031410
0.809939 0.047465
0.808389 0.061290
0.807441 0.075869
0.805938 0.091713
0.803956 0.106242
0.793799 0.132324
0.801984 0.139894
0.815737 0.162356
0.818796 0.177958
0.819749 0.220515
0.829839 0.235367
0.850274 0.000619
0.831001 0.008585
0.829337 0.025984
0.825081 0.038619
0.824161 0.053526
0.822903 0.066710
0.821687 0.081779
0.817896 0.098554
0.813032 0.115310
0.811756 0.129719
0.814614 0.143216
0.829472 0.164304
0.835000 0.190162
0.836668 0.214180
0.842411 0.257986
0.861258 0.000302
0.844977 0.016750
0.842873 0.030558
0.839689 0.045388
0.838359 0.059099
0.837325 0.073325
0.834736 0.088603
0.831375 0.102728
0.828813 0.118274
0.829071 0.132008
0.827442 0.148205
0.841007 0.175813
0.847228 0.209866
0.844464 0.245002
0.871693 0.000507
0.859215 0.009813
0.858920 0.026307
0.854940 0.038414
0.855421 0.051506
0.854022 0.064707
0.851579 0.078748
0.848592 0.093414
0.845241 0.107757
0.844690 0.123498
0.846085 0.138406
0.843336 0.157112
0.855783 0.184096
0.857676 0.221581
0.858050 0.257284
0.881109 0.001002
0.874155 0.016766
0.872658 0.031435
0.872162 0.044634
0.871659 0.057139
0.868754 0.070727
0.866139 0.084321
0.863012 0.097352
0.860641 0.112460
0.858254 0.129678
0.860893 0.145692
0.858936 0.165312
0.863607 0.198423
0.871537 0.247421
0.892215 0.001135
0.891175 0.010042
0.888560 0.024797
0.888597 0.038552
0.889892 0.051167
0.886641 0.063922
0.883654 0.077007
0.881218 0.090461
0.877064 0.105077
0.874603 0.119992
0.873058 0.136321
0.870469 0.160370
0.874879 0.182992
0.870304 0.221338
0.873696 0.265588
0.903100 0.000501
0.908232 0.016147
0.902334 0.030339
0.908124 0.042452
0.903740 0.056333
0.902894 0.070718
0.898403 0.084205
0.894826 0.098668
0.891991 0.113709
0.888728 0.129482
0.882839 0.148085
0.882969 0.174489
0.879896 0.206577
0.889666 0.235097
0.912696 0.001117
0.924454 0.013342
0.917656 0.029103
0.927805 0.039150
0.921064 0.052547
0.918712 0.066535
0.916964 0.080551
0.911836 0.093972
0.909132 0.108577
0.904514 0.123061
0.897004 0.142644
0.895562 0.162783
0.895587 0.187624
0.890234 0.219690
0.888140 0.261923
0.922754 0.000402
0.934723 0.025485
0.944404 0.035846
0.936304 0.051512
0.934864 0.065965
0.935226 0.080048
0.930422 0.092638
0.925773 0.104831
0.921166 0.122160
0.911998 0.137881
0.911325 0.155391
0.907390 0.178240
0.902746 0.203406
0.901460 0.265389
0.933245 0.000620
0.944286 0.011221
0.954032 0.023815
0.952521 0.049428
0.951859 0.064540
0.951455 0.078047
0.950636 0.092654
0.945322 0.104807
0.935516 0.117178
0.927704 0.135833
0.929637 0.152462
0.921422 0.168897
0.920211 0.188026
0.907347 0.233976
0.921069 0.242785
0.943907 0.001343
0.964996 0.011472
0.961329 0.036317
0.966038 0.054554
0.966760 0.079983
0.965666 0.097337
0.963309 0.111480
0.952200 0.120297
0.943484 0.134748
0.947894 0.152036
0.939655 0.166009
0.939282 0.183186
0.918325 0.211475
0.961165 0.267429
0.954944 0.000596
0.975788 0.000860
0.971899 0.025964
0.974551 0.042206
0.970444 0.067837
0.980457 0.089099
0.977169 0.118122
0.966968 0.132107
0.960099 0.142828
0.969587 0.157079
0.959432 0.182426
0.950622 0.197135
0.944665 0.219057
0.924845 0.225573
0.910620 0.268083
0.965260 0.000288
0.984020 0.015883
0.987388 0.035252
0.985122 0.055547
0.985908 0.073510
0.982913 0.104277
0.983956 0.131119
0.983247 0.149913
0.982019 0.173780
0.961440 0.166567
0.978064 0.230587
0.932289 0.202726
0.941939 0.239771
0.928165 0.264068
0.986468 0.000073
0.999302 0.023330
0.999897 0.043953
0.999597 0.075646
0.999637 0.108078
0.999984 0.141666
0.999811 0.175299
0.999609 0.210514
0.973698 0.188102
0.980923 0.206421
0.960582 0.210362
0.962649 0.229210
0.973619 0.249672
0.972025 0.270056
0.935023 0.278922
0.999534 0.000410
0.999715 0.033547
0.999437 0.064639
0.999222 0.096979
0.999516 0.129863
0.999684 0.163823
0.999496 0.198774
0.999875 0.234916
0.999111 0.259167
0.999280 0.283481
0.996328 0.308468
0.997933 0.324632
0.929977 0.288721
0.952263 0.248988
0.999651 0.000861
0.999419 0.012052
0.998968 0.054137
0.999475 0.086538
0.999409 0.118707
0.999316 0.152862
0.999462 0.187254
0.999155 0.222281
0.999086 0.247046
0.999740 0.271609
0.999522 0.296164
0.961060 0.290804
0.992112 0.320439
0.950104 0.288789
0.976799 0.299971
