0.000621 0.008882
0.000428 0.042385
0.000044 0.073628
0.000111 0.116509
0.000129 0.149432
0.001152 0.185372
0.000738 0.209463
0.000595 0.234256
0.000038 0.258212
0.000422 0.293567
0.040502 0.266216
0.007168 0.319934
0.021107 0.313171
0.041494 0.296552
0.001178 0.000856
0.000159 0.020545
0.000281 0.052537
0.000373 0.094835
0.000041 0.127523
0.000199 0.173287
0.000683 0.197507
0.000821 0.222171
0.000846 0.246167
0.000725 0.270715
0.000439 0.281537
0.002651 0.305427
0.041173 0.280449
0.035660 0.305848
0.075312 0.284846
0.000686 0.000375
0.000540 0.031656
0.000110 0.063040
0.000311 0.084006
0.000224 0.105495
0.000749 0.138611
0.000215 0.161130
0.019987 0.143451
0.019221 0.158275
0.022738 0.176450
0.023789 0.216969
0.033976 0.226334
0.029925 0.262551
0.056811 0.290634
0.016786 0.000340
0.017651 0.014342
0.012237 0.031055
0.016624 0.046883
0.013521 0.065608
0.013937 0.086877
0.015173 0.107619
0.017366 0.126540
0.035995 0.141748
0.036478 0.165946
0.020898 0.195446
0.040297 0.201524
0.026022 0.242626
0.043988 0.238613
0.081612 0.271676
0.027154 0.000950
0.032268 0.020876
0.027579 0.033642
0.028634 0.054606
0.026146 0.075677
0.027770 0.094451
0.031240 0.110539
0.033557 0.126712
0.044722 0.152528
0.053139 0.172322
0.039210 0.185143
0.058911 0.205334
0.055085 0.220744
0.055239 0.252728
0.045303 0.000405
0.036139 0.000790
0.043943 0.030931
0.037936 0.044100
0.035915 0.065630
0.038739 0.081732
0.043136 0.096518
0.045919 0.111663
0.049747 0.125255
0.058480 0.140595
0.062244 0.156832
0.059076 0.187125
0.074838 0.207085
0.079092 0.243011
0.104799 0.279764
0.054881 0.000485
0.045613 0.015969
0.054761 0.040083
0.049236 0.055282
0.052322 0.069300
0.056015 0.082358
0.060232 0.096965
0.063532 0.112141
0.067366 0.125922
0.073510 0.147337
0.073970 0.170420
0.077426 0.184945
0.068837 0.229386
0.078490 0.254548
0.066157 0.001164
0.061577 0.011075
0.061440 0.026594
0.068051 0.040356
0.064937 0.055421
0.067750 0.069536
0.072142 0.083042
0.076810 0.098190
0.079578 0.114616
0.082478 0.132129
0.087417 0.154823
0.091608 0.170731
0.089645 0.197347
0.091940 0.224187
0.098106 0.269971
0.075753 0.000594
0.076423 0.019048
0.080482 0.032195
0.081711 0.045338
0.082233 0.058403
0.084387 0.072393
0.088228 0.086828
0.092580 0.102391
0.094240 0.120220
0.096069 0.139341
0.104254 0.158515
0.102137 0.185928
0.101202 0.206101
0.099185 0.235446
0.084110 0.000469
0.091471 0.000825
0.090590 0.020525
0.096609 0.034884
0.096972 0.049189
0.098946 0.062689
0.101358 0.077141
0.104500 0.092636
0.107099 0.107925
0.109400 0.126274
0.110324 0.145427
0.114351 0.171068
0.114954 0.196568
0.116809 0.222476
0.117429 0.266487
0.099475 0.000132
0.104220 0.016313
0.108527 0.028205
0.113195 0.041836
0.112758 0.055887
0.115605 0.068672
0.117768 0.082955
0.120546 0.099228
0.121788 0.114987
0.122214 0.135341
0.123616 0.155491
0.127031 0.182579
0.126499 0.206439
0.118115 0.234169
0.108026 0.000859
0.122664 0.001021
0.120725 0.022241
0.125947 0.034170
0.129242 0.048080
0.130414 0.062162
0.132634 0.075411
0.133968 0.090659
0.135337 0.106870
0.136406 0.124041
0.136694 0.145262
0.134791 0.166139
0.137508 0.192310
0.136186 0.227706
0.126936 0.264333
0.116746 0.000326
0.137187 0.016752
0.139302 0.028165
0.143160 0.040901
0.145269 0.055170
0.147313 0.068582
0.149220 0.083255
0.149879 0.099087
0.149095 0.114727
0.149299 0.133553
0.147225 0.154770
0.149350 0.177736
0.146707 0.205824
0.129981 0.249164
0.130737 0.000456
0.153819 0.001309
0.153455 0.022747
0.157590 0.035906
0.160220 0.049588
0.162597 0.063299
0.163723 0.077414
0.164809 0.092098
0.165083 0.107367
0.164297 0.124098
0.162264 0.144325
0.161442 0.162561
0.154390 0.191714
0.151386 0.224705
0.152114 0.258592
0.139284 0.000365
0.168952 0.017820
0.170571 0.029326
0.174862 0.042947
0.177257 0.057538
0.178603 0.071488
0.180083 0.086831
0.180312 0.102288
0.181306 0.117411
0.175961 0.135341
0.175137 0.153250
0.168781 0.182780
0.164271 0.211875
0.159397 0.233649
0.147986 0.000609
0.185419 0.001463
0.183761 0.023061
0.188310 0.037629
0.191421 0.051618
0.193405 0.065637
0.194613 0.079961
0.195703 0.096166
0.195445 0.111448
0.196366 0.128265
0.190128 0.145947
0.183827 0.167113
0.173431 0.199382
0.176797 0.222743
0.163974 0.254437
0.161308 0.000409
0.197109 0.019291
0.200813 0.031558
0.205676 0.044848
0.207461 0.060396
0.209272 0.075225
0.210560 0.090567
0.210649 0.106796
0.209216 0.120411
0.211073 0.142841
0.201615 0.154383
0.183662 0.188535
0.189228 0.218832
0.177326 0.263262
0.169889 0.000315
0.211994 0.006753
0.212403 0.024771
0.218766 0.039051
0.221234 0.052850
0.223194 0.068498
0.223777 0.084061
0.224782 0.100346
0.225454 0.115115
0.224684 0.133104
0.225392 0.151464
0.197191 0.178479
0.194209 0.200021
0.176380 0.237190
0.190518 0.256155
0.178193 0.000083
0.225900 0.021514
0.232703 0.032511
0.235060 0.045630
0.236461 0.062203
0.237548 0.076760
0.238504 0.093385
0.240951 0.112135
0.240034 0.125950
0.241980 0.141423
0.214603 0.163903
0.210910 0.190255
0.206726 0.218147
0.206326 0.229293
0.192538 0.000450
0.236775 0.008624
0.243916 0.023219
0.248276 0.037657
0.249865 0.052014
0.250586 0.068670
0.251089 0.084750
0.253771 0.105193
0.254816 0.120499
0.257342 0.144859
0.238842 0.160906
0.230829 0.198621
0.215732 0.204723
0.243135 0.236150
0.217595 0.245852
0.200714 0.000347
0.256609 0.018249
0.260671 0.032550
0.263714 0.046311
0.265074 0.063109
0.264950 0.077737
0.263697 0.093864
0.267269 0.114336
0.264183 0.130538
0.258942 0.160760
0.225581 0.177091
0.247949 0.199278
0.229791 0.223056
0.196939 0.247526
0.211220 0.000769
0.267012 0.000973
0.270418 0.020664
0.275238 0.035901
0.277033 0.052427
0.279079 0.069381
0.280235 0.084238
0.276273 0.099511
0.279466 0.122478
0.278759 0.144261
0.277352 0.180283
0.260938 0.188524
0.249427 0.175774
0.271878 0.251624
0.226542 0.236478
0.222162 0.000579
0.283702 0.019039
0.288241 0.032849
0.290195 0.048080
0.294172 0.063872
0.292734 0.076815
0.293388 0.098326
0.287040 0.112714
0.292917 0.128971
0.274717 0.158642
0.295711 0.188403
0.267601 0.212319
0.247185 0.218848
0.244942 0.258325
0.230628 0.000732
0.298650 0.000429
0.297137 0.020691
0.301651 0.035470
0.304577 0.052301
0.307512 0.072585
0.304728 0.086504
0.309162 0.103174
0.304986 0.114724
0.318019 0.142573
0.300326 0.142009
0.291504 0.154367
0.288811 0.198075
0.291565 0.229521
0.255257 0.245529
0.242344 0.000669
0.310199 0.018978
0.314370 0.033788
0.317046 0.049714
0.319239 0.064840
0.324222 0.079114
0.319746 0.093375
0.323529 0.112933
0.313434 0.123350
0.325624 0.169624
0.300483 0.172799
0.309522 0.204885
0.280009 0.220739
0.263260 0.224988
0.251017 0.000427
0.322148 0.000711
0.324380 0.021101
0.328250 0.036003
0.331039 0.052169
0.335335 0.068701
0.337783 0.083548
0.335695 0.098616
0.334357 0.122870
0.331260 0.141343
0.337908 0.155895
0.315080 0.154468
0.322415 0.216006
0.304651 0.243341
0.280238 0.265206
0.259048 0.000691
0.336519 0.017991
0.340865 0.033290
0.345881 0.049346
0.347717 0.064474
0.352275 0.078141
0.351239 0.095671
0.341455 0.114053
0.351183 0.128591
0.354134 0.146958
0.315851 0.181937
0.328545 0.198375
0.316456 0.251481
0.289444 0.257226
0.274904 0.000143
0.346195 0.000764
0.349067 0.021942
0.353809 0.038210
0.359995 0.054160
0.365324 0.066723
0.365134 0.086456
0.355494 0.110199
0.364151 0.122659
0.370681 0.140935
0.369136 0.157509
0.347054 0.179187
0.371134 0.204995
0.318735 0.230149
0.335346 0.229888
0.282876 0.000172
0.361247 0.021154
0.367121 0.035738
0.374858 0.052865
0.380244 0.064917
0.376523 0.077722
0.383705 0.094913
0.368937 0.101669
0.374575 0.113015
0.383473 0.130513
0.354736 0.163950
0.357030 0.238073
0.391150 0.264094
0.371701 0.264711
0.290876 0.000215
0.369966 0.001262
0.379847 0.039037
0.392619 0.035535
0.392680 0.054304
0.394659 0.069367
0.391611 0.083804
0.405209 0.095824
0.388844 0.107736
0.395865 0.134767
0.383174 0.151283
0.383490 0.170223
0.370516 0.182916
0.349075 0.194987
0.346057 0.244756
0.306422 0.000801
0.375506 0.022076
0.402030 0.036623
0.409085 0.049839
0.406176 0.062297
0.416816 0.072830
0.406835 0.082022
0.401657 0.111972
0.404851 0.123591
0.398197 0.157721
0.399513 0.176341
0.385796 0.213304
0.385212 0.257469
0.366851 0.232361
0.314274 0.000436
0.386628 0.021740
0.416663 0.029866
0.421971 0.052071
0.426847 0.068211
0.433540 0.084447
0.435052 0.105127
0.421878 0.093178
0.419137 0.106858
0.412091 0.156516
0.425146 0.169857
0.409558 0.182333
0.385447 0.192755
0.364576 0.214981
0.347098 0.205855
0.330026 0.000379
0.401594 0.018582
0.439280 0.029757
0.427103 0.035625
0.437433 0.056927
0.439614 0.073595
0.444817 0.094512
0.449674 0.108627
0.426296 0.130662
0.410159 0.138411
0.426868 0.156415
0.402288 0.199978
0.397247 0.246889
0.391386 0.232727
0.338086 0.001079
0.410323 0.001128
0.419768 0.019498
0.439659 0.018330
0.438440 0.043255
0.454708 0.060067
0.452859 0.078070
0.460370 0.099936
0.428339 0.118993
0.436154 0.139234
0.448666 0.158829
0.424672 0.191020
0.437437 0.201422
0.400800 0.214591
0.427429 0.242832
0.354069 0.000371
0.451579 0.026054
0.453585 0.046156
0.469902 0.071732
0.463493 0.085765
0.470607 0.116488
0.462934 0.127303
0.445108 0.123739
0.453283 0.178038
0.448144 0.190844
0.439758 0.173686
0.463957 0.202562
0.452107 0.262182
0.404544 0.232728
0.362021 0.000372
0.418320 0.000619
0.480248 0.000199
0.464720 0.020740
0.464370 0.037435
0.478532 0.086343
0.494901 0.093051
0.479345 0.101376
0.480558 0.158959
0.451135 0.140894
0.476452 0.211056
0.470971 0.187774
0.450252 0.214668
0.427477 0.211172
0.436729 0.243697
0.378033 0.000448
0.465327 0.000150
0.475904 0.035272
0.471543 0.053533
0.484803 0.110421
0.499557 0.113286
0.486113 0.131879
0.466800 0.149820
0.480583 0.173639
0.482588 0.224140
0.465613 0.225950
0.481268 0.260087
0.446827 0.227256
0.417180 0.222577
0.386026 0.000948
0.457787 0.000308
0.487725 0.000049
0.483385 0.022830
0.526188 0.064766
0.528590 0.149461
0.497072 0.133160
0.485793 0.143963
0.512917 0.477466
0.486000 0.286458
0.479773 0.332568
0.562704 0.413060
0.509871 0.394668
0.463109 0.306905
0.459074 0.274333
0.426322 0.000985
0.472837 0.000846
0.581588 0.034209
0.497491 0.056118
0.488247 0.049594
0.499882 0.155841
0.521927 0.161859
0.469466 0.135547
0.499025 0.185169
0.466202 0.167728
0.476296 0.242461
0.461696 0.284259
0.464431 0.248232
0.436505 0.256906
0.402205 0.000018
0.442344 0.001119
0.510308 0.000143
0.492851 0.034473
0.513658 0.475772
0.505506 0.086411
0.499841 0.374499
0.506270 0.168626
0.499248 0.210178
0.488488 0.191985
0.554996 0.427550
0.538845 0.354079
0.525075 0.351808
0.471103 0.325614
0.456069 0.305933
0.533497 0.000091
0.502782 0.000617
0.434177 0.000418
0.411911 0.426028
0.513777 0.061079
0.511584 0.107890
0.517330 0.206514
0.519594 0.507092
0.507767 0.387793
0.492768 0.335902
0.556383 0.425633
0.531608 0.344710
0.497919 0.315389
0.513256 0.282883
0.596018 0.000530
0.548984 0.000570
0.394041 0.000798
0.495207 0.000057
0.521613 0.018341
0.489855 0.072152
0.521500 0.094223
0.515020 0.147465
0.506356 0.193618
0.512009 0.242369
0.506496 0.222550
0.508156 0.267142
0.518612 0.251146
0.511572 0.309579
0.534467 0.289464
0.588389 0.000421
0.517768 0.000484
0.450317 0.000699
0.506121 0.031305
0.478629 0.066296
0.547318 0.402660
0.477837 0.302570
0.492744 0.236432
0.499614 0.290461
0.521392 0.508416
0.492652 0.260859
0.518623 0.391692
0.511686 0.343242
0.568915 0.254608
0.611113 0.000161
0.564544 0.000928
0.501109 0.018502
0.525720 0.000488
0.503496 0.070775
0.523540 0.044836
0.520770 0.080599
0.507191 0.130020
0.524415 0.129526
0.518895 0.179939
0.529202 0.186998
0.536739 0.237414
0.536413 0.273529
0.530323 0.296614
0.578596 0.214062
0.626736 0.000575
0.541175 0.000403
0.543632 0.016048
0.521997 0.028840
0.511087 0.042653
0.537120 0.082096
0.525715 0.113813
0.538740 0.122581
0.536795 0.139401
0.535990 0.162784
0.525783 0.226878
0.537271 0.208871
0.539753 0.257033
0.552366 0.259346
0.634643 0.000852
0.556652 0.000329
0.571236 0.022448
0.546465 0.029466
0.533407 0.037281
0.535695 0.099211
0.548005 0.106402
0.549874 0.126195
0.551695 0.147753
0.546532 0.180224
0.537097 0.196439
0.555570 0.204943
0.549279 0.231314
0.575540 0.194906
0.574880 0.236029
0.650242 0.001244
0.585688 0.021056
0.568905 0.039141
0.563234 0.025434
0.534569 0.060173
0.545991 0.064342
0.550976 0.079558
0.558337 0.096523
0.564347 0.134562
0.550339 0.163474
0.560602 0.189146
0.574330 0.175513
0.562185 0.223497
0.598063 0.236592
0.658093 0.000885
0.572619 0.000092
0.599556 0.023680
0.561200 0.053325
0.549512 0.046253
0.574135 0.053886
0.562212 0.067633
0.565790 0.084690
0.561010 0.114559
0.577726 0.138430
0.578267 0.151639
0.591392 0.190477
0.618125 0.206764
0.597923 0.213805
0.616534 0.242145
0.673752 0.000429
0.580581 0.000418
0.603498 0.000534
0.586550 0.046951
0.580231 0.067560
0.578608 0.086728
0.575551 0.105342
0.576611 0.120010
0.590828 0.127835
0.594380 0.146202
0.564974 0.163044
0.602667 0.201983
0.606501 0.241231
0.587277 0.242598
0.681778 0.000279
0.618880 0.000580
0.613741 0.020366
0.597330 0.039926
0.597353 0.056912
0.593116 0.072346
0.592355 0.091732
0.589870 0.107957
0.604336 0.111444
0.607109 0.125152
0.585745 0.169504
0.598182 0.167721
0.608294 0.168713
0.635374 0.190891
0.670994 0.255524
0.697675 0.000303
0.628104 0.021435
0.623954 0.037452
0.611312 0.032991
0.611504 0.052148
0.612656 0.065587
0.606559 0.079769
0.607262 0.096695
0.620117 0.132495
0.608714 0.145144
0.633520 0.174056
0.617453 0.223804
0.626833 0.270636
0.636748 0.243978
0.705801 0.000525
0.642437 0.000829
0.641027 0.021385
0.638721 0.038346
0.628174 0.053654
0.628141 0.069352
0.621197 0.083705
0.623572 0.099381
0.620308 0.113030
0.632275 0.138377
0.619877 0.154564
0.654836 0.171715
0.614516 0.186515
0.633421 0.202681
0.686522 0.246865
0.713959 0.000577
0.653760 0.020315
0.649798 0.032940
0.645242 0.052838
0.642591 0.065275
0.636748 0.080613
0.643890 0.091791
0.635827 0.105805
0.635394 0.119681
0.636160 0.156203
0.664966 0.198136
0.650917 0.195317
0.635384 0.230714
0.641340 0.254142
0.730307 0.000986
0.665920 0.000003
0.667207 0.020674
0.662456 0.033692
0.658556 0.051333
0.656269 0.069628
0.656596 0.084678
0.652139 0.104094
0.651577 0.121026
0.645986 0.139508
0.655099 0.149061
0.670551 0.155582
0.661788 0.213755
0.666366 0.226211
0.702487 0.224621
0.739149 0.000592
0.681296 0.018268
0.677123 0.031839
0.673602 0.046773
0.669139 0.060871
0.670832 0.076126
0.666851 0.095112
0.667752 0.112499
0.664915 0.127096
0.672941 0.138908
0.670531 0.167587
0.622937 0.257035
0.719827 0.201991
0.691513 0.255852
0.748945 0.000173
0.689786 0.000897
0.693277 0.021510
0.690289 0.035675
0.686630 0.051638
0.685014 0.067536
0.682599 0.084277
0.680104 0.100664
0.693438 0.107311
0.680837 0.120694
0.690766 0.157108
0.709051 0.177210
0.680819 0.192482
0.718495 0.249678
0.691789 0.267137
0.758741 0.000670
0.707636 0.016573
0.704521 0.030566
0.701678 0.046556
0.699763 0.061020
0.699609 0.075797
0.696184 0.092565
0.699010 0.123640
0.687252 0.140073
0.722820 0.140906
0.687963 0.222718
0.686210 0.203647
0.752600 0.222390
0.746857 0.261163
0.766978 0.001314
0.721972 0.000684
0.720311 0.019761
0.717595 0.034397
0.714748 0.051102
0.713400 0.068069
0.711943 0.086376
0.706161 0.106884
0.718247 0.122261
0.695938 0.175771
0.730932 0.135111
0.703288 0.157557
0.723475 0.188041
0.722288 0.234659
0.736920 0.242015
0.781262 0.000958
0.733880 0.015892
0.730809 0.029789
0.728512 0.047108
0.726638 0.062148
0.726973 0.075525
0.723544 0.091433
0.718200 0.110232
0.705431 0.137302
0.738037 0.154912
0.739606 0.192885
0.711739 0.219360
0.749834 0.205336
0.742239 0.232859
0.789594 0.000265
0.751362 0.012785
0.745432 0.025398
0.742267 0.038691
0.741704 0.053064
0.741154 0.069835
0.739444 0.086767
0.735438 0.102576
0.734021 0.115529
0.744564 0.126538
0.720274 0.159729
0.732726 0.167552
0.771535 0.197646
0.788656 0.236812
0.770690 0.252192
0.797958 0.000056
0.764840 0.021144
0.757484 0.030562
0.754987 0.047423
0.754261 0.063133
0.753474 0.077866
0.750778 0.096782
0.749640 0.111567
0.764757 0.127758
0.751078 0.162336
0.756679 0.188931
0.769082 0.219945
0.774111 0.235843
0.754662 0.251295
0.811330 0.001192
0.774408 0.000579
0.776320 0.023853
0.769440 0.037886
0.768195 0.053256
0.767477 0.068379
0.766858 0.083618
0.764992 0.099542
0.760361 0.118599
0.752684 0.141703
0.764449 0.152634
0.784985 0.171339
0.802978 0.197460
0.808466 0.236805
0.795203 0.250413
0.819965 0.000304
0.789984 0.018964
0.786515 0.030883
0.782510 0.045469
0.781310 0.061864
0.780860 0.075353
0.779076 0.092693
0.774526 0.111565
0.779739 0.125115
0.785370 0.146983
0.771499 0.172511
0.798109 0.181670
0.788874 0.216017
0.806677 0.215307
0.829804 0.000577
0.805734 0.000998
0.802862 0.024593
0.798273 0.038247
0.796187 0.052120
0.795133 0.067077
0.793523 0.082792
0.790795 0.099923
0.791392 0.113839
0.774665 0.148831
0.801803 0.158107
0.785442 0.197497
0.818997 0.200343
0.802967 0.262422
0.822399 0.251123
0.841585 0.000945
0.818245 0.018703
0.814825 0.030321
0.811283 0.044296
0.809958 0.060051
0.808438 0.074291
0.807063 0.088343
0.804041 0.105959
0.791848 0.129156
0.804457 0.145162
0.816540 0.165215
0.821010 0.186464
0.814622 0.225112
0.827080 0.231174
0.850557 0.000420
0.833770 0.004106
0.831682 0.025287
0.826690 0.037957
0.825773 0.051296
0.823880 0.065615
0.822768 0.079626
0.818858 0.097412
0.814168 0.113767
0.810275 0.126914
0.815733 0.144578
0.831789 0.169000
0.836305 0.196888
0.830357 0.214513
0.837210 0.260071
0.861913 0.000622
0.846815 0.016814
0.844667 0.029835
0.840954 0.043183
0.840366 0.057739
0.838385 0.071219
0.834903 0.086366
0.832015 0.101005
0.829610 0.114957
0.830995 0.131304
0.830472 0.147050
0.842924 0.178518
0.846928 0.209581
0.842668 0.238640
0.872299 0.000559
0.861047 0.006241
0.861640 0.025313
0.857068 0.037953
0.857330 0.049866
0.854676 0.062726
0.851959 0.076604
0.850189 0.091066
0.845749 0.106205
0.845133 0.121044
0.846311 0.139310
0.846280 0.156470
0.855383 0.185641
0.852534 0.221986
0.856499 0.256709
0.881512 0.000373
0.875396 0.015751
0.874615 0.029882
0.873752 0.042219
0.873013 0.055625
0.869695 0.068115
0.867727 0.082038
0.863942 0.095883
0.861647 0.109918
0.858559 0.128408
0.861796 0.146696
0.857353 0.167425
0.861066 0.198286
0.869504 0.242358
0.892665 0.000778
0.892503 0.007640
0.889287 0.023485
0.889265 0.037269
0.891410 0.049747
0.888073 0.061923
0.885191 0.074790
0.882243 0.088583
0.878083 0.103300
0.875553 0.117636
0.874050 0.134908
0.871407 0.161038
0.872400 0.186402
0.868958 0.223034
0.865421 0.263643
0.903428 0.000574
0.909062 0.015045
0.902457 0.028822
0.908741 0.041320
0.905181 0.054640
0.904051 0.068375
0.899811 0.082393
0.895668 0.096458
0.892011 0.111146
0.889708 0.129083
0.882295 0.149914
0.882941 0.173350
0.878315 0.201517
0.886142 0.232236
0.913108 0.000038
0.924995 0.014078
0.917437 0.029069
0.928052 0.038332
0.921124 0.051947
0.920037 0.065606
0.918252 0.079118
0.912813 0.092007
0.910959 0.106528
0.904527 0.122304
0.897609 0.143909
0.895769 0.161755
0.892370 0.190088
0.888661 0.217983
0.880984 0.258867
0.923061 0.000316
0.934656 0.026149
0.944181 0.036731
0.936851 0.051371
0.935330 0.066214
0.936583 0.079894
0.931907 0.091662
0.926539 0.104777
0.920290 0.122067
0.912592 0.138809
0.910442 0.155585
0.904630 0.178185
0.899677 0.199715
0.894024 0.263462
0.933328 0.000631
0.943020 0.011880
0.953616 0.024330
0.951979 0.050248
0.952429 0.064193
0.951548 0.077878
0.951892 0.092413
0.944606 0.105904
0.937037 0.118375
0.929122 0.136425
0.929269 0.153251
0.920750 0.168764
0.918810 0.187562
0.901503 0.232728
0.917685 0.236591
0.944066 0.000797
0.964390 0.011644
0.960451 0.037250
0.967159 0.054373
0.966504 0.083463
0.965972 0.098837
0.964305 0.112528
0.952756 0.122535
0.943923 0.135516
0.947201 0.154625
0.939472 0.169404
0.938720 0.183626
0.912514 0.207605
0.955571 0.263524
0.954827 0.000617
0.975936 0.000194
0.970587 0.026454
0.974803 0.042656
0.970073 0.069202
0.980619 0.090165
0.976867 0.120719
0.966959 0.132769
0.959917 0.145505
0.971278 0.158976
0.958967 0.184317
0.947173 0.200447
0.940347 0.219326
0.922051 0.221863
0.901625 0.267086
0.965384 0.000298
0.982644 0.016898
0.987305 0.035513
0.983414 0.056918
0.985592 0.074093
0.983925 0.106525
0.983567 0.134949
0.984286 0.154670
0.980357 0.177473
0.959813 0.169494
0.975151 0.232434
0.928556 0.200134
0.937898 0.239536
0.923961 0.257029
0.986633 0.000236
0.999687 0.023182
0.999511 0.044145
0.999534 0.076008
0.999771 0.108194
0.999285 0.141845
0.998967 0.176279
0.999886 0.211253
0.971794 0.194625
0.979185 0.211061
0.961714 0.210028
0.958964 0.230229
0.971613 0.248322
0.971843 0.270510
0.926420 0.273604
0.999544 0.000595
0.999482 0.033429
0.999081 0.064844
0.999674 0.097237
0.999551 0.130064
0.999190 0.165019
0.999764 0.199267
0.999845 0.235339
0.999554 0.259410
0.999458 0.281830
0.994798 0.308538
0.996272 0.320307
0.920079 0.279773
0.949194 0.246193
0.999434 0.000776
0.999509 0.012074
0.999014 0.054350
0.998966 0.086887
0.999196 0.118913
0.999745 0.153568
0.999371 0.188130
0.999539 0.223416
0.999286 0.247532
0.999363 0.271125
0.999890 0.294748
0.955018 0.287545
0.987026 0.315111
0.943407 0.280234
0.972731 0.286003
