0.000528 0.009303
0.001088 0.042373
0.000422 0.073625
0.000511 0.116848
0.000299 0.150207
0.000469 0.186009
0.000309 0.209970
0.000809 0.234076
0.000176 0.257996
0.000744 0.293793
0.044308 0.259550
0.011947 0.314479
0.025644 0.306714
0.043131 0.288370
0.000914 0.001167
0.001043 0.020702
0.000116 0.052457
0.000908 0.095242
0.000676 0.127856
0.001162 0.174224
0.000091 0.198042
0.000171 0.222151
0.000878 0.246051
0.000425 0.270103
0.000060 0.281150
0.004649 0.306191
0.042118 0.276523
0.039245 0.297071
0.082333 0.276550
0.001129 0.000843
0.000095 0.031665
0.000484 0.062876
0.000461 0.084098
0.000693 0.105831
0.001052 0.139217
0.000793 0.162446
0.019513 0.147203
0.019585 0.162353
0.022791 0.179547
0.024795 0.217426
0.034288 0.226729
0.029182 0.259849
0.060929 0.284046
0.016355 0.000474
0.018932 0.014211
0.012363 0.031301
0.016191 0.047990
0.013765 0.066705
0.013605 0.088496
0.015009 0.110381
0.017508 0.129441
0.034928 0.144886
0.037214 0.170186
0.019197 0.199085
0.039779 0.203030
0.025255 0.242058
0.044753 0.234875
0.086533 0.266080
0.026782 0.001211
0.032251 0.021017
0.026637 0.033901
0.027944 0.055497
0.025046 0.076843
0.026863 0.096441
0.030322 0.113094
0.034214 0.129812
0.044263 0.156189
0.055303 0.175277
0.038769 0.188485
0.061442 0.204483
0.057443 0.219399
0.058212 0.249350
0.044964 0.000451
0.035737 0.000325
0.043278 0.031549
0.037027 0.045308
0.036100 0.066607
0.038740 0.083287
0.042196 0.097256
0.045631 0.112631
0.048889 0.128372
0.057952 0.142131
0.061632 0.159837
0.058917 0.189858
0.076786 0.208646
0.083547 0.239473
0.111924 0.277321
0.054648 0.000445
0.044729 0.015835
0.053505 0.040953
0.048496 0.055030
0.051303 0.069925
0.055326 0.084171
0.059411 0.098143
0.062230 0.114105
0.065929 0.128734
0.073226 0.148889
0.074060 0.173466
0.078147 0.185927
0.070287 0.226544
0.081064 0.252468
0.065700 0.000387
0.059796 0.011457
0.060754 0.027030
0.068101 0.039923
0.063668 0.054904
0.066646 0.069957
0.070521 0.084567
0.075274 0.098754
0.078587 0.115244
0.081760 0.133764
0.086688 0.157094
0.091996 0.173229
0.090357 0.197580
0.092358 0.222324
0.101381 0.266200
0.074853 0.000050
0.075559 0.018630
0.079423 0.031198
0.080556 0.045796
0.081330 0.058685
0.083510 0.072172
0.086821 0.087428
0.091455 0.103681
0.093703 0.121242
0.094225 0.141262
0.104186 0.160665
0.102524 0.186381
0.103176 0.206925
0.100781 0.234384
0.083067 0.000054
0.091195 0.000109
0.088958 0.018271
0.095522 0.034639
0.095999 0.048164
0.097326 0.062670
0.100537 0.076611
0.103587 0.092512
0.105636 0.109152
0.108475 0.126551
0.109560 0.146696
0.113771 0.172927
0.116212 0.198640
0.117985 0.220439
0.123257 0.264026
0.099458 0.000223
0.102162 0.016307
0.107473 0.028299
0.112267 0.041115
0.111834 0.055222
0.115081 0.068874
0.117019 0.082525
0.119667 0.099546
0.121096 0.116253
0.122509 0.135226
0.123092 0.158615
0.126719 0.183033
0.128075 0.207196
0.119758 0.234047
0.107884 0.000288
0.123446 0.000316
0.119620 0.019828
0.124668 0.033832
0.128144 0.047075
0.129659 0.061556
0.132308 0.075276
0.133555 0.089831
0.134935 0.107222
0.135473 0.124964
0.136630 0.145688
0.135123 0.168234
0.139290 0.194901
0.137984 0.230115
0.132793 0.261953
0.115887 0.000535
0.135626 0.017072
0.138761 0.028225
0.142640 0.040019
0.144452 0.054413
0.146862 0.068361
0.149026 0.082607
0.150232 0.099021
0.149861 0.115913
0.148909 0.133965
0.147715 0.157485
0.149986 0.176885
0.146666 0.207155
0.131695 0.247689
0.131052 0.000196
0.154517 0.000262
0.152475 0.020865
0.156409 0.035354
0.159918 0.048388
0.162575 0.062802
0.164003 0.077121
0.164880 0.092154
0.165303 0.107954
0.164380 0.124042
0.162525 0.146329
0.163315 0.164223
0.155409 0.193802
0.149997 0.227013
0.155994 0.257151
0.139112 0.000433
0.168439 0.017270
0.170195 0.029937
0.173949 0.041930
0.176853 0.056801
0.178936 0.071674
0.180664 0.086142
0.180099 0.103095
0.181719 0.118962
0.177627 0.135285
0.175374 0.156055
0.170412 0.182295
0.164954 0.212507
0.160283 0.234845
0.147051 0.000836
0.185722 0.000435
0.182795 0.020795
0.187124 0.037010
0.191532 0.051036
0.193347 0.065675
0.194860 0.079877
0.195956 0.095574
0.195720 0.113563
0.196423 0.129992
0.191011 0.147929
0.185770 0.168792
0.175257 0.203674
0.179694 0.225334
0.167409 0.257018
0.161900 0.000676
0.195505 0.018622
0.200256 0.032752
0.205493 0.044268
0.207716 0.059805
0.209145 0.075302
0.211114 0.090383
0.211866 0.108174
0.211564 0.123310
0.212632 0.143690
0.201863 0.159963
0.185775 0.190606
0.193756 0.221726
0.178796 0.261560
0.169908 0.000061
0.212873 0.007132
0.211674 0.024217
0.218599 0.039367
0.221267 0.052676
0.223454 0.068442
0.225051 0.084309
0.226349 0.100358
0.225493 0.117136
0.226134 0.135095
0.227038 0.157059
0.200285 0.180280
0.196572 0.202533
0.177523 0.240603
0.192084 0.260028
0.177718 0.000484
0.225005 0.021873
0.233223 0.033808
0.234695 0.045597
0.236778 0.061508
0.238512 0.078080
0.239669 0.093343
0.241021 0.112311
0.241590 0.129726
0.245433 0.145318
0.216575 0.169311
0.213366 0.192879
0.209144 0.218902
0.207726 0.238144
0.193081 0.000505
0.235488 0.008784
0.243369 0.023060
0.247919 0.038194
0.250443 0.052667
0.251411 0.068654
0.251687 0.085133
0.255324 0.103951
0.255813 0.124086
0.259131 0.150512
0.239928 0.168315
0.234574 0.204910
0.219770 0.203876
0.252179 0.243695
0.224973 0.248239
0.201006 0.000427
0.255624 0.017382
0.260683 0.033605
0.263655 0.046201
0.265096 0.062976
0.266162 0.079166
0.264877 0.092953
0.271135 0.116491
0.266055 0.134037
0.262421 0.170004
0.227765 0.180363
0.251798 0.204458
0.231399 0.222652
0.199224 0.250464
0.211121 0.000756
0.266942 0.000636
0.269897 0.020389
0.274895 0.037275
0.277094 0.052867
0.279546 0.068725
0.281947 0.085505
0.277559 0.099119
0.280439 0.126231
0.282334 0.148618
0.281650 0.185810
0.263820 0.194524
0.252777 0.181685
0.278514 0.255756
0.226565 0.239419
0.222174 0.000710
0.283170 0.019298
0.287656 0.034046
0.289779 0.047911
0.294745 0.064358
0.293116 0.079775
0.294363 0.098637
0.290041 0.114465
0.295769 0.133974
0.276513 0.169600
0.300702 0.197478
0.274500 0.216944
0.254764 0.217494
0.250841 0.262348
0.230673 0.001082
0.298589 0.000239
0.297233 0.020714
0.301090 0.037212
0.304197 0.053055
0.307802 0.073525
0.305697 0.087004
0.312338 0.103508
0.307165 0.117418
0.321950 0.146450
0.303606 0.147815
0.295506 0.162001
0.294476 0.208838
0.298168 0.234870
0.258942 0.248332
0.242232 0.000242
0.308931 0.019261
0.313898 0.035584
0.317377 0.050120
0.319694 0.065289
0.324567 0.080557
0.322184 0.093598
0.324910 0.117374
0.316185 0.127719
0.330789 0.177862
0.303844 0.179121
0.315913 0.209309
0.286764 0.226993
0.271107 0.231516
0.250800 0.000457
0.322223 0.000681
0.322485 0.022220
0.327141 0.038469
0.330523 0.052846
0.335543 0.069507
0.338712 0.086724
0.337415 0.100611
0.337012 0.130119
0.336365 0.145543
0.341501 0.165432
0.319300 0.164893
0.330175 0.223596
0.312418 0.250554
0.284389 0.267579
0.258907 0.000681
0.335323 0.018319
0.339523 0.035006
0.345114 0.051117
0.348154 0.066641
0.354140 0.080509
0.351821 0.095673
0.343742 0.118699
0.353916 0.134765
0.358926 0.153500
0.317768 0.191323
0.333904 0.209232
0.323635 0.256888
0.295933 0.260660
0.274856 0.000294
0.346483 0.000685
0.347782 0.023264
0.353383 0.039690
0.358541 0.054457
0.366006 0.069075
0.365830 0.089200
0.357316 0.114500
0.368263 0.128322
0.374344 0.147264
0.373073 0.168805
0.351128 0.187611
0.376702 0.214764
0.322005 0.239816
0.343913 0.228128
0.282769 0.000888
0.359572 0.021018
0.366136 0.037150
0.374635 0.055561
0.380971 0.066793
0.378090 0.081017
0.385361 0.098813
0.371153 0.104169
0.378297 0.119487
0.384621 0.134060
0.357888 0.173001
0.359199 0.248221
0.403179 0.275646
0.383056 0.270634
0.290765 0.001227
0.370225 0.000288
0.378338 0.041495
0.391492 0.036397
0.392518 0.054609
0.393940 0.073560
0.393363 0.088903
0.406342 0.100379
0.392025 0.112633
0.400539 0.143347
0.386292 0.159557
0.385014 0.179229
0.375499 0.190348
0.354332 0.201978
0.351716 0.252455
0.306488 0.000259
0.374189 0.022573
0.401991 0.038580
0.408779 0.049775
0.407129 0.066099
0.416170 0.076423
0.407791 0.085157
0.405377 0.117189
0.407077 0.128184
0.401221 0.166416
0.401655 0.183486
0.388114 0.222581
0.389978 0.266296
0.375657 0.233966
0.314384 0.000974
0.387340 0.022179
0.414162 0.031847
0.421482 0.053805
0.427320 0.071683
0.436228 0.090097
0.436559 0.110312
0.421274 0.096257
0.421172 0.111784
0.415764 0.165616
0.427436 0.178976
0.415675 0.192489
0.388568 0.200629
0.368142 0.225054
0.351806 0.214611
0.330144 0.000461
0.401650 0.020742
0.439104 0.032447
0.424689 0.037780
0.439625 0.061019
0.440238 0.076575
0.447967 0.100255
0.452582 0.115776
0.427434 0.137041
0.412511 0.147314
0.428729 0.162199
0.407953 0.207809
0.403899 0.264808
0.394492 0.246820
0.338328 0.000988
0.410186 0.000468
0.419613 0.019659
0.438054 0.018851
0.440049 0.047517
0.454837 0.064207
0.452036 0.080459
0.463414 0.106596
0.428877 0.126514
0.436616 0.148109
0.451625 0.167352
0.426096 0.203927
0.440911 0.211305
0.408250 0.226970
0.434239 0.256915
0.354459 0.000528
0.453305 0.026214
0.453670 0.046921
0.468755 0.077933
0.465238 0.092398
0.472094 0.120827
0.462062 0.133355
0.446712 0.128355
0.456644 0.191842
0.449657 0.201346
0.441007 0.184132
0.465899 0.214103
0.455326 0.282173
0.407639 0.244405
0.362319 0.000793
0.418166 0.000335
0.480121 0.000154
0.465029 0.022391
0.464225 0.039105
0.481481 0.090784
0.496551 0.099491
0.481522 0.104497
0.482430 0.169622
0.450783 0.147492
0.478242 0.226306
0.470570 0.199932
0.455140 0.230508
0.430908 0.221355
0.444104 0.260165
0.378090 0.000703
0.465311 0.000804
0.477337 0.037686
0.469912 0.054063
0.487677 0.116516
0.500157 0.121738
0.484608 0.137226
0.465370 0.162016
0.482942 0.184320
0.484515 0.242016
0.464449 0.241109
0.479857 0.282335
0.448694 0.242709
0.422768 0.233733
0.386023 0.000442
0.457726 0.000320
0.487467 0.000236
0.481512 0.023633
0.524293 0.070266
0.530920 0.156572
0.498057 0.143522
0.485011 0.153297
0.516692 0.499932
0.484397 0.311440
0.479354 0.358641
0.572863 0.433737
0.509778 0.415393
0.461497 0.332772
0.460262 0.295166
0.426149 0.000462
0.472750 0.000194
0.583618 0.035395
0.497625 0.058863
0.485140 0.049958
0.500812 0.167450
0.522975 0.174324
0.468346 0.146238
0.499285 0.196162
0.466653 0.178895
0.478499 0.263158
0.461866 0.309517
0.465354 0.267164
0.434595 0.274084
0.402150 0.000650
0.442222 0.000455
0.510361 0.000967
0.491095 0.035334
0.513419 0.507759
0.506117 0.090519
0.511051 0.391098
0.503170 0.180168
0.499546 0.225742
0.487303 0.208314
0.560210 0.458238
0.540540 0.375036
0.532844 0.379091
0.472309 0.349265
0.451610 0.329136
0.533553 0.000085
0.502660 0.000774
0.434109 0.001036
0.406946 0.438198
0.513727 0.063938
0.509934 0.110615
0.520177 0.222498
0.524366 0.534934
0.504921 0.409547
0.491928 0.360281
0.563500 0.446124
0.535417 0.370234
0.494692 0.343016
0.510701 0.304969
0.595836 0.000944
0.549442 0.001063
0.394050 0.000510
0.494934 0.000766
0.522591 0.020225
0.489336 0.076941
0.522385 0.099526
0.513421 0.158623
0.505613 0.211546
0.511225 0.263314
0.502748 0.241400
0.506847 0.292414
0.520305 0.274353
0.509292 0.336158
0.534104 0.314871
0.588074 0.000213
0.517990 0.000711
0.450091 0.000853
0.506236 0.031176
0.480216 0.065436
0.554560 0.423316
0.476749 0.327383
0.492576 0.255869
0.500549 0.316476
0.522886 0.531212
0.490944 0.284066
0.516184 0.417734
0.511793 0.369163
0.561873 0.276101
0.611218 0.000223
0.564726 0.000137
0.501421 0.018943
0.525817 0.000327
0.504239 0.075787
0.523743 0.048740
0.519471 0.084888
0.509512 0.137165
0.522027 0.136722
0.515202 0.192116
0.528314 0.199752
0.533926 0.258161
0.534511 0.298541
0.525637 0.316900
0.573572 0.220970
0.626724 0.000371
0.541416 0.000606
0.543304 0.017624
0.523551 0.030479
0.505995 0.047555
0.536228 0.086563
0.525097 0.119664
0.539009 0.129212
0.534483 0.145826
0.535685 0.176129
0.523107 0.244848
0.534770 0.226943
0.536298 0.277374
0.549048 0.278231
0.634436 0.000549
0.557186 0.000127
0.573230 0.024134
0.547657 0.031751
0.534459 0.036752
0.533848 0.102833
0.546186 0.110883
0.550400 0.131921
0.553564 0.155052
0.547144 0.193668
0.536424 0.212010
0.553747 0.217528
0.549253 0.249878
0.571019 0.208310
0.565508 0.248344
0.650011 0.000670
0.587145 0.021074
0.564070 0.041990
0.558430 0.025764
0.537261 0.059963
0.545304 0.068097
0.550039 0.084459
0.557433 0.099044
0.561907 0.143775
0.546441 0.174087
0.560234 0.203094
0.569624 0.188941
0.557309 0.238972
0.588327 0.247074
0.657951 0.000657
0.572495 0.000534
0.600059 0.025462
0.559670 0.056335
0.548570 0.046748
0.575813 0.057429
0.561894 0.072586
0.565343 0.087448
0.560643 0.120997
0.576708 0.145490
0.574120 0.160614
0.588741 0.201807
0.615596 0.217320
0.588836 0.231081
0.615250 0.252183
0.673711 0.000333
0.580298 0.000921
0.603482 0.000983
0.587639 0.049654
0.580006 0.072463
0.577555 0.088358
0.572237 0.108961
0.574566 0.126084
0.588869 0.134371
0.591691 0.153840
0.563593 0.170825
0.600194 0.210865
0.589913 0.255974
0.579924 0.261581
0.681732 0.000862
0.618972 0.000830
0.612502 0.021282
0.597974 0.042123
0.597692 0.061301
0.590685 0.076742
0.591772 0.095278
0.588241 0.114085
0.601142 0.116835
0.604885 0.130997
0.581024 0.178548
0.593429 0.176066
0.606684 0.178574
0.630356 0.200947
0.666749 0.266082
0.697614 0.000932
0.627190 0.024699
0.623445 0.041676
0.610225 0.035558
0.611063 0.052170
0.612121 0.067978
0.604718 0.082712
0.606109 0.099838
0.616304 0.138992
0.607503 0.154094
0.627943 0.181080
0.610330 0.233681
0.619542 0.279110
0.638468 0.250834
0.705733 0.001301
0.642229 0.000060
0.640592 0.023392
0.637540 0.041036
0.628559 0.054799
0.626633 0.072394
0.618841 0.086720
0.620922 0.102334
0.618744 0.119641
0.629002 0.146578
0.616083 0.162304
0.649902 0.181208
0.608798 0.196226
0.629860 0.214203
0.675822 0.251321
0.714080 0.000288
0.654031 0.020762
0.650939 0.036094
0.644711 0.056160
0.642066 0.069312
0.635231 0.083360
0.642648 0.096635
0.635315 0.109865
0.632116 0.123924
0.635814 0.166744
0.658621 0.210599
0.645986 0.203830
0.629635 0.238623
0.634347 0.264188
0.730760 0.000658
0.665824 0.000262
0.669305 0.021387
0.664851 0.037169
0.659113 0.054034
0.655987 0.072754
0.654739 0.086716
0.649069 0.108340
0.648610 0.124927
0.640708 0.145343
0.651850 0.157956
0.669299 0.163674
0.653954 0.224858
0.656864 0.235826
0.696489 0.232908
0.739527 0.000073
0.682806 0.018792
0.678803 0.033870
0.674594 0.048246
0.669153 0.063037
0.669888 0.079069
0.664312 0.098111
0.664940 0.115499
0.660355 0.131990
0.668299 0.144826
0.663255 0.176998
0.611594 0.270398
0.717971 0.206759
0.684692 0.265236
0.748688 0.000247
0.689755 0.000067
0.695461 0.022954
0.691465 0.037961
0.686587 0.053247
0.684509 0.068482
0.680824 0.085780
0.677497 0.103602
0.690140 0.109566
0.681482 0.123400
0.685492 0.168557
0.705068 0.185994
0.675495 0.201560
0.715739 0.260279
0.683159 0.275329
0.758268 0.000611
0.709693 0.016942
0.705637 0.031547
0.702172 0.046127
0.699667 0.062496
0.698337 0.076666
0.693448 0.093147
0.695369 0.129277
0.682580 0.143347
0.718363 0.145888
0.680296 0.231000
0.679584 0.216515
0.753218 0.230159
0.745379 0.265924
0.766400 0.000681
0.722376 0.000806
0.720992 0.019901
0.718690 0.035839
0.715427 0.050618
0.712318 0.069458
0.709783 0.087038
0.704159 0.108827
0.714890 0.128582
0.692489 0.184583
0.728957 0.138593
0.699710 0.166063
0.719790 0.198144
0.715586 0.243446
0.730531 0.246229
0.781901 0.000102
0.734900 0.015097
0.732561 0.030745
0.729544 0.045487
0.727463 0.061884
0.725842 0.077441
0.721405 0.092507
0.716379 0.111268
0.701033 0.140296
0.733737 0.161988
0.736954 0.203380
0.705694 0.225356
0.743760 0.211848
0.738980 0.238159
0.789707 0.000886
0.753743 0.013004
0.747483 0.026515
0.743482 0.039386
0.742807 0.053244
0.741610 0.069791
0.738121 0.085556
0.734605 0.102128
0.730928 0.117024
0.744017 0.127732
0.713794 0.170039
0.731828 0.175024
0.772439 0.204939
0.791253 0.240076
0.769630 0.257428
0.797556 0.000701
0.768032 0.020086
0.759496 0.031544
0.756880 0.045381
0.755072 0.062704
0.753910 0.078896
0.750871 0.094767
0.748942 0.113886
0.765108 0.131707
0.750747 0.168442
0.756914 0.196741
0.767754 0.226074
0.771234 0.247641
0.744225 0.258184
0.812636 0.000220
0.774137 0.000475
0.778703 0.021426
0.771697 0.037552
0.770000 0.051628
0.768589 0.067941
0.766696 0.083046
0.764507 0.098289
0.759091 0.121679
0.751830 0.145063
0.763270 0.159588
0.784705 0.176696
0.803770 0.203570
0.806049 0.243054
0.790896 0.256161
0.820236 0.000625
0.791731 0.016891
0.788249 0.031948
0.783659 0.043416
0.783179 0.059873
0.781728 0.076319
0.778623 0.091668
0.774958 0.111164
0.779959 0.126836
0.786835 0.151165
0.771468 0.179386
0.799438 0.187550
0.786184 0.221004
0.801162 0.217404
0.828642 0.000251
0.805177 0.001205
0.804644 0.021777
0.800041 0.038232
0.797431 0.051207
0.796277 0.066432
0.793931 0.082668
0.791305 0.098140
0.792814 0.115308
0.776511 0.157350
0.803178 0.163635
0.785095 0.205555
0.818018 0.202268
0.800144 0.263047
0.821515 0.256257
0.842468 0.000714
0.819496 0.017730
0.816211 0.030393
0.812561 0.043018
0.811296 0.058689
0.809458 0.074059
0.807881 0.087732
0.804556 0.106975
0.793615 0.131851
0.803393 0.150678
0.815489 0.170907
0.820154 0.188792
0.810431 0.229697
0.829352 0.234653
0.850718 0.000123
0.835845 0.001582
0.833477 0.023616
0.828489 0.037752
0.826859 0.050597
0.824872 0.065071
0.823348 0.079885
0.819406 0.097394
0.816243 0.116799
0.809857 0.128145
0.818975 0.148304
0.831070 0.172631
0.837126 0.200347
0.828051 0.215813
0.833635 0.260708
0.862238 0.000260
0.847948 0.017694
0.845962 0.030093
0.842182 0.042129
0.841946 0.056788
0.839373 0.071040
0.836064 0.085859
0.833165 0.101124
0.829999 0.116892
0.831438 0.133118
0.832973 0.150276
0.841749 0.180546
0.848707 0.210883
0.843356 0.239354
0.872821 0.000480
0.861755 0.002588
0.862880 0.024393
0.858803 0.037460
0.859018 0.049821
0.855880 0.062576
0.853199 0.076411
0.851248 0.090692
0.847608 0.107176
0.846094 0.122354
0.846047 0.142383
0.846790 0.157445
0.854957 0.186766
0.851023 0.226719
0.853320 0.258031
0.881796 0.000950
0.877115 0.015364
0.876717 0.029539
0.875330 0.041694
0.874666 0.055213
0.870675 0.067596
0.869161 0.081032
0.865173 0.096406
0.862384 0.112116
0.860376 0.128966
0.862719 0.149007
0.856497 0.169776
0.860156 0.202534
0.867280 0.240613
0.892667 0.000646
0.894864 0.004681
0.891052 0.022847
0.890717 0.036735
0.893004 0.048681
0.889412 0.061962
0.886917 0.074284
0.883575 0.088765
0.879918 0.104138
0.876735 0.120011
0.875417 0.135250
0.872887 0.162947
0.871878 0.188381
0.868578 0.225945
0.858907 0.263059
0.904123 0.000440
0.910288 0.014251
0.903311 0.028136
0.910167 0.040571
0.907240 0.054084
0.905153 0.068453
0.901474 0.082055
0.897607 0.097387
0.893280 0.112390
0.890613 0.130441
0.882328 0.152366
0.883849 0.172842
0.877856 0.202258
0.883983 0.233225
0.913673 0.000219
0.926613 0.014044
0.918371 0.029159
0.928684 0.038366
0.921965 0.051290
0.921726 0.065923
0.919984 0.079746
0.914158 0.092496
0.911948 0.107734
0.904602 0.123841
0.898022 0.145577
0.896013 0.163257
0.889840 0.191476
0.888355 0.218243
0.875564 0.257785
0.923499 0.000341
0.935867 0.025894
0.945176 0.037287
0.938091 0.051903
0.936612 0.066448
0.937864 0.080770
0.933343 0.093228
0.927335 0.106977
0.920048 0.123642
0.913674 0.140702
0.911054 0.157691
0.903463 0.178088
0.898766 0.200984
0.888854 0.262403
0.933593 0.000499
0.943463 0.011832
0.954028 0.024179
0.952539 0.051008
0.953963 0.064399
0.952695 0.078394
0.952289 0.094406
0.944786 0.107602
0.937522 0.121319
0.930231 0.139195
0.929422 0.155184
0.920963 0.170338
0.918759 0.188036
0.898416 0.233978
0.914518 0.234951
0.944380 0.000644
0.964332 0.011378
0.960792 0.038021
0.968131 0.055430
0.967044 0.085986
0.966650 0.100947
0.964105 0.114417
0.953267 0.126020
0.944720 0.138982
0.946601 0.157896
0.939586 0.172769
0.938750 0.186098
0.909169 0.208084
0.951800 0.261922
0.954918 0.000624
0.976095 0.000622
0.970535 0.026999
0.975415 0.042565
0.970066 0.070247
0.981629 0.091677
0.977330 0.123449
0.966095 0.135921
0.959839 0.149596
0.971008 0.162319
0.959210 0.188083
0.945539 0.204551
0.938197 0.220175
0.920298 0.221126
0.896574 0.266776
0.965558 0.000530
0.981913 0.017896
0.987394 0.035331
0.982881 0.058250
0.985560 0.075066
0.985133 0.108683
0.983022 0.139975
0.983558 0.159476
0.978455 0.182699
0.958790 0.173303
0.973882 0.234120
0.927754 0.200784
0.933566 0.239927
0.920178 0.252318
0.986668 0.000487
0.999585 0.023127
0.999460 0.044279
0.999569 0.076041
0.999488 0.108393
0.999620 0.141969
0.999502 0.177388
0.999074 0.211574
0.971592 0.200289
0.977726 0.215329
0.962422 0.211340
0.956781 0.230737
0.970664 0.248246
0.971211 0.271059
0.920531 0.270441
0.999830 0.000511
0.999241 0.033434
0.999940 0.064911
0.999948 0.097388
0.999948 0.130294
0.999143 0.165974
0.999529 0.199829
0.999002 0.235501
0.999706 0.258800
0.999669 0.281849
0.994193 0.308487
0.994419 0.316433
0.912964 0.273343
0.947452 0.245752
0.998613 0.001007
0.999104 0.012146
0.999558 0.054453
0.999721 0.086951
0.998911 0.119418
0.999140 0.153910
0.999207 0.188873
0.999654 0.223806
0.999566 0.247307
0.999239 0.270433
0.999256 0.294291
0.951185 0.283642
0.982736 0.312117
0.939619 0.275066
0.968457 0.276411
