0.000571 0.009634
0.000083 0.042325
0.000161 0.073710
0.000287 0.117269
0.000293 0.150950
0.000539 0.186275
0.000070 0.210537
0.000490 0.234210
0.000725 0.258080
0.001155 0.293956
0.047908 0.254161
0.016073 0.308194
0.028087 0.301422
0.045504 0.282682
0.001627 0.000367
0.000702 0.020794
0.000491 0.052471
0.000356 0.095540
0.000366 0.128207
0.000235 0.174860
0.000317 0.198302
0.000212 0.222394
0.000545 0.246203
0.000781 0.269747
0.000433 0.281077
0.006801 0.306826
0.043166 0.272288
0.041484 0.291453
0.087168 0.270663
0.000793 0.000926
0.000505 0.031631
0.000396 0.062862
0.001008 0.084173
0.000620 0.106094
0.000343 0.139770
0.000020 0.163118
0.018939 0.150990
0.019868 0.167268
0.022063 0.183411
0.024504 0.217763
0.034141 0.227380
0.028136 0.257688
0.064451 0.277904
0.015911 0.000669
0.019638 0.013736
0.011969 0.031300
0.015341 0.048890
0.014022 0.067571
0.013703 0.090472
0.015263 0.113497
0.017703 0.132431
0.034435 0.148504
0.037164 0.174303
0.018158 0.202540
0.038695 0.205561
0.024036 0.242738
0.046349 0.233898
0.089912 0.263403
0.026426 0.001364
0.031501 0.020894
0.025737 0.034573
0.027079 0.056877
0.024328 0.078331
0.026348 0.098952
0.029525 0.116088
0.034204 0.132863
0.043844 0.159913
0.055883 0.177830
0.037562 0.191882
0.062281 0.204771
0.057943 0.219913
0.060641 0.247392
0.044725 0.000668
0.035524 0.000554
0.042679 0.031949
0.036001 0.046104
0.036280 0.067969
0.038518 0.084951
0.041421 0.099100
0.045344 0.114084
0.048103 0.132083
0.056716 0.144864
0.060726 0.162916
0.057924 0.192880
0.078513 0.211108
0.086609 0.237514
0.117113 0.274261
0.054470 0.000495
0.043663 0.015814
0.052340 0.041710
0.047642 0.055645
0.050308 0.070739
0.054269 0.086170
0.058463 0.100711
0.061169 0.116081
0.065265 0.131945
0.073123 0.150839
0.073480 0.175111
0.078312 0.188304
0.071161 0.226503
0.081903 0.251817
0.065257 0.000484
0.058218 0.012030
0.059438 0.027471
0.067376 0.039948
0.062887 0.055476
0.066176 0.070313
0.069810 0.086059
0.074337 0.100779
0.077908 0.116691
0.081111 0.135697
0.085733 0.159222
0.092079 0.175576
0.090066 0.198913
0.092289 0.221862
0.105195 0.264321
0.074446 0.000262
0.073241 0.018361
0.078634 0.031146
0.079779 0.046564
0.079982 0.060087
0.082859 0.073202
0.086467 0.088546
0.090439 0.105421
0.093360 0.123344
0.093446 0.143148
0.103868 0.162406
0.102824 0.186983
0.103804 0.209540
0.102567 0.235727
0.082530 0.000287
0.090974 0.000355
0.087335 0.017666
0.094072 0.034998
0.095672 0.048137
0.096271 0.063527
0.099895 0.077563
0.103270 0.092947
0.105075 0.110898
0.107887 0.128436
0.109710 0.147059
0.113643 0.175088
0.116751 0.199949
0.117925 0.220409
0.126587 0.264001
0.099377 0.000370
0.101280 0.016811
0.107132 0.029376
0.111466 0.041666
0.111403 0.055417
0.114805 0.069759
0.116727 0.084008
0.119455 0.100162
0.120992 0.118241
0.123233 0.136450
0.123386 0.160118
0.126749 0.183362
0.129492 0.209368
0.119836 0.236748
0.107752 0.000492
0.123404 0.000447
0.119112 0.018232
0.123766 0.033873
0.127261 0.047536
0.128982 0.061547
0.132158 0.076541
0.133517 0.090869
0.135078 0.107883
0.135159 0.127049
0.136738 0.146060
0.136099 0.170063
0.140565 0.195655
0.138219 0.233592
0.138170 0.262111
0.115588 0.000726
0.134334 0.017274
0.138604 0.029107
0.142370 0.040619
0.144039 0.054789
0.146790 0.068936
0.148597 0.083739
0.149869 0.099870
0.150636 0.118098
0.149601 0.135570
0.148639 0.159242
0.151466 0.176199
0.147336 0.209891
0.132929 0.248152
0.131122 0.000036
0.154504 0.001034
0.151996 0.019586
0.155342 0.034969
0.159426 0.048813
0.162149 0.063032
0.163966 0.077938
0.164947 0.093336
0.165467 0.109908
0.164688 0.126209
0.162771 0.147073
0.165204 0.166937
0.158331 0.194435
0.149039 0.229302
0.157657 0.257837
0.139102 0.000495
0.167188 0.017198
0.169661 0.030990
0.173310 0.042456
0.176399 0.056944
0.178805 0.072524
0.180939 0.087611
0.180440 0.104563
0.181795 0.122261
0.179341 0.136614
0.177071 0.158241
0.172367 0.181652
0.165895 0.213589
0.161259 0.238024
0.146859 0.000437
0.185738 0.000778
0.182142 0.019987
0.186079 0.036678
0.191416 0.051410
0.193223 0.066105
0.195096 0.081569
0.196028 0.097022
0.196004 0.116084
0.196761 0.134419
0.192888 0.149617
0.188039 0.170860
0.177835 0.206310
0.182498 0.227333
0.169020 0.261872
0.162013 0.001076
0.194903 0.018699
0.199650 0.033525
0.205135 0.044878
0.207848 0.060251
0.209106 0.076161
0.210768 0.092104
0.211860 0.109736
0.212954 0.129050
0.213844 0.146100
0.203128 0.164154
0.187730 0.191321
0.197961 0.224422
0.180782 0.263089
0.169963 0.000699
0.213751 0.008138
0.210831 0.024517
0.218180 0.038990
0.221209 0.054190
0.223336 0.068966
0.225287 0.085423
0.227515 0.102189
0.226503 0.121061
0.227441 0.139853
0.229485 0.161295
0.203188 0.181221
0.198891 0.204740
0.179548 0.244728
0.194368 0.265175
0.177771 0.001251
0.224289 0.022872
0.233006 0.034066
0.234367 0.047426
0.236935 0.061617
0.238835 0.079054
0.240888 0.096326
0.241704 0.113940
0.242610 0.135337
0.247788 0.151370
0.218769 0.173408
0.216025 0.193667
0.212367 0.220156
0.209791 0.246077
0.193455 0.000415
0.235027 0.009338
0.242979 0.023465
0.247574 0.038463
0.250551 0.054857
0.252004 0.068925
0.252289 0.086974
0.256343 0.105873
0.256326 0.128274
0.261587 0.157362
0.242164 0.174184
0.239136 0.209199
0.224412 0.204012
0.256995 0.250190
0.231343 0.252555
0.201364 0.000423
0.255372 0.017261
0.260629 0.032992
0.263367 0.047640
0.265005 0.063546
0.267329 0.080223
0.265671 0.095111
0.273691 0.118657
0.268338 0.141238
0.265411 0.176913
0.231492 0.183492
0.255031 0.207598
0.234010 0.223107
0.202429 0.254787
0.210914 0.000271
0.266905 0.000180
0.269446 0.020399
0.274717 0.037579
0.277423 0.055052
0.280037 0.068573
0.282842 0.087999
0.278978 0.102488
0.282316 0.132935
0.284843 0.154256
0.285548 0.190478
0.267716 0.198852
0.255165 0.186668
0.284453 0.260715
0.228196 0.242935
0.222140 0.000636
0.282501 0.019431
0.287135 0.034363
0.289728 0.049400
0.295001 0.064830
0.293708 0.082672
0.295523 0.101635
0.293057 0.117517
0.298083 0.140755
0.279326 0.178348
0.303983 0.203629
0.280289 0.218382
0.260359 0.217350
0.256094 0.263978
0.230822 0.000452
0.298585 0.000067
0.296859 0.020805
0.300868 0.038507
0.303704 0.055364
0.308540 0.074244
0.307119 0.090072
0.314588 0.105825
0.307415 0.121632
0.323995 0.152098
0.306124 0.154774
0.298506 0.169514
0.298595 0.217128
0.304478 0.239948
0.262716 0.253980
0.242173 0.000439
0.309031 0.019441
0.313559 0.036215
0.317115 0.051722
0.319878 0.066436
0.324449 0.082390
0.324248 0.096595
0.327001 0.121147
0.317793 0.135416
0.334508 0.185046
0.306162 0.183688
0.320079 0.213216
0.293815 0.232188
0.277205 0.237665
0.250655 0.000161
0.322401 0.000145
0.321418 0.022864
0.326858 0.039540
0.331131 0.055016
0.335513 0.070761
0.339768 0.090304
0.338466 0.105896
0.338467 0.138708
0.340962 0.152297
0.343497 0.173399
0.322094 0.174192
0.334041 0.230896
0.318532 0.257608
0.288278 0.268192
0.258838 0.000458
0.334660 0.018371
0.338978 0.035943
0.344255 0.053353
0.349150 0.069051
0.355661 0.083122
0.352781 0.098916
0.345460 0.122515
0.355771 0.142994
0.360863 0.159591
0.320046 0.197867
0.336771 0.215424
0.329212 0.260532
0.300681 0.263932
0.274819 0.000619
0.346638 0.000110
0.347788 0.023823
0.354174 0.039896
0.358791 0.055173
0.365946 0.071738
0.366693 0.093332
0.358590 0.118388
0.370450 0.135602
0.376350 0.153209
0.374315 0.177737
0.352758 0.193690
0.381112 0.219697
0.324675 0.248533
0.350293 0.230781
0.282735 0.001260
0.360314 0.020498
0.366416 0.037209
0.374803 0.056677
0.382545 0.068163
0.378950 0.085154
0.385352 0.103410
0.371628 0.107531
0.381204 0.125841
0.386178 0.139278
0.358506 0.180697
0.359600 0.258172
0.413097 0.286676
0.389852 0.276373
0.290692 0.000993
0.370441 0.000778
0.377797 0.042797
0.389046 0.036494
0.392682 0.055139
0.393893 0.076226
0.394422 0.093558
0.407427 0.105597
0.393834 0.118421
0.401710 0.151231
0.388621 0.165217
0.386083 0.187481
0.377508 0.197308
0.358230 0.205143
0.356334 0.258498
0.306583 0.000755
0.373348 0.022598
0.402858 0.039854
0.409193 0.050948
0.408042 0.067636
0.416814 0.079274
0.408994 0.088639
0.408129 0.122140
0.408462 0.134843
0.402771 0.173264
0.403126 0.190839
0.392358 0.230298
0.391480 0.274629
0.382128 0.240114
0.314563 0.000760
0.387776 0.021620
0.412895 0.032572
0.422793 0.055710
0.428199 0.073324
0.437776 0.095786
0.437246 0.114590
0.422205 0.098969
0.422798 0.116463
0.418051 0.173609
0.428893 0.186851
0.419412 0.200808
0.391755 0.206980
0.368646 0.234866
0.355008 0.221385
0.330312 0.000824
0.402253 0.021432
0.439301 0.034394
0.424894 0.039615
0.441470 0.063626
0.441414 0.078782
0.450379 0.103945
0.455080 0.122498
0.427149 0.144661
0.414368 0.155515
0.431802 0.167551
0.411214 0.214545
0.411576 0.280332
0.395379 0.257961
0.338481 0.000263
0.410085 0.000851
0.420682 0.019476
0.437073 0.020059
0.440719 0.050100
0.457126 0.067606
0.453701 0.082590
0.466595 0.112254
0.429065 0.131946
0.437275 0.157374
0.451708 0.174406
0.425913 0.214180
0.443167 0.221342
0.413794 0.236431
0.436808 0.269244
0.354576 0.000942
0.454173 0.026085
0.453690 0.047851
0.468211 0.081117
0.466451 0.096468
0.473729 0.125939
0.461963 0.138540
0.447638 0.133844
0.459420 0.200980
0.449939 0.210981
0.441208 0.191327
0.467536 0.224981
0.456147 0.299277
0.411910 0.254399
0.362505 0.000868
0.418112 0.000883
0.480086 0.000299
0.466260 0.022964
0.463440 0.039420
0.483908 0.092645
0.498018 0.105322
0.482779 0.107431
0.484295 0.177920
0.450392 0.154453
0.479944 0.238386
0.472142 0.210221
0.457835 0.242453
0.432749 0.231653
0.449384 0.275317
0.378236 0.000403
0.465068 0.000524
0.478904 0.038300
0.467914 0.056679
0.490334 0.123522
0.501653 0.129764
0.483134 0.140739
0.463828 0.171800
0.485321 0.194410
0.485926 0.256522
0.464131 0.254615
0.477831 0.301481
0.448172 0.256055
0.427510 0.244471
0.386127 0.000644
0.457515 0.000405
0.487461 0.001097
0.480780 0.022843
0.524569 0.073771
0.532739 0.163866
0.499158 0.152618
0.484974 0.161617
0.518136 0.522857
0.482367 0.330773
0.479584 0.379175
0.574249 0.451574
0.509907 0.431989
0.458279 0.352822
0.460296 0.312466
0.426138 0.000159
0.472641 0.001071
0.582128 0.036456
0.498109 0.061241
0.483980 0.051018
0.501048 0.175484
0.522816 0.184875
0.468091 0.155166
0.498686 0.205580
0.466514 0.187590
0.480308 0.280037
0.461211 0.329266
0.464334 0.283216
0.433174 0.288197
0.402090 0.000331
0.442138 0.001364
0.510432 0.000569
0.491896 0.035140
0.515757 0.529780
0.506318 0.094236
0.519862 0.403797
0.500806 0.189859
0.499960 0.238988
0.485948 0.221964
0.566247 0.474713
0.543038 0.391320
0.537191 0.401674
0.472920 0.368291
0.449216 0.346817
0.533606 0.000646
0.502718 0.000021
0.434121 0.001313
0.402974 0.447227
0.513758 0.064004
0.509575 0.114215
0.522131 0.236794
0.526990 0.552724
0.502441 0.424728
0.492143 0.379412
0.568843 0.460749
0.537703 0.388048
0.493575 0.364871
0.509542 0.322999
0.595758 0.000433
0.549636 0.000505
0.394082 0.000085
0.494968 0.000110
0.522735 0.022103
0.488451 0.080532
0.522592 0.105314
0.511626 0.166738
0.505970 0.226473
0.510498 0.279890
0.501834 0.257303
0.505969 0.311402
0.521195 0.293437
0.506953 0.357022
0.534181 0.334538
0.587916 0.000562
0.518090 0.000443
0.449872 0.000809
0.507001 0.032384
0.480715 0.065701
0.564746 0.445441
0.475868 0.346545
0.493968 0.272622
0.501035 0.338321
0.524316 0.549737
0.490683 0.303009
0.515457 0.437257
0.511691 0.389599
0.556077 0.292983
0.611331 0.000447
0.564846 0.000659
0.500895 0.021343
0.525831 0.000750
0.504129 0.078844
0.523445 0.051860
0.519525 0.087673
0.511104 0.142610
0.519941 0.142118
0.513387 0.202631
0.527887 0.210065
0.531783 0.274524
0.533890 0.318692
0.523077 0.334043
0.571054 0.229535
0.626788 0.001230
0.541539 0.000616
0.542985 0.021146
0.523309 0.034158
0.503550 0.050130
0.535949 0.089665
0.524243 0.124189
0.538179 0.133476
0.534137 0.151056
0.535777 0.188122
0.521176 0.259251
0.533050 0.243880
0.534575 0.294785
0.548735 0.294221
0.634391 0.000862
0.557410 0.000590
0.573052 0.025666
0.548782 0.034166
0.535125 0.037677
0.534062 0.107067
0.545065 0.114839
0.551829 0.137260
0.554205 0.162102
0.546950 0.203719
0.535837 0.225081
0.551590 0.230158
0.548220 0.265892
0.570235 0.219563
0.558709 0.260073
0.649846 0.000831
0.586728 0.020661
0.561726 0.043331
0.556308 0.025697
0.538148 0.058593
0.544902 0.071249
0.548441 0.088689
0.556507 0.103129
0.559879 0.151140
0.545585 0.182764
0.558664 0.213304
0.566339 0.199097
0.552982 0.250535
0.580920 0.253979
0.657703 0.000629
0.572413 0.000519
0.599395 0.025741
0.558583 0.058857
0.547049 0.047536
0.575852 0.059766
0.561479 0.075195
0.564808 0.090707
0.560497 0.125286
0.576681 0.151297
0.571830 0.168734
0.587677 0.210451
0.613289 0.226504
0.582571 0.243793
0.615304 0.262019
0.673545 0.000308
0.580013 0.000069
0.603566 0.000000
0.586106 0.052807
0.578539 0.075194
0.577749 0.092072
0.570163 0.111329
0.573421 0.131122
0.587723 0.140397
0.590357 0.161039
0.561903 0.178180
0.598127 0.218848
0.579546 0.271642
0.572458 0.280003
0.681604 0.001273
0.619168 0.000438
0.613185 0.020740
0.597923 0.043914
0.597508 0.065817
0.589946 0.080653
0.590359 0.099668
0.585696 0.118381
0.598462 0.120760
0.602248 0.137254
0.578122 0.186663
0.591172 0.183277
0.607441 0.187598
0.626711 0.206588
0.664929 0.273636
0.697514 0.000181
0.626570 0.026623
0.623508 0.044005
0.610604 0.037448
0.611085 0.053673
0.611526 0.070206
0.602856 0.085341
0.604295 0.103300
0.613814 0.145470
0.605566 0.162006
0.624322 0.187547
0.605359 0.242012
0.613444 0.282636
0.640400 0.257853
0.705613 0.000735
0.642115 0.000617
0.638990 0.024534
0.636756 0.042310
0.628312 0.056988
0.624223 0.074078
0.616808 0.089725
0.618409 0.104960
0.616535 0.125539
0.627191 0.154952
0.614820 0.171488
0.646420 0.189888
0.605157 0.203271
0.628087 0.224861
0.667404 0.256408
0.714074 0.000984
0.653266 0.021123
0.650693 0.038842
0.643739 0.057633
0.640718 0.072561
0.633486 0.086727
0.640641 0.099849
0.633546 0.113781
0.630064 0.130887
0.636251 0.176938
0.655880 0.218848
0.643474 0.209107
0.626082 0.245625
0.628376 0.272854
0.730895 0.000596
0.665630 0.001002
0.668692 0.021707
0.664435 0.039689
0.657932 0.055396
0.655277 0.075066
0.653000 0.089208
0.648428 0.113605
0.646498 0.131467
0.639187 0.151069
0.650020 0.166456
0.668751 0.171268
0.647945 0.234643
0.650082 0.245492
0.692167 0.239602
0.739667 0.000231
0.683007 0.018711
0.678835 0.035216
0.673955 0.050021
0.669206 0.065567
0.669306 0.082262
0.662700 0.101508
0.663608 0.120454
0.657727 0.138970
0.664775 0.151597
0.658573 0.186951
0.604784 0.283009
0.715273 0.212504
0.678856 0.273452
0.748455 0.000695
0.689653 0.000280
0.696090 0.023310
0.691709 0.040263
0.686837 0.056088
0.683966 0.070717
0.680217 0.088275
0.675669 0.107270
0.688053 0.113269
0.680918 0.128394
0.680671 0.178375
0.701898 0.194760
0.672008 0.208104
0.713122 0.266955
0.675575 0.278869
0.757770 0.000982
0.709540 0.016951
0.706372 0.033317
0.702826 0.047879
0.700009 0.064133
0.696928 0.079358
0.692443 0.094829
0.692546 0.135385
0.679725 0.148738
0.714592 0.153743
0.674638 0.238118
0.675559 0.224966
0.753014 0.235460
0.743909 0.270014
0.766097 0.000726
0.722476 0.000862
0.722016 0.020606
0.718941 0.038040
0.715542 0.052926
0.711880 0.071187
0.707217 0.089633
0.702750 0.111261
0.712214 0.135589
0.687828 0.193781
0.728932 0.144502
0.697070 0.172071
0.716904 0.205430
0.708699 0.250877
0.723274 0.251067
0.781766 0.000953
0.736099 0.014438
0.733316 0.031609
0.729554 0.046450
0.727353 0.062660
0.724217 0.079743
0.719410 0.096008
0.715279 0.113057
0.697844 0.147236
0.731056 0.168103
0.735138 0.210130
0.701020 0.229713
0.739453 0.216797
0.736281 0.240790
0.789649 0.000599
0.755035 0.013179
0.748413 0.026732
0.744172 0.041043
0.742932 0.055831
0.740737 0.070462
0.736455 0.086460
0.733372 0.103142
0.727763 0.120633
0.742332 0.133642
0.710173 0.178104
0.732014 0.182353
0.769127 0.208778
0.790761 0.243892
0.767849 0.263340
0.797588 0.001080
0.769534 0.018757
0.760948 0.032653
0.758253 0.045812
0.755502 0.062687
0.753016 0.080824
0.749989 0.095822
0.747810 0.115536
0.766107 0.140230
0.749537 0.175310
0.756020 0.201702
0.764852 0.230697
0.767325 0.257248
0.736468 0.265650
0.813029 0.000857
0.773910 0.000239
0.781202 0.019661
0.773385 0.037688
0.771034 0.052565
0.769330 0.067527
0.766261 0.084179
0.763854 0.100780
0.758787 0.125525
0.750108 0.150695
0.760197 0.166474
0.783527 0.181621
0.802728 0.206069
0.805634 0.251638
0.786808 0.264776
0.820507 0.000730
0.794081 0.015446
0.790346 0.032407
0.784736 0.043702
0.784355 0.059121
0.782400 0.077318
0.778397 0.093957
0.775281 0.112439
0.779776 0.131375
0.787445 0.154463
0.769081 0.186131
0.798174 0.189942
0.780698 0.226041
0.796723 0.219812
0.828297 0.000324
0.805238 0.001178
0.806407 0.019702
0.802088 0.037616
0.798491 0.052184
0.797260 0.066694
0.794799 0.084156
0.791732 0.099301
0.793240 0.118636
0.776354 0.165079
0.802243 0.170015
0.782168 0.208857
0.817870 0.204097
0.798584 0.265015
0.821187 0.262682
0.843074 0.001126
0.821272 0.016498
0.817487 0.030212
0.814078 0.043129
0.812546 0.058367
0.810436 0.074410
0.808562 0.089912
0.805077 0.109018
0.794987 0.137036
0.801753 0.154145
0.813587 0.175629
0.818836 0.188670
0.809131 0.234327
0.830735 0.239319
0.850880 0.000198
0.836056 0.000548
0.834561 0.021436
0.830220 0.037129
0.827880 0.051566
0.826009 0.065265
0.823963 0.081599
0.819493 0.099084
0.817491 0.120821
0.809014 0.132659
0.820129 0.151346
0.829239 0.174537
0.837481 0.202682
0.826873 0.218530
0.830109 0.262115
0.863710 0.000094
0.849243 0.018133
0.847450 0.030280
0.843621 0.042310
0.842986 0.056730
0.840054 0.071785
0.837485 0.087194
0.834390 0.102544
0.830430 0.120062
0.830266 0.135603
0.833209 0.154187
0.840010 0.182356
0.849693 0.213155
0.843062 0.242507
0.873395 0.000368
0.860488 0.001225
0.863649 0.023132
0.860583 0.036754
0.860502 0.050366
0.856991 0.063517
0.854741 0.077905
0.852259 0.092144
0.849212 0.108653
0.846743 0.125027
0.846349 0.144309
0.846758 0.159540
0.854773 0.187705
0.849595 0.230986
0.848615 0.260953
0.882030 0.000932
0.878084 0.015533
0.877916 0.029309
0.876447 0.042112
0.876558 0.055534
0.871885 0.068612
0.870625 0.082189
0.866631 0.097769
0.863052 0.114725
0.861530 0.130923
0.863490 0.150765
0.856348 0.171777
0.860066 0.207039
0.865561 0.241207
0.891471 0.000193
0.898152 0.001086
0.892634 0.022001
0.892153 0.036810
0.894613 0.048920
0.890865 0.062760
0.888330 0.075631
0.884591 0.090184
0.881206 0.105234
0.877605 0.122598
0.876068 0.137061
0.872592 0.165310
0.871389 0.188903
0.868503 0.227482
0.854216 0.265912
0.904998 0.000333
0.911857 0.014288
0.904634 0.027894
0.911474 0.040432
0.908933 0.055012
0.906363 0.069592
0.902798 0.083044
0.899257 0.099008
0.894697 0.114258
0.891610 0.132534
0.882051 0.153462
0.884146 0.173912
0.877374 0.205156
0.883127 0.235892
0.914362 0.000608
0.928362 0.014033
0.919920 0.028952
0.930035 0.038835
0.923341 0.051584
0.923178 0.067117
0.921679 0.081383
0.915575 0.094098
0.912679 0.109849
0.905166 0.126089
0.898434 0.146504
0.896671 0.165164
0.888243 0.191839
0.888608 0.219014
0.871811 0.258777
0.923871 0.000223
0.937662 0.025940
0.946447 0.037523
0.938994 0.052827
0.937970 0.067373
0.938889 0.082364
0.934406 0.095917
0.928213 0.109801
0.920424 0.125753
0.914753 0.142206
0.912319 0.159844
0.903448 0.179179
0.899003 0.202901
0.884880 0.262474
0.933908 0.000032
0.944959 0.011438
0.955080 0.024068
0.953742 0.051608
0.955593 0.065634
0.954185 0.079853
0.952424 0.097234
0.945464 0.109890
0.937548 0.124274
0.930663 0.141592
0.929708 0.157386
0.921495 0.172857
0.918683 0.188957
0.896963 0.236641
0.911631 0.235289
0.944599 0.000311
0.964920 0.010933
0.961771 0.038559
0.969151 0.056578
0.967784 0.088079
0.967468 0.103776
0.963760 0.116863
0.954082 0.128797
0.945673 0.142630
0.946455 0.161216
0.939815 0.175766
0.939103 0.189679
0.907940 0.209941
0.948380 0.261490
0.955116 0.000415
0.976238 0.000243
0.970863 0.027385
0.976355 0.042560
0.970331 0.072118
0.982476 0.093523
0.978000 0.126502
0.966030 0.139172
0.960554 0.153644
0.970257 0.166219
0.959821 0.192009
0.944508 0.208399
0.937116 0.221476
0.919406 0.221079
0.893253 0.267650
0.965761 0.001223
0.981829 0.018418
0.988009 0.035255
0.983644 0.059312
0.985661 0.076298
0.985319 0.111381
0.982393 0.144556
0.983042 0.164142
0.977502 0.187422
0.958794 0.176902
0.973671 0.236100
0.927653 0.202589
0.930060 0.240777
0.916776 0.249653
0.986693 0.001036
0.999006 0.023035
0.999409 0.044447
0.999479 0.076017
0.999321 0.108684
0.999507 0.142106
0.999203 0.177954
0.999548 0.211848
0.972692 0.203872
0.977786 0.219618
0.962008 0.213520
0.955138 0.231418
0.970440 0.248737
0.971782 0.270814
0.916793 0.268945
0.999315 0.000442
0.998841 0.033497
0.999005 0.064909
0.999553 0.097566
0.999246 0.130653
0.999189 0.166553
0.999386 0.200162
0.999533 0.235739
0.999641 0.258608
0.999411 0.282068
0.993777 0.308141
0.992425 0.313916
0.906829 0.269477
0.946278 0.245987
0.998726 0.000476
0.999812 0.012134
0.999659 0.054516
0.999014 0.086981
0.999092 0.120136
0.999485 0.154100
0.999912 0.189380
0.999603 0.223927
0.999808 0.247257
0.999507 0.270354
0.999663 0.293876
0.947579 0.280034
0.979447 0.309385
0.936725 0.272130
0.964096 0.271614
