0.000580 0.010020
0.000175 0.042501
0.000138 0.074314
0.000380 0.117809
0.000311 0.151773
0.000546 0.186434
0.000147 0.211295
0.000354 0.235317
0.000106 0.259739
0.002529 0.295165
0.053205 0.248843
0.026250 0.291712
0.033293 0.286885
0.057472 0.274300
0.000707 0.001291
0.000186 0.020843
0.000200 0.052921
0.000032 0.095841
0.000461 0.129261
0.000526 0.174983
0.001085 0.198374
0.000219 0.223911
0.000337 0.247399
0.000554 0.271866
0.000293 0.283034
0.012805 0.303646
0.042587 0.261264
0.046287 0.282197
0.093102 0.274505
0.000543 0.000720
0.000367 0.031814
0.000684 0.063382
0.000546 0.084632
0.000354 0.106847
0.001024 0.140560
0.000232 0.163429
0.016302 0.162947
0.020047 0.179183
0.018161 0.195277
0.020507 0.225835
0.031347 0.235665
0.024612 0.258463
0.073152 0.265357
0.014928 0.000930
0.018298 0.011937
0.010671 0.030682
0.013933 0.051742
0.014590 0.072922
0.014593 0.098537
0.015376 0.123623
0.017486 0.144496
0.032378 0.160306
0.036202 0.185228
0.015315 0.212001
0.038707 0.217154
0.018974 0.249781
0.048349 0.236698
0.099420 0.263027
0.025987 0.000967
0.027827 0.024878
0.024898 0.038915
0.026868 0.063194
0.024244 0.085961
0.025830 0.108509
0.030523 0.127346
0.032531 0.143101
0.041240 0.170918
0.055236 0.186437
0.035444 0.201007
0.064140 0.209270
0.054317 0.222898
0.069570 0.249299
0.044382 0.000089
0.035099 0.000621
0.040228 0.034573
0.033283 0.049236
0.036005 0.074432
0.037398 0.091531
0.040121 0.107463
0.044406 0.123397
0.047300 0.141987
0.052908 0.156428
0.059370 0.170393
0.052566 0.200581
0.080509 0.216733
0.093312 0.238925
0.128300 0.276897
0.054390 0.000502
0.039962 0.017711
0.050305 0.046478
0.045201 0.060876
0.051007 0.077119
0.053728 0.093078
0.057435 0.109469
0.060051 0.126033
0.064890 0.140867
0.072752 0.157857
0.073427 0.178912
0.077217 0.196227
0.072308 0.233329
0.078955 0.256436
0.064548 0.000480
0.055072 0.014877
0.055526 0.031758
0.065299 0.043168
0.061989 0.059928
0.064941 0.076227
0.069122 0.092163
0.073364 0.108731
0.076905 0.124638
0.079922 0.141548
0.085720 0.166672
0.092304 0.181238
0.092069 0.202092
0.095116 0.223430
0.117294 0.267220
0.073435 0.001131
0.067745 0.021030
0.077382 0.034100
0.079233 0.051372
0.077214 0.065767
0.081768 0.081512
0.086565 0.096190
0.090021 0.112225
0.092906 0.130656
0.094787 0.151331
0.104610 0.166049
0.105992 0.192176
0.109077 0.215807
0.110045 0.244868
0.081898 0.000898
0.090302 0.000739
0.083934 0.020729
0.089805 0.036544
0.094516 0.053519
0.094818 0.068375
0.099323 0.083578
0.102564 0.100205
0.105939 0.117148
0.107472 0.135853
0.111992 0.151510
0.116532 0.180244
0.122493 0.202478
0.121868 0.223779
0.136926 0.277135
0.098582 0.000461
0.099201 0.021990
0.106156 0.033261
0.109064 0.046959
0.109648 0.062358
0.114034 0.075869
0.116774 0.091715
0.118938 0.107892
0.121560 0.123729
0.124661 0.144411
0.125845 0.163372
0.131727 0.189251
0.138131 0.215751
0.120047 0.246777
0.106706 0.001005
0.122952 0.000018
0.115591 0.020848
0.122152 0.035024
0.125345 0.052221
0.127498 0.067552
0.131551 0.082241
0.133893 0.099182
0.136273 0.115095
0.137045 0.132059
0.138512 0.152990
0.139936 0.176285
0.147474 0.197645
0.140988 0.239465
0.159470 0.274658
0.114781 0.001009
0.131482 0.021873
0.137615 0.033584
0.140820 0.047355
0.142535 0.061710
0.146688 0.075560
0.149047 0.091387
0.150502 0.107933
0.151485 0.124500
0.153115 0.144019
0.152385 0.162632
0.156070 0.182754
0.154927 0.217680
0.138637 0.254216
0.130933 0.000281
0.154545 0.000781
0.148839 0.021428
0.153327 0.035757
0.157266 0.054153
0.161334 0.069613
0.164222 0.085366
0.166156 0.101651
0.167206 0.117645
0.167558 0.135632
0.166086 0.152475
0.170154 0.174882
0.168833 0.200429
0.157351 0.233067
0.164238 0.265269
0.138884 0.000960
0.164118 0.022085
0.167940 0.034813
0.172527 0.049626
0.176422 0.063911
0.178801 0.079783
0.180793 0.097238
0.183355 0.113828
0.184689 0.130248
0.182847 0.146901
0.182763 0.162527
0.178807 0.189002
0.171920 0.220663
0.171957 0.246828
0.146672 0.000118
0.186190 0.000382
0.179807 0.022731
0.183453 0.037919
0.189889 0.056763
0.192475 0.073298
0.195748 0.090727
0.197718 0.110121
0.201752 0.126304
0.202424 0.144125
0.199856 0.158683
0.194114 0.179686
0.187797 0.216553
0.191896 0.234368
0.173990 0.280677
0.162461 0.000079
0.194930 0.021211
0.196519 0.037517
0.204853 0.051756
0.206186 0.067791
0.209722 0.085176
0.212926 0.104817
0.214828 0.121595
0.218489 0.141562
0.219937 0.159101
0.211724 0.172006
0.193076 0.200133
0.209593 0.235520
0.190395 0.274685
0.170440 0.000376
0.215001 0.014589
0.206974 0.028531
0.217099 0.042542
0.219865 0.060993
0.223328 0.079435
0.226121 0.097090
0.228785 0.116156
0.232494 0.134331
0.236426 0.155410
0.239404 0.169255
0.210011 0.190782
0.205802 0.216962
0.188983 0.253251
0.202847 0.279916
0.178297 0.001067
0.223265 0.028141
0.232241 0.039029
0.234080 0.054153
0.236742 0.070857
0.239219 0.089367
0.244105 0.111983
0.246682 0.129823
0.250759 0.150804
0.256344 0.167515
0.227294 0.181887
0.220797 0.202092
0.222553 0.229821
0.221121 0.264133
0.194157 0.000934
0.235473 0.015393
0.242674 0.028723
0.248290 0.043953
0.250288 0.061359
0.252451 0.081825
0.254163 0.098732
0.260905 0.126492
0.262738 0.142311
0.272386 0.175243
0.253807 0.184404
0.250561 0.227149
0.235778 0.212983
0.258495 0.258550
0.247370 0.262657
0.202301 0.000378
0.254887 0.020089
0.260196 0.035439
0.262997 0.052642
0.265364 0.072389
0.270315 0.090565
0.268361 0.110579
0.276771 0.135952
0.274589 0.160455
0.274566 0.188009
0.243347 0.196847
0.262525 0.221596
0.240555 0.235881
0.213550 0.270471
0.211225 0.000753
0.266645 0.000527
0.269855 0.023599
0.274232 0.041756
0.277508 0.061507
0.282314 0.080828
0.282857 0.102300
0.282593 0.123593
0.286914 0.153062
0.289480 0.171329
0.299398 0.208340
0.282709 0.213951
0.259600 0.201173
0.295195 0.273031
0.235635 0.253679
0.221897 0.000157
0.283179 0.021746
0.288000 0.037024
0.290384 0.054192
0.295148 0.076388
0.297294 0.095667
0.299796 0.118653
0.297663 0.136184
0.303054 0.159250
0.289246 0.193727
0.309620 0.219199
0.291683 0.226384
0.276627 0.232601
0.264383 0.273254
0.231132 0.000392
0.298743 0.000229
0.296972 0.024139
0.301498 0.042657
0.305353 0.063347
0.309600 0.085424
0.311658 0.106290
0.317978 0.125181
0.310393 0.141783
0.327873 0.171720
0.313218 0.174234
0.303873 0.185351
0.308522 0.238314
0.324007 0.254985
0.276658 0.271248
0.241345 0.000864
0.310707 0.021655
0.313853 0.039084
0.318032 0.057035
0.322681 0.075407
0.325766 0.094333
0.330522 0.112424
0.329812 0.139494
0.320945 0.156916
0.339705 0.206831
0.313479 0.196389
0.330784 0.230888
0.307208 0.249628
0.289067 0.252150
0.250073 0.000682
0.322714 0.000294
0.324226 0.026604
0.329141 0.043173
0.334733 0.062869
0.338828 0.082782
0.343093 0.101600
0.339779 0.129318
0.338780 0.158031
0.347691 0.175656
0.344063 0.187704
0.327656 0.192731
0.341016 0.252934
0.332355 0.286851
0.300609 0.282228
0.258407 0.000257
0.336086 0.021580
0.341939 0.040076
0.347851 0.059895
0.354180 0.079154
0.358453 0.094066
0.354427 0.116599
0.348307 0.141861
0.358302 0.161787
0.364941 0.179447
0.327584 0.214245
0.343236 0.231969
0.351589 0.278466
0.316160 0.278697
0.274717 0.001276
0.346699 0.000488
0.349287 0.026620
0.354954 0.043225
0.362503 0.061168
0.370496 0.081387
0.370877 0.106900
0.362754 0.137174
0.369190 0.153882
0.379173 0.172941
0.377177 0.195758
0.351491 0.214550
0.389221 0.238737
0.335996 0.267213
0.364349 0.251776
0.282808 0.000519
0.362172 0.021221
0.368587 0.037972
0.376451 0.064329
0.387791 0.075821
0.383076 0.096215
0.386468 0.120169
0.371212 0.126696
0.383157 0.141728
0.392732 0.157211
0.361709 0.196508
0.363275 0.289854
0.438250 0.325946
0.397076 0.302950
0.290852 0.000046
0.370578 0.000281
0.380353 0.049797
0.388581 0.036505
0.395643 0.060233
0.397766 0.086218
0.397492 0.106406
0.409607 0.120365
0.397005 0.135270
0.400010 0.171310
0.390683 0.182706
0.391725 0.206944
0.379703 0.223168
0.369128 0.219990
0.367938 0.277231
0.306761 0.001104
0.377268 0.024597
0.402735 0.043818
0.411767 0.058781
0.408829 0.072720
0.420272 0.089047
0.410950 0.101216
0.413970 0.138296
0.410652 0.156785
0.403062 0.193677
0.408355 0.213150
0.405392 0.255999
0.393710 0.293819
0.397515 0.265381
0.314764 0.000238
0.392064 0.022336
0.414753 0.033661
0.427312 0.063805
0.430646 0.078901
0.441159 0.110146
0.443448 0.128101
0.427855 0.106480
0.428026 0.129190
0.419384 0.198710
0.430990 0.211225
0.427391 0.223919
0.401643 0.229584
0.372422 0.266789
0.366776 0.237846
0.330680 0.000158
0.406082 0.024366
0.442980 0.037824
0.426831 0.043704
0.446555 0.071244
0.441581 0.091716
0.456205 0.115593
0.458194 0.138294
0.426685 0.163217
0.417450 0.177627
0.437614 0.190483
0.412263 0.239498
0.426078 0.317225
0.397230 0.283704
0.338741 0.000402
0.410365 0.000647
0.424933 0.024119
0.438271 0.025967
0.439533 0.055516
0.463746 0.075769
0.456721 0.095616
0.472518 0.127058
0.432153 0.146605
0.440983 0.174052
0.450495 0.198075
0.428588 0.244152
0.451876 0.253953
0.420067 0.265525
0.438614 0.302727
0.354525 0.000290
0.452807 0.024728
0.456108 0.050569
0.472336 0.089114
0.468952 0.108968
0.478749 0.143452
0.465245 0.158197
0.445669 0.152098
0.465063 0.226085
0.450116 0.237161
0.447003 0.216868
0.468618 0.259235
0.456402 0.348932
0.420727 0.284181
0.362557 0.000781
0.418180 0.000094
0.480157 0.000009
0.468770 0.025750
0.464573 0.038755
0.489870 0.101085
0.498966 0.121061
0.484732 0.118239
0.486008 0.199242
0.456022 0.169501
0.483008 0.276338
0.478919 0.239684
0.463656 0.275089
0.438747 0.263513
0.463343 0.318172
0.378572 0.000180
0.464611 0.000753
0.479958 0.039741
0.465335 0.061577
0.494183 0.143071
0.504327 0.153496
0.481005 0.159632
0.467795 0.195514
0.487035 0.225221
0.484423 0.297806
0.467399 0.295065
0.471993 0.354902
0.447078 0.292236
0.438119 0.282363
0.386543 0.000469
0.456993 0.001111
0.487992 0.001012
0.483246 0.022627
0.527554 0.079772
0.533141 0.189787
0.498934 0.178779
0.484241 0.180610
0.517572 0.591419
0.474815 0.381658
0.479896 0.431946
0.571525 0.495286
0.510385 0.473599
0.446915 0.400495
0.458976 0.360535
0.426097 0.000825
0.472336 0.000875
0.578058 0.041086
0.497803 0.071444
0.482357 0.054910
0.505288 0.196122
0.519790 0.208912
0.472368 0.177395
0.498529 0.241060
0.468706 0.212295
0.483785 0.326784
0.457941 0.382279
0.463697 0.329083
0.434110 0.334145
0.402499 0.000575
0.441769 0.000669
0.510912 0.000908
0.495017 0.035520
0.527176 0.580607
0.506438 0.103373
0.539063 0.438100
0.501686 0.216403
0.501280 0.276830
0.487499 0.258488
0.585939 0.509937
0.550364 0.436119
0.543287 0.455968
0.472184 0.418113
0.450609 0.393892
0.533833 0.000721
0.503320 0.000186
0.433976 0.000296
0.392050 0.468821
0.513659 0.068200
0.509729 0.129585
0.521465 0.272829
0.533203 0.592550
0.506432 0.468412
0.495479 0.434142
0.579565 0.509986
0.541334 0.432426
0.494673 0.420031
0.506002 0.373320
0.595639 0.000761
0.549163 0.000613
0.394600 0.000625
0.495661 0.000943
0.522425 0.022816
0.487117 0.085427
0.520388 0.118851
0.517450 0.187630
0.509403 0.261596
0.507929 0.327254
0.501013 0.301089
0.501738 0.358714
0.517310 0.346117
0.500684 0.409726
0.532554 0.382702
0.587946 0.000242
0.518586 0.000570
0.449357 0.000356
0.511623 0.035708
0.482259 0.069872
0.600043 0.499599
0.471228 0.395462
0.495907 0.321865
0.501112 0.397817
0.528802 0.601066
0.489758 0.353610
0.507072 0.477850
0.514726 0.444560
0.555887 0.339678
0.611061 0.000935
0.564622 0.000217
0.501190 0.023372
0.526194 0.000579
0.504837 0.084959
0.521645 0.059633
0.519078 0.094897
0.508351 0.165813
0.525811 0.162589
0.513481 0.235523
0.525159 0.240968
0.523715 0.318692
0.533472 0.376221
0.521729 0.383837
0.569510 0.263564
0.626726 0.000205
0.541448 0.000546
0.537739 0.025401
0.518556 0.044351
0.499476 0.052432
0.531646 0.097296
0.523257 0.139536
0.536558 0.148240
0.535662 0.170758
0.531317 0.221056
0.515465 0.301045
0.528178 0.293005
0.528297 0.346355
0.547441 0.346405
0.634403 0.000134
0.556814 0.000571
0.568937 0.029241
0.552486 0.036934
0.533864 0.037578
0.536524 0.118790
0.543899 0.133368
0.554192 0.156190
0.548379 0.184418
0.541943 0.230996
0.530479 0.257032
0.545098 0.265509
0.541993 0.314885
0.574902 0.246083
0.552097 0.298181
0.649905 0.000563
0.583577 0.024202
0.566045 0.046386
0.559442 0.020216
0.535930 0.062896
0.542140 0.080278
0.546337 0.098964
0.552811 0.116750
0.555551 0.169432
0.542559 0.202992
0.551796 0.241297
0.562218 0.223727
0.542807 0.278550
0.567959 0.283448
0.657686 0.000812
0.572437 0.000293
0.596112 0.028871
0.557185 0.066424
0.545625 0.054070
0.571444 0.063785
0.558068 0.081488
0.562072 0.098832
0.558670 0.138557
0.575739 0.170136
0.572312 0.190565
0.583501 0.231397
0.605460 0.254634
0.577301 0.278354
0.610921 0.292094
0.673383 0.000272
0.580211 0.000447
0.603269 0.000384
0.584362 0.058136
0.572842 0.080280
0.577821 0.104742
0.567769 0.120307
0.572447 0.149652
0.585787 0.159108
0.587469 0.184112
0.557341 0.203081
0.594282 0.247502
0.560478 0.316220
0.560629 0.327997
0.681361 0.000133
0.618947 0.000655
0.612041 0.022450
0.593548 0.046450
0.592685 0.072367
0.586646 0.089762
0.586638 0.117014
0.578657 0.133187
0.597446 0.135708
0.598948 0.155968
0.573959 0.213036
0.587249 0.203052
0.604661 0.213108
0.617807 0.227633
0.652250 0.297453
0.697509 0.000588
0.622224 0.029632
0.620017 0.047549
0.606943 0.038078
0.605861 0.059098
0.606982 0.075312
0.599831 0.095425
0.601615 0.119862
0.612509 0.166095
0.600923 0.182523
0.619084 0.208484
0.591915 0.269094
0.592011 0.295104
0.639273 0.288280
0.705709 0.000268
0.642129 0.000533
0.635708 0.024165
0.635203 0.042750
0.625786 0.066586
0.620115 0.081313
0.614163 0.102280
0.616767 0.121496
0.612418 0.142260
0.623955 0.180045
0.614298 0.193095
0.638882 0.216564
0.596287 0.225926
0.623511 0.250987
0.651836 0.270207
0.714061 0.001076
0.649128 0.024506
0.648051 0.041591
0.640216 0.063910
0.636564 0.083593
0.629046 0.100828
0.635504 0.115454
0.626932 0.131462
0.625049 0.154212
0.638247 0.197634
0.652182 0.239687
0.638011 0.229013
0.610934 0.268908
0.608700 0.299893
0.730465 0.000848
0.665542 0.000109
0.662343 0.025356
0.661415 0.041156
0.653586 0.061911
0.651863 0.082018
0.647681 0.102630
0.647586 0.133277
0.640247 0.151137
0.638524 0.169864
0.648170 0.187878
0.670159 0.189751
0.633618 0.253733
0.633803 0.274317
0.684375 0.258336
0.739193 0.000015
0.678801 0.023270
0.675746 0.036170
0.670513 0.056595
0.665816 0.074382
0.663425 0.095748
0.656318 0.116932
0.661575 0.141819
0.655949 0.160754
0.658950 0.176633
0.656789 0.214182
0.591696 0.309078
0.703137 0.237435
0.673320 0.293268
0.747880 0.001113
0.689454 0.000632
0.692219 0.027167
0.687236 0.044328
0.683962 0.063794
0.679356 0.081180
0.676109 0.103839
0.670226 0.124288
0.685724 0.133938
0.676402 0.148409
0.673508 0.204539
0.693747 0.217409
0.666532 0.226186
0.709190 0.278362
0.660803 0.296000
0.756659 0.000105
0.705837 0.021563
0.704300 0.036799
0.700321 0.054366
0.698140 0.071517
0.692543 0.090783
0.689598 0.113014
0.692000 0.154491
0.675393 0.170584
0.708222 0.179588
0.664739 0.258763
0.670460 0.243584
0.745104 0.254318
0.734616 0.277366
0.765013 0.000375
0.722195 0.000785
0.721053 0.026354
0.717320 0.041673
0.713980 0.063907
0.711075 0.083055
0.703688 0.105239
0.699678 0.131163
0.709534 0.156311
0.677068 0.221002
0.727525 0.164642
0.691349 0.187970
0.708802 0.217772
0.690973 0.272510
0.705180 0.264902
0.780980 0.000337
0.735787 0.019751
0.732650 0.034935
0.730046 0.052834
0.726405 0.072037
0.719474 0.094073
0.716622 0.115645
0.715095 0.133390
0.693581 0.175074
0.721694 0.184253
0.727442 0.221101
0.690034 0.242388
0.729534 0.238593
0.726864 0.251263
0.788890 0.000535
0.755276 0.020928
0.747388 0.032133
0.745189 0.047905
0.743044 0.065901
0.739134 0.082497
0.733941 0.099985
0.732997 0.120864
0.723275 0.144225
0.737254 0.153279
0.705102 0.198543
0.727554 0.201936
0.754768 0.222121
0.785682 0.254515
0.761600 0.285186
0.796993 0.000293
0.769895 0.023590
0.762934 0.036979
0.759322 0.052612
0.757034 0.071864
0.751266 0.092598
0.747395 0.112435
0.743938 0.131403
0.762405 0.165741
0.738454 0.194791
0.743853 0.212554
0.754702 0.246864
0.752546 0.279540
0.716987 0.284100
0.812802 0.000619
0.773135 0.000678
0.783938 0.024860
0.776737 0.038472
0.771932 0.060739
0.770326 0.078457
0.766187 0.095366
0.759632 0.122070
0.756447 0.142781
0.743062 0.166527
0.748373 0.180145
0.774725 0.195659
0.797355 0.218999
0.801807 0.273309
0.773862 0.287954
0.820544 0.000271
0.798169 0.021471
0.793605 0.036004
0.787882 0.049805
0.786409 0.067175
0.781653 0.087213
0.775171 0.109047
0.772387 0.128496
0.769776 0.146178
0.776297 0.163515
0.757348 0.203113
0.788716 0.201553
0.767231 0.245625
0.787863 0.233914
0.828351 0.000298
0.804988 0.000008
0.811970 0.024586
0.806840 0.039854
0.801610 0.058906
0.798420 0.077573
0.795106 0.094513
0.789904 0.113749
0.787397 0.132250
0.768142 0.181400
0.789316 0.183873
0.775445 0.217362
0.816505 0.218053
0.789931 0.276911
0.813629 0.288346
0.843727 0.001035
0.827219 0.021157
0.822298 0.035129
0.819373 0.049779
0.815205 0.064843
0.812528 0.082334
0.808053 0.102703
0.803458 0.121636
0.788966 0.150527
0.797161 0.164758
0.806431 0.184490
0.816172 0.198543
0.804056 0.245329
0.820034 0.248182
0.851370 0.000360
0.836130 0.000506
0.840477 0.023600
0.836222 0.038760
0.832247 0.057702
0.828882 0.074552
0.824655 0.092299
0.819371 0.112396
0.813777 0.131810
0.804812 0.146839
0.814301 0.160419
0.823940 0.177688
0.833427 0.210760
0.818386 0.231328
0.819937 0.273975
0.866866 0.000985
0.854858 0.021369
0.851823 0.035851
0.849070 0.049034
0.847022 0.062790
0.842361 0.079256
0.839261 0.095984
0.834309 0.112544
0.831481 0.128146
0.824347 0.146131
0.829540 0.165824
0.835386 0.193326
0.843274 0.221723
0.838842 0.255990
0.874546 0.000327
0.858916 0.000315
0.867939 0.022789
0.866975 0.039442
0.865015 0.055954
0.859959 0.070388
0.857955 0.085550
0.853915 0.101420
0.849743 0.116484
0.844607 0.134601
0.845143 0.148665
0.845241 0.167977
0.851502 0.196980
0.841670 0.238346
0.835800 0.279415
0.882845 0.000326
0.882578 0.019616
0.882354 0.033079
0.880330 0.046960
0.882116 0.060960
0.875496 0.074119
0.873681 0.089697
0.869479 0.106049
0.864329 0.122352
0.860070 0.139759
0.861956 0.156893
0.854308 0.179663
0.859886 0.216199
0.860065 0.251087
0.890895 0.001198
0.899081 0.000390
0.897750 0.020535
0.896309 0.038974
0.899908 0.053382
0.895432 0.067641
0.891519 0.082647
0.888256 0.097596
0.883129 0.112640
0.879590 0.127358
0.875870 0.146104
0.868405 0.173573
0.867735 0.193011
0.867844 0.229949
0.846299 0.285030
0.907028 0.000230
0.915405 0.018865
0.908442 0.031012
0.914748 0.044085
0.913166 0.061254
0.910912 0.075840
0.906964 0.089980
0.902872 0.105016
0.896519 0.120621
0.892663 0.139968
0.882773 0.158832
0.884517 0.180573
0.875081 0.214646
0.878144 0.247754
0.915745 0.000816
0.932898 0.017028
0.925590 0.031109
0.934471 0.042787
0.927285 0.056448
0.926898 0.073229
0.926729 0.088400
0.920206 0.101479
0.914369 0.116803
0.907349 0.133832
0.900067 0.154270
0.898507 0.170273
0.885149 0.195266
0.888160 0.223266
0.858544 0.271263
0.924920 0.001062
0.942615 0.029171
0.949967 0.041293
0.941784 0.058585
0.943138 0.073667
0.942224 0.089576
0.937007 0.104587
0.931257 0.118575
0.923845 0.133391
0.916600 0.150074
0.914561 0.166871
0.903798 0.187534
0.897272 0.204938
0.871619 0.270700
0.934430 0.000410
0.950651 0.011517
0.959045 0.026615
0.957510 0.056014
0.958241 0.071787
0.956895 0.088583
0.954204 0.105394
0.949059 0.120281
0.940262 0.134826
0.933642 0.149443
0.931749 0.165965
0.924073 0.182594
0.916562 0.195401
0.891648 0.249121
0.904168 0.237066
0.944409 0.000976
0.969306 0.010710
0.964927 0.042736
0.971389 0.061551
0.969049 0.096923
0.970466 0.113422
0.964633 0.127038
0.956707 0.138120
0.949910 0.154147
0.947377 0.171618
0.940772 0.185895
0.942292 0.201786
0.906623 0.216932
0.939566 0.264987
0.955597 0.000433
0.976896 0.000448
0.972300 0.029519
0.978152 0.046699
0.971261 0.079890
0.983990 0.102374
0.980777 0.139081
0.968702 0.149067
0.964501 0.164528
0.969091 0.179605
0.961127 0.205165
0.945305 0.217825
0.935655 0.231326
0.919223 0.223877
0.884379 0.281317
0.966111 0.001133
0.983839 0.018660
0.990585 0.036421
0.986364 0.062940
0.985030 0.082728
0.983052 0.122212
0.982218 0.157983
0.984700 0.178426
0.979332 0.198762
0.959362 0.189307
0.974663 0.245468
0.926269 0.208443
0.924896 0.247148
0.909211 0.254733
0.987207 0.000228
0.999785 0.022739
0.999051 0.045048
0.999660 0.076315
0.999443 0.109414
0.999767 0.142987
0.999564 0.178480
0.998796 0.212441
0.980022 0.213485
0.981139 0.232897
0.960888 0.222740
0.953389 0.237143
0.971258 0.258547
0.976747 0.273224
0.910471 0.273583
0.999794 0.000329
0.998894 0.033380
0.999523 0.065420
0.999159 0.098278
0.999838 0.132200
0.999201 0.166345
0.999513 0.201116
0.999152 0.236386
0.999363 0.259838
0.999106 0.283028
0.991807 0.306206
0.980937 0.310591
0.892706 0.270001
0.944507 0.248461
0.998753 0.000053
0.999768 0.012004
0.999137 0.054950
0.999508 0.087573
0.999291 0.121171
0.999618 0.154405
0.999354 0.189939
0.999759 0.224230
0.999831 0.248269
0.999983 0.271613
0.999766 0.294255
0.938060 0.277531
0.975576 0.299274
0.923945 0.274429
0.956376 0.269450
