0.000710 0.010569
0.000831 0.042975
0.000213 0.074502
0.000543 0.117910
0.000513 0.151566
0.000441 0.186628
0.000619 0.211169
0.000352 0.235903
0.000663 0.260892
0.004507 0.299992
0.054435 0.254578
0.028967 0.288507
0.039694 0.280561
0.067447 0.278339
0.001069 0.001185
0.000406 0.021218
0.000026 0.053382
0.000620 0.095817
0.000552 0.129290
0.000316 0.175278
0.000707 0.198323
0.000759 0.224249
0.000673 0.248131
0.000726 0.274584
0.000595 0.286861
0.015278 0.296975
0.040229 0.262198
0.052756 0.281349
0.097868 0.283919
0.000146 0.000208
0.000719 0.032407
0.000265 0.063937
0.000091 0.085239
0.000684 0.107204
0.000574 0.140355
0.000777 0.163315
0.015458 0.170893
0.021147 0.186127
0.017288 0.203228
0.019134 0.235924
0.030943 0.246253
0.025053 0.271618
0.079924 0.276345
0.014812 0.000944
0.021091 0.011871
0.012299 0.032041
0.015288 0.056960
0.015647 0.079162
0.015688 0.105847
0.015740 0.130590
0.016947 0.151859
0.032058 0.166872
0.036858 0.193065
0.016798 0.218411
0.039400 0.226074
0.014845 0.257402
0.048081 0.239598
0.108089 0.271858
0.026517 0.000323
0.027412 0.028619
0.025198 0.043515
0.027990 0.069139
0.024580 0.093223
0.026287 0.117237
0.031422 0.134921
0.032497 0.151160
0.041437 0.178893
0.058587 0.193036
0.035169 0.209222
0.070447 0.214558
0.055905 0.224229
0.076603 0.251135
0.044702 0.000816
0.035616 0.000531
0.041126 0.036590
0.034242 0.055031
0.036522 0.081236
0.038203 0.098816
0.041049 0.114128
0.044904 0.130860
0.048672 0.148724
0.052103 0.164544
0.061498 0.176352
0.051082 0.206919
0.083123 0.221193
0.100166 0.242991
0.136617 0.286506
0.054450 0.001016
0.039033 0.019696
0.050535 0.052633
0.045161 0.067066
0.052096 0.083309
0.054035 0.100774
0.057481 0.115998
0.060572 0.133695
0.065033 0.149302
0.073377 0.163596
0.076181 0.185299
0.077755 0.201502
0.077067 0.235847
0.088379 0.265832
0.063994 0.000426
0.054509 0.018266
0.054705 0.034707
0.065746 0.047465
0.062012 0.064251
0.065662 0.082187
0.069405 0.099424
0.072748 0.115163
0.077002 0.131479
0.081890 0.148243
0.088318 0.173245
0.095352 0.188101
0.097460 0.205482
0.101006 0.226255
0.125538 0.277064
0.072718 0.000796
0.068099 0.024098
0.074991 0.036744
0.079417 0.056166
0.077295 0.071164
0.082468 0.087853
0.086477 0.103483
0.090294 0.119616
0.093478 0.137209
0.095626 0.158176
0.107406 0.173410
0.110837 0.199078
0.116611 0.219714
0.114291 0.251220
0.081387 0.001187
0.089753 0.000998
0.082585 0.020999
0.090462 0.039856
0.093706 0.058238
0.092953 0.074351
0.099409 0.089443
0.102607 0.106710
0.106241 0.124773
0.108467 0.141673
0.113727 0.158736
0.120343 0.184890
0.128973 0.208311
0.130434 0.229200
0.148074 0.289066
0.098115 0.000315
0.096888 0.023316
0.105335 0.037371
0.108558 0.052280
0.109168 0.068160
0.113624 0.083451
0.117903 0.097951
0.119645 0.114556
0.122453 0.131745
0.127563 0.149882
0.128558 0.171194
0.137218 0.197372
0.145517 0.222667
0.129572 0.254301
0.106346 0.000197
0.122634 0.000371
0.113044 0.022958
0.121566 0.038726
0.123933 0.056013
0.127036 0.073163
0.131907 0.089279
0.134597 0.105012
0.137277 0.122986
0.139615 0.138927
0.141808 0.161442
0.143793 0.181921
0.154874 0.204312
0.147033 0.243585
0.175796 0.287023
0.114500 0.001187
0.129846 0.023556
0.137129 0.038184
0.140347 0.053796
0.142272 0.068342
0.147301 0.083474
0.149921 0.098444
0.153209 0.115103
0.154023 0.132236
0.154454 0.150532
0.156909 0.169998
0.161140 0.191910
0.161376 0.224014
0.148238 0.261475
0.130601 0.000308
0.154652 0.000379
0.145761 0.022996
0.152842 0.039798
0.156593 0.058523
0.162038 0.075702
0.165311 0.092935
0.168049 0.109422
0.170200 0.126521
0.171513 0.142201
0.171266 0.162661
0.174855 0.181697
0.175327 0.209577
0.166918 0.241442
0.172222 0.270321
0.138631 0.000635
0.162906 0.024061
0.167224 0.040284
0.172075 0.057054
0.177054 0.071469
0.180703 0.088622
0.183897 0.105063
0.186061 0.122868
0.188598 0.137621
0.187353 0.155899
0.187498 0.171014
0.185169 0.197995
0.178363 0.230510
0.182699 0.254999
0.146661 0.000818
0.186793 0.000500
0.178500 0.024197
0.181796 0.041191
0.190042 0.061549
0.194224 0.082596
0.198251 0.100343
0.200957 0.118407
0.205479 0.137590
0.207108 0.150857
0.204566 0.170311
0.198982 0.188465
0.195801 0.227405
0.199074 0.245487
0.179963 0.291141
0.162656 0.000032
0.193756 0.022248
0.195299 0.044560
0.205595 0.059728
0.207420 0.077376
0.211690 0.095686
0.216013 0.112726
0.221022 0.133592
0.224130 0.150367
0.225071 0.170405
0.218139 0.182412
0.199376 0.210064
0.217007 0.248620
0.198456 0.283063
0.170681 0.000033
0.215365 0.021410
0.205473 0.033384
0.216050 0.050417
0.221092 0.069307
0.225418 0.089539
0.230096 0.108909
0.233946 0.126112
0.237618 0.145053
0.241016 0.164221
0.244082 0.181474
0.215505 0.202656
0.213980 0.228408
0.196852 0.260800
0.208239 0.286502
0.178713 0.000720
0.223197 0.032360
0.232536 0.047759
0.234823 0.064315
0.238780 0.081940
0.241691 0.101550
0.249284 0.122060
0.250153 0.141106
0.256622 0.160365
0.261210 0.178904
0.234225 0.193628
0.225504 0.213377
0.229251 0.239204
0.228424 0.276004
0.195377 0.000891
0.236070 0.022440
0.244172 0.034274
0.249690 0.053943
0.251727 0.071989
0.255195 0.093975
0.257880 0.111332
0.265748 0.136294
0.269127 0.153586
0.278594 0.188903
0.258904 0.196162
0.258762 0.242176
0.241563 0.222551
0.262549 0.262331
0.257405 0.273553
0.203659 0.000498
0.255666 0.022909
0.261467 0.040706
0.265492 0.062935
0.267499 0.082430
0.272580 0.102689
0.271132 0.121556
0.281924 0.149705
0.276856 0.169275
0.278011 0.204888
0.247498 0.210897
0.269221 0.234047
0.243194 0.249620
0.219837 0.282319
0.212534 0.000018
0.266147 0.001009
0.271441 0.027544
0.276245 0.050235
0.279635 0.071173
0.284567 0.093170
0.285563 0.116328
0.288406 0.132911
0.292107 0.162167
0.294497 0.184009
0.306211 0.223453
0.285166 0.226448
0.263196 0.217724
0.300172 0.283243
0.238780 0.263528
0.221920 0.000085
0.284967 0.024930
0.289324 0.043130
0.292625 0.064823
0.297503 0.086683
0.300745 0.109374
0.303274 0.127946
0.299534 0.147421
0.306063 0.169377
0.292336 0.207128
0.314853 0.235480
0.294516 0.241354
0.284026 0.252036
0.270263 0.280827
0.231069 0.001078
0.298777 0.000373
0.300085 0.028557
0.303394 0.051661
0.307289 0.073488
0.311974 0.096629
0.315477 0.118913
0.319825 0.136441
0.314451 0.154078
0.333691 0.185747
0.317403 0.185993
0.304065 0.195359
0.314615 0.254136
0.336093 0.269814
0.286251 0.282858
0.240407 0.000372
0.313296 0.025218
0.316086 0.044989
0.320899 0.065718
0.325399 0.084531
0.327267 0.106257
0.335338 0.123912
0.329988 0.151998
0.323654 0.167109
0.345469 0.222875
0.318900 0.210351
0.336184 0.250507
0.311505 0.270348
0.292488 0.264502
0.249084 0.000443
0.322805 0.001009
0.327027 0.031367
0.330540 0.052698
0.335720 0.072665
0.341371 0.094109
0.346479 0.111545
0.342024 0.138449
0.340690 0.167616
0.352001 0.187923
0.345703 0.200638
0.332383 0.204617
0.349784 0.269018
0.340591 0.304992
0.311409 0.294880
0.257705 0.000493
0.338831 0.025274
0.344518 0.047390
0.351263 0.068603
0.356537 0.087243
0.360794 0.107453
0.355087 0.127466
0.350832 0.156709
0.359709 0.171753
0.369584 0.194356
0.330720 0.229765
0.353630 0.250315
0.363601 0.298627
0.328184 0.294041
0.274374 0.000491
0.346738 0.000428
0.352498 0.029959
0.358880 0.051267
0.364953 0.068387
0.375144 0.092329
0.373027 0.117046
0.365962 0.149865
0.372806 0.164709
0.381198 0.182572
0.380750 0.211545
0.355166 0.234134
0.391186 0.260477
0.343168 0.286353
0.373409 0.269918
0.282559 0.000930
0.364636 0.025618
0.371491 0.042086
0.378154 0.073330
0.390772 0.084622
0.384671 0.105679
0.389276 0.130691
0.372505 0.135958
0.385358 0.152611
0.396709 0.165815
0.365873 0.211368
0.365543 0.313012
0.448564 0.355128
0.402275 0.320483
0.290721 0.000749
0.370716 0.000254
0.383021 0.057536
0.390741 0.040649
0.397717 0.065619
0.402561 0.097443
0.397417 0.117758
0.411907 0.131160
0.401462 0.145872
0.403360 0.182990
0.392141 0.198460
0.394889 0.222291
0.385079 0.243778
0.373476 0.232151
0.376640 0.297094
0.306817 0.000278
0.380428 0.028249
0.402980 0.049785
0.415301 0.063446
0.410074 0.081342
0.421681 0.097273
0.412436 0.112821
0.416780 0.149910
0.413345 0.168963
0.406049 0.208944
0.412985 0.230231
0.412233 0.275564
0.394377 0.315528
0.403312 0.286224
0.314833 0.000194
0.396213 0.025438
0.417735 0.039551
0.428845 0.071122
0.434126 0.084916
0.442741 0.120050
0.448376 0.140545
0.428516 0.114457
0.429160 0.136544
0.422189 0.213450
0.434552 0.227475
0.434250 0.245894
0.407378 0.246482
0.379100 0.285100
0.374130 0.254433
0.330719 0.001050
0.410482 0.026784
0.446971 0.043260
0.426462 0.049712
0.451452 0.080163
0.442172 0.100467
0.459362 0.126699
0.459564 0.149619
0.427767 0.176695
0.422990 0.194068
0.440210 0.206140
0.414872 0.260228
0.431570 0.340066
0.400042 0.303538
0.338724 0.000923
0.410385 0.000403
0.427283 0.026963
0.440025 0.027695
0.440425 0.062051
0.463073 0.084433
0.456812 0.103873
0.474361 0.140266
0.433561 0.156312
0.442624 0.185341
0.451622 0.214513
0.435845 0.266883
0.458447 0.276009
0.423897 0.288759
0.436312 0.329455
0.354683 0.001015
0.453778 0.023644
0.456451 0.055623
0.473072 0.097998
0.472657 0.116554
0.480808 0.154323
0.466231 0.169176
0.445397 0.165298
0.468275 0.248371
0.450310 0.256938
0.454259 0.238783
0.468484 0.282684
0.453946 0.382159
0.423430 0.309018
0.362739 0.000055
0.418141 0.000191
0.480030 0.000674
0.469021 0.026002
0.465109 0.039872
0.491980 0.111336
0.499152 0.132876
0.485468 0.127052
0.487794 0.219770
0.458167 0.182587
0.484521 0.305957
0.481761 0.262043
0.467410 0.299861
0.443884 0.284917
0.472003 0.345347
0.378620 0.000365
0.464701 0.000436
0.480838 0.042389
0.463799 0.064760
0.496941 0.154932
0.506845 0.167758
0.484295 0.174702
0.470651 0.212838
0.487953 0.245072
0.480770 0.326717
0.470763 0.324450
0.470218 0.391388
0.450732 0.319636
0.442479 0.309020
0.386538 0.000431
0.456983 0.000120
0.487760 0.000111
0.486429 0.025398
0.527151 0.083918
0.531308 0.210922
0.500578 0.196586
0.485840 0.195679
0.521264 0.635487
0.471797 0.416605
0.480984 0.463994
0.582184 0.531644
0.514957 0.501281
0.441130 0.431546
0.455758 0.393700
0.425873 0.000165
0.472347 0.000427
0.578204 0.043103
0.497171 0.075666
0.481466 0.057481
0.506466 0.216281
0.516024 0.226939
0.470710 0.194068
0.497295 0.267684
0.472955 0.230397
0.482710 0.360293
0.453845 0.416789
0.463379 0.361790
0.438716 0.369040
0.402474 0.000734
0.441403 0.001123
0.510954 0.000325
0.496314 0.039088
0.534662 0.618783
0.506611 0.114054
0.546526 0.470014
0.503000 0.235162
0.501358 0.305145
0.489652 0.283777
0.602149 0.531227
0.556973 0.470836
0.543229 0.481038
0.473802 0.453078
0.448446 0.430037
0.533903 0.000672
0.503234 0.000640
0.433695 0.000563
0.384105 0.481543
0.510367 0.074285
0.510938 0.144938
0.519985 0.300065
0.537592 0.618615
0.509650 0.492594
0.497894 0.473807
0.588541 0.536118
0.543806 0.458941
0.495254 0.459306
0.502501 0.408777
0.595589 0.000163
0.549113 0.000758
0.394502 0.000671
0.495425 0.000574
0.523096 0.024898
0.486281 0.091293
0.519963 0.126989
0.522532 0.201148
0.509692 0.284909
0.508674 0.363202
0.498261 0.329708
0.498463 0.392530
0.514786 0.383384
0.497882 0.442623
0.532697 0.416864
0.587972 0.000861
0.518614 0.000187
0.449168 0.000184
0.513290 0.034905
0.481432 0.072876
0.610038 0.536459
0.469430 0.431172
0.494343 0.355968
0.500338 0.436824
0.528903 0.633985
0.488720 0.388988
0.499709 0.504799
0.517812 0.481870
0.558676 0.372490
0.611116 0.000681
0.564934 0.000663
0.503905 0.023006
0.526278 0.000557
0.506658 0.091962
0.522131 0.061497
0.516345 0.103398
0.507320 0.184037
0.528105 0.175546
0.510803 0.255977
0.525304 0.264265
0.521146 0.350245
0.535588 0.413232
0.518941 0.420074
0.564207 0.284674
0.626597 0.000123
0.541462 0.000084
0.537528 0.026839
0.519370 0.050895
0.497895 0.055437
0.529648 0.109018
0.521493 0.152004
0.535215 0.160794
0.537665 0.186085
0.527665 0.242158
0.513712 0.330307
0.527432 0.327766
0.526203 0.382624
0.544858 0.383363
0.634413 0.000465
0.556958 0.001044
0.565274 0.030090
0.550562 0.037423
0.535972 0.039260
0.535527 0.126695
0.541703 0.147565
0.555349 0.169253
0.548855 0.201751
0.542266 0.251379
0.529381 0.279541
0.545228 0.288019
0.538842 0.349095
0.572491 0.265218
0.549531 0.326705
0.650130 0.000741
0.581406 0.025259
0.562555 0.050771
0.555400 0.021918
0.536006 0.066467
0.541958 0.086628
0.546859 0.109314
0.550368 0.125959
0.556635 0.185422
0.540453 0.222110
0.550715 0.264777
0.557845 0.244126
0.538785 0.301745
0.555099 0.311453
0.658058 0.000236
0.572677 0.000552
0.593848 0.028569
0.553132 0.068988
0.546912 0.053885
0.568376 0.068351
0.555945 0.090143
0.562849 0.105800
0.558698 0.148734
0.572361 0.186698
0.570898 0.205948
0.575373 0.247263
0.602389 0.274435
0.575495 0.303329
0.607442 0.313970
0.673824 0.000037
0.580338 0.000832
0.603292 0.000631
0.586971 0.064770
0.573517 0.088445
0.579116 0.111764
0.567525 0.128284
0.572869 0.163781
0.585191 0.172573
0.584592 0.200968
0.556780 0.222524
0.589256 0.267603
0.551048 0.345657
0.556540 0.360029
0.681861 0.000086
0.618894 0.000436
0.607644 0.023855
0.592887 0.049187
0.588628 0.079744
0.585186 0.097928
0.586102 0.128058
0.576275 0.146246
0.595966 0.149321
0.599245 0.169233
0.570419 0.232030
0.585433 0.217133
0.600203 0.229949
0.612072 0.246942
0.641175 0.314981
0.697828 0.000675
0.620628 0.034197
0.618182 0.055952
0.605289 0.040893
0.604963 0.064364
0.604211 0.082595
0.599743 0.105183
0.600609 0.129166
0.612818 0.182210
0.599928 0.195884
0.618754 0.224180
0.582831 0.289563
0.575149 0.313764
0.636948 0.313070
0.706027 0.000593
0.642284 0.000417
0.631092 0.024789
0.630751 0.048464
0.622642 0.071826
0.617982 0.091347
0.611078 0.111421
0.617049 0.132764
0.611328 0.155376
0.623278 0.197382
0.613410 0.206583
0.632426 0.232239
0.592415 0.243712
0.618552 0.266586
0.645210 0.282178
0.714304 0.000455
0.644634 0.027679
0.644109 0.048138
0.635832 0.069651
0.633988 0.093694
0.626722 0.110332
0.634945 0.130469
0.627634 0.148148
0.622956 0.170707
0.637798 0.210924
0.646738 0.259719
0.631267 0.249357
0.602438 0.290809
0.595207 0.324132
0.730775 0.001133
0.665913 0.000934
0.658883 0.026876
0.659732 0.047855
0.651209 0.068712
0.649278 0.090088
0.645406 0.113436
0.646462 0.147634
0.637863 0.162290
0.637399 0.183879
0.646968 0.203823
0.671030 0.202237
0.629968 0.267817
0.623712 0.295173
0.678966 0.276950
0.739178 0.000732
0.674771 0.024253
0.672944 0.041280
0.667359 0.064989
0.663315 0.083758
0.660381 0.107929
0.653031 0.129744
0.660009 0.157384
0.656677 0.172654
0.656339 0.193983
0.654005 0.227087
0.584938 0.322659
0.699754 0.256694
0.667478 0.304090
0.747507 0.000569
0.689823 0.000987
0.689033 0.030252
0.684309 0.052888
0.681229 0.072437
0.676649 0.094269
0.673957 0.117810
0.668004 0.136738
0.683041 0.149738
0.673490 0.164771
0.671539 0.219112
0.691099 0.232142
0.659844 0.242152
0.708791 0.289607
0.658164 0.309781
0.755837 0.000776
0.703518 0.024976
0.700763 0.043191
0.698276 0.062505
0.694765 0.082579
0.689076 0.103076
0.686402 0.129008
0.692686 0.167427
0.673896 0.182672
0.704131 0.194286
0.657251 0.279317
0.666868 0.261954
0.737957 0.271751
0.727856 0.281973
0.764251 0.000769
0.722498 0.000919
0.716256 0.028884
0.714579 0.050795
0.711585 0.072592
0.707174 0.095759
0.700812 0.118067
0.696913 0.146877
0.704716 0.170265
0.677380 0.237557
0.719792 0.180685
0.684659 0.204572
0.704517 0.229439
0.677478 0.292077
0.696909 0.274179
0.780394 0.000514
0.733066 0.024362
0.729435 0.042143
0.726642 0.063615
0.724528 0.083397
0.715195 0.109874
0.713194 0.129741
0.712521 0.148578
0.689597 0.188039
0.716075 0.194929
0.720412 0.234436
0.686668 0.252918
0.722651 0.255710
0.719450 0.262734
0.788522 0.000410
0.753271 0.025608
0.744823 0.039542
0.743618 0.058566
0.741046 0.075535
0.736246 0.096513
0.730978 0.113982
0.728803 0.134834
0.719156 0.162295
0.734477 0.161483
0.700770 0.215732
0.718209 0.218972
0.749573 0.239548
0.780020 0.263220
0.758787 0.298579
0.796478 0.000239
0.768913 0.026093
0.761518 0.045038
0.759306 0.063475
0.755179 0.083693
0.749120 0.105438
0.745155 0.122564
0.737968 0.146533
0.755894 0.182136
0.732172 0.206505
0.735441 0.226869
0.750659 0.258665
0.743262 0.294067
0.706892 0.295277
0.812224 0.000136
0.772374 0.000753
0.783028 0.027420
0.777368 0.046251
0.771889 0.068618
0.768329 0.090883
0.763484 0.109529
0.754400 0.135100
0.749458 0.157291
0.738849 0.177741
0.740881 0.192679
0.767915 0.210417
0.790264 0.230887
0.795658 0.288324
0.762291 0.297217
0.820107 0.000565
0.799313 0.025649
0.793847 0.042953
0.787324 0.061256
0.785868 0.077324
0.779763 0.100468
0.769671 0.120297
0.769639 0.140575
0.762302 0.157858
0.769820 0.173383
0.752496 0.217021
0.785067 0.215882
0.761952 0.260029
0.778719 0.247292
0.827954 0.000774
0.804426 0.000141
0.814089 0.027799
0.807972 0.047707
0.801542 0.066666
0.796815 0.088917
0.792064 0.106332
0.785204 0.124171
0.783276 0.143107
0.761794 0.194623
0.781056 0.193650
0.771596 0.229540
0.810076 0.227535
0.780518 0.285998
0.806739 0.300511
0.843567 0.000787
0.828470 0.025310
0.824666 0.042000
0.820777 0.059974
0.814403 0.074777
0.811495 0.092459
0.804370 0.112095
0.797872 0.132509
0.781266 0.160035
0.792301 0.179263
0.799649 0.193706
0.810126 0.209650
0.795154 0.255731
0.810346 0.258118
0.851346 0.000097
0.835751 0.001140
0.844713 0.027249
0.839072 0.044420
0.833859 0.065168
0.827508 0.084878
0.821361 0.103135
0.815978 0.123442
0.808254 0.141679
0.799424 0.155518
0.806081 0.170910
0.816733 0.187263
0.826640 0.217480
0.810427 0.244817
0.811436 0.285790
0.867181 0.001089
0.858031 0.024637
0.855481 0.041360
0.852154 0.057428
0.847433 0.071799
0.842769 0.088092
0.837532 0.103458
0.831425 0.119579
0.827660 0.136783
0.820528 0.155847
0.826624 0.174140
0.828430 0.202212
0.836394 0.233050
0.834640 0.267630
0.875163 0.000077
0.859276 0.000268
0.871668 0.025425
0.869988 0.043298
0.868069 0.062348
0.861691 0.078274
0.858316 0.093763
0.853752 0.108747
0.848232 0.124951
0.841099 0.142453
0.839461 0.157773
0.841356 0.175084
0.845640 0.208408
0.835113 0.247575
0.827432 0.295699
0.883169 0.000274
0.886481 0.023582
0.885771 0.037639
0.883788 0.053481
0.885010 0.067580
0.877482 0.080651
0.874383 0.096375
0.868663 0.112699
0.863531 0.130563
0.858705 0.146919
0.858226 0.164891
0.848315 0.188608
0.855145 0.223650
0.851734 0.260316
0.891434 0.000745
0.899748 0.000583
0.902061 0.021345
0.898917 0.041704
0.902594 0.057710
0.898593 0.074284
0.892514 0.088258
0.890135 0.103331
0.883445 0.119617
0.879223 0.135080
0.874137 0.152724
0.865409 0.179306
0.862800 0.200415
0.863595 0.239019
0.838732 0.296425
0.907938 0.000544
0.918099 0.021055
0.911126 0.035005
0.917858 0.048756
0.915372 0.066533
0.912980 0.082711
0.909246 0.096151
0.904326 0.110879
0.897717 0.128333
0.891013 0.146187
0.881740 0.167447
0.882550 0.184455
0.872081 0.221507
0.868489 0.257665
0.916768 0.000372
0.934467 0.019701
0.928526 0.034326
0.935784 0.047056
0.928850 0.061156
0.929291 0.078379
0.928360 0.093924
0.922492 0.108918
0.915017 0.124445
0.908399 0.140855
0.900175 0.161284
0.897501 0.176012
0.879585 0.202074
0.885454 0.231923
0.844652 0.284450
0.925598 0.001045
0.944927 0.030746
0.951300 0.045677
0.943343 0.063919
0.945133 0.079637
0.943468 0.096509
0.938676 0.112357
0.932566 0.126211
0.924634 0.140446
0.917000 0.157027
0.915323 0.174367
0.902136 0.193344
0.893167 0.208705
0.862103 0.282706
0.934712 0.000971
0.952097 0.015118
0.959461 0.029095
0.958405 0.060909
0.959363 0.077086
0.958033 0.095781
0.955287 0.113086
0.950489 0.128575
0.941955 0.143254
0.935193 0.157548
0.932576 0.173480
0.925520 0.189537
0.914705 0.203468
0.885222 0.260315
0.898366 0.240380
0.944210 0.000815
0.969947 0.013676
0.965727 0.045976
0.972099 0.068190
0.970405 0.104654
0.970761 0.120173
0.966526 0.135191
0.957007 0.147764
0.951917 0.164169
0.948585 0.179916
0.940200 0.194638
0.943281 0.210628
0.903183 0.225166
0.934703 0.273371
0.955183 0.000273
0.976560 0.000591
0.972854 0.032465
0.978467 0.051520
0.971739 0.085586
0.985734 0.109798
0.983728 0.149244
0.969794 0.157131
0.966288 0.173606
0.968088 0.189344
0.962624 0.216448
0.944957 0.225866
0.931446 0.242627
0.919031 0.232057
0.877017 0.291795
0.965514 0.000025
0.983841 0.021493
0.989884 0.038874
0.986099 0.068440
0.984546 0.089472
0.982640 0.131437
0.983457 0.169176
0.984476 0.188260
0.978998 0.205669
0.958119 0.199809
0.972258 0.256039
0.924554 0.214348
0.920109 0.255116
0.904283 0.264872
0.987174 0.000395
0.999261 0.022824
0.999535 0.045578
0.999381 0.076832
0.998923 0.109802
0.999502 0.143327
0.999241 0.178163
0.999442 0.213150
0.981999 0.224594
0.980352 0.242618
0.964037 0.232371
0.955965 0.246217
0.968444 0.272893
0.976555 0.280976
0.904291 0.283947
0.999531 0.000430
0.999124 0.033244
0.999698 0.065953
0.999413 0.098618
0.999298 0.132295
0.999837 0.166106
0.999164 0.201600
0.998902 0.237323
0.999256 0.260938
0.999154 0.285920
0.987495 0.307224
0.971173 0.304860
0.882475 0.279867
0.943441 0.255902
0.999785 0.000724
0.999288 0.011903
0.999186 0.055337
0.999503 0.087805
0.999646 0.121091
0.999504 0.154614
0.999181 0.190173
0.999755 0.224934
0.999917 0.249023
0.999946 0.272794
0.999605 0.297775
0.932897 0.284285
0.974246 0.294517
0.912384 0.284694
0.953959 0.276000
