0.000453 0.010871
0.000414 0.043111
0.001069 0.074494
0.000567 0.117951
0.000032 0.151511
0.000766 0.186769
0.000144 0.211144
0.000521 0.235978
0.000869 0.261509
0.005031 0.302383
0.057359 0.257326
0.029567 0.290880
0.043736 0.280672
0.071553 0.280891
0.001128 0.000219
0.000211 0.021470
0.000856 0.053385
0.001002 0.095849
0.000591 0.129209
0.000630 0.175364
0.000603 0.198383
0.000653 0.224175
0.000566 0.248221
0.000759 0.275578
0.000703 0.288399
0.015569 0.296103
0.041316 0.263000
0.057320 0.282660
0.100420 0.286365
0.000380 0.000498
0.001012 0.032561
0.000552 0.064033
0.000181 0.085416
0.000899 0.107137
0.000976 0.140361
0.000499 0.163243
0.015757 0.173695
0.022116 0.188933
0.017686 0.205767
0.019534 0.239421
0.032171 0.250166
0.025130 0.277810
0.082873 0.282709
0.014724 0.000401
0.023202 0.012929
0.013655 0.033068
0.016174 0.059293
0.016155 0.081591
0.016182 0.108604
0.016115 0.133089
0.016972 0.153800
0.032625 0.169207
0.037753 0.196032
0.018562 0.221367
0.039397 0.229600
0.013741 0.260546
0.049875 0.241642
0.111944 0.276146
0.026528 0.001002
0.028029 0.029957
0.025603 0.045318
0.028067 0.071291
0.024587 0.095838
0.026494 0.120463
0.031320 0.137658
0.032973 0.154051
0.042428 0.182072
0.060384 0.195401
0.035218 0.212806
0.072969 0.217414
0.058223 0.226090
0.079337 0.251855
0.044907 0.000504
0.035783 0.000852
0.041779 0.037551
0.035021 0.056941
0.036909 0.084244
0.038472 0.101397
0.041174 0.116733
0.045312 0.133492
0.049213 0.151481
0.052055 0.167654
0.062699 0.179152
0.051495 0.209571
0.085661 0.224447
0.103222 0.245306
0.140945 0.289183
0.054470 0.000068
0.039312 0.020570
0.050810 0.054514
0.045769 0.069693
0.052314 0.085508
0.054030 0.103189
0.057623 0.119073
0.061161 0.136379
0.065473 0.152903
0.074098 0.166238
0.077489 0.188131
0.078818 0.203509
0.079381 0.238183
0.093671 0.269219
0.063771 0.000046
0.054789 0.019647
0.054957 0.035667
0.066209 0.049031
0.062276 0.066150
0.066410 0.084178
0.069939 0.101801
0.073001 0.117981
0.077111 0.134139
0.083176 0.151431
0.089576 0.175702
0.097240 0.191303
0.099854 0.208043
0.103960 0.228744
0.129524 0.281227
0.072443 0.001269
0.068698 0.024855
0.074945 0.037626
0.079641 0.057247
0.077313 0.073264
0.082891 0.090068
0.086810 0.106074
0.090505 0.122501
0.093958 0.140224
0.096266 0.160837
0.108867 0.176938
0.113419 0.202304
0.119294 0.222589
0.116295 0.253927
0.081081 0.000284
0.089606 0.001225
0.082680 0.021072
0.091059 0.040976
0.093942 0.059309
0.092730 0.076655
0.099607 0.091993
0.103138 0.108928
0.106638 0.127614
0.109419 0.144863
0.114704 0.161727
0.122223 0.187373
0.131270 0.211710
0.133573 0.233157
0.150888 0.291601
0.098025 0.000887
0.096645 0.023469
0.105345 0.038373
0.108752 0.054015
0.109557 0.069938
0.113668 0.085926
0.118338 0.100768
0.120449 0.116849
0.123200 0.135322
0.129014 0.152318
0.129916 0.174672
0.139619 0.200409
0.147938 0.226375
0.134074 0.257820
0.106288 0.000321
0.122550 0.000807
0.112740 0.023350
0.121607 0.039624
0.123831 0.057442
0.127045 0.074523
0.132405 0.091826
0.135226 0.107805
0.137779 0.125416
0.140818 0.142625
0.143437 0.164871
0.145661 0.184335
0.157904 0.207790
0.149209 0.246777
0.180314 0.291378
0.114383 0.001027
0.129259 0.023761
0.137243 0.039284
0.140396 0.055824
0.142658 0.070651
0.148061 0.085919
0.150481 0.101451
0.154029 0.117700
0.155552 0.135876
0.155514 0.153316
0.158992 0.173602
0.163739 0.195274
0.163852 0.227055
0.151698 0.264966
0.130525 0.000167
0.154738 0.000044
0.145222 0.023684
0.152774 0.040714
0.156686 0.060078
0.162537 0.077534
0.165939 0.095409
0.168923 0.112264
0.171286 0.130288
0.172937 0.145832
0.173077 0.166586
0.176858 0.185055
0.177950 0.213508
0.169810 0.246556
0.174224 0.272193
0.138629 0.000624
0.162444 0.024511
0.167205 0.041773
0.172402 0.059598
0.177891 0.074193
0.181398 0.091369
0.185365 0.108135
0.187409 0.126093
0.190264 0.141597
0.189573 0.159127
0.189908 0.175382
0.187901 0.201584
0.181117 0.234622
0.185572 0.258720
0.146709 0.001348
0.187125 0.000265
0.178478 0.024867
0.181779 0.041829
0.190478 0.063323
0.195188 0.085133
0.199666 0.104150
0.203026 0.121484
0.206416 0.141324
0.208443 0.155465
0.206634 0.175005
0.201224 0.192196
0.198578 0.231317
0.201752 0.250239
0.181993 0.295100
0.162769 0.000253
0.193692 0.023212
0.195511 0.046792
0.205795 0.062764
0.208682 0.080625
0.213223 0.099252
0.216886 0.115853
0.222744 0.137307
0.225560 0.155500
0.226580 0.174787
0.220065 0.187544
0.201846 0.213861
0.219650 0.254622
0.201049 0.286335
0.170859 0.000557
0.215457 0.023610
0.205050 0.035129
0.216176 0.052675
0.222181 0.072781
0.226751 0.092458
0.231550 0.112974
0.236105 0.129048
0.239400 0.149693
0.241878 0.168179
0.245352 0.187345
0.217340 0.206897
0.217217 0.232565
0.199957 0.264521
0.210746 0.289430
0.178993 0.000596
0.223852 0.034406
0.233317 0.050526
0.235836 0.068265
0.240323 0.085743
0.243065 0.105014
0.251466 0.125770
0.252018 0.144731
0.257751 0.164803
0.262495 0.184179
0.236649 0.198968
0.227594 0.217900
0.231747 0.242771
0.231107 0.280730
0.195906 0.000334
0.236598 0.024957
0.245563 0.036814
0.250688 0.057220
0.252763 0.076463
0.257062 0.096808
0.259987 0.115257
0.267692 0.138472
0.270603 0.157699
0.279901 0.194329
0.259996 0.201510
0.261591 0.247716
0.243443 0.226949
0.265283 0.264318
0.260851 0.279786
0.204267 0.000251
0.256550 0.024641
0.262395 0.042239
0.266729 0.066800
0.268954 0.086156
0.274291 0.105973
0.272632 0.125278
0.284469 0.153283
0.277206 0.173992
0.278157 0.212782
0.248741 0.215639
0.272057 0.238649
0.243899 0.254537
0.222544 0.286986
0.213061 0.000515
0.265844 0.000957
0.272157 0.029638
0.277254 0.052891
0.281171 0.075684
0.286006 0.096883
0.287574 0.120189
0.290656 0.134897
0.294248 0.166278
0.296325 0.188964
0.308267 0.228846
0.285494 0.230994
0.264622 0.224181
0.302331 0.288741
0.239164 0.268382
0.222058 0.000139
0.285922 0.026875
0.289818 0.044642
0.293857 0.069327
0.298827 0.090057
0.302149 0.112994
0.305072 0.130458
0.300944 0.149947
0.307198 0.174277
0.293788 0.213715
0.317333 0.242557
0.295789 0.247528
0.285738 0.259732
0.272851 0.284085
0.231024 0.000838
0.298717 0.000746
0.301130 0.030659
0.303984 0.055197
0.307930 0.078027
0.313284 0.099890
0.317788 0.122463
0.321367 0.138998
0.315981 0.157039
0.336057 0.191081
0.318705 0.191126
0.304620 0.200464
0.317223 0.260263
0.339087 0.275984
0.289177 0.287931
0.240041 0.000134
0.314525 0.027021
0.317050 0.046363
0.321739 0.069476
0.326288 0.088508
0.327982 0.109722
0.337027 0.127750
0.331535 0.154599
0.325077 0.171647
0.348120 0.228605
0.320225 0.216523
0.337277 0.257869
0.313576 0.278925
0.293536 0.269922
0.248833 0.000562
0.322788 0.000603
0.327967 0.033401
0.331394 0.056162
0.336650 0.076995
0.342269 0.097569
0.347649 0.114647
0.343795 0.140770
0.342265 0.171465
0.355068 0.192028
0.347687 0.207312
0.333864 0.210355
0.353600 0.275416
0.343420 0.310189
0.316048 0.298919
0.257452 0.000573
0.339871 0.027112
0.345115 0.049485
0.351632 0.072587
0.357311 0.090261
0.361937 0.111469
0.355955 0.131536
0.352254 0.160302
0.361125 0.176410
0.371798 0.199610
0.331679 0.236138
0.357644 0.257561
0.365419 0.307835
0.332202 0.300804
0.274211 0.000968
0.346749 0.000324
0.353301 0.031699
0.360715 0.054208
0.365858 0.071531
0.375983 0.096354
0.373741 0.121131
0.367149 0.152934
0.376131 0.169442
0.382983 0.185418
0.382429 0.218035
0.357184 0.241110
0.392836 0.269025
0.345207 0.295318
0.376331 0.276803
0.282393 0.000780
0.365972 0.027480
0.372521 0.043610
0.378979 0.077319
0.392166 0.087805
0.384965 0.108867
0.389997 0.134641
0.373112 0.138087
0.386901 0.156486
0.397971 0.169470
0.366850 0.217844
0.365890 0.320949
0.450560 0.366249
0.404663 0.327237
0.290594 0.000285
0.370704 0.000568
0.383627 0.060226
0.390951 0.042304
0.398402 0.068664
0.404264 0.101020
0.396941 0.121975
0.413380 0.135236
0.403060 0.149709
0.404993 0.187691
0.393498 0.203524
0.396407 0.228917
0.388517 0.250661
0.374879 0.235906
0.379575 0.306545
0.306746 0.000880
0.381025 0.029107
0.403243 0.052293
0.416439 0.065687
0.410644 0.084787
0.422137 0.099649
0.413460 0.117016
0.418232 0.154292
0.414452 0.173583
0.408040 0.214151
0.415193 0.237113
0.415156 0.282292
0.394462 0.325690
0.405268 0.293905
0.314786 0.000555
0.397211 0.026361
0.418939 0.041712
0.428920 0.074201
0.435254 0.087596
0.443515 0.124251
0.449266 0.145004
0.428988 0.118060
0.430083 0.138913
0.424087 0.218726
0.436347 0.233518
0.436479 0.253893
0.409927 0.252231
0.382114 0.290370
0.376257 0.261054
0.330737 0.000201
0.412055 0.027092
0.447447 0.044894
0.427548 0.052220
0.452387 0.083574
0.442435 0.103504
0.459983 0.130652
0.460220 0.154549
0.428231 0.182230
0.425138 0.200283
0.441587 0.211584
0.416680 0.267231
0.434835 0.348121
0.402031 0.311488
0.338731 0.000098
0.410227 0.000264
0.428045 0.027822
0.440563 0.029046
0.440984 0.064272
0.463651 0.088199
0.457166 0.107060
0.474746 0.145490
0.434028 0.159333
0.443298 0.190767
0.452373 0.220439
0.438474 0.275151
0.460192 0.283796
0.426280 0.297831
0.434609 0.340528
0.354735 0.000794
0.454072 0.024336
0.455508 0.057284
0.473341 0.101587
0.473769 0.118542
0.481437 0.159330
0.467094 0.172793
0.446092 0.170214
0.469385 0.256826
0.450162 0.264213
0.456242 0.246050
0.469054 0.291511
0.451867 0.393087
0.424657 0.318684
0.362715 0.000742
0.418045 0.000213
0.480042 0.000514
0.469424 0.025576
0.464423 0.040216
0.491757 0.113953
0.499537 0.137748
0.485272 0.130517
0.488201 0.227398
0.458868 0.188416
0.485508 0.316287
0.482533 0.270508
0.468395 0.309004
0.445367 0.293166
0.474136 0.355533
0.378576 0.000894
0.464730 0.000676
0.481493 0.042849
0.463890 0.067494
0.497483 0.159985
0.507744 0.173498
0.486006 0.180024
0.470762 0.219064
0.488498 0.252242
0.480365 0.337377
0.470729 0.334985
0.469737 0.404407
0.451689 0.330123
0.443327 0.318356
0.386485 0.000693
0.456939 0.000265
0.487692 0.000211
0.487376 0.026572
0.526828 0.086014
0.531071 0.218895
0.501413 0.202895
0.486369 0.201183
0.524814 0.650610
0.471026 0.429356
0.480986 0.474957
0.589855 0.546816
0.516276 0.511666
0.439945 0.442422
0.453980 0.405400
0.425758 0.000613
0.472411 0.000512
0.577942 0.044493
0.496636 0.077065
0.481482 0.059239
0.506013 0.223216
0.515420 0.234591
0.469124 0.200417
0.496938 0.277378
0.474177 0.236673
0.481899 0.372727
0.452029 0.428854
0.462051 0.373593
0.442432 0.379744
0.402309 0.000525
0.441211 0.000107
0.510887 0.000050
0.497806 0.040469
0.536946 0.633368
0.506551 0.118441
0.548878 0.481588
0.503035 0.242827
0.501874 0.315472
0.490486 0.293347
0.608443 0.538837
0.559025 0.483348
0.543107 0.488885
0.474858 0.465769
0.446557 0.443973
0.533888 0.000309
0.503108 0.001046
0.433527 0.001147
0.381126 0.485667
0.509807 0.076245
0.511541 0.150595
0.519393 0.310717
0.538751 0.628126
0.510076 0.501208
0.498583 0.488253
0.592638 0.543104
0.544989 0.468981
0.495375 0.473998
0.501539 0.421682
0.595646 0.000256
0.549224 0.000622
0.394382 0.000845
0.495308 0.000173
0.522499 0.026373
0.486159 0.093865
0.520344 0.130652
0.523164 0.204785
0.509556 0.293949
0.509532 0.376166
0.498009 0.339919
0.497713 0.405401
0.514813 0.396732
0.496987 0.454077
0.532780 0.429455
0.587977 0.000276
0.518590 0.000187
0.449068 0.000532
0.513371 0.035708
0.480853 0.075029
0.609164 0.549338
0.468964 0.444305
0.494269 0.368082
0.500239 0.449699
0.527784 0.645144
0.488000 0.401811
0.498509 0.513218
0.518946 0.495285
0.557778 0.383823
0.611242 0.000372
0.564994 0.000383
0.504652 0.024200
0.526246 0.000229
0.506951 0.094324
0.521582 0.063166
0.516139 0.105547
0.507286 0.190052
0.527713 0.180032
0.509617 0.263014
0.525630 0.272579
0.520434 0.361724
0.536501 0.425691
0.517589 0.432800
0.561316 0.291443
0.626688 0.000337
0.541503 0.000731
0.537489 0.026311
0.518665 0.052435
0.498919 0.057164
0.530130 0.112880
0.521529 0.156861
0.535216 0.165644
0.538223 0.191571
0.526608 0.249863
0.513538 0.340625
0.527358 0.339946
0.526682 0.395535
0.544003 0.395013
0.634527 0.001081
0.557145 0.000321
0.565861 0.031310
0.550763 0.038113
0.535068 0.041775
0.535454 0.130611
0.541475 0.151776
0.555509 0.172996
0.549816 0.208371
0.542299 0.258787
0.529295 0.288273
0.545594 0.296076
0.537769 0.361814
0.570661 0.272806
0.548046 0.337203
0.650266 0.000208
0.579811 0.026041
0.562715 0.053471
0.553930 0.023530
0.536133 0.068888
0.541700 0.089450
0.546881 0.112825
0.550372 0.130340
0.557067 0.191430
0.540200 0.230595
0.550584 0.273976
0.555276 0.251985
0.537020 0.311030
0.549017 0.322150
0.658116 0.000518
0.572674 0.001042
0.592583 0.028510
0.552290 0.071074
0.547391 0.054564
0.568155 0.070116
0.555181 0.092981
0.563151 0.109118
0.558985 0.151853
0.571467 0.192502
0.569413 0.212085
0.572734 0.253727
0.601728 0.282135
0.574256 0.311285
0.606253 0.321608
0.673939 0.000545
0.580303 0.000334
0.603397 0.000262
0.586573 0.067178
0.573208 0.090545
0.579595 0.115596
0.567474 0.132004
0.572955 0.167998
0.585199 0.177414
0.584266 0.206930
0.556555 0.229502
0.587115 0.274476
0.548266 0.356527
0.554972 0.372954
0.681955 0.000044
0.618971 0.000706
0.606909 0.024290
0.591694 0.051016
0.586922 0.082642
0.585442 0.101034
0.585806 0.132712
0.575742 0.150527
0.594661 0.153670
0.599064 0.173843
0.569483 0.238169
0.585572 0.223033
0.598892 0.235769
0.609546 0.253384
0.637431 0.321027
0.698038 0.000895
0.621065 0.035805
0.617818 0.059537
0.605291 0.042416
0.604628 0.067126
0.603881 0.086097
0.600058 0.108973
0.600419 0.132705
0.612173 0.188137
0.599289 0.200709
0.618184 0.230416
0.580348 0.296095
0.569103 0.323002
0.635349 0.321452
0.706227 0.000596
0.642371 0.000175
0.629664 0.025877
0.629876 0.050546
0.621578 0.075042
0.617591 0.095537
0.610543 0.115382
0.616769 0.136248
0.610461 0.159497
0.623339 0.203407
0.611998 0.212984
0.630441 0.237711
0.591821 0.250140
0.615445 0.272862
0.642198 0.288076
0.714458 0.000430
0.643459 0.029964
0.643600 0.050641
0.635238 0.072466
0.633526 0.097523
0.626455 0.113934
0.634600 0.135056
0.627613 0.153543
0.622420 0.176512
0.636718 0.217627
0.645069 0.266818
0.628980 0.255807
0.600774 0.299999
0.591671 0.332687
0.730955 0.000140
0.666083 0.000285
0.657703 0.028263
0.658686 0.050725
0.650392 0.071437
0.648260 0.093648
0.644571 0.116790
0.646246 0.151954
0.637389 0.166869
0.637243 0.188538
0.646549 0.210129
0.670084 0.207305
0.629678 0.274541
0.620071 0.303408
0.676749 0.284741
0.739171 0.000550
0.673424 0.025128
0.671925 0.043165
0.666026 0.068205
0.662644 0.087883
0.659774 0.112019
0.652411 0.133677
0.659239 0.161953
0.655929 0.177328
0.654900 0.199167
0.651882 0.231873
0.583825 0.329318
0.699313 0.264065
0.664638 0.308005
0.747412 0.001091
0.690113 0.000223
0.687869 0.031437
0.683303 0.056688
0.680593 0.076507
0.675764 0.099640
0.673438 0.122470
0.667625 0.140494
0.681012 0.153911
0.672407 0.170338
0.669646 0.225004
0.689152 0.237994
0.656163 0.248206
0.708640 0.294955
0.657497 0.314414
0.755557 0.000946
0.702613 0.026316
0.699348 0.045662
0.697720 0.066440
0.693804 0.087555
0.687833 0.107946
0.685131 0.134043
0.691293 0.171524
0.672535 0.186188
0.701798 0.199539
0.654492 0.287874
0.664994 0.268931
0.736696 0.278667
0.726006 0.285161
0.763851 0.000360
0.722698 0.000107
0.715387 0.029878
0.713746 0.054752
0.710436 0.076733
0.705634 0.099936
0.698783 0.122342
0.695463 0.150594
0.702173 0.175312
0.676095 0.243825
0.716955 0.187071
0.681979 0.211650
0.703445 0.235610
0.672461 0.300333
0.693890 0.278580
0.780216 0.000661
0.732392 0.026585
0.728177 0.044501
0.724861 0.068167
0.723078 0.088466
0.713249 0.114738
0.710842 0.133912
0.710634 0.151842
0.687572 0.191506
0.715744 0.199875
0.719642 0.241495
0.684700 0.257788
0.721716 0.260001
0.716495 0.268643
0.788320 0.000217
0.751979 0.027579
0.743921 0.041606
0.742629 0.062365
0.739624 0.079821
0.733778 0.100758
0.728607 0.118399
0.725991 0.138281
0.716853 0.167778
0.733263 0.164300
0.698406 0.221105
0.716290 0.224804
0.748185 0.245989
0.777482 0.267860
0.757303 0.303354
0.796304 0.000973
0.768010 0.027333
0.760457 0.047353
0.758590 0.067562
0.753480 0.087823
0.747036 0.108983
0.743394 0.125578
0.735165 0.150175
0.754131 0.188308
0.731500 0.211381
0.734880 0.233252
0.749410 0.262545
0.740347 0.299015
0.703386 0.300226
0.812102 0.000677
0.772100 0.000496
0.782752 0.028222
0.776878 0.048668
0.771183 0.071847
0.766742 0.093977
0.761252 0.113817
0.751943 0.138914
0.746981 0.162513
0.737541 0.182671
0.738483 0.199764
0.765510 0.216837
0.787682 0.234900
0.793355 0.294140
0.758502 0.299787
0.819971 0.000630
0.799269 0.027352
0.793574 0.044402
0.786338 0.064848
0.784592 0.081525
0.778404 0.104347
0.767127 0.125048
0.768112 0.144541
0.761221 0.162510
0.769441 0.178058
0.750772 0.223303
0.784339 0.220728
0.760121 0.265418
0.774260 0.252288
0.827801 0.000239
0.804197 0.000763
0.813824 0.028879
0.808010 0.049832
0.801070 0.069136
0.795307 0.092264
0.790540 0.110489
0.783123 0.127531
0.782345 0.147775
0.760292 0.201313
0.778834 0.197838
0.768974 0.234510
0.807409 0.230792
0.777564 0.289341
0.804212 0.302596
0.843477 0.000962
0.828360 0.026718
0.824489 0.043843
0.820525 0.062936
0.813541 0.078284
0.810307 0.095857
0.803197 0.115693
0.795746 0.136368
0.779137 0.165028
0.789780 0.185206
0.796795 0.198332
0.806700 0.213679
0.791857 0.260830
0.807875 0.263241
0.851306 0.000615
0.835599 0.000401
0.844436 0.028150
0.839142 0.046327
0.833881 0.067519
0.826564 0.087934
0.819800 0.107624
0.814276 0.127664
0.807023 0.146373
0.797159 0.159714
0.802913 0.175408
0.813668 0.192070
0.824093 0.220858
0.808480 0.250031
0.807928 0.290644
0.867247 0.000434
0.858331 0.025478
0.855957 0.043015
0.852467 0.060107
0.846496 0.074852
0.842202 0.091062
0.836576 0.106706
0.830531 0.122211
0.825505 0.140782
0.818942 0.159968
0.824909 0.177690
0.825644 0.204967
0.834163 0.238314
0.832909 0.271774
0.875264 0.000356
0.859294 0.000649
0.872634 0.026119
0.870236 0.044493
0.868393 0.064206
0.861777 0.080767
0.857969 0.097257
0.853103 0.112236
0.847350 0.128561
0.840041 0.145531
0.836915 0.161980
0.839729 0.178507
0.843368 0.212973
0.832891 0.251910
0.823799 0.301503
0.883267 0.000804
0.887430 0.024222
0.886085 0.038706
0.884488 0.055849
0.885492 0.069703
0.877667 0.083260
0.874593 0.099791
0.868250 0.115615
0.862620 0.133942
0.857811 0.149869
0.856536 0.168379
0.845611 0.192965
0.852599 0.227287
0.848254 0.263727
0.891506 0.000998
0.899849 0.000670
0.902934 0.021674
0.899505 0.042569
0.902803 0.059177
0.899742 0.076723
0.892587 0.090971
0.890185 0.106331
0.883332 0.121861
0.878421 0.138621
0.872886 0.155618
0.863707 0.182157
0.860335 0.203751
0.861435 0.243754
0.835408 0.300067
0.908273 0.000298
0.918827 0.021233
0.911890 0.035898
0.918647 0.050317
0.915543 0.068618
0.913466 0.085435
0.909641 0.099099
0.904130 0.113727
0.897789 0.131292
0.890209 0.149037
0.880179 0.170748
0.880809 0.186839
0.870454 0.224582
0.864632 0.261548
0.917061 0.000680
0.934330 0.019997
0.928875 0.035149
0.936141 0.048542
0.929245 0.062922
0.929941 0.080461
0.928366 0.096296
0.922782 0.112036
0.914816 0.127550
0.908247 0.144191
0.899855 0.163269
0.896941 0.179226
0.876588 0.205328
0.883672 0.236451
0.839610 0.289133
0.925900 0.000249
0.945199 0.031360
0.951310 0.047286
0.943665 0.065668
0.945108 0.082278
0.943367 0.099425
0.939071 0.115512
0.932700 0.129452
0.924428 0.143669
0.916859 0.159666
0.915240 0.177908
0.901241 0.195905
0.891485 0.211329
0.859163 0.287395
0.934931 0.000700
0.951933 0.016402
0.959259 0.029992
0.958495 0.062278
0.959479 0.079323
0.958358 0.098393
0.955276 0.116489
0.950647 0.131767
0.941900 0.146282
0.934854 0.160824
0.932069 0.176469
0.924840 0.192741
0.913460 0.207259
0.882469 0.264535
0.895902 0.243432
0.944356 0.001036
0.969170 0.014827
0.965654 0.047115
0.972070 0.070402
0.970844 0.107311
0.970223 0.122884
0.966908 0.138571
0.956911 0.151358
0.952045 0.167878
0.948711 0.183555
0.939188 0.198528
0.942356 0.214884
0.901577 0.228730
0.932346 0.277588
0.955088 0.000843
0.976293 0.000097
0.972707 0.033792
0.978407 0.053578
0.971499 0.088038
0.986155 0.112598
0.984161 0.152755
0.969689 0.159891
0.966423 0.177278
0.967209 0.193186
0.962923 0.220985
0.943400 0.230308
0.929236 0.247124
0.918668 0.236099
0.873952 0.293865
0.965427 0.000652
0.983105 0.022703
0.988972 0.040231
0.985826 0.070607
0.984565 0.092394
0.982408 0.134892
0.983510 0.173335
0.983617 0.192164
0.978083 0.208969
0.957236 0.204292
0.970741 0.260448
0.923665 0.217836
0.917425 0.258714
0.901982 0.268612
0.987012 0.000588
0.999558 0.022820
0.999755 0.045645
0.999575 0.076965
0.999460 0.109897
0.999684 0.143321
0.999949 0.178108
0.999955 0.213311
0.981655 0.228803
0.979371 0.247014
0.964493 0.236633
0.956078 0.250318
0.965749 0.277453
0.976681 0.284724
0.901202 0.288386
0.998824 0.001012
0.999564 0.033204
0.999459 0.065972
0.999020 0.098662
0.999637 0.132228
0.999948 0.166141
0.999058 0.201984
0.999738 0.237767
0.999231 0.261499
0.999741 0.286811
0.985903 0.308160
0.967902 0.303537
0.878059 0.284446
0.942061 0.259725
0.999622 0.000919
0.999064 0.011903
0.999773 0.055538
0.999714 0.087791
0.999827 0.121184
0.999979 0.154697
0.999116 0.190268
0.999210 0.225078
0.999841 0.249547
0.999230 0.273064
0.999819 0.299064
0.930659 0.287272
0.972470 0.295413
0.908620 0.289091
0.951259 0.279621
