0.001090 0.010973
0.000422 0.043144
0.000823 0.074484
0.000297 0.117958
0.000886 0.151514
0.000232 0.186874
0.000902 0.211146
0.000073 0.236002
0.000491 0.261752
0.005144 0.303205
0.058639 0.258292
0.029918 0.292035
0.045308 0.280945
0.072966 0.281749
0.001038 0.000459
0.000463 0.021546
0.000591 0.053373
0.000758 0.095863
0.000785 0.129155
0.000399 0.175378
0.000157 0.198440
0.000587 0.224142
0.000152 0.248254
0.000741 0.275823
0.000672 0.288755
0.015620 0.296185
0.041901 0.263305
0.059023 0.283195
0.101322 0.287044
0.000613 0.000238
0.000721 0.032576
0.000253 0.064044
0.000623 0.085445
0.000480 0.107098
0.000743 0.140382
0.000624 0.163231
0.015938 0.174607
0.022499 0.189876
0.017855 0.206558
0.019792 0.240576
0.032718 0.251457
0.025183 0.279868
0.083947 0.284832
0.014701 0.000491
0.023887 0.013442
0.014133 0.033439
0.016494 0.060043
0.016324 0.082381
0.016341 0.109496
0.016239 0.133925
0.017004 0.154427
0.032853 0.170032
0.038140 0.197044
0.019237 0.222458
0.039457 0.230829
0.013540 0.261645
0.050723 0.242471
0.113261 0.277576
0.026488 0.000700
0.028269 0.030417
0.025757 0.045937
0.028073 0.071956
0.024568 0.096668
0.026576 0.121477
0.031286 0.138605
0.033175 0.155011
0.042827 0.183169
0.060969 0.196270
0.035323 0.214051
0.073746 0.218474
0.059114 0.226892
0.080293 0.252258
0.044964 0.000219
0.035883 0.000040
0.041984 0.037960
0.035298 0.057496
0.037035 0.085243
0.038552 0.102210
0.041197 0.117597
0.045489 0.134380
0.049399 0.152416
0.052059 0.168708
0.063118 0.180150
0.051761 0.210508
0.086691 0.225712
0.104286 0.246254
0.142487 0.289977
0.054469 0.001239
0.039491 0.020854
0.050913 0.055043
0.046012 0.070556
0.052409 0.086239
0.054076 0.103903
0.057714 0.120135
0.061412 0.137293
0.065668 0.154101
0.074399 0.167191
0.077984 0.189106
0.079268 0.204233
0.080165 0.239271
0.095477 0.270310
0.063727 0.000431
0.054958 0.020057
0.055144 0.036014
0.066386 0.049535
0.062407 0.066774
0.066677 0.084841
0.070138 0.102537
0.073158 0.118937
0.077172 0.135054
0.083616 0.152528
0.090040 0.176552
0.097928 0.192427
0.100641 0.209062
0.105013 0.229786
0.130925 0.282586
0.072303 0.000821
0.068930 0.025050
0.075095 0.037912
0.079765 0.057515
0.077349 0.073893
0.083047 0.090800
0.086976 0.106940
0.090631 0.123451
0.094176 0.141240
0.096586 0.161765
0.109383 0.178154
0.114373 0.203449
0.120161 0.223756
0.117013 0.254905
0.080987 0.000074
0.089558 0.001130
0.082788 0.021168
0.091246 0.041290
0.094089 0.059614
0.092791 0.077344
0.099729 0.092833
0.103381 0.109695
0.106846 0.128510
0.109817 0.146022
0.115095 0.162744
0.122915 0.188328
0.132058 0.212952
0.134544 0.234718
0.151664 0.292234
0.097995 0.000649
0.096682 0.023568
0.105416 0.038597
0.108856 0.054541
0.109735 0.070521
0.113745 0.086634
0.118492 0.101718
0.120759 0.117667
0.123501 0.136490
0.129501 0.153227
0.130420 0.175822
0.140489 0.201414
0.148724 0.227704
0.135549 0.259080
0.106268 0.000569
0.122508 0.000323
0.112732 0.023497
0.121683 0.039813
0.123898 0.057900
0.127083 0.074926
0.132608 0.092560
0.135497 0.108824
0.137986 0.126188
0.141256 0.143882
0.144018 0.166035
0.146339 0.185233
0.158905 0.209049
0.149910 0.248036
0.181550 0.292745
0.114359 0.001013
0.129097 0.023864
0.137331 0.039544
0.140449 0.056408
0.142843 0.071400
0.148367 0.086629
0.150729 0.102471
0.154298 0.118600
0.156100 0.137079
0.155986 0.154322
0.159726 0.174853
0.164636 0.196392
0.164723 0.228160
0.152802 0.266220
0.130524 0.000703
0.154756 0.000493
0.145154 0.023979
0.152790 0.040901
0.156772 0.060538
0.162732 0.078085
0.166201 0.096179
0.169264 0.113210
0.171642 0.131510
0.173406 0.147200
0.173654 0.167831
0.177517 0.186272
0.178847 0.214897
0.170666 0.248413
0.174723 0.272835
0.138643 0.000008
0.162320 0.024691
0.167239 0.042155
0.172587 0.060337
0.178272 0.075072
0.181625 0.092199
0.185794 0.109160
0.187866 0.127134
0.190824 0.143001
0.190317 0.160194
0.190742 0.176883
0.188792 0.202848
0.182042 0.235993
0.186301 0.260007
0.146750 0.001103
0.187269 0.000314
0.178524 0.025130
0.181850 0.041928
0.190651 0.063899
0.195504 0.085825
0.200117 0.105352
0.203769 0.122614
0.206770 0.142471
0.208892 0.157161
0.207368 0.176527
0.201992 0.193509
0.199447 0.232583
0.202645 0.251749
0.182617 0.296574
0.162812 0.001099
0.193776 0.023595
0.195667 0.047440
0.205904 0.063736
0.209151 0.081593
0.213804 0.100316
0.217213 0.117007
0.223241 0.138470
0.225943 0.157311
0.227070 0.176229
0.220690 0.189342
0.202610 0.215193
0.220535 0.256695
0.201787 0.287475
0.170968 0.000824
0.215510 0.024244
0.204966 0.035632
0.216349 0.053293
0.222580 0.073822
0.227237 0.093317
0.232003 0.114301
0.236743 0.130031
0.239946 0.151269
0.242168 0.169602
0.245803 0.189270
0.217880 0.208275
0.218215 0.233962
0.201004 0.265882
0.211665 0.290593
0.179143 0.000180
0.224168 0.035115
0.233664 0.051353
0.236268 0.069383
0.240895 0.086910
0.243564 0.106029
0.252103 0.127047
0.252715 0.145955
0.258079 0.166387
0.262951 0.185981
0.237422 0.200764
0.228260 0.219441
0.232580 0.243998
0.232128 0.282362
0.196043 0.000231
0.236817 0.025715
0.246080 0.037682
0.251102 0.058170
0.253184 0.077785
0.257725 0.097588
0.260697 0.116366
0.268351 0.139311
0.271014 0.159071
0.280284 0.196108
0.260400 0.203254
0.262397 0.249626
0.244026 0.228613
0.266143 0.265175
0.261971 0.281997
0.204449 0.001035
0.256875 0.025228
0.262748 0.042765
0.267165 0.067869
0.269501 0.087291
0.274944 0.106883
0.273193 0.126483
0.285270 0.154399
0.277333 0.175759
0.278191 0.215310
0.249183 0.217088
0.273028 0.240252
0.244154 0.256198
0.223568 0.288649
0.213322 0.000119
0.265763 0.000988
0.272437 0.030339
0.277597 0.053720
0.281721 0.077061
0.286555 0.097998
0.288286 0.121216
0.291322 0.135626
0.294909 0.167816
0.296852 0.190599
0.308951 0.230648
0.285787 0.232526
0.265068 0.226279
0.303096 0.290819
0.239336 0.270132
0.222102 0.000442
0.286291 0.027545
0.290026 0.045067
0.294301 0.070601
0.299297 0.091116
0.302639 0.113905
0.305748 0.131285
0.301499 0.150751
0.307620 0.176065
0.294404 0.215947
0.318183 0.244981
0.296375 0.249532
0.286230 0.262228
0.273615 0.285279
0.231022 0.000827
0.298669 0.000452
0.301455 0.031370
0.304174 0.056309
0.308206 0.079404
0.313763 0.100846
0.318686 0.123462
0.321993 0.139838
0.316504 0.157994
0.336837 0.192842
0.319187 0.192913
0.304919 0.202309
0.318164 0.262292
0.339948 0.278020
0.289994 0.289809
0.239972 0.000758
0.314936 0.027617
0.317349 0.046744
0.321985 0.070567
0.326599 0.089812
0.328295 0.110695
0.337555 0.128930
0.332242 0.155394
0.325625 0.173317
0.348983 0.230515
0.320617 0.218615
0.337580 0.260264
0.314432 0.281747
0.293982 0.271790
0.248712 0.000065
0.322781 0.000573
0.328301 0.034068
0.331719 0.057237
0.337056 0.078340
0.342616 0.098595
0.348015 0.115494
0.344481 0.141678
0.342832 0.172847
0.356177 0.193404
0.348479 0.209610
0.334301 0.212348
0.354867 0.277580
0.344369 0.311951
0.317617 0.300286
0.257374 0.000326
0.340206 0.027724
0.345293 0.050091
0.351673 0.073826
0.357608 0.091241
0.362354 0.112543
0.356365 0.132935
0.352796 0.161366
0.361680 0.178040
0.372613 0.201310
0.332041 0.238296
0.358881 0.259942
0.365877 0.311033
0.333408 0.303163
0.274124 0.000654
0.346742 0.000180
0.353468 0.032308
0.361254 0.055149
0.366152 0.072532
0.376171 0.097578
0.374048 0.122461
0.367552 0.153898
0.377311 0.171087
0.383687 0.186444
0.383087 0.220166
0.357825 0.243394
0.393567 0.271854
0.345912 0.298338
0.377231 0.279169
0.282330 0.000487
0.366360 0.028053
0.372810 0.044113
0.379286 0.078667
0.392655 0.088821
0.385134 0.109813
0.390251 0.136015
0.373354 0.138837
0.387425 0.157726
0.398390 0.170811
0.367123 0.219998
0.366013 0.323452
0.451084 0.369922
0.405465 0.329529
0.290552 0.000179
0.370681 0.000450
0.383795 0.061066
0.391050 0.042808
0.398620 0.069724
0.404773 0.102147
0.396830 0.123289
0.413902 0.136553
0.403559 0.150964
0.405526 0.189374
0.394032 0.205112
0.397003 0.231175
0.389805 0.252789
0.375397 0.237168
0.380525 0.309805
0.306721 0.000807
0.381230 0.029307
0.403341 0.053066
0.416697 0.066434
0.410816 0.085878
0.422291 0.100385
0.413802 0.118357
0.418801 0.155794
0.414865 0.175172
0.408713 0.215833
0.415969 0.239422
0.416172 0.284511
0.394495 0.329130
0.405947 0.296444
0.314751 0.000759
0.397525 0.026711
0.419222 0.042321
0.428882 0.075257
0.435593 0.088532
0.443852 0.125676
0.449477 0.146437
0.429229 0.119260
0.430510 0.139706
0.424733 0.220541
0.436960 0.235575
0.437133 0.256421
0.410828 0.254074
0.383127 0.292143
0.376926 0.263183
0.330740 0.000543
0.412500 0.027226
0.447509 0.045325
0.427976 0.053016
0.452566 0.084614
0.442489 0.104548
0.460175 0.131928
0.460444 0.156272
0.428402 0.184069
0.425774 0.202316
0.442098 0.213380
0.417334 0.269452
0.435933 0.350720
0.402758 0.314180
0.338730 0.000003
0.410175 0.000484
0.428193 0.028112
0.440716 0.029584
0.441196 0.064994
0.464007 0.089404
0.457270 0.108242
0.474882 0.147162
0.434252 0.160346
0.443567 0.192608
0.452692 0.222455
0.439252 0.277900
0.460700 0.286344
0.427129 0.300884
0.434030 0.344210
0.354727 0.000841
0.454171 0.024735
0.455267 0.057795
0.473502 0.102790
0.474070 0.119250
0.481636 0.161119
0.467451 0.174066
0.446387 0.171858
0.469736 0.259608
0.450117 0.266559
0.456800 0.248321
0.469327 0.294539
0.451122 0.396644
0.425110 0.321887
0.362682 0.000318
0.418008 0.000628
0.480050 0.000470
0.469681 0.025540
0.464240 0.040366
0.491690 0.114708
0.499678 0.139355
0.485191 0.131726
0.488273 0.229800
0.459197 0.190360
0.485868 0.319600
0.482778 0.273317
0.468670 0.312031
0.445789 0.296002
0.474797 0.358973
0.378533 0.000456
0.464722 0.000298
0.481628 0.042970
0.464041 0.068439
0.497541 0.161718
0.507986 0.175500
0.486527 0.181828
0.470752 0.221056
0.488665 0.254655
0.480393 0.340917
0.470499 0.338390
0.469548 0.408693
0.451906 0.333542
0.443563 0.321400
0.386445 0.000295
0.456917 0.000321
0.487676 0.000705
0.487574 0.026992
0.526716 0.086815
0.530992 0.221456
0.501674 0.204994
0.486466 0.202958
0.526112 0.655403
0.470721 0.433560
0.480868 0.478522
0.592482 0.551801
0.516597 0.515147
0.439711 0.445946
0.453413 0.409232
0.425690 0.000032
0.472432 0.000374
0.577900 0.045039
0.496402 0.077577
0.481446 0.059813
0.505838 0.225310
0.515397 0.237126
0.468634 0.202505
0.496901 0.280572
0.474477 0.238708
0.481677 0.376820
0.451446 0.432828
0.461569 0.377481
0.443774 0.383197
0.402245 0.000178
0.441174 0.000667
0.510871 0.001240
0.498223 0.040950
0.537697 0.638123
0.506553 0.119907
0.549703 0.485213
0.503020 0.245462
0.502106 0.318856
0.490777 0.296561
0.610523 0.541489
0.559604 0.487368
0.543089 0.491428
0.475188 0.469909
0.445880 0.448535
0.533887 0.000426
0.503058 0.000792
0.433461 0.000920
0.380133 0.486963
0.509755 0.076942
0.511684 0.152299
0.519160 0.314251
0.539094 0.631327
0.510073 0.504207
0.498737 0.493035
0.594071 0.545343
0.545460 0.472470
0.495414 0.478809
0.501284 0.425919
0.595669 0.001067
0.549266 0.000543
0.394336 0.000527
0.495299 0.000526
0.522312 0.026846
0.486254 0.094705
0.520454 0.131914
0.523352 0.205926
0.509526 0.296964
0.509808 0.380400
0.498043 0.343299
0.497511 0.409679
0.514913 0.401088
0.496666 0.457820
0.532796 0.433510
0.587986 0.000189
0.518581 0.000570
0.449033 0.000390
0.513368 0.036138
0.480638 0.075799
0.608750 0.553364
0.468769 0.448552
0.494296 0.372074
0.500296 0.453726
0.527349 0.648874
0.487707 0.406015
0.498353 0.515797
0.519430 0.499626
0.557245 0.387471
0.611298 0.000003
0.565005 0.000458
0.504762 0.024636
0.526238 0.000811
0.507025 0.095097
0.521394 0.063938
0.516168 0.106145
0.507289 0.192016
0.527563 0.181609
0.509272 0.265379
0.525685 0.275304
0.520138 0.365529
0.536679 0.429776
0.517196 0.436876
0.560375 0.293656
0.626740 0.000152
0.541536 0.000059
0.537423 0.026097
0.518359 0.052854
0.499279 0.057817
0.530349 0.114014
0.521691 0.158465
0.535375 0.167315
0.538385 0.193406
0.526276 0.252434
0.513474 0.344006
0.527312 0.343891
0.526948 0.399759
0.543706 0.398675
0.634607 0.000937
0.557186 0.000204
0.566280 0.031779
0.550933 0.038411
0.534591 0.042739
0.535465 0.132002
0.541511 0.153065
0.555520 0.174170
0.550050 0.210559
0.542163 0.261238
0.529203 0.291168
0.545678 0.298735
0.537400 0.366086
0.570094 0.275357
0.547524 0.340667
0.650299 0.000270
0.579290 0.026374
0.563021 0.054478
0.553523 0.024057
0.536165 0.069844
0.541564 0.090460
0.546896 0.113885
0.550489 0.131865
0.557106 0.193340
0.540090 0.233424
0.550509 0.277063
0.554380 0.254556
0.536358 0.314151
0.546969 0.325714
0.658148 0.000207
0.572669 0.000896
0.592239 0.028623
0.552099 0.071976
0.547499 0.054963
0.568188 0.070754
0.554935 0.093889
0.563220 0.110254
0.559061 0.152866
0.571251 0.194317
0.568853 0.214161
0.572020 0.255932
0.601498 0.284769
0.573909 0.313782
0.605808 0.324008
0.673993 0.000449
0.580291 0.000603
0.603442 0.000110
0.586342 0.067896
0.572945 0.091153
0.579695 0.116991
0.567449 0.133269
0.572945 0.169339
0.585198 0.179034
0.584255 0.208853
0.556430 0.231722
0.586459 0.276733
0.547482 0.360115
0.554476 0.377406
0.681984 0.000583
0.619006 0.000603
0.606791 0.024569
0.591279 0.051673
0.586367 0.083540
0.585552 0.102050
0.585681 0.134321
0.575605 0.151883
0.594225 0.155028
0.598989 0.175326
0.569293 0.240105
0.585701 0.225078
0.598462 0.237677
0.608646 0.255468
0.636277 0.323053
0.698104 0.000900
0.621196 0.036298
0.617644 0.060651
0.605300 0.042916
0.604410 0.068052
0.603811 0.087271
0.600116 0.110193
0.600410 0.133973
0.611874 0.190071
0.599026 0.202268
0.617880 0.232522
0.579652 0.298179
0.567051 0.326236
0.634506 0.324223
0.706281 0.000475
0.642398 0.000989
0.629278 0.026265
0.629656 0.051159
0.621243 0.076310
0.617510 0.096882
0.610487 0.116824
0.616653 0.137414
0.610134 0.160745
0.623357 0.205315
0.611383 0.215212
0.629870 0.239586
0.591659 0.252276
0.614268 0.275007
0.641024 0.290154
0.714501 0.000313
0.643196 0.030770
0.643595 0.051408
0.635198 0.073506
0.633456 0.098733
0.626466 0.115194
0.634414 0.136460
0.627450 0.155184
0.622225 0.178374
0.636234 0.220019
0.644633 0.269016
0.628266 0.257807
0.600341 0.303100
0.590672 0.335437
0.730980 0.000105
0.666114 0.000244
0.657361 0.028812
0.658405 0.051629
0.650174 0.072390
0.647947 0.094821
0.644278 0.117847
0.646145 0.153209
0.637178 0.168464
0.637167 0.190035
0.646403 0.212228
0.669611 0.208983
0.629546 0.276891
0.618768 0.306153
0.676061 0.287275
0.739157 0.000312
0.673020 0.025582
0.671670 0.043706
0.665651 0.069243
0.662463 0.089247
0.659577 0.113268
0.652200 0.134860
0.658906 0.163259
0.655443 0.178984
0.654342 0.200727
0.651137 0.233614
0.583631 0.331673
0.699100 0.266507
0.663781 0.309466
0.747364 0.000952
0.690170 0.000145
0.687498 0.031887
0.682978 0.057899
0.680389 0.077871
0.675410 0.101319
0.673203 0.123894
0.667447 0.141651
0.680207 0.155103
0.672036 0.172068
0.668845 0.227108
0.688361 0.239992
0.654904 0.250236
0.708540 0.296927
0.657226 0.316064
0.755496 0.000762
0.702303 0.026859
0.698878 0.046397
0.697494 0.067695
0.693460 0.089175
0.687403 0.109484
0.684679 0.135603
0.690655 0.172759
0.671960 0.187415
0.700935 0.201389
0.653619 0.290660
0.664349 0.271137
0.736476 0.280999
0.725399 0.286516
0.763753 0.000275
0.722736 0.000594
0.715207 0.030290
0.713486 0.055961
0.710002 0.078133
0.705129 0.101179
0.697987 0.123658
0.694946 0.151632
0.701427 0.176989
0.675340 0.246006
0.716155 0.189093
0.681199 0.214029
0.703167 0.237809
0.671010 0.303095
0.692834 0.280227
0.780124 0.000414
0.732182 0.027395
0.727745 0.045210
0.724302 0.069555
0.722512 0.090142
0.712579 0.116136
0.709959 0.135201
0.709990 0.152800
0.686885 0.192710
0.715766 0.201737
0.719595 0.243941
0.683867 0.259542
0.721629 0.261186
0.715464 0.270768
0.788255 0.000634
0.751535 0.028298
0.743635 0.042229
0.742261 0.063452
0.739103 0.081186
0.732826 0.101981
0.727717 0.119737
0.725036 0.139284
0.716118 0.169530
0.732777 0.165368
0.697586 0.222689
0.715870 0.226613
0.747709 0.248043
0.776696 0.269624
0.756731 0.305099
0.796194 0.000684
0.767668 0.027880
0.760075 0.047995
0.758213 0.068746
0.752815 0.089078
0.746241 0.109925
0.742733 0.126596
0.734266 0.151172
0.753598 0.190287
0.731353 0.213161
0.734864 0.235392
0.748893 0.263808
0.739398 0.300651
0.702235 0.301891
0.812031 0.000281
0.772025 0.000446
0.782609 0.028574
0.776623 0.049306
0.770850 0.072821
0.766147 0.094818
0.760436 0.115027
0.751097 0.140191
0.746304 0.164272
0.737133 0.184324
0.737772 0.202196
0.764734 0.218998
0.786949 0.236278
0.792536 0.296050
0.757384 0.300532
0.819924 0.000166
0.799142 0.027976
0.793371 0.044736
0.785943 0.065777
0.784056 0.082878
0.777825 0.105456
0.766254 0.126721
0.767471 0.145853
0.760928 0.164065
0.769342 0.179718
0.750131 0.225464
0.784159 0.222255
0.759548 0.267310
0.772794 0.253892
0.827770 0.000483
0.804064 0.000325
0.813622 0.029261
0.807927 0.050418
0.800858 0.069792
0.794726 0.093233
0.789990 0.111796
0.782401 0.128602
0.782042 0.149387
0.759832 0.203612
0.778083 0.199319
0.768013 0.236179
0.806561 0.231969
0.776649 0.290463
0.803339 0.303242
0.843448 0.000963
0.828283 0.027179
0.824303 0.044334
0.820327 0.063737
0.813181 0.079336
0.809845 0.096881
0.802852 0.116906
0.795089 0.137623
0.778481 0.166797
0.788886 0.187116
0.795874 0.200020
0.805528 0.215083
0.790916 0.262590
0.807154 0.264988
0.851281 0.000500
0.835573 0.000346
0.844131 0.028428
0.839069 0.046884
0.833806 0.068158
0.826226 0.088833
0.819285 0.109107
0.813710 0.129105
0.806721 0.148019
0.796444 0.161227
0.801949 0.176899
0.812716 0.193689
0.823302 0.222133
0.807943 0.251758
0.806760 0.292185
0.867254 0.000311
0.858284 0.025743
0.855937 0.043484
0.852464 0.060868
0.846112 0.075786
0.841944 0.091978
0.836240 0.107793
0.830264 0.123165
0.824775 0.142165
0.818374 0.161400
0.824219 0.178960
0.824784 0.205866
0.833438 0.240089
0.832290 0.273100
0.875292 0.001099
0.859288 0.000173
0.872816 0.026317
0.870198 0.044855
0.868364 0.064732
0.861725 0.081502
0.857797 0.098373
0.852786 0.113479
0.846976 0.129813
0.839713 0.146572
0.836071 0.163373
0.839199 0.179761
0.842617 0.214539
0.832134 0.253386
0.822572 0.303418
0.883293 0.000626
0.887648 0.024353
0.886027 0.039007
0.884602 0.056552
0.885546 0.070365
0.877608 0.084088
0.874613 0.100954
0.868098 0.116668
0.862251 0.135060
0.857393 0.150911
0.855931 0.169561
0.844688 0.194532
0.851725 0.228595
0.847101 0.264841
0.891524 0.000691
0.899893 0.000021
0.903081 0.021823
0.899624 0.042842
0.902756 0.059610
0.900055 0.077479
0.892553 0.091893
0.890116 0.107414
0.883252 0.122634
0.878096 0.139789
0.872415 0.156673
0.863070 0.183241
0.859474 0.204935
0.860699 0.245376
0.834304 0.301283
0.908331 0.000220
0.918957 0.021275
0.912064 0.036137
0.918784 0.050804
0.915491 0.069294
0.913587 0.086325
0.909711 0.100153
0.903987 0.114762
0.897696 0.132265
0.889915 0.150066
0.879578 0.171843
0.880162 0.187825
0.869870 0.225677
0.863396 0.262826
0.917126 0.000417
0.934188 0.020029
0.928870 0.035406
0.936211 0.049010
0.929316 0.063501
0.930096 0.081158
0.928309 0.097143
0.922811 0.113093
0.914686 0.128559
0.908068 0.145376
0.899664 0.163955
0.896727 0.180409
0.875564 0.206500
0.882970 0.238038
0.837996 0.290626
0.925961 0.000888
0.945148 0.031631
0.951232 0.047824
0.943745 0.066240
0.945040 0.083207
0.943280 0.100425
0.939147 0.116546
0.932685 0.130546
0.924323 0.144794
0.916736 0.160636
0.915085 0.179174
0.900874 0.196874
0.890901 0.212324
0.858236 0.288927
0.935052 0.000562
0.951804 0.016732
0.959199 0.030309
0.958523 0.062705
0.959446 0.080081
0.958412 0.099256
0.955227 0.117616
0.950670 0.132863
0.941816 0.147298
0.934662 0.161955
0.931820 0.177520
0.924433 0.193921
0.912908 0.208618
0.881544 0.265912
0.895053 0.244644
0.944433 0.000748
0.968883 0.015149
0.965610 0.047532
0.972007 0.071069
0.970935 0.108166
0.970007 0.123829
0.966984 0.139745
0.956852 0.152543
0.951999 0.169102
0.948660 0.184860
0.938754 0.199912
0.941904 0.216446
0.900999 0.229919
0.931436 0.279060
0.955083 0.000476
0.976251 0.000111
0.972650 0.034242
0.978372 0.054322
0.971355 0.088875
0.986205 0.113588
0.984200 0.153898
0.969614 0.160793
0.966394 0.178491
0.966810 0.194513
0.962908 0.222515
0.942730 0.231957
0.928461 0.248652
0.918467 0.237499
0.872897 0.294457
0.965404 0.000285
0.982824 0.023049
0.988618 0.040696
0.985741 0.071315
0.984561 0.093360
0.982308 0.136019
0.983455 0.174664
0.983264 0.193520
0.977726 0.210222
0.956854 0.205880
0.970224 0.261927
0.923300 0.219155
0.916416 0.259985
0.901163 0.269834
0.986906 0.000080
0.999893 0.022834
0.998960 0.045643
0.999889 0.076993
0.998940 0.109911
0.999931 0.143316
0.998846 0.178105
0.999744 0.213338
0.981483 0.230156
0.979047 0.248601
0.964447 0.238088
0.955896 0.251721
0.964633 0.278765
0.976988 0.285854
0.900129 0.289857
0.998920 0.000521
0.999814 0.033195
0.999906 0.065965
0.999464 0.098671
0.999005 0.132216
0.999141 0.166153
0.999157 0.202111
0.999162 0.237874
0.999390 0.261708
0.999257 0.287110
0.985500 0.308528
0.966724 0.303474
0.876583 0.285966
0.941449 0.261033
0.998787 0.000661
0.999550 0.011944
0.999181 0.055581
0.999712 0.087774
0.999188 0.121221
0.999434 0.154711
0.999710 0.190308
0.999646 0.225140
0.999721 0.249712
0.999308 0.273163
0.999945 0.299577
0.929828 0.288306
0.971765 0.296178
0.907417 0.290539
0.950044 0.280922
