0.001373 0.011331
0.000444 0.043190
0.000903 0.074420
0.000333 0.117962
0.001130 0.151601
0.000383 0.187161
0.000556 0.211198
0.000402 0.236055
0.000607 0.262245
0.005364 0.305591
0.063081 0.261418
0.031560 0.296140
0.050412 0.282197
0.077296 0.284299
0.000175 0.001292
0.000438 0.021784
0.000731 0.053327
0.000382 0.095925
0.000352 0.129024
0.000063 0.175407
0.000082 0.198624
0.000656 0.224075
0.000028 0.248327
0.000383 0.276755
0.000985 0.290205
0.015682 0.297550
0.044135 0.264608
0.064346 0.284925
0.104106 0.288812
0.001332 0.000204
0.000653 0.032595
0.000521 0.064026
0.000709 0.085446
0.000395 0.106916
0.000280 0.140448
0.000145 0.163292
0.016683 0.177349
0.023730 0.192702
0.018395 0.208816
0.020819 0.244152
0.034575 0.255400
0.025780 0.285850
0.087391 0.291040
0.014693 0.000306
0.025694 0.015317
0.015474 0.034578
0.017409 0.062125
0.016806 0.084607
0.016782 0.112044
0.016534 0.136437
0.017185 0.156419
0.033540 0.172741
0.039511 0.200243
0.021347 0.226084
0.039938 0.234721
0.013576 0.265064
0.053862 0.245352
0.117220 0.281793
0.026289 0.001029
0.028990 0.031808
0.026162 0.047868
0.028110 0.073751
0.024432 0.098985
0.026906 0.124272
0.031319 0.141564
0.033879 0.157915
0.044131 0.186599
0.062625 0.199295
0.035991 0.217906
0.075903 0.221899
0.061940 0.229740
0.083265 0.254133
0.045053 0.000119
0.035943 0.000095
0.042549 0.039465
0.036144 0.058991
0.037361 0.088074
0.038803 0.104541
0.041320 0.120126
0.046154 0.137088
0.050029 0.155232
0.052173 0.171908
0.064406 0.183297
0.052937 0.213577
0.090196 0.229818
0.107587 0.249674
0.147186 0.292249
0.054425 0.000332
0.040234 0.021628
0.051279 0.056378
0.046770 0.073015
0.052827 0.088423
0.054465 0.105870
0.058129 0.123275
0.062312 0.140148
0.066378 0.157611
0.075457 0.170253
0.079716 0.192144
0.080891 0.206738
0.082464 0.243312
0.100919 0.273538
0.063497 0.000195
0.055677 0.021135
0.056046 0.037171
0.066950 0.051009
0.062927 0.068544
0.067495 0.086859
0.070745 0.104653
0.073814 0.121736
0.077506 0.137905
0.084890 0.155823
0.091601 0.179289
0.100114 0.195986
0.102899 0.212538
0.108311 0.233431
0.135147 0.286531
0.071961 0.000738
0.069719 0.025488
0.075991 0.038758
0.080338 0.058180
0.077670 0.075460
0.083595 0.092956
0.087621 0.109561
0.091238 0.126261
0.095041 0.144186
0.097922 0.164695
0.110988 0.181901
0.117467 0.207074
0.122750 0.227768
0.119271 0.258104
0.080757 0.000426
0.089364 0.000391
0.083326 0.021655
0.091763 0.042067
0.094706 0.060500
0.093414 0.079073
0.100296 0.095230
0.104279 0.112135
0.107704 0.131049
0.111212 0.149620
0.116478 0.165877
0.125163 0.191625
0.134589 0.216912
0.137204 0.239954
0.153776 0.293792
0.097895 0.000637
0.097133 0.024033
0.105873 0.039017
0.109306 0.055959
0.110353 0.072280
0.114241 0.088411
0.119061 0.104442
0.121765 0.120355
0.124553 0.139810
0.130945 0.156241
0.132077 0.179186
0.143293 0.204497
0.151069 0.231814
0.139724 0.263095
0.106189 0.000278
0.122455 0.000464
0.112979 0.024015
0.122127 0.040156
0.124444 0.059164
0.127355 0.076110
0.133329 0.094369
0.136501 0.111967
0.138780 0.128529
0.142691 0.147529
0.145842 0.169552
0.148508 0.188298
0.161786 0.213116
0.151987 0.252196
0.184679 0.296658
0.114295 0.000702
0.128812 0.024305
0.137753 0.040109
0.140777 0.057870
0.143562 0.073582
0.149396 0.088499
0.151670 0.105456
0.155187 0.121453
0.157804 0.140488
0.157734 0.157553
0.162012 0.178710
0.167283 0.199818
0.167466 0.231721
0.156048 0.270247
0.130570 0.000692
0.154910 0.000787
0.145284 0.024987
0.153021 0.041237
0.157236 0.061680
0.163408 0.079539
0.167138 0.098346
0.170486 0.116047
0.172763 0.134953
0.174854 0.151611
0.175371 0.171346
0.179437 0.190156
0.181510 0.219341
0.172970 0.254225
0.175825 0.274921
0.138716 0.001005
0.162127 0.025328
0.167498 0.043080
0.173344 0.062124
0.179672 0.077559
0.182373 0.094536
0.186868 0.112175
0.189193 0.130133
0.192458 0.147230
0.192472 0.163412
0.193189 0.181372
0.191258 0.206864
0.184772 0.240089
0.187910 0.263975
0.146881 0.000872
0.187667 0.000185
0.178812 0.025977
0.182283 0.041975
0.191235 0.065491
0.196454 0.087566
0.201315 0.108625
0.205970 0.126346
0.208110 0.145658
0.210338 0.162385
0.209661 0.180864
0.204258 0.197638
0.201842 0.236367
0.205298 0.255954
0.184265 0.301370
0.163082 0.000040
0.194408 0.024837
0.196381 0.049161
0.206476 0.066423
0.210624 0.084168
0.215636 0.103090
0.218408 0.120744
0.224646 0.141876
0.226937 0.162659
0.228610 0.180459
0.222620 0.194873
0.204633 0.219507
0.223163 0.263013
0.203564 0.291088
0.171236 0.000747
0.215874 0.025800
0.205033 0.036842
0.217266 0.054778
0.223830 0.076388
0.228729 0.095614
0.233334 0.118180
0.238404 0.133186
0.241465 0.155890
0.243233 0.174056
0.247330 0.194648
0.219289 0.212365
0.220821 0.238308
0.204119 0.270316
0.214543 0.294674
0.179516 0.000691
0.225368 0.037157
0.234887 0.053564
0.237781 0.071935
0.242653 0.090086
0.245143 0.108809
0.253652 0.131008
0.254945 0.149762
0.259127 0.171317
0.264562 0.191288
0.239601 0.206075
0.230083 0.224189
0.235046 0.247882
0.235666 0.287570
0.196455 0.000378
0.237571 0.027635
0.247649 0.040172
0.252568 0.060560
0.254651 0.080972
0.259673 0.099682
0.262662 0.119118
0.270332 0.142516
0.272226 0.163223
0.281477 0.201289
0.261968 0.208240
0.264298 0.255556
0.245705 0.234249
0.268395 0.268444
0.265180 0.288878
0.205074 0.000651
0.257882 0.026805
0.263933 0.044415
0.268555 0.070215
0.271250 0.090206
0.276943 0.109253
0.275001 0.130025
0.287463 0.157803
0.277936 0.181341
0.278487 0.222190
0.250665 0.221100
0.276028 0.245430
0.245079 0.261290
0.226932 0.294120
0.213575 0.000875
0.265399 0.000269
0.273457 0.032181
0.278682 0.056081
0.283380 0.080452
0.288326 0.101010
0.290398 0.123635
0.293034 0.138372
0.296711 0.172762
0.298208 0.195382
0.311063 0.236115
0.287509 0.237219
0.266176 0.232397
0.305418 0.297715
0.240165 0.275659
0.222336 0.000136
0.287541 0.029323
0.290839 0.046188
0.295708 0.073344
0.300759 0.094029
0.304180 0.115900
0.307971 0.133938
0.303348 0.153420
0.309105 0.181667
0.296703 0.222467
0.320747 0.252369
0.298690 0.255368
0.287569 0.269359
0.275478 0.289384
0.231046 0.000663
0.298503 0.000217
0.302405 0.033329
0.304800 0.059292
0.309354 0.082734
0.315306 0.103371
0.321634 0.126030
0.324067 0.142699
0.318116 0.161121
0.339180 0.198041
0.320905 0.198366
0.306149 0.208098
0.321162 0.268338
0.342303 0.283916
0.292019 0.296047
0.239707 0.000002
0.316103 0.029183
0.318135 0.047802
0.322679 0.073040
0.327641 0.093379
0.329558 0.113129
0.339071 0.132160
0.334697 0.158044
0.327455 0.178660
0.351422 0.236272
0.321798 0.224824
0.338464 0.267266
0.317448 0.289935
0.295843 0.277570
0.248454 0.001029
0.322725 0.000715
0.329360 0.035926
0.332756 0.060157
0.338469 0.081761
0.343895 0.101296
0.349119 0.117512
0.346716 0.145092
0.344558 0.177325
0.359517 0.197632
0.351062 0.216413
0.335539 0.218309
0.358583 0.284083
0.347292 0.317850
0.322160 0.304554
0.257075 0.000174
0.341155 0.029388
0.345829 0.051709
0.351710 0.076934
0.358724 0.094010
0.363713 0.114984
0.357963 0.137181
0.354569 0.164526
0.363425 0.183029
0.375217 0.206300
0.333363 0.244783
0.362248 0.266904
0.367256 0.320844
0.336359 0.310506
0.273890 0.001140
0.346691 0.000511
0.353766 0.034111
0.362596 0.057823
0.367028 0.075165
0.376563 0.100794
0.375264 0.126208
0.368823 0.156965
0.380704 0.176096
0.385989 0.189982
0.385414 0.226344
0.359622 0.250200
0.396244 0.280207
0.348413 0.307014
0.379718 0.286497
0.282170 0.000882
0.367269 0.029524
0.373504 0.045603
0.380284 0.082548
0.394129 0.091700
0.386024 0.112307
0.391241 0.140339
0.374298 0.141463
0.388922 0.161258
0.399752 0.175135
0.367860 0.226274
0.366563 0.330683
0.452302 0.380547
0.407753 0.336499
0.290420 0.000395
0.370573 0.001098
0.384229 0.063336
0.391534 0.044135
0.399201 0.072776
0.406088 0.105493
0.396836 0.126883
0.415430 0.140355
0.405016 0.154633
0.407095 0.194798
0.395810 0.209713
0.399040 0.237996
0.393935 0.258751
0.377148 0.241193
0.383373 0.319699
0.306591 0.001164
0.381947 0.029624
0.403641 0.055108
0.417059 0.068465
0.411279 0.088861
0.422797 0.102556
0.414710 0.122187
0.420716 0.160445
0.416324 0.180042
0.410600 0.220765
0.418353 0.246270
0.419250 0.291212
0.394713 0.339225
0.408051 0.304015
0.314645 0.000132
0.398415 0.027924
0.419562 0.043801
0.428658 0.078412
0.436590 0.091392
0.445156 0.129909
0.450005 0.150626
0.430166 0.122711
0.432087 0.142190
0.426551 0.226228
0.438798 0.241900
0.438833 0.263523
0.413580 0.259431
0.386213 0.297765
0.378934 0.269191
0.330726 0.000913
0.413467 0.027824
0.447527 0.046340
0.429224 0.055225
0.452787 0.087342
0.442564 0.107759
0.460875 0.135680
0.461102 0.161616
0.429015 0.189459
0.427352 0.208229
0.443730 0.218703
0.419346 0.275868
0.439071 0.358308
0.404998 0.322310
0.338701 0.000715
0.410001 0.000987
0.428265 0.028939
0.441059 0.031257
0.441911 0.067206
0.465396 0.092728
0.457457 0.112133
0.475409 0.151815
0.435211 0.163565
0.444511 0.197983
0.453865 0.228741
0.441270 0.286207
0.462090 0.293853
0.429713 0.310067
0.432318 0.355026
0.354632 0.000698
0.454513 0.026225
0.455032 0.059279
0.474198 0.106379
0.474838 0.121783
0.482219 0.166700
0.468639 0.178199
0.447379 0.176821
0.470736 0.267812
0.450113 0.273330
0.458250 0.254744
0.470321 0.303896
0.448870 0.407362
0.426548 0.331354
0.362584 0.000891
0.417852 0.001003
0.480061 0.000285
0.470764 0.025824
0.464029 0.040983
0.491808 0.116838
0.500090 0.143972
0.485033 0.135546
0.488384 0.236508
0.460523 0.195982
0.486921 0.329214
0.483486 0.281662
0.469374 0.321061
0.446862 0.304768
0.476810 0.369375
0.378417 0.000873
0.464659 0.000540
0.481637 0.043401
0.464752 0.071127
0.497442 0.166924
0.508539 0.181644
0.487852 0.187380
0.470774 0.226788
0.489040 0.261992
0.480825 0.351476
0.469337 0.348283
0.468907 0.421433
0.452329 0.343497
0.444194 0.330308
0.386349 0.000491
0.456804 0.000348
0.487645 0.000184
0.487693 0.028279
0.526363 0.089522
0.530675 0.228691
0.502394 0.211403
0.486554 0.208128
0.530219 0.668577
0.469602 0.446020
0.480119 0.488951
0.600737 0.566197
0.517412 0.525747
0.439485 0.456296
0.451920 0.420597
0.425584 0.000773
0.472407 0.000348
0.577984 0.046804
0.495536 0.079225
0.481133 0.061315
0.505382 0.230944
0.515785 0.244415
0.467489 0.208640
0.497042 0.289995
0.475062 0.244701
0.481298 0.388865
0.449820 0.444655
0.460397 0.389016
0.447597 0.393445
0.402087 0.000961
0.441038 0.000565
0.510769 0.000548
0.498870 0.042535
0.539808 0.651832
0.506690 0.124299
0.552468 0.495425
0.502946 0.253455
0.502841 0.328848
0.491639 0.306243
0.616062 0.549953
0.561062 0.498952
0.543024 0.498828
0.475981 0.481963
0.443826 0.461746
0.533899 0.000283
0.502966 0.000498
0.433285 0.000056
0.377154 0.490615
0.509912 0.079256
0.511880 0.156757
0.518330 0.324740
0.539787 0.641761
0.509796 0.513544
0.498696 0.507166
0.598811 0.552005
0.547069 0.483294
0.495482 0.492730
0.500692 0.438397
0.595817 0.000570
0.549397 0.000411
0.394228 0.000699
0.495291 0.000462
0.522120 0.028103
0.487041 0.097119
0.520601 0.135694
0.523978 0.209439
0.509484 0.305899
0.510520 0.392854
0.498358 0.353391
0.496970 0.422386
0.515367 0.413872
0.495605 0.468763
0.532847 0.445213
0.588044 0.000172
0.518530 0.000381
0.448908 0.000271
0.513428 0.037787
0.479930 0.078069
0.607397 0.564601
0.468028 0.460804
0.494451 0.383935
0.500752 0.465113
0.526311 0.660055
0.486729 0.418423
0.498239 0.523246
0.521580 0.512268
0.555200 0.398142
0.611405 0.000276
0.565009 0.000989
0.504598 0.025795
0.526206 0.000874
0.507189 0.097504
0.521037 0.066773
0.516480 0.107888
0.507312 0.197905
0.527219 0.186638
0.508402 0.272618
0.525587 0.283368
0.519004 0.376929
0.536722 0.441907
0.516198 0.448607
0.557881 0.300436
0.626928 0.000191
0.541617 0.001102
0.537184 0.025694
0.517504 0.054032
0.500057 0.060006
0.530984 0.117051
0.522570 0.163158
0.536343 0.172494
0.538828 0.198969
0.525280 0.260137
0.513144 0.354019
0.527114 0.355433
0.527895 0.412200
0.542744 0.409188
0.634887 0.000849
0.557261 0.000319
0.567704 0.033275
0.551491 0.039539
0.533123 0.045774
0.535485 0.136262
0.541821 0.156675
0.555463 0.177664
0.550327 0.217011
0.541239 0.268566
0.528638 0.299711
0.545757 0.306788
0.536250 0.378995
0.568729 0.282946
0.546085 0.350911
0.650379 0.000438
0.577994 0.027431
0.564298 0.057638
0.552531 0.025602
0.536273 0.072901
0.541021 0.093707
0.546982 0.116776
0.551028 0.136412
0.556895 0.198726
0.539569 0.241658
0.550114 0.286231
0.551805 0.261968
0.534266 0.323480
0.541131 0.336368
0.658262 0.000883
0.572650 0.000247
0.591661 0.029388
0.551682 0.075097
0.547618 0.056495
0.568445 0.072859
0.554315 0.096634
0.563397 0.113658
0.559141 0.155960
0.570840 0.199380
0.567090 0.220396
0.570361 0.262602
0.600741 0.292818
0.573030 0.321200
0.604323 0.330785
0.674183 0.001145
0.580305 0.000541
0.603508 0.000328
0.585647 0.069833
0.571760 0.092984
0.579805 0.121274
0.567352 0.136907
0.572778 0.173386
0.585115 0.183978
0.584367 0.214401
0.555902 0.238030
0.584752 0.283438
0.545526 0.370672
0.553110 0.391016
0.682216 0.000243
0.619153 0.000956
0.606754 0.025907
0.590370 0.053694
0.584913 0.086118
0.585830 0.105035
0.585271 0.139150
0.575328 0.155847
0.593070 0.158948
0.598793 0.179634
0.569084 0.245692
0.586170 0.231317
0.597117 0.243321
0.605873 0.261716
0.632807 0.328939
0.698434 0.000957
0.621381 0.037731
0.616991 0.063672
0.605331 0.044394
0.603535 0.070726
0.603618 0.090709
0.600002 0.113613
0.600515 0.138010
0.610795 0.195740
0.598126 0.206741
0.616570 0.238821
0.577908 0.304427
0.561060 0.335959
0.631296 0.332765
0.706458 0.000103
0.642624 0.000380
0.628407 0.027363
0.629046 0.052860
0.620301 0.080467
0.617300 0.100626
0.610555 0.121458
0.616287 0.141052
0.609130 0.164204
0.623306 0.210696
0.609226 0.221901
0.628423 0.245520
0.591105 0.258745
0.610493 0.281522
0.636911 0.296559
0.714604 0.000512
0.642783 0.033128
0.643902 0.053556
0.635362 0.076764
0.633404 0.102037
0.626715 0.119145
0.633619 0.140422
0.626465 0.159702
0.621501 0.183730
0.634424 0.227360
0.643614 0.275103
0.626218 0.263605
0.599247 0.312427
0.587937 0.343321
0.731006 0.000204
0.666187 0.000576
0.656544 0.030561
0.657935 0.054182
0.649689 0.075329
0.647137 0.098119
0.643348 0.120913
0.645592 0.156463
0.636246 0.173357
0.636703 0.194447
0.645890 0.218418
0.667904 0.213889
0.628845 0.284047
0.614609 0.314360
0.674321 0.294434
0.739126 0.000420
0.671979 0.027348
0.671268 0.045083
0.664855 0.072197
0.662057 0.093089
0.658879 0.116621
0.651377 0.138088
0.657607 0.166584
0.653255 0.184185
0.652423 0.204988
0.648907 0.239319
0.583268 0.338806
0.698156 0.273683
0.661398 0.314582
0.747199 0.000692
0.690310 0.000839
0.686533 0.033395
0.682082 0.061239
0.679736 0.081764
0.674072 0.105740
0.672139 0.127702
0.666509 0.144957
0.677492 0.158343
0.670875 0.176854
0.666115 0.233757
0.685825 0.246013
0.651147 0.256457
0.707936 0.303340
0.655949 0.321886
0.755351 0.001099
0.701400 0.028798
0.697527 0.048331
0.696629 0.071019
0.692219 0.093613
0.686030 0.113637
0.683226 0.140004
0.688534 0.176064
0.669944 0.191530
0.698213 0.207262
0.650936 0.298499
0.662387 0.277365
0.736286 0.288117
0.723436 0.291395
0.763626 0.000254
0.722875 0.000257
0.714867 0.031737
0.712707 0.059088
0.708522 0.082099
0.703620 0.104370
0.695324 0.127220
0.693377 0.154565
0.699709 0.182060
0.672287 0.252810
0.714127 0.194657
0.679272 0.221144
0.702462 0.244584
0.667984 0.311156
0.689510 0.285677
0.779847 0.000491
0.731544 0.029838
0.726328 0.047152
0.722801 0.073074
0.720586 0.094811
0.710548 0.119639
0.707159 0.138896
0.708211 0.155804
0.684928 0.196693
0.715924 0.207831
0.719634 0.251218
0.680967 0.265161
0.721739 0.264440
0.712282 0.277425
0.787953 0.000140
0.750252 0.030429
0.742783 0.043948
0.741023 0.066074
0.737446 0.084774
0.729797 0.105137
0.725015 0.123408
0.722384 0.142111
0.714180 0.174654
0.731073 0.169032
0.695210 0.227065
0.714862 0.231726
0.746154 0.253901
0.774749 0.275465
0.754994 0.310563
0.795891 0.001213
0.766548 0.029783
0.758896 0.049618
0.756668 0.071601
0.750631 0.092400
0.743791 0.112122
0.740715 0.129762
0.731814 0.153862
0.751988 0.195823
0.730817 0.218981
0.734821 0.241709
0.746851 0.267749
0.736657 0.305668
0.699012 0.306748
0.811829 0.000568
0.771770 0.000406
0.781930 0.029787
0.775608 0.050777
0.769634 0.075235
0.764277 0.096905
0.758011 0.118091
0.748556 0.144185
0.744662 0.169678
0.735947 0.189130
0.735951 0.209152
0.762609 0.225367
0.785215 0.240764
0.789636 0.301684
0.754257 0.302744
0.819765 0.000153
0.798396 0.029813
0.792357 0.045417
0.784618 0.067733
0.782214 0.086578
0.775727 0.108361
0.763618 0.131890
0.765191 0.149781
0.759909 0.168664
0.768688 0.184906
0.747988 0.231929
0.783763 0.226699
0.758036 0.273544
0.768833 0.258498
0.827654 0.000778
0.803812 0.000282
0.812708 0.030324
0.807318 0.051926
0.800010 0.071237
0.792888 0.095747
0.788215 0.115481
0.780146 0.131686
0.781030 0.154193
0.758429 0.210382
0.775569 0.204039
0.765226 0.241236
0.804234 0.235948
0.773954 0.293949
0.800622 0.305633
0.843330 0.000218
0.827891 0.028439
0.823415 0.045475
0.819365 0.065646
0.811866 0.082093
0.808333 0.099614
0.801861 0.120521
0.793216 0.141242
0.776564 0.172119
0.786157 0.192465
0.793334 0.205471
0.802191 0.219599
0.788669 0.267847
0.805167 0.270124
0.851256 0.000876
0.835488 0.000347
0.842785 0.029187
0.838625 0.048337
0.833314 0.069623
0.825125 0.091219
0.817741 0.113330
0.812011 0.133458
0.805954 0.153029
0.794443 0.165933
0.799452 0.181280
0.810209 0.198462
0.821158 0.226362
0.806498 0.256900
0.803448 0.296224
0.867250 0.000208
0.857709 0.026506
0.855351 0.044592
0.852152 0.062761
0.844850 0.078370
0.841017 0.094516
0.835165 0.110868
0.829483 0.126260
0.822657 0.146368
0.816572 0.165855
0.821841 0.183054
0.822509 0.208629
0.831264 0.245240
0.830225 0.276964
0.875307 0.000205
0.859266 0.000956
0.872809 0.026837
0.869728 0.045823
0.867884 0.066067
0.861328 0.083460
0.857114 0.101418
0.851545 0.117263
0.845571 0.133646
0.838727 0.149772
0.833654 0.167435
0.837697 0.183835
0.840369 0.219391
0.829674 0.257806
0.819023 0.309161
0.883364 0.000732
0.887934 0.024608
0.885346 0.039797
0.884541 0.058325
0.885359 0.072306
0.877042 0.086399
0.874390 0.104252
0.867509 0.119987
0.861017 0.138342
0.855758 0.154267
0.853996 0.173134
0.841883 0.199509
0.849128 0.232744
0.843748 0.268134
0.891598 0.000336
0.899976 0.000898
0.903037 0.022426
0.899662 0.043643
0.902257 0.060725
0.900621 0.079577
0.892231 0.094527
0.889661 0.110689
0.882819 0.125162
0.876989 0.143194
0.870900 0.160152
0.861025 0.186887
0.856865 0.208710
0.858548 0.250182
0.831093 0.305063
0.908475 0.000008
0.918889 0.021426
0.912239 0.036753
0.918720 0.052210
0.914989 0.071213
0.913750 0.088897
0.909693 0.103386
0.903394 0.118041
0.897018 0.135212
0.888898 0.153404
0.877688 0.175179
0.878153 0.191335
0.868065 0.229150
0.859946 0.266544
0.917267 0.000563
0.933567 0.020030
0.928498 0.036187
0.936167 0.050333
0.929255 0.065223
0.930304 0.083188
0.927947 0.099801
0.922707 0.116283
0.914146 0.131508
0.907120 0.149078
0.898743 0.166324
0.895902 0.184200
0.872567 0.210281
0.880582 0.242894
0.833395 0.294906
0.926201 0.000513
0.944556 0.032638
0.950730 0.049392
0.943865 0.067995
0.944704 0.086084
0.942891 0.103468
0.939151 0.119561
0.932419 0.133831
0.923903 0.148256
0.916095 0.163948
0.914163 0.183194
0.899480 0.200157
0.889037 0.215630
0.855464 0.293430
0.935292 0.000949
0.951253 0.017411
0.959029 0.031276
0.958580 0.064010
0.959092 0.082337
0.958353 0.101822
0.954952 0.120859
0.950628 0.136256
0.941376 0.150437
0.933932 0.165520
0.930918 0.180927
0.922759 0.197801
0.910800 0.212967
0.878843 0.269872
0.892437 0.248702
0.944724 0.000640
0.968052 0.015866
0.965399 0.048872
0.971605 0.072937
0.970968 0.110627
0.969267 0.126733
0.966992 0.143369
0.956496 0.156119
0.951556 0.172815
0.948147 0.189065
0.937202 0.204280
0.940211 0.221485
0.899083 0.233448
0.928295 0.283563
0.955140 0.000211
0.976080 0.001126
0.972455 0.035497
0.978197 0.056713
0.970767 0.091370
0.985979 0.116679
0.983981 0.157331
0.969248 0.163608
0.966062 0.182117
0.965289 0.198644
0.962454 0.227109
0.940405 0.237288
0.926038 0.253326
0.917521 0.241750
0.869620 0.296374
0.965388 0.001061
0.981966 0.023774
0.987440 0.041953
0.985482 0.073439
0.984448 0.096138
0.981877 0.139272
0.983015 0.178573
0.982103 0.197789
0.976576 0.214409
0.955409 0.210908
0.968716 0.266365
0.921950 0.223481
0.913010 0.263980
0.898563 0.273437
0.986529 0.000606
0.999336 0.022869
0.999917 0.045518
0.999189 0.077053
0.999628 0.109864
0.999777 0.143312
0.999651 0.178188
0.999599 0.213561
0.980916 0.234057
0.978210 0.253688
0.963724 0.242499
0.954692 0.255972
0.960781 0.282202
0.978906 0.288747
0.896911 0.294173
0.999958 0.000138
0.998940 0.033181
0.998834 0.065942
0.999665 0.098673
0.999531 0.132256
0.999456 0.166301
0.999980 0.202526
0.999914 0.238161
0.999200 0.262432
0.999617 0.287954
0.984778 0.309728
0.962638 0.304581
0.872345 0.290311
0.939235 0.264954
0.998739 0.000147
0.999691 0.012059
0.999592 0.055736
0.999332 0.087709
0.999252 0.121419
0.999487 0.154792
0.999672 0.190388
0.999961 0.225324
0.999453 0.250185
0.999663 0.273713
0.999061 0.300269
0.927019 0.291665
0.969525 0.299689
0.903886 0.294760
0.945626 0.285085
