0.001309 0.011471
0.000658 0.043199
0.000350 0.074375
0.000087 0.117957
0.001046 0.151655
0.000227 0.187272
0.000507 0.211227
0.000265 0.236084
0.000098 0.262403
0.005421 0.306320
0.064681 0.262554
0.032263 0.297595
0.052176 0.282711
0.078763 0.285152
0.001106 0.001185
0.001094 0.021881
0.000493 0.053307
0.000089 0.095950
0.000129 0.128986
0.000279 0.175412
0.000298 0.198672
0.000337 0.224071
0.000391 0.248345
0.000394 0.276951
0.000990 0.290506
0.015688 0.298334
0.045003 0.265224
0.066118 0.285531
0.105045 0.289360
0.001420 0.000561
0.000378 0.032595
0.000254 0.063994
0.000107 0.085411
0.000139 0.106869
0.000495 0.140464
0.000834 0.163322
0.016969 0.178269
0.024142 0.193648
0.018564 0.209559
0.021220 0.245405
0.035231 0.256768
0.026181 0.287767
0.088593 0.293034
0.014703 0.000260
0.026182 0.016007
0.015856 0.034947
0.017688 0.062746
0.016967 0.085297
0.016915 0.112859
0.016593 0.137271
0.017262 0.157155
0.033740 0.173732
0.040014 0.201392
0.022037 0.227390
0.040212 0.236092
0.013798 0.266254
0.055053 0.246427
0.118522 0.283176
0.026185 0.000769
0.029231 0.032259
0.026263 0.048526
0.028166 0.074287
0.024367 0.099705
0.027048 0.125120
0.031388 0.142584
0.034124 0.158895
0.044584 0.187792
0.063145 0.200465
0.036330 0.219220
0.076584 0.223099
0.062890 0.230809
0.084282 0.255024
0.045052 0.000772
0.035930 0.000321
0.042733 0.040033
0.036438 0.059459
0.037455 0.088932
0.038904 0.105297
0.041401 0.120944
0.046415 0.137997
0.050275 0.156168
0.052258 0.172985
0.064844 0.184389
0.053446 0.214707
0.091465 0.231231
0.108711 0.250997
0.148696 0.293051
0.054391 0.000209
0.040565 0.021846
0.051430 0.056758
0.047021 0.073779
0.053021 0.089142
0.054692 0.106498
0.058312 0.124273
0.062652 0.141140
0.066654 0.158748
0.075856 0.171335
0.080384 0.193199
0.081522 0.207717
0.083193 0.244838
0.102722 0.274614
0.063432 0.000511
0.055977 0.021423
0.056454 0.037573
0.067140 0.051494
0.063141 0.069093
0.067777 0.087538
0.070947 0.105346
0.074084 0.122622
0.077686 0.138892
0.085292 0.156905
0.092180 0.180280
0.100874 0.197245
0.103610 0.213812
0.109437 0.234773
0.136479 0.287805
0.071907 0.000515
0.069992 0.025578
0.076404 0.039028
0.080601 0.058393
0.077870 0.075870
0.083818 0.093650
0.087880 0.110437
0.091520 0.127186
0.095405 0.145114
0.098492 0.165718
0.111539 0.183186
0.118557 0.208342
0.123632 0.229232
0.120055 0.259265
0.080689 0.000171
0.089313 0.000650
0.083566 0.021861
0.091935 0.042284
0.094965 0.060810
0.093754 0.079535
0.100553 0.095974
0.104628 0.112987
0.108064 0.131858
0.111730 0.150824
0.117009 0.166958
0.125958 0.192873
0.135505 0.218289
0.138009 0.241825
0.154523 0.294310
0.097838 0.000128
0.097386 0.024224
0.106114 0.039104
0.109511 0.056378
0.110576 0.072867
0.114507 0.088908
0.119308 0.105277
0.122123 0.121322
0.124953 0.140842
0.131424 0.157330
0.132671 0.180274
0.144280 0.205574
0.151854 0.233186
0.140977 0.264491
0.106157 0.000891
0.122451 0.001107
0.113143 0.024200
0.122347 0.040238
0.124741 0.059536
0.127515 0.076515
0.133611 0.094854
0.136897 0.112991
0.139112 0.129344
0.143210 0.148674
0.146469 0.170722
0.149260 0.189452
0.162685 0.214566
0.152684 0.253629
0.185597 0.297957
0.114281 0.000166
0.128801 0.024485
0.137944 0.040265
0.140958 0.058267
0.143860 0.074280
0.149769 0.089062
0.152044 0.106392
0.155529 0.122453
0.158379 0.141532
0.158407 0.158686
0.162793 0.180025
0.168122 0.201006
0.168406 0.232979
0.157135 0.271667
0.130604 0.000127
0.154999 0.000303
0.145443 0.025330
0.153176 0.041313
0.157469 0.061978
0.163665 0.079951
0.167492 0.099023
0.170961 0.116988
0.173174 0.136008
0.175361 0.153132
0.175958 0.172448
0.180062 0.191510
0.182363 0.220916
0.173675 0.256175
0.176119 0.275709
0.138777 0.000373
0.162154 0.025543
0.167652 0.043346
0.173656 0.062566
0.180203 0.078322
0.182665 0.095291
0.187171 0.113144
0.189615 0.131085
0.192978 0.148594
0.193153 0.164497
0.193958 0.182839
0.191980 0.208268
0.185657 0.241454
0.188328 0.265329
0.146935 0.000448
0.187791 0.000241
0.178956 0.026243
0.182504 0.041935
0.191450 0.065951
0.196784 0.088070
0.201666 0.109586
0.206655 0.127677
0.208662 0.146651
0.210859 0.164095
0.210441 0.182222
0.204977 0.199063
0.202567 0.237661
0.206167 0.257259
0.184755 0.303023
0.163132 0.000699
0.194747 0.025244
0.196698 0.049678
0.206764 0.067220
0.211127 0.084936
0.216248 0.103887
0.218880 0.122034
0.225120 0.143017
0.227253 0.164334
0.229169 0.181837
0.223306 0.196735
0.205208 0.221065
0.224007 0.265134
0.204020 0.292366
0.171321 0.000718
0.216095 0.026196
0.205186 0.037140
0.217689 0.055162
0.224256 0.077036
0.229218 0.096305
0.233790 0.119417
0.238896 0.134330
0.241948 0.157351
0.243686 0.175564
0.247903 0.196264
0.219705 0.213730
0.221541 0.239835
0.205137 0.271902
0.215504 0.296212
0.179731 0.000114
0.225840 0.037763
0.235332 0.054209
0.238338 0.072512
0.243225 0.091039
0.245685 0.109684
0.254063 0.132359
0.255715 0.151080
0.259538 0.172978
0.265203 0.192983
0.240276 0.207806
0.230630 0.225812
0.235845 0.249265
0.236995 0.289453
0.196604 0.000768
0.237854 0.028128
0.248151 0.040908
0.253118 0.061203
0.255194 0.081745
0.260273 0.100349
0.263231 0.119882
0.270991 0.143833
0.272669 0.164618
0.281937 0.202963
0.262647 0.209822
0.264761 0.257574
0.246267 0.236320
0.269037 0.269778
0.266189 0.291238
0.205197 0.000582
0.258207 0.027226
0.264369 0.044971
0.269045 0.070702
0.271849 0.090993
0.277570 0.109984
0.275624 0.131187
0.288135 0.159003
0.278256 0.183216
0.278682 0.224206
0.251223 0.222362
0.277067 0.247297
0.245453 0.263024
0.228111 0.296121
0.213663 0.000826
0.265337 0.000202
0.273849 0.032656
0.279075 0.056825
0.283921 0.081289
0.288934 0.101915
0.291075 0.124280
0.293522 0.139506
0.297267 0.174469
0.298606 0.196925
0.311792 0.237968
0.288381 0.238821
0.266457 0.234391
0.306157 0.300189
0.240565 0.277571
0.222406 0.000017
0.288000 0.029788
0.291180 0.046524
0.296197 0.073856
0.301256 0.094887
0.304718 0.116401
0.308754 0.134909
0.304015 0.154451
0.309687 0.183554
0.297610 0.224535
0.321590 0.254847
0.299631 0.257268
0.287996 0.271612
0.275963 0.290960
0.231064 0.000706
0.298452 0.000733
0.302732 0.033885
0.305046 0.060134
0.309860 0.083517
0.315846 0.104115
0.322655 0.126793
0.324780 0.143822
0.318664 0.162309
0.339967 0.199745
0.321587 0.200185
0.306663 0.210062
0.322194 0.270357
0.343056 0.285796
0.292587 0.298296
0.239676 0.001225
0.316461 0.029590
0.318359 0.048151
0.322912 0.073558
0.328034 0.094389
0.330095 0.113815
0.339576 0.133142
0.335560 0.159100
0.328112 0.180511
0.352177 0.238200
0.322230 0.226833
0.338795 0.269545
0.318549 0.292544
0.296670 0.279561
0.248311 0.000755
0.322700 0.000560
0.329723 0.036478
0.333116 0.061012
0.338971 0.082645
0.344414 0.102076
0.349513 0.118065
0.347484 0.146471
0.345123 0.178927
0.360588 0.199090
0.351951 0.218596
0.335960 0.220240
0.359789 0.286237
0.348295 0.320120
0.323567 0.306041
0.256993 0.000380
0.341448 0.029851
0.346022 0.052197
0.351737 0.077702
0.359188 0.094847
0.364205 0.115585
0.358602 0.138572
0.355189 0.165649
0.363994 0.184700
0.376114 0.207943
0.333905 0.246924
0.363267 0.269155
0.367806 0.324153
0.337072 0.313024
0.273795 0.001100
0.346650 0.000047
0.353830 0.034692
0.362956 0.058650
0.367331 0.075874
0.376662 0.101710
0.375771 0.127347
0.369281 0.158108
0.381722 0.177758
0.386786 0.191347
0.386305 0.228319
0.360190 0.252463
0.397265 0.282938
0.349427 0.309673
0.380485 0.288999
0.282124 0.000805
0.367477 0.029937
0.373681 0.046095
0.380636 0.083734
0.394610 0.092598
0.386469 0.113043
0.391683 0.141843
0.374704 0.142483
0.389387 0.162376
0.400268 0.176640
0.368096 0.228278
0.366844 0.333069
0.452601 0.383877
0.408447 0.338858
0.290368 0.000275
0.370508 0.000921
0.384352 0.063993
0.391754 0.044527
0.399361 0.073695
0.406457 0.106633
0.396979 0.127962
0.415906 0.141577
0.405510 0.155824
0.407617 0.196722
0.396440 0.211227
0.399780 0.240267
0.395348 0.260630
0.377801 0.242644
0.384351 0.323006
0.306554 0.001273
0.382215 0.029665
0.403737 0.055696
0.417058 0.069032
0.411424 0.089736
0.422992 0.103291
0.414958 0.123402
0.421400 0.162039
0.416897 0.181675
0.411165 0.222382
0.419155 0.248493
0.420262 0.293477
0.394852 0.342437
0.408768 0.306523
0.314617 0.000815
0.398689 0.028398
0.419505 0.044206
0.428568 0.079423
0.436942 0.092338
0.445692 0.131281
0.450182 0.152003
0.430531 0.123786
0.432678 0.143072
0.427096 0.228203
0.439407 0.244052
0.439326 0.265733
0.414480 0.261184
0.387266 0.299753
0.379633 0.271058
0.330707 0.000912
0.413662 0.028105
0.447488 0.046612
0.429591 0.055904
0.452786 0.088122
0.442579 0.108836
0.461188 0.136922
0.461313 0.163436
0.429264 0.191195
0.427763 0.210129
0.444287 0.220448
0.420011 0.277955
0.440032 0.360756
0.405733 0.325018
0.338684 0.000620
0.409947 0.000943
0.428190 0.029191
0.441125 0.031784
0.442167 0.067974
0.465911 0.093730
0.457476 0.113512
0.475640 0.153226
0.435630 0.164724
0.444863 0.199686
0.454318 0.230934
0.441852 0.289009
0.462528 0.296312
0.430567 0.313116
0.431785 0.358536
0.354603 0.000668
0.454637 0.026757
0.455134 0.059771
0.474485 0.107557
0.475071 0.122799
0.482415 0.168593
0.469052 0.179692
0.447728 0.178484
0.471052 0.270499
0.450179 0.275508
0.458682 0.256780
0.470683 0.307089
0.448132 0.411017
0.427040 0.334462
0.362523 0.000543
0.417806 0.000970
0.480052 0.000605
0.471197 0.026032
0.464080 0.041251
0.492003 0.117548
0.500220 0.145423
0.485037 0.136880
0.488420 0.238586
0.461072 0.197749
0.487227 0.332330
0.483707 0.284406
0.469578 0.324051
0.447169 0.307757
0.477515 0.372846
0.378360 0.000520
0.464618 0.000413
0.481510 0.043598
0.465029 0.071945
0.497367 0.168634
0.508679 0.183688
0.488210 0.189275
0.470845 0.228632
0.489109 0.264463
0.481039 0.354969
0.468857 0.351485
0.468669 0.425641
0.452411 0.346722
0.444387 0.333200
0.386311 0.000335
0.456751 0.000835
0.487645 0.000064
0.487599 0.028682
0.526239 0.090513
0.530535 0.230943
0.502617 0.213603
0.486536 0.209809
0.531601 0.672463
0.469161 0.450119
0.479748 0.492339
0.603573 0.570738
0.517693 0.529323
0.439550 0.459696
0.451510 0.424348
0.425534 0.000402
0.472374 0.000394
0.578074 0.047394
0.495203 0.079788
0.480963 0.061721
0.505272 0.232639
0.516026 0.246691
0.467248 0.210632
0.497160 0.293071
0.475173 0.246681
0.481292 0.392786
0.449326 0.448566
0.460185 0.392818
0.448691 0.396866
0.401999 0.000615
0.441020 0.000493
0.510732 0.000076
0.498853 0.043107
0.540388 0.656195
0.506783 0.125758
0.553498 0.498657
0.502916 0.256103
0.503055 0.332134
0.491899 0.309468
0.617551 0.552957
0.561464 0.502661
0.542987 0.501200
0.476161 0.485835
0.443161 0.465953
0.533904 0.000466
0.502960 0.000172
0.433275 0.000971
0.376161 0.491754
0.510034 0.080098
0.511875 0.158040
0.518010 0.328184
0.539898 0.645646
0.509743 0.516707
0.498450 0.511762
0.600627 0.554255
0.547651 0.486985
0.495478 0.497146
0.500541 0.442473
0.595894 0.000659
0.549449 0.000177
0.394194 0.000580
0.495292 0.000099
0.522201 0.028444
0.487463 0.097890
0.520575 0.136930
0.524218 0.210688
0.509484 0.308811
0.510706 0.396921
0.498483 0.356745
0.496796 0.426564
0.515539 0.418039
0.495231 0.472292
0.532872 0.448965
0.588069 0.000012
0.518509 0.000829
0.448872 0.000487
0.513498 0.038388
0.479676 0.078785
0.606981 0.568077
0.467731 0.464711
0.494512 0.387850
0.500972 0.468718
0.526193 0.663772
0.486381 0.422497
0.498218 0.525753
0.522551 0.516396
0.554456 0.401658
0.611445 0.001072
0.565013 0.000839
0.504399 0.026080
0.526193 0.000859
0.507217 0.098361
0.521020 0.067832
0.516642 0.108526
0.507320 0.199879
0.527155 0.188389
0.508157 0.275084
0.525458 0.286025
0.518542 0.380732
0.536573 0.445917
0.515912 0.452365
0.557201 0.302793
0.626986 0.000710
0.541666 0.000739
0.537101 0.025713
0.517290 0.054443
0.500169 0.060807
0.531155 0.117986
0.522957 0.164672
0.536800 0.174267
0.538970 0.200844
0.524937 0.262692
0.512970 0.357328
0.527043 0.359212
0.528217 0.416274
0.542392 0.412592
0.634951 0.000653
0.557278 0.000122
0.568125 0.033788
0.551646 0.040008
0.532731 0.046792
0.535459 0.137674
0.541942 0.157816
0.555425 0.178854
0.550267 0.219117
0.540774 0.271008
0.528346 0.302494
0.545722 0.309543
0.535851 0.383299
0.568410 0.285419
0.545691 0.354273
0.650439 0.000114
0.577698 0.027738
0.564733 0.058680
0.552275 0.026131
0.536327 0.073914
0.540804 0.094865
0.547025 0.117671
0.551222 0.137866
0.556734 0.200407
0.539326 0.244278
0.549912 0.289208
0.551035 0.264311
0.533583 0.326545
0.539348 0.339902
0.658339 0.000601
0.572650 0.000816
0.591640 0.029748
0.551574 0.076208
0.547588 0.057067
0.568539 0.073624
0.554170 0.097584
0.563466 0.114778
0.559100 0.157037
0.570771 0.200950
0.566497 0.222453
0.569939 0.264819
0.600467 0.295521
0.572767 0.323692
0.603801 0.332935
0.674273 0.001061
0.580325 0.000199
0.603548 0.000244
0.585477 0.070427
0.571271 0.093657
0.579790 0.122672
0.567314 0.138015
0.572680 0.174787
0.585046 0.185663
0.584410 0.216171
0.555681 0.240021
0.584275 0.285649
0.544975 0.374103
0.552705 0.395556
0.682282 0.000140
0.619219 0.000779
0.606821 0.026497
0.590253 0.054367
0.584535 0.086981
0.585890 0.106012
0.585140 0.140715
0.575282 0.157161
0.592756 0.160236
0.598744 0.181029
0.569107 0.247508
0.586304 0.233389
0.596636 0.245177
0.604957 0.263838
0.631578 0.330882
0.698491 0.000993
0.621371 0.038204
0.616760 0.064575
0.605352 0.044881
0.603224 0.071570
0.603542 0.091813
0.599853 0.114655
0.600575 0.139405
0.610393 0.197589
0.597796 0.208157
0.616000 0.240889
0.577426 0.306549
0.559167 0.339147
0.630116 0.335603
0.706496 0.000063
0.642710 0.000176
0.628220 0.027680
0.628835 0.053419
0.620012 0.081892
0.617205 0.101763
0.610610 0.123064
0.616164 0.142327
0.608804 0.165293
0.623239 0.212383
0.608440 0.224071
0.628017 0.247621
0.590854 0.260940
0.609196 0.283702
0.635369 0.298731
0.714652 0.000255
0.642748 0.033851
0.644053 0.054240
0.635450 0.077840
0.633400 0.103005
0.626829 0.120498
0.633277 0.141689
0.625989 0.161103
0.621195 0.185439
0.633709 0.229778
0.643341 0.276999
0.625553 0.265533
0.598910 0.315521
0.587060 0.345827
0.731005 0.000102
0.666225 0.000489
0.656336 0.031136
0.657918 0.054986
0.649570 0.076302
0.646912 0.099102
0.643020 0.121908
0.645293 0.157414
0.635821 0.174988
0.636434 0.195919
0.645684 0.220427
0.667290 0.215478
0.628495 0.286423
0.613190 0.317086
0.673858 0.296655
0.739116 0.000337
0.671698 0.028027
0.671263 0.045474
0.664706 0.073109
0.661961 0.094236
0.658587 0.117603
0.651006 0.139077
0.657072 0.167542
0.652317 0.185957
0.651708 0.206312
0.648188 0.241352
0.583154 0.341166
0.697736 0.276002
0.660589 0.316525
0.747179 0.000722
0.690387 0.000511
0.686285 0.033926
0.681821 0.062238
0.679496 0.082946
0.673525 0.106964
0.671642 0.128813
0.666019 0.146034
0.676511 0.159392
0.670471 0.178325
0.665154 0.236041
0.684993 0.248004
0.649919 0.258596
0.707616 0.305602
0.655317 0.324181
0.755325 0.001062
0.701123 0.029522
0.697109 0.048892
0.696281 0.071931
0.691712 0.094889
0.685542 0.114834
0.682713 0.141401
0.687834 0.177055
0.669204 0.193070
0.697292 0.209302
0.649965 0.300907
0.661725 0.279331
0.736329 0.290536
0.722710 0.293250
0.763569 0.000062
0.722912 0.000111
0.714785 0.032257
0.712436 0.059950
0.707970 0.083272
0.703111 0.105249
0.694378 0.128277
0.692867 0.155584
0.699312 0.183775
0.671085 0.255140
0.713539 0.196342
0.678757 0.223497
0.702219 0.246850
0.667510 0.313756
0.688360 0.287637
0.779723 0.000125
0.731309 0.030604
0.725795 0.047751
0.722362 0.073994
0.719877 0.096172
0.709873 0.120598
0.706215 0.140097
0.707707 0.156949
0.684340 0.198157
0.715931 0.209962
0.719578 0.253563
0.679920 0.267130
0.721804 0.265546
0.711212 0.279705
0.787875 0.000037
0.749851 0.031073
0.742489 0.044482
0.740562 0.066733
0.736872 0.085745
0.728792 0.106053
0.724170 0.124540
0.721618 0.143043
0.713637 0.176331
0.730432 0.170394
0.694475 0.228468
0.714497 0.233353
0.745601 0.255774
0.774264 0.277548
0.754410 0.312395
0.795785 0.001203
0.766149 0.030456
0.758503 0.050084
0.756028 0.072312
0.749872 0.093351
0.743012 0.112690
0.740076 0.130852
0.731099 0.154742
0.751412 0.197511
0.730538 0.221057
0.734699 0.243750
0.746004 0.269185
0.735778 0.307409
0.698043 0.308310
0.811715 0.000171
0.771673 0.000168
0.781603 0.030206
0.775193 0.051148
0.769181 0.075848
0.763652 0.097483
0.757259 0.118966
0.747723 0.145580
0.744200 0.171523
0.735545 0.190654
0.735444 0.211244
0.762005 0.227413
0.784785 0.242417
0.788472 0.303552
0.753286 0.303562
0.819714 0.000559
0.798027 0.030368
0.791883 0.045572
0.784142 0.068139
0.781548 0.087654
0.774928 0.109230
0.762746 0.133620
0.764344 0.151085
0.759468 0.170147
0.768280 0.186678
0.747219 0.234017
0.783654 0.228173
0.757612 0.275841
0.767730 0.259976
0.827593 0.000511
0.803737 0.000848
0.812315 0.030623
0.806990 0.052377
0.799647 0.071565
0.792279 0.096472
0.787585 0.116635
0.779365 0.132670
0.780638 0.155730
0.757935 0.212535
0.774613 0.205703
0.764418 0.242949
0.803551 0.237446
0.773048 0.295175
0.799697 0.306682
0.843311 0.000144
0.827695 0.028799
0.823022 0.045761
0.818924 0.066149
0.811346 0.082884
0.807800 0.100418
0.801514 0.121696
0.792596 0.142388
0.775925 0.173828
0.785261 0.194106
0.792581 0.207385
0.801197 0.221215
0.788103 0.269553
0.804539 0.271780
0.851243 0.000565
0.835456 0.000650
0.842236 0.029408
0.838410 0.048762
0.833057 0.069971
0.824720 0.091924
0.817215 0.114622
0.811430 0.134892
0.805690 0.154676
0.793815 0.167507
0.798760 0.182712
0.809502 0.200007
0.820525 0.227884
0.806036 0.258593
0.802447 0.297318
0.867242 0.000495
0.857382 0.026756
0.854995 0.044859
0.851949 0.063278
0.844406 0.079171
0.840663 0.095298
0.834775 0.111789
0.829200 0.127349
0.821988 0.147760
0.815947 0.167388
0.820970 0.184515
0.821862 0.209594
0.830534 0.246844
0.829456 0.278244
0.875303 0.001126
0.859257 0.000848
0.872611 0.026992
0.869458 0.046109
0.867605 0.066445
0.861115 0.084045
0.856829 0.102310
0.851048 0.118491
0.845008 0.134926
0.838376 0.150873
0.832909 0.168744
0.837235 0.185281
0.839616 0.221060
0.828766 0.259261
0.817918 0.311081
0.883383 0.000356
0.887878 0.024679
0.884952 0.040036
0.884383 0.058802
0.885177 0.072956
0.876725 0.087110
0.874192 0.105235
0.867242 0.121115
0.860581 0.139403
0.855101 0.155471
0.853318 0.174331
0.840944 0.201238
0.848292 0.234185
0.842685 0.269226
0.891623 0.000639
0.900025 0.000178
0.902850 0.022696
0.899546 0.043916
0.901972 0.061044
0.900652 0.080228
0.892043 0.095327
0.889427 0.111730
0.882590 0.126090
0.876581 0.144296
0.870373 0.161416
0.860316 0.188222
0.856008 0.210036
0.857873 0.251725
0.830065 0.306387
0.908498 0.000255
0.918705 0.021506
0.912168 0.036953
0.918532 0.052675
0.914710 0.071809
0.913716 0.089715
0.909596 0.104449
0.903154 0.119167
0.896663 0.136222
0.888499 0.154600
0.877054 0.176327
0.877480 0.192669
0.867463 0.230362
0.858903 0.267735
0.917308 0.000324
0.933322 0.020036
0.928266 0.036465
0.936044 0.050755
0.929127 0.065795
0.930268 0.083825
0.927755 0.100708
0.922605 0.117344
0.913924 0.132483
0.906678 0.150343
0.898310 0.167259
0.895542 0.185521
0.871619 0.211623
0.879706 0.244516
0.831941 0.296280
0.926272 0.001089
0.944227 0.033032
0.950477 0.049886
0.943850 0.068607
0.944548 0.087052
0.942719 0.104482
0.939070 0.120539
0.932247 0.134927
0.923719 0.149430
0.915789 0.165200
0.913704 0.184596
0.898906 0.201372
0.888371 0.216832
0.854493 0.294905
0.935428 0.000183
0.951011 0.017565
0.958953 0.031607
0.958574 0.064466
0.958880 0.083072
0.958256 0.102671
0.954825 0.121880
0.950571 0.137420
0.941161 0.151526
0.933649 0.166775
0.930582 0.182166
0.922078 0.199204
0.909950 0.214501
0.877987 0.271114
0.891545 0.250157
0.944818 0.000337
0.967795 0.016049
0.965302 0.049334
0.971387 0.073534
0.970910 0.111422
0.969018 0.127714
0.966929 0.144593
0.956301 0.157335
0.951303 0.174092
0.947848 0.190563
0.936614 0.205794
0.939560 0.223252
0.898370 0.234609
0.927113 0.285063
0.955166 0.000656
0.976021 0.000866
0.972379 0.035884
0.978123 0.057525
0.970532 0.092190
0.985783 0.117747
0.983818 0.158508
0.969099 0.164625
0.965888 0.183335
0.964690 0.200064
0.962176 0.228637
0.939562 0.239164
0.925195 0.254913
0.917067 0.243162
0.868483 0.297183
0.965400 0.000747
0.981698 0.023909
0.987032 0.042342
0.985370 0.074155
0.984365 0.097036
0.981709 0.140296
0.982803 0.179874
0.981702 0.199264
0.976190 0.215924
0.954829 0.212654
0.968239 0.267860
0.921409 0.225012
0.911742 0.265360
0.897648 0.274616
0.986423 0.000270
0.999640 0.022879
0.999280 0.045477
0.999510 0.077068
0.999322 0.109842
0.999708 0.143315
0.999772 0.178228
0.999954 0.213728
0.980734 0.235319
0.977989 0.255467
0.963322 0.243979
0.954102 0.257396
0.959400 0.283255
0.979813 0.289601
0.895861 0.295576
0.999544 0.000571
0.999178 0.033177
0.999108 0.065915
0.999967 0.098672
0.999700 0.132288
0.999574 0.166376
0.999706 0.202564
0.999480 0.238206
0.999340 0.262670
0.999953 0.288369
0.984675 0.310118
0.961108 0.305273
0.871046 0.291628
0.938403 0.266246
0.998820 0.000502
1.000000 0.012094
0.999073 0.055760
0.999738 0.087700
0.999702 0.121500
0.999149 0.154829
0.999882 0.190416
0.999363 0.225364
0.999751 0.250349
0.999642 0.273875
0.999057 0.300486
0.925972 0.292921
0.968780 0.301187
0.902721 0.296125
0.943994 0.286565
