0.000019 0.013192
0.000346 0.043169
0.000105 0.074199
0.001179 0.117764
0.000807 0.152605
0.000970 0.188736
0.000601 0.213640
0.000925 0.239660
0.000610 0.264448
0.010889 0.306930
0.087088 0.288466
0.040275 0.313270
0.075977 0.296988
0.106246 0.312192
0.001027 0.000714
0.000163 0.023305
0.000392 0.053341
0.000524 0.095908
0.000354 0.129110
0.000232 0.176481
0.000481 0.200953
0.001027 0.226353
0.000761 0.251901
0.000369 0.280449
0.003785 0.292859
0.014869 0.316478
0.058600 0.287056
0.088090 0.307047
0.118548 0.318274
0.000212 0.000718
0.000447 0.032988
0.000261 0.063520
0.000307 0.084897
0.000148 0.106752
0.000211 0.140572
0.000895 0.164363
0.022023 0.198981
0.030896 0.217444
0.021972 0.232268
0.026687 0.273707
0.044840 0.286281
0.042964 0.319161
0.111054 0.322220
0.015443 0.000096
0.026917 0.022949
0.021027 0.037611
0.021014 0.069964
0.021739 0.092591
0.021987 0.127037
0.021081 0.152538
0.022547 0.176254
0.038768 0.198692
0.046838 0.231218
0.027660 0.255595
0.047962 0.267748
0.021503 0.289831
0.071197 0.271944
0.142910 0.319021
0.025154 0.000847
0.037149 0.037644
0.027135 0.055202
0.034964 0.081839
0.026298 0.110217
0.033013 0.138964
0.036699 0.160632
0.039704 0.179132
0.054568 0.213988
0.072753 0.227900
0.042181 0.246947
0.090270 0.247617
0.073904 0.255986
0.107578 0.285981
0.043277 0.000308
0.034206 0.000320
0.047532 0.046987
0.042029 0.066697
0.041067 0.099022
0.043293 0.117266
0.048733 0.134777
0.053050 0.154447
0.057444 0.175098
0.059399 0.195405
0.073504 0.208826
0.063678 0.243730
0.110862 0.255818
0.119986 0.277375
0.162295 0.324291
0.052684 0.000629
0.045892 0.024713
0.057920 0.061992
0.053818 0.083958
0.060239 0.100679
0.062548 0.118815
0.065859 0.138748
0.071048 0.160112
0.075241 0.180679
0.086128 0.195755
0.093491 0.215037
0.096108 0.233043
0.093010 0.267715
0.128215 0.297067
0.061661 0.000292
0.060352 0.025800
0.065795 0.041885
0.073228 0.059560
0.069985 0.079282
0.077160 0.097204
0.079318 0.117802
0.082312 0.136978
0.087755 0.158094
0.093976 0.176564
0.104722 0.202038
0.115995 0.223509
0.114983 0.240205
0.125550 0.259098
0.151354 0.318798
0.070716 0.000465
0.076005 0.026067
0.084143 0.042450
0.088899 0.063571
0.087689 0.081685
0.093680 0.103188
0.097177 0.123073
0.100171 0.142599
0.106688 0.161652
0.111581 0.185139
0.123467 0.208709
0.135783 0.234153
0.141806 0.255202
0.140745 0.286697
0.079571 0.000123
0.088272 0.001028
0.091944 0.026247
0.100219 0.046426
0.105236 0.067001
0.103800 0.087479
0.110028 0.106970
0.114978 0.125518
0.118805 0.146470
0.122333 0.169502
0.129314 0.190464
0.140583 0.219257
0.153488 0.243865
0.149986 0.274393
0.183344 0.323928
0.096968 0.000371
0.106807 0.027025
0.115805 0.042973
0.120859 0.061180
0.119625 0.080743
0.126043 0.098579
0.130944 0.115440
0.132817 0.135971
0.136087 0.156651
0.143076 0.178065
0.144319 0.199670
0.160630 0.227758
0.164661 0.257653
0.154847 0.295539
0.105551 0.001060
0.122570 0.001035
0.123113 0.025543
0.131996 0.044531
0.136951 0.064598
0.138402 0.082761
0.144084 0.102556
0.147380 0.122750
0.150167 0.145165
0.155174 0.164722
0.159178 0.189736
0.160998 0.211537
0.175915 0.242424
0.169250 0.276069
0.202414 0.330890
0.114039 0.000012
0.140168 0.026204
0.147802 0.043440
0.153160 0.063012
0.155900 0.081501
0.162059 0.099102
0.163087 0.117090
0.165793 0.137152
0.169357 0.155682
0.170672 0.178468
0.176016 0.202361
0.180458 0.224709
0.183146 0.263139
0.173738 0.301971
0.131018 0.000485
0.156305 0.000257
0.156150 0.026136
0.164356 0.042817
0.168692 0.065409
0.175429 0.083105
0.176941 0.105576
0.180908 0.128470
0.185656 0.150559
0.186983 0.172405
0.189698 0.191049
0.194466 0.215210
0.196440 0.248962
0.186888 0.283201
0.190935 0.306913
0.139462 0.001086
0.173408 0.027460
0.180472 0.047552
0.185772 0.063859
0.191883 0.086040
0.193714 0.106184
0.197663 0.124017
0.200684 0.143359
0.202828 0.163195
0.206521 0.184184
0.206820 0.205575
0.201610 0.231832
0.199294 0.272196
0.207005 0.294908
0.147831 0.000784
0.189819 0.000475
0.188664 0.026556
0.196441 0.040290
0.199903 0.069032
0.207016 0.094449
0.212938 0.118484
0.215853 0.144672
0.222345 0.162368
0.221919 0.185319
0.225774 0.205374
0.218133 0.223748
0.217029 0.268901
0.223186 0.287189
0.193935 0.333821
0.164745 0.000082
0.207188 0.027314
0.209107 0.055457
0.218102 0.073614
0.223094 0.095161
0.226653 0.116221
0.230156 0.135317
0.238128 0.163428
0.238881 0.183190
0.243530 0.207276
0.241208 0.226102
0.216190 0.249299
0.237074 0.307827
0.214725 0.323417
0.173075 0.000291
0.228511 0.026076
0.217602 0.038165
0.226909 0.057279
0.234097 0.079217
0.238841 0.104199
0.245538 0.132582
0.251163 0.154069
0.254415 0.175612
0.258829 0.198757
0.261913 0.218567
0.230496 0.240673
0.233705 0.273048
0.223530 0.309422
0.235758 0.330345
0.181448 0.000079
0.237361 0.038981
0.244272 0.058351
0.249692 0.075755
0.253279 0.099607
0.255737 0.122870
0.267781 0.151654
0.270633 0.172895
0.274081 0.198733
0.280421 0.219184
0.253559 0.239078
0.244590 0.255901
0.247965 0.281825
0.263100 0.336495
0.198155 0.000550
0.247772 0.026054
0.257044 0.040234
0.263399 0.062334
0.265043 0.085755
0.269429 0.109821
0.271283 0.133812
0.287147 0.167757
0.287695 0.188552
0.300070 0.237053
0.283196 0.241096
0.274772 0.292110
0.264615 0.273621
0.284009 0.306840
0.281686 0.338356
0.206411 0.000018
0.265055 0.027686
0.275855 0.044471
0.277617 0.071664
0.282582 0.097175
0.285321 0.125402
0.287988 0.147529
0.304052 0.182821
0.296743 0.208744
0.290132 0.255753
0.267294 0.248868
0.299320 0.286737
0.258519 0.300210
0.248143 0.336100
0.214701 0.000668
0.264510 0.000067
0.280767 0.028361
0.289243 0.059080
0.294148 0.087229
0.298496 0.112721
0.303364 0.138602
0.304612 0.160725
0.311110 0.200949
0.310595 0.223135
0.327840 0.276785
0.308101 0.272895
0.278090 0.270477
0.312482 0.342989
0.253211 0.321215
0.223023 0.000221
0.295153 0.026282
0.297893 0.043242
0.302411 0.072085
0.309876 0.099955
0.316477 0.130502
0.322075 0.153399
0.320980 0.176116
0.326400 0.212934
0.314252 0.254855
0.334636 0.294701
0.316509 0.294295
0.300458 0.309994
0.285962 0.330542
0.231372 0.000552
0.297380 0.000809
0.310472 0.030436
0.313890 0.058965
0.321449 0.087190
0.324825 0.114656
0.335160 0.143898
0.336953 0.168362
0.330449 0.191237
0.357431 0.231279
0.339048 0.232875
0.321925 0.241021
0.335551 0.312984
0.362848 0.322881
0.307020 0.340110
0.239678 0.000392
0.323791 0.025748
0.323457 0.046833
0.327887 0.070053
0.336751 0.100362
0.342544 0.125130
0.352601 0.151440
0.347030 0.186923
0.340425 0.211287
0.364304 0.275902
0.338038 0.258621
0.356633 0.308122
0.333054 0.335590
0.317435 0.320627
0.248010 0.000061
0.321686 0.001035
0.335950 0.035986
0.341937 0.063124
0.344974 0.088617
0.355743 0.108831
0.359532 0.134672
0.359126 0.173460
0.356394 0.210175
0.376575 0.230851
0.367412 0.250173
0.349634 0.250431
0.381558 0.326654
0.363856 0.364428
0.347665 0.343646
0.256300 0.000824
0.345693 0.024949
0.351980 0.051662
0.357628 0.076051
0.368811 0.098871
0.374873 0.129083
0.369415 0.154936
0.367079 0.193611
0.375130 0.212012
0.388955 0.240032
0.352962 0.280568
0.381946 0.306331
0.381827 0.377923
0.349542 0.356527
0.272792 0.000070
0.345839 0.000470
0.357617 0.036018
0.367740 0.062145
0.376629 0.080080
0.382182 0.112087
0.385291 0.143258
0.381031 0.186104
0.392352 0.203727
0.399386 0.221243
0.402389 0.262619
0.373011 0.291949
0.416028 0.328561
0.370727 0.348468
0.392037 0.333984
0.280954 0.000028
0.368780 0.028410
0.375960 0.046350
0.388633 0.092747
0.403871 0.104410
0.398895 0.124616
0.405063 0.167204
0.385294 0.163886
0.397085 0.185319
0.412486 0.202438
0.377792 0.261619
0.372672 0.380112
0.459099 0.439042
0.416481 0.391067
0.289166 0.000992
0.369709 0.000342
0.388169 0.066367
0.393135 0.046314
0.401991 0.081116
0.415144 0.125559
0.403774 0.145678
0.426000 0.161926
0.418851 0.179332
0.419209 0.229599
0.404736 0.241804
0.409459 0.279109
0.410490 0.296073
0.391059 0.276768
0.402808 0.379778
0.305549 0.000319
0.383684 0.027803
0.405782 0.061559
0.419528 0.071621
0.418150 0.097137
0.429508 0.116042
0.421951 0.143872
0.430802 0.189174
0.428286 0.206719
0.420067 0.254578
0.433869 0.278914
0.435723 0.336439
0.400746 0.390001
0.420731 0.348896
0.313513 0.000409
0.398685 0.031670
0.418836 0.048960
0.429811 0.089114
0.444743 0.106672
0.457292 0.150854
0.457717 0.175116
0.439010 0.139563
0.442223 0.162532
0.436539 0.263565
0.451221 0.281874
0.447785 0.303728
0.425573 0.300557
0.406318 0.338705
0.395510 0.300739
0.329747 0.000119
0.412808 0.030546
0.441719 0.051222
0.434132 0.064408
0.456497 0.097600
0.447832 0.124185
0.472405 0.161631
0.467275 0.191983
0.438233 0.220750
0.435282 0.242635
0.452623 0.249364
0.430420 0.318322
0.441157 0.415415
0.416903 0.366994
0.337798 0.000261
0.409251 0.000058
0.427901 0.030093
0.440069 0.033186
0.443830 0.079492
0.471686 0.111522
0.461719 0.132489
0.482448 0.177163
0.448325 0.188147
0.452935 0.228349
0.462537 0.271655
0.451890 0.339190
0.469957 0.338333
0.441707 0.363187
0.435014 0.409720
0.353795 0.000513
0.454800 0.030202
0.458334 0.064628
0.478617 0.125059
0.480859 0.142768
0.489146 0.197285
0.476547 0.209443
0.454017 0.208084
0.474750 0.318267
0.457037 0.317530
0.467586 0.294265
0.475122 0.362723
0.446028 0.483188
0.432662 0.392328
0.361696 0.000814
0.417088 0.000744
0.479619 0.000107
0.472687 0.029779
0.461600 0.045126
0.499893 0.132915
0.502058 0.170941
0.489945 0.159761
0.493179 0.273887
0.474105 0.224662
0.484004 0.387022
0.484574 0.332394
0.472515 0.377250
0.454474 0.359212
0.487526 0.435619
0.377610 0.000428
0.464005 0.000931
0.479719 0.049773
0.463509 0.081677
0.504964 0.196026
0.512516 0.211414
0.495102 0.222298
0.479940 0.259285
0.488206 0.306438
0.480914 0.418235
0.465992 0.410212
0.462543 0.495356
0.455502 0.403659
0.449251 0.379151
0.385554 0.000600
0.456212 0.000541
0.487478 0.000464
0.491010 0.031672
0.524666 0.104555
0.527278 0.264048
0.507140 0.252480
0.487470 0.239617
0.554338 0.733763
0.462177 0.517643
0.472823 0.552729
0.641023 0.614540
0.530523 0.579341
0.436513 0.525881
0.448657 0.482610
0.424915 0.000149
0.471814 0.000873
0.580075 0.052235
0.493122 0.086569
0.479979 0.066053
0.506782 0.265403
0.519268 0.280633
0.468647 0.245233
0.499366 0.342870
0.480254 0.284569
0.483569 0.458159
0.441375 0.510207
0.463015 0.455060
0.455807 0.459215
0.401390 0.000087
0.440603 0.000246
0.510947 0.000199
0.498469 0.052855
0.554597 0.725449
0.507991 0.147235
0.571869 0.555250
0.502089 0.297210
0.497441 0.391034
0.491282 0.365100
0.620050 0.619110
0.563315 0.558783
0.550695 0.545089
0.475402 0.548343
0.436132 0.530333
0.534239 0.000762
0.503153 0.000607
0.432783 0.000343
0.357292 0.505940
0.510734 0.092124
0.514401 0.181817
0.513470 0.383769
0.533219 0.721492
0.526180 0.574799
0.488331 0.582182
0.647938 0.615961
0.554073 0.553845
0.494298 0.568665
0.495288 0.510673
0.596700 0.000277
0.549792 0.000815
0.393531 0.000182
0.495316 0.001022
0.524395 0.031896
0.492355 0.109930
0.519606 0.158825
0.527430 0.240122
0.511109 0.356204
0.510517 0.466418
0.493595 0.419278
0.488947 0.495353
0.513501 0.488345
0.490971 0.531433
0.531805 0.515392
0.588806 0.001001
0.518718 0.000816
0.448406 0.000895
0.516339 0.042444
0.477522 0.093116
0.628595 0.618559
0.461501 0.529241
0.493569 0.457443
0.502025 0.529857
0.533104 0.728719
0.479146 0.493680
0.495001 0.579724
0.530420 0.587645
0.550850 0.469219
0.612259 0.000502
0.565302 0.000319
0.504786 0.032047
0.526545 0.000228
0.505815 0.115033
0.523783 0.080817
0.520024 0.128993
0.509133 0.232666
0.526096 0.215527
0.504438 0.320436
0.521122 0.331819
0.508631 0.450169
0.536288 0.515019
0.509770 0.517120
0.551842 0.352260
0.627886 0.000268
0.542048 0.000153
0.538538 0.035903
0.515219 0.063447
0.499795 0.072530
0.531929 0.138228
0.527503 0.192210
0.540397 0.204922
0.540954 0.234254
0.517707 0.305512
0.507996 0.419870
0.531604 0.430277
0.526959 0.489302
0.534999 0.476093
0.635900 0.000368
0.557543 0.000159
0.569012 0.038879
0.553712 0.050002
0.533804 0.059138
0.534700 0.160774
0.537684 0.178331
0.554136 0.202210
0.542672 0.254876
0.532429 0.315643
0.523087 0.349321
0.542448 0.365860
0.527275 0.454036
0.560427 0.324400
0.543262 0.411791
0.651784 0.000555
0.580910 0.030174
0.567066 0.067393
0.554390 0.032500
0.538736 0.084752
0.536971 0.115864
0.548051 0.136208
0.550116 0.157884
0.553463 0.226611
0.534376 0.286184
0.541943 0.333774
0.545121 0.300695
0.532331 0.375001
0.523047 0.403877
0.659464 0.000180
0.573080 0.000435
0.595185 0.034730
0.552240 0.091461
0.548627 0.067840
0.568532 0.085969
0.554023 0.115105
0.565846 0.132574
0.555112 0.178884
0.568642 0.228138
0.558860 0.256221
0.559061 0.302176
0.594564 0.341301
0.563455 0.370124
0.597036 0.384472
0.675370 0.000292
0.580962 0.000511
0.604466 0.000063
0.585494 0.077806
0.566079 0.106460
0.580992 0.142262
0.564629 0.152315
0.569066 0.201729
0.579488 0.216134
0.576561 0.246371
0.550257 0.274048
0.575311 0.324771
0.536538 0.429727
0.550645 0.461972
0.683211 0.000792
0.620135 0.001025
0.610263 0.032261
0.596684 0.062497
0.584251 0.099947
0.582060 0.119450
0.579448 0.162788
0.571050 0.181336
0.585131 0.185750
0.595252 0.204724
0.565888 0.281187
0.578139 0.263423
0.586040 0.280288
0.596134 0.304261
0.617492 0.371620
0.699021 0.000252
0.624830 0.041635
0.617187 0.073644
0.606523 0.051144
0.601725 0.083235
0.598301 0.104484
0.595628 0.129703
0.594263 0.159165
0.604832 0.231850
0.588482 0.232824
0.603334 0.273754
0.567823 0.348023
0.533119 0.395273
0.612050 0.378711
0.706946 0.000854
0.643747 0.000615
0.632951 0.029365
0.628076 0.063123
0.616386 0.096559
0.610944 0.119587
0.604910 0.143006
0.609956 0.165861
0.600772 0.187528
0.619063 0.245665
0.598498 0.255373
0.618050 0.287914
0.575036 0.300866
0.591475 0.321912
0.610307 0.341388
0.714860 0.000995
0.643509 0.038868
0.642511 0.060798
0.629529 0.085089
0.626210 0.112005
0.619529 0.137245
0.625423 0.161068
0.617024 0.187323
0.610135 0.211912
0.617186 0.261721
0.635705 0.317870
0.610175 0.305504
0.578386 0.362942
0.566909 0.390198
0.730777 0.000332
0.667394 0.000569
0.654587 0.032294
0.659215 0.059921
0.644828 0.081829
0.641187 0.104914
0.635384 0.133538
0.634877 0.177676
0.627473 0.200392
0.623553 0.227819
0.639450 0.254640
0.657202 0.243280
0.619317 0.328610
0.604153 0.359083
0.661285 0.343385
0.738768 0.000403
0.668179 0.030271
0.672339 0.045737
0.662005 0.076715
0.657665 0.099212
0.649394 0.127800
0.642038 0.152077
0.645816 0.191796
0.640126 0.211449
0.641031 0.235629
0.636730 0.273533
0.572123 0.386597
0.684685 0.308322
0.643751 0.359138
0.746691 0.000175
0.691111 0.000828
0.685124 0.029828
0.677021 0.065507
0.675223 0.089853
0.662496 0.117854
0.660881 0.144994
0.654067 0.165838
0.661379 0.185609
0.662374 0.205443
0.652129 0.271893
0.673695 0.282951
0.628802 0.299774
0.695849 0.348779
0.639630 0.362918
0.754682 0.000858
0.699056 0.031919
0.692040 0.051260
0.691405 0.073842
0.681040 0.104897
0.678795 0.128500
0.674865 0.163980
0.677985 0.196038
0.658250 0.224641
0.680439 0.240755
0.631721 0.343398
0.649971 0.319095
0.724641 0.333027
0.703932 0.335866
0.762688 0.000591
0.722819 0.000279
0.712607 0.030529
0.705305 0.064679
0.699395 0.090159
0.695750 0.115412
0.681193 0.145501
0.684743 0.181234
0.687846 0.216285
0.651441 0.293812
0.702134 0.225637
0.666384 0.264891
0.687800 0.286422
0.663985 0.355246
0.666167 0.327512
0.778598 0.000914
0.726385 0.029799
0.714452 0.050420
0.717009 0.078134
0.709804 0.103033
0.699592 0.134573
0.692632 0.159729
0.701904 0.184073
0.674725 0.225603
0.705008 0.243280
0.699360 0.288795
0.666230 0.302734
0.715894 0.302869
0.695122 0.320879
0.786619 0.000330
0.742014 0.028710
0.734256 0.046287
0.730470 0.066512
0.726914 0.090630
0.719052 0.120831
0.716309 0.140975
0.711049 0.157566
0.702211 0.203568
0.716346 0.192921
0.683602 0.257797
0.697486 0.262576
0.738966 0.291891
0.771182 0.313766
0.741792 0.348584
0.794599 0.000631
0.755062 0.032356
0.749126 0.056245
0.743786 0.076471
0.738315 0.101659
0.735276 0.120072
0.732971 0.144575
0.719998 0.174040
0.737568 0.221888
0.716678 0.259009
0.719345 0.276467
0.725170 0.306638
0.716004 0.348763
0.684092 0.342460
0.810589 0.000127
0.770601 0.000743
0.768733 0.028746
0.764567 0.054209
0.760272 0.079010
0.755497 0.101038
0.748191 0.131429
0.733535 0.169529
0.735671 0.200855
0.720133 0.216080
0.724902 0.234936
0.757375 0.258183
0.775819 0.279641
0.767670 0.343757
0.742315 0.337821
0.818651 0.000435
0.785990 0.029735
0.779594 0.044499
0.773602 0.070071
0.769475 0.095267
0.760542 0.120616
0.749658 0.153505
0.752250 0.172939
0.747234 0.188608
0.753469 0.215215
0.734220 0.262946
0.773770 0.254797
0.747876 0.314885
0.756091 0.290966
0.826712 0.001055
0.802565 0.000305
0.799384 0.030486
0.794448 0.057497
0.787383 0.075358
0.781931 0.105417
0.775123 0.129565
0.764639 0.145154
0.770155 0.172463
0.742929 0.245008
0.758141 0.236157
0.757456 0.276449
0.795786 0.269087
0.762189 0.333348
0.784477 0.341468
0.842787 0.000251
0.813248 0.030125
0.808311 0.046826
0.805602 0.072623
0.796118 0.090694
0.795936 0.111079
0.790067 0.135679
0.778424 0.157105
0.764539 0.195947
0.772116 0.217108
0.779161 0.236129
0.792932 0.249075
0.775295 0.295934
0.796230 0.307451
0.850996 0.000224
0.834668 0.000038
0.827657 0.030284
0.824538 0.056488
0.820576 0.072224
0.811411 0.098691
0.804307 0.126913
0.796596 0.153393
0.792662 0.174436
0.779827 0.188847
0.786754 0.207561
0.794034 0.225696
0.809450 0.254454
0.796012 0.283876
0.789135 0.319661
0.867422 0.000332
0.842185 0.028748
0.838277 0.045025
0.838540 0.069582
0.829630 0.088248
0.828358 0.105934
0.820877 0.120573
0.815999 0.142623
0.809466 0.166617
0.803874 0.192573
0.806390 0.210230
0.811324 0.231175
0.820352 0.268436
0.817287 0.308762
0.875712 0.000298
0.859154 0.000016
0.856351 0.028326
0.854290 0.052613
0.854742 0.071858
0.847406 0.090159
0.844837 0.113287
0.836650 0.132460
0.830230 0.151604
0.825687 0.170216
0.821593 0.189761
0.829145 0.210203
0.826140 0.250277
0.812474 0.287340
0.799701 0.341305
0.884199 0.000321
0.872934 0.027126
0.868577 0.042243
0.869820 0.064252
0.871826 0.083194
0.862710 0.098404
0.860402 0.116822
0.853764 0.136104
0.849478 0.155022
0.841657 0.177739
0.839807 0.196121
0.825976 0.229294
0.838317 0.263362
0.829815 0.294799
0.892682 0.000600
0.901047 0.000382
0.888330 0.029653
0.884962 0.049423
0.887026 0.067525
0.887484 0.090416
0.881341 0.106734
0.877511 0.124022
0.870405 0.143441
0.863984 0.162233
0.857882 0.184696
0.846695 0.214485
0.841856 0.234174
0.845995 0.275761
0.810797 0.339545
0.909861 0.000904
0.905596 0.025920
0.901055 0.041838
0.904516 0.061517
0.901356 0.080202
0.903324 0.102485
0.896573 0.119876
0.892207 0.137964
0.884039 0.156678
0.874850 0.177417
0.864493 0.200711
0.864426 0.219709
0.856368 0.254430
0.843625 0.295091
0.918671 0.000455
0.924799 0.025700
0.917087 0.041775
0.924034 0.060307
0.918954 0.075508
0.919244 0.093003
0.916203 0.115345
0.912317 0.134971
0.904048 0.153963
0.895064 0.172558
0.885548 0.192771
0.882159 0.208675
0.857425 0.236546
0.861268 0.270325
0.811791 0.325581
0.927566 0.000680
0.934141 0.040587
0.941531 0.057337
0.936061 0.079592
0.933820 0.102856
0.933111 0.121343
0.930645 0.140226
0.923143 0.156365
0.912011 0.173634
0.905253 0.193567
0.901193 0.211342
0.884417 0.226604
0.872945 0.243408
0.834575 0.322632
0.936730 0.000588
0.942296 0.024391
0.951172 0.038222
0.952359 0.071161
0.948169 0.093851
0.950358 0.117453
0.947962 0.139178
0.944093 0.160299
0.931102 0.175351
0.924032 0.193515
0.921054 0.212568
0.906915 0.229849
0.892997 0.245066
0.861869 0.294900
0.879506 0.277309
0.946081 0.001207
0.961485 0.022642
0.960916 0.057333
0.963738 0.083521
0.966111 0.124640
0.962388 0.148512
0.961256 0.168870
0.946844 0.183553
0.941051 0.203193
0.936053 0.223086
0.922893 0.235718
0.926897 0.257219
0.882549 0.258545
0.901780 0.312570
0.955796 0.000099
0.974961 0.000439
0.967511 0.038869
0.976108 0.067370
0.964995 0.103248
0.976715 0.137923
0.977577 0.182437
0.963909 0.191659
0.959828 0.210896
0.953798 0.229486
0.954469 0.258650
0.926099 0.275507
0.907811 0.287371
0.900245 0.268670
0.842339 0.325062
0.965391 0.000933
0.977931 0.025278
0.978712 0.049071
0.978638 0.088237
0.978621 0.111681
0.977592 0.159596
0.976095 0.208233
0.972550 0.229042
0.969839 0.246315
0.941110 0.246591
0.960764 0.298344
0.909137 0.253335
0.889511 0.290765
0.877434 0.302057
0.985026 0.000072
0.999321 0.024512
0.999987 0.044520
0.999439 0.076308
0.999420 0.110026
0.999817 0.144020
0.999963 0.179441
0.999184 0.215569
0.976055 0.262444
0.973500 0.288317
0.956029 0.275143
0.942640 0.286777
0.940242 0.309647
0.986574 0.309854
0.874650 0.323706
0.999237 0.000190
0.998958 0.034227
0.999536 0.065825
0.999748 0.098745
0.999613 0.132476
0.999614 0.167402
0.999095 0.203428
0.998927 0.239436
0.999484 0.265162
0.999890 0.290845
0.977870 0.312661
0.943091 0.319109
0.852474 0.313044
0.923776 0.293342
0.998611 0.000294
1.000000 0.013751
0.999355 0.055385
0.999846 0.087568
0.999275 0.121181
0.998925 0.155691
0.999948 0.191287
0.999901 0.227320
0.999482 0.252294
0.999746 0.276729
0.998586 0.310010
0.903778 0.325781
0.950173 0.322783
0.883227 0.324447
0.920452 0.321395
