0.001074 0.013228
0.000137 0.043189
0.000656 0.074217
0.001232 0.117771
0.000481 0.152639
0.000886 0.188798
0.000651 0.213730
0.000865 0.239860
0.000630 0.264534
0.011475 0.306738
0.087834 0.289785
0.040531 0.313950
0.076631 0.297943
0.107055 0.313844
0.000990 0.000414
0.000971 0.023370
0.000093 0.053372
0.000518 0.095928
0.000083 0.129133
0.000125 0.176545
0.000300 0.201086
0.001022 0.226421
0.000698 0.252214
0.000402 0.280473
0.004066 0.292711
0.014907 0.316674
0.058951 0.288366
0.088607 0.308405
0.119464 0.320629
0.001101 0.000407
0.000628 0.033103
0.000783 0.063532
0.000110 0.084933
0.000813 0.106780
0.000723 0.140595
0.000701 0.164416
0.022333 0.200184
0.031221 0.218875
0.022228 0.233736
0.026820 0.275002
0.045214 0.287755
0.043548 0.319919
0.111997 0.323935
0.015429 0.000392
0.026938 0.022975
0.021488 0.037741
0.021345 0.070238
0.022113 0.092855
0.022422 0.127683
0.021573 0.153397
0.023004 0.177308
0.039214 0.200110
0.046959 0.232800
0.027663 0.257004
0.048170 0.269431
0.021834 0.290963
0.071520 0.273462
0.144118 0.321419
0.025114 0.000489
0.037580 0.037842
0.027326 0.055262
0.035390 0.082078
0.026523 0.110729
0.033334 0.139732
0.037001 0.161561
0.040061 0.180315
0.055051 0.215414
0.073159 0.229147
0.042162 0.248465
0.090799 0.248934
0.074097 0.257355
0.108702 0.287543
0.043235 0.000111
0.034174 0.000224
0.047914 0.047287
0.042215 0.066838
0.041385 0.099553
0.043556 0.117716
0.049289 0.135457
0.053526 0.155383
0.057853 0.176180
0.059835 0.196615
0.073841 0.210223
0.063884 0.245184
0.111267 0.257334
0.120029 0.278611
0.163050 0.326039
0.052576 0.000301
0.045852 0.024775
0.058349 0.062240
0.054369 0.084304
0.060724 0.101296
0.062951 0.119379
0.066496 0.139549
0.071549 0.161025
0.075721 0.181829
0.086668 0.197008
0.093846 0.216131
0.096560 0.234108
0.093458 0.268778
0.129117 0.298329
0.061607 0.000169
0.060588 0.026083
0.066258 0.042037
0.073817 0.059892
0.070449 0.079773
0.077740 0.097608
0.079971 0.118375
0.082881 0.137842
0.088360 0.158998
0.094488 0.177586
0.105295 0.203004
0.116665 0.224557
0.115525 0.241389
0.126187 0.260423
0.152523 0.320929
0.070618 0.000108
0.076514 0.026103
0.084502 0.042605
0.089415 0.063714
0.088290 0.081966
0.094324 0.103597
0.097839 0.123647
0.100657 0.143256
0.107340 0.162554
0.112098 0.185988
0.124063 0.209814
0.136310 0.235381
0.142547 0.256519
0.141835 0.288180
0.079516 0.000200
0.088208 0.000992
0.092515 0.026550
0.100812 0.046665
0.105949 0.067195
0.104457 0.087933
0.110730 0.107467
0.115661 0.126065
0.119448 0.147157
0.122931 0.170288
0.129816 0.191538
0.141196 0.220217
0.154176 0.244978
0.150565 0.275934
0.184604 0.325756
0.096895 0.000007
0.107445 0.027211
0.116390 0.043078
0.121654 0.061439
0.120458 0.080999
0.126749 0.098937
0.131665 0.115995
0.133541 0.136450
0.136685 0.157423
0.143691 0.178814
0.144893 0.200613
0.161359 0.228605
0.165210 0.259058
0.155877 0.297547
0.105517 0.000980
0.122546 0.001029
0.123879 0.025756
0.132712 0.044608
0.137770 0.064945
0.139187 0.082942
0.144875 0.102807
0.148020 0.123129
0.150800 0.145745
0.155779 0.165399
0.159959 0.190502
0.161543 0.212175
0.176905 0.243529
0.170298 0.277663
0.203353 0.332986
0.114024 0.000597
0.141020 0.026485
0.148671 0.043464
0.154104 0.063174
0.156762 0.081664
0.162929 0.099360
0.163909 0.117615
0.166472 0.137525
0.170081 0.156280
0.171328 0.179238
0.176735 0.203158
0.181195 0.225696
0.184012 0.264891
0.174431 0.303809
0.131008 0.000282
0.156338 0.000490
0.156998 0.026314
0.165223 0.042753
0.169500 0.065565
0.176375 0.083217
0.177798 0.105643
0.181411 0.128704
0.186396 0.151139
0.187679 0.172880
0.190483 0.191877
0.195355 0.216125
0.197486 0.250017
0.187537 0.284814
0.191766 0.308864
0.139461 0.001003
0.174288 0.027741
0.181506 0.047515
0.186686 0.063854
0.192671 0.086266
0.194498 0.106452
0.198411 0.124261
0.201450 0.143685
0.203511 0.163638
0.207347 0.184953
0.207753 0.206387
0.202367 0.232923
0.200082 0.273987
0.208107 0.296598
0.147866 0.000536
0.189840 0.000139
0.189474 0.026636
0.197512 0.040179
0.200710 0.069259
0.207755 0.094480
0.213748 0.118684
0.216652 0.145074
0.223086 0.162976
0.222644 0.186053
0.226779 0.206462
0.219129 0.224869
0.218057 0.270389
0.224229 0.289045
0.193976 0.335688
0.164758 0.000379
0.207906 0.027250
0.210003 0.055515
0.218836 0.073881
0.223944 0.095350
0.227486 0.116807
0.230895 0.135649
0.238893 0.164101
0.239717 0.184008
0.244320 0.208457
0.242287 0.227303
0.217090 0.250350
0.238209 0.309925
0.215652 0.325293
0.173113 0.000434
0.229216 0.025964
0.218450 0.038236
0.227477 0.057318
0.234780 0.079274
0.239625 0.104262
0.246228 0.133063
0.251989 0.154520
0.255314 0.176322
0.259633 0.199650
0.262850 0.219756
0.231325 0.242074
0.234907 0.274524
0.224404 0.311403
0.237141 0.332298
0.181480 0.000801
0.238050 0.039043
0.244965 0.058333
0.250458 0.076000
0.254063 0.099595
0.256404 0.123157
0.268931 0.152232
0.271473 0.173682
0.275033 0.199906
0.281150 0.220500
0.254515 0.240680
0.245664 0.257308
0.248808 0.283558
0.264322 0.338901
0.198184 0.000318
0.248366 0.025867
0.257585 0.040285
0.263928 0.062039
0.265645 0.086006
0.270188 0.109922
0.271890 0.134446
0.288167 0.168358
0.288535 0.189573
0.301114 0.238905
0.284167 0.242599
0.275640 0.293843
0.265764 0.275292
0.285012 0.308715
0.282380 0.340628
0.206431 0.000296
0.265574 0.027744
0.276551 0.044327
0.278052 0.071824
0.283203 0.097491
0.286014 0.125911
0.288782 0.147948
0.305045 0.183659
0.297687 0.209875
0.290976 0.257560
0.268209 0.250299
0.300408 0.288747
0.259568 0.302138
0.249241 0.338005
0.214722 0.000269
0.264503 0.000544
0.281086 0.028181
0.289784 0.058817
0.294803 0.087681
0.299056 0.113048
0.304130 0.139182
0.305423 0.161193
0.311944 0.201944
0.311321 0.224517
0.328758 0.278812
0.308889 0.274735
0.279173 0.272283
0.312775 0.344661
0.254222 0.323592
0.223016 0.000224
0.295471 0.026180
0.298124 0.042874
0.302632 0.072261
0.310301 0.100046
0.317225 0.131135
0.322771 0.153926
0.322030 0.176651
0.327205 0.214269
0.314949 0.256390
0.335369 0.296515
0.317178 0.296226
0.301207 0.311776
0.286622 0.332489
0.231356 0.000169
0.297329 0.000499
0.310810 0.030145
0.314275 0.058618
0.321861 0.087593
0.325240 0.115107
0.335613 0.144591
0.337817 0.169108
0.331243 0.192433
0.358470 0.232834
0.339807 0.234604
0.322777 0.242495
0.336151 0.315207
0.363877 0.324874
0.308092 0.342027
0.239665 0.000383
0.324265 0.025563
0.323797 0.046425
0.328040 0.070021
0.337126 0.100728
0.343065 0.125505
0.353256 0.152400
0.347743 0.187901
0.341131 0.212482
0.364847 0.277893
0.338826 0.260359
0.357701 0.309988
0.333726 0.337677
0.318484 0.322687
0.248005 0.000809
0.321626 0.000883
0.336224 0.035834
0.342314 0.063015
0.345205 0.089061
0.356136 0.109082
0.359866 0.135466
0.359755 0.174289
0.357220 0.211421
0.377450 0.232373
0.368204 0.251623
0.350393 0.252023
0.382476 0.328805
0.364566 0.366090
0.349042 0.345866
0.256292 0.000815
0.345891 0.024571
0.352190 0.051270
0.357884 0.076133
0.368954 0.098905
0.375320 0.129733
0.369831 0.155586
0.367679 0.194660
0.375997 0.213107
0.389540 0.241648
0.353902 0.282226
0.382817 0.308147
0.382037 0.380199
0.350803 0.358066
0.272770 0.000835
0.345813 0.000477
0.357708 0.035778
0.367986 0.062029
0.377074 0.080484
0.382477 0.112518
0.385649 0.144051
0.381608 0.187106
0.392939 0.204884
0.400086 0.222413
0.403018 0.264301
0.373613 0.293800
0.416798 0.330440
0.371380 0.350467
0.392398 0.336137
0.280947 0.000169
0.368923 0.027964
0.376177 0.045998
0.389019 0.093119
0.404313 0.105015
0.399274 0.125032
0.405541 0.168056
0.385712 0.164784
0.397499 0.186400
0.412921 0.203676
0.378611 0.263370
0.372980 0.381868
0.459772 0.442079
0.416902 0.393878
0.289138 0.001027
0.369707 0.000238
0.388526 0.066224
0.393299 0.046235
0.402234 0.081434
0.415735 0.126139
0.403910 0.146639
0.426626 0.162715
0.419513 0.180453
0.419818 0.230765
0.405117 0.243236
0.409880 0.280896
0.410937 0.297994
0.391610 0.278601
0.403415 0.382040
0.305505 0.000377
0.383837 0.027698
0.405925 0.061582
0.419879 0.071671
0.418531 0.097474
0.429751 0.116517
0.422493 0.144810
0.431154 0.190237
0.428636 0.207825
0.420616 0.256285
0.434501 0.280248
0.436397 0.338472
0.400905 0.392327
0.421203 0.351041
0.313489 0.000341
0.398811 0.031394
0.419115 0.048876
0.430029 0.089401
0.444939 0.107287
0.457658 0.151621
0.458174 0.175926
0.439480 0.140334
0.442692 0.163401
0.437127 0.265140
0.451675 0.283662
0.448098 0.305631
0.426117 0.302698
0.406964 0.340762
0.396375 0.302186
0.329731 0.000863
0.412881 0.030483
0.441493 0.051289
0.434453 0.064562
0.456998 0.097879
0.448218 0.124746
0.472701 0.162797
0.467744 0.193047
0.438646 0.222171
0.435827 0.244160
0.453018 0.250758
0.430974 0.320117
0.440710 0.418840
0.417499 0.368678
0.337771 0.000712
0.409247 0.000654
0.427872 0.030063
0.440230 0.033017
0.443957 0.079768
0.471815 0.112269
0.462140 0.133148
0.482652 0.178680
0.449036 0.189133
0.453421 0.229848
0.462962 0.273260
0.452421 0.341372
0.470280 0.340313
0.441784 0.365571
0.435403 0.411959
0.353794 0.000425
0.455014 0.030231
0.458513 0.064506
0.478806 0.125753
0.481143 0.143345
0.489482 0.198342
0.476915 0.210614
0.454347 0.209377
0.474779 0.320454
0.457311 0.319592
0.468002 0.296240
0.475359 0.365058
0.446006 0.486627
0.432813 0.395084
0.361710 0.000791
0.417069 0.000631
0.479623 0.000549
0.472653 0.030120
0.461392 0.045000
0.500047 0.133564
0.502091 0.172271
0.490251 0.160460
0.493339 0.275809
0.474658 0.226030
0.483823 0.389763
0.484676 0.334755
0.472565 0.380030
0.454917 0.361539
0.487601 0.438662
0.377630 0.000220
0.464032 0.000728
0.479770 0.049724
0.463435 0.081798
0.505512 0.197259
0.512673 0.212531
0.495598 0.223709
0.480417 0.260660
0.488329 0.308180
0.480518 0.421306
0.466135 0.413288
0.462309 0.498493
0.455810 0.406326
0.449444 0.381256
0.385571 0.000063
0.456224 0.000247
0.487483 0.000443
0.491245 0.031815
0.524712 0.104775
0.527280 0.265467
0.507308 0.253622
0.487615 0.241097
0.555093 0.736444
0.461991 0.520623
0.472817 0.555607
0.642732 0.615460
0.531365 0.581266
0.435874 0.529281
0.448700 0.485033
0.424898 0.000894
0.471836 0.000831
0.580264 0.052226
0.493213 0.086735
0.480045 0.066331
0.506850 0.267476
0.519245 0.282573
0.468700 0.246985
0.499464 0.345177
0.480753 0.286416
0.483145 0.461282
0.440973 0.512833
0.462803 0.457574
0.456120 0.461802
0.401390 0.001140
0.440596 0.000746
0.510953 0.000350
0.498704 0.053100
0.555336 0.729008
0.507836 0.147829
0.572068 0.558031
0.502143 0.298988
0.497160 0.393813
0.491404 0.367679
0.620101 0.622171
0.563529 0.560896
0.551813 0.547592
0.475385 0.551513
0.435945 0.533224
0.534258 0.000752
0.503145 0.000307
0.432752 0.000701
0.356299 0.506294
0.510768 0.092514
0.514713 0.183147
0.513399 0.386256
0.532905 0.725329
0.527076 0.577865
0.488711 0.584730
0.650035 0.619655
0.554152 0.556825
0.494052 0.572567
0.494753 0.513724
0.596706 0.000165
0.549806 0.000745
0.393531 0.000903
0.495315 0.001016
0.524518 0.031896
0.492217 0.110124
0.519620 0.159846
0.527338 0.241555
0.511212 0.358596
0.510672 0.469889
0.493331 0.422214
0.488337 0.498291
0.513387 0.491558
0.490776 0.534451
0.531934 0.518617
0.588825 0.001015
0.518761 0.000583
0.448406 0.000623
0.516498 0.042422
0.477638 0.093756
0.630472 0.621002
0.461242 0.532432
0.493456 0.460897
0.501894 0.533003
0.533879 0.731353
0.478748 0.496989
0.494466 0.581943
0.530038 0.590623
0.550539 0.471865
0.612282 0.000291
0.565339 0.000760
0.505055 0.032474
0.526552 0.000159
0.506034 0.115506
0.523834 0.081122
0.520125 0.129701
0.509339 0.234033
0.526043 0.216761
0.504371 0.322480
0.521090 0.333832
0.508463 0.453405
0.536374 0.518236
0.509705 0.520314
0.551516 0.354551
0.627920 0.000380
0.542060 0.000919
0.538804 0.036356
0.515149 0.063719
0.499893 0.072750
0.532003 0.139171
0.527623 0.193640
0.540145 0.206275
0.540950 0.235762
0.517408 0.307435
0.507916 0.422855
0.531929 0.433708
0.526791 0.492713
0.534923 0.478963
0.635929 0.000663
0.557551 0.000147
0.569135 0.038636
0.553918 0.050196
0.533754 0.059282
0.534880 0.161783
0.537462 0.179329
0.554014 0.203144
0.542270 0.256482
0.532211 0.317802
0.523083 0.351593
0.542118 0.368693
0.527148 0.457449
0.559508 0.326253
0.542866 0.414325
0.651779 0.000550
0.581264 0.030546
0.567345 0.067374
0.554682 0.032368
0.538769 0.085170
0.536754 0.116423
0.548059 0.136983
0.550031 0.158813
0.553213 0.227804
0.534209 0.288363
0.541510 0.335666
0.544802 0.302498
0.532439 0.377287
0.522683 0.406867
0.659477 0.000040
0.573108 0.000142
0.595233 0.034770
0.552289 0.092047
0.548894 0.068342
0.568603 0.086125
0.553693 0.115646
0.565768 0.133070
0.554923 0.179809
0.568281 0.229681
0.558731 0.257731
0.558239 0.303937
0.594139 0.343594
0.562878 0.372444
0.596764 0.386947
0.675365 0.000177
0.580993 0.000184
0.604476 0.000263
0.585215 0.077712
0.565958 0.106627
0.581145 0.143111
0.564322 0.153115
0.568898 0.202721
0.579276 0.217367
0.575862 0.248052
0.550001 0.275758
0.574624 0.326761
0.536535 0.432279
0.550272 0.465518
0.683222 0.000684
0.620127 0.000919
0.610319 0.032096
0.596696 0.062571
0.584090 0.099907
0.581487 0.119683
0.578859 0.163879
0.570460 0.182246
0.584507 0.186854
0.594956 0.205872
0.565648 0.282845
0.577523 0.264772
0.585622 0.282099
0.595941 0.305898
0.617090 0.373827
0.699025 0.000862
0.624955 0.041349
0.616990 0.073582
0.606458 0.050972
0.601448 0.083464
0.597961 0.104589
0.595553 0.130305
0.593779 0.159934
0.604836 0.233543
0.588032 0.234177
0.602792 0.275342
0.567279 0.350036
0.532197 0.397997
0.610991 0.380752
0.706938 0.000532
0.643745 0.000360
0.633078 0.029286
0.628065 0.063029
0.616173 0.096865
0.610691 0.120362
0.604551 0.143781
0.609583 0.166874
0.600297 0.188538
0.618859 0.247515
0.598222 0.256853
0.617384 0.289629
0.574142 0.302536
0.590929 0.323681
0.609331 0.343584
0.714856 0.000672
0.643427 0.038918
0.642403 0.060551
0.629086 0.085118
0.625926 0.112314
0.619099 0.137784
0.625278 0.161711
0.616884 0.188493
0.609701 0.213142
0.616419 0.263188
0.635229 0.320088
0.609344 0.307381
0.577160 0.365123
0.565864 0.392299
0.730775 0.000155
0.667397 0.000545
0.654602 0.031911
0.659112 0.059404
0.644681 0.081687
0.640981 0.104980
0.635148 0.133815
0.634546 0.178569
0.627340 0.201671
0.622983 0.229341
0.639059 0.256329
0.656655 0.244648
0.618986 0.330515
0.603903 0.361084
0.660430 0.346151
0.738750 0.000979
0.668098 0.029884
0.672254 0.045299
0.661710 0.076556
0.657406 0.099173
0.649148 0.128072
0.641893 0.152581
0.645411 0.193226
0.639926 0.212542
0.640658 0.237127
0.636020 0.274932
0.571505 0.389020
0.683915 0.309724
0.643231 0.361282
0.746694 0.000070
0.691119 0.000826
0.684950 0.029065
0.676696 0.065019
0.675178 0.089929
0.662195 0.118301
0.660598 0.145785
0.653789 0.166615
0.660885 0.186681
0.661848 0.206811
0.651424 0.273478
0.672859 0.284778
0.627842 0.301584
0.695183 0.350909
0.638930 0.364423
0.754677 0.000575
0.698907 0.031506
0.691753 0.050794
0.691272 0.073795
0.680751 0.105385
0.678600 0.129002
0.674422 0.164828
0.677431 0.196934
0.657603 0.225993
0.679568 0.241951
0.631022 0.345534
0.649468 0.321140
0.723478 0.334957
0.703053 0.338057
0.762659 0.000124
0.722808 0.001093
0.712461 0.030017
0.704925 0.064565
0.699083 0.090491
0.695552 0.115914
0.680687 0.146312
0.684207 0.182153
0.686799 0.217719
0.650538 0.295546
0.701562 0.227319
0.665315 0.266738
0.686930 0.288482
0.663355 0.356707
0.665074 0.329381
0.778586 0.000925
0.726300 0.029400
0.714092 0.049954
0.716772 0.078344
0.709573 0.103180
0.699142 0.135162
0.692057 0.160431
0.701408 0.184870
0.674047 0.226710
0.704375 0.244726
0.698562 0.290603
0.665670 0.304489
0.715665 0.304881
0.694396 0.322638
0.786597 0.000002
0.741571 0.028416
0.733834 0.045914
0.730084 0.066048
0.726519 0.090957
0.718582 0.121418
0.715913 0.141474
0.710351 0.157923
0.701316 0.204670
0.715840 0.193567
0.682977 0.259242
0.696867 0.264085
0.738304 0.293734
0.770589 0.315620
0.741006 0.350333
0.794580 0.000580
0.754424 0.032260
0.748502 0.056341
0.743342 0.076680
0.737743 0.101873
0.734828 0.120217
0.732533 0.144879
0.719239 0.174759
0.736990 0.223070
0.716137 0.260866
0.718610 0.278099
0.724091 0.308315
0.714903 0.350786
0.683285 0.344502
0.810577 0.000834
0.770581 0.000744
0.767955 0.028604
0.763999 0.054056
0.759656 0.079129
0.755034 0.101003
0.747648 0.131915
0.732824 0.170297
0.735315 0.201879
0.719055 0.217322
0.724141 0.236286
0.756859 0.259466
0.775017 0.281111
0.766889 0.345898
0.741831 0.340052
0.818642 0.000128
0.785054 0.029593
0.778937 0.044248
0.772962 0.069986
0.768897 0.095342
0.759948 0.120741
0.748971 0.153963
0.751805 0.173764
0.746617 0.189258
0.752906 0.216284
0.733420 0.264351
0.772876 0.255826
0.747020 0.316302
0.754886 0.292929
0.826693 0.000915
0.802562 0.000250
0.798461 0.030566
0.793569 0.057440
0.786633 0.075562
0.781196 0.105806
0.774535 0.129717
0.763935 0.145489
0.769637 0.172904
0.741811 0.246683
0.757560 0.237442
0.756524 0.277848
0.795214 0.270252
0.761804 0.335660
0.783669 0.343562
0.842798 0.000137
0.812186 0.030211
0.807259 0.046808
0.804757 0.072873
0.795171 0.090894
0.795235 0.111561
0.789371 0.136063
0.777737 0.157580
0.763941 0.196865
0.771336 0.218022
0.778153 0.237145
0.792354 0.250029
0.774125 0.297351
0.795997 0.309334
0.851010 0.000159
0.834658 0.001112
0.826621 0.030400
0.823344 0.056730
0.819605 0.072379
0.810519 0.098762
0.803575 0.127265
0.795831 0.153984
0.791875 0.175031
0.779134 0.189551
0.785911 0.208436
0.792810 0.226796
0.808471 0.255372
0.795508 0.285062
0.788262 0.321544
0.867470 0.000237
0.841125 0.028825
0.837045 0.045010
0.837519 0.069787
0.828495 0.088485
0.827489 0.106320
0.819899 0.120996
0.815054 0.143130
0.808692 0.167233
0.803187 0.193325
0.805771 0.210939
0.810409 0.232112
0.819907 0.269802
0.817033 0.310377
0.875775 0.000196
0.859171 0.000223
0.855307 0.028459
0.853021 0.053043
0.853768 0.072173
0.846284 0.090317
0.843875 0.113786
0.835650 0.132961
0.829391 0.152090
0.824766 0.170818
0.820697 0.190511
0.828339 0.210986
0.825507 0.251290
0.812021 0.288905
0.798646 0.342884
0.884301 0.000093
0.871879 0.027230
0.867503 0.042226
0.868697 0.064478
0.870738 0.083520
0.861668 0.098969
0.859445 0.117489
0.852784 0.136605
0.848561 0.155597
0.840975 0.178302
0.839023 0.196892
0.825247 0.230167
0.837846 0.264757
0.829128 0.296342
0.892767 0.000363
0.901180 0.000072
0.887382 0.029854
0.883880 0.049644
0.885958 0.067924
0.886465 0.090846
0.880500 0.107379
0.876577 0.124709
0.869586 0.144060
0.863098 0.162956
0.857092 0.185360
0.845920 0.215424
0.840984 0.235144
0.845158 0.277176
0.809847 0.341753
0.909944 0.000909
0.904687 0.026148
0.900167 0.042075
0.903497 0.061799
0.900386 0.080591
0.902510 0.103089
0.895588 0.120692
0.891327 0.138826
0.883247 0.157563
0.874003 0.178221
0.863716 0.201691
0.863785 0.220701
0.855711 0.255566
0.842792 0.297014
0.918788 0.000145
0.923899 0.026056
0.916192 0.042012
0.923122 0.060813
0.918205 0.075928
0.918377 0.093571
0.915364 0.116097
0.911459 0.135773
0.903278 0.154985
0.894373 0.173514
0.884955 0.193767
0.881446 0.209641
0.856684 0.237461
0.860633 0.271586
0.811185 0.327377
0.927719 0.000172
0.933402 0.041003
0.940866 0.057840
0.935446 0.080068
0.932975 0.103628
0.932345 0.122202
0.929961 0.141286
0.922565 0.157382
0.911159 0.174879
0.904681 0.194793
0.900703 0.212582
0.883912 0.227656
0.872281 0.244627
0.833803 0.324229
0.936846 0.000245
0.941644 0.024698
0.950539 0.038675
0.951782 0.071453
0.947378 0.094409
0.949726 0.118152
0.947374 0.140044
0.943555 0.161429
0.930508 0.176555
0.923464 0.194787
0.920483 0.214084
0.906192 0.231317
0.892609 0.246388
0.861005 0.296502
0.879296 0.278633
0.946151 0.001198
0.960965 0.023062
0.960652 0.057823
0.963264 0.083882
0.965690 0.125298
0.961800 0.149667
0.960791 0.170211
0.946293 0.184919
0.940535 0.204657
0.935565 0.224709
0.922280 0.237283
0.926470 0.259031
0.881948 0.260106
0.900733 0.314280
0.955814 0.001056
0.974871 0.000038
0.967176 0.038904
0.975905 0.067770
0.964474 0.103690
0.976129 0.138794
0.977081 0.183609
0.963513 0.193103
0.959474 0.212415
0.953534 0.231095
0.954255 0.260213
0.925560 0.277268
0.907094 0.289144
0.899550 0.270172
0.841056 0.326599
0.965373 0.000870
0.977678 0.025564
0.978266 0.049561
0.978057 0.088854
0.978129 0.112470
0.977161 0.160760
0.975745 0.209774
0.972119 0.230591
0.969607 0.247788
0.940606 0.248337
0.960606 0.299668
0.908839 0.254765
0.889066 0.292103
0.876497 0.304102
0.984974 0.000934
0.999962 0.024658
0.999774 0.044527
0.999675 0.076345
0.999820 0.110027
0.999772 0.144026
0.999779 0.179457
0.999325 0.215655
0.975747 0.263908
0.973280 0.289655
0.955953 0.276711
0.942241 0.288133
0.939357 0.310974
0.986710 0.310853
0.873622 0.325280
0.999103 0.000376
0.999047 0.034293
0.999552 0.065869
0.999225 0.098730
0.999652 0.132460
0.999825 0.167486
0.999071 0.203438
0.998985 0.239525
0.999519 0.265347
0.999856 0.290733
0.977186 0.312779
0.942623 0.320335
0.851606 0.314619
0.922962 0.294847
0.998717 0.000391
0.999697 0.013801
0.999888 0.055396
0.999264 0.087543
0.999468 0.121222
0.999013 0.155716
0.999281 0.191310
0.999967 0.227395
0.999617 0.252409
0.999714 0.276860
0.998508 0.310214
0.902718 0.327020
0.949048 0.323151
0.882412 0.326067
0.919131 0.323168
