0.000486 0.012875
0.000051 0.045037
0.000544 0.079994
0.000584 0.115567
0.000025 0.150395
0.000945 0.184827
0.000546 0.219695
0.000642 0.254236
0.000142 0.289076
0.000570 0.323162
0.000596 0.358477
0.000926 0.392595
0.000156 0.426579
0.001517 0.458422
0.009519 0.000722
0.000863 0.026363
0.000199 0.060058
0.000484 0.094983
0.000562 0.130520
0.000987 0.165396
0.000209 0.200377
0.000836 0.234872
0.000150 0.269502
0.001148 0.304016
0.000753 0.338790
0.000393 0.373560
0.000751 0.408823
0.002050 0.446282
0.010378 0.480436
0.001166 0.000848
0.008251 0.037110
0.007537 0.073716
0.007256 0.108071
0.007531 0.143352
0.007521 0.178821
0.007589 0.212818
0.007750 0.247260
0.007187 0.282096
0.007723 0.317623
0.007290 0.351873
0.008312 0.389653
0.009236 0.427690
0.007352 0.466454
0.025881 0.000921
0.023386 0.025711
0.023471 0.056636
0.023525 0.091253
0.023417 0.126640
0.023116 0.161501
0.023250 0.196385
0.023373 0.230907
0.023123 0.265557
0.023264 0.300221
0.023567 0.335210
0.023830 0.370917
0.024251 0.406959
0.025482 0.440925
0.027981 0.481140
0.034495 0.000304
0.033643 0.037753
0.033484 0.073521
0.032882 0.108861
0.032747 0.144109
0.032634 0.178793
0.032651 0.213488
0.032708 0.248154
0.032719 0.282743
0.032818 0.317581
0.033315 0.352985
0.034001 0.389177
0.035294 0.427636
0.036814 0.471796
0.047151 0.000718
0.042864 0.025790
0.041617 0.056210
0.041214 0.090887
0.041003 0.126414
0.040877 0.161485
0.040978 0.196146
0.041000 0.230817
0.040914 0.265436
0.040952 0.300054
0.041002 0.335228
0.041416 0.371239
0.042239 0.407704
0.045458 0.442132
0.047231 0.483857
0.056277 0.000043
0.053120 0.036737
0.052564 0.073219
0.052246 0.108815
0.052185 0.143935
0.052169 0.178652
0.052264 0.213355
0.052120 0.248023
0.052174 0.282645
0.052176 0.317486
0.052393 0.353090
0.052621 0.389679
0.053715 0.429287
0.056375 0.472137
0.067839 0.000835
0.065383 0.025292
0.064460 0.055976
0.064019 0.090743
0.063844 0.126362
0.063737 0.161286
0.063794 0.196024
0.063820 0.230647
0.063769 0.265344
0.063842 0.300127
0.063962 0.335096
0.064278 0.371384
0.064977 0.408185
0.066732 0.443782
0.068899 0.485875
0.077732 0.000141
0.075745 0.036713
0.075148 0.073042
0.074804 0.108657
0.074783 0.143883
0.074624 0.178590
0.074792 0.213387
0.074660 0.248090
0.074779 0.282678
0.074688 0.317537
0.075119 0.353081
0.075512 0.390134
0.076459 0.430272
0.078641 0.473526
0.088586 0.000363
0.086883 0.024697
0.086123 0.055724
0.085755 0.090687
0.085492 0.126192
0.085491 0.161291
0.085585 0.195925
0.085588 0.230632
0.085517 0.265379
0.085483 0.300148
0.085454 0.335315
0.085824 0.371671
0.086517 0.408761
0.088174 0.445292
0.089003 0.486927
0.098640 0.000424
0.097052 0.036562
0.096760 0.072557
0.096476 0.108355
0.096348 0.143730
0.096410 0.178763
0.096420 0.213292
0.096443 0.248176
0.096437 0.282726
0.096356 0.317651
0.096408 0.353304
0.096872 0.390604
0.097621 0.431069
0.098881 0.474102
0.109353 0.000266
0.108021 0.024245
0.107608 0.055442
0.107292 0.090507
0.107274 0.126212
0.107260 0.161222
0.107246 0.196167
0.107239 0.230693
0.107222 0.265323
0.107244 0.300151
0.107291 0.335435
0.107413 0.371971
0.107993 0.409329
0.108675 0.446253
0.109753 0.487982
0.119207 0.000345
0.118461 0.036380
0.118204 0.072321
0.117975 0.108394
0.117985 0.143767
0.118146 0.178706
0.118026 0.213528
0.117911 0.248049
0.118140 0.282794
0.118068 0.317854
0.118115 0.353575
0.118299 0.390932
0.118747 0.431540
0.119345 0.474408
0.129557 0.000094
0.128892 0.023954
0.128779 0.055257
0.128675 0.090363
0.128593 0.126140
0.128767 0.161310
0.128656 0.196148
0.128581 0.230725
0.128530 0.265337
0.128635 0.300130
0.128608 0.335545
0.128572 0.372003
0.128933 0.409626
0.129348 0.446651
0.130048 0.488253
0.139615 0.000002
0.139087 0.036374
0.139120 0.072347
0.139037 0.108348
0.138909 0.143794
0.139033 0.178727
0.138962 0.213401
0.138845 0.248101
0.139047 0.282764
0.138997 0.317766
0.138952 0.353672
0.139044 0.391134
0.139321 0.431679
0.139855 0.473594
0.149771 0.000704
0.149563 0.023759
0.149357 0.055248
0.149282 0.090366
0.149355 0.126137
0.149263 0.161403
0.149364 0.196158
0.149242 0.230810
0.149331 0.265421
0.149356 0.300221
0.149417 0.335514
0.149271 0.372149
0.149414 0.409687
0.149928 0.447044
0.149394 0.488694
0.159729 0.000191
0.159698 0.036457
0.159613 0.072203
0.159629 0.108353
0.159498 0.143706
0.159574 0.178642
0.159453 0.213418
0.159531 0.248060
0.159696 0.282912
0.159543 0.317798
0.159500 0.353549
0.159566 0.391190
0.159751 0.431823
0.159836 0.475028
0.169840 0.000974
0.169838 0.023613
0.169706 0.055295
0.169867 0.090438
0.169666 0.126223
0.169798 0.161290
0.169697 0.196049
0.169735 0.230911
0.169689 0.265357
0.169705 0.300281
0.169724 0.335500
0.169617 0.372023
0.169817 0.409760
0.169703 0.447089
0.170412 0.488630
0.179883 0.000295
0.179978 0.036529
0.179902 0.072141
0.179891 0.108244
0.179806 0.143722
0.179924 0.178643
0.179875 0.213421
0.179694 0.248061
0.179866 0.282866
0.179910 0.317889
0.179767 0.353686
0.179842 0.391267
0.179894 0.431785
0.180023 0.473830
0.189924 0.000305
0.190066 0.023737
0.189978 0.055329
0.189960 0.090382
0.190000 0.126186
0.189984 0.161293
0.190008 0.196039
0.189871 0.230654
0.189871 0.265449
0.189930 0.300209
0.190016 0.335446
0.189901 0.372095
0.189967 0.409729
0.190048 0.447039
0.189993 0.488808
0.199934 0.000921
0.200084 0.036421
0.200099 0.072106
0.200146 0.108402
0.200100 0.143709
0.200183 0.178713
0.200049 0.213397
0.200026 0.248102
0.200093 0.282793
0.199967 0.317703
0.199849 0.353766
0.199998 0.391293
0.200035 0.431818
0.200039 0.474046
0.209971 0.000790
0.210102 0.023687
0.210086 0.055260
0.210235 0.090352
0.210097 0.126177
0.210223 0.161156
0.210274 0.196050
0.210128 0.230572
0.210185 0.265367
0.210087 0.300155
0.210068 0.335528
0.209916 0.372201
0.210306 0.409746
0.210005 0.447128
0.209696 0.488715
0.220073 0.001063
0.220337 0.036534
0.220311 0.072227
0.220232 0.108376
0.220184 0.143711
0.220222 0.178710
0.220303 0.213470
0.220168 0.248076
0.220293 0.282740
0.220375 0.317712
0.220222 0.353682
0.220334 0.391204
0.220244 0.431738
0.220175 0.474424
0.230083 0.000447
0.230222 0.023652
0.230429 0.055269
0.230475 0.090347
0.230459 0.126150
0.230564 0.161171
0.230447 0.196116
0.230500 0.230748
0.230428 0.265392
0.230461 0.300141
0.230471 0.335553
0.230342 0.372160
0.230307 0.409571
0.230333 0.447141
0.230145 0.488594
0.240175 0.000737
0.240642 0.036581
0.240774 0.072315
0.240631 0.108359
0.240672 0.143780
0.240753 0.178677
0.240715 0.213296
0.240731 0.248154
0.240570 0.282747
0.240658 0.317822
0.240647 0.353633
0.240579 0.391091
0.240506 0.431692
0.240222 0.474257
0.250268 0.000718
0.250731 0.023810
0.250940 0.055382
0.250963 0.090257
0.250848 0.126157
0.251097 0.161259
0.250990 0.196003
0.251011 0.230750
0.251059 0.265450
0.250890 0.300246
0.251088 0.335506
0.250951 0.372107
0.250986 0.409545
0.250168 0.446818
0.250281 0.488578
0.260397 0.000844
0.261237 0.036465
0.261362 0.072317
0.261519 0.108292
0.261385 0.143831
0.261507 0.178594
0.261467 0.213381
0.261454 0.248025
0.261481 0.282794
0.261582 0.317639
0.261424 0.353441
0.261201 0.391142
0.260902 0.431523
0.260369 0.474214
0.270422 0.000672
0.271439 0.024129
0.271763 0.055444
0.271981 0.090437
0.271999 0.126190
0.271971 0.161368
0.271970 0.195993
0.271958 0.230725
0.272026 0.265407
0.271958 0.300418
0.271863 0.335400
0.271824 0.372011
0.271450 0.409399
0.271044 0.446434
0.270222 0.488130
0.280871 0.000638
0.282307 0.036523
0.282532 0.072363
0.282846 0.108482
0.282749 0.143765
0.282806 0.178704
0.282829 0.213402
0.282756 0.247995
0.282747 0.282809
0.282698 0.317704
0.282611 0.353527
0.282342 0.390899
0.281831 0.431381
0.280737 0.474104
0.290867 0.000287
0.292700 0.024581
0.293177 0.055687
0.293441 0.090471
0.293681 0.126186
0.293755 0.161258
0.293692 0.196039
0.293676 0.230765
0.293776 0.265349
0.293594 0.300056
0.293605 0.335471
0.293442 0.371828
0.292882 0.409001
0.291435 0.445757
0.290669 0.487586
0.301641 0.001254
0.303870 0.036674
0.304211 0.072519
0.304590 0.108523
0.304592 0.144023
0.304566 0.178778
0.304715 0.213408
0.304595 0.247994
0.304590 0.282765
0.304763 0.317652
0.304645 0.353476
0.303918 0.390462
0.302976 0.430775
0.301241 0.473961
0.311480 0.000880
0.313853 0.025244
0.314679 0.055945
0.315225 0.090619
0.315460 0.126144
0.315526 0.161284
0.315531 0.195945
0.315606 0.230817
0.315526 0.265395
0.315368 0.300188
0.315392 0.335448
0.315108 0.371528
0.314118 0.408539
0.312176 0.444420
0.310672 0.486432
0.322547 0.000215
0.325521 0.037059
0.326112 0.072970
0.326349 0.108643
0.326555 0.143832
0.326737 0.178734
0.326875 0.213370
0.326767 0.248124
0.326648 0.282650
0.326622 0.317604
0.326459 0.353267
0.325899 0.389788
0.324731 0.429780
0.321785 0.473195
0.332360 0.000405
0.336704 0.025889
0.337856 0.056207
0.338562 0.090777
0.338687 0.126422
0.338785 0.161174
0.338787 0.195854
0.338980 0.230790
0.338939 0.265314
0.338785 0.300142
0.338843 0.335274
0.338581 0.371322
0.337540 0.407807
0.335137 0.443086
0.331897 0.485196
0.344215 0.000015
0.349464 0.037559
0.350159 0.073632
0.350732 0.108774
0.350882 0.143844
0.351004 0.178520
0.351006 0.213514
0.351017 0.248132
0.351149 0.282782
0.350959 0.317655
0.350753 0.352985
0.349557 0.389002
0.347641 0.428392
0.343867 0.471390
0.353711 0.000297
0.356575 0.027599
0.358633 0.056437
0.359280 0.091153
0.359877 0.126476
0.359984 0.161260
0.359946 0.195955
0.360196 0.230700
0.359805 0.265573
0.360030 0.300020
0.359565 0.335063
0.358966 0.370774
0.357132 0.407044
0.352441 0.440288
0.352242 0.481565
0.366852 0.001223
0.368930 0.038703
0.369367 0.073894
0.370235 0.109144
0.370445 0.143931
0.370483 0.178618
0.370503 0.213606
0.370497 0.247788
0.370647 0.282829
0.370322 0.317413
0.369964 0.352452
0.369071 0.387853
0.367127 0.425370
0.364451 0.470869
0.377039 0.000621
0.386717 0.025586
0.385485 0.056892
0.386426 0.091113
0.386618 0.126687
0.386840 0.161308
0.386454 0.195657
0.386716 0.231029
0.386639 0.265592
0.386844 0.300152
0.386409 0.334918
0.386262 0.370223
0.385182 0.405897
0.384521 0.440390
0.380312 0.479935
0.403354 0.000451
0.401916 0.038549
0.402674 0.074578
0.403563 0.109256
0.403530 0.144056
0.403695 0.178681
0.404075 0.213359
0.403818 0.248169
0.403649 0.282584
0.403826 0.317594
0.403466 0.352022
0.402398 0.387046
0.399739 0.423931
0.396358 0.463822
0.392320 0.001020
0.398763 0.022154
0.399351 0.057458
0.399779 0.092443
0.400205 0.126771
0.400358 0.161695
0.400292 0.196672
0.400416 0.230521
0.400284 0.264823
0.400486 0.300042
0.400085 0.334743
0.399707 0.370001
0.398282 0.404696
0.394088 0.441090
0.381572 0.468264
0.587320 0.012829
0.591075 0.040918
0.590748 0.074528
0.590021 0.109090
0.589768 0.143692
0.589661 0.177944
0.589458 0.213323
0.589510 0.248272
0.589670 0.282768
0.589641 0.317907
0.590208 0.352589
0.591301 0.387329
0.593087 0.421955
0.596822 0.452536
0.608894 0.000923
0.588979 0.023500
0.587488 0.057100
0.586697 0.091882
0.586367 0.126858
0.585973 0.161565
0.586336 0.195983
0.586224 0.230625
0.586204 0.265572
0.586192 0.299843
0.586279 0.334881
0.586892 0.369829
0.588198 0.404698
0.592538 0.440786
0.610109 0.478894
0.596616 0.000143
0.605693 0.037051
0.603710 0.073976
0.603514 0.109405
0.603430 0.144234
0.603747 0.179260
0.603330 0.213280
0.603380 0.247912
0.603254 0.282657
0.603489 0.317142
0.603498 0.352367
0.604094 0.387890
0.606588 0.426340
0.607073 0.465667
0.625356 0.000290
0.620993 0.026506
0.620775 0.056685
0.620088 0.091296
0.619711 0.126708
0.619663 0.161456
0.619665 0.196099
0.619252 0.230835
0.619468 0.265419
0.619681 0.300219
0.619718 0.334779
0.620424 0.370412
0.622012 0.405904
0.623817 0.439877
0.628039 0.480745
0.633724 0.001232
0.631521 0.037672
0.631230 0.073668
0.630558 0.108783
0.630098 0.143820
0.630059 0.178877
0.630008 0.213420
0.629977 0.248145
0.629900 0.282647
0.629933 0.317610
0.630576 0.352730
0.631867 0.388852
0.634097 0.427081
0.636504 0.471625
0.646286 0.000157
0.641804 0.026176
0.640247 0.056410
0.639507 0.091032
0.639097 0.126300
0.639176 0.161353
0.639000 0.196142
0.639025 0.230829
0.638925 0.265274
0.638964 0.300020
0.639131 0.335303
0.639730 0.371018
0.641144 0.407552
0.645260 0.442069
0.647014 0.483559
0.656221 0.000612
0.652203 0.037073
0.651539 0.073091
0.651216 0.108497
0.651008 0.143772
0.651169 0.178628
0.651084 0.213492
0.651091 0.248072
0.651053 0.282741
0.651265 0.317626
0.651307 0.353080
0.651887 0.389453
0.653182 0.429307
0.656574 0.471932
0.668032 0.000289
0.664970 0.025548
0.664064 0.056157
0.663607 0.090678
0.663400 0.126319
0.663332 0.161317
0.663312 0.196028
0.663144 0.230677
0.663356 0.265403
0.663287 0.300116
0.663447 0.335263
0.663778 0.371419
0.664625 0.408298
0.666610 0.444007
0.669021 0.486043
0.677830 0.000760
0.675420 0.036790
0.675104 0.072690
0.674635 0.108562
0.674512 0.143834
0.674332 0.178608
0.674298 0.213212
0.674470 0.248011
0.674424 0.282789
0.674462 0.317671
0.674765 0.353174
0.675323 0.390196
0.676487 0.430192
0.678607 0.473465
0.688642 0.000043
0.686583 0.024732
0.685968 0.055849
0.685457 0.090595
0.685315 0.126292
0.685343 0.161312
0.685333 0.196097
0.685249 0.230731
0.685280 0.265399
0.685311 0.300236
0.685345 0.335305
0.685558 0.371729
0.686555 0.408697
0.687936 0.445239
0.689477 0.487026
0.698680 0.000794
0.696865 0.036563
0.696518 0.072567
0.696249 0.108504
0.696244 0.143883
0.696366 0.178708
0.696312 0.213332
0.696238 0.247886
0.696328 0.282749
0.696252 0.317667
0.696433 0.353448
0.696660 0.390657
0.697515 0.431134
0.698882 0.473622
0.709136 0.000343
0.707869 0.024235
0.707548 0.055513
0.707528 0.090538
0.707219 0.126249
0.707267 0.161248
0.707236 0.196014
0.707244 0.230554
0.707169 0.265388
0.707123 0.300141
0.707213 0.335447
0.707532 0.371753
0.707882 0.409214
0.708902 0.446080
0.709372 0.488033
0.719231 0.000424
0.718288 0.036457
0.718256 0.072463
0.718095 0.108433
0.717985 0.143783
0.718085 0.178782
0.718074 0.213387
0.718037 0.248029
0.717787 0.282740
0.717896 0.317670
0.718041 0.353567
0.718241 0.390959
0.718619 0.431398
0.719546 0.474035
0.729568 0.000706
0.729048 0.023901
0.728730 0.055310
0.728701 0.090435
0.728543 0.126135
0.728544 0.161296
0.728695 0.195996
0.728662 0.230511
0.728476 0.265422
0.728574 0.300147
0.728514 0.335460
0.728533 0.372014
0.728786 0.409674
0.729311 0.446695
0.729395 0.488405
0.739585 0.000553
0.739080 0.036438
0.739140 0.072320
0.739015 0.108342
0.738954 0.143848
0.738857 0.178716
0.738948 0.213256
0.738935 0.248103
0.739011 0.282866
0.738900 0.317690
0.739049 0.353616
0.739131 0.391078
0.739384 0.431647
0.739734 0.474459
0.749830 0.000830
0.749313 0.023667
0.749444 0.055255
0.749374 0.090311
0.749372 0.126241
0.749225 0.161433
0.749269 0.196093
0.749241 0.230745
0.749139 0.265479
0.749334 0.300143
0.749308 0.335652
0.749415 0.372226
0.749502 0.409694
0.749816 0.446898
0.750043 0.488579
0.759847 0.000445
0.759686 0.036500
0.759582 0.072346
0.759491 0.108303
0.759558 0.143952
0.759494 0.178685
0.759514 0.213296
0.759466 0.248065
0.759635 0.282852
0.759521 0.317868
0.759534 0.353590
0.759560 0.391168
0.759664 0.431558
0.759926 0.474136
0.769861 0.000059
0.769725 0.023790
0.769678 0.055231
0.769693 0.090351
0.769764 0.126107
0.769737 0.161288
0.769749 0.196043
0.769716 0.230769
0.769757 0.265519
0.769676 0.300263
0.769618 0.335593
0.769779 0.372350
0.769951 0.409795
0.769979 0.447043
0.769967 0.488782
0.779920 0.000802
0.779866 0.036408
0.779959 0.072275
0.779744 0.108426
0.779907 0.143677
0.779897 0.178700
0.779892 0.213401
0.779881 0.247998
0.779815 0.282782
0.779723 0.317678
0.779928 0.353636
0.780031 0.391381
0.779948 0.431755
0.780101 0.474109
0.789971 0.000498
0.789917 0.023807
0.789992 0.055300
0.789989 0.090476
0.789984 0.126175
0.789985 0.161199
0.790009 0.196100
0.790105 0.230653
0.789991 0.265444
0.790040 0.300229
0.789962 0.335494
0.789872 0.372324
0.789968 0.409748
0.790064 0.447251
0.789593 0.488830
0.800014 0.000205
0.800064 0.036423
0.800031 0.072255
0.800131 0.108434
0.800112 0.143576
0.800088 0.178657
0.800089 0.213340
0.800081 0.248049
0.800120 0.282674
0.800083 0.317607
0.800033 0.353571
0.799949 0.391421
0.800015 0.431706
0.800013 0.474566
0.809994 0.000201
0.810269 0.023594
0.810167 0.055283
0.810060 0.090568
0.810094 0.126268
0.810304 0.161322
0.810287 0.196134
0.810185 0.230779
0.810082 0.265477
0.810036 0.300144
0.810108 0.335538
0.810193 0.372173
0.810111 0.409721
0.810091 0.447156
0.810031 0.488562
0.820012 0.000596
0.820323 0.036521
0.820294 0.072277
0.820088 0.108377
0.820364 0.143809
0.820309 0.178659
0.820294 0.213357
0.820237 0.247966
0.820280 0.282683
0.820147 0.317891
0.820376 0.353568
0.820263 0.391244
0.820191 0.431671
0.820163 0.474140
0.830086 0.000517
0.830454 0.023674
0.830421 0.055371
0.830389 0.090441
0.830566 0.126285
0.830662 0.161243
0.830391 0.196176
0.830484 0.230677
0.830440 0.265465
0.830475 0.300099
0.830537 0.335574
0.830432 0.372146
0.830312 0.409759
0.829960 0.447126
0.829865 0.488642
0.840219 0.000696
0.840765 0.036471
0.840657 0.072355
0.840789 0.108404
0.840779 0.143797
0.840830 0.178679
0.840739 0.213345
0.840637 0.248050
0.840535 0.282809
0.840622 0.317759
0.840632 0.353588
0.840687 0.391161
0.840438 0.431880
0.839937 0.474454
0.850239 0.000739
0.850906 0.023871
0.850969 0.055326
0.850972 0.090436
0.851033 0.126185
0.851041 0.161327
0.851112 0.195964
0.851117 0.230443
0.850948 0.265431
0.851018 0.300105
0.850949 0.335624
0.850970 0.372131
0.850719 0.409553
0.850440 0.446848
0.850355 0.488517
0.860524 0.000190
0.861290 0.036450
0.861417 0.072426
0.861468 0.108356
0.861370 0.143844
0.861432 0.178633
0.861521 0.213314
0.861509 0.248096
0.861552 0.282688
0.861547 0.317817
0.861377 0.353565
0.861217 0.391009
0.861026 0.431643
0.860383 0.473975
0.870408 0.000563
0.871586 0.023927
0.871692 0.055431
0.872029 0.090525
0.872145 0.126284
0.872174 0.161338
0.872088 0.196062
0.872088 0.230692
0.871971 0.265454
0.872042 0.300146
0.872000 0.335508
0.871921 0.372065
0.871702 0.409369
0.870763 0.446386
0.870064 0.488187
0.880908 0.000460
0.882167 0.036444
0.882586 0.072449
0.882842 0.108337
0.882759 0.143795
0.882854 0.178665
0.882694 0.213259
0.882893 0.247969
0.882729 0.282670
0.882800 0.317874
0.882621 0.353561
0.882524 0.390790
0.881887 0.431162
0.880913 0.474476
0.890828 0.000596
0.892688 0.024400
0.893112 0.055785
0.893462 0.090614
0.893703 0.126140
0.893794 0.161259
0.893677 0.196124
0.893835 0.230826
0.893802 0.265385
0.893807 0.300222
0.893544 0.335343
0.893546 0.371925
0.892871 0.409076
0.891741 0.445730
0.890907 0.487396
0.901609 0.000429
0.903746 0.036695
0.904284 0.072529
0.904560 0.108452
0.904870 0.143887
0.904787 0.178828
0.904787 0.213379
0.904883 0.247980
0.904797 0.282767
0.904505 0.317681
0.904525 0.353317
0.904121 0.390663
0.902891 0.430812
0.901349 0.473683
0.911561 0.000319
0.913697 0.025196
0.914625 0.055963
0.915218 0.090693
0.915676 0.126382
0.915693 0.161289
0.915464 0.196056
0.915727 0.230594
0.915621 0.265365
0.915584 0.300221
0.915409 0.335315
0.915165 0.371568
0.914059 0.408464
0.912370 0.444606
0.910792 0.486536
0.922453 0.000996
0.925307 0.036973
0.926187 0.072994
0.926400 0.108716
0.926582 0.143865
0.926714 0.178718
0.926810 0.213434
0.926684 0.248125
0.926772 0.282739
0.926605 0.317505
0.926439 0.352924
0.925751 0.389932
0.924769 0.429866
0.921866 0.472904
0.932263 0.000548
0.936477 0.025916
0.937791 0.056234
0.938602 0.090933
0.938844 0.126488
0.938794 0.161585
0.938932 0.195943
0.939127 0.230559
0.938835 0.265448
0.938818 0.300337
0.938546 0.335258
0.938486 0.371296
0.937513 0.407933
0.934883 0.443121
0.932046 0.485255
0.944321 0.001389
0.949464 0.037639
0.950075 0.073512
0.950643 0.108785
0.951005 0.143814
0.950950 0.178778
0.951058 0.213487
0.951000 0.248087
0.950969 0.282599
0.950843 0.317533
0.950543 0.352928
0.949655 0.389152
0.947473 0.428275
0.944007 0.471264
0.953949 0.000968
0.956559 0.027718
0.958514 0.056443
0.959237 0.091270
0.959813 0.126550
0.960133 0.161436
0.959985 0.196018
0.960034 0.230607
0.959939 0.265530
0.959863 0.300201
0.959936 0.335086
0.959026 0.370732
0.957143 0.406927
0.952376 0.440193
0.951927 0.481602
0.966652 0.000547
0.968948 0.038704
0.969326 0.074008
0.970211 0.108914
0.970318 0.144036
0.970308 0.178718
0.970408 0.213425
0.970434 0.248118
0.970460 0.282707
0.970184 0.317655
0.969976 0.352395
0.968824 0.387950
0.967368 0.425120
0.964393 0.470671
0.977147 0.000672
0.986542 0.026317
0.985340 0.057015
0.986166 0.091572
0.986569 0.126623
0.986540 0.160660
0.986361 0.196242
0.986728 0.231100
0.986406 0.265363
0.986272 0.300440
0.986531 0.334827
0.985978 0.369986
0.985147 0.405628
0.984805 0.440648
0.980253 0.479765
0.995651 0.002979
0.998997 0.040298
0.998470 0.076314
0.998242 0.111087
0.998574 0.145907
0.997731 0.181038
0.997783 0.215438
0.997799 0.250330
0.997657 0.284909
0.997948 0.319426
0.998563 0.354189
0.998883 0.388722
0.999849 0.423663
0.996083 0.464283
0.990897 0.000632
0.998847 0.022511
0.999071 0.057383
0.999771 0.091614
0.999227 0.126733
0.999179 0.162520
0.999839 0.196067
0.999287 0.230497
0.999078 0.265644
0.999384 0.299674
0.999266 0.335009
0.999562 0.370066
0.998214 0.404934
0.994197 0.440691
0.981296 0.467884
