0.000086 0.015082
0.000282 0.044692
0.000248 0.075549
0.000057 0.119075
0.000115 0.153375
0.000034 0.189155
0.000904 0.213867
0.000817 0.237414
0.000877 0.264525
0.011797 0.312450
0.102729 0.312733
0.046200 0.331811
0.089327 0.317437
0.120381 0.337784
0.000955 0.000119
0.000904 0.025387
0.000121 0.054853
0.000401 0.096928
0.000496 0.130443
0.000137 0.177130
0.000647 0.201681
0.000308 0.225771
0.000351 0.251423
0.000748 0.278678
0.000368 0.284511
0.018000 0.315838
0.069771 0.309679
0.100542 0.324094
0.133394 0.352352
0.001714 0.000870
0.000311 0.034749
0.000952 0.065093
0.001115 0.086106
0.001121 0.107889
0.000170 0.142100
0.000269 0.165414
0.028475 0.216930
0.034035 0.236433
0.025983 0.249972
0.029112 0.285266
0.053563 0.309684
0.051278 0.324293
0.130287 0.347893
0.015056 0.001116
0.029886 0.027941
0.027677 0.042749
0.028465 0.076993
0.029291 0.099409
0.031323 0.137814
0.030574 0.166721
0.030453 0.193171
0.043559 0.220437
0.048434 0.252616
0.025733 0.271575
0.054378 0.288691
0.030055 0.306366
0.077690 0.294301
0.158735 0.355888
0.024638 0.000424
0.044473 0.041347
0.030220 0.059277
0.042102 0.088880
0.029555 0.119391
0.037746 0.152239
0.040655 0.176149
0.043646 0.199003
0.059796 0.235896
0.078861 0.249060
0.043228 0.268990
0.097256 0.267983
0.076863 0.275667
0.127714 0.315578
0.042592 0.000541
0.033551 0.000361
0.059111 0.054349
0.045550 0.069966
0.046688 0.108462
0.047517 0.127501
0.057781 0.146875
0.060645 0.170138
0.063711 0.192572
0.064625 0.212884
0.077225 0.230598
0.067142 0.265096
0.116355 0.280785
0.124433 0.299350
0.180729 0.355002
0.051811 0.000039
0.049377 0.027000
0.066838 0.070291
0.062972 0.090814
0.068737 0.112040
0.070002 0.129349
0.075000 0.152337
0.077877 0.175485
0.081194 0.197967
0.093606 0.213067
0.098785 0.233769
0.101904 0.249321
0.100887 0.284661
0.144065 0.318056
0.060727 0.001100
0.066711 0.030730
0.073647 0.044120
0.083806 0.066464
0.079356 0.087437
0.086672 0.105976
0.089311 0.127217
0.091696 0.150397
0.096556 0.172421
0.100414 0.192609
0.113688 0.216558
0.126263 0.241043
0.125399 0.258199
0.140200 0.280870
0.167160 0.354726
0.069608 0.000952
0.084996 0.027816
0.091628 0.044345
0.100886 0.067519
0.099590 0.086758
0.103919 0.110558
0.107739 0.132359
0.109909 0.152634
0.116491 0.174457
0.119050 0.197602
0.133784 0.225112
0.145863 0.254920
0.156199 0.277082
0.157445 0.313414
0.078523 0.000429
0.087254 0.000774
0.102868 0.030816
0.110390 0.051588
0.117697 0.071856
0.116577 0.094040
0.123190 0.114406
0.126549 0.135712
0.129296 0.156339
0.134708 0.181656
0.138242 0.204647
0.153252 0.235541
0.168456 0.261166
0.161461 0.299244
0.206674 0.355261
0.096051 0.000615
0.117950 0.028965
0.126297 0.044271
0.134258 0.065199
0.133322 0.085046
0.138501 0.103372
0.143401 0.123156
0.146017 0.143854
0.147339 0.168059
0.154352 0.188124
0.155950 0.213739
0.176609 0.242861
0.177483 0.279080
0.174121 0.326953
0.104680 0.000434
0.121819 0.000657
0.136150 0.029113
0.144633 0.046896
0.151735 0.068254
0.152931 0.087976
0.159465 0.106219
0.160808 0.128884
0.162740 0.153213
0.167340 0.174674
0.174500 0.200499
0.174267 0.222011
0.196333 0.260131
0.188487 0.302866
0.221131 0.362677
0.113374 0.000431
0.152410 0.029256
0.162148 0.046373
0.168157 0.063944
0.171740 0.085256
0.176064 0.102600
0.178565 0.124273
0.179760 0.144038
0.184638 0.164530
0.186532 0.188070
0.193588 0.214308
0.195261 0.241363
0.201640 0.288301
0.187965 0.329237
0.130509 0.000073
0.155813 0.000071
0.170245 0.027815
0.180022 0.045462
0.185078 0.067240
0.191017 0.085451
0.193865 0.107554
0.194848 0.132512
0.200961 0.157689
0.203049 0.178992
0.206574 0.203086
0.211842 0.227842
0.216244 0.266363
0.202146 0.311412
0.209382 0.335330
0.138951 0.000149
0.187117 0.029194
0.198719 0.048077
0.201878 0.064762
0.207295 0.090550
0.211908 0.112422
0.212991 0.130311
0.216038 0.146705
0.219592 0.170666
0.223050 0.193638
0.226905 0.216336
0.217447 0.250524
0.218305 0.300161
0.228400 0.321012
0.147418 0.000855
0.189457 0.000739
0.202278 0.028086
0.214889 0.042326
0.216719 0.074347
0.225131 0.097718
0.229054 0.121017
0.234591 0.151999
0.238511 0.171618
0.239841 0.195107
0.245996 0.220875
0.238987 0.240539
0.237049 0.292463
0.242198 0.316139
0.201084 0.364632
0.164353 0.000252
0.220784 0.026062
0.223721 0.058294
0.233509 0.080229
0.241663 0.101372
0.247772 0.124211
0.246201 0.142638
0.255322 0.172278
0.257516 0.195727
0.260276 0.223513
0.261669 0.243510
0.233685 0.267209
0.259298 0.338071
0.231057 0.354471
0.172734 0.000257
0.239907 0.026864
0.233241 0.040856
0.241857 0.062707
0.250662 0.082866
0.255392 0.108016
0.263463 0.142558
0.268179 0.159917
0.273194 0.185920
0.274641 0.209646
0.282319 0.236856
0.247170 0.263545
0.256389 0.296003
0.238605 0.339731
0.258824 0.362312
0.181038 0.000834
0.250351 0.043393
0.258557 0.064087
0.267122 0.080837
0.270021 0.102861
0.271530 0.125108
0.287410 0.162248
0.287485 0.184739
0.292950 0.216427
0.294901 0.238989
0.272579 0.263591
0.264199 0.279248
0.264476 0.309921
0.287066 0.377163
0.197774 0.000241
0.257862 0.028150
0.267961 0.047110
0.277871 0.063393
0.282479 0.089912
0.285649 0.116576
0.283184 0.141407
0.304994 0.178189
0.303452 0.202025
0.317539 0.264035
0.299696 0.261092
0.289189 0.321821
0.282644 0.300833
0.301843 0.336539
0.293999 0.375019
0.206126 0.000414
0.273011 0.029947
0.288308 0.050049
0.290520 0.077254
0.296298 0.104743
0.300200 0.130337
0.302097 0.153194
0.320834 0.194048
0.311484 0.226687
0.306696 0.285234
0.284555 0.271130
0.316405 0.317999
0.278364 0.328370
0.266807 0.370625
0.214485 0.000668
0.264316 0.000243
0.286926 0.030084
0.301309 0.064436
0.308895 0.092190
0.311132 0.120058
0.316851 0.143113
0.319080 0.169344
0.325241 0.214060
0.322463 0.243367
0.344586 0.307725
0.323881 0.299995
0.298704 0.299198
0.327051 0.375333
0.274683 0.353992
0.222874 0.000679
0.302381 0.028969
0.306820 0.046225
0.311736 0.077842
0.321427 0.104323
0.332304 0.135343
0.334543 0.161132
0.336882 0.183904
0.338935 0.233984
0.327971 0.282042
0.350046 0.325516
0.331520 0.326591
0.312738 0.338742
0.298018 0.359608
0.231237 0.000839
0.296941 0.000343
0.317444 0.032754
0.320937 0.063797
0.332620 0.090439
0.333396 0.120529
0.347773 0.148065
0.352807 0.178292
0.343414 0.207956
0.372780 0.253158
0.352487 0.259086
0.338170 0.263952
0.349888 0.348134
0.376892 0.351117
0.321526 0.370414
0.239568 0.001059
0.331353 0.029791
0.329478 0.050842
0.333451 0.075533
0.344989 0.108497
0.354837 0.128024
0.362615 0.162639
0.359920 0.200577
0.354819 0.229107
0.375750 0.305110
0.349373 0.287968
0.372354 0.339680
0.346330 0.365297
0.338810 0.351909
0.247873 0.000299
0.321251 0.000060
0.343720 0.044140
0.347858 0.071082
0.352428 0.091588
0.365461 0.115598
0.366075 0.139471
0.372196 0.184301
0.370473 0.229259
0.389485 0.250182
0.379896 0.273968
0.360990 0.276300
0.396352 0.358244
0.378828 0.398521
0.364872 0.371202
0.256087 0.000051
0.351363 0.029668
0.358172 0.058057
0.363182 0.080370
0.372038 0.100063
0.382762 0.133292
0.379578 0.162964
0.375522 0.208040
0.388479 0.228836
0.400072 0.266873
0.361668 0.309560
0.394200 0.338149
0.387490 0.417479
0.365079 0.385266
0.272493 0.000395
0.345425 0.000647
0.363805 0.040070
0.374587 0.067606
0.383327 0.086275
0.386076 0.118523
0.394241 0.150400
0.390515 0.195513
0.402696 0.220695
0.412623 0.238965
0.413168 0.287938
0.381644 0.324310
0.426570 0.359363
0.387955 0.380095
0.402676 0.371841
0.280654 0.000022
0.374427 0.029787
0.380535 0.049267
0.395070 0.100271
0.408430 0.114796
0.403283 0.130701
0.412777 0.176350
0.394866 0.176055
0.407710 0.196463
0.418911 0.219672
0.392656 0.289726
0.383989 0.409971
0.469874 0.486630
0.422407 0.435243
0.288805 0.000675
0.369600 0.000111
0.392066 0.070010
0.400251 0.051838
0.406896 0.086723
0.422283 0.135436
0.407803 0.157189
0.432170 0.171886
0.427251 0.192406
0.428452 0.247169
0.416417 0.262915
0.420463 0.305383
0.421133 0.327994
0.399309 0.304430
0.412928 0.418539
0.305047 0.000690
0.389928 0.033368
0.410068 0.066308
0.422851 0.075679
0.421428 0.102225
0.431778 0.122162
0.426882 0.154095
0.438403 0.202832
0.436788 0.222988
0.428351 0.280698
0.442393 0.303778
0.445661 0.371941
0.406924 0.423644
0.427450 0.388626
0.313186 0.001019
0.404204 0.031106
0.424419 0.051112
0.434675 0.093380
0.446991 0.112328
0.462029 0.159793
0.462065 0.184257
0.444077 0.148708
0.448707 0.174322
0.445875 0.289388
0.457625 0.311407
0.453441 0.331016
0.435901 0.331870
0.417167 0.374797
0.408178 0.326686
0.329331 0.000712
0.417907 0.033747
0.442426 0.050852
0.440761 0.068675
0.462233 0.100247
0.451338 0.129475
0.476221 0.175053
0.470535 0.209371
0.444743 0.241247
0.440633 0.263990
0.457115 0.272856
0.439116 0.348954
0.438767 0.460484
0.426806 0.398400
0.337388 0.000570
0.409396 0.001040
0.432342 0.032032
0.447185 0.031383
0.448711 0.084100
0.470565 0.117558
0.465838 0.141599
0.485407 0.195851
0.454802 0.204387
0.461425 0.248067
0.469341 0.296278
0.459401 0.377364
0.474518 0.376075
0.441146 0.406894
0.440146 0.455319
0.353447 0.000459
0.462975 0.029020
0.464619 0.062527
0.484645 0.131374
0.483884 0.151490
0.491492 0.213540
0.477900 0.228801
0.457970 0.227294
0.476558 0.352135
0.460292 0.350746
0.471000 0.327245
0.480397 0.402532
0.442936 0.540589
0.434002 0.437391
0.361541 0.000470
0.417266 0.000058
0.479990 0.000358
0.480939 0.031974
0.461764 0.045398
0.501600 0.135970
0.500428 0.185819
0.494489 0.167322
0.492994 0.301536
0.478684 0.245574
0.483410 0.433445
0.490784 0.373017
0.471930 0.424445
0.461575 0.401187
0.491418 0.488828
0.377578 0.000327
0.464395 0.000676
0.484423 0.048151
0.466239 0.078809
0.508628 0.212260
0.509651 0.230381
0.497051 0.242184
0.486993 0.282783
0.488594 0.338510
0.474084 0.469778
0.463468 0.460792
0.453065 0.547125
0.456470 0.448037
0.451737 0.415055
0.385577 0.000808
0.456549 0.000927
0.487829 0.000851
0.495065 0.031960
0.526009 0.103533
0.526300 0.289805
0.506546 0.273123
0.488375 0.264598
0.558958 0.776417
0.455318 0.570283
0.468613 0.600025
0.670054 0.650381
0.543954 0.618391
0.428481 0.578807
0.448571 0.527427
0.425142 0.000908
0.472213 0.000663
0.580137 0.049932
0.493839 0.086720
0.481560 0.069789
0.508420 0.296030
0.518183 0.311652
0.471815 0.273231
0.501084 0.384307
0.482874 0.314048
0.478451 0.511445
0.438265 0.557239
0.457436 0.496134
0.455201 0.508409
0.401463 0.000482
0.440844 0.000631
0.511040 0.000640
0.501805 0.053609
0.559016 0.785401
0.507146 0.154220
0.577093 0.599755
0.502862 0.326394
0.494405 0.436023
0.494858 0.409808
0.656546 0.665999
0.572569 0.595380
0.568978 0.587476
0.473493 0.598361
0.431943 0.577125
0.534208 0.000422
0.503305 0.000310
0.432999 0.000252
0.338423 0.505960
0.510162 0.096852
0.517101 0.192970
0.508807 0.426125
0.548389 0.784562
0.537460 0.629795
0.488171 0.633881
0.664900 0.665279
0.550979 0.601529
0.494470 0.617512
0.488641 0.563302
0.596364 0.001000
0.549731 0.000094
0.393542 0.000129
0.495554 0.000724
0.530550 0.029187
0.492782 0.109030
0.515515 0.169977
0.525173 0.265283
0.509505 0.400205
0.511441 0.525116
0.495451 0.468713
0.482355 0.544287
0.512898 0.543804
0.489344 0.581779
0.535354 0.571110
0.588671 0.000413
0.518737 0.000460
0.448684 0.000723
0.522053 0.041130
0.479954 0.097979
0.655072 0.651911
0.454541 0.580980
0.492914 0.514766
0.499536 0.580674
0.546070 0.777714
0.473219 0.546838
0.491202 0.629463
0.531002 0.623541
0.550999 0.517328
0.612041 0.000886
0.565413 0.000115
0.508490 0.032819
0.526449 0.000030
0.510372 0.117111
0.524293 0.079141
0.521113 0.134016
0.510883 0.255315
0.529308 0.240724
0.501654 0.356266
0.517318 0.368032
0.506744 0.503841
0.535135 0.567825
0.508579 0.571710
0.546741 0.385756
0.627815 0.000960
0.541969 0.000410
0.542154 0.038450
0.518978 0.063995
0.500973 0.071346
0.531782 0.149572
0.531548 0.212008
0.541017 0.227800
0.543766 0.258495
0.512467 0.339601
0.507844 0.471233
0.534970 0.480935
0.520635 0.548636
0.531414 0.528440
0.635704 0.000672
0.557604 0.000910
0.566863 0.030642
0.553986 0.051321
0.534381 0.058427
0.532702 0.169308
0.533582 0.191401
0.554843 0.216185
0.538275 0.282043
0.528223 0.352805
0.522623 0.389110
0.535309 0.411987
0.522601 0.508481
0.550557 0.358338
0.531459 0.457756
0.651431 0.000392
0.581142 0.032262
0.566823 0.061828
0.553572 0.029013
0.538797 0.086040
0.532471 0.120729
0.549086 0.141769
0.550694 0.166283
0.551918 0.241974
0.531669 0.317646
0.537755 0.369634
0.536807 0.331469
0.525963 0.418879
0.516777 0.458659
0.659305 0.000860
0.573194 0.001034
0.594689 0.031794
0.550306 0.097861
0.549707 0.071233
0.565911 0.083980
0.548440 0.121380
0.567179 0.134895
0.550611 0.191440
0.566268 0.252208
0.555923 0.281584
0.554716 0.333510
0.582499 0.377020
0.557951 0.412298
0.592696 0.420791
0.675221 0.000565
0.580931 0.000406
0.604191 0.000674
0.581341 0.072857
0.565068 0.108058
0.583698 0.149940
0.564936 0.156524
0.571359 0.219496
0.580242 0.235136
0.570145 0.269966
0.546130 0.302198
0.567458 0.358915
0.535532 0.473003
0.545607 0.514796
0.683212 0.000790
0.619961 0.000394
0.609337 0.027399
0.596833 0.063847
0.582355 0.097734
0.575719 0.121943
0.575243 0.176112
0.566386 0.192317
0.583384 0.200724
0.593135 0.222468
0.563986 0.308960
0.572792 0.289539
0.579881 0.312022
0.586735 0.331436
0.607421 0.409335
0.699078 0.000757
0.620824 0.039690
0.611958 0.071585
0.606519 0.048144
0.599425 0.086331
0.596910 0.107987
0.592649 0.132361
0.592224 0.170964
0.602143 0.255855
0.585052 0.253631
0.593022 0.302293
0.562205 0.378371
0.521024 0.441942
0.587531 0.415579
0.707005 0.000789
0.643562 0.000359
0.630565 0.027542
0.624191 0.061662
0.613777 0.101300
0.608105 0.126174
0.602662 0.156585
0.607940 0.180281
0.598877 0.198374
0.615225 0.271723
0.591324 0.277318
0.608985 0.315701
0.567443 0.329912
0.580095 0.352703
0.593688 0.374381
0.714943 0.000094
0.641159 0.043300
0.640746 0.061811
0.625385 0.087054
0.624658 0.115276
0.617700 0.144974
0.623577 0.168583
0.615296 0.199354
0.605089 0.230858
0.604775 0.289634
0.624438 0.352559
0.599074 0.339829
0.563648 0.397471
0.554381 0.428895
0.730876 0.000941
0.667220 0.000949
0.648273 0.029628
0.656336 0.055646
0.643003 0.081934
0.639200 0.104313
0.632314 0.135786
0.629207 0.185005
0.621304 0.218646
0.615038 0.246361
0.633470 0.280696
0.650534 0.268696
0.612747 0.359059
0.597027 0.394509
0.644548 0.383213
0.738863 0.000151
0.663932 0.029771
0.669377 0.044782
0.658946 0.078260
0.654571 0.097804
0.646624 0.128807
0.638035 0.157926
0.638724 0.206884
0.634284 0.229591
0.632193 0.257481
0.621693 0.302124
0.560774 0.429331
0.671711 0.336165
0.635869 0.394779
0.746782 0.000752
0.691179 0.000886
0.680729 0.028364
0.672998 0.065067
0.673113 0.090303
0.658410 0.120308
0.654601 0.152656
0.646871 0.175752
0.653092 0.195461
0.654620 0.221601
0.639865 0.302234
0.656093 0.311797
0.616541 0.329310
0.683970 0.385230
0.620671 0.393757
0.754758 0.000253
0.693713 0.034026
0.686634 0.050455
0.685120 0.077072
0.673510 0.110332
0.672159 0.132178
0.664324 0.175027
0.670661 0.208424
0.643659 0.245030
0.668625 0.265657
0.617066 0.375404
0.640414 0.349115
0.706039 0.365996
0.688762 0.366645
0.762799 0.000119
0.722900 0.000212
0.707126 0.029417
0.697627 0.066268
0.688751 0.094420
0.689307 0.120474
0.671150 0.153103
0.675124 0.192329
0.677305 0.232368
0.633895 0.323997
0.694651 0.249195
0.653127 0.290758
0.675340 0.318481
0.659246 0.385030
0.650018 0.354265
0.778943 0.000428
0.720833 0.029795
0.705447 0.049838
0.707157 0.079634
0.702033 0.106475
0.688553 0.141048
0.684275 0.168798
0.693487 0.195463
0.665638 0.242836
0.692904 0.266091
0.689387 0.316984
0.653408 0.333271
0.701653 0.332558
0.679031 0.347370
0.787049 0.000192
0.735755 0.027556
0.724624 0.047334
0.717147 0.064152
0.714987 0.093414
0.706375 0.127232
0.707106 0.147327
0.698646 0.162777
0.689796 0.219356
0.709162 0.205060
0.673234 0.280317
0.685241 0.286420
0.724505 0.319240
0.758501 0.341282
0.724287 0.374515
0.795059 0.000305
0.744643 0.039876
0.735348 0.063571
0.728772 0.080478
0.725867 0.106525
0.723988 0.121725
0.722943 0.150408
0.705952 0.183199
0.723167 0.238261
0.704888 0.289649
0.705156 0.302581
0.712823 0.338736
0.698151 0.380111
0.669870 0.374524
0.811202 0.000144
0.770890 0.000460
0.755469 0.027472
0.750776 0.054498
0.745267 0.080925
0.741546 0.101759
0.735871 0.138082
0.720963 0.178474
0.724415 0.215784
0.702176 0.231464
0.711579 0.253632
0.744390 0.279745
0.761073 0.303030
0.753587 0.379146
0.730322 0.373344
0.819300 0.000749
0.770420 0.026448
0.768000 0.045540
0.758541 0.067608
0.758911 0.094444
0.746650 0.120207
0.734437 0.162274
0.739729 0.182544
0.730713 0.198763
0.736385 0.229277
0.721342 0.286264
0.756115 0.274080
0.734222 0.337650
0.738255 0.325217
0.827393 0.000255
0.803029 0.000478
0.784250 0.031490
0.777235 0.059452
0.770946 0.079756
0.764536 0.113037
0.760702 0.130464
0.749965 0.149492
0.756199 0.178023
0.722053 0.268999
0.741318 0.255231
0.740770 0.296786
0.780989 0.289494
0.752027 0.366760
0.767791 0.376540
0.843824 0.000171
0.798470 0.029106
0.791263 0.049380
0.787707 0.075596
0.777972 0.095996
0.782859 0.116622
0.773429 0.143015
0.762431 0.161754
0.748891 0.208124
0.754189 0.228352
0.757815 0.252103
0.779209 0.264659
0.756089 0.319344
0.786010 0.335412
0.852083 0.000574
0.835628 0.001064
0.811073 0.031280
0.804223 0.057621
0.804169 0.076599
0.794594 0.100202
0.789592 0.132895
0.781618 0.160507
0.776587 0.183406
0.765783 0.198260
0.771440 0.216854
0.774047 0.239562
0.791402 0.269215
0.781796 0.303765
0.769363 0.346114
0.868859 0.000448
0.826953 0.029937
0.819413 0.047573
0.821645 0.071008
0.810423 0.093060
0.813367 0.110374
0.804965 0.126327
0.798086 0.150741
0.793850 0.174818
0.787424 0.201595
0.793099 0.219765
0.791637 0.243602
0.807748 0.290272
0.803475 0.334240
0.877380 0.000248
0.860344 0.000378
0.840405 0.032738
0.832810 0.057759
0.838454 0.079547
0.829683 0.095383
0.827952 0.118765
0.818362 0.139257
0.815223 0.158407
0.810210 0.178085
0.804777 0.198688
0.811082 0.219170
0.813124 0.264850
0.796641 0.310231
0.782954 0.372452
0.886003 0.000083
0.858397 0.029748
0.849473 0.044843
0.852001 0.065681
0.853219 0.090364
0.845033 0.106719
0.845127 0.125916
0.837202 0.143469
0.831889 0.162653
0.828068 0.182869
0.826132 0.204977
0.809711 0.240560
0.826061 0.281673
0.811251 0.315084
0.894241 0.000392
0.903292 0.000850
0.873229 0.031482
0.866139 0.054475
0.869373 0.074820
0.870044 0.098171
0.866137 0.114709
0.861162 0.134822
0.856152 0.152027
0.848569 0.171628
0.843299 0.193447
0.832966 0.224633
0.824733 0.249744
0.832085 0.299156
0.790925 0.373453
0.912012 0.000401
0.890929 0.029684
0.883189 0.046368
0.886352 0.066495
0.884751 0.087635
0.887902 0.111216
0.881721 0.131731
0.878420 0.151440
0.870482 0.168716
0.861226 0.188504
0.849311 0.212577
0.853791 0.232415
0.844168 0.271804
0.833149 0.324005
0.920796 0.000195
0.909783 0.030469
0.902223 0.046439
0.907426 0.067315
0.904023 0.084122
0.903860 0.103496
0.901584 0.127895
0.898626 0.147706
0.893062 0.167326
0.882652 0.186136
0.875202 0.204141
0.869817 0.222383
0.844820 0.249702
0.851803 0.291569
0.798196 0.358238
0.929774 0.000863
0.921135 0.046290
0.927427 0.066177
0.923880 0.089348
0.919798 0.115585
0.920613 0.136403
0.918653 0.156690
0.913805 0.171685
0.900582 0.191404
0.896735 0.210350
0.893927 0.229409
0.875793 0.242792
0.862597 0.260817
0.817047 0.356340
0.938606 0.000764
0.929315 0.031080
0.939092 0.046418
0.939741 0.078437
0.933882 0.105541
0.939345 0.128872
0.938689 0.151978
0.934573 0.176857
0.922223 0.192573
0.917011 0.212496
0.914306 0.234195
0.894911 0.250723
0.885931 0.263703
0.848985 0.318676
0.870916 0.299391
0.947690 0.000464
0.950122 0.030660
0.955463 0.064890
0.956143 0.090968
0.958782 0.137093
0.954332 0.165151
0.954779 0.188733
0.938007 0.204685
0.933011 0.225072
0.930110 0.246488
0.916092 0.259403
0.922111 0.284959
0.870197 0.282275
0.886290 0.337693
0.956853 0.000694
0.974715 0.000512
0.961698 0.040817
0.969488 0.077719
0.955269 0.112284
0.963744 0.151063
0.966094 0.198731
0.958459 0.212285
0.954448 0.232462
0.949630 0.253966
0.950884 0.280095
0.918693 0.300618
0.894982 0.315456
0.890210 0.291713
0.825530 0.357293
0.965751 0.000584
0.969715 0.032646
0.968611 0.057921
0.967695 0.099747
0.966197 0.125000
0.966168 0.175809
0.969249 0.230060
0.967161 0.250548
0.968322 0.266266
0.933889 0.272167
0.956684 0.319180
0.905577 0.275596
0.878755 0.312884
0.858972 0.334321
0.984330 0.000370
0.999765 0.026233
0.998997 0.045917
0.999024 0.077824
0.999221 0.110347
0.999472 0.144201
0.999572 0.179045
0.999205 0.215057
0.973329 0.280981
0.976388 0.303202
0.953327 0.296774
0.935804 0.305332
0.921741 0.328599
0.995131 0.317028
0.854775 0.352343
0.997780 0.000617
0.999897 0.036070
0.999604 0.066843
0.999353 0.099295
0.999846 0.132770
0.998444 0.167096
0.998288 0.202699
0.999497 0.239989
0.999270 0.264262
0.998460 0.287581
0.972179 0.317646
0.931562 0.341570
0.841919 0.342877
0.911078 0.318919
0.999666 0.000168
0.999468 0.016140
0.999169 0.056389
0.999740 0.088446
0.999864 0.121420
0.999461 0.155437
0.999856 0.190857
0.998953 0.227165
0.998921 0.250681
0.999461 0.279398
0.992363 0.307536
0.890300 0.354791
0.935325 0.335673
0.865777 0.355535
0.896354 0.348996
