0.000699 0.015218
0.000922 0.044896
0.000056 0.075787
0.000869 0.119173
0.000056 0.153479
0.000290 0.188998
0.000898 0.213290
0.000771 0.236465
0.000927 0.264161
0.011467 0.312990
0.104733 0.314548
0.046918 0.332513
0.090753 0.319301
0.122489 0.339767
0.000210 0.000419
0.000406 0.025675
0.000783 0.055037
0.000145 0.097212
0.000251 0.130770
0.000059 0.177146
0.000691 0.201297
0.000234 0.225404
0.000418 0.250762
0.000463 0.278595
0.000968 0.283803
0.018048 0.315447
0.071452 0.311269
0.102235 0.325244
0.134520 0.354167
0.001596 0.001030
0.000832 0.034860
0.001010 0.065302
0.001159 0.086327
0.001212 0.108093
0.000659 0.142321
0.000171 0.165467
0.029130 0.217869
0.034118 0.237293
0.026282 0.250396
0.029483 0.285826
0.054466 0.311244
0.052030 0.325373
0.132683 0.349493
0.015073 0.000436
0.030435 0.029038
0.028309 0.043371
0.029263 0.077841
0.030119 0.100334
0.032464 0.138630
0.031688 0.167611
0.031234 0.194189
0.043835 0.221801
0.048846 0.253711
0.025473 0.272170
0.055441 0.289750
0.030812 0.307402
0.078502 0.295552
0.160755 0.358189
0.024620 0.000809
0.045249 0.041926
0.030669 0.060040
0.042792 0.089865
0.030027 0.120258
0.038106 0.153195
0.040880 0.177121
0.043775 0.200294
0.060331 0.237306
0.079616 0.250669
0.043924 0.270538
0.098186 0.269448
0.077358 0.277015
0.130126 0.318061
0.042457 0.000442
0.033485 0.000282
0.060308 0.055226
0.045946 0.070300
0.047212 0.109368
0.047807 0.128655
0.058478 0.147899
0.061222 0.171207
0.064295 0.193771
0.065160 0.213966
0.077640 0.232046
0.067795 0.266646
0.117221 0.282498
0.125514 0.300866
0.182528 0.357339
0.051729 0.000692
0.050046 0.027805
0.067682 0.071476
0.063708 0.091697
0.069476 0.113032
0.070721 0.130344
0.075548 0.153342
0.078327 0.176610
0.081647 0.199219
0.094342 0.214225
0.099516 0.235205
0.102701 0.250509
0.102026 0.285496
0.145817 0.319376
0.060588 0.000800
0.067232 0.031132
0.074346 0.044476
0.084674 0.067181
0.080329 0.088298
0.087471 0.106910
0.090071 0.127969
0.092443 0.151279
0.097316 0.173468
0.100946 0.193805
0.114615 0.217626
0.127468 0.242586
0.126768 0.259422
0.142039 0.282272
0.168052 0.357580
0.069481 0.000604
0.085830 0.028343
0.092477 0.044550
0.101951 0.068037
0.100627 0.087513
0.104818 0.111276
0.108582 0.132943
0.110906 0.153387
0.117286 0.175288
0.119786 0.198593
0.134981 0.226409
0.147031 0.256551
0.157832 0.278609
0.159045 0.315377
0.078418 0.000839
0.087041 0.000178
0.103885 0.031202
0.111203 0.052079
0.118854 0.072477
0.117646 0.094818
0.124323 0.115078
0.127563 0.136496
0.130208 0.157022
0.135979 0.182663
0.139352 0.205739
0.154685 0.236873
0.170162 0.262609
0.162756 0.301110
0.209138 0.357984
0.095913 0.000505
0.118783 0.029110
0.127124 0.044450
0.135437 0.065429
0.134466 0.085461
0.139623 0.104049
0.144557 0.123617
0.147335 0.144473
0.148597 0.168818
0.155686 0.189007
0.157316 0.214842
0.178391 0.244117
0.178803 0.280434
0.176300 0.329233
0.104540 0.000138
0.121692 0.000056
0.137132 0.029290
0.145665 0.047392
0.152970 0.068477
0.154270 0.088580
0.160817 0.106935
0.162220 0.129323
0.164158 0.153805
0.168786 0.175463
0.176092 0.201341
0.175767 0.222845
0.198348 0.261319
0.190711 0.304642
0.223109 0.364342
0.113275 0.000514
0.153524 0.029279
0.163304 0.046597
0.169290 0.064170
0.173190 0.085560
0.177468 0.103281
0.179973 0.124612
0.181148 0.144827
0.186199 0.165254
0.188268 0.188751
0.195582 0.215204
0.196790 0.242720
0.203483 0.290366
0.189297 0.331015
0.130429 0.000606
0.155742 0.000321
0.171194 0.028061
0.181372 0.045837
0.186579 0.067531
0.192356 0.085876
0.195404 0.107947
0.196476 0.132924
0.202653 0.158186
0.204865 0.179509
0.208422 0.204060
0.213666 0.228584
0.218072 0.267584
0.203842 0.313254
0.211493 0.337310
0.138884 0.000981
0.187935 0.029105
0.200117 0.048124
0.203341 0.065294
0.208580 0.091259
0.213764 0.113194
0.214762 0.131217
0.217813 0.147078
0.221559 0.171274
0.224840 0.194264
0.228914 0.217078
0.219042 0.251863
0.220247 0.302217
0.230830 0.322833
0.147260 0.000091
0.189354 0.000114
0.203289 0.028396
0.216338 0.042621
0.218165 0.075032
0.226825 0.098638
0.230922 0.121505
0.236430 0.152832
0.240313 0.172428
0.241896 0.195708
0.247966 0.221981
0.241175 0.241615
0.239020 0.294495
0.243882 0.318357
0.202627 0.366503
0.164256 0.000353
0.221829 0.026420
0.224937 0.058996
0.234941 0.080898
0.243402 0.102632
0.249838 0.125121
0.247655 0.143443
0.257227 0.173039
0.259564 0.196578
0.262076 0.224570
0.263585 0.244589
0.235489 0.268540
0.261233 0.340506
0.232635 0.356763
0.172642 0.000787
0.241139 0.027156
0.234551 0.041296
0.243221 0.063663
0.252413 0.083615
0.256979 0.109113
0.265526 0.143778
0.270000 0.160690
0.275094 0.186703
0.276344 0.210175
0.284388 0.238058
0.248802 0.265163
0.258356 0.297788
0.240274 0.342112
0.261384 0.364607
0.180988 0.000593
0.251578 0.043714
0.259663 0.065218
0.268791 0.081667
0.271692 0.103728
0.272987 0.125539
0.289261 0.163444
0.289312 0.185711
0.294913 0.217497
0.296559 0.240342
0.274462 0.265322
0.266023 0.281073
0.265912 0.312067
0.289122 0.380652
0.197728 0.000685
0.259041 0.028535
0.269423 0.047187
0.279456 0.064062
0.284457 0.090843
0.287176 0.118070
0.284520 0.142346
0.306826 0.179192
0.305202 0.202858
0.319189 0.265781
0.301458 0.262406
0.290383 0.324079
0.284249 0.302791
0.303549 0.339128
0.295565 0.378199
0.206071 0.000699
0.273948 0.029991
0.289546 0.049824
0.291875 0.078229
0.297902 0.105770
0.301642 0.131328
0.303610 0.153929
0.322536 0.194874
0.313197 0.227914
0.308374 0.287411
0.286398 0.272718
0.317922 0.320178
0.279803 0.330583
0.268387 0.372881
0.214432 0.001012
0.264308 0.001004
0.287916 0.030370
0.302448 0.064891
0.310294 0.093215
0.312755 0.121138
0.318098 0.143823
0.320613 0.170244
0.326786 0.214862
0.323831 0.244557
0.346128 0.309762
0.325412 0.301726
0.300722 0.301136
0.328471 0.377695
0.276362 0.356376
0.222835 0.000382
0.303110 0.029107
0.308110 0.046008
0.313156 0.078899
0.323075 0.105491
0.333822 0.136295
0.335706 0.162047
0.338123 0.184607
0.340155 0.235372
0.329354 0.284117
0.351702 0.327829
0.333004 0.329101
0.313976 0.341236
0.299426 0.361851
0.231206 0.000785
0.296946 0.000080
0.318598 0.032640
0.322085 0.064190
0.334375 0.091262
0.334191 0.120861
0.349249 0.148614
0.354029 0.179046
0.344499 0.209247
0.374122 0.254684
0.353932 0.260875
0.339866 0.265383
0.351910 0.350711
0.378221 0.353656
0.323104 0.373332
0.239546 0.000367
0.332561 0.030143
0.330525 0.050988
0.334683 0.076208
0.346177 0.109216
0.356234 0.128409
0.363427 0.163236
0.360888 0.201777
0.356083 0.230326
0.377245 0.306923
0.350548 0.289968
0.373688 0.341888
0.347599 0.368470
0.340003 0.354596
0.247853 0.000873
0.321261 0.001018
0.344935 0.044590
0.348785 0.071879
0.353557 0.092112
0.366947 0.116184
0.367111 0.140080
0.373465 0.185124
0.371582 0.230701
0.390295 0.251438
0.380958 0.275639
0.362207 0.278058
0.397928 0.360494
0.380157 0.401523
0.366174 0.373568
0.256079 0.001067
0.351941 0.030380
0.359320 0.058987
0.364545 0.081015
0.372938 0.100148
0.383646 0.133711
0.380515 0.163277
0.376194 0.209196
0.389347 0.230100
0.400712 0.268908
0.362411 0.311661
0.395620 0.340656
0.388430 0.421113
0.366442 0.387693
0.272493 0.000015
0.345433 0.000961
0.364899 0.040242
0.375999 0.068253
0.384602 0.086866
0.386717 0.118592
0.394969 0.150381
0.391314 0.196130
0.403270 0.221688
0.413383 0.240317
0.413780 0.289887
0.382689 0.326622
0.427460 0.362137
0.389702 0.382818
0.403964 0.375282
0.280656 0.000840
0.375229 0.030376
0.381373 0.049841
0.396121 0.100814
0.409121 0.115268
0.403958 0.131246
0.413661 0.177040
0.395585 0.177017
0.408787 0.197155
0.419227 0.220426
0.393825 0.291753
0.385107 0.412695
0.470732 0.491122
0.422826 0.438886
0.288812 0.000156
0.369551 0.000930
0.392707 0.070905
0.401379 0.052438
0.407802 0.087320
0.423049 0.136187
0.408549 0.157493
0.432612 0.172440
0.427830 0.193173
0.428882 0.248613
0.417380 0.264372
0.421373 0.307346
0.421771 0.330468
0.399934 0.306438
0.413913 0.422096
0.305067 0.000903
0.390685 0.034091
0.411117 0.067222
0.423495 0.076400
0.421763 0.102333
0.432162 0.122328
0.427348 0.154121
0.439009 0.203415
0.437580 0.223705
0.428862 0.282544
0.442669 0.306031
0.446727 0.375111
0.407583 0.426538
0.428215 0.391628
0.313198 0.000702
0.404729 0.031393
0.425133 0.052042
0.435215 0.093637
0.447290 0.112348
0.462424 0.159833
0.462224 0.184630
0.444554 0.148754
0.449243 0.174952
0.446614 0.291305
0.458172 0.313597
0.454202 0.333097
0.436422 0.334051
0.418323 0.377593
0.408996 0.328735
0.329339 0.000207
0.418546 0.034238
0.442934 0.050971
0.441397 0.069181
0.462196 0.100603
0.451679 0.129507
0.476487 0.175538
0.470431 0.210308
0.445239 0.242781
0.440771 0.265422
0.456968 0.274598
0.439645 0.352494
0.438789 0.464068
0.427552 0.401829
0.337415 0.000586
0.409355 0.001114
0.433467 0.032347
0.448211 0.031527
0.449009 0.084567
0.470202 0.117923
0.465990 0.141715
0.485651 0.196473
0.454787 0.205280
0.462031 0.249493
0.469778 0.298207
0.459978 0.380875
0.474488 0.379719
0.441695 0.411142
0.440109 0.459943
0.353432 0.000431
0.463981 0.029105
0.464899 0.062172
0.485001 0.131075
0.483643 0.151669
0.492083 0.214672
0.477921 0.230205
0.458051 0.228444
0.476831 0.355241
0.460771 0.354178
0.471289 0.330227
0.480459 0.406256
0.442501 0.544701
0.433922 0.440980
0.361502 0.000085
0.417243 0.000319
0.479985 0.000217
0.481805 0.031408
0.461739 0.045518
0.501452 0.135263
0.500119 0.186671
0.494485 0.167673
0.492742 0.303469
0.478760 0.247121
0.483137 0.437503
0.491118 0.376421
0.471749 0.428402
0.462385 0.405107
0.491867 0.493965
0.377511 0.000861
0.464388 0.000389
0.485080 0.048291
0.466493 0.078498
0.509197 0.213321
0.509542 0.231405
0.497174 0.243023
0.487570 0.285025
0.488407 0.341836
0.473851 0.474589
0.463251 0.465282
0.451992 0.551029
0.456633 0.451591
0.452354 0.418185
0.385486 0.000283
0.456533 0.000887
0.487798 0.000566
0.496007 0.031530
0.526329 0.102763
0.526130 0.292246
0.506405 0.275250
0.488351 0.266325
0.559214 0.780231
0.454665 0.575340
0.468368 0.604266
0.673742 0.653209
0.544481 0.622187
0.428201 0.583196
0.448816 0.531775
0.425106 0.000383
0.472210 0.000331
0.580031 0.049595
0.494084 0.086429
0.482044 0.069845
0.508725 0.298126
0.518094 0.314125
0.471959 0.275340
0.501078 0.388145
0.482573 0.316540
0.478193 0.516011
0.437785 0.561486
0.456975 0.500716
0.455414 0.513156
0.401429 0.000809
0.440803 0.000561
0.511033 0.000521
0.502433 0.053376
0.559342 0.790486
0.507449 0.154112
0.577797 0.603755
0.502824 0.328977
0.493922 0.440028
0.494738 0.413990
0.659001 0.671582
0.572965 0.598447
0.570064 0.591756
0.473148 0.603074
0.430955 0.581375
0.534173 0.000390
0.503303 0.000071
0.432958 0.000271
0.336437 0.505139
0.509871 0.096685
0.517409 0.193547
0.508080 0.429997
0.551039 0.790123
0.538015 0.633756
0.488931 0.636717
0.668743 0.670457
0.550945 0.606101
0.493981 0.622486
0.488194 0.567871
0.596362 0.000685
0.549722 0.000858
0.393502 0.000600
0.495573 0.000057
0.530585 0.028616
0.492834 0.109078
0.515314 0.170411
0.525362 0.267164
0.509355 0.404419
0.511210 0.529964
0.495646 0.473452
0.481828 0.548734
0.512594 0.548831
0.489127 0.586348
0.535555 0.576312
0.588658 0.000369
0.518727 0.000326
0.448667 0.000554
0.522112 0.040693
0.479983 0.098234
0.656557 0.652429
0.453715 0.585876
0.492582 0.519426
0.499528 0.585112
0.546751 0.782555
0.473315 0.551152
0.490678 0.634637
0.532877 0.625660
0.549865 0.521502
0.612065 0.000477
0.565403 0.000865
0.509200 0.032299
0.526435 0.000319
0.510307 0.116876
0.524011 0.078561
0.521301 0.134279
0.511163 0.256462
0.529571 0.242548
0.501087 0.359408
0.516590 0.371452
0.506446 0.508699
0.535258 0.572672
0.508326 0.576554
0.546250 0.388935
0.627832 0.000713
0.541938 0.000763
0.541935 0.038124
0.519247 0.063630
0.501282 0.070850
0.532030 0.150227
0.531910 0.213245
0.541163 0.229174
0.544272 0.260288
0.512110 0.342876
0.507609 0.476491
0.534990 0.484330
0.520089 0.554123
0.531280 0.532917
0.635731 0.000136
0.557558 0.000353
0.566975 0.030247
0.554232 0.051556
0.534421 0.058406
0.532784 0.169174
0.533472 0.192237
0.555121 0.216745
0.538409 0.284191
0.527717 0.355707
0.522791 0.392806
0.534879 0.415747
0.522095 0.513061
0.550004 0.361105
0.530709 0.462523
0.651491 0.000693
0.580485 0.032428
0.566652 0.061357
0.553019 0.028702
0.539053 0.085719
0.532298 0.120925
0.549310 0.142011
0.551163 0.166262
0.552026 0.242645
0.531899 0.319969
0.537415 0.373470
0.536054 0.334239
0.524990 0.423165
0.516056 0.464032
0.659405 0.000907
0.573169 0.000693
0.594096 0.031808
0.550405 0.098103
0.549728 0.071506
0.565667 0.083888
0.548462 0.121603
0.567691 0.134987
0.550312 0.192041
0.566340 0.253908
0.555525 0.283675
0.554514 0.336263
0.581189 0.380158
0.557744 0.416105
0.592281 0.424329
0.675242 0.001039
0.580910 0.000765
0.604187 0.000459
0.581241 0.072817
0.565416 0.107720
0.584081 0.149992
0.565415 0.156253
0.571673 0.220592
0.580275 0.236373
0.570111 0.271443
0.545861 0.304608
0.567233 0.361760
0.535110 0.477823
0.545775 0.519375
0.683194 0.000574
0.619966 0.000372
0.608989 0.027486
0.596708 0.064285
0.582401 0.097349
0.576019 0.121803
0.575094 0.176465
0.566388 0.192649
0.583392 0.201377
0.592924 0.223223
0.563227 0.311133
0.572697 0.291659
0.579338 0.314760
0.585685 0.334124
0.606455 0.411903
0.699042 0.000379
0.620456 0.040299
0.611589 0.071998
0.606155 0.048500
0.599313 0.086818
0.596916 0.108404
0.592573 0.132073
0.591907 0.171308
0.601734 0.257981
0.584998 0.255333
0.592384 0.304303
0.561894 0.381356
0.520352 0.445857
0.585292 0.418530
0.706975 0.000403
0.643589 0.000333
0.630456 0.028148
0.623630 0.062207
0.613443 0.101495
0.607779 0.126391
0.602508 0.156904
0.607624 0.180938
0.598796 0.198719
0.615011 0.273727
0.590784 0.278696
0.608522 0.317941
0.567085 0.332639
0.579332 0.355372
0.592681 0.377004
0.714925 0.000982
0.640655 0.043994
0.640080 0.063049
0.624955 0.087136
0.624345 0.115493
0.617400 0.144968
0.623090 0.168294
0.615376 0.200010
0.605043 0.232066
0.603995 0.291577
0.622766 0.355618
0.598398 0.343340
0.562501 0.400403
0.553699 0.432708
0.730862 0.000890
0.667286 0.000526
0.647000 0.030089
0.655429 0.056073
0.641867 0.081970
0.638389 0.104076
0.631543 0.135578
0.628886 0.185535
0.620857 0.219635
0.614798 0.247532
0.633025 0.282506
0.650120 0.270750
0.611809 0.361914
0.596681 0.397691
0.642619 0.386905
0.738848 0.001028
0.662674 0.030276
0.668238 0.045177
0.658133 0.078351
0.653744 0.097693
0.645820 0.128775
0.637339 0.157476
0.638361 0.207674
0.634075 0.230798
0.631578 0.259238
0.620397 0.304498
0.559253 0.433090
0.670807 0.338708
0.634452 0.396972
0.746766 0.000479
0.691144 0.000394
0.679832 0.028792
0.671982 0.065796
0.672106 0.090372
0.657604 0.120157
0.653944 0.152512
0.646207 0.176495
0.652382 0.196191
0.654127 0.222448
0.638986 0.304844
0.654462 0.313881
0.615778 0.331887
0.682492 0.388260
0.619141 0.396406
0.754766 0.000239
0.692876 0.034148
0.685406 0.051287
0.683814 0.077718
0.672404 0.110681
0.671043 0.132585
0.663534 0.175694
0.669935 0.209455
0.642631 0.246454
0.667522 0.267676
0.615757 0.378541
0.639474 0.351544
0.704492 0.368681
0.687001 0.368488
0.762825 0.000910
0.722883 0.000177
0.706536 0.029218
0.696389 0.066924
0.687575 0.095110
0.688485 0.120832
0.670177 0.153386
0.674204 0.193072
0.676449 0.233154
0.632307 0.326297
0.693746 0.250614
0.652263 0.292511
0.674362 0.320754
0.658546 0.387623
0.649074 0.356789
0.779020 0.000357
0.720107 0.029925
0.704476 0.050121
0.705638 0.080158
0.700958 0.107220
0.687179 0.141700
0.683495 0.169377
0.692576 0.196374
0.664925 0.243913
0.691423 0.267635
0.688371 0.319186
0.652140 0.335486
0.699552 0.334779
0.677342 0.349271
0.787120 0.000463
0.735184 0.027388
0.723755 0.047407
0.715412 0.064857
0.713350 0.093773
0.704976 0.127715
0.705912 0.147807
0.697299 0.163327
0.688632 0.220434
0.708243 0.206090
0.672115 0.281984
0.683608 0.288239
0.722649 0.321114
0.757656 0.343294
0.722395 0.376583
0.795152 0.000024
0.743418 0.040821
0.733952 0.064788
0.726802 0.081424
0.724407 0.107351
0.722541 0.122402
0.721653 0.150969
0.704385 0.183719
0.721354 0.239421
0.703271 0.292091
0.703467 0.304964
0.711706 0.341597
0.696527 0.382978
0.668094 0.377384
0.811316 0.000274
0.770946 0.000138
0.754117 0.027291
0.749097 0.054789
0.743747 0.081606
0.739977 0.101948
0.734366 0.138435
0.719634 0.178920
0.722767 0.216717
0.700318 0.232178
0.710294 0.254708
0.743086 0.281542
0.759581 0.304919
0.752216 0.381697
0.729060 0.376103
0.819494 0.000276
0.769596 0.026428
0.767365 0.045497
0.757049 0.067947
0.757688 0.094406
0.744728 0.120305
0.732767 0.163298
0.738167 0.183134
0.728789 0.199386
0.734419 0.230222
0.720546 0.288064
0.754405 0.275615
0.732986 0.339621
0.737327 0.327970
0.827527 0.000634
0.803167 0.000884
0.783168 0.031655
0.776101 0.060078
0.769196 0.080461
0.762720 0.113828
0.758990 0.130741
0.748307 0.149765
0.754277 0.178498
0.720191 0.270400
0.739482 0.256575
0.739595 0.298159
0.779375 0.291176
0.750884 0.369212
0.765726 0.379370
0.843948 0.000223
0.797298 0.028940
0.789970 0.049573
0.786348 0.075755
0.776397 0.096931
0.781653 0.116897
0.771423 0.143691
0.760408 0.161965
0.747136 0.208796
0.752504 0.229011
0.755699 0.253206
0.777900 0.265749
0.754650 0.320938
0.784860 0.337691
0.852392 0.000571
0.835859 0.000936
0.810248 0.031270
0.802713 0.057919
0.802999 0.077027
0.792906 0.100539
0.787870 0.133378
0.779877 0.160882
0.774576 0.184071
0.763872 0.199006
0.769696 0.217541
0.772224 0.240460
0.789716 0.270205
0.780055 0.305146
0.767345 0.347557
0.869092 0.000679
0.826048 0.029868
0.818068 0.047940
0.820273 0.071146
0.808931 0.093200
0.811887 0.110632
0.803549 0.126606
0.796197 0.151270
0.792090 0.175382
0.785381 0.202246
0.791590 0.220830
0.789618 0.244457
0.806489 0.291709
0.801412 0.336248
0.877566 0.001083
0.860537 0.000944
0.839395 0.032856
0.831385 0.058254
0.837260 0.080249
0.828354 0.095761
0.826651 0.119151
0.816768 0.139514
0.813695 0.158760
0.808827 0.178844
0.803497 0.199334
0.809543 0.219898
0.811844 0.265812
0.794837 0.311934
0.781581 0.375153
0.886129 0.000698
0.857577 0.030132
0.848071 0.045361
0.850661 0.065859
0.851879 0.090862
0.843817 0.107259
0.844087 0.126488
0.835943 0.143880
0.830551 0.163040
0.826723 0.183400
0.824941 0.205826
0.808122 0.241433
0.824683 0.282872
0.809191 0.316459
0.894565 0.000662
0.903526 0.000893
0.872311 0.031717
0.864832 0.055141
0.868096 0.075485
0.868773 0.098788
0.865037 0.115226
0.860029 0.135474
0.855028 0.152609
0.847499 0.172177
0.842018 0.194418
0.831712 0.225224
0.823032 0.250919
0.830650 0.300627
0.788930 0.375484
0.912273 0.000929
0.890011 0.030377
0.881742 0.046822
0.885071 0.067077
0.883643 0.088150
0.886620 0.111838
0.880716 0.132343
0.877451 0.152352
0.869419 0.169518
0.860260 0.189435
0.847814 0.213553
0.852627 0.233245
0.842834 0.272958
0.832144 0.325937
0.921018 0.000091
0.908826 0.031019
0.901062 0.046981
0.906024 0.067973
0.902805 0.084831
0.902696 0.104280
0.900405 0.128728
0.897608 0.148519
0.892325 0.168168
0.881637 0.187132
0.874238 0.204934
0.868566 0.223308
0.843552 0.250600
0.850440 0.292899
0.796818 0.360595
0.929949 0.000916
0.920144 0.046673
0.926085 0.067134
0.922734 0.090167
0.918678 0.116448
0.919604 0.137455
0.917676 0.157781
0.913048 0.172820
0.899762 0.192633
0.895925 0.211494
0.893169 0.230582
0.874757 0.243927
0.861347 0.261897
0.815486 0.359174
0.938858 0.000381
0.928257 0.032010
0.938110 0.047133
0.938340 0.079126
0.932504 0.106442
0.938246 0.129609
0.937869 0.152741
0.933608 0.177920
0.921443 0.193663
0.916428 0.213810
0.913766 0.235627
0.893634 0.252119
0.884984 0.264836
0.847186 0.320235
0.869504 0.300809
0.947854 0.000369
0.948830 0.031664
0.954813 0.065613
0.955531 0.091540
0.958196 0.137998
0.953811 0.166139
0.954366 0.189994
0.937128 0.206177
0.932148 0.226576
0.929427 0.247951
0.915462 0.260903
0.921548 0.286667
0.868666 0.283650
0.884735 0.339500
0.957015 0.000432
0.974812 0.000084
0.961253 0.041172
0.968240 0.078704
0.954445 0.112966
0.962176 0.151871
0.964731 0.199648
0.958112 0.213527
0.954065 0.233671
0.949055 0.255486
0.950357 0.281333
0.918097 0.302130
0.893220 0.317383
0.889024 0.293001
0.823147 0.359446
0.965890 0.000551
0.968610 0.033496
0.967358 0.058763
0.966369 0.100636
0.964611 0.125808
0.964689 0.176700
0.968344 0.231297
0.966775 0.251524
0.968355 0.267159
0.933109 0.273656
0.955869 0.320718
0.904903 0.276944
0.877212 0.314355
0.856839 0.336565
0.984377 0.000159
0.999948 0.026351
0.998856 0.046078
0.998910 0.077869
0.999236 0.110539
0.999421 0.144135
0.999497 0.178865
0.999130 0.214686
0.973228 0.281633
0.976844 0.303870
0.952608 0.298437
0.935451 0.306816
0.920740 0.330875
0.995502 0.315733
0.852677 0.355027
0.997840 0.000748
0.999562 0.036234
0.999899 0.067052
0.999443 0.099451
0.999954 0.132728
0.998199 0.166955
0.998034 0.202342
0.999461 0.239524
0.999301 0.263329
0.998606 0.287009
0.971739 0.318670
0.930819 0.341758
0.840428 0.345358
0.910052 0.321118
0.999438 0.000874
0.999449 0.016453
0.999178 0.056603
0.999537 0.088615
0.999137 0.121446
0.999507 0.155368
0.999867 0.190555
0.998825 0.226603
0.998880 0.250078
0.999509 0.279115
0.992257 0.307786
0.889262 0.357736
0.933323 0.337169
0.863731 0.358048
0.894080 0.351394
