0.000356 0.015359
0.000874 0.044977
0.000914 0.075871
0.000872 0.119220
0.000009 0.153533
0.000299 0.188910
0.000888 0.212950
0.000742 0.235995
0.000921 0.263858
0.011471 0.313205
0.105757 0.315362
0.047333 0.332607
0.091459 0.320162
0.123582 0.340673
0.000983 0.000234
0.000850 0.025827
0.000685 0.055149
0.000171 0.097281
0.000097 0.130941
0.000013 0.177131
0.000711 0.201040
0.000176 0.225201
0.000450 0.250357
0.000259 0.278512
0.001074 0.283720
0.018029 0.315155
0.072285 0.311990
0.103082 0.325783
0.135099 0.354992
0.001440 0.000808
0.000840 0.034916
0.000954 0.065458
0.001145 0.086471
0.001235 0.108221
0.000699 0.142365
0.000115 0.165480
0.029454 0.218261
0.034156 0.237669
0.026437 0.250538
0.029698 0.286102
0.054896 0.311974
0.052329 0.325960
0.133863 0.350218
0.015078 0.000424
0.030718 0.029576
0.028625 0.043670
0.029668 0.078257
0.030529 0.100788
0.033030 0.138996
0.032250 0.168001
0.031628 0.194627
0.043993 0.222411
0.049070 0.254201
0.025385 0.272413
0.055980 0.290225
0.031145 0.307899
0.078903 0.296121
0.161873 0.359231
0.024620 0.000627
0.045622 0.042232
0.030912 0.060444
0.043124 0.090340
0.030281 0.120665
0.038281 0.153628
0.040992 0.177550
0.043840 0.200861
0.060631 0.237947
0.080013 0.251394
0.044299 0.271266
0.098692 0.270129
0.077622 0.277650
0.131351 0.319203
0.042359 0.000142
0.033461 0.000016
0.060881 0.055690
0.046140 0.070462
0.047470 0.109804
0.047947 0.129210
0.058832 0.148382
0.061520 0.171691
0.064605 0.194315
0.065457 0.214452
0.077867 0.232707
0.068128 0.267362
0.117682 0.283293
0.126093 0.301543
0.183390 0.358399
0.051648 0.000405
0.050367 0.028215
0.068088 0.072071
0.064065 0.092135
0.069838 0.113506
0.071085 0.130821
0.075825 0.153810
0.078557 0.177119
0.081883 0.199799
0.094728 0.214758
0.099899 0.235868
0.103122 0.251039
0.102649 0.285838
0.146706 0.319941
0.060494 0.000439
0.067479 0.031305
0.074698 0.044674
0.085092 0.067530
0.080808 0.088716
0.087851 0.107365
0.090438 0.128336
0.092811 0.151689
0.097702 0.173947
0.101228 0.194358
0.115090 0.218108
0.128103 0.243319
0.127490 0.259961
0.142995 0.282894
0.168504 0.358918
0.069393 0.000203
0.086238 0.028618
0.092900 0.044668
0.102440 0.068296
0.101119 0.087892
0.105262 0.111627
0.108993 0.133222
0.111401 0.153746
0.117685 0.175667
0.120166 0.199057
0.135596 0.227021
0.147618 0.257309
0.158654 0.279305
0.159851 0.316256
0.078365 0.000875
0.086974 0.000459
0.104365 0.031388
0.111586 0.052322
0.119418 0.072788
0.118160 0.095210
0.124870 0.115415
0.128062 0.136876
0.130660 0.157344
0.136610 0.183134
0.139919 0.206258
0.155397 0.237485
0.171017 0.263308
0.163406 0.301980
0.210321 0.359274
0.095806 0.000246
0.119177 0.029200
0.127518 0.044536
0.136004 0.065543
0.135033 0.085663
0.140171 0.104389
0.145122 0.123848
0.147988 0.144777
0.149224 0.169169
0.156355 0.189420
0.158006 0.215366
0.179284 0.244703
0.179426 0.281027
0.177446 0.330305
0.104492 0.000235
0.121667 0.000084
0.137600 0.029393
0.146151 0.047630
0.153552 0.068616
0.154914 0.088866
0.161458 0.107309
0.162916 0.129551
0.164865 0.154086
0.169509 0.175832
0.176887 0.201737
0.176506 0.223223
0.199344 0.261838
0.191863 0.305449
0.224103 0.365077
0.113225 0.000471
0.154070 0.029307
0.163858 0.046663
0.169834 0.064316
0.173878 0.085695
0.178174 0.103642
0.180667 0.124784
0.181827 0.145221
0.186967 0.165598
0.189122 0.189069
0.196575 0.215614
0.197543 0.243362
0.204388 0.291392
0.189930 0.331832
0.130351 0.000438
0.155693 0.000156
0.171622 0.028235
0.182023 0.045997
0.187284 0.067688
0.193004 0.086107
0.196154 0.108162
0.197254 0.133133
0.203475 0.158435
0.205759 0.179749
0.209337 0.204528
0.214570 0.228901
0.218969 0.268123
0.204676 0.314073
0.212536 0.338231
0.138834 0.000828
0.188296 0.029095
0.200756 0.048127
0.204046 0.065588
0.209193 0.091639
0.214636 0.113570
0.215623 0.131679
0.218686 0.147293
0.222521 0.171572
0.225727 0.194560
0.229892 0.217422
0.219825 0.252484
0.221189 0.303176
0.232043 0.323670
0.147223 0.000449
0.189328 0.000443
0.203762 0.028583
0.217019 0.042743
0.218848 0.075400
0.227605 0.099106
0.231839 0.121783
0.237312 0.153262
0.241197 0.172831
0.242905 0.195987
0.248929 0.222507
0.242271 0.242100
0.239993 0.295477
0.244692 0.319398
0.203406 0.367301
0.164218 0.000232
0.222311 0.026647
0.225541 0.059358
0.235622 0.081231
0.244208 0.103254
0.250813 0.125623
0.248343 0.143852
0.258155 0.173422
0.260569 0.196983
0.262962 0.225066
0.264510 0.245070
0.236393 0.269144
0.262176 0.341676
0.233429 0.357816
0.172582 0.000618
0.241738 0.027313
0.235177 0.041531
0.243872 0.064112
0.253255 0.084007
0.257756 0.109678
0.266518 0.144412
0.270895 0.161109
0.276014 0.187092
0.277191 0.210415
0.285394 0.238605
0.249596 0.265905
0.259305 0.298619
0.241115 0.343233
0.262694 0.365687
0.180950 0.000207
0.252185 0.043903
0.260208 0.065737
0.269597 0.082080
0.272519 0.104150
0.273662 0.125797
0.290181 0.164049
0.290228 0.186193
0.295882 0.217977
0.297394 0.240970
0.275389 0.266133
0.266918 0.281923
0.266607 0.313064
0.290127 0.382303
0.197700 0.000506
0.259620 0.028726
0.270163 0.047220
0.280207 0.064362
0.285403 0.091362
0.287927 0.118828
0.285203 0.142869
0.307742 0.179681
0.306075 0.203260
0.320004 0.266576
0.302347 0.263018
0.290967 0.325121
0.285042 0.303698
0.304394 0.340381
0.296354 0.379722
0.206051 0.000456
0.274450 0.030007
0.290165 0.049638
0.292526 0.078682
0.298701 0.106284
0.302345 0.131910
0.304384 0.154329
0.323393 0.195276
0.314074 0.228485
0.309202 0.288430
0.287308 0.273446
0.318682 0.321194
0.280465 0.331642
0.269177 0.373874
0.214415 0.001060
0.264307 0.000842
0.288459 0.030508
0.302991 0.065001
0.310960 0.093793
0.313588 0.121692
0.318738 0.144254
0.321402 0.170668
0.327571 0.215238
0.324534 0.245092
0.346865 0.310701
0.326152 0.302527
0.301714 0.302026
0.329134 0.378782
0.277156 0.357522
0.222808 0.000982
0.303493 0.029155
0.308767 0.045834
0.313866 0.079409
0.323901 0.106105
0.334575 0.136876
0.336294 0.162507
0.338748 0.184941
0.340760 0.236007
0.330035 0.285075
0.352502 0.328906
0.333713 0.330273
0.314612 0.342431
0.300123 0.362938
0.231191 0.000756
0.296949 0.000153
0.319207 0.032520
0.322666 0.064268
0.335245 0.091762
0.334592 0.121052
0.349962 0.148966
0.354630 0.179405
0.345043 0.209864
0.374791 0.255398
0.354649 0.261705
0.340705 0.266023
0.352936 0.351910
0.378918 0.354964
0.323906 0.374775
0.239529 0.000710
0.333220 0.030270
0.331073 0.050960
0.335286 0.076458
0.346806 0.109581
0.356881 0.128634
0.363826 0.163543
0.361361 0.202350
0.356689 0.230884
0.378003 0.307747
0.351145 0.290870
0.374339 0.342888
0.348237 0.370115
0.340491 0.355884
0.247832 0.000607
0.321275 0.000959
0.345566 0.044717
0.349275 0.072139
0.354135 0.092470
0.367700 0.116441
0.367649 0.140497
0.374080 0.185517
0.372113 0.231369
0.390678 0.252026
0.381478 0.276400
0.362825 0.278860
0.398716 0.361577
0.380789 0.402917
0.366850 0.374820
0.256071 0.000884
0.352232 0.030646
0.359906 0.059328
0.365294 0.081320
0.373425 0.100223
0.384111 0.133995
0.380956 0.163438
0.376518 0.209733
0.389761 0.230687
0.400990 0.269845
0.362822 0.312623
0.396367 0.341849
0.388873 0.422829
0.367201 0.388805
0.272492 0.000768
0.345440 0.001015
0.365429 0.040228
0.376746 0.068477
0.385306 0.087180
0.387091 0.118569
0.395304 0.150383
0.391685 0.196434
0.403530 0.222135
0.413710 0.240937
0.414043 0.290807
0.383235 0.327657
0.427918 0.363451
0.390496 0.384149
0.404544 0.376940
0.280657 0.000601
0.375641 0.030591
0.381846 0.050065
0.396694 0.101094
0.409532 0.115473
0.404354 0.131529
0.414093 0.177375
0.395888 0.177483
0.409286 0.197501
0.419345 0.220753
0.394366 0.292694
0.385624 0.413988
0.471118 0.493376
0.423026 0.440657
0.288815 0.000484
0.369513 0.000803
0.393111 0.071292
0.401993 0.052645
0.408300 0.087625
0.423461 0.136535
0.408930 0.157614
0.432854 0.172671
0.428094 0.193524
0.429035 0.249290
0.417804 0.265036
0.421803 0.308287
0.422067 0.331648
0.400226 0.307384
0.414432 0.423774
0.305071 0.000930
0.391096 0.034379
0.411677 0.067602
0.423893 0.076738
0.421958 0.102397
0.432369 0.122387
0.427614 0.154086
0.439284 0.203664
0.437921 0.224006
0.429098 0.283396
0.442758 0.307121
0.447268 0.376626
0.407808 0.428007
0.428620 0.393025
0.313206 0.000287
0.405020 0.031532
0.425477 0.052470
0.435507 0.093771
0.447452 0.112334
0.462626 0.159803
0.462325 0.184785
0.444811 0.148734
0.449520 0.175210
0.446968 0.292201
0.458425 0.314627
0.454549 0.334119
0.436652 0.335100
0.418896 0.378900
0.409389 0.329695
0.329342 0.001062
0.418862 0.034456
0.443198 0.051027
0.441731 0.069389
0.462181 0.100769
0.451868 0.129516
0.476622 0.175738
0.470421 0.210686
0.445452 0.243507
0.440823 0.266089
0.456865 0.275399
0.439896 0.354239
0.438724 0.466018
0.427913 0.403527
0.337422 0.000575
0.409322 0.001042
0.433983 0.032486
0.448703 0.031604
0.449188 0.084787
0.470043 0.118104
0.466081 0.141727
0.485775 0.196737
0.454796 0.205648
0.462313 0.250193
0.469976 0.299120
0.460250 0.382575
0.474437 0.381497
0.442015 0.413223
0.440080 0.462122
0.353433 0.000180
0.464510 0.029207
0.465031 0.061974
0.485157 0.130894
0.483516 0.151700
0.492417 0.215169
0.477978 0.230809
0.458085 0.228938
0.476956 0.356765
0.460988 0.355877
0.471452 0.331684
0.480432 0.408059
0.442235 0.546595
0.433889 0.442668
0.361494 0.000849
0.417217 0.000042
0.479980 0.000115
0.482163 0.031146
0.461768 0.045551
0.501364 0.134892
0.499967 0.187079
0.494463 0.167807
0.492618 0.304414
0.478826 0.247859
0.482947 0.439502
0.491253 0.378054
0.471633 0.430317
0.462793 0.407011
0.492044 0.496513
0.377485 0.000741
0.464374 0.000406
0.485350 0.048362
0.466625 0.078361
0.509508 0.213812
0.509533 0.231843
0.497301 0.243372
0.487862 0.286094
0.488343 0.343448
0.473736 0.476967
0.463207 0.467493
0.451529 0.552890
0.456787 0.453286
0.452700 0.419721
0.385449 0.000713
0.456512 0.000694
0.487770 0.000245
0.496443 0.031319
0.526520 0.102371
0.526046 0.293400
0.506371 0.276225
0.488370 0.267093
0.559524 0.781833
0.454379 0.577833
0.468292 0.606324
0.675188 0.654826
0.544688 0.624028
0.428028 0.585355
0.448981 0.533836
0.425079 0.000064
0.472202 0.000580
0.580016 0.049459
0.494207 0.086284
0.482289 0.069840
0.508876 0.299113
0.518035 0.315347
0.472006 0.276319
0.501082 0.390007
0.482445 0.317746
0.478046 0.518202
0.437509 0.563556
0.456831 0.503068
0.455591 0.515411
0.401412 0.000862
0.440763 0.000320
0.511021 0.000268
0.502720 0.053238
0.559803 0.793161
0.507616 0.153993
0.578116 0.605713
0.502817 0.330237
0.493674 0.442019
0.494636 0.416019
0.660449 0.674018
0.573144 0.599953
0.570540 0.593837
0.472950 0.605404
0.430444 0.583459
0.534164 0.000335
0.503299 0.000209
0.432936 0.000224
0.335444 0.504669
0.509741 0.096574
0.517584 0.193828
0.507759 0.431917
0.552136 0.793096
0.538280 0.635479
0.489317 0.638026
0.670477 0.672723
0.550938 0.608401
0.493674 0.624986
0.487966 0.570065
0.596374 0.000306
0.549720 0.000631
0.393468 0.000446
0.495573 0.001001
0.530538 0.028317
0.492851 0.109121
0.515261 0.170591
0.525471 0.267996
0.509332 0.406453
0.511102 0.532290
0.495662 0.475785
0.481548 0.550909
0.512435 0.551272
0.488977 0.588595
0.535639 0.578776
0.588657 0.000333
0.518715 0.000002
0.448652 0.000544
0.522085 0.040481
0.479982 0.098343
0.657664 0.652927
0.453325 0.588293
0.492384 0.521666
0.499558 0.587298
0.546839 0.784719
0.473432 0.553227
0.490452 0.637087
0.533942 0.626715
0.549141 0.523498
0.612078 0.000459
0.565394 0.000586
0.509554 0.032014
0.526423 0.000082
0.510271 0.116745
0.523847 0.078345
0.521415 0.134411
0.511339 0.256950
0.529684 0.243389
0.500824 0.360906
0.516250 0.373099
0.506293 0.511091
0.535315 0.575119
0.508231 0.578895
0.545968 0.390537
0.627848 0.000368
0.541930 0.000711
0.541821 0.037987
0.519336 0.063440
0.501422 0.070622
0.532187 0.150524
0.532091 0.213799
0.541211 0.229763
0.544500 0.261109
0.511958 0.344460
0.507450 0.479137
0.534995 0.485986
0.519852 0.556810
0.531227 0.535040
0.635739 0.001089
0.557542 0.000941
0.567062 0.030149
0.554388 0.051671
0.534471 0.058407
0.532890 0.169069
0.533470 0.192617
0.555256 0.216938
0.538507 0.285158
0.527459 0.357078
0.522898 0.394602
0.534672 0.417561
0.521848 0.515328
0.549661 0.362392
0.530403 0.464825
0.651508 0.000604
0.580189 0.032554
0.566623 0.061183
0.552751 0.028599
0.539200 0.085607
0.532253 0.120993
0.549413 0.142124
0.551410 0.166227
0.552062 0.242925
0.532044 0.321115
0.537197 0.375336
0.535672 0.335605
0.524549 0.425257
0.515693 0.466590
0.659427 0.000915
0.573159 0.000255
0.593820 0.031881
0.550482 0.098237
0.549774 0.071670
0.565585 0.083882
0.548495 0.121677
0.567917 0.135041
0.550196 0.192287
0.566347 0.254694
0.555344 0.284652
0.554325 0.337595
0.580568 0.381740
0.557659 0.417923
0.592042 0.425897
0.675246 0.001041
0.580909 0.000764
0.604196 0.000056
0.581197 0.072848
0.565588 0.107506
0.584259 0.150005
0.565633 0.156128
0.571787 0.221040
0.580260 0.236910
0.570098 0.272143
0.545744 0.305767
0.567102 0.363105
0.534957 0.480232
0.545900 0.521660
0.683178 0.000177
0.619974 0.000113
0.608805 0.027626
0.596575 0.064501
0.582400 0.097126
0.576185 0.121675
0.574980 0.176600
0.566369 0.192755
0.583333 0.201634
0.592803 0.223506
0.562800 0.312135
0.572659 0.292639
0.579085 0.316050
0.585227 0.335438
0.605896 0.413105
0.699016 0.000544
0.620247 0.040597
0.611357 0.072248
0.605893 0.048679
0.599192 0.087061
0.596869 0.108589
0.592537 0.131926
0.591689 0.171420
0.601566 0.259025
0.584977 0.256146
0.592102 0.305210
0.561725 0.382874
0.520043 0.447740
0.584291 0.419987
0.706951 0.000643
0.643603 0.000222
0.630369 0.028474
0.623313 0.062472
0.613237 0.101572
0.607608 0.126493
0.602413 0.156992
0.607435 0.181204
0.598714 0.198858
0.614931 0.274686
0.590544 0.279340
0.608303 0.319006
0.566892 0.333954
0.579036 0.356623
0.592259 0.378284
0.714905 0.000861
0.640354 0.044310
0.639681 0.063686
0.624686 0.087182
0.624166 0.115613
0.617217 0.144934
0.622832 0.168075
0.615443 0.200336
0.605060 0.232608
0.603644 0.292449
0.621942 0.357096
0.598087 0.345039
0.561942 0.401862
0.553337 0.434596
0.730847 0.000589
0.667329 0.000015
0.646395 0.030290
0.654939 0.056280
0.641198 0.082001
0.637924 0.103991
0.631127 0.135472
0.628760 0.185801
0.620683 0.220078
0.614738 0.248080
0.632806 0.283342
0.649891 0.271703
0.611315 0.363303
0.596542 0.399316
0.641671 0.388730
0.738840 0.000912
0.662047 0.030484
0.667652 0.045284
0.657653 0.078371
0.653273 0.097706
0.645378 0.128783
0.636997 0.157198
0.638205 0.208055
0.634016 0.231346
0.631304 0.260071
0.619791 0.305591
0.558545 0.434924
0.670377 0.339919
0.633740 0.397947
0.746768 0.000430
0.691119 0.000194
0.679343 0.028980
0.671405 0.066094
0.671509 0.090486
0.657157 0.120085
0.653616 0.152417
0.645903 0.176833
0.652035 0.196550
0.653878 0.222841
0.638579 0.306071
0.653658 0.314850
0.615406 0.333134
0.681740 0.389650
0.618407 0.397709
0.754779 0.000059
0.692432 0.034134
0.684745 0.051624
0.683130 0.078034
0.671833 0.110888
0.670454 0.132831
0.663162 0.175991
0.669544 0.209950
0.642157 0.247104
0.666959 0.268577
0.615141 0.380110
0.639021 0.352721
0.703732 0.369969
0.686124 0.369369
0.762843 0.000781
0.722873 0.000648
0.706200 0.029105
0.695738 0.067171
0.687022 0.095563
0.688054 0.121041
0.669681 0.153535
0.673734 0.193404
0.675972 0.233525
0.631549 0.327370
0.693265 0.251281
0.651815 0.293339
0.673885 0.321804
0.658171 0.388828
0.648636 0.358041
0.779056 0.000290
0.719753 0.030008
0.704011 0.050152
0.704882 0.080486
0.700414 0.107655
0.686480 0.142053
0.683072 0.169655
0.692090 0.196793
0.664557 0.244378
0.690695 0.268343
0.687885 0.320239
0.651506 0.336505
0.698566 0.335838
0.676536 0.350187
0.787167 0.000286
0.734914 0.027352
0.723350 0.047378
0.714614 0.065155
0.712548 0.094034
0.704284 0.127985
0.705291 0.148040
0.696611 0.163603
0.688023 0.220929
0.707753 0.206566
0.671545 0.282777
0.682821 0.289106
0.721705 0.322016
0.757275 0.344243
0.721476 0.377549
0.795176 0.000161
0.742822 0.041230
0.733285 0.065335
0.725872 0.081938
0.723678 0.107786
0.721804 0.122810
0.720980 0.151238
0.703573 0.183947
0.720458 0.239988
0.702484 0.293252
0.702637 0.306112
0.711121 0.342913
0.695692 0.384352
0.667192 0.378810
0.811395 0.000022
0.770967 0.000733
0.753454 0.027296
0.748297 0.054894
0.743027 0.081978
0.739234 0.102047
0.733601 0.138593
0.718952 0.179112
0.721943 0.217147
0.699384 0.232500
0.709660 0.255227
0.742435 0.282390
0.758837 0.305812
0.751526 0.382863
0.728408 0.377413
0.819580 0.000391
0.769201 0.026530
0.767053 0.045417
0.756357 0.068116
0.757066 0.094432
0.743762 0.120377
0.731935 0.163808
0.737400 0.183425
0.727849 0.199671
0.733491 0.230677
0.720152 0.288902
0.753567 0.276309
0.732332 0.340555
0.736858 0.329265
0.827627 0.000407
0.803224 0.000900
0.782657 0.031780
0.775572 0.060385
0.768367 0.080801
0.761851 0.114216
0.758164 0.130903
0.747485 0.149889
0.753335 0.178745
0.719277 0.271052
0.738604 0.257199
0.739022 0.298792
0.778590 0.291967
0.750302 0.370393
0.764644 0.380718
0.844025 0.000102
0.796752 0.028901
0.789350 0.049624
0.785727 0.075831
0.775663 0.097417
0.781074 0.117044
0.770452 0.144009
0.759419 0.162080
0.746291 0.209111
0.751701 0.229317
0.754660 0.253704
0.777281 0.266237
0.753956 0.321657
0.784333 0.338772
0.852471 0.000559
0.836011 0.000711
0.809905 0.031290
0.802018 0.058081
0.802447 0.077228
0.792089 0.100717
0.787017 0.133617
0.779032 0.161074
0.773590 0.184388
0.762916 0.199372
0.768823 0.217877
0.771324 0.240878
0.788875 0.270636
0.779198 0.305770
0.766357 0.348190
0.869179 0.000685
0.825633 0.029845
0.817427 0.048085
0.819624 0.071229
0.808228 0.093240
0.811156 0.110766
0.802853 0.126748
0.795276 0.151518
0.791225 0.175660
0.784381 0.202553
0.790844 0.221343
0.788617 0.244848
0.805891 0.292368
0.800341 0.337182
0.877679 0.001047
0.860621 0.000934
0.838955 0.032873
0.830746 0.058497
0.836702 0.080565
0.827717 0.095923
0.826033 0.119360
0.815998 0.139630
0.812933 0.158918
0.808134 0.179223
0.802870 0.199641
0.808789 0.220239
0.811224 0.266240
0.793982 0.312744
0.780880 0.376444
0.886229 0.000492
0.857209 0.030332
0.847430 0.045596
0.850026 0.065970
0.851263 0.091067
0.843253 0.107516
0.843598 0.126769
0.835337 0.144070
0.829924 0.163214
0.826061 0.183663
0.824344 0.206240
0.807345 0.241850
0.823992 0.283432
0.808151 0.317091
0.894686 0.000625
0.903686 0.000774
0.871903 0.031841
0.864249 0.055465
0.867508 0.075800
0.868194 0.099069
0.864535 0.115486
0.859513 0.135780
0.854492 0.152893
0.847000 0.172430
0.841399 0.194885
0.831094 0.225491
0.822181 0.251472
0.829922 0.301277
0.787988 0.376414
0.912361 0.000964
0.889605 0.030743
0.881077 0.047034
0.884497 0.067362
0.883152 0.088373
0.886026 0.112134
0.880252 0.132617
0.876995 0.152776
0.868907 0.169895
0.859802 0.189869
0.847076 0.214025
0.852042 0.233632
0.842157 0.273480
0.831662 0.326808
0.921104 0.000604
0.908385 0.031296
0.900507 0.047252
0.905366 0.068301
0.902250 0.085151
0.902163 0.104641
0.899848 0.129105
0.897122 0.148882
0.891968 0.168554
0.881142 0.187597
0.873766 0.205301
0.867942 0.223736
0.842918 0.251014
0.849727 0.293489
0.796153 0.361647
0.930071 0.000855
0.919671 0.046864
0.925439 0.067626
0.922189 0.090537
0.918145 0.116836
0.919115 0.137927
0.917202 0.158274
0.912678 0.173348
0.899355 0.193205
0.895516 0.212024
0.892781 0.231115
0.874232 0.244448
0.860698 0.262377
0.814737 0.360490
0.939019 0.000028
0.927769 0.032451
0.937662 0.047484
0.937636 0.079447
0.931815 0.106844
0.937684 0.129931
0.937448 0.153071
0.933109 0.178401
0.921051 0.194155
0.916127 0.214415
0.913487 0.236282
0.892977 0.252765
0.884501 0.265335
0.846226 0.320967
0.868802 0.301446
0.947972 0.000160
0.948207 0.032160
0.954491 0.065972
0.955228 0.091778
0.957911 0.138400
0.953554 0.166578
0.954158 0.190567
0.936675 0.206868
0.931701 0.227269
0.929064 0.248615
0.915130 0.261587
0.921242 0.287453
0.867893 0.284272
0.883959 0.340409
0.957125 0.000165
0.974845 0.001101
0.961068 0.041326
0.967583 0.079153
0.954037 0.113262
0.961391 0.152227
0.964049 0.200060
0.957940 0.214087
0.953881 0.234205
0.948757 0.256177
0.950088 0.281906
0.917790 0.302806
0.892301 0.318266
0.888404 0.293588
0.821885 0.360412
0.965935 0.000579
0.968052 0.033908
0.966733 0.059168
0.965696 0.101028
0.963812 0.126151
0.963943 0.177087
0.967866 0.231844
0.966576 0.251931
0.968359 0.267536
0.932717 0.274328
0.955507 0.321325
0.904538 0.277550
0.876457 0.315016
0.855771 0.337624
0.984411 0.000629
0.999177 0.026399
0.998808 0.046187
0.998857 0.077893
0.999248 0.110636
0.999397 0.144094
0.999459 0.178753
0.999085 0.214448
0.973151 0.281875
0.976986 0.304185
0.952231 0.299249
0.935317 0.307490
0.920195 0.331943
0.995613 0.315003
0.851690 0.356303
0.997849 0.000596
0.999572 0.036311
0.999723 0.067128
0.999508 0.099535
0.999199 0.132710
0.998059 0.166873
0.997895 0.202133
0.999446 0.239237
0.999307 0.262817
0.998702 0.286681
0.971437 0.319125
0.930461 0.341871
0.839663 0.346512
0.909465 0.322106
0.999974 0.000640
0.999411 0.016563
0.999224 0.056739
0.999506 0.088647
0.999093 0.121458
0.999535 0.155327
0.999873 0.190379
0.998752 0.226257
0.998859 0.249760
0.999560 0.278878
0.992287 0.307951
0.888724 0.359002
0.932458 0.337861
0.862701 0.359154
0.892842 0.352567
