0.000916 0.015605
0.000507 0.045180
0.000789 0.076014
0.000812 0.119375
0.000943 0.153570
0.000305 0.188644
0.000859 0.212183
0.000674 0.235088
0.000879 0.263042
0.011815 0.313498
0.107838 0.316808
0.048260 0.332364
0.092878 0.321721
0.125829 0.342304
0.000277 0.000993
0.000761 0.025958
0.000206 0.055448
0.000029 0.097469
0.000751 0.131108
0.000813 0.177077
0.000744 0.200410
0.000017 0.224755
0.000523 0.249445
0.000273 0.278341
0.001313 0.283664
0.017893 0.314398
0.073948 0.313267
0.104762 0.326763
0.136276 0.356505
0.000874 0.000375
0.000550 0.035116
0.000653 0.065839
0.001025 0.086830
0.001242 0.108518
0.000753 0.142439
0.000250 0.165465
0.030094 0.218893
0.034230 0.238334
0.026760 0.250713
0.030177 0.286611
0.055735 0.313302
0.052809 0.327184
0.136184 0.351508
0.015089 0.000111
0.031308 0.030591
0.029253 0.044227
0.030490 0.079063
0.031340 0.101666
0.034137 0.139638
0.033378 0.168670
0.032427 0.195369
0.044358 0.223498
0.049548 0.255077
0.025295 0.272798
0.057066 0.291061
0.031722 0.308819
0.079692 0.297164
0.164305 0.361127
0.024622 0.000396
0.046340 0.042857
0.031428 0.061281
0.043762 0.091237
0.030817 0.121411
0.038623 0.154405
0.041222 0.178299
0.043981 0.201845
0.061297 0.239109
0.080842 0.252676
0.045076 0.272628
0.099786 0.271386
0.078177 0.278848
0.133821 0.321272
0.042252 0.000525
0.033436 0.000097
0.061983 0.056660
0.046524 0.070773
0.047981 0.110629
0.048230 0.130264
0.059565 0.149292
0.062152 0.172556
0.065273 0.195295
0.066114 0.215317
0.078360 0.233905
0.068789 0.268673
0.118651 0.284766
0.127314 0.302731
0.185055 0.360301
0.051477 0.000512
0.050975 0.029006
0.068869 0.073250
0.064762 0.092994
0.070552 0.114404
0.071831 0.131726
0.076402 0.154672
0.079039 0.178032
0.082383 0.200871
0.095542 0.215731
0.100700 0.237087
0.104008 0.251958
0.104006 0.286378
0.148511 0.320876
0.060349 0.000557
0.067943 0.031586
0.075398 0.045094
0.085897 0.068201
0.081752 0.089516
0.088574 0.108241
0.091150 0.129058
0.093548 0.152451
0.098494 0.174813
0.101834 0.195375
0.116064 0.218962
0.129443 0.244703
0.129016 0.260883
0.144989 0.283980
0.169454 0.361413
0.069287 0.000426
0.087016 0.029181
0.093734 0.044936
0.103335 0.068816
0.102057 0.088635
0.106144 0.112313
0.109802 0.133763
0.112381 0.154425
0.118490 0.176349
0.120951 0.199922
0.136862 0.228165
0.148793 0.258707
0.160309 0.280562
0.161480 0.317796
0.078165 0.000630
0.086851 0.000328
0.105264 0.031740
0.112306 0.052815
0.120515 0.073410
0.119153 0.095984
0.125929 0.116088
0.129050 0.137618
0.131560 0.157947
0.137866 0.184005
0.141075 0.207238
0.156809 0.238590
0.172731 0.264662
0.164700 0.303587
0.212562 0.361691
0.095653 0.000629
0.119934 0.029414
0.128270 0.044692
0.137085 0.065775
0.136160 0.086055
0.141245 0.105057
0.146225 0.124320
0.149279 0.145373
0.150469 0.169815
0.157691 0.190183
0.159400 0.216362
0.181078 0.245785
0.180576 0.282029
0.179871 0.332311
0.104402 0.000756
0.121624 0.000438
0.138490 0.029630
0.147059 0.048079
0.154648 0.068956
0.156152 0.089407
0.162668 0.108070
0.164284 0.130033
0.166264 0.154617
0.170945 0.176515
0.178470 0.202483
0.177953 0.223892
0.201316 0.262713
0.194256 0.306900
0.226105 0.366383
0.113043 0.000604
0.155119 0.029407
0.164914 0.046714
0.170882 0.064677
0.175166 0.085935
0.179577 0.104388
0.182033 0.125147
0.183153 0.146004
0.188473 0.166245
0.190798 0.189662
0.198553 0.216357
0.199018 0.244577
0.206166 0.293444
0.191127 0.333321
0.130194 0.000578
0.155626 0.000563
0.172393 0.028667
0.183283 0.046272
0.188597 0.068017
0.194249 0.086595
0.197610 0.108629
0.198721 0.133560
0.205055 0.158933
0.207507 0.180191
0.211144 0.205430
0.216360 0.229418
0.220738 0.269043
0.206318 0.315504
0.214601 0.339935
0.138672 0.000139
0.188933 0.029141
0.201914 0.048107
0.205397 0.066213
0.210365 0.092437
0.216252 0.114300
0.217272 0.132616
0.220387 0.147787
0.224386 0.172159
0.227479 0.195125
0.231789 0.218058
0.221361 0.253637
0.223012 0.304952
0.234451 0.325197
0.147138 0.000349
0.189269 0.000258
0.204635 0.029008
0.218299 0.042951
0.220132 0.076180
0.229034 0.100031
0.233619 0.122405
0.238992 0.154152
0.242916 0.173644
0.244879 0.196506
0.250813 0.223514
0.244476 0.242964
0.241920 0.297370
0.246257 0.321336
0.204953 0.368633
0.164134 0.000342
0.223208 0.027185
0.226740 0.060092
0.236923 0.081896
0.245687 0.104442
0.252642 0.126727
0.249642 0.144687
0.259954 0.174201
0.262531 0.197768
0.264701 0.225999
0.266294 0.245914
0.238211 0.270216
0.264018 0.343904
0.235040 0.359725
0.172449 0.000533
0.242906 0.027645
0.236384 0.042030
0.245125 0.064931
0.254864 0.084814
0.259278 0.110803
0.268409 0.145723
0.272648 0.162020
0.277784 0.187873
0.278872 0.210857
0.287351 0.239597
0.251134 0.267253
0.261140 0.300153
0.242805 0.345320
0.265343 0.367724
0.180901 0.001038
0.253390 0.044356
0.261312 0.066652
0.271159 0.082872
0.274156 0.104939
0.274904 0.126394
0.292006 0.165273
0.292063 0.187166
0.297795 0.218839
0.299070 0.242134
0.277219 0.267650
0.268679 0.283498
0.267967 0.314898
0.292122 0.385401
0.197648 0.001113
0.260723 0.029096
0.271636 0.047332
0.281630 0.064884
0.287211 0.092475
0.289415 0.120342
0.286593 0.144013
0.309561 0.180642
0.307802 0.204050
0.321612 0.268010
0.304134 0.264151
0.292113 0.327032
0.286612 0.305374
0.306069 0.342792
0.297923 0.382634
0.206015 0.000462
0.275488 0.030024
0.291402 0.049203
0.293800 0.079469
0.300280 0.107297
0.303712 0.133227
0.305961 0.155192
0.325117 0.196074
0.315862 0.229546
0.310827 0.290330
0.289097 0.274766
0.320206 0.323090
0.281702 0.333644
0.270771 0.375630
0.214357 0.000635
0.264288 0.000286
0.289622 0.030767
0.304046 0.065020
0.312235 0.095008
0.315274 0.122826
0.320063 0.145254
0.323017 0.171463
0.329165 0.215952
0.325974 0.246043
0.348274 0.312434
0.327580 0.304009
0.303656 0.303656
0.330398 0.380797
0.278685 0.359705
0.222767 0.000703
0.304315 0.029207
0.310109 0.045425
0.315281 0.080336
0.325531 0.107329
0.336090 0.138225
0.337498 0.163416
0.340024 0.185584
0.341955 0.237163
0.331373 0.286825
0.354043 0.330927
0.335078 0.332466
0.315920 0.344711
0.301499 0.365052
0.231136 0.000017
0.296960 0.000289
0.320467 0.032176
0.323811 0.064230
0.336937 0.092863
0.335430 0.121521
0.351337 0.149806
0.355835 0.180100
0.346143 0.211045
0.376121 0.256728
0.356064 0.263238
0.342361 0.267156
0.354970 0.354165
0.380354 0.357623
0.325521 0.377591
0.239487 0.000505
0.334624 0.030430
0.332185 0.050763
0.336423 0.076769
0.348147 0.110329
0.358071 0.129147
0.364625 0.164185
0.362300 0.203444
0.357850 0.231897
0.379523 0.309245
0.352356 0.292485
0.375604 0.344708
0.349529 0.373439
0.341338 0.358341
0.247789 0.001081
0.321305 0.000375
0.346873 0.044839
0.350294 0.072382
0.355314 0.093325
0.369204 0.116899
0.368757 0.141541
0.375280 0.186272
0.373126 0.232595
0.391405 0.253117
0.382490 0.277773
0.364071 0.280315
0.400276 0.363650
0.382000 0.405516
0.368236 0.377420
0.256036 0.000092
0.352846 0.030981
0.361091 0.059773
0.366877 0.081857
0.374448 0.100442
0.385091 0.134699
0.381803 0.163783
0.377143 0.210717
0.390557 0.231770
0.401473 0.271552
0.363718 0.314384
0.397908 0.344128
0.389711 0.426032
0.368853 0.390826
0.272484 0.000567
0.345468 0.000786
0.366462 0.040030
0.378275 0.068696
0.386815 0.087824
0.387941 0.118442
0.395930 0.150441
0.392371 0.197022
0.404013 0.222934
0.414271 0.242060
0.414501 0.292529
0.384356 0.329508
0.428862 0.365919
0.391928 0.386745
0.405570 0.380129
0.280657 0.001136
0.376511 0.030840
0.382894 0.050386
0.397920 0.101691
0.410479 0.115858
0.405260 0.132124
0.414926 0.178006
0.396396 0.178376
0.410194 0.198188
0.419513 0.221325
0.395353 0.294422
0.386585 0.416444
0.471793 0.497872
0.423412 0.444111
0.288824 0.000254
0.369422 0.000114
0.394089 0.071894
0.403316 0.052853
0.409373 0.088228
0.424335 0.137178
0.409702 0.157829
0.433380 0.173041
0.428562 0.194148
0.429227 0.250533
0.418546 0.266231
0.422632 0.310087
0.422655 0.333901
0.400770 0.309174
0.415524 0.426926
0.305087 0.000575
0.391997 0.034786
0.412841 0.068157
0.424845 0.077335
0.422412 0.102572
0.432802 0.122472
0.428207 0.153960
0.439785 0.204094
0.438498 0.224514
0.429541 0.284961
0.442856 0.309227
0.448340 0.379509
0.408036 0.430962
0.429465 0.395665
0.313214 0.000654
0.405689 0.031776
0.426133 0.053203
0.436151 0.094054
0.447801 0.112262
0.463049 0.159668
0.462587 0.185037
0.445364 0.148642
0.450095 0.175614
0.447645 0.293879
0.458886 0.316566
0.455160 0.336121
0.437083 0.337123
0.420043 0.381357
0.410143 0.331494
0.329355 0.001014
0.419499 0.034802
0.443728 0.051111
0.442453 0.069691
0.462205 0.101045
0.452279 0.129540
0.476923 0.176059
0.470507 0.211281
0.445815 0.244862
0.440902 0.267322
0.456625 0.276862
0.440381 0.357635
0.438454 0.470198
0.428615 0.406846
0.337439 0.000650
0.409246 0.000673
0.434886 0.032697
0.449617 0.031724
0.449656 0.085180
0.469800 0.118450
0.466317 0.141687
0.486039 0.197181
0.454889 0.206247
0.462846 0.251551
0.470337 0.300842
0.460746 0.385859
0.474298 0.384958
0.442682 0.417273
0.440035 0.466214
0.353443 0.000962
0.465609 0.029506
0.465310 0.061558
0.485453 0.130495
0.483293 0.151675
0.493145 0.216018
0.478185 0.231817
0.458154 0.229773
0.477180 0.359740
0.461355 0.359200
0.471808 0.334516
0.480296 0.411537
0.441630 0.550102
0.433847 0.445865
0.361479 0.000522
0.417183 0.000487
0.479958 0.000148
0.482719 0.030709
0.461933 0.045550
0.501196 0.134150
0.499684 0.187844
0.494419 0.167988
0.492387 0.306266
0.479028 0.249260
0.482463 0.443465
0.491492 0.381195
0.471351 0.434053
0.463611 0.410688
0.492304 0.501562
0.377423 0.000048
0.464333 0.000104
0.485761 0.048493
0.466928 0.078120
0.510164 0.214702
0.509592 0.232585
0.497676 0.243952
0.488459 0.288092
0.488284 0.346536
0.473487 0.481651
0.463231 0.471837
0.450728 0.556463
0.457212 0.456553
0.453443 0.422765
0.385408 0.000638
0.456444 0.000765
0.487732 0.000268
0.497186 0.030947
0.526950 0.101610
0.525875 0.295557
0.506379 0.277966
0.488484 0.268446
0.560247 0.784656
0.453866 0.582743
0.468185 0.610300
0.677113 0.658511
0.545063 0.627585
0.427604 0.589624
0.449381 0.537740
0.425048 0.000369
0.472168 0.000408
0.580060 0.049266
0.494436 0.086011
0.482767 0.069773
0.509173 0.300966
0.517875 0.317767
0.472076 0.278118
0.501122 0.393612
0.482247 0.320074
0.477702 0.522410
0.436922 0.567591
0.456721 0.507875
0.456060 0.519680
0.401350 0.000621
0.440693 0.000390
0.510995 0.000658
0.503204 0.052918
0.561176 0.798567
0.507977 0.153660
0.578685 0.609533
0.502833 0.332683
0.493184 0.445993
0.494374 0.419939
0.663949 0.678030
0.573515 0.602946
0.571379 0.597828
0.472502 0.609960
0.429411 0.587508
0.534151 0.000431
0.503274 0.000411
0.432887 0.001085
0.333458 0.503611
0.509535 0.096318
0.517967 0.194347
0.507222 0.435737
0.553971 0.799230
0.538821 0.638483
0.489778 0.640662
0.673393 0.676503
0.550919 0.613005
0.493022 0.629803
0.487501 0.574284
0.596408 0.001045
0.549725 0.001107
0.393402 0.000473
0.495543 0.001132
0.530363 0.027719
0.492885 0.109227
0.515227 0.170874
0.525692 0.269445
0.509391 0.410357
0.510907 0.536774
0.495524 0.480356
0.480961 0.555163
0.512129 0.556015
0.488610 0.592991
0.535766 0.583415
0.588665 0.000942
0.518700 0.000328
0.448579 0.000084
0.521966 0.040119
0.479967 0.098500
0.660794 0.654610
0.452592 0.593017
0.491940 0.525987
0.499664 0.591591
0.546816 0.788713
0.473778 0.557227
0.490338 0.641757
0.536198 0.628818
0.547536 0.527357
0.612119 0.000311
0.565380 0.000637
0.510233 0.031412
0.526413 0.000543
0.510235 0.116459
0.523489 0.078087
0.521684 0.134667
0.511755 0.257792
0.529877 0.244950
0.500362 0.363760
0.515631 0.376268
0.505989 0.515807
0.535414 0.580058
0.508100 0.583414
0.545327 0.393749
0.627870 0.001003
0.541920 0.000090
0.541623 0.037804
0.519450 0.063053
0.501651 0.070227
0.532544 0.151052
0.532451 0.214772
0.541265 0.230760
0.544893 0.262599
0.511711 0.347498
0.507047 0.484445
0.535026 0.489302
0.519425 0.562056
0.531103 0.539089
0.635763 0.001076
0.557546 0.000881
0.567237 0.030122
0.554723 0.051876
0.534662 0.058426
0.533195 0.168797
0.533548 0.193293
0.555516 0.217165
0.538738 0.286869
0.526944 0.359672
0.523139 0.398080
0.534263 0.421051
0.521347 0.519830
0.548839 0.364790
0.529897 0.469217
0.651555 0.000305
0.579683 0.032849
0.566659 0.060954
0.552260 0.028511
0.539507 0.085497
0.532238 0.121064
0.549585 0.142316
0.551907 0.166115
0.552103 0.243379
0.532367 0.323368
0.536673 0.378942
0.534891 0.338299
0.523762 0.429342
0.514956 0.471410
0.659486 0.000524
0.573157 0.000185
0.593354 0.032113
0.550660 0.098556
0.549924 0.072032
0.565488 0.083944
0.548579 0.121759
0.568275 0.135149
0.550015 0.192675
0.566302 0.256124
0.555025 0.286462
0.553776 0.340173
0.579389 0.384930
0.557539 0.421368
0.591458 0.428595
0.675252 0.000718
0.580920 0.000337
0.604220 0.000542
0.581099 0.072999
0.565896 0.107018
0.584572 0.150019
0.566010 0.155899
0.571949 0.221756
0.580186 0.237818
0.570065 0.273467
0.545545 0.307985
0.566772 0.365649
0.534802 0.484974
0.546155 0.526178
0.683159 0.000754
0.619984 0.000991
0.608417 0.028056
0.596157 0.064903
0.582321 0.096626
0.576494 0.121314
0.574676 0.176804
0.566291 0.192855
0.583105 0.202028
0.592539 0.223911
0.561892 0.313971
0.572599 0.294457
0.578616 0.318461
0.584442 0.337973
0.604612 0.415400
0.698968 0.000269
0.619738 0.041137
0.610769 0.072802
0.605216 0.048998
0.598797 0.087532
0.596655 0.108915
0.592434 0.131645
0.591151 0.171554
0.601307 0.261042
0.584950 0.257666
0.591586 0.306845
0.561347 0.385936
0.519467 0.451376
0.582554 0.422870
0.706903 0.000345
0.643635 0.000640
0.630072 0.029118
0.622583 0.062924
0.612739 0.101698
0.607247 0.126686
0.602191 0.157070
0.607012 0.181628
0.598478 0.199078
0.614821 0.276502
0.590119 0.280546
0.607871 0.321025
0.566477 0.336464
0.578598 0.358958
0.591542 0.380777
0.714840 0.000041
0.639647 0.044873
0.638761 0.064927
0.624014 0.087304
0.623772 0.115882
0.616782 0.144855
0.622299 0.167542
0.615619 0.200974
0.605150 0.233568
0.603007 0.294007
0.620363 0.359915
0.597506 0.348299
0.560856 0.404764
0.552522 0.438342
0.730821 0.000834
0.667358 0.000556
0.645277 0.030593
0.653916 0.056643
0.639705 0.082110
0.636897 0.103910
0.630257 0.135282
0.628554 0.186309
0.620410 0.220869
0.614710 0.249087
0.632363 0.284876
0.649368 0.273455
0.610281 0.365982
0.596296 0.402647
0.639831 0.392303
0.738815 0.000116
0.660852 0.030773
0.666505 0.045286
0.656576 0.078372
0.652250 0.097890
0.644440 0.128857
0.636328 0.156602
0.637919 0.208783
0.633963 0.232338
0.630806 0.261634
0.618651 0.307587
0.557290 0.438524
0.669534 0.342214
0.632351 0.399711
0.746784 0.000577
0.691085 0.000390
0.678305 0.029298
0.670160 0.066521
0.670153 0.090885
0.656187 0.119955
0.652944 0.152212
0.645330 0.177435
0.651340 0.197235
0.653362 0.223575
0.637829 0.308371
0.652069 0.316650
0.614674 0.335541
0.680228 0.392155
0.616987 0.400303
0.754805 0.000911
0.691497 0.033982
0.683380 0.052097
0.681737 0.078637
0.670660 0.111365
0.669213 0.133401
0.662432 0.176513
0.668696 0.210885
0.641273 0.248279
0.665815 0.270145
0.613981 0.383222
0.638163 0.354994
0.702229 0.372444
0.684404 0.371087
0.762909 0.000658
0.722841 0.000263
0.705415 0.028895
0.694397 0.067448
0.685972 0.096664
0.687118 0.121524
0.668655 0.153861
0.672767 0.193976
0.674907 0.234248
0.630116 0.329378
0.692257 0.252551
0.650880 0.294909
0.672949 0.323732
0.657409 0.391053
0.647797 0.360494
0.779137 0.000438
0.719042 0.030225
0.703112 0.049987
0.703377 0.081225
0.699307 0.108632
0.685058 0.142806
0.682141 0.170202
0.691056 0.197553
0.663789 0.245169
0.689281 0.269636
0.686968 0.322234
0.650228 0.338385
0.696743 0.337857
0.675009 0.351978
0.787243 0.000028
0.734394 0.027387
0.722564 0.047233
0.713171 0.065588
0.710986 0.094704
0.702911 0.128601
0.704004 0.148502
0.695222 0.164156
0.686757 0.221817
0.706722 0.207437
0.670399 0.284295
0.681341 0.290764
0.719795 0.323771
0.756578 0.346022
0.719692 0.379342
0.795248 0.000825
0.741677 0.041915
0.732004 0.066282
0.724141 0.082993
0.722237 0.108681
0.720317 0.123764
0.719588 0.151765
0.701896 0.184342
0.718707 0.241101
0.700970 0.295455
0.701024 0.308301
0.709908 0.345305
0.693960 0.386950
0.665383 0.381646
0.811482 0.000146
0.771036 0.000438
0.752169 0.027516
0.746799 0.055054
0.741670 0.082744
0.737852 0.102244
0.732060 0.138888
0.717549 0.179440
0.720319 0.217945
0.697524 0.233094
0.708417 0.256243
0.741126 0.283975
0.757353 0.307493
0.750130 0.384992
0.727035 0.379884
0.819718 0.000198
0.768417 0.026956
0.766406 0.045186
0.755088 0.068418
0.755816 0.094574
0.741851 0.120563
0.730285 0.164817
0.735902 0.184012
0.726023 0.200197
0.731755 0.231555
0.719353 0.290453
0.751921 0.277541
0.730936 0.342299
0.735881 0.331692
0.827813 0.000492
0.803419 0.000573
0.781709 0.032112
0.774555 0.060984
0.766824 0.081424
0.760208 0.114969
0.756585 0.131270
0.745868 0.150113
0.751522 0.179257
0.717480 0.272276
0.736932 0.258348
0.737889 0.299959
0.777066 0.293446
0.749108 0.372665
0.762395 0.383279
0.844152 0.000750
0.795777 0.028919
0.788162 0.049645
0.784578 0.075981
0.774297 0.098411
0.779965 0.117370
0.768596 0.144606
0.757514 0.162339
0.744673 0.209709
0.750176 0.229885
0.752614 0.254590
0.776126 0.267101
0.752603 0.322933
0.783393 0.340801
0.852698 0.000053
0.836321 0.000684
0.809353 0.031381
0.800750 0.058417
0.801395 0.077607
0.790529 0.101083
0.785345 0.134097
0.777420 0.161480
0.771688 0.184995
0.761028 0.200089
0.767090 0.218526
0.769550 0.241652
0.787188 0.271360
0.777522 0.306878
0.764431 0.349288
0.869455 0.000227
0.824877 0.029833
0.816213 0.048280
0.818410 0.071420
0.806914 0.093281
0.809730 0.111050
0.801496 0.127049
0.793501 0.151997
0.789542 0.176208
0.782436 0.203119
0.789375 0.222309
0.786632 0.245555
0.804765 0.293572
0.798109 0.338901
0.878012 0.000698
0.860918 0.000579
0.838201 0.032828
0.829609 0.058955
0.835658 0.081129
0.826496 0.096209
0.824858 0.119810
0.814517 0.139853
0.811421 0.159209
0.806749 0.179963
0.801629 0.200209
0.807298 0.220865
0.810028 0.266982
0.792380 0.314271
0.779443 0.378909
0.886443 0.000546
0.856552 0.030749
0.846255 0.046003
0.848820 0.066230
0.850135 0.091397
0.842201 0.108011
0.842665 0.127321
0.834160 0.144436
0.828737 0.163532
0.824753 0.184164
0.823146 0.207029
0.805827 0.242644
0.822605 0.284476
0.806044 0.318228
0.895078 0.000175
0.904061 0.000195
0.871190 0.032088
0.863214 0.056085
0.866425 0.076396
0.867143 0.099573
0.863620 0.116012
0.858571 0.136362
0.853463 0.153452
0.846056 0.172891
0.840194 0.195755
0.829872 0.225964
0.820469 0.252511
0.828441 0.302403
0.786211 0.378107
0.912631 0.000791
0.888895 0.031482
0.879860 0.047415
0.883479 0.067912
0.882284 0.088755
0.884930 0.112697
0.879397 0.133107
0.876128 0.153565
0.867912 0.170595
0.858918 0.190661
0.845619 0.214926
0.850869 0.234350
0.840788 0.274413
0.830768 0.328351
0.921298 0.000353
0.907570 0.031839
0.899449 0.047780
0.904142 0.068938
0.901246 0.085722
0.901189 0.105304
0.898796 0.129786
0.896190 0.149528
0.891265 0.169254
0.880172 0.188459
0.872840 0.205970
0.866697 0.224521
0.841656 0.251774
0.848242 0.294515
0.794857 0.363503
0.930390 0.000531
0.918769 0.047246
0.924200 0.068629
0.921157 0.091196
0.917132 0.117525
0.918163 0.138768
0.916278 0.159157
0.911953 0.174320
0.898539 0.194267
0.894684 0.213001
0.891984 0.232074
0.873167 0.245396
0.859350 0.263218
0.813279 0.362917
0.939155 0.000641
0.926878 0.033262
0.936856 0.048170
0.936221 0.080030
0.930437 0.107549
0.936529 0.130481
0.936574 0.153629
0.932068 0.179265
0.920259 0.195038
0.915506 0.215519
0.912909 0.237470
0.891618 0.253953
0.883520 0.266193
0.844179 0.322343
0.867420 0.302579
0.948126 0.000318
0.947006 0.033120
0.953850 0.066678
0.954623 0.092154
0.957352 0.139098
0.953035 0.167345
0.953727 0.191600
0.935733 0.208141
0.930766 0.228533
0.928295 0.249810
0.914428 0.262831
0.920575 0.288900
0.866336 0.285395
0.882413 0.342227
0.957252 0.000858
0.974944 0.001096
0.960761 0.041588
0.966226 0.079955
0.953224 0.113766
0.959821 0.152842
0.962693 0.200801
0.957588 0.215091
0.953519 0.235137
0.948143 0.257435
0.949541 0.282965
0.917155 0.303992
0.890391 0.319870
0.887099 0.294659
0.819260 0.362147
0.966086 0.000317
0.966932 0.034697
0.965495 0.059938
0.964344 0.101702
0.962214 0.126714
0.962449 0.177742
0.966865 0.232803
0.966158 0.252604
0.968338 0.268164
0.931929 0.275537
0.954900 0.322173
0.903759 0.278632
0.874999 0.316177
0.853623 0.339613
0.984516 0.000161
0.999246 0.026589
0.998739 0.046456
0.998747 0.077958
0.999289 0.110803
0.999363 0.144004
0.999386 0.178483
0.998980 0.213870
0.972937 0.282188
0.977067 0.304770
0.951452 0.300838
0.935137 0.308671
0.918883 0.333854
0.995748 0.313465
0.849848 0.358706
0.997897 0.000833
0.999800 0.036507
0.999725 0.067244
0.999681 0.099697
0.999166 0.132696
0.997743 0.166678
0.997596 0.201656
0.999421 0.238552
0.999290 0.261717
0.998919 0.285898
0.970634 0.319877
0.929769 0.342360
0.838121 0.348634
0.908110 0.323819
0.999432 0.000291
0.999882 0.016846
0.999403 0.057049
0.999511 0.088722
0.999010 0.121486
0.999607 0.155236
0.999891 0.189976
0.998588 0.225443
0.998815 0.249100
0.999693 0.278232
0.992481 0.308289
0.887594 0.361090
0.931122 0.339023
0.860616 0.361055
0.890174 0.354866
