0.000982 0.016705
0.000140 0.045677
0.000633 0.076855
0.000416 0.120191
0.000907 0.153425
0.000462 0.187020
0.000695 0.208965
0.000215 0.232627
0.000981 0.258823
0.015098 0.312792
0.115128 0.320104
0.051239 0.329551
0.098352 0.325070
0.134133 0.346229
0.000914 0.000433
0.000861 0.026606
0.000542 0.056364
0.000951 0.098094
0.000564 0.131352
0.000845 0.175894
0.000761 0.197697
0.000675 0.223536
0.001011 0.246087
0.000584 0.276930
0.002645 0.282830
0.016980 0.310451
0.080097 0.315571
0.110183 0.328549
0.140226 0.360121
0.000612 0.000667
0.000717 0.035846
0.000545 0.066741
0.000190 0.088177
0.001045 0.109611
0.000512 0.142440
0.000192 0.164663
0.032388 0.219661
0.034575 0.239921
0.028051 0.250606
0.032177 0.287163
0.059078 0.315635
0.054713 0.330980
0.143882 0.354461
0.014837 0.000169
0.033342 0.033477
0.031066 0.045651
0.033311 0.081328
0.033884 0.104144
0.037408 0.140903
0.037225 0.169879
0.035376 0.196722
0.046291 0.226030
0.051441 0.257208
0.025661 0.273218
0.061008 0.292647
0.033103 0.310443
0.082231 0.300054
0.173433 0.365925
0.024362 0.000301
0.048510 0.045065
0.033212 0.064240
0.045578 0.093539
0.032820 0.123000
0.039782 0.156211
0.042295 0.179979
0.044760 0.203871
0.064324 0.241973
0.084120 0.255311
0.047747 0.276312
0.104435 0.274663
0.080323 0.282281
0.142368 0.326212
0.041759 0.000738
0.033099 0.000506
0.065480 0.060206
0.047699 0.071621
0.049815 0.112816
0.049533 0.133088
0.062640 0.151854
0.064927 0.174590
0.068219 0.197699
0.069107 0.217229
0.080452 0.236905
0.070995 0.271964
0.122305 0.288839
0.131854 0.305164
0.190930 0.364764
0.050841 0.000263
0.052762 0.031249
0.071308 0.076949
0.067110 0.095640
0.073055 0.116964
0.074746 0.134247
0.078812 0.156938
0.081052 0.180142
0.084465 0.203696
0.098949 0.218092
0.103829 0.240289
0.107332 0.253515
0.109967 0.286865
0.154966 0.322144
0.059957 0.000746
0.069431 0.032121
0.077595 0.046502
0.088416 0.070172
0.084938 0.091786
0.090786 0.110864
0.093529 0.131391
0.096272 0.154533
0.101612 0.176905
0.104514 0.198032
0.119714 0.220534
0.134965 0.248588
0.135260 0.262196
0.152936 0.286059
0.174126 0.368764
0.068827 0.000703
0.089033 0.031088
0.096274 0.046126
0.105801 0.070694
0.105066 0.090859
0.109272 0.114391
0.112639 0.135479
0.115831 0.156385
0.121425 0.177957
0.123980 0.202333
0.141780 0.231215
0.152802 0.262171
0.166250 0.283473
0.167232 0.320717
0.077585 0.000471
0.086421 0.000675
0.107562 0.032762
0.114445 0.054791
0.123953 0.075544
0.122368 0.098348
0.129347 0.118331
0.132439 0.140008
0.134673 0.159576
0.142305 0.186322
0.145339 0.210024
0.161496 0.240907
0.178802 0.268927
0.168989 0.307766
0.218778 0.368266
0.095007 0.000495
0.122293 0.030588
0.130558 0.045202
0.140187 0.066735
0.139955 0.087302
0.144797 0.107040
0.149801 0.126044
0.153589 0.147276
0.154682 0.171612
0.162225 0.192094
0.164436 0.219286
0.187564 0.248500
0.183165 0.283212
0.189735 0.337843
0.103804 0.000830
0.121062 0.000275
0.141136 0.030872
0.149510 0.049467
0.157820 0.070813
0.159977 0.091006
0.166168 0.110534
0.168692 0.131946
0.170910 0.156108
0.175731 0.178381
0.183905 0.204589
0.182527 0.225154
0.208074 0.263700
0.203559 0.310128
0.233303 0.369756
0.112575 0.000321
0.157947 0.030259
0.167954 0.046580
0.174163 0.066572
0.178669 0.086557
0.184039 0.106910
0.186526 0.126692
0.187421 0.148599
0.193376 0.168089
0.196203 0.191300
0.205425 0.218070
0.203706 0.248107
0.212217 0.300761
0.194824 0.337206
0.129688 0.000643
0.155300 0.001130
0.174298 0.030651
0.187275 0.047261
0.192256 0.069201
0.197841 0.088264
0.202092 0.110630
0.202845 0.135158
0.209681 0.160699
0.213011 0.181379
0.217123 0.208345
0.222383 0.229758
0.226834 0.270257
0.212012 0.318454
0.221687 0.344599
0.138161 0.000646
0.190696 0.029827
0.205040 0.048242
0.209504 0.068389
0.213972 0.095334
0.220572 0.116686
0.221999 0.135788
0.225529 0.150097
0.229982 0.174280
0.233231 0.196960
0.237651 0.219728
0.226361 0.256887
0.228827 0.309602
0.242369 0.329059
0.146738 0.000592
0.189142 0.000329
0.207251 0.030563
0.222099 0.043506
0.223865 0.079024
0.232974 0.102758
0.239065 0.125038
0.243857 0.157558
0.248264 0.176725
0.251131 0.198115
0.256898 0.226641
0.252482 0.244868
0.248658 0.303145
0.251393 0.326450
0.209841 0.370825
0.163772 0.000827
0.225956 0.029146
0.230746 0.062517
0.241096 0.084167
0.249684 0.107487
0.257860 0.131284
0.253569 0.147579
0.265508 0.177148
0.268750 0.200497
0.270421 0.228813
0.271766 0.247602
0.244823 0.272405
0.270174 0.350008
0.241263 0.364190
0.172241 0.000299
0.246453 0.028849
0.240278 0.043868
0.249175 0.066903
0.259789 0.087686
0.264317 0.114080
0.273896 0.150343
0.278295 0.165847
0.283143 0.190843
0.284602 0.212228
0.293676 0.242070
0.255878 0.270577
0.267057 0.304011
0.248695 0.350819
0.273780 0.373693
0.180676 0.000095
0.257562 0.046732
0.265580 0.068534
0.276298 0.084911
0.279636 0.106849
0.278401 0.128989
0.298008 0.169684
0.298443 0.190928
0.304061 0.221054
0.304803 0.245313
0.283473 0.272024
0.274618 0.287624
0.272718 0.319534
0.299373 0.394071
0.197479 0.000862
0.263674 0.030269
0.276335 0.048721
0.286037 0.066103
0.292948 0.096285
0.294519 0.125173
0.291513 0.148509
0.315454 0.184103
0.313360 0.206979
0.326899 0.271461
0.310418 0.267173
0.295883 0.332003
0.291964 0.309985
0.311890 0.349936
0.303134 0.391490
0.205902 0.001126
0.278827 0.029991
0.295665 0.048399
0.298428 0.080513
0.305417 0.110470
0.307998 0.138597
0.311447 0.158743
0.331080 0.199077
0.322163 0.232637
0.316114 0.295572
0.294848 0.277861
0.325594 0.328526
0.285687 0.339025
0.276710 0.380676
0.214242 0.000492
0.264107 0.000200
0.293836 0.031334
0.307720 0.064148
0.316401 0.098409
0.320853 0.126836
0.325205 0.149525
0.328668 0.173862
0.334776 0.218297
0.331200 0.248355
0.352622 0.317285
0.332091 0.308115
0.309884 0.308016
0.335177 0.386729
0.284334 0.365528
0.222595 0.001208
0.308017 0.028905
0.315139 0.044443
0.320182 0.082128
0.330658 0.110381
0.341604 0.143803
0.342124 0.166309
0.344940 0.187987
0.345928 0.240261
0.335846 0.291221
0.358852 0.337067
0.339544 0.338808
0.320863 0.351330
0.306252 0.371662
0.230929 0.000801
0.296927 0.000684
0.325050 0.030180
0.327275 0.063411
0.342067 0.095849
0.339132 0.124325
0.355798 0.153269
0.360365 0.182702
0.350286 0.214730
0.380552 0.260338
0.360626 0.267324
0.347776 0.269722
0.361448 0.360900
0.385394 0.366354
0.330717 0.386078
0.239192 0.000435
0.339898 0.029952
0.335833 0.049831
0.339542 0.076389
0.353689 0.112982
0.361509 0.131300
0.367756 0.166841
0.365661 0.206759
0.361402 0.234488
0.384492 0.313284
0.356641 0.296354
0.379620 0.349819
0.354363 0.383792
0.344474 0.365552
0.247519 0.000834
0.321302 0.000522
0.351971 0.045084
0.354067 0.071208
0.359449 0.096127
0.374149 0.118438
0.372966 0.146295
0.379382 0.188730
0.376154 0.235766
0.393789 0.256049
0.385673 0.281053
0.368295 0.284017
0.405219 0.369666
0.385989 0.413216
0.373053 0.386285
0.255866 0.000348
0.355802 0.029903
0.365325 0.059777
0.372245 0.082320
0.378003 0.101446
0.388784 0.137820
0.385004 0.165389
0.379205 0.213297
0.393140 0.234569
0.402681 0.275762
0.367346 0.319214
0.403062 0.351313
0.392637 0.434736
0.375287 0.396197
0.272359 0.000837
0.345505 0.000941
0.370083 0.038142
0.383174 0.067359
0.392283 0.089471
0.391580 0.118003
0.398006 0.151510
0.394375 0.198865
0.405611 0.224708
0.415700 0.244696
0.415965 0.297209
0.388132 0.334466
0.432051 0.372793
0.395689 0.394989
0.408031 0.389962
0.280537 0.001235
0.380222 0.029846
0.387154 0.050439
0.402432 0.104103
0.414647 0.117595
0.409074 0.134505
0.417501 0.179557
0.397738 0.180981
0.412561 0.200404
0.419844 0.222696
0.397812 0.298793
0.389571 0.424109
0.473115 0.512591
0.424781 0.455341
0.288763 0.000364
0.369408 0.000969
0.398689 0.072000
0.408345 0.051681
0.413442 0.089476
0.427679 0.139021
0.412492 0.158948
0.435555 0.173519
0.429695 0.195351
0.429240 0.253445
0.420299 0.269091
0.425648 0.315408
0.425134 0.340760
0.402327 0.314630
0.419395 0.436146
0.305092 0.000146
0.395614 0.034326
0.416771 0.067884
0.429509 0.078185
0.424750 0.103750
0.434463 0.122676
0.430763 0.153934
0.441291 0.205221
0.439906 0.225734
0.431053 0.289101
0.442808 0.315671
0.451338 0.388124
0.407219 0.440698
0.432423 0.404175
0.313207 0.001044
0.408875 0.031714
0.428218 0.054085
0.439132 0.094987
0.449349 0.111704
0.464914 0.159065
0.464219 0.185452
0.447702 0.148428
0.452260 0.176007
0.449872 0.298691
0.460146 0.322199
0.456571 0.342293
0.438790 0.343226
0.424009 0.388864
0.412325 0.336596
0.329374 0.000277
0.422063 0.034707
0.445313 0.050802
0.445714 0.069316
0.463568 0.101060
0.454017 0.129860
0.478714 0.176464
0.471893 0.212248
0.446957 0.248233
0.441225 0.270499
0.455968 0.280573
0.442117 0.367751
0.437592 0.484759
0.430786 0.417085
0.337440 0.000202
0.409076 0.000335
0.436700 0.032437
0.451722 0.031239
0.452939 0.085648
0.470257 0.119285
0.468120 0.141373
0.487300 0.197995
0.456405 0.207426
0.464703 0.255368
0.471381 0.305710
0.461969 0.396340
0.474380 0.395916
0.443962 0.429933
0.440177 0.478939
0.353521 0.000365
0.469415 0.030776
0.466711 0.060417
0.486838 0.129105
0.483690 0.151288
0.495859 0.217576
0.479448 0.233612
0.458652 0.231456
0.477699 0.369037
0.462014 0.369296
0.473069 0.343138
0.480058 0.422190
0.439552 0.560689
0.433913 0.456066
0.361471 0.000077
0.416971 0.000938
0.479644 0.000332
0.483355 0.030338
0.463457 0.044823
0.501438 0.132116
0.499184 0.189622
0.494983 0.167702
0.491789 0.312197
0.480245 0.253174
0.480115 0.457320
0.492564 0.391174
0.469955 0.446787
0.466351 0.421808
0.492530 0.518153
0.377329 0.000511
0.464034 0.001099
0.486056 0.048807
0.468745 0.077565
0.512579 0.216585
0.510292 0.233939
0.499644 0.245048
0.490655 0.293262
0.488646 0.355464
0.472097 0.496587
0.463682 0.485842
0.448215 0.567797
0.458945 0.467680
0.455855 0.433527
0.385311 0.000437
0.456137 0.000817
0.487509 0.000249
0.497927 0.030696
0.528590 0.099703
0.525203 0.301464
0.506888 0.281903
0.489492 0.271593
0.560345 0.796343
0.452078 0.598941
0.467363 0.622685
0.677052 0.672275
0.549018 0.639525
0.425971 0.603772
0.450943 0.549884
0.424888 0.000382
0.471864 0.000434
0.580529 0.049429
0.495019 0.085515
0.484177 0.069199
0.510145 0.306207
0.516915 0.325607
0.472443 0.282731
0.501748 0.405005
0.482085 0.327134
0.475910 0.535788
0.435324 0.580555
0.457460 0.524855
0.457923 0.532639
0.401149 0.000890
0.440491 0.000266
0.510797 0.000378
0.503902 0.051511
0.565328 0.814519
0.509464 0.152107
0.580141 0.621580
0.503205 0.340023
0.491750 0.459750
0.493529 0.432127
0.679628 0.685975
0.575917 0.613597
0.573556 0.609149
0.470937 0.624543
0.425908 0.599946
0.534257 0.000314
0.503105 0.000768
0.432529 0.000448
0.326507 0.498675
0.509629 0.095426
0.519480 0.195229
0.506370 0.448978
0.559643 0.817739
0.540611 0.647567
0.490090 0.648140
0.680223 0.684445
0.551389 0.627213
0.490966 0.644333
0.486007 0.587806
0.596637 0.001047
0.549895 0.000965
0.393230 0.000307
0.495238 0.000584
0.529915 0.026534
0.493358 0.109459
0.515426 0.170962
0.526285 0.272490
0.510419 0.422165
0.510492 0.551289
0.493825 0.494914
0.479090 0.569028
0.511351 0.571350
0.487131 0.606837
0.535858 0.597175
0.588800 0.000255
0.518606 0.000078
0.448370 0.000941
0.521642 0.040514
0.480254 0.098098
0.678488 0.666080
0.450285 0.607594
0.490134 0.540013
0.499999 0.605451
0.550567 0.801841
0.475256 0.570088
0.491194 0.658696
0.540847 0.635240
0.542104 0.540813
0.612248 0.000081
0.565474 0.001096
0.511815 0.029484
0.526437 0.000087
0.511131 0.115316
0.522242 0.078890
0.522928 0.135327
0.513619 0.259741
0.530424 0.249316
0.499471 0.372513
0.514117 0.386219
0.505210 0.531407
0.535630 0.596875
0.507852 0.597648
0.542454 0.404645
0.627915 0.000847
0.542091 0.000729
0.541514 0.038685
0.519833 0.061892
0.502037 0.069617
0.533633 0.152221
0.533770 0.216741
0.541313 0.232660
0.545679 0.266183
0.511456 0.356482
0.505100 0.502220
0.535717 0.501868
0.517983 0.578845
0.529826 0.551946
0.635822 0.000766
0.557672 0.000168
0.566757 0.030979
0.555226 0.052068
0.536302 0.058804
0.534395 0.167440
0.534198 0.194609
0.556377 0.216649
0.539489 0.290735
0.525489 0.367446
0.523906 0.409078
0.532834 0.431910
0.519437 0.535138
0.545076 0.371681
0.528160 0.482156
0.651599 0.000364
0.578633 0.033413
0.566962 0.061202
0.551439 0.029372
0.540021 0.086042
0.532669 0.120761
0.549639 0.142241
0.553257 0.165501
0.552111 0.243926
0.533418 0.330499
0.534276 0.389838
0.532060 0.347112
0.521914 0.442663
0.512338 0.485279
0.659493 0.000308
0.573243 0.000054
0.592869 0.032688
0.550632 0.100547
0.550334 0.073093
0.565032 0.084645
0.548572 0.121614
0.568109 0.135326
0.549603 0.193039
0.565696 0.259455
0.554317 0.291321
0.550676 0.348307
0.575574 0.395608
0.557565 0.431687
0.588046 0.434605
0.675220 0.000293
0.581025 0.000460
0.604416 0.000511
0.580128 0.074009
0.565989 0.105609
0.584944 0.150135
0.566536 0.155241
0.572180 0.222860
0.579825 0.239337
0.569747 0.277033
0.545127 0.314573
0.564697 0.373263
0.535535 0.499242
0.547089 0.539920
0.683065 0.000258
0.620075 0.000362
0.607176 0.029876
0.593397 0.065577
0.580882 0.094811
0.576448 0.119542
0.572974 0.177087
0.565647 0.192315
0.581700 0.202447
0.591536 0.224243
0.558865 0.318872
0.572493 0.299643
0.577196 0.325114
0.582543 0.345362
0.598962 0.423782
0.698891 0.000594
0.617218 0.042001
0.607386 0.074642
0.601766 0.049479
0.595948 0.088912
0.594436 0.109942
0.590951 0.131160
0.588732 0.171724
0.601029 0.266716
0.584975 0.261332
0.589793 0.311146
0.559781 0.396079
0.517674 0.463086
0.578474 0.432599
0.706858 0.000979
0.643710 0.000177
0.627526 0.030161
0.619033 0.062771
0.610098 0.102197
0.605633 0.127328
0.601128 0.157358
0.605442 0.182412
0.597292 0.199245
0.614722 0.281548
0.588988 0.283855
0.606059 0.326880
0.564826 0.343764
0.577816 0.365665
0.589160 0.388450
0.714795 0.000611
0.636320 0.046041
0.634923 0.067648
0.620119 0.088213
0.622014 0.117009
0.614387 0.145473
0.620300 0.165875
0.616153 0.202647
0.605527 0.235692
0.601169 0.297912
0.616223 0.367853
0.595610 0.357894
0.557360 0.414622
0.548760 0.450903
0.730814 0.000876
0.667358 0.000060
0.642401 0.030097
0.650373 0.057091
0.634209 0.083158
0.632893 0.104647
0.627056 0.135237
0.627680 0.187467
0.619465 0.222719
0.614894 0.251432
0.630562 0.288893
0.646795 0.277918
0.606209 0.373969
0.594437 0.414400
0.634651 0.403332
0.738864 0.000658
0.657398 0.030031
0.663215 0.043487
0.652639 0.078106
0.648540 0.099726
0.641197 0.129756
0.634033 0.155279
0.636522 0.210745
0.633834 0.234936
0.629127 0.265754
0.615102 0.312721
0.554328 0.450252
0.666324 0.348693
0.628605 0.405061
0.746950 0.000104
0.690967 0.000878
0.674367 0.029786
0.665991 0.066402
0.664745 0.093315
0.652349 0.119567
0.650050 0.151898
0.643018 0.178725
0.648555 0.198831
0.651051 0.225778
0.635784 0.314889
0.646814 0.321713
0.612142 0.342886
0.675264 0.398317
0.612563 0.409593
0.755098 0.000080
0.687984 0.032894
0.679128 0.052061
0.677323 0.080266
0.666550 0.113278
0.664295 0.135887
0.659466 0.177758
0.665058 0.213382
0.638497 0.251134
0.661971 0.273170
0.610449 0.392760
0.635918 0.361967
0.697104 0.380117
0.679096 0.376736
0.763178 0.000524
0.722806 0.000949
0.701684 0.028730
0.689939 0.066360
0.682442 0.100980
0.682606 0.123866
0.664547 0.155581
0.669058 0.194958
0.670065 0.237006
0.625950 0.335256
0.688458 0.256637
0.647244 0.299611
0.669684 0.328764
0.655012 0.397285
0.644702 0.367834
0.779371 0.000049
0.716260 0.031233
0.700110 0.048115
0.698038 0.083308
0.695293 0.112204
0.679884 0.145741
0.677737 0.172396
0.686967 0.199518
0.660661 0.246877
0.684935 0.272907
0.684353 0.327884
0.645552 0.343658
0.692155 0.343942
0.670482 0.358096
0.787476 0.000737
0.732516 0.028139
0.719374 0.046989
0.709274 0.065572
0.705892 0.097397
0.698133 0.131693
0.699182 0.150249
0.690651 0.166100
0.682196 0.223720
0.702827 0.209712
0.666666 0.288965
0.677365 0.295749
0.713101 0.329575
0.754176 0.350779
0.713975 0.384238
0.795640 0.001088
0.738208 0.043153
0.727619 0.068215
0.719192 0.085813
0.717729 0.111418
0.715331 0.128118
0.714667 0.153796
0.695731 0.185411
0.713230 0.244679
0.696423 0.301881
0.696067 0.314562
0.705503 0.351129
0.687393 0.394163
0.659328 0.390744
0.811972 0.000905
0.771283 0.001146
0.748676 0.029702
0.742810 0.056094
0.737558 0.084727
0.734093 0.102753
0.727074 0.140080
0.712316 0.180225
0.715182 0.220369
0.691632 0.235029
0.704379 0.259682
0.736400 0.288247
0.752153 0.312299
0.744877 0.390841
0.721151 0.386713
0.820279 0.000610
0.765448 0.029499
0.763592 0.044601
0.751783 0.068879
0.751714 0.095838
0.736051 0.121488
0.724933 0.168031
0.731184 0.186257
0.720229 0.201809
0.726813 0.234317
0.716328 0.294492
0.746354 0.280176
0.724996 0.346716
0.731709 0.338499
0.828554 0.000010
0.803918 0.000150
0.779403 0.033446
0.771060 0.063007
0.762849 0.082683
0.755547 0.117190
0.752034 0.132879
0.740713 0.150876
0.746350 0.181117
0.711522 0.275800
0.731993 0.261277
0.733861 0.303000
0.772252 0.297659
0.744492 0.379524
0.754240 0.390845
0.845011 0.000219
0.793803 0.029809
0.784743 0.049310
0.781137 0.076571
0.770386 0.101660
0.776666 0.118935
0.763282 0.146432
0.751886 0.163646
0.739720 0.211633
0.745520 0.231488
0.745651 0.256588
0.773076 0.268953
0.747909 0.325594
0.781342 0.346259
0.853427 0.000132
0.836843 0.000249
0.808442 0.032207
0.797567 0.059572
0.798082 0.078639
0.786143 0.102211
0.780162 0.135956
0.772865 0.163323
0.766156 0.186784
0.755062 0.202343
0.761389 0.220492
0.763687 0.243680
0.781082 0.272325
0.772058 0.309099
0.758409 0.351710
0.870486 0.000443
0.823176 0.030456
0.812823 0.048110
0.815139 0.072150
0.803368 0.093475
0.805498 0.112231
0.797408 0.128381
0.788333 0.153699
0.784404 0.178018
0.776416 0.204488
0.784597 0.224874
0.779887 0.247169
0.801678 0.296623
0.789371 0.343329
0.879009 0.001044
0.861812 0.000644
0.837113 0.032178
0.826995 0.059976
0.832705 0.082510
0.822809 0.097227
0.821368 0.121564
0.810047 0.140770
0.806517 0.160118
0.802016 0.182098
0.797345 0.201507
0.802052 0.222314
0.806407 0.268207
0.787983 0.318368
0.774323 0.386177
0.887517 0.000879
0.855083 0.032193
0.843206 0.046589
0.845281 0.067298
0.847161 0.092044
0.839065 0.109635
0.839675 0.129074
0.830218 0.145668
0.824950 0.164378
0.820271 0.185269
0.818854 0.209079
0.800849 0.244959
0.817677 0.287378
0.798262 0.320431
0.895891 0.000135
0.904846 0.000868
0.869558 0.032577
0.860707 0.057776
0.863437 0.078072
0.864318 0.100845
0.861037 0.117822
0.855944 0.138125
0.850091 0.155304
0.842954 0.173964
0.836144 0.197837
0.825749 0.226853
0.814268 0.255511
0.823032 0.304292
0.780421 0.382451
0.913616 0.000416
0.887433 0.033464
0.876563 0.048093
0.880961 0.069447
0.880057 0.089568
0.881803 0.114331
0.876929 0.134352
0.873422 0.155780
0.864577 0.172433
0.856018 0.192533
0.840712 0.217492
0.846823 0.236285
0.835907 0.276505
0.828781 0.331500
0.922363 0.000390
0.905360 0.033249
0.896409 0.049229
0.900789 0.070609
0.898605 0.087068
0.898491 0.107126
0.895625 0.131511
0.893202 0.151076
0.888828 0.170904
0.876860 0.190764
0.869766 0.207554
0.862351 0.226546
0.837446 0.253763
0.842589 0.296407
0.790138 0.367834
0.931208 0.001025
0.916067 0.048312
0.920467 0.071834
0.918234 0.092709
0.914113 0.119205
0.915113 0.140781
0.913221 0.161237
0.909541 0.176861
0.895597 0.197162
0.891601 0.215579
0.888961 0.234258
0.869328 0.247726
0.854077 0.264865
0.807926 0.369796
0.939939 0.000274
0.924542 0.035012
0.934835 0.050241
0.931354 0.081342
0.925813 0.109137
0.932266 0.131544
0.933126 0.154487
0.927851 0.181291
0.917360 0.197043
0.913074 0.218289
0.910670 0.240357
0.886338 0.257095
0.880026 0.267690
0.835646 0.326320
0.863074 0.304961
0.948789 0.000375
0.943248 0.035844
0.951614 0.068674
0.952524 0.092499
0.955515 0.140389
0.951017 0.168849
0.951827 0.194051
0.931941 0.211458
0.926962 0.231723
0.925101 0.252755
0.911641 0.266089
0.917624 0.292759
0.860828 0.288245
0.877095 0.347958
0.957930 0.000324
0.975430 0.000553
0.960314 0.041946
0.961661 0.081662
0.950376 0.114697
0.954420 0.153869
0.958131 0.202723
0.956122 0.217427
0.952110 0.237129
0.945839 0.260756
0.947518 0.285610
0.914758 0.306385
0.883186 0.323630
0.881686 0.297506
0.810141 0.366390
0.966523 0.000063
0.963358 0.036634
0.961702 0.061930
0.959990 0.103117
0.956781 0.127529
0.957307 0.178808
0.963069 0.234811
0.964442 0.253826
0.967920 0.269362
0.929060 0.278483
0.954047 0.321544
0.900777 0.281088
0.870795 0.318333
0.845859 0.345081
0.984908 0.000824
0.999348 0.027668
0.998321 0.047581
0.997933 0.078554
0.999599 0.110795
0.999376 0.143555
0.999255 0.176898
0.998611 0.211004
0.971605 0.281544
0.975207 0.306139
0.948700 0.305819
0.935035 0.311047
0.911993 0.337960
0.996635 0.308091
0.844595 0.365323
0.998201 0.001032
0.999773 0.037177
0.998907 0.067810
0.999225 0.099817
0.999113 0.132527
0.996052 0.165556
0.996240 0.199362
0.999354 0.235123
0.998920 0.257307
0.999556 0.281311
0.965615 0.320217
0.927383 0.346093
0.833045 0.353923
0.901997 0.327402
0.999570 0.000648
0.999198 0.017525
0.999297 0.057727
0.999766 0.089065
0.998597 0.121434
0.999714 0.154818
0.999641 0.188566
0.997873 0.221697
0.998622 0.246466
0.999276 0.275363
0.993348 0.308466
0.882773 0.364609
0.929359 0.340295
0.852886 0.364883
0.879944 0.361868
