0.000494 0.017040
0.000094 0.045875
0.000616 0.077272
0.000469 0.120250
0.000868 0.153098
0.000469 0.186679
0.000640 0.207574
0.000203 0.232026
0.001279 0.256715
0.016606 0.311978
0.118142 0.320711
0.051958 0.327905
0.101078 0.325379
0.137849 0.347252
0.000954 0.000268
0.000589 0.027012
0.000925 0.056918
0.001049 0.098263
0.000301 0.131305
0.000843 0.174905
0.000733 0.196738
0.000622 0.222407
0.001329 0.244848
0.000945 0.275817
0.003422 0.281451
0.016808 0.308073
0.082926 0.315427
0.112185 0.328315
0.141881 0.360536
0.000367 0.000415
0.000484 0.036213
0.000174 0.067081
0.000160 0.088241
0.000925 0.109863
0.000213 0.142226
0.000153 0.164265
0.033527 0.219432
0.034858 0.240239
0.028757 0.250259
0.033165 0.286540
0.060891 0.315421
0.056157 0.332097
0.146898 0.355176
0.014714 0.000263
0.034197 0.034391
0.031644 0.045928
0.034368 0.081933
0.034749 0.104866
0.038391 0.141001
0.038783 0.169848
0.036710 0.196826
0.047378 0.226590
0.052357 0.257662
0.026049 0.272968
0.062794 0.292647
0.033695 0.310154
0.083212 0.301020
0.177205 0.367022
0.024216 0.000601
0.049355 0.045916
0.033861 0.065333
0.046165 0.094048
0.033677 0.123112
0.040276 0.156539
0.042933 0.180332
0.045271 0.204223
0.065903 0.242648
0.085687 0.255540
0.048811 0.277256
0.106748 0.275523
0.081289 0.283315
0.145800 0.327301
0.041516 0.000410
0.032914 0.000060
0.066864 0.061580
0.048168 0.071765
0.050672 0.113359
0.050340 0.133809
0.064212 0.152646
0.066423 0.175028
0.069807 0.198302
0.070685 0.217530
0.081467 0.237691
0.071901 0.272729
0.123874 0.290134
0.133656 0.305433
0.193672 0.365834
0.050669 0.000804
0.053391 0.031925
0.072220 0.078185
0.068124 0.096540
0.074173 0.117727
0.076150 0.134954
0.080059 0.157571
0.082105 0.180578
0.085524 0.204479
0.100722 0.218559
0.105276 0.241231
0.108687 0.253302
0.113026 0.286450
0.157665 0.321820
0.059628 0.000844
0.070022 0.032322
0.078280 0.046931
0.089353 0.070758
0.086270 0.092468
0.091653 0.111724
0.094573 0.132229
0.097585 0.155165
0.103185 0.177393
0.105982 0.198770
0.121359 0.220372
0.137736 0.249705
0.138329 0.261745
0.156697 0.286156
0.176721 0.371595
0.068502 0.000026
0.089516 0.031827
0.097133 0.046658
0.106659 0.071497
0.106327 0.091575
0.110677 0.115062
0.113919 0.136072
0.117362 0.157038
0.122743 0.178289
0.125397 0.203102
0.144205 0.231960
0.154408 0.262821
0.168832 0.284000
0.169651 0.320803
0.077393 0.000404
0.086099 0.000980
0.108162 0.033060
0.115221 0.055747
0.125202 0.076406
0.123645 0.099129
0.130695 0.119165
0.133864 0.140888
0.135987 0.160056
0.144289 0.186971
0.147254 0.210868
0.163307 0.240958
0.181444 0.270397
0.170624 0.308869
0.220765 0.370199
0.094759 0.001115
0.123095 0.031202
0.131300 0.045413
0.141150 0.067214
0.141436 0.087782
0.146211 0.107676
0.151189 0.126747
0.155301 0.147968
0.156381 0.172254
0.164036 0.192502
0.166681 0.220264
0.190538 0.249055
0.183553 0.282472
0.194143 0.339616
0.103553 0.000619
0.120863 0.000215
0.141968 0.031492
0.150242 0.050073
0.158904 0.071796
0.161397 0.091613
0.167353 0.111385
0.170320 0.132778
0.172701 0.156600
0.177588 0.178992
0.186140 0.205246
0.184134 0.225066
0.210919 0.262986
0.207677 0.310489
0.236343 0.370739
0.112327 0.000510
0.158641 0.030754
0.168935 0.046679
0.175387 0.067536
0.179739 0.086783
0.185568 0.107786
0.188227 0.127418
0.189036 0.149611
0.195241 0.168751
0.198216 0.191811
0.208335 0.218347
0.205387 0.249241
0.214901 0.303632
0.196554 0.338398
0.129416 0.000823
0.155108 0.001039
0.174897 0.031384
0.188771 0.047861
0.193495 0.069663
0.198975 0.088806
0.203653 0.111580
0.204181 0.135857
0.211171 0.161456
0.214961 0.181767
0.219467 0.209506
0.224838 0.229061
0.229495 0.269693
0.214693 0.319090
0.224768 0.346199
0.137996 0.000370
0.191361 0.030162
0.206141 0.048595
0.211020 0.069151
0.215317 0.096423
0.221952 0.117669
0.223525 0.136921
0.227273 0.151218
0.231803 0.175269
0.235446 0.197740
0.239714 0.220158
0.228330 0.257950
0.231277 0.310802
0.245252 0.330131
0.146567 0.000019
0.189069 0.000501
0.208190 0.031046
0.223485 0.043832
0.225177 0.080076
0.234407 0.103593
0.241041 0.126171
0.245458 0.159061
0.250182 0.178192
0.253403 0.198798
0.259216 0.227798
0.256103 0.245163
0.251709 0.305100
0.253734 0.327783
0.211637 0.370735
0.163562 0.000095
0.227091 0.029777
0.232276 0.063431
0.242861 0.085049
0.251090 0.108194
0.259683 0.133174
0.255077 0.148616
0.267506 0.178475
0.271023 0.201772
0.272748 0.229872
0.273755 0.247740
0.247885 0.272562
0.272784 0.351645
0.244270 0.365080
0.172156 0.000959
0.247704 0.029379
0.241829 0.044597
0.250756 0.067456
0.261641 0.088872
0.266354 0.114981
0.275729 0.152030
0.280467 0.167611
0.285046 0.192231
0.286986 0.212858
0.296200 0.242720
0.257581 0.271362
0.269464 0.304856
0.251171 0.352321
0.276565 0.375722
0.180610 0.000043
0.259348 0.047945
0.267584 0.068941
0.278402 0.085444
0.281794 0.107272
0.279715 0.130068
0.300271 0.171571
0.301103 0.192771
0.306414 0.221784
0.307061 0.246322
0.286165 0.273540
0.277127 0.288727
0.274953 0.320622
0.302577 0.396900
0.197385 0.000142
0.264519 0.030773
0.278050 0.049665
0.287775 0.066545
0.295270 0.097523
0.296605 0.126817
0.293479 0.150254
0.317642 0.185711
0.315357 0.208374
0.328938 0.272268
0.313080 0.268036
0.297388 0.333364
0.294195 0.311420
0.314469 0.352289
0.305322 0.394700
0.205804 0.000595
0.279919 0.030067
0.297393 0.048626
0.300586 0.080312
0.307407 0.111633
0.309565 0.140621
0.313545 0.160347
0.333479 0.200428
0.324639 0.233825
0.318171 0.297174
0.296999 0.278451
0.327981 0.330376
0.287465 0.340426
0.279458 0.382834
0.214188 0.000864
0.263992 0.000312
0.295322 0.031445
0.309348 0.063872
0.318192 0.099038
0.322897 0.128311
0.327484 0.151143
0.330801 0.174896
0.336971 0.219304
0.333403 0.249079
0.354306 0.318903
0.333871 0.309439
0.312262 0.309323
0.337820 0.388835
0.287257 0.366850
0.222502 0.001286
0.309852 0.028736
0.317391 0.044441
0.322285 0.082317
0.332538 0.110783
0.343962 0.145751
0.344256 0.167422
0.347190 0.189246
0.347502 0.241375
0.337679 0.292343
0.360684 0.339315
0.341394 0.340902
0.323108 0.353434
0.308353 0.373966
0.230777 0.000195
0.296819 0.000006
0.326954 0.029322
0.328529 0.063312
0.343896 0.096092
0.341056 0.125800
0.357681 0.154419
0.362469 0.184095
0.352237 0.216104
0.382196 0.261354
0.362257 0.268482
0.349774 0.270273
0.363891 0.363180
0.387465 0.369303
0.332442 0.388922
0.239111 0.000124
0.342064 0.029592
0.337283 0.049671
0.340734 0.076000
0.356245 0.113892
0.362885 0.132087
0.369381 0.168175
0.367171 0.207899
0.362726 0.235316
0.386269 0.314606
0.358385 0.297363
0.381148 0.351588
0.356502 0.387122
0.346257 0.367881
0.247385 0.000289
0.321260 0.000565
0.354347 0.045561
0.355680 0.070435
0.361107 0.096468
0.376029 0.119194
0.374950 0.148042
0.381158 0.189750
0.377262 0.236675
0.394959 0.256827
0.386885 0.281893
0.369854 0.285144
0.406973 0.371528
0.387679 0.416158
0.374849 0.389241
0.255758 0.000816
0.357526 0.028799
0.367166 0.059605
0.374120 0.081792
0.379328 0.101511
0.390315 0.138836
0.386801 0.166236
0.380219 0.214146
0.394228 0.235314
0.403249 0.276822
0.368898 0.320809
0.404901 0.354104
0.394163 0.437532
0.377924 0.398122
0.272238 0.000346
0.345475 0.000109
0.371702 0.037221
0.384813 0.066326
0.394306 0.089484
0.393158 0.118058
0.399049 0.152311
0.395287 0.199649
0.406397 0.224971
0.416330 0.245242
0.416802 0.298558
0.389501 0.336184
0.432983 0.374971
0.397084 0.398057
0.408922 0.393490
0.280427 0.000835
0.382086 0.028929
0.388942 0.050181
0.404108 0.104958
0.416456 0.118621
0.410653 0.135556
0.418589 0.179882
0.398540 0.181774
0.413438 0.201213
0.420215 0.223019
0.398549 0.299921
0.390843 0.427166
0.473310 0.517755
0.425485 0.459662
0.288682 0.000817
0.369436 0.000024
0.400745 0.071420
0.410228 0.050686
0.415057 0.089210
0.429156 0.139629
0.413789 0.159820
0.436659 0.173554
0.430161 0.195402
0.429287 0.253965
0.420904 0.269770
0.427126 0.317105
0.426422 0.343182
0.402941 0.316651
0.420827 0.439473
0.305017 0.000278
0.397007 0.033455
0.418167 0.067246
0.431757 0.077977
0.426037 0.104197
0.435344 0.122774
0.432039 0.154567
0.442013 0.205614
0.440545 0.226092
0.431810 0.290299
0.442821 0.317849
0.452134 0.391231
0.406648 0.444244
0.433509 0.407738
0.313114 0.000201
0.410434 0.031025
0.429194 0.053846
0.440578 0.095113
0.450220 0.111437
0.465964 0.159054
0.465188 0.185494
0.448966 0.148636
0.453256 0.175899
0.450847 0.300225
0.460665 0.324044
0.457075 0.344315
0.439796 0.345212
0.425567 0.391801
0.412992 0.338234
0.329332 0.000914
0.423501 0.033913
0.445865 0.050304
0.447332 0.068555
0.464876 0.100700
0.454915 0.130084
0.479911 0.176368
0.472845 0.212371
0.447645 0.248932
0.441546 0.271308
0.455955 0.281557
0.443021 0.370938
0.437952 0.489651
0.431545 0.420758
0.337415 0.000608
0.409034 0.000558
0.437163 0.031734
0.452029 0.030498
0.454915 0.085293
0.471167 0.119429
0.469478 0.141291
0.488010 0.198028
0.457603 0.207689
0.465609 0.256347
0.471835 0.307204
0.462315 0.400502
0.475030 0.400004
0.443701 0.434604
0.440312 0.484169
0.353507 0.000678
0.470575 0.030932
0.467380 0.060221
0.487750 0.128637
0.484699 0.151211
0.496915 0.217677
0.480014 0.233808
0.459038 0.231772
0.477875 0.372337
0.462266 0.372623
0.473541 0.346024
0.480531 0.426109
0.439008 0.565041
0.433887 0.460200
0.361477 0.000441
0.416889 0.000774
0.479534 0.000418
0.483475 0.030447
0.464124 0.044205
0.502205 0.131674
0.499292 0.189857
0.495767 0.167216
0.491623 0.314294
0.480812 0.254276
0.479048 0.463224
0.493263 0.395028
0.469296 0.452255
0.467401 0.425724
0.492647 0.524217
0.377323 0.000413
0.463783 0.000212
0.486008 0.048965
0.469909 0.077446
0.513610 0.216736
0.510681 0.234024
0.500463 0.245149
0.491595 0.294638
0.488880 0.358289
0.471261 0.501843
0.463739 0.491098
0.446707 0.572218
0.459474 0.472544
0.456543 0.438156
0.385305 0.000907
0.455998 0.000940
0.487411 0.000707
0.497715 0.031038
0.529059 0.099387
0.524856 0.303267
0.507158 0.282757
0.490045 0.272340
0.558966 0.803112
0.451034 0.605297
0.466587 0.627190
0.676117 0.675958
0.552218 0.645332
0.425540 0.608896
0.451222 0.554956
0.424781 0.000201
0.471713 0.000891
0.580480 0.049610
0.495276 0.085591
0.484789 0.068893
0.510543 0.307863
0.516362 0.328393
0.472750 0.283974
0.502211 0.409341
0.482178 0.329510
0.475063 0.541266
0.435085 0.585588
0.457527 0.531188
0.458059 0.537883
0.401115 0.000711
0.440411 0.000443
0.510756 0.000861
0.504013 0.050897
0.565852 0.819771
0.510157 0.151463
0.580552 0.625886
0.503431 0.342352
0.491279 0.465397
0.493427 0.436702
0.685884 0.690918
0.577671 0.618075
0.574379 0.612913
0.470404 0.630155
0.424632 0.604573
0.534331 0.000555
0.502959 0.000826
0.432462 0.001259
0.323527 0.495970
0.510045 0.095146
0.520114 0.195043
0.506274 0.454491
0.562265 0.823404
0.541215 0.651282
0.490160 0.652251
0.683962 0.686746
0.552157 0.631769
0.490436 0.649655
0.485553 0.593301
0.596653 0.000764
0.550010 0.000302
0.393197 0.000947
0.495149 0.000174
0.530054 0.026739
0.493877 0.109432
0.515477 0.170596
0.526450 0.273026
0.510982 0.426459
0.510506 0.557282
0.493067 0.500311
0.478824 0.574429
0.511153 0.577405
0.486562 0.611910
0.536209 0.602431
0.588861 0.000264
0.518598 0.000477
0.448235 0.000530
0.521697 0.041539
0.480786 0.097531
0.686633 0.670431
0.449234 0.612721
0.489460 0.545843
0.499884 0.610744
0.554654 0.807200
0.475346 0.575341
0.491493 0.664509
0.540553 0.637279
0.540262 0.546160
0.612269 0.000757
0.565611 0.000118
0.512125 0.028916
0.526464 0.001016
0.512069 0.114857
0.521781 0.079620
0.523435 0.135487
0.514488 0.260206
0.530700 0.250704
0.499307 0.375792
0.513695 0.390016
0.505198 0.537445
0.535498 0.603189
0.507616 0.603094
0.541125 0.408927
0.627912 0.001116
0.542203 0.000247
0.541527 0.039631
0.520207 0.061611
0.502332 0.069617
0.533724 0.152400
0.534392 0.216969
0.541405 0.232873
0.545845 0.266986
0.511529 0.359453
0.504295 0.508744
0.536044 0.507199
0.517205 0.585155
0.529294 0.556877
0.635802 0.001008
0.557712 0.001100
0.565857 0.031324
0.554878 0.051858
0.537124 0.059243
0.534627 0.166877
0.534420 0.194671
0.556719 0.216014
0.539669 0.291587
0.525203 0.370282
0.524027 0.413281
0.532291 0.436047
0.519079 0.541286
0.543459 0.374040
0.526926 0.486938
0.651587 0.000925
0.578318 0.032888
0.566710 0.061548
0.551485 0.029916
0.539690 0.086332
0.532800 0.120514
0.549342 0.141773
0.553482 0.165261
0.552141 0.243708
0.533712 0.332934
0.533205 0.393582
0.530934 0.350393
0.521470 0.447922
0.511435 0.490242
0.659467 0.000556
0.573299 0.000668
0.592901 0.032106
0.549899 0.101823
0.550030 0.073200
0.564207 0.084920
0.548315 0.121583
0.567334 0.135289
0.549340 0.192829
0.565366 0.260115
0.554091 0.292727
0.549248 0.351347
0.573892 0.399447
0.557514 0.435597
0.586091 0.436814
0.675219 0.000103
0.581082 0.000624
0.604463 0.000459
0.579169 0.074365
0.565372 0.105589
0.584661 0.150243
0.566400 0.154942
0.572263 0.222902
0.579708 0.239306
0.569492 0.277890
0.544994 0.316766
0.563494 0.375978
0.535981 0.504132
0.546964 0.545271
0.683079 0.000577
0.620098 0.000519
0.606807 0.029900
0.592018 0.065379
0.579696 0.094339
0.575669 0.119001
0.572064 0.177104
0.565236 0.191886
0.581113 0.202347
0.591090 0.224055
0.557818 0.320373
0.572428 0.301386
0.576598 0.327211
0.581763 0.347677
0.596792 0.428134
0.698934 0.000432
0.616223 0.041927
0.605783 0.075073
0.600179 0.049470
0.594471 0.089367
0.592913 0.110579
0.589551 0.131340
0.587722 0.171945
0.600965 0.268300
0.584968 0.262045
0.588887 0.312514
0.559169 0.399728
0.516965 0.467834
0.576716 0.436612
0.706918 0.000340
0.643691 0.000015
0.625975 0.029756
0.617384 0.061885
0.608670 0.102610
0.604683 0.127596
0.600501 0.157914
0.604794 0.182681
0.596794 0.199036
0.614642 0.283027
0.588532 0.284723
0.605054 0.328794
0.564087 0.346186
0.577310 0.368021
0.587751 0.391077
0.714866 0.000304
0.634812 0.046261
0.633410 0.067746
0.617980 0.088639
0.620993 0.117484
0.612846 0.146394
0.619301 0.165799
0.616034 0.202948
0.605500 0.236049
0.600439 0.299026
0.615156 0.370291
0.594696 0.361033
0.555963 0.418570
0.547120 0.455753
0.730914 0.000545
0.667359 0.000335
0.641417 0.029401
0.649002 0.056993
0.632386 0.083707
0.631225 0.105142
0.625587 0.135572
0.626860 0.187628
0.618660 0.223075
0.614787 0.251823
0.629630 0.290051
0.645528 0.279075
0.604334 0.376763
0.592749 0.418485
0.633342 0.407270
0.738974 0.000872
0.656036 0.029081
0.662000 0.042521
0.651335 0.077835
0.647156 0.100399
0.640011 0.130415
0.632939 0.155512
0.635381 0.211212
0.633450 0.235750
0.628276 0.266829
0.613587 0.314190
0.553094 0.454659
0.664740 0.350689
0.627330 0.407260
0.747057 0.000300
0.690985 0.000847
0.672730 0.029681
0.664680 0.066008
0.662707 0.094055
0.650639 0.119338
0.648392 0.152094
0.641523 0.178937
0.647065 0.199022
0.649770 0.226579
0.635063 0.316971
0.644852 0.323397
0.611039 0.345404
0.673594 0.400142
0.611034 0.413436
0.755204 0.000087
0.686483 0.032446
0.677766 0.051870
0.675867 0.080669
0.665093 0.113864
0.662073 0.136917
0.657789 0.178135
0.663382 0.214014
0.637327 0.251908
0.660564 0.273560
0.608980 0.395796
0.635283 0.364423
0.695050 0.382869
0.677261 0.378751
0.763294 0.000667
0.722866 0.000602
0.699972 0.028896
0.688353 0.065551
0.680924 0.102074
0.680146 0.125010
0.662603 0.156680
0.667389 0.195058
0.667804 0.238384
0.624434 0.337334
0.686799 0.258249
0.645665 0.301197
0.668250 0.330242
0.653946 0.399729
0.643139 0.370067
0.779469 0.000256
0.714974 0.031530
0.698817 0.047442
0.695681 0.083479
0.693702 0.113295
0.677715 0.146941
0.675369 0.173579
0.685182 0.200253
0.659138 0.247463
0.683318 0.273778
0.683353 0.329614
0.643526 0.345437
0.690941 0.346121
0.668787 0.360516
0.787634 0.000944
0.731588 0.028385
0.717700 0.047483
0.707804 0.065365
0.703847 0.098062
0.696098 0.133230
0.697084 0.151099
0.689090 0.166925
0.680489 0.224009
0.701179 0.210453
0.665329 0.290586
0.676135 0.297371
0.710322 0.331882
0.752648 0.352042
0.711731 0.385761
0.795812 0.000876
0.736897 0.043368
0.725573 0.068651
0.717281 0.086258
0.716140 0.112078
0.713443 0.129954
0.712828 0.154900
0.693218 0.185934
0.711210 0.245925
0.694778 0.303942
0.694289 0.316447
0.703664 0.352498
0.684648 0.396396
0.656987 0.393630
0.812310 0.000957
0.771408 0.001148
0.747831 0.030622
0.741559 0.057181
0.735930 0.084956
0.732811 0.102816
0.725446 0.140750
0.710090 0.180540
0.713280 0.221323
0.689590 0.235838
0.702810 0.261044
0.734319 0.289410
0.749877 0.313862
0.742296 0.392904
0.718051 0.388703
0.820522 0.000101
0.764153 0.030286
0.762187 0.044840
0.750788 0.068965
0.750230 0.096565
0.734166 0.121819
0.723046 0.169228
0.729429 0.187322
0.718011 0.202472
0.725075 0.235317
0.714943 0.295515
0.743946 0.280550
0.722018 0.347716
0.729505 0.340615
0.828772 0.000857
0.804015 0.000076
0.778996 0.033650
0.769625 0.063828
0.761779 0.082861
0.754037 0.117841
0.750551 0.133617
0.738889 0.151314
0.744758 0.181823
0.709130 0.276967
0.730288 0.261984
0.732062 0.303797
0.770366 0.299079
0.742302 0.381779
0.751050 0.393456
0.845366 0.000812
0.793595 0.030377
0.783744 0.049258
0.779848 0.076906
0.768986 0.102740
0.775555 0.119743
0.761589 0.147160
0.749997 0.164369
0.737821 0.212407
0.743754 0.232019
0.742687 0.256959
0.772204 0.269200
0.745813 0.325784
0.780780 0.347774
0.853743 0.000815
0.837062 0.000754
0.808302 0.032615
0.796743 0.060033
0.796805 0.078922
0.784856 0.102492
0.778357 0.136840
0.771426 0.164297
0.764387 0.187351
0.752909 0.203129
0.759225 0.221178
0.761373 0.244179
0.778340 0.271953
0.769829 0.309159
0.756306 0.352241
0.870834 0.000039
0.822956 0.031040
0.811819 0.047885
0.814226 0.072413
0.802375 0.093744
0.804184 0.112769
0.796078 0.129035
0.786707 0.154460
0.782624 0.178717
0.774291 0.204773
0.782811 0.225524
0.777128 0.247376
0.800845 0.297361
0.785522 0.344462
0.879302 0.001042
0.862298 0.000092
0.837378 0.031794
0.826405 0.060117
0.831709 0.082930
0.821553 0.097807
0.820193 0.122266
0.808528 0.141248
0.804714 0.160465
0.800137 0.182735
0.795564 0.201719
0.799732 0.222515
0.805162 0.267948
0.786578 0.319305
0.772299 0.388448
0.888087 0.000382
0.854814 0.032733
0.842353 0.046539
0.844093 0.067722
0.846260 0.092265
0.837901 0.110272
0.838480 0.129649
0.828601 0.146161
0.823431 0.164596
0.818406 0.185353
0.816977 0.209546
0.798866 0.245666
0.815545 0.288289
0.794803 0.320326
0.896300 0.000034
0.905181 0.000951
0.869195 0.032536
0.860000 0.058285
0.862420 0.078589
0.863337 0.101220
0.860042 0.118493
0.854980 0.138721
0.848682 0.155989
0.841632 0.174129
0.834441 0.198212
0.824068 0.226769
0.811469 0.256479
0.820587 0.303952
0.777769 0.383778
0.913943 0.000207
0.887263 0.033798
0.875472 0.048084
0.880164 0.069838
0.879234 0.089759
0.880610 0.114822
0.875949 0.134695
0.872333 0.156491
0.863164 0.172909
0.854828 0.192888
0.838687 0.218247
0.845162 0.236809
0.833861 0.276828
0.828338 0.331757
0.922700 0.000082
0.904782 0.033505
0.895473 0.049598
0.899697 0.070829
0.897667 0.087407
0.897461 0.107715
0.894409 0.131989
0.891965 0.151491
0.887737 0.171225
0.875427 0.191427
0.868511 0.207830
0.860475 0.227065
0.835861 0.254303
0.840041 0.296295
0.787829 0.369035
0.931668 0.000820
0.915193 0.048483
0.919157 0.072687
0.917298 0.093087
0.913021 0.119688
0.913948 0.141303
0.911966 0.161694
0.908528 0.177566
0.894245 0.198033
0.890160 0.216301
0.887541 0.234585
0.867632 0.248225
0.851512 0.264916
0.805391 0.372417
0.940188 0.000516
0.923910 0.035179
0.934272 0.050826
0.929516 0.081501
0.924093 0.109489
0.930452 0.131680
0.931493 0.154350
0.925763 0.181720
0.916052 0.197396
0.911891 0.218965
0.909624 0.241009
0.883823 0.257978
0.878549 0.267578
0.831538 0.327518
0.861548 0.305129
0.949110 0.000246
0.941822 0.036549
0.950622 0.069084
0.951653 0.092318
0.954774 0.140402
0.950038 0.168941
0.950776 0.194543
0.930052 0.212332
0.925041 0.232533
0.923485 0.253507
0.910336 0.267067
0.916005 0.293863
0.858448 0.289020
0.874927 0.349757
0.958102 0.000260
0.975629 0.000134
0.960336 0.041888
0.960180 0.081844
0.949174 0.114778
0.952177 0.153709
0.956258 0.203278
0.955321 0.217847
0.951305 0.237467
0.944788 0.261766
0.946559 0.285985
0.913633 0.306610
0.880096 0.324299
0.878881 0.298387
0.806640 0.367286
0.966724 0.000911
0.962149 0.036754
0.960528 0.062256
0.958501 0.103423
0.954638 0.127475
0.955159 0.178720
0.961443 0.235059
0.963546 0.253976
0.967526 0.269517
0.927725 0.279129
0.954041 0.320334
0.899566 0.281476
0.869566 0.318302
0.842487 0.346606
0.985183 0.000999
0.999973 0.028143
0.997874 0.047902
0.997184 0.078915
0.999919 0.110532
0.999456 0.143223
0.999351 0.175819
0.998552 0.209577
0.970754 0.280473
0.973905 0.306209
0.947569 0.307235
0.934692 0.311406
0.908870 0.338524
0.997189 0.305485
0.842587 0.367385
0.998490 0.000476
0.999371 0.037394
0.998969 0.068172
0.999145 0.099695
0.999115 0.132294
0.994847 0.164829
0.995362 0.198071
0.999309 0.233312
0.998627 0.255080
0.999640 0.278666
0.962972 0.319313
0.926036 0.346525
0.831009 0.355234
0.899389 0.328303
0.999364 0.000811
0.999400 0.017912
0.999454 0.057782
0.999965 0.089094
0.998239 0.121275
0.999812 0.154636
0.999813 0.187904
0.997513 0.220024
0.998518 0.245062
0.999205 0.274453
0.993429 0.307970
0.880491 0.365007
0.928380 0.340297
0.849499 0.365602
0.875589 0.363970
