0.000415 0.017302
0.000932 0.046118
0.000429 0.077773
0.000339 0.120177
0.000862 0.152571
0.000376 0.186144
0.000601 0.206409
0.000222 0.231683
0.001729 0.254546
0.018297 0.310854
0.121098 0.320781
0.052900 0.326001
0.104012 0.325022
0.141600 0.347994
0.000736 0.000850
0.000538 0.027148
0.001024 0.057092
0.001128 0.098482
0.001015 0.131138
0.000853 0.173753
0.000684 0.196076
0.000594 0.220945
0.001678 0.243703
0.001545 0.274456
0.004291 0.279413
0.016799 0.305292
0.085715 0.314657
0.113984 0.327487
0.143670 0.360207
0.000630 0.000099
0.000714 0.036628
0.000647 0.067259
0.000066 0.088227
0.000741 0.109839
0.001028 0.141961
0.000130 0.163708
0.034853 0.218963
0.035293 0.240288
0.029641 0.249673
0.034216 0.285416
0.062776 0.314892
0.057528 0.332251
0.149771 0.355660
0.014568 0.000811
0.035041 0.035125
0.032133 0.045922
0.035258 0.082282
0.035453 0.105399
0.039137 0.140856
0.040296 0.169479
0.038082 0.196689
0.048545 0.226870
0.053347 0.257802
0.026572 0.272450
0.064614 0.292270
0.034323 0.309357
0.084168 0.301853
0.180960 0.367983
0.023990 0.000841
0.050175 0.046629
0.034400 0.066186
0.046684 0.094272
0.034537 0.122899
0.040795 0.156569
0.043679 0.180462
0.045893 0.204360
0.067610 0.243002
0.087337 0.255224
0.049835 0.277729
0.109213 0.276060
0.082262 0.284003
0.148985 0.327870
0.041396 0.000155
0.032807 0.000663
0.068189 0.062752
0.048673 0.071704
0.051600 0.113672
0.051298 0.134253
0.065862 0.153235
0.068073 0.175225
0.071584 0.198683
0.072403 0.217516
0.082505 0.238217
0.072800 0.273073
0.125410 0.291170
0.135193 0.305272
0.196356 0.366662
0.050452 0.000560
0.053934 0.032436
0.073047 0.079163
0.069164 0.097274
0.075319 0.118250
0.077604 0.135406
0.081412 0.158013
0.083267 0.180768
0.086666 0.205010
0.102695 0.218659
0.106743 0.241979
0.109864 0.252518
0.116252 0.285679
0.160177 0.321083
0.059390 0.000768
0.070555 0.032578
0.078754 0.047193
0.090190 0.071147
0.087582 0.092977
0.092516 0.112396
0.095679 0.132908
0.099023 0.155650
0.104932 0.177652
0.107657 0.199288
0.123013 0.219595
0.140697 0.250386
0.141533 0.260706
0.160330 0.285851
0.179508 0.373763
0.068294 0.000078
0.089788 0.032497
0.097881 0.047133
0.107451 0.072249
0.107598 0.092157
0.112127 0.115569
0.115255 0.136524
0.118938 0.157592
0.124082 0.178405
0.126857 0.203735
0.146876 0.232265
0.155908 0.262829
0.171318 0.284150
0.172043 0.320308
0.077151 0.000409
0.085848 0.000900
0.108584 0.033288
0.115923 0.056697
0.126299 0.077198
0.124852 0.099776
0.131973 0.119882
0.135277 0.141642
0.137289 0.160419
0.146365 0.187410
0.149209 0.211461
0.164965 0.240311
0.184159 0.271337
0.172154 0.309612
0.222610 0.371631
0.094533 0.000960
0.123717 0.031805
0.131844 0.045602
0.141895 0.067677
0.142774 0.088232
0.147541 0.108204
0.152490 0.127381
0.156912 0.148563
0.157994 0.172869
0.165726 0.192629
0.168987 0.221047
0.193685 0.249164
0.183921 0.281090
0.197990 0.341434
0.103246 0.001063
0.120731 0.000433
0.142594 0.032044
0.150845 0.050715
0.159840 0.072736
0.162702 0.092221
0.168391 0.112102
0.171741 0.133541
0.174302 0.157021
0.179273 0.179532
0.188276 0.205737
0.185453 0.224518
0.213701 0.261622
0.211343 0.310105
0.239232 0.371348
0.112024 0.000057
0.159021 0.031243
0.169752 0.046965
0.176498 0.068426
0.180654 0.087032
0.186837 0.108472
0.189738 0.128087
0.190490 0.150532
0.196915 0.169400
0.199989 0.192207
0.211148 0.218349
0.206803 0.250048
0.217845 0.305677
0.198771 0.339144
0.129186 0.000427
0.154788 0.000185
0.175451 0.031933
0.190104 0.048547
0.194638 0.070059
0.199926 0.089209
0.205000 0.112485
0.205352 0.136506
0.212399 0.162180
0.216616 0.182103
0.221648 0.210557
0.227226 0.227846
0.232211 0.268536
0.217721 0.319851
0.227985 0.347767
0.137849 0.000998
0.192033 0.030481
0.207218 0.049110
0.212453 0.069763
0.216561 0.097318
0.223218 0.118621
0.224856 0.137807
0.228787 0.152270
0.233261 0.176275
0.237496 0.198498
0.241495 0.220384
0.230243 0.258766
0.234021 0.311506
0.247698 0.330965
0.146430 0.000512
0.188938 0.000691
0.209054 0.031372
0.224763 0.044217
0.226377 0.080934
0.235816 0.104245
0.242867 0.127161
0.246828 0.160473
0.251884 0.179678
0.255407 0.199489
0.261276 0.228778
0.259783 0.245210
0.254967 0.306649
0.256383 0.328595
0.213360 0.370158
0.163441 0.000370
0.228250 0.030210
0.233649 0.064257
0.244663 0.085831
0.252470 0.108621
0.261366 0.134753
0.256534 0.149419
0.269289 0.179728
0.273022 0.203110
0.275113 0.230822
0.275592 0.247623
0.251141 0.272296
0.275485 0.352777
0.247372 0.365493
0.171967 0.000462
0.248806 0.029876
0.243280 0.045195
0.252192 0.067963
0.263392 0.090016
0.268322 0.115572
0.277313 0.153378
0.282497 0.169256
0.286734 0.193592
0.289331 0.213556
0.298643 0.243174
0.259126 0.271795
0.271861 0.305186
0.253616 0.353420
0.279018 0.377438
0.180498 0.000015
0.261111 0.049083
0.269579 0.069318
0.280441 0.085900
0.283802 0.107537
0.281030 0.130963
0.302289 0.173342
0.303650 0.194686
0.308470 0.222492
0.309131 0.247187
0.288908 0.274883
0.279663 0.289453
0.277413 0.321173
0.305678 0.399339
0.197317 0.000123
0.265225 0.031249
0.279623 0.050525
0.289445 0.067043
0.297542 0.098465
0.298579 0.128107
0.295256 0.151668
0.319648 0.187318
0.317090 0.209823
0.330795 0.272754
0.315702 0.268668
0.298826 0.334295
0.296399 0.312546
0.317127 0.354222
0.307635 0.397484
0.205702 0.001064
0.280800 0.030278
0.299015 0.048952
0.302790 0.080024
0.309314 0.112715
0.310991 0.142133
0.315386 0.161845
0.335722 0.201680
0.326810 0.235003
0.320121 0.298422
0.298948 0.278638
0.330457 0.331958
0.289356 0.341324
0.282315 0.384791
0.214071 0.000964
0.263860 0.000146
0.296465 0.031554
0.310965 0.063777
0.320029 0.099256
0.324743 0.129413
0.329629 0.152299
0.332639 0.175992
0.338868 0.220280
0.335468 0.249838
0.355927 0.320284
0.335607 0.310526
0.314488 0.310319
0.340699 0.390516
0.290401 0.367554
0.222356 0.000674
0.311598 0.028769
0.319588 0.044521
0.324378 0.082411
0.334311 0.110745
0.346145 0.146961
0.346378 0.168508
0.349382 0.190600
0.348987 0.242537
0.339460 0.293086
0.362398 0.341313
0.343238 0.342607
0.325427 0.355108
0.310501 0.375878
0.230715 0.000534
0.296700 0.000293
0.328731 0.028787
0.329739 0.063447
0.345573 0.095799
0.342999 0.127052
0.359621 0.155111
0.364557 0.185633
0.354243 0.217307
0.383613 0.262025
0.363644 0.269293
0.351461 0.270593
0.366122 0.365034
0.389485 0.371576
0.334086 0.391254
0.239054 0.000207
0.344074 0.029528
0.338789 0.049580
0.342050 0.075741
0.358666 0.114479
0.364259 0.132559
0.371139 0.169549
0.368677 0.208786
0.364005 0.236129
0.387809 0.315731
0.359991 0.298120
0.382535 0.353119
0.358450 0.389666
0.348308 0.369801
0.247283 0.000098
0.321173 0.000616
0.356693 0.046239
0.357247 0.069838
0.362641 0.096178
0.377759 0.119890
0.377010 0.149213
0.382914 0.190719
0.378372 0.237428
0.396360 0.257275
0.388061 0.282552
0.371164 0.286163
0.408520 0.372908
0.389367 0.419003
0.376247 0.391291
0.255559 0.000125
0.359422 0.027841
0.369006 0.059511
0.375745 0.081047
0.380534 0.101145
0.391741 0.139284
0.388912 0.167082
0.381499 0.214988
0.395362 0.235842
0.404061 0.277555
0.370323 0.322172
0.406506 0.356692
0.395901 0.440072
0.380287 0.400094
0.272117 0.000091
0.345426 0.000689
0.373271 0.036468
0.386211 0.065416
0.396042 0.089059
0.394622 0.118155
0.400285 0.153129
0.396431 0.200541
0.407312 0.224954
0.417126 0.245494
0.417844 0.299541
0.390698 0.337726
0.433532 0.376769
0.398627 0.400829
0.410039 0.396548
0.280273 0.000310
0.383951 0.028066
0.390592 0.049852
0.405510 0.105427
0.418049 0.119648
0.412051 0.136482
0.419803 0.180059
0.399728 0.182324
0.414473 0.201946
0.420963 0.223168
0.399278 0.300716
0.392121 0.430136
0.473481 0.521989
0.426299 0.463593
0.288512 0.000854
0.369428 0.000034
0.402630 0.070806
0.411696 0.049681
0.416478 0.088462
0.430668 0.140080
0.415205 0.160890
0.437936 0.173646
0.430839 0.195275
0.429556 0.254114
0.421608 0.270194
0.428687 0.318386
0.427731 0.345247
0.403612 0.318446
0.422135 0.442493
0.304879 0.000587
0.398112 0.032489
0.419342 0.066758
0.433868 0.077595
0.427339 0.104306
0.436429 0.122838
0.433444 0.155605
0.442902 0.205964
0.441368 0.226321
0.432661 0.291174
0.442915 0.319591
0.452747 0.394075
0.406191 0.447336
0.434474 0.411256
0.313013 0.000568
0.411858 0.030044
0.430262 0.053539
0.441906 0.094956
0.451223 0.111219
0.467158 0.159262
0.466236 0.185527
0.450451 0.149002
0.454346 0.175780
0.451862 0.301380
0.461259 0.325508
0.457662 0.345908
0.440969 0.346774
0.427036 0.394608
0.413527 0.339548
0.329236 0.000430
0.425070 0.032837
0.446424 0.049630
0.448861 0.067604
0.466410 0.100387
0.455923 0.130279
0.481286 0.176176
0.473882 0.212391
0.448524 0.249207
0.442027 0.271815
0.456117 0.282214
0.444075 0.373442
0.438778 0.493597
0.432265 0.424037
0.337356 0.001061
0.408990 0.000834
0.437772 0.030767
0.452187 0.029537
0.456802 0.084693
0.472367 0.119489
0.471122 0.141207
0.488764 0.197936
0.459008 0.207843
0.466607 0.256904
0.472345 0.308315
0.462627 0.404490
0.475979 0.403714
0.443122 0.438836
0.440434 0.489327
0.353463 0.000726
0.471166 0.030607
0.467912 0.060120
0.488786 0.128270
0.486190 0.151213
0.497861 0.217522
0.480534 0.233753
0.459520 0.231880
0.478073 0.375195
0.462683 0.375368
0.474000 0.348401
0.481321 0.429761
0.438630 0.569455
0.433753 0.464118
0.361468 0.000486
0.416801 0.000612
0.479443 0.000862
0.483782 0.030432
0.464496 0.043452
0.503329 0.131497
0.499634 0.189802
0.496875 0.166595
0.491500 0.316015
0.481339 0.255031
0.478023 0.468928
0.494016 0.398585
0.468674 0.457598
0.468355 0.429271
0.492892 0.529464
0.377331 0.000690
0.463695 0.000855
0.486082 0.049199
0.471222 0.077366
0.514617 0.216529
0.511055 0.233858
0.501162 0.245032
0.492524 0.295559
0.489045 0.360566
0.470388 0.506346
0.463701 0.495895
0.444842 0.576476
0.459889 0.477336
0.457058 0.442621
0.385279 0.000239
0.455931 0.000907
0.487287 0.000682
0.497635 0.031480
0.529208 0.099366
0.524456 0.304672
0.507362 0.283229
0.490605 0.272802
0.557530 0.809506
0.449834 0.611181
0.465777 0.631275
0.675751 0.678857
0.555122 0.651085
0.425240 0.613225
0.451071 0.560194
0.424702 0.000357
0.471530 0.000045
0.580070 0.049543
0.495641 0.085795
0.485564 0.068520
0.510935 0.309144
0.515766 0.330720
0.473159 0.284825
0.502660 0.413367
0.482337 0.331456
0.474488 0.546729
0.435055 0.590330
0.457045 0.536254
0.457496 0.543287
0.401082 0.000850
0.440338 0.000662
0.510736 0.000196
0.504221 0.050321
0.566559 0.824722
0.510807 0.150906
0.580773 0.629628
0.503623 0.344111
0.490842 0.470749
0.493432 0.440951
0.692264 0.695895
0.579670 0.622277
0.575199 0.616445
0.469803 0.635248
0.423613 0.608890
0.534391 0.001104
0.502860 0.000290
0.432481 0.001113
0.320548 0.492913
0.510552 0.094951
0.520659 0.194545
0.506169 0.459803
0.564809 0.828756
0.542197 0.654028
0.490276 0.657598
0.687640 0.688268
0.552934 0.636015
0.490142 0.654293
0.485205 0.598686
0.596655 0.000858
0.550046 0.000352
0.393171 0.000488
0.495118 0.000676
0.530339 0.027318
0.494570 0.109396
0.515460 0.170096
0.526574 0.273208
0.511435 0.430435
0.510527 0.563281
0.492493 0.505236
0.478992 0.579504
0.510992 0.583182
0.485987 0.616518
0.536817 0.607156
0.588873 0.001021
0.518607 0.000266
0.448128 0.000970
0.521766 0.042745
0.481628 0.096917
0.694145 0.674899
0.448107 0.617335
0.488938 0.551597
0.499532 0.615698
0.558696 0.812136
0.474939 0.580521
0.491654 0.668927
0.540129 0.639429
0.539212 0.551083
0.612283 0.000252
0.565629 0.000251
0.512370 0.028586
0.526512 0.000257
0.513157 0.114491
0.521331 0.080215
0.523777 0.135635
0.515339 0.260465
0.531028 0.251799
0.499110 0.378797
0.513319 0.393511
0.505246 0.542943
0.535266 0.609196
0.507328 0.608203
0.539895 0.412842
0.627897 0.000799
0.542231 0.000638
0.541296 0.040539
0.520632 0.061497
0.502905 0.069612
0.533504 0.152451
0.535037 0.216930
0.541586 0.232800
0.545986 0.267399
0.511531 0.361881
0.503577 0.514388
0.536163 0.511823
0.516386 0.590969
0.529110 0.561582
0.635787 0.000407
0.557790 0.000900
0.564784 0.031506
0.554375 0.051480
0.537689 0.059911
0.534584 0.166514
0.534465 0.194478
0.557026 0.215280
0.539792 0.292065
0.525163 0.372916
0.523969 0.417210
0.531794 0.439967
0.519211 0.546909
0.542051 0.376094
0.525332 0.491563
0.651569 0.000972
0.577968 0.031850
0.566151 0.061833
0.551582 0.030173
0.539055 0.086375
0.532664 0.120305
0.548858 0.141167
0.553437 0.165107
0.552218 0.243235
0.533910 0.334866
0.532219 0.396749
0.529950 0.353197
0.521153 0.452906
0.510815 0.494839
0.659477 0.000664
0.573372 0.000169
0.592669 0.030961
0.548705 0.103181
0.549348 0.073089
0.562798 0.085059
0.547976 0.121743
0.566257 0.135264
0.548927 0.192472
0.565062 0.260387
0.553841 0.293741
0.548006 0.354062
0.572149 0.402657
0.557180 0.439313
0.584175 0.439428
0.675262 0.000428
0.581135 0.000541
0.604470 0.001106
0.577907 0.074535
0.564417 0.105936
0.584105 0.150366
0.566097 0.154623
0.572369 0.222819
0.579614 0.238934
0.569174 0.278295
0.544845 0.318562
0.562213 0.378354
0.536232 0.508644
0.546054 0.550415
0.683145 0.000470
0.620110 0.000534
0.606494 0.029289
0.590805 0.064927
0.578281 0.094137
0.574531 0.118795
0.571101 0.177057
0.564784 0.191493
0.580640 0.202206
0.590616 0.223753
0.556910 0.321549
0.572306 0.302823
0.575966 0.328922
0.580846 0.349467
0.595326 0.432733
0.699024 0.000546
0.615531 0.041862
0.604507 0.075196
0.598691 0.049424
0.593201 0.089732
0.591274 0.111382
0.587799 0.131783
0.586796 0.172345
0.600766 0.269346
0.584884 0.262298
0.587881 0.313648
0.558657 0.402813
0.516286 0.472489
0.574384 0.440632
0.706991 0.000827
0.643671 0.000446
0.624487 0.029027
0.615949 0.060889
0.607207 0.103156
0.603591 0.127848
0.599685 0.158811
0.604099 0.183029
0.596313 0.198728
0.614411 0.284113
0.587999 0.285200
0.603920 0.330339
0.563372 0.348214
0.576520 0.370104
0.586138 0.393316
0.714952 0.000318
0.633536 0.046461
0.632117 0.067405
0.615901 0.088829
0.619771 0.117909
0.611003 0.147510
0.618151 0.166256
0.615550 0.203058
0.605252 0.236117
0.599671 0.299877
0.614344 0.372270
0.593695 0.363595
0.554594 0.422211
0.545604 0.460207
0.731034 0.000038
0.667384 0.000304
0.640415 0.028907
0.647736 0.056869
0.631046 0.084063
0.629651 0.105435
0.623977 0.136010
0.625618 0.187672
0.617447 0.223204
0.614399 0.251855
0.628643 0.290955
0.644366 0.279869
0.602495 0.379306
0.590812 0.421410
0.632315 0.410903
0.739131 0.000882
0.654637 0.028164
0.660695 0.041903
0.650281 0.077436
0.645886 0.100549
0.638941 0.131146
0.631684 0.156200
0.633853 0.211490
0.632704 0.236394
0.627295 0.267527
0.611976 0.315325
0.551592 0.458705
0.663068 0.352246
0.625910 0.409265
0.747194 0.000839
0.691082 0.000419
0.671270 0.029456
0.663629 0.065655
0.661046 0.094195
0.648936 0.119001
0.646497 0.152398
0.639617 0.178986
0.645419 0.199042
0.648395 0.227208
0.634348 0.318614
0.643176 0.324843
0.609910 0.347496
0.672280 0.401771
0.609739 0.416839
0.755309 0.000675
0.685077 0.032052
0.676581 0.051873
0.674643 0.080890
0.664011 0.114161
0.659942 0.137720
0.655864 0.178490
0.661793 0.214432
0.636137 0.252540
0.659348 0.273656
0.607474 0.398306
0.634715 0.366522
0.693127 0.385206
0.675641 0.380278
0.763412 0.000712
0.722963 0.000797
0.698552 0.029013
0.686964 0.064960
0.679525 0.102439
0.677660 0.126073
0.660697 0.157929
0.665744 0.195202
0.665765 0.239770
0.622958 0.339162
0.685138 0.259713
0.644198 0.302457
0.666795 0.331422
0.652599 0.402449
0.641444 0.371684
0.779606 0.000535
0.713821 0.031569
0.697542 0.047069
0.693359 0.083267
0.692370 0.114011
0.675710 0.147945
0.672934 0.174846
0.683491 0.201120
0.657588 0.248157
0.681771 0.274401
0.682198 0.330922
0.641580 0.346956
0.689921 0.348068
0.667115 0.362597
0.787800 0.000706
0.730523 0.028480
0.716040 0.048298
0.706337 0.065359
0.701922 0.098316
0.694126 0.134560
0.695061 0.151930
0.687858 0.167713
0.679061 0.224108
0.699609 0.211163
0.664170 0.291922
0.675030 0.298592
0.707676 0.333945
0.750648 0.352910
0.709586 0.386976
0.796045 0.001023
0.735594 0.043481
0.723441 0.068998
0.715359 0.086343
0.714714 0.112370
0.711725 0.131388
0.711297 0.156110
0.690973 0.186584
0.709326 0.246893
0.693224 0.305504
0.692650 0.317759
0.701900 0.353368
0.682214 0.398245
0.654745 0.395531
0.812486 0.000803
0.771625 0.000141
0.747286 0.031279
0.740376 0.058550
0.734323 0.084858
0.731553 0.102802
0.724218 0.141404
0.708023 0.180912
0.711513 0.222238
0.687827 0.236558
0.701325 0.262259
0.732238 0.290141
0.747524 0.315155
0.739528 0.394759
0.714738 0.390173
0.820697 0.000049
0.763054 0.030674
0.760840 0.045392
0.749963 0.069134
0.748924 0.097309
0.732578 0.121978
0.721516 0.170326
0.727826 0.188414
0.715950 0.203116
0.723454 0.236163
0.713531 0.296095
0.741442 0.280529
0.718959 0.348261
0.727169 0.342245
0.829161 0.000104
0.804130 0.000353
0.778856 0.033522
0.768365 0.064495
0.760981 0.083028
0.752749 0.118267
0.749288 0.134280
0.737346 0.151828
0.743472 0.182406
0.706832 0.277943
0.728787 0.262373
0.730219 0.304283
0.768486 0.300265
0.740077 0.383592
0.748175 0.395656
0.845912 0.000452
0.793615 0.030952
0.783001 0.049328
0.778727 0.077312
0.767705 0.103587
0.774632 0.120525
0.760190 0.147847
0.748372 0.165125
0.735973 0.213119
0.742078 0.232450
0.739726 0.257076
0.771438 0.269104
0.743672 0.325391
0.779958 0.349057
0.854129 0.000400
0.837339 0.000153
0.808205 0.032867
0.796166 0.060464
0.795649 0.079110
0.783890 0.102621
0.776802 0.137700
0.770212 0.165301
0.762944 0.187785
0.750999 0.203768
0.757284 0.221752
0.759192 0.244405
0.775593 0.271154
0.767549 0.308644
0.754347 0.352481
0.871083 0.000755
0.823018 0.031724
0.811055 0.047768
0.813575 0.072633
0.801678 0.094132
0.803156 0.113252
0.794982 0.129639
0.785421 0.155185
0.781110 0.179373
0.772467 0.204903
0.781231 0.225877
0.774481 0.247211
0.800342 0.297700
0.782100 0.344981
0.879835 0.000578
0.862525 0.000310
0.837975 0.031384
0.826039 0.060148
0.830820 0.083300
0.820504 0.098463
0.819221 0.122846
0.807252 0.141725
0.803134 0.160781
0.798424 0.183222
0.793858 0.201756
0.797360 0.222429
0.804095 0.267139
0.785260 0.319610
0.770420 0.390069
0.888443 0.001037
0.854771 0.033191
0.841730 0.046456
0.843102 0.068095
0.845517 0.092517
0.836832 0.110838
0.837361 0.130062
0.827077 0.146596
0.821995 0.164740
0.816620 0.185226
0.815118 0.209746
0.796962 0.246128
0.813429 0.288980
0.791524 0.319549
0.896680 0.000012
0.905763 0.000743
0.869071 0.032332
0.859448 0.058715
0.861501 0.078977
0.862405 0.101518
0.859023 0.119050
0.854043 0.139188
0.847287 0.156565
0.840308 0.174128
0.832740 0.198285
0.822459 0.226321
0.808607 0.257191
0.818063 0.302848
0.774932 0.384949
0.914150 0.000062
0.887336 0.033767
0.874532 0.047936
0.879421 0.070027
0.878376 0.089891
0.879408 0.115141
0.874910 0.134926
0.871238 0.157067
0.861739 0.173203
0.853652 0.192979
0.836692 0.218751
0.843572 0.237110
0.831928 0.276780
0.827773 0.331503
0.922937 0.000530
0.904450 0.033508
0.894749 0.049805
0.898723 0.070661
0.896704 0.087639
0.896374 0.108169
0.893198 0.132317
0.890689 0.151808
0.886575 0.171321
0.873950 0.191906
0.867280 0.207839
0.858577 0.227367
0.834504 0.254645
0.837482 0.295542
0.785500 0.370139
0.932122 0.000283
0.914524 0.048411
0.917992 0.073011
0.916514 0.093363
0.911971 0.120059
0.912846 0.141685
0.910727 0.161922
0.907491 0.178076
0.892803 0.198698
0.888617 0.216810
0.886042 0.234494
0.865896 0.248379
0.848735 0.264531
0.802820 0.374662
0.940535 0.000104
0.923500 0.035001
0.933867 0.051158
0.928000 0.081400
0.922639 0.109641
0.928747 0.131678
0.929833 0.153959
0.923563 0.181916
0.914713 0.197465
0.910619 0.219340
0.908542 0.241329
0.881194 0.258571
0.877106 0.266987
0.827468 0.328147
0.860220 0.304717
0.949409 0.000531
0.940523 0.036914
0.949620 0.069094
0.950835 0.092030
0.954055 0.140136
0.949021 0.168746
0.949599 0.194699
0.928024 0.212870
0.922954 0.233036
0.921732 0.253996
0.909002 0.267848
0.914141 0.294626
0.856045 0.289521
0.872953 0.351233
0.958276 0.000516
0.975782 0.000489
0.960493 0.041794
0.959183 0.081687
0.948027 0.114647
0.950017 0.153190
0.954394 0.203649
0.954397 0.217887
0.950319 0.237541
0.943703 0.262566
0.945496 0.285660
0.912412 0.306297
0.877181 0.324434
0.875783 0.299095
0.803234 0.367929
0.967154 0.000794
0.961137 0.036359
0.959693 0.062159
0.957305 0.103596
0.952728 0.127281
0.953019 0.178348
0.959878 0.234947
0.962514 0.253945
0.966939 0.269466
0.926288 0.279361
0.953982 0.319360
0.898555 0.281419
0.868687 0.317777
0.839226 0.347593
0.985460 0.000753
0.999112 0.028296
0.997078 0.048060
0.995943 0.079140
0.999146 0.110392
0.999615 0.142778
0.999617 0.174463
0.998635 0.208082
0.969708 0.278968
0.972906 0.305751
0.946280 0.307649
0.933626 0.311412
0.905919 0.338269
0.997171 0.302736
0.840397 0.369207
0.998896 0.000377
0.999701 0.037602
0.999261 0.068556
0.999096 0.099554
0.999153 0.131918
0.993172 0.163959
0.994139 0.196551
0.999260 0.231390
0.998268 0.252517
0.999680 0.276113
0.960981 0.318065
0.924376 0.345493
0.828810 0.356137
0.897078 0.329093
0.998834 0.000547
0.999803 0.018285
0.999353 0.057898
0.998975 0.089056
0.997667 0.121029
0.999846 0.154435
0.999180 0.187210
0.997112 0.218483
0.998401 0.243421
0.999116 0.273036
0.993584 0.306829
0.878095 0.364705
0.926608 0.340442
0.846419 0.366041
0.871465 0.365480
