0.000416 0.012382
0.000407 0.045344
0.000368 0.079861
0.001088 0.115492
0.000795 0.150315
0.000345 0.184842
0.000909 0.219651
0.000586 0.254246
0.000796 0.289080
0.001011 0.323214
0.000313 0.358684
0.000311 0.392599
0.000401 0.426118
0.001716 0.457372
0.009405 0.000890
0.001038 0.025607
0.000055 0.059001
0.000267 0.093940
0.000467 0.129352
0.000244 0.164147
0.000059 0.199805
0.000006 0.233709
0.000874 0.268972
0.000402 0.302891
0.000101 0.337897
0.000202 0.372499
0.000199 0.407434
0.002141 0.446152
0.011151 0.479205
0.000528 0.000520
0.008301 0.034329
0.007922 0.069585
0.007424 0.104042
0.007726 0.139451
0.007931 0.175118
0.007915 0.209011
0.008031 0.243575
0.007429 0.278199
0.008365 0.314240
0.007676 0.348765
0.009388 0.387494
0.010374 0.426701
0.006393 0.466133
0.024363 0.001017
0.023160 0.023222
0.023398 0.054156
0.023865 0.088008
0.023654 0.123395
0.023367 0.158452
0.023402 0.193388
0.023608 0.227921
0.023355 0.262656
0.023582 0.297327
0.023950 0.332755
0.024256 0.368609
0.024848 0.404914
0.025880 0.439179
0.027430 0.479566
0.034183 0.000754
0.032471 0.035753
0.032911 0.070230
0.032352 0.105556
0.032167 0.140937
0.032000 0.175743
0.032041 0.210510
0.032128 0.245160
0.032103 0.279849
0.032347 0.314832
0.032839 0.350659
0.033847 0.387312
0.034953 0.426268
0.035804 0.470782
0.046437 0.000069
0.041476 0.023474
0.040726 0.053993
0.040510 0.087602
0.040274 0.123141
0.040128 0.158310
0.040225 0.193086
0.040253 0.227825
0.040167 0.262449
0.040227 0.297156
0.040346 0.332690
0.040725 0.369058
0.041556 0.405488
0.044875 0.440217
0.046463 0.483266
0.056219 0.000458
0.052533 0.034921
0.052000 0.069948
0.051642 0.105420
0.051549 0.140685
0.051554 0.175520
0.051632 0.210292
0.051489 0.244979
0.051553 0.279688
0.051608 0.314725
0.051822 0.350686
0.052110 0.387794
0.053227 0.428043
0.056028 0.470877
0.067153 0.000226
0.064218 0.024003
0.063664 0.053813
0.063169 0.087350
0.062912 0.122992
0.062760 0.158086
0.062862 0.192932
0.062802 0.227610
0.062776 0.262332
0.062872 0.297247
0.063113 0.332524
0.063574 0.369260
0.064458 0.405875
0.066387 0.441637
0.068951 0.485017
0.077496 0.000267
0.074486 0.035243
0.073883 0.069755
0.073500 0.105204
0.073374 0.140593
0.073217 0.175519
0.073361 0.210261
0.073236 0.245059
0.073349 0.279706
0.073306 0.314839
0.073861 0.350787
0.074532 0.388341
0.075783 0.429221
0.078357 0.472795
0.088259 0.000765
0.085513 0.023481
0.084764 0.053507
0.084308 0.087267
0.083985 0.122807
0.083960 0.158051
0.083967 0.192816
0.084033 0.227581
0.083938 0.262377
0.083912 0.297289
0.083966 0.332837
0.084491 0.369694
0.085560 0.406652
0.087631 0.443410
0.088740 0.486435
0.098319 0.000624
0.095894 0.035184
0.095438 0.069244
0.095109 0.104838
0.094961 0.140444
0.094953 0.175612
0.094955 0.210212
0.094981 0.245113
0.095004 0.279774
0.094938 0.314980
0.095085 0.351090
0.095748 0.389034
0.096819 0.430148
0.098577 0.473446
0.109021 0.000165
0.106966 0.023012
0.106534 0.053189
0.106161 0.087080
0.106012 0.122787
0.105986 0.157966
0.105974 0.193071
0.105947 0.227658
0.105919 0.262326
0.105999 0.297315
0.106070 0.333013
0.106325 0.370089
0.107224 0.407430
0.108193 0.444750
0.109656 0.487639
0.119030 0.000316
0.117561 0.035082
0.117238 0.068992
0.116921 0.104802
0.116873 0.140486
0.117032 0.175568
0.116905 0.210419
0.116780 0.244999
0.117003 0.279845
0.116981 0.315188
0.117133 0.351474
0.117480 0.389554
0.118189 0.430718
0.119152 0.473882
0.129359 0.000494
0.128208 0.022621
0.128003 0.052898
0.127779 0.086883
0.127691 0.122671
0.127778 0.158018
0.127707 0.193008
0.127608 0.227663
0.127597 0.262350
0.127694 0.297339
0.127695 0.333152
0.127797 0.370213
0.128407 0.407913
0.129019 0.445412
0.130031 0.488096
0.139514 0.000717
0.138540 0.035076
0.138429 0.068929
0.138329 0.104756
0.138171 0.140463
0.138276 0.175619
0.138175 0.210311
0.138088 0.245058
0.138257 0.279821
0.138241 0.315126
0.138251 0.351637
0.138479 0.389891
0.138940 0.430911
0.139736 0.473014
0.149638 0.000157
0.149075 0.022386
0.148857 0.052833
0.148766 0.086868
0.148792 0.122646
0.148713 0.158137
0.148768 0.193016
0.148695 0.227772
0.148760 0.262439
0.148767 0.297437
0.148826 0.333200
0.148775 0.370427
0.149076 0.408093
0.149740 0.446034
0.149221 0.488596
0.159682 0.000806
0.159328 0.035185
0.159252 0.068818
0.159241 0.104778
0.159053 0.140346
0.159155 0.175508
0.159068 0.210365
0.159084 0.244997
0.159244 0.279943
0.159118 0.315164
0.159100 0.351548
0.159225 0.390043
0.159537 0.431084
0.159745 0.474667
0.169771 0.000719
0.169594 0.022205
0.169463 0.052851
0.169587 0.086884
0.169395 0.122690
0.169495 0.158062
0.169415 0.192894
0.169426 0.227798
0.169419 0.262392
0.169425 0.297462
0.169464 0.333194
0.169359 0.370360
0.169650 0.408238
0.169590 0.446171
0.170494 0.488579
0.179858 0.000827
0.179838 0.035223
0.179747 0.068742
0.179692 0.104659
0.179683 0.140356
0.179782 0.175489
0.179687 0.210352
0.179585 0.245010
0.179726 0.279898
0.179742 0.315276
0.179630 0.351680
0.179718 0.390159
0.179804 0.431082
0.179988 0.473329
0.189922 0.000879
0.190074 0.022311
0.189950 0.052865
0.189932 0.086808
0.189906 0.122665
0.189950 0.158072
0.189943 0.192912
0.189811 0.227641
0.189797 0.262450
0.189894 0.297410
0.189976 0.333142
0.189865 0.370430
0.189907 0.408247
0.190052 0.446176
0.189980 0.488816
0.199967 0.000397
0.200108 0.035134
0.200136 0.068757
0.200199 0.104808
0.200126 0.140395
0.200195 0.175512
0.200138 0.210315
0.200044 0.245062
0.200149 0.279847
0.200064 0.315087
0.199891 0.351772
0.200001 0.390163
0.200032 0.431135
0.200033 0.473562
0.210008 0.000333
0.210209 0.022254
0.210232 0.052805
0.210357 0.086778
0.210267 0.122650
0.210347 0.157941
0.210414 0.192946
0.210289 0.227500
0.210362 0.262372
0.210238 0.297404
0.210197 0.333197
0.210039 0.370528
0.210377 0.408256
0.210024 0.446239
0.209664 0.488677
0.220089 0.000236
0.220573 0.035234
0.220545 0.068823
0.220487 0.104769
0.220421 0.140347
0.220518 0.175536
0.220578 0.210378
0.220493 0.245054
0.220582 0.279771
0.220650 0.315095
0.220503 0.351666
0.220548 0.390058
0.220379 0.431024
0.220200 0.474009
0.230156 0.000527
0.230589 0.022258
0.230790 0.052830
0.230855 0.086818
0.230875 0.122630
0.231004 0.157969
0.230883 0.193015
0.230922 0.227713
0.230919 0.262384
0.230884 0.297324
0.230888 0.333188
0.230690 0.370449
0.230565 0.408041
0.230468 0.446204
0.230197 0.488562
0.240282 0.000248
0.241095 0.035262
0.241297 0.068890
0.241199 0.104775
0.241280 0.140450
0.241337 0.175510
0.241326 0.210214
0.241303 0.245143
0.241177 0.279788
0.241232 0.315235
0.241183 0.351601
0.241036 0.389918
0.240819 0.430918
0.240341 0.473787
0.250408 0.000321
0.251273 0.022509
0.251573 0.052995
0.251689 0.086770
0.251619 0.122675
0.251874 0.158009
0.251792 0.192903
0.251814 0.227680
0.251769 0.262460
0.251690 0.297409
0.251803 0.333137
0.251626 0.370321
0.251451 0.407909
0.250398 0.445732
0.250378 0.488450
0.260588 0.000111
0.261941 0.035181
0.262210 0.068950
0.262441 0.104715
0.262383 0.140486
0.262481 0.175461
0.262457 0.210314
0.262495 0.244975
0.262479 0.279857
0.262508 0.314965
0.262299 0.351372
0.261916 0.389857
0.261371 0.430683
0.260516 0.473716
0.270719 0.000933
0.272313 0.022865
0.272713 0.053123
0.273045 0.086972
0.273113 0.122776
0.273102 0.158134
0.273145 0.192905
0.273151 0.227688
0.273232 0.262391
0.273145 0.297546
0.273022 0.333044
0.272821 0.370152
0.272126 0.407582
0.271499 0.445071
0.270277 0.487896
0.281079 0.000491
0.283340 0.035226
0.283754 0.069070
0.284161 0.104948
0.284101 0.140427
0.284227 0.175567
0.284182 0.210331
0.284127 0.244973
0.284133 0.279878
0.284080 0.315026
0.283885 0.351366
0.283413 0.389423
0.282564 0.430483
0.280961 0.473491
0.291201 0.000304
0.293872 0.023512
0.294543 0.053484
0.294967 0.087065
0.295329 0.122737
0.295396 0.158074
0.295377 0.192909
0.295332 0.227740
0.295387 0.262317
0.295227 0.297196
0.295179 0.332981
0.294814 0.369860
0.293897 0.406984
0.292049 0.444055
0.290844 0.487198
0.302074 0.000854
0.305360 0.035433
0.305941 0.069290
0.306371 0.105083
0.306489 0.140692
0.306478 0.175678
0.306643 0.210305
0.306478 0.244948
0.306492 0.279828
0.306570 0.314943
0.306319 0.351199
0.305252 0.388753
0.303956 0.429748
0.301656 0.473220
0.312018 0.001128
0.315596 0.024217
0.316257 0.053905
0.316947 0.087251
0.317324 0.122789
0.317498 0.158087
0.317495 0.192850
0.317591 0.227743
0.317483 0.262405
0.317310 0.297289
0.317185 0.332925
0.316596 0.369380
0.315051 0.406257
0.312639 0.442183
0.310824 0.485750
0.322911 0.000398
0.326906 0.035486
0.327571 0.069820
0.327933 0.105294
0.328275 0.140562
0.328455 0.175591
0.328602 0.210318
0.328546 0.245059
0.328366 0.279692
0.328295 0.314801
0.327928 0.350791
0.327117 0.387763
0.325439 0.428515
0.322014 0.472363
0.333203 0.000628
0.338411 0.024491
0.339381 0.054272
0.340293 0.087457
0.340491 0.123128
0.340643 0.158008
0.340641 0.192765
0.340806 0.227717
0.340800 0.262282
0.340594 0.297217
0.340616 0.332592
0.340224 0.369014
0.338949 0.405259
0.335984 0.440746
0.332075 0.484378
0.344759 0.000191
0.352005 0.035855
0.352464 0.070579
0.353249 0.105497
0.353435 0.140629
0.353621 0.175401
0.353617 0.210422
0.353606 0.245112
0.353694 0.279784
0.353473 0.314834
0.353102 0.350419
0.351658 0.386812
0.349470 0.426634
0.344693 0.470026
0.354772 0.001001
0.359757 0.025948
0.361202 0.054186
0.361619 0.087927
0.362410 0.123197
0.362630 0.158109
0.362649 0.192852
0.362932 0.227660
0.362495 0.262490
0.362650 0.297092
0.361995 0.332297
0.361024 0.368388
0.358612 0.404442
0.352829 0.437358
0.353076 0.480262
0.368229 0.001457
0.371520 0.036277
0.371318 0.070855
0.372216 0.105958
0.372610 0.140765
0.372718 0.175508
0.372771 0.210523
0.372771 0.244704
0.372898 0.279801
0.372464 0.314478
0.371838 0.349671
0.370470 0.385228
0.368136 0.422900
0.365930 0.470018
0.379083 0.000678
0.389398 0.023711
0.387852 0.054213
0.388900 0.087827
0.389170 0.123544
0.389461 0.158188
0.389059 0.192505
0.389352 0.228004
0.389280 0.262623
0.389511 0.297175
0.388995 0.332003
0.388688 0.367527
0.387270 0.403180
0.386596 0.437923
0.381708 0.475340
0.403350 0.000939
0.404537 0.035606
0.404626 0.071554
0.405665 0.106133
0.405740 0.140956
0.405912 0.175558
0.406313 0.210279
0.406106 0.245149
0.405863 0.279545
0.405959 0.314596
0.405444 0.348969
0.404060 0.383983
0.401021 0.421221
0.394064 0.460928
0.398439 0.000312
0.403337 0.018766
0.402427 0.054884
0.402932 0.089422
0.403445 0.123669
0.403683 0.158686
0.403666 0.193746
0.403788 0.227368
0.403672 0.261701
0.403841 0.297031
0.403382 0.331764
0.402726 0.367200
0.400719 0.401652
0.396356 0.438823
0.383920 0.466254
0.582940 0.012519
0.587198 0.038913
0.587662 0.071492
0.586775 0.105895
0.586430 0.140482
0.586227 0.174706
0.586056 0.210255
0.586145 0.245256
0.586245 0.279737
0.586373 0.315020
0.587067 0.349700
0.588479 0.384620
0.590479 0.418781
0.596018 0.448070
0.607241 0.000419
0.585566 0.020689
0.585418 0.054478
0.584717 0.088800
0.584234 0.123805
0.583765 0.158571
0.584128 0.192954
0.584009 0.227523
0.583988 0.262562
0.584027 0.296747
0.584199 0.331839
0.585008 0.366864
0.586845 0.401436
0.591492 0.438632
0.610840 0.475812
0.594972 0.000802
0.603803 0.034035
0.601277 0.070832
0.601005 0.106264
0.600830 0.141136
0.601125 0.176286
0.600671 0.210228
0.600792 0.244812
0.600636 0.279587
0.600868 0.314110
0.600962 0.349492
0.601766 0.385295
0.605311 0.424503
0.605772 0.464041
0.623504 0.001050
0.618134 0.024800
0.618730 0.054266
0.618145 0.088084
0.617587 0.123489
0.617414 0.158329
0.617360 0.193035
0.616960 0.227815
0.617218 0.262388
0.617480 0.297225
0.617681 0.331911
0.618782 0.367770
0.621009 0.403146
0.622870 0.436870
0.626936 0.478476
0.631805 0.000297
0.628342 0.035569
0.628888 0.070555
0.628143 0.105488
0.627453 0.140603
0.627371 0.175734
0.627283 0.210400
0.627256 0.245095
0.627244 0.279627
0.627355 0.314720
0.628300 0.350127
0.630110 0.386593
0.632507 0.425437
0.634851 0.470458
0.645252 0.000480
0.639216 0.024420
0.637902 0.054355
0.637070 0.087773
0.636571 0.122971
0.636620 0.158221
0.636449 0.193050
0.636416 0.227788
0.636300 0.262235
0.636417 0.297090
0.636698 0.332595
0.637485 0.368669
0.639220 0.405020
0.644087 0.439474
0.646081 0.482779
0.655905 0.000891
0.650779 0.035373
0.649904 0.069931
0.649443 0.105159
0.649227 0.140531
0.649364 0.175508
0.649263 0.210448
0.649238 0.245045
0.649204 0.279756
0.649459 0.314791
0.649585 0.350567
0.650337 0.387370
0.652007 0.427895
0.656118 0.470680
0.667352 0.000720
0.663368 0.024411
0.662652 0.054102
0.662083 0.087356
0.661766 0.122968
0.661637 0.158162
0.661599 0.192941
0.661425 0.227623
0.661618 0.262369
0.661564 0.297228
0.661846 0.332622
0.662391 0.369205
0.663654 0.405912
0.666039 0.441680
0.669042 0.485056
0.677347 0.000019
0.673823 0.035329
0.673422 0.069480
0.672863 0.105151
0.672625 0.140567
0.672386 0.175472
0.672379 0.210146
0.672520 0.244971
0.672494 0.279799
0.672575 0.314919
0.673109 0.350811
0.674018 0.388362
0.675626 0.429046
0.678231 0.472783
0.688245 0.000702
0.685029 0.023553
0.684362 0.053720
0.683731 0.087202
0.683465 0.122890
0.683458 0.158109
0.683423 0.193032
0.683320 0.227665
0.683360 0.262376
0.683438 0.297363
0.683558 0.332822
0.684023 0.369662
0.685427 0.406611
0.687275 0.443254
0.689248 0.486495
0.698407 0.000651
0.695632 0.035212
0.695060 0.069269
0.694694 0.104994
0.694624 0.140574
0.694743 0.175553
0.694654 0.210232
0.694580 0.244859
0.694648 0.279787
0.694659 0.314965
0.694953 0.351235
0.695448 0.389096
0.696564 0.430174
0.698522 0.472929
0.708827 0.000458
0.706853 0.023044
0.706448 0.053264
0.706261 0.087098
0.705903 0.122790
0.705869 0.158022
0.705839 0.192914
0.705837 0.227491
0.705776 0.262356
0.705747 0.297314
0.705878 0.333003
0.706392 0.369874
0.707075 0.407296
0.708428 0.444532
0.709231 0.487659
0.719093 0.000238
0.717374 0.035100
0.717213 0.069091
0.716982 0.104909
0.716846 0.140493
0.716884 0.175636
0.716857 0.210296
0.716833 0.245005
0.716624 0.279794
0.716735 0.315024
0.716983 0.351453
0.717379 0.389556
0.718064 0.430570
0.719329 0.473474
0.729364 0.000836
0.728317 0.022562
0.727929 0.052985
0.727826 0.086964
0.727596 0.122654
0.727548 0.158046
0.727650 0.192918
0.727687 0.227488
0.727528 0.262398
0.727599 0.297327
0.727588 0.333081
0.727667 0.370257
0.728205 0.407938
0.728970 0.445480
0.729242 0.488216
0.739455 0.000265
0.738524 0.035120
0.738458 0.068908
0.738302 0.104773
0.738186 0.140504
0.738073 0.175521
0.738157 0.210202
0.738141 0.245062
0.738224 0.279921
0.738155 0.315056
0.738338 0.351566
0.738528 0.389869
0.739009 0.430884
0.739612 0.473982
0.749673 0.000740
0.748918 0.022263
0.748956 0.052848
0.748842 0.086798
0.748758 0.122735
0.748659 0.158181
0.748689 0.192970
0.748658 0.227705
0.748555 0.262449
0.748724 0.297333
0.748732 0.333296
0.748922 0.370470
0.749178 0.408103
0.749602 0.445839
0.750056 0.488488
0.759766 0.000977
0.759274 0.035139
0.759213 0.068946
0.759062 0.104691
0.759111 0.140569
0.759069 0.175517
0.759093 0.210251
0.759073 0.245035
0.759223 0.279918
0.759093 0.315207
0.759138 0.351582
0.759236 0.390052
0.759407 0.430834
0.759858 0.473669
0.769814 0.000473
0.769389 0.022374
0.769440 0.052801
0.769412 0.086791
0.769502 0.122624
0.769441 0.158002
0.769465 0.192923
0.769416 0.227735
0.769451 0.262479
0.769410 0.297438
0.769377 0.333286
0.769539 0.370653
0.769771 0.408291
0.769875 0.446140
0.769949 0.488746
0.779877 0.000114
0.779752 0.035138
0.779802 0.068853
0.779603 0.104801
0.779728 0.140357
0.779732 0.175581
0.779709 0.210336
0.779724 0.244993
0.779665 0.279853
0.779568 0.315072
0.779751 0.351640
0.779894 0.390295
0.779888 0.431028
0.780057 0.473616
0.789946 0.000036
0.789900 0.022419
0.789935 0.052856
0.789907 0.086928
0.789892 0.122664
0.789928 0.157952
0.789971 0.192959
0.790018 0.227627
0.789920 0.262424
0.789964 0.297370
0.789921 0.333159
0.789833 0.370627
0.789906 0.408255
0.790057 0.446367
0.789517 0.488818
0.800002 0.000836
0.800107 0.035131
0.800087 0.068833
0.800167 0.104823
0.800137 0.140230
0.800128 0.175499
0.800121 0.210295
0.800111 0.245027
0.800154 0.279762
0.800161 0.315041
0.800089 0.351551
0.799985 0.390317
0.800021 0.431022
0.799977 0.474122
0.810028 0.000451
0.810374 0.022185
0.810271 0.052833
0.810227 0.086962
0.810265 0.122723
0.810454 0.158107
0.810398 0.192955
0.810340 0.227757
0.810245 0.262466
0.810249 0.297330
0.810255 0.333185
0.810311 0.370525
0.810186 0.408238
0.810146 0.446301
0.810080 0.488571
0.820082 0.001057
0.820525 0.035234
0.820522 0.068900
0.820388 0.104777
0.820644 0.140437
0.820609 0.175507
0.820618 0.210326
0.820523 0.244935
0.820570 0.279783
0.820428 0.315266
0.820612 0.351548
0.820450 0.390098
0.820303 0.430981
0.820241 0.473621
0.830153 0.001024
0.830762 0.022326
0.830800 0.052928
0.830782 0.086909
0.830985 0.122761
0.831080 0.158016
0.830846 0.193026
0.830949 0.227630
0.830892 0.262463
0.830889 0.297271
0.830928 0.333184
0.830796 0.370441
0.830548 0.408205
0.830060 0.446187
0.829884 0.488617
0.840275 0.000552
0.841208 0.035207
0.841182 0.068969
0.841334 0.104809
0.841435 0.140479
0.841423 0.175526
0.841371 0.210293
0.841243 0.245011
0.841160 0.279862
0.841203 0.315125
0.841196 0.351521
0.841162 0.389979
0.840726 0.431160
0.840016 0.473998
0.850392 0.001054
0.851459 0.022658
0.851603 0.052920
0.851739 0.086918
0.851837 0.122703
0.851845 0.158021
0.851889 0.192893
0.851889 0.227406
0.851734 0.262449
0.851824 0.297294
0.851736 0.333260
0.851640 0.370357
0.851166 0.407851
0.850709 0.445759
0.850467 0.488400
0.860660 0.000381
0.862035 0.035205
0.862282 0.069108
0.862417 0.104798
0.862339 0.140505
0.862481 0.175474
0.862507 0.210266
0.862498 0.245070
0.862513 0.279790
0.862548 0.315149
0.862263 0.351458
0.861949 0.389742
0.861473 0.430877
0.860538 0.473402
0.870725 0.000055
0.872498 0.022751
0.872685 0.053130
0.873097 0.087060
0.873294 0.122814
0.873356 0.158134
0.873320 0.192936
0.873280 0.227644
0.873168 0.262440
0.873183 0.297325
0.873097 0.333074
0.872914 0.370232
0.872414 0.407521
0.871179 0.445079
0.870106 0.487923
0.881116 0.000896
0.883268 0.035164
0.883826 0.069126
0.884115 0.104832
0.884153 0.140463
0.884262 0.175500
0.884104 0.210171
0.884276 0.244927
0.884120 0.279721
0.884133 0.315189
0.883921 0.351346
0.883572 0.389278
0.882668 0.430268
0.881161 0.473909
0.891163 0.000207
0.893960 0.023248
0.894510 0.053598
0.894963 0.087178
0.895302 0.122714
0.895431 0.158061
0.895318 0.193000
0.895466 0.227753
0.895422 0.262384
0.895419 0.297379
0.895139 0.332862
0.894945 0.369969
0.893930 0.407054
0.892387 0.443990
0.891126 0.487008
0.901842 0.000942
0.905219 0.035381
0.905965 0.069284
0.906396 0.105028
0.906762 0.140601
0.906645 0.175668
0.906698 0.210303
0.906790 0.244978
0.906690 0.279807
0.906362 0.315012
0.906190 0.351036
0.905492 0.388967
0.903877 0.429802
0.901775 0.472908
0.912022 0.001021
0.915326 0.024142
0.916132 0.053901
0.916913 0.087316
0.917474 0.123017
0.917614 0.158092
0.917444 0.192961
0.917683 0.227517
0.917565 0.262357
0.917502 0.297370
0.917171 0.332726
0.916615 0.369445
0.915003 0.406154
0.912841 0.442406
0.910969 0.485838
0.922850 0.000407
0.926630 0.035428
0.927589 0.069869
0.927951 0.105340
0.928213 0.140612
0.928442 0.175576
0.928535 0.210355
0.928408 0.245073
0.928478 0.279775
0.928252 0.314715
0.927909 0.350423
0.926904 0.387910
0.925537 0.428567
0.922128 0.472062
0.933022 0.000772
0.937985 0.024639
0.939230 0.054277
0.940240 0.087648
0.940552 0.123165
0.940544 0.158423
0.940700 0.192861
0.940891 0.227494
0.940597 0.262421
0.940536 0.297405
0.940237 0.332604
0.940104 0.368991
0.938868 0.405473
0.935761 0.440782
0.932268 0.484376
0.944966 0.000333
0.951809 0.036046
0.952285 0.070453
0.952961 0.105465
0.953339 0.140625
0.953321 0.175658
0.953419 0.210378
0.953343 0.245036
0.953294 0.279665
0.953113 0.314720
0.952795 0.350373
0.951678 0.386949
0.949327 0.426587
0.944851 0.469898
0.955203 0.000424
0.959529 0.026247
0.960909 0.054263
0.961388 0.088063
0.962083 0.123275
0.962481 0.158336
0.962347 0.192957
0.962397 0.227580
0.962291 0.262533
0.962173 0.297268
0.962121 0.332430
0.960906 0.368299
0.958590 0.404441
0.952734 0.437179
0.952688 0.480298
0.967311 0.000566
0.971303 0.036459
0.971045 0.070969
0.971943 0.105687
0.972188 0.140916
0.972195 0.175644
0.972315 0.210380
0.972327 0.245080
0.972296 0.279740
0.971961 0.314846
0.971563 0.349731
0.970049 0.385417
0.968293 0.422723
0.965814 0.469822
0.978268 0.000840
0.988721 0.025322
0.987403 0.054398
0.988137 0.088364
0.988599 0.123467
0.988616 0.157376
0.988322 0.193227
0.988713 0.228135
0.988375 0.262353
0.988219 0.297576
0.988517 0.332025
0.987910 0.367350
0.987002 0.403016
0.986811 0.438271
0.981734 0.475145
0.995968 0.002084
0.998260 0.039506
0.997244 0.074926
0.997061 0.109643
0.997366 0.144478
0.996787 0.179571
0.996859 0.214052
0.996842 0.248951
0.996730 0.283576
0.996876 0.318159
0.997251 0.353015
0.997637 0.387624
0.999285 0.422590
0.993607 0.461434
0.993668 0.000348
0.999029 0.021411
0.999007 0.055952
0.999032 0.090352
0.998382 0.125553
0.998333 0.161395
0.998946 0.194910
0.998486 0.229314
0.998295 0.264522
0.998525 0.298541
0.998414 0.333969
0.998797 0.368922
0.998979 0.402733
0.996401 0.438389
0.983679 0.465912
