0.000801 0.018339
0.001114 0.047289
0.000397 0.077685
0.000726 0.118857
0.000096 0.149437
0.000408 0.182697
0.000394 0.204596
0.000530 0.227540
0.004233 0.246448
0.027928 0.299098
0.135290 0.314540
0.058980 0.316946
0.115825 0.317502
0.156423 0.346321
0.000046 0.002721
0.000656 0.028073
0.000426 0.057543
0.002938 0.098003
0.001749 0.128512
0.001699 0.170658
0.000458 0.193516
0.000843 0.213124
0.002624 0.237125
0.004141 0.265503
0.008965 0.268524
0.020727 0.291845
0.096466 0.305773
0.120987 0.320484
0.152564 0.353985
0.000446 0.000580
0.000181 0.037390
0.000370 0.067491
0.000700 0.087786
0.000662 0.108046
0.001680 0.139095
0.000994 0.161236
0.042977 0.214342
0.039698 0.236476
0.036442 0.243622
0.039705 0.276820
0.070228 0.310730
0.061749 0.320068
0.162522 0.355211
0.013759 0.000709
0.037602 0.035740
0.033358 0.043358
0.037217 0.080687
0.037587 0.105598
0.041629 0.137424
0.046815 0.164472
0.044469 0.192490
0.053852 0.224591
0.058718 0.254611
0.030995 0.266605
0.072209 0.285362
0.035128 0.300560
0.089549 0.301975
0.193473 0.371267
0.023283 0.000003
0.053183 0.048365
0.035584 0.066852
0.048356 0.092319
0.038819 0.118939
0.043848 0.153172
0.047775 0.177486
0.049562 0.202322
0.075374 0.240982
0.094309 0.248782
0.054730 0.273386
0.121831 0.275796
0.086319 0.281449
0.160386 0.325708
0.040604 0.000101
0.031987 0.000337
0.072970 0.065426
0.051002 0.069257
0.056254 0.112517
0.056019 0.133633
0.072330 0.152962
0.075819 0.173265
0.080565 0.197648
0.080832 0.213245
0.086182 0.237042
0.076577 0.269551
0.132119 0.291271
0.138993 0.299762
0.206669 0.367397
0.049421 0.000228
0.055084 0.032505
0.075353 0.080820
0.073515 0.098234
0.079857 0.117532
0.083486 0.134347
0.087677 0.157540
0.088904 0.178847
0.091726 0.204155
0.112307 0.214138
0.112902 0.241879
0.113072 0.244701
0.127997 0.277402
0.167254 0.315250
0.058554 0.000023
0.072167 0.033286
0.079100 0.046610
0.092472 0.070312
0.092469 0.093182
0.096338 0.112884
0.101226 0.133379
0.106279 0.155743
0.113987 0.175935
0.115979 0.198339
0.129778 0.209991
0.151793 0.244972
0.153339 0.254959
0.170328 0.280999
0.192904 0.375110
0.067203 0.000981
0.090175 0.033515
0.100765 0.047573
0.109985 0.073882
0.112547 0.093300
0.118142 0.115964
0.121017 0.135986
0.125583 0.158654
0.129587 0.176140
0.133861 0.203599
0.159255 0.226089
0.163735 0.257565
0.179243 0.282883
0.184371 0.315612
0.076171 0.000642
0.084861 0.000473
0.109027 0.033408
0.118204 0.059106
0.129565 0.078862
0.129260 0.101118
0.136504 0.121343
0.141298 0.142718
0.143171 0.160730
0.156230 0.186408
0.157674 0.209508
0.172057 0.231010
0.198192 0.265635
0.180335 0.308317
0.232641 0.372296
0.093461 0.000214
0.123964 0.033197
0.132406 0.045456
0.143596 0.068085
0.147050 0.089122
0.152290 0.109172
0.157352 0.128821
0.162759 0.149507
0.163484 0.174598
0.171156 0.189840
0.179159 0.219701
0.206291 0.243755
0.191718 0.271481
0.212931 0.344685
0.102351 0.000197
0.119639 0.000322
0.144163 0.033006
0.153420 0.052779
0.162595 0.074029
0.167393 0.094438
0.172351 0.113629
0.176057 0.135120
0.178740 0.157290
0.184486 0.180746
0.196232 0.204443
0.189883 0.216514
0.225004 0.252038
0.224577 0.304823
0.249388 0.369503
0.110970 0.000133
0.159473 0.033197
0.172391 0.048197
0.180009 0.069194
0.184616 0.088143
0.190885 0.108857
0.194606 0.128811
0.195232 0.151933
0.201871 0.171671
0.204757 0.191857
0.217748 0.216122
0.210467 0.247673
0.232143 0.305205
0.210658 0.338045
0.128388 0.000486
0.154212 0.000187
0.177711 0.032912
0.193419 0.049800
0.199287 0.070568
0.203761 0.089877
0.209596 0.114171
0.210107 0.137403
0.216840 0.162906
0.220959 0.181759
0.227545 0.209784
0.237366 0.222401
0.244554 0.261175
0.232061 0.323066
0.242472 0.352403
0.136977 0.000213
0.194750 0.032507
0.211859 0.050629
0.218250 0.070841
0.221075 0.098838
0.228947 0.121238
0.230348 0.138142
0.234595 0.153857
0.236900 0.177717
0.245059 0.198126
0.249691 0.219994
0.238740 0.257220
0.247876 0.310615
0.255148 0.331004
0.145475 0.000012
0.188166 0.000491
0.211810 0.032079
0.228751 0.044865
0.230916 0.082856
0.241371 0.105572
0.249544 0.128840
0.251570 0.163275
0.257936 0.182265
0.263190 0.201230
0.266171 0.228720
0.272336 0.244182
0.269704 0.308804
0.269329 0.327293
0.223139 0.363779
0.162684 0.000606
0.232149 0.030891
0.238251 0.066466
0.252170 0.087455
0.258284 0.109041
0.267724 0.136766
0.262066 0.150106
0.275812 0.181177
0.278990 0.207468
0.286878 0.231052
0.284414 0.247630
0.264414 0.268248
0.289199 0.354116
0.261353 0.364380
0.171295 0.000564
0.251680 0.031535
0.247872 0.046277
0.256515 0.070026
0.270152 0.093668
0.275986 0.115855
0.282551 0.155085
0.290030 0.172284
0.291946 0.195439
0.297826 0.215650
0.306820 0.243618
0.267810 0.271647
0.281927 0.301408
0.264835 0.353178
0.291577 0.381316
0.179658 0.000180
0.267169 0.052328
0.276160 0.071845
0.288217 0.087909
0.291014 0.107799
0.286951 0.132162
0.308599 0.176841
0.311983 0.199454
0.313740 0.226094
0.316203 0.250881
0.299449 0.278008
0.290846 0.289359
0.290011 0.318869
0.317244 0.405497
0.196631 0.001020
0.267750 0.032714
0.285380 0.051158
0.295458 0.069752
0.306329 0.100148
0.305336 0.129779
0.300745 0.153685
0.327425 0.189989
0.324196 0.214034
0.337036 0.274018
0.325551 0.269879
0.305248 0.334132
0.306493 0.313809
0.328342 0.358644
0.319205 0.403092
0.205096 0.000226
0.283295 0.032508
0.304601 0.047895
0.310830 0.080472
0.316984 0.116611
0.316527 0.143227
0.321466 0.164880
0.343781 0.203821
0.332906 0.238263
0.327996 0.300697
0.307098 0.276604
0.342276 0.335262
0.298469 0.341796
0.295689 0.385217
0.213477 0.000258
0.263291 0.000110
0.298467 0.032167
0.316256 0.063711
0.327078 0.099551
0.331335 0.129631
0.336468 0.152369
0.338478 0.177604
0.344324 0.222717
0.341901 0.254497
0.362326 0.323068
0.342940 0.312512
0.323339 0.311388
0.352299 0.392914
0.303767 0.367315
0.221790 0.000501
0.315343 0.031522
0.326208 0.043413
0.331469 0.083796
0.341679 0.109459
0.352355 0.145364
0.354337 0.170665
0.356281 0.193421
0.356274 0.247130
0.346862 0.293999
0.369067 0.346535
0.351151 0.345186
0.335910 0.358251
0.318781 0.379620
0.230209 0.000070
0.296077 0.000790
0.334015 0.030267
0.334255 0.064061
0.351794 0.094085
0.349418 0.127303
0.367971 0.154180
0.371962 0.189074
0.362057 0.220302
0.388677 0.262448
0.370363 0.270049
0.356149 0.271327
0.374196 0.368408
0.397354 0.375388
0.341948 0.394895
0.238500 0.000559
0.349950 0.032743
0.345551 0.048415
0.348932 0.076162
0.365877 0.112681
0.369458 0.130904
0.377901 0.172043
0.374656 0.209211
0.370088 0.239579
0.393611 0.317537
0.365770 0.299266
0.387177 0.356463
0.365426 0.393815
0.358933 0.373929
0.246749 0.000228
0.320209 0.000751
0.363247 0.048311
0.362238 0.069912
0.368266 0.092586
0.383765 0.119716
0.384779 0.148636
0.390018 0.192143
0.384531 0.240580
0.404636 0.257257
0.393744 0.284007
0.375516 0.290038
0.414302 0.374789
0.396181 0.427155
0.380294 0.392957
0.255054 0.000794
0.365233 0.028658
0.376322 0.059327
0.381477 0.079966
0.385676 0.097325
0.396975 0.134674
0.397731 0.168237
0.390318 0.218850
0.401307 0.237385
0.410246 0.278467
0.375423 0.324931
0.412445 0.363845
0.403288 0.450343
0.388863 0.406325
0.271507 0.000216
0.344739 0.000042
0.377367 0.036626
0.391979 0.064827
0.401365 0.086958
0.400621 0.116238
0.406948 0.152998
0.404117 0.204759
0.412788 0.222847
0.423122 0.244614
0.423533 0.299888
0.395221 0.341221
0.435218 0.381215
0.406088 0.408911
0.417563 0.404587
0.279728 0.000700
0.388640 0.027754
0.396938 0.048166
0.410112 0.103242
0.422586 0.121092
0.417496 0.137165
0.426505 0.180140
0.408012 0.182066
0.422288 0.203980
0.430232 0.222369
0.403699 0.301322
0.395796 0.438286
0.474462 0.536204
0.429296 0.475685
0.287803 0.000380
0.368761 0.000655
0.408335 0.069547
0.414937 0.046863
0.421076 0.085395
0.437571 0.139028
0.422317 0.162880
0.446027 0.174879
0.438057 0.194549
0.434699 0.252281
0.426511 0.270122
0.434854 0.319192
0.432760 0.349746
0.407374 0.322501
0.427921 0.451441
0.304179 0.000178
0.401880 0.031933
0.423487 0.066874
0.439968 0.076669
0.430986 0.101899
0.442023 0.121727
0.440844 0.157988
0.449036 0.206843
0.447592 0.226085
0.437058 0.291371
0.444195 0.322042
0.455358 0.403438
0.406395 0.457228
0.438724 0.423441
0.312313 0.000057
0.415461 0.028001
0.433293 0.053719
0.445047 0.093242
0.455025 0.110377
0.472513 0.160329
0.471230 0.186517
0.458069 0.149026
0.461189 0.175461
0.457155 0.301361
0.465314 0.327032
0.461155 0.348558
0.446365 0.349527
0.433831 0.403609
0.415690 0.341234
0.328548 0.000262
0.428582 0.031842
0.448519 0.046983
0.452739 0.064472
0.469682 0.101421
0.459788 0.130145
0.486095 0.175379
0.479275 0.212343
0.454531 0.246930
0.446091 0.271148
0.458639 0.281602
0.448993 0.379731
0.441293 0.509703
0.436448 0.433094
0.336600 0.000324
0.408643 0.000102
0.441483 0.028770
0.455660 0.027236
0.459878 0.082662
0.475878 0.119149
0.477097 0.140091
0.491079 0.198037
0.465744 0.207045
0.471973 0.255270
0.475443 0.308498
0.464250 0.417718
0.479323 0.415611
0.442027 0.452182
0.438900 0.505513
0.352780 0.000301
0.471680 0.026952
0.468858 0.059035
0.490542 0.127362
0.491916 0.150501
0.500973 0.216101
0.482979 0.231838
0.462996 0.231016
0.479069 0.383115
0.465617 0.382910
0.476481 0.353698
0.484546 0.443306
0.435772 0.584714
0.433319 0.476894
0.360700 0.000186
0.416591 0.000143
0.479574 0.000109
0.486863 0.029404
0.465578 0.041254
0.506882 0.131616
0.503004 0.188643
0.500934 0.165153
0.491274 0.318632
0.483384 0.254789
0.475328 0.488056
0.495763 0.409266
0.466544 0.474926
0.471884 0.441622
0.493437 0.546495
0.376811 0.000077
0.463931 0.000726
0.485736 0.049047
0.476272 0.076879
0.518223 0.214263
0.511875 0.231284
0.502950 0.241754
0.496320 0.294681
0.489186 0.365739
0.468083 0.523338
0.464111 0.512605
0.436273 0.594449
0.461770 0.492657
0.459520 0.457543
0.384873 0.000951
0.455968 0.000306
0.487363 0.000068
0.499882 0.031103
0.527636 0.100218
0.521765 0.306559
0.506756 0.281778
0.492888 0.272076
0.558712 0.832285
0.446309 0.628423
0.464804 0.647239
0.697634 0.694883
0.559502 0.666440
0.422533 0.626062
0.449901 0.579256
0.424403 0.000740
0.471788 0.000990
0.575858 0.045839
0.496564 0.085533
0.489108 0.064926
0.512932 0.310135
0.513087 0.335696
0.475879 0.284500
0.502501 0.427200
0.483869 0.334628
0.473905 0.566847
0.434669 0.607774
0.455438 0.552646
0.453071 0.561643
0.400787 0.000024
0.440153 0.000320
0.510754 0.001123
0.504106 0.047189
0.571580 0.842864
0.511402 0.149654
0.580332 0.640135
0.504261 0.345665
0.489502 0.488991
0.492733 0.454979
0.711938 0.698489
0.587711 0.634998
0.579745 0.631909
0.466665 0.650808
0.419800 0.622905
0.534217 0.000989
0.502961 0.000117
0.432276 0.000309
0.307638 0.475583
0.510320 0.094904
0.519760 0.191403
0.504151 0.478687
0.573394 0.847499
0.551159 0.659675
0.490280 0.682806
0.699643 0.686299
0.557122 0.652614
0.488512 0.667879
0.483087 0.618152
0.596666 0.000542
0.549758 0.000133
0.392853 0.000560
0.495156 0.000266
0.530799 0.027825
0.496038 0.109954
0.515878 0.170638
0.526736 0.271096
0.510781 0.445432
0.508734 0.586126
0.491559 0.522988
0.479629 0.597671
0.509510 0.602504
0.482486 0.632783
0.537913 0.626113
0.588801 0.000165
0.518590 0.000782
0.448068 0.000209
0.521086 0.043356
0.484776 0.095643
0.715138 0.702036
0.442592 0.636684
0.486629 0.572372
0.496061 0.634645
0.569269 0.829891
0.473510 0.599396
0.492837 0.680257
0.541163 0.648832
0.540203 0.565946
0.612401 0.000537
0.565329 0.000384
0.514022 0.027157
0.526401 0.000328
0.514268 0.113774
0.518935 0.078909
0.523990 0.136719
0.517943 0.258858
0.532753 0.252868
0.497113 0.387715
0.511535 0.403692
0.503024 0.561689
0.536576 0.628771
0.507241 0.627456
0.536721 0.424204
0.628207 0.000152
0.541997 0.000437
0.538008 0.040064
0.520913 0.061606
0.505446 0.067686
0.532265 0.153140
0.537343 0.216255
0.542633 0.230538
0.547049 0.265602
0.509363 0.366942
0.500307 0.532388
0.535109 0.524153
0.514984 0.611683
0.529151 0.581769
0.636097 0.000087
0.557556 0.000517
0.562675 0.032102
0.555062 0.047575
0.537221 0.062042
0.533827 0.169560
0.532669 0.192905
0.556544 0.212602
0.540770 0.290666
0.525874 0.381930
0.522087 0.430745
0.529198 0.454217
0.519260 0.564570
0.538991 0.381752
0.517552 0.508989
0.651970 0.000267
0.576093 0.027759
0.564561 0.061570
0.548943 0.026568
0.536755 0.084169
0.529251 0.120210
0.545271 0.141354
0.550608 0.165913
0.552758 0.239278
0.533681 0.337560
0.528816 0.404437
0.526860 0.358470
0.519493 0.470448
0.509344 0.511106
0.659911 0.000739
0.573064 0.000002
0.589491 0.028448
0.543666 0.105061
0.547648 0.071508
0.556177 0.085487
0.547947 0.124200
0.561816 0.136350
0.546347 0.190156
0.564301 0.258369
0.551706 0.293687
0.545242 0.361027
0.565909 0.410715
0.553928 0.452038
0.580405 0.448525
0.675787 0.000622
0.580940 0.000754
0.604553 0.000161
0.573853 0.074704
0.560712 0.105311
0.580447 0.150631
0.563360 0.154574
0.570805 0.222693
0.578328 0.237008
0.567433 0.275383
0.543636 0.321923
0.557233 0.384165
0.535726 0.525486
0.542800 0.569398
0.683660 0.000030
0.620332 0.000290
0.604624 0.027631
0.587671 0.063281
0.573420 0.093317
0.570293 0.118538
0.565597 0.175427
0.562381 0.191813
0.577457 0.202086
0.588142 0.222475
0.553730 0.322847
0.571013 0.305008
0.572911 0.332403
0.575498 0.352186
0.589832 0.445749
0.699597 0.000484
0.613042 0.042768
0.602050 0.073508
0.593824 0.047420
0.590019 0.089303
0.586316 0.112679
0.581649 0.134474
0.581820 0.175230
0.597169 0.268908
0.583133 0.260046
0.582780 0.315479
0.557220 0.410068
0.513237 0.490126
0.564373 0.455503
0.707676 0.000261
0.643968 0.000889
0.620661 0.026975
0.611000 0.059841
0.601758 0.104679
0.599395 0.127906
0.593755 0.162996
0.598848 0.184412
0.592338 0.198817
0.611179 0.285254
0.584449 0.282823
0.598282 0.332849
0.561078 0.352641
0.571141 0.375533
0.579393 0.399206
0.715627 0.001205
0.630771 0.046766
0.627184 0.066546
0.609867 0.087001
0.614780 0.118498
0.602642 0.147981
0.612064 0.169297
0.610507 0.204827
0.601108 0.236277
0.595545 0.300595
0.609195 0.376862
0.589081 0.369506
0.549873 0.433316
0.539286 0.476457
0.731897 0.000364
0.667818 0.000558
0.635616 0.031241
0.644059 0.056953
0.627920 0.083726
0.624272 0.103843
0.616905 0.136272
0.618425 0.188670
0.609619 0.223017
0.609047 0.250018
0.624636 0.292778
0.640955 0.280811
0.595485 0.387260
0.584825 0.428076
0.626157 0.420869
0.739823 0.000731
0.650259 0.028033
0.655176 0.042827
0.645810 0.076009
0.640626 0.097189
0.635138 0.131957
0.625090 0.157863
0.627366 0.212970
0.627149 0.236788
0.621521 0.267880
0.603909 0.317020
0.544418 0.473205
0.655723 0.354195
0.619064 0.415274
0.747968 0.001197
0.691683 0.000076
0.667750 0.029562
0.660509 0.064639
0.656658 0.091638
0.642258 0.116065
0.639203 0.150805
0.631113 0.177236
0.639322 0.200379
0.643346 0.226998
0.630837 0.320621
0.638628 0.327920
0.604339 0.351773
0.664850 0.406973
0.603651 0.425641
0.755957 0.000383
0.681219 0.031711
0.672409 0.050944
0.669952 0.081369
0.662251 0.113252
0.653238 0.136764
0.647899 0.179613
0.655656 0.215617
0.631121 0.254477
0.654977 0.272553
0.600660 0.406191
0.629478 0.370688
0.684366 0.389682
0.667795 0.381237
0.764184 0.000754
0.723873 0.000911
0.697116 0.029595
0.683100 0.064026
0.675718 0.101098
0.669807 0.128160
0.655587 0.161471
0.659393 0.197692
0.660922 0.242781
0.615699 0.343327
0.677507 0.262053
0.638878 0.303880
0.660162 0.333538
0.644613 0.411546
0.635643 0.376011
0.780512 0.000626
0.712488 0.031192
0.693393 0.045762
0.686435 0.082283
0.689676 0.115715
0.669633 0.149081
0.665790 0.178328
0.677211 0.205950
0.651214 0.251869
0.674746 0.275808
0.672755 0.331553
0.634476 0.348864
0.681919 0.353692
0.659541 0.366540
0.788552 0.000883
0.727358 0.029965
0.712977 0.050796
0.700909 0.066897
0.696222 0.098840
0.687933 0.135336
0.688689 0.153087
0.685126 0.169521
0.674450 0.224370
0.693703 0.213651
0.659652 0.294544
0.669923 0.299654
0.697984 0.335562
0.741802 0.352278
0.701077 0.386900
0.796871 0.000161
0.731937 0.042933
0.717625 0.069458
0.708931 0.086900
0.709901 0.112066
0.706140 0.132222
0.707785 0.159199
0.684869 0.188830
0.700893 0.247175
0.686474 0.306309
0.685546 0.316763
0.694567 0.355802
0.673618 0.403933
0.644436 0.399096
0.813305 0.000342
0.772268 0.000832
0.746789 0.032797
0.735185 0.062340
0.729511 0.083613
0.726124 0.102402
0.721200 0.141421
0.701680 0.181952
0.704811 0.225402
0.681939 0.237793
0.695701 0.264528
0.723800 0.288281
0.736914 0.317200
0.728073 0.398753
0.703214 0.394103
0.821823 0.001024
0.762135 0.031289
0.757066 0.047676
0.748097 0.070413
0.744603 0.099611
0.727179 0.120963
0.718376 0.172832
0.722308 0.192130
0.709473 0.203938
0.716387 0.237103
0.706523 0.294336
0.729875 0.276867
0.709366 0.348204
0.719647 0.344054
0.829962 0.000096
0.805168 0.000616
0.778324 0.031741
0.766063 0.063392
0.758894 0.085353
0.748699 0.117941
0.745049 0.134859
0.732661 0.152853
0.739401 0.182991
0.697675 0.280488
0.722357 0.262297
0.721014 0.303118
0.760300 0.299473
0.731717 0.388273
0.736889 0.399241
0.846980 0.000166
0.793487 0.033523
0.780624 0.049156
0.776255 0.079261
0.763766 0.105068
0.772213 0.122019
0.756185 0.148778
0.743181 0.166736
0.728238 0.213597
0.735739 0.231893
0.729456 0.254494
0.764077 0.263701
0.733681 0.320710
0.774037 0.351151
0.855382 0.000567
0.838506 0.000689
0.808680 0.031425
0.794923 0.061096
0.792555 0.078725
0.781611 0.101894
0.771849 0.139235
0.765725 0.167124
0.758440 0.188118
0.744489 0.204090
0.751753 0.221607
0.751272 0.241786
0.767324 0.266737
0.756357 0.302260
0.744667 0.350191
0.872497 0.000397
0.825176 0.034303
0.809261 0.048528
0.812392 0.072908
0.800537 0.095443
0.799789 0.113795
0.790972 0.130100
0.782029 0.155709
0.776775 0.180989
0.767218 0.204172
0.776645 0.223807
0.764963 0.241049
0.797039 0.295466
0.769211 0.342917
0.881166 0.000927
0.864213 0.000807
0.841299 0.029571
0.825497 0.059455
0.827392 0.083944
0.817792 0.100396
0.816463 0.123324
0.803447 0.142274
0.798544 0.160938
0.794237 0.183539
0.787932 0.200833
0.787458 0.218919
0.800032 0.259059
0.777442 0.317830
0.762253 0.391190
0.889695 0.000204
0.856444 0.034184
0.840398 0.046293
0.840736 0.068842
0.843227 0.093206
0.833461 0.111476
0.833959 0.130008
0.822253 0.146983
0.817424 0.164804
0.811362 0.183122
0.808569 0.207576
0.788940 0.242922
0.803927 0.284948
0.782131 0.311917
0.898459 0.000993
0.906964 0.001080
0.871718 0.030465
0.858445 0.059828
0.858550 0.078743
0.858959 0.101483
0.854220 0.119874
0.850245 0.139479
0.841795 0.157175
0.834809 0.173058
0.825627 0.195552
0.816698 0.219392
0.797050 0.253100
0.809784 0.296866
0.761393 0.387889
0.915701 0.000569
0.889464 0.031319
0.872478 0.046543
0.877064 0.068621
0.875274 0.089372
0.874717 0.113968
0.869658 0.134499
0.866490 0.157691
0.855577 0.172685
0.848376 0.190684
0.828447 0.217021
0.837965 0.234101
0.826346 0.271640
0.820841 0.326778
0.924556 0.000452
0.905232 0.031448
0.893297 0.049424
0.895923 0.067171
0.892976 0.087109
0.891382 0.107289
0.887772 0.131346
0.884359 0.151864
0.880465 0.169196
0.867087 0.191751
0.861941 0.204817
0.850303 0.225694
0.830964 0.252117
0.828443 0.286271
0.776171 0.372396
0.933325 0.000210
0.913771 0.046348
0.914448 0.069572
0.914345 0.092394
0.906975 0.118845
0.907893 0.141421
0.905226 0.160246
0.901732 0.178191
0.885167 0.199081
0.880308 0.216770
0.878576 0.228399
0.858071 0.243401
0.835936 0.257871
0.790709 0.376682
0.941894 0.000661
0.924168 0.031561
0.934322 0.050605
0.925188 0.078463
0.919103 0.106533
0.923510 0.129280
0.923655 0.150343
0.914929 0.180460
0.909016 0.195054
0.904131 0.217241
0.903551 0.239210
0.870078 0.256160
0.870978 0.259985
0.814691 0.327057
0.853097 0.297017
0.950875 0.000622
0.938879 0.034599
0.946147 0.065507
0.948615 0.088841
0.951529 0.136393
0.944930 0.165541
0.943694 0.191674
0.918838 0.211129
0.913366 0.232105
0.913378 0.252675
0.902972 0.267881
0.904363 0.293425
0.844774 0.286725
0.865549 0.354518
0.959733 0.000115
0.977136 0.000873
0.962950 0.039853
0.959042 0.077591
0.944262 0.109912
0.942660 0.147880
0.946024 0.202056
0.949029 0.213781
0.944732 0.234400
0.938233 0.263213
0.939510 0.277614
0.907104 0.300063
0.867386 0.321118
0.862677 0.297671
0.789953 0.369490
0.968234 0.000976
0.957694 0.033106
0.959592 0.057203
0.954741 0.101233
0.948368 0.124914
0.943772 0.173840
0.952996 0.230157
0.955745 0.249699
0.962605 0.264666
0.920271 0.275161
0.952579 0.314310
0.897026 0.275589
0.866632 0.313284
0.824598 0.346161
0.986815 0.000273
0.999932 0.030426
0.983285 0.048509
0.981087 0.076743
0.999022 0.109437
0.999227 0.141779
0.999330 0.168801
0.999382 0.200258
0.964173 0.271382
0.971143 0.298325
0.938454 0.300102
0.924737 0.306299
0.892806 0.329314
0.990764 0.291648
0.829140 0.371570
0.999478 0.000677
0.999079 0.039836
0.999629 0.069381
0.999800 0.097692
0.999776 0.129809
0.982965 0.158500
0.985045 0.186514
0.999910 0.220388
0.996223 0.240523
0.998904 0.269163
0.960508 0.308333
0.914920 0.332562
0.818526 0.355394
0.889543 0.330549
0.999819 0.002173
0.999272 0.019850
0.999777 0.058159
0.999005 0.085801
0.990012 0.119129
0.999879 0.154511
0.999141 0.182980
0.993775 0.209945
0.998009 0.234006
0.998608 0.262373
0.993803 0.292396
0.865961 0.357588
0.914971 0.338370
0.834924 0.365429
0.856343 0.365345
