0.000646 0.018438
0.001135 0.047272
0.000339 0.077599
0.000580 0.118626
0.000931 0.149319
0.000374 0.182227
0.000345 0.204423
0.000408 0.227027
0.004428 0.246063
0.028561 0.298008
0.136526 0.313777
0.059108 0.316075
0.116468 0.316636
0.157480 0.345800
0.000945 0.002820
0.000546 0.028111
0.000344 0.057493
0.003321 0.097770
0.001845 0.128277
0.001851 0.170549
0.000429 0.193045
0.000874 0.212631
0.002628 0.236501
0.004172 0.264618
0.009341 0.267725
0.021086 0.290631
0.097318 0.304816
0.121600 0.319927
0.153333 0.353321
0.000644 0.000325
0.000954 0.037420
0.000247 0.067456
0.000578 0.087692
0.000469 0.107813
0.001778 0.138875
0.000991 0.160851
0.043706 0.213776
0.040201 0.235839
0.037120 0.242932
0.040253 0.275930
0.070939 0.310076
0.062117 0.319088
0.163465 0.354944
0.013656 0.000269
0.037660 0.035597
0.033380 0.043066
0.037279 0.080361
0.037762 0.105444
0.041854 0.136971
0.047313 0.163888
0.044989 0.191854
0.054276 0.224144
0.059210 0.254094
0.031420 0.265792
0.072767 0.284391
0.035176 0.299612
0.090135 0.301603
0.194024 0.371237
0.023247 0.000780
0.053338 0.048429
0.035622 0.066718
0.048433 0.091987
0.039179 0.118464
0.044138 0.152669
0.048131 0.176994
0.049891 0.201912
0.075856 0.240596
0.094711 0.248110
0.055241 0.272590
0.122869 0.275569
0.086638 0.280826
0.161241 0.325252
0.040566 0.000795
0.031890 0.000029
0.073255 0.065483
0.051140 0.068974
0.056628 0.112253
0.056368 0.133432
0.072734 0.152721
0.076388 0.172897
0.081218 0.197322
0.081466 0.212620
0.086337 0.236614
0.076874 0.268932
0.132643 0.290847
0.139377 0.299099
0.207487 0.367174
0.049337 0.000085
0.055071 0.032371
0.075433 0.080807
0.073792 0.098146
0.080125 0.117296
0.083872 0.134080
0.088139 0.157305
0.089325 0.178471
0.092096 0.203854
0.112935 0.213488
0.113431 0.241307
0.113430 0.244198
0.128644 0.276331
0.167655 0.314648
0.058521 0.000312
0.072230 0.033221
0.079071 0.046492
0.092568 0.070083
0.092769 0.093043
0.096625 0.112756
0.101659 0.133241
0.106810 0.155563
0.114662 0.175569
0.116465 0.197910
0.130248 0.209262
0.152401 0.244117
0.154035 0.254602
0.171018 0.280349
0.193781 0.375057
0.067184 0.001028
0.090224 0.033421
0.100981 0.047494
0.110098 0.073861
0.112838 0.093269
0.118513 0.115880
0.121385 0.135744
0.125998 0.158571
0.129966 0.175760
0.134626 0.203135
0.159849 0.225180
0.164527 0.257054
0.179741 0.282571
0.185357 0.315075
0.076044 0.000448
0.084812 0.000513
0.109014 0.033333
0.118351 0.059123
0.129764 0.078821
0.129573 0.101077
0.136794 0.121318
0.141750 0.142586
0.143665 0.160634
0.156868 0.186128
0.158232 0.208953
0.172647 0.230353
0.199214 0.264911
0.181146 0.307914
0.233652 0.372033
0.093428 0.000118
0.123893 0.033173
0.132428 0.045323
0.143700 0.067962
0.147343 0.089046
0.152610 0.109087
0.157692 0.128790
0.163150 0.149406
0.163754 0.174451
0.171448 0.189474
0.179864 0.219188
0.206817 0.242846
0.192481 0.270548
0.214020 0.344135
0.102306 0.000211
0.119606 0.000312
0.144274 0.032992
0.153642 0.052811
0.162773 0.073912
0.167717 0.094468
0.172685 0.113594
0.176375 0.135075
0.179019 0.157082
0.184868 0.180603
0.196915 0.203965
0.190558 0.215635
0.225991 0.251213
0.225983 0.304468
0.250065 0.369127
0.110927 0.000228
0.159501 0.033321
0.172554 0.048179
0.180206 0.069046
0.184957 0.088135
0.191199 0.108696
0.194955 0.128688
0.195573 0.151758
0.202165 0.171619
0.205090 0.191597
0.217887 0.215807
0.210825 0.247275
0.233066 0.304963
0.211800 0.337855
0.128322 0.000421
0.154147 0.000758
0.177857 0.032931
0.193517 0.049712
0.199606 0.070529
0.204082 0.089846
0.209926 0.114103
0.210478 0.137295
0.217212 0.162640
0.221236 0.181532
0.227734 0.209259
0.238110 0.222194
0.245526 0.260542
0.233136 0.322876
0.243575 0.352401
0.136929 0.000124
0.194929 0.032678
0.212169 0.050617
0.218640 0.070835
0.221373 0.098811
0.229406 0.121261
0.230782 0.137948
0.235056 0.153719
0.237130 0.177486
0.245550 0.197697
0.250531 0.219947
0.239397 0.256786
0.248775 0.310380
0.255647 0.330653
0.145432 0.000849
0.188134 0.000492
0.211933 0.032121
0.228946 0.044788
0.231231 0.082929
0.241700 0.105573
0.249975 0.128787
0.251913 0.163191
0.258372 0.182015
0.263829 0.201178
0.266331 0.228402
0.272868 0.244007
0.270650 0.308732
0.270198 0.326945
0.224150 0.363036
0.162605 0.000426
0.232311 0.030904
0.238560 0.066523
0.252661 0.087427
0.258656 0.109033
0.268152 0.136633
0.262419 0.150005
0.276288 0.180907
0.279328 0.207580
0.287738 0.230717
0.285183 0.247760
0.265124 0.267731
0.290331 0.354002
0.262491 0.364150
0.171240 0.000439
0.251792 0.031615
0.248141 0.046308
0.256766 0.070113
0.270610 0.093776
0.276489 0.115795
0.282887 0.154970
0.290557 0.172177
0.292275 0.195151
0.298320 0.215533
0.307161 0.243533
0.268729 0.271666
0.282586 0.300846
0.265777 0.352769
0.292668 0.381324
0.179600 0.000735
0.267475 0.052521
0.276493 0.072026
0.288735 0.087983
0.291488 0.107777
0.287390 0.132119
0.308991 0.176754
0.312452 0.199367
0.314050 0.226279
0.316712 0.251159
0.299881 0.278004
0.291613 0.289213
0.290997 0.318504
0.318125 0.405567
0.196537 0.000933
0.267881 0.032784
0.285719 0.051113
0.295800 0.069922
0.306892 0.100131
0.305690 0.129720
0.301066 0.153620
0.327972 0.189766
0.324882 0.214048
0.337561 0.274231
0.326093 0.269893
0.305850 0.333880
0.307358 0.313675
0.329102 0.358754
0.320122 0.403161
0.205038 0.001044
0.283372 0.032658
0.304919 0.047717
0.311266 0.080554
0.317492 0.116826
0.316947 0.143139
0.321897 0.164825
0.344310 0.203756
0.333348 0.238206
0.328583 0.300695
0.307906 0.276307
0.343184 0.335230
0.299179 0.341715
0.296770 0.384832
0.213419 0.000090
0.263262 0.000630
0.298488 0.032128
0.316488 0.063674
0.327430 0.099615
0.331767 0.129495
0.336887 0.152213
0.338888 0.177301
0.344716 0.222730
0.342330 0.254703
0.362797 0.323014
0.343526 0.312505
0.323990 0.311337
0.352961 0.392880
0.304774 0.367105
0.221730 0.000258
0.315340 0.031681
0.326428 0.043299
0.331756 0.083848
0.342219 0.109430
0.352687 0.145107
0.354871 0.170483
0.356645 0.193266
0.356964 0.247240
0.347492 0.294016
0.369600 0.346664
0.351739 0.345079
0.336691 0.358265
0.319348 0.379643
0.230178 0.000553
0.296027 0.000712
0.334207 0.030329
0.334455 0.064037
0.352155 0.094116
0.349798 0.127086
0.368549 0.153991
0.372474 0.188917
0.362571 0.220382
0.389102 0.262424
0.371140 0.269989
0.356570 0.271394
0.374794 0.368382
0.397881 0.375449
0.342463 0.394797
0.238402 0.000267
0.350146 0.032845
0.345895 0.048405
0.349311 0.076131
0.366238 0.112384
0.369801 0.130709
0.378312 0.171832
0.375116 0.209051
0.370561 0.239695
0.394101 0.317422
0.366236 0.299208
0.387505 0.356444
0.366062 0.393908
0.359766 0.373925
0.246704 0.000888
0.320184 0.000828
0.363440 0.048405
0.362455 0.069954
0.368648 0.092417
0.384112 0.119528
0.385232 0.148421
0.390563 0.191975
0.385077 0.240793
0.405351 0.257245
0.394249 0.283996
0.375912 0.290246
0.414793 0.374821
0.396692 0.427415
0.380764 0.392872
0.255013 0.000762
0.365362 0.028786
0.376797 0.059290
0.381854 0.080044
0.386101 0.097179
0.397334 0.134148
0.398191 0.168077
0.391032 0.219010
0.401847 0.237483
0.410795 0.278426
0.375851 0.324880
0.412941 0.363993
0.403692 0.450946
0.389595 0.406525
0.271462 0.000643
0.344702 0.000223
0.377506 0.036770
0.392428 0.064927
0.401669 0.086982
0.401113 0.115963
0.407428 0.152684
0.404709 0.204896
0.413251 0.222602
0.423688 0.244476
0.423987 0.299657
0.395617 0.341175
0.435500 0.381360
0.406587 0.409259
0.418167 0.404913
0.279648 0.000451
0.388636 0.027827
0.397300 0.048100
0.410486 0.103002
0.422860 0.121013
0.417953 0.137047
0.426997 0.180055
0.408622 0.181889
0.422983 0.203951
0.431181 0.222268
0.404117 0.301170
0.395980 0.438414
0.474487 0.537296
0.429375 0.476355
0.287776 0.000411
0.368676 0.000376
0.408596 0.069478
0.415193 0.046812
0.421408 0.085434
0.438022 0.138799
0.422838 0.162637
0.446660 0.174909
0.438789 0.194427
0.435328 0.252078
0.426976 0.270029
0.435255 0.318965
0.433156 0.349773
0.407707 0.322538
0.428357 0.451818
0.304136 0.000091
0.402131 0.032059
0.423858 0.066889
0.440304 0.076678
0.431101 0.101771
0.442296 0.121572
0.441375 0.157746
0.449556 0.206778
0.448113 0.226069
0.437432 0.291163
0.444353 0.321927
0.455589 0.403923
0.406488 0.457789
0.439108 0.424030
0.312278 0.000012
0.415655 0.028010
0.433385 0.053794
0.445194 0.093199
0.455134 0.110242
0.472820 0.160284
0.471616 0.186663
0.458507 0.148833
0.461765 0.175349
0.457633 0.301037
0.465712 0.326827
0.461432 0.348502
0.446728 0.349498
0.434399 0.403998
0.415909 0.341055
0.328487 0.000632
0.428640 0.032137
0.448571 0.046870
0.452920 0.064411
0.469562 0.101458
0.459865 0.130108
0.486248 0.175326
0.479829 0.212405
0.455075 0.246694
0.446521 0.270956
0.458931 0.281367
0.449324 0.380008
0.441314 0.510817
0.436857 0.433408
0.336520 0.000544
0.408618 0.000408
0.441639 0.028893
0.456058 0.027311
0.459921 0.082616
0.475821 0.119015
0.477242 0.140005
0.491136 0.198126
0.466217 0.206817
0.472411 0.254998
0.475719 0.308217
0.464412 0.418373
0.479427 0.416235
0.442224 0.452896
0.438667 0.506422
0.352719 0.000761
0.471950 0.026810
0.468925 0.059002
0.490384 0.127310
0.491982 0.150344
0.501173 0.216079
0.483288 0.231702
0.463421 0.230986
0.479155 0.383450
0.465826 0.383253
0.476700 0.353807
0.484691 0.444184
0.435582 0.585503
0.433420 0.477680
0.360627 0.000233
0.416573 0.000438
0.479592 0.000380
0.487017 0.029351
0.465850 0.041293
0.506847 0.131559
0.503232 0.188606
0.500916 0.165192
0.491253 0.318509
0.483626 0.254599
0.475268 0.489051
0.495794 0.409733
0.466391 0.475721
0.472104 0.442363
0.493418 0.547675
0.376767 0.000356
0.463925 0.000730
0.485478 0.048838
0.476469 0.076845
0.518456 0.214179
0.511909 0.231099
0.503047 0.241388
0.496589 0.294313
0.489217 0.365877
0.467939 0.524670
0.464078 0.513623
0.435668 0.595647
0.461802 0.493404
0.459789 0.458359
0.384821 0.000930
0.455952 0.000196
0.487378 0.000436
0.500006 0.030833
0.527562 0.100157
0.521504 0.306436
0.506619 0.281462
0.493079 0.271878
0.559971 0.834144
0.446093 0.629406
0.464756 0.648303
0.699689 0.695884
0.559732 0.667249
0.422266 0.626884
0.449897 0.580280
0.424389 0.000537
0.471804 0.000783
0.575539 0.045595
0.496416 0.085291
0.489155 0.064614
0.513119 0.309904
0.512917 0.335796
0.476132 0.284257
0.502377 0.427981
0.484027 0.334519
0.473861 0.568073
0.434627 0.608892
0.455532 0.554051
0.452876 0.562528
0.400760 0.000247
0.440131 0.000275
0.510732 0.000864
0.503884 0.046923
0.571762 0.843788
0.511292 0.149602
0.580412 0.640651
0.504354 0.345457
0.489442 0.490000
0.492610 0.455727
0.713156 0.698453
0.588289 0.635589
0.580230 0.632866
0.466452 0.651730
0.419464 0.623613
0.534197 0.000783
0.502962 0.000259
0.432259 0.000265
0.306645 0.473975
0.510113 0.094880
0.519368 0.191295
0.503850 0.479732
0.573816 0.848230
0.551567 0.660599
0.489999 0.684311
0.700127 0.685693
0.557947 0.653324
0.488319 0.668618
0.482877 0.619275
0.596689 0.000073
0.549752 0.000293
0.392784 0.000279
0.495165 0.000270
0.530806 0.027571
0.495895 0.109943
0.515982 0.170907
0.526720 0.270802
0.510599 0.446393
0.508577 0.587472
0.491453 0.524145
0.479546 0.598757
0.509352 0.603511
0.482186 0.633822
0.537931 0.627275
0.588805 0.001187
0.518568 0.000518
0.448050 0.000627
0.521061 0.043126
0.484690 0.095542
0.717115 0.703945
0.442202 0.637927
0.486408 0.573593
0.495806 0.635883
0.569357 0.831237
0.473550 0.600492
0.493189 0.680944
0.540988 0.649209
0.540244 0.566694
0.612425 0.000465
0.565313 0.000711
0.514146 0.026933
0.526383 0.000187
0.514005 0.113668
0.518769 0.078685
0.524086 0.136783
0.518038 0.258560
0.532852 0.252732
0.496933 0.388091
0.511413 0.404113
0.502771 0.562942
0.536690 0.629854
0.507252 0.628714
0.536561 0.424713
0.628230 0.000209
0.541980 0.000128
0.537921 0.039974
0.520908 0.061503
0.505386 0.067429
0.532284 0.153224
0.537407 0.216269
0.542602 0.230358
0.547142 0.265318
0.509129 0.367016
0.500063 0.533650
0.535078 0.524906
0.514976 0.612961
0.528971 0.583063
0.636132 0.000844
0.557551 0.000482
0.562564 0.032221
0.555202 0.047225
0.537196 0.061838
0.533847 0.170015
0.532517 0.192951
0.556298 0.212453
0.540935 0.290359
0.525868 0.382381
0.521925 0.431496
0.528950 0.455022
0.519081 0.565720
0.538857 0.381946
0.517283 0.510027
0.652004 0.000380
0.575904 0.027665
0.564602 0.061494
0.548566 0.026235
0.536682 0.084020
0.529099 0.120185
0.544949 0.141551
0.550290 0.166009
0.552788 0.238992
0.533592 0.337463
0.528535 0.404710
0.526641 0.358458
0.519298 0.471429
0.509049 0.512151
0.659981 0.000353
0.573057 0.000350
0.589416 0.028694
0.543527 0.104895
0.547902 0.071228
0.555977 0.085591
0.548075 0.124248
0.561647 0.136376
0.546227 0.190002
0.564244 0.258077
0.551428 0.293397
0.545103 0.361200
0.565618 0.411067
0.553721 0.452683
0.580435 0.448787
0.675814 0.000547
0.580940 0.000316
0.604569 0.000034
0.573818 0.074748
0.560589 0.104975
0.580260 0.150602
0.563127 0.154635
0.570382 0.222754
0.578069 0.237138
0.567265 0.274964
0.543482 0.321913
0.556909 0.384271
0.535728 0.526526
0.542740 0.570702
0.683682 0.000890
0.620357 0.000152
0.604470 0.027865
0.587460 0.063297
0.573306 0.093162
0.570158 0.118345
0.565120 0.175195
0.562201 0.192014
0.576996 0.202078
0.587938 0.222374
0.553485 0.322693
0.570852 0.304881
0.572661 0.332439
0.575045 0.352111
0.589070 0.446105
0.699640 0.000458
0.612724 0.042824
0.601838 0.073343
0.593587 0.047165
0.589821 0.089145
0.586130 0.112462
0.581464 0.134504
0.581355 0.175435
0.596774 0.268689
0.582902 0.259761
0.582376 0.315380
0.557024 0.410311
0.513005 0.491141
0.563879 0.456279
0.707716 0.000203
0.643999 0.000846
0.620524 0.027011
0.610573 0.059949
0.601433 0.104627
0.599182 0.127781
0.593314 0.163102
0.598361 0.184361
0.591899 0.198950
0.610845 0.285171
0.584121 0.282423
0.597863 0.332778
0.560943 0.352692
0.570721 0.375667
0.579022 0.399376
0.715682 0.001316
0.630596 0.046702
0.626760 0.066632
0.609565 0.086891
0.614609 0.118404
0.602191 0.147634
0.611672 0.169246
0.610166 0.205066
0.600650 0.236521
0.595213 0.300439
0.608576 0.376949
0.588771 0.369689
0.549565 0.433871
0.538783 0.477571
0.731959 0.000850
0.667853 0.000280
0.635334 0.031448
0.643918 0.057033
0.627683 0.083729
0.623961 0.103685
0.616550 0.136173
0.618095 0.188801
0.609156 0.222996
0.608546 0.249953
0.624330 0.292782
0.640656 0.280761
0.595033 0.387588
0.584607 0.428498
0.625515 0.421068
0.739922 0.000429
0.650161 0.028125
0.654955 0.042878
0.645447 0.076004
0.640276 0.097024
0.634930 0.131769
0.624661 0.157646
0.627146 0.213137
0.626816 0.236717
0.621017 0.267815
0.603265 0.316933
0.544030 0.474085
0.655183 0.354035
0.618589 0.415585
0.748037 0.001078
0.691713 0.000240
0.667675 0.029613
0.660423 0.064579
0.656421 0.091615
0.641873 0.115788
0.638890 0.150441
0.630766 0.176925
0.639027 0.200499
0.643037 0.226885
0.630543 0.320471
0.638322 0.327890
0.603890 0.351808
0.664055 0.407078
0.603068 0.425926
0.755988 0.000290
0.681169 0.031714
0.672271 0.050637
0.669605 0.081416
0.662132 0.113139
0.652901 0.136454
0.647485 0.179570
0.655147 0.215697
0.630801 0.254542
0.654566 0.272314
0.600143 0.406632
0.628835 0.370693
0.683588 0.389699
0.667090 0.381072
0.764287 0.000369
0.723915 0.000914
0.697214 0.029676
0.683001 0.063889
0.675503 0.101120
0.669386 0.128152
0.655432 0.161510
0.658956 0.197797
0.660667 0.242773
0.615068 0.343378
0.676888 0.261815
0.638421 0.303759
0.659647 0.333489
0.643909 0.411705
0.635312 0.376267
0.780630 0.000224
0.712542 0.031245
0.693243 0.045561
0.686233 0.082288
0.689555 0.115903
0.669296 0.149034
0.665515 0.178316
0.676766 0.206135
0.650714 0.252044
0.674169 0.275855
0.671838 0.331362
0.633953 0.348661
0.681110 0.353850
0.658974 0.366562
0.788613 0.000914
0.727394 0.030143
0.713023 0.050795
0.700621 0.066964
0.695975 0.098954
0.687644 0.135176
0.688389 0.152997
0.684982 0.169486
0.674059 0.224439
0.693307 0.213656
0.659155 0.294570
0.669479 0.299573
0.697267 0.335283
0.741240 0.351935
0.700455 0.386569
0.796910 0.000852
0.731965 0.042905
0.717565 0.069411
0.708706 0.087010
0.709653 0.112072
0.705844 0.132118
0.707620 0.159158
0.684556 0.188767
0.700140 0.246967
0.685989 0.306072
0.684990 0.316479
0.693951 0.355838
0.672840 0.404153
0.643697 0.399399
0.813369 0.000298
0.772390 0.000513
0.746853 0.032902
0.734922 0.062410
0.729432 0.083521
0.725811 0.102309
0.720990 0.141222
0.701309 0.181851
0.704360 0.225534
0.681525 0.237825
0.695304 0.264436
0.723264 0.287848
0.736291 0.316977
0.727182 0.398796
0.702464 0.394223
0.821930 0.000842
0.762253 0.031434
0.756878 0.047765
0.748102 0.070488
0.744354 0.099625
0.726868 0.120870
0.718236 0.172760
0.721946 0.192242
0.709134 0.203735
0.715836 0.236953
0.705873 0.294022
0.729108 0.276387
0.708832 0.348023
0.719166 0.343917
0.830023 0.000809
0.805259 0.000450
0.778284 0.031680
0.766054 0.063118
0.758773 0.085532
0.748469 0.117827
0.744764 0.134734
0.732336 0.152737
0.739108 0.182864
0.697003 0.280556
0.721753 0.262285
0.720190 0.302848
0.759815 0.298978
0.731107 0.388396
0.736035 0.399169
0.847049 0.001086
0.793505 0.033732
0.780465 0.049066
0.776135 0.079343
0.763578 0.105031
0.772085 0.121964
0.755955 0.148647
0.742867 0.166622
0.727673 0.213363
0.735277 0.231599
0.729015 0.254034
0.763359 0.263088
0.732741 0.320473
0.773374 0.350700
0.855482 0.000458
0.838566 0.000639
0.808808 0.031256
0.794848 0.061017
0.792417 0.078585
0.781474 0.101743
0.771522 0.139161
0.765382 0.166956
0.758108 0.187958
0.744027 0.203889
0.751442 0.221310
0.750723 0.241469
0.766812 0.266315
0.755545 0.301564
0.743951 0.349805
0.872596 0.000105
0.825316 0.034434
0.809162 0.048514
0.812325 0.072848
0.800471 0.095395
0.799491 0.113720
0.790636 0.129957
0.781797 0.155497
0.776490 0.180882
0.766856 0.203965
0.776336 0.223476
0.764416 0.240393
0.796428 0.295202
0.768318 0.342776
0.881236 0.000872
0.864252 0.000840
0.841477 0.029522
0.825449 0.059312
0.827139 0.083873
0.817658 0.100380
0.816260 0.123237
0.803188 0.142132
0.798240 0.160774
0.794102 0.183333
0.787576 0.200628
0.786903 0.218499
0.799695 0.258374
0.776836 0.317522
0.761572 0.391173
0.889758 0.000436
0.856625 0.034229
0.840337 0.046236
0.840655 0.068817
0.843082 0.093146
0.833292 0.111346
0.833781 0.129907
0.821989 0.146828
0.817171 0.164718
0.811181 0.182864
0.808220 0.207193
0.788309 0.242314
0.803075 0.284071
0.781438 0.311278
0.898516 0.000922
0.907073 0.001047
0.872079 0.030338
0.858435 0.059823
0.858400 0.078585
0.858773 0.101342
0.853869 0.119811
0.849993 0.139370
0.841428 0.157019
0.834416 0.172959
0.825174 0.195140
0.816311 0.218619
0.796194 0.252183
0.809413 0.296660
0.760305 0.387811
0.915786 0.000557
0.889690 0.031131
0.872443 0.046418
0.876994 0.068402
0.875179 0.089222
0.874489 0.113701
0.869286 0.134338
0.866170 0.157559
0.855142 0.172532
0.847921 0.190365
0.827921 0.216552
0.837639 0.233427
0.825989 0.271033
0.819753 0.326289
0.924699 0.000123
0.905424 0.031265
0.893289 0.049342
0.895863 0.066871
0.892838 0.086939
0.891097 0.106994
0.887421 0.131067
0.883897 0.151714
0.879989 0.168864
0.866592 0.191534
0.861491 0.204424
0.849740 0.225282
0.830541 0.251379
0.827923 0.285397
0.775405 0.372176
0.933386 0.000075
0.913852 0.046165
0.914307 0.069166
0.914257 0.092109
0.906599 0.118495
0.907495 0.141184
0.904807 0.159897
0.901168 0.178013
0.884534 0.198891
0.879581 0.216599
0.877942 0.227589
0.857536 0.242569
0.835237 0.257209
0.789806 0.376428
0.942067 0.000418
0.924333 0.031267
0.934421 0.050519
0.925115 0.078117
0.918950 0.106024
0.923237 0.128852
0.923278 0.149923
0.914435 0.180165
0.908618 0.194702
0.903601 0.216792
0.903137 0.238817
0.869319 0.255548
0.870517 0.259300
0.814308 0.326884
0.852323 0.296143
0.951023 0.000339
0.939022 0.034226
0.945890 0.065170
0.948524 0.088445
0.951362 0.135906
0.944662 0.165141
0.943214 0.191177
0.918188 0.210704
0.912716 0.231818
0.912774 0.252231
0.902444 0.267430
0.903519 0.292994
0.843877 0.286157
0.864911 0.354147
0.959827 0.000458
0.977254 0.000699
0.963352 0.039610
0.959269 0.077144
0.944044 0.109265
0.942267 0.147284
0.945385 0.201671
0.948547 0.213213
0.944283 0.233884
0.937772 0.263005
0.939028 0.276776
0.906825 0.299579
0.866677 0.320613
0.861902 0.297157
0.789127 0.369301
0.968328 0.000948
0.957511 0.032804
0.959873 0.056674
0.954658 0.100805
0.948251 0.124585
0.943102 0.173280
0.952427 0.229504
0.955084 0.248980
0.962264 0.263834
0.920025 0.274514
0.952579 0.313149
0.896849 0.274841
0.866467 0.312854
0.823329 0.345656
0.986920 0.000454
0.998991 0.030640
0.981638 0.048618
0.979718 0.076344
0.998984 0.109322
0.999149 0.141609
0.999172 0.168153
0.999347 0.199610
0.963805 0.270901
0.970778 0.297622
0.937944 0.299357
0.924290 0.305588
0.892122 0.328346
0.990049 0.290587
0.828286 0.371113
0.999762 0.000166
0.999171 0.040364
0.999672 0.069454
0.999790 0.097385
0.999731 0.129528
0.982427 0.157953
0.984382 0.185418
0.999902 0.219658
0.996030 0.239739
0.998830 0.268408
0.960329 0.307259
0.914260 0.331506
0.817840 0.354961
0.888769 0.330430
0.998771 0.002357
0.999369 0.020136
0.999918 0.058174
0.998968 0.085203
0.989168 0.118848
0.999803 0.154458
0.999021 0.182586
0.993305 0.208929
0.998000 0.233217
0.998560 0.261511
0.993811 0.291019
0.865164 0.357134
0.914094 0.337607
0.833905 0.365248
0.855059 0.365097
