0.000333 0.018548
0.001147 0.047253
0.000245 0.077497
0.000390 0.118361
0.000975 0.149266
0.000327 0.181712
0.000285 0.204193
0.000257 0.226478
0.004626 0.245723
0.029119 0.296937
0.137765 0.313013
0.059159 0.315160
0.117081 0.315747
0.158537 0.345236
0.000884 0.002980
0.000349 0.028150
0.000218 0.057431
0.003792 0.097520
0.001957 0.128051
0.002029 0.170433
0.000398 0.192520
0.000910 0.212184
0.002625 0.235883
0.004186 0.263714
0.009703 0.266918
0.021394 0.289363
0.098182 0.303824
0.122222 0.319362
0.154131 0.352629
0.000370 0.000420
0.000993 0.037431
0.000088 0.067406
0.000405 0.087589
0.000216 0.107559
0.001887 0.138665
0.000977 0.160439
0.044434 0.213171
0.040715 0.235141
0.037799 0.242219
0.040823 0.274998
0.071691 0.309365
0.062509 0.318167
0.164378 0.354623
0.013581 0.000299
0.037699 0.035427
0.033392 0.042772
0.037331 0.080010
0.037941 0.105259
0.042086 0.136493
0.047807 0.163279
0.045511 0.191163
0.054707 0.223654
0.059711 0.253530
0.031830 0.264908
0.073324 0.283377
0.035280 0.298668
0.090746 0.301181
0.194534 0.371154
0.023200 0.000856
0.053481 0.048478
0.035652 0.066560
0.048500 0.091632
0.039532 0.117968
0.044433 0.152131
0.048490 0.176467
0.050222 0.201450
0.076303 0.240176
0.095095 0.247427
0.055780 0.271734
0.123876 0.275278
0.086971 0.280153
0.162112 0.324751
0.040536 0.000846
0.031855 0.000800
0.073527 0.065517
0.051269 0.068682
0.057002 0.111962
0.056713 0.133211
0.073122 0.152445
0.076942 0.172491
0.081839 0.196943
0.082081 0.211964
0.086480 0.236125
0.077186 0.268257
0.133161 0.290350
0.139827 0.298432
0.208309 0.366908
0.049300 0.000054
0.055044 0.032226
0.075499 0.080775
0.074055 0.098033
0.080376 0.117039
0.084246 0.133790
0.088591 0.157034
0.089738 0.178052
0.092476 0.203520
0.113525 0.212817
0.113989 0.240624
0.113820 0.243739
0.129282 0.275183
0.168074 0.314018
0.058467 0.000279
0.072284 0.033136
0.079039 0.046367
0.092656 0.069831
0.093059 0.092877
0.096909 0.112605
0.102083 0.133079
0.107319 0.155347
0.115307 0.175166
0.116897 0.197413
0.130698 0.208607
0.152998 0.243265
0.154731 0.254220
0.171750 0.279653
0.194640 0.374991
0.067154 0.001029
0.090278 0.033305
0.101191 0.047402
0.110199 0.073818
0.113114 0.093215
0.118864 0.115775
0.121733 0.135469
0.126388 0.158443
0.130340 0.175356
0.135459 0.202581
0.160343 0.224256
0.165313 0.256527
0.180224 0.282205
0.186304 0.314478
0.075905 0.000140
0.084751 0.000468
0.108997 0.033241
0.118498 0.059117
0.129962 0.078753
0.129890 0.101004
0.137082 0.121266
0.142197 0.142410
0.144167 0.160506
0.157438 0.185830
0.158759 0.208351
0.173222 0.229782
0.200194 0.264193
0.181977 0.307490
0.234685 0.371726
0.093404 0.000413
0.123822 0.033130
0.132459 0.045170
0.143805 0.067819
0.147641 0.088941
0.152927 0.108965
0.158029 0.128726
0.163535 0.149266
0.164000 0.174210
0.171735 0.189107
0.180536 0.218653
0.207284 0.241856
0.193231 0.269593
0.215091 0.343479
0.102242 0.000120
0.119564 0.000199
0.144385 0.032971
0.153861 0.052822
0.162953 0.073772
0.168038 0.094461
0.173026 0.113526
0.176707 0.134996
0.179314 0.156821
0.185273 0.180386
0.197640 0.203428
0.191317 0.214763
0.227006 0.250373
0.227434 0.304118
0.250744 0.368730
0.110895 0.000210
0.159529 0.033433
0.172712 0.048145
0.180397 0.068884
0.185301 0.088099
0.191519 0.108505
0.195309 0.128539
0.195923 0.151531
0.202462 0.171489
0.205463 0.191281
0.218039 0.215477
0.211218 0.246894
0.233961 0.304687
0.212970 0.337648
0.128242 0.000263
0.154103 0.000751
0.177995 0.032940
0.193601 0.049609
0.199916 0.070480
0.204404 0.089795
0.210255 0.114007
0.210846 0.137160
0.217591 0.162308
0.221536 0.181268
0.227923 0.208695
0.238838 0.221988
0.246499 0.259889
0.234208 0.322623
0.244678 0.352333
0.136888 0.000051
0.195102 0.032836
0.212466 0.050593
0.219015 0.070817
0.221665 0.098762
0.229861 0.121249
0.231213 0.137726
0.235519 0.153542
0.237371 0.177208
0.246023 0.197222
0.251378 0.219893
0.240051 0.256322
0.249653 0.310123
0.256152 0.330250
0.145384 0.000910
0.188086 0.000356
0.212044 0.032159
0.229127 0.044696
0.231540 0.082993
0.242013 0.105552
0.250395 0.128708
0.252257 0.163066
0.258804 0.181702
0.264461 0.201090
0.266473 0.228057
0.273349 0.243815
0.271551 0.308635
0.271036 0.326570
0.225175 0.362260
0.162516 0.000124
0.232453 0.030910
0.238863 0.066561
0.253133 0.087376
0.259009 0.109018
0.268572 0.136465
0.262763 0.149884
0.276758 0.180583
0.279658 0.207654
0.288563 0.230349
0.285936 0.247896
0.265806 0.267185
0.291452 0.353849
0.263636 0.363883
0.171165 0.000191
0.251893 0.031686
0.248404 0.046339
0.257012 0.070181
0.271055 0.093851
0.276973 0.115726
0.283214 0.154822
0.291079 0.172026
0.292609 0.194803
0.298800 0.215349
0.307457 0.243428
0.269642 0.271666
0.283207 0.300257
0.266727 0.352315
0.293722 0.381275
0.179560 0.000779
0.267758 0.052713
0.276804 0.072188
0.289236 0.088029
0.291951 0.107750
0.287822 0.132063
0.309382 0.176627
0.312909 0.199215
0.314376 0.226422
0.317223 0.251416
0.300241 0.277953
0.292347 0.289048
0.291969 0.318125
0.319018 0.405579
0.196434 0.000763
0.267998 0.032850
0.286036 0.051078
0.296119 0.070070
0.307433 0.100093
0.306013 0.129645
0.301380 0.153529
0.328507 0.189492
0.325591 0.214005
0.338117 0.274464
0.326594 0.269886
0.306475 0.333599
0.308232 0.313513
0.329844 0.358831
0.321041 0.403198
0.204999 0.001106
0.283422 0.032788
0.305217 0.047551
0.311673 0.080622
0.317980 0.117021
0.317366 0.143049
0.322330 0.164732
0.344830 0.203666
0.333810 0.238088
0.329163 0.300656
0.308742 0.275981
0.344073 0.335154
0.299883 0.341620
0.297859 0.384451
0.213381 0.000191
0.263234 0.000562
0.298493 0.032061
0.316693 0.063633
0.327747 0.099676
0.332188 0.129360
0.337300 0.152054
0.339302 0.176936
0.345120 0.222713
0.342769 0.254844
0.363270 0.322916
0.344120 0.312485
0.324630 0.311287
0.353576 0.392825
0.305788 0.366845
0.221674 0.000462
0.315304 0.031798
0.326605 0.043194
0.332001 0.083868
0.342749 0.109411
0.353015 0.144865
0.355399 0.170247
0.357000 0.193060
0.357664 0.247295
0.348145 0.294021
0.370147 0.346751
0.352319 0.344940
0.337461 0.358253
0.319927 0.379633
0.230132 0.000569
0.295963 0.000543
0.334363 0.030346
0.334623 0.064005
0.352487 0.094166
0.350175 0.126861
0.369118 0.153796
0.372991 0.188706
0.363081 0.220428
0.389537 0.262396
0.371957 0.269911
0.357030 0.271452
0.375399 0.368322
0.398404 0.375490
0.342951 0.394655
0.238325 0.000374
0.350299 0.032878
0.346186 0.048430
0.349636 0.076072
0.366581 0.112089
0.370143 0.130531
0.378715 0.171566
0.375581 0.208868
0.371026 0.239763
0.394607 0.317269
0.366720 0.299128
0.387848 0.356379
0.366728 0.393996
0.360584 0.373874
0.246669 0.000944
0.320162 0.000813
0.363598 0.048509
0.362653 0.069977
0.369014 0.092271
0.384438 0.119337
0.385666 0.148203
0.391109 0.191768
0.385626 0.240983
0.406073 0.257231
0.394765 0.283965
0.376334 0.290427
0.415302 0.374849
0.397205 0.427634
0.381278 0.392775
0.254957 0.000611
0.365447 0.028874
0.377252 0.059250
0.382211 0.080114
0.386522 0.097084
0.397684 0.133642
0.398619 0.167885
0.391723 0.219123
0.402398 0.237565
0.411345 0.278373
0.376306 0.324787
0.413452 0.364071
0.404074 0.451504
0.390352 0.406689
0.271431 0.000615
0.344645 0.000152
0.377630 0.036911
0.392859 0.065029
0.401958 0.087028
0.401601 0.115695
0.407892 0.152346
0.405273 0.204981
0.413705 0.222344
0.424250 0.244327
0.424440 0.299394
0.396035 0.341076
0.435814 0.381477
0.407067 0.409570
0.418761 0.405200
0.279557 0.000061
0.388582 0.027882
0.397615 0.048052
0.410867 0.102779
0.423124 0.120926
0.418407 0.136932
0.427462 0.179940
0.409205 0.181689
0.423658 0.203878
0.432112 0.222162
0.404545 0.300990
0.396175 0.438469
0.474493 0.538382
0.429448 0.476993
0.287742 0.000294
0.368593 0.000764
0.408832 0.069401
0.415459 0.046792
0.421740 0.085507
0.438438 0.138576
0.423342 0.162343
0.447251 0.174910
0.439509 0.194270
0.435972 0.251875
0.427446 0.269925
0.435649 0.318702
0.433561 0.349751
0.408049 0.322540
0.428781 0.452158
0.304099 0.000054
0.402350 0.032163
0.424237 0.066899
0.440629 0.076686
0.431194 0.101675
0.442521 0.121415
0.441871 0.157454
0.450059 0.206676
0.448610 0.226060
0.437810 0.290931
0.444519 0.321776
0.455824 0.404370
0.406583 0.458302
0.439502 0.424558
0.312262 0.000124
0.415845 0.027999
0.433477 0.053868
0.445341 0.093175
0.455205 0.110090
0.473101 0.160215
0.471989 0.186816
0.458889 0.148626
0.462313 0.175208
0.458120 0.300676
0.466116 0.326581
0.461705 0.348408
0.447078 0.349434
0.434972 0.404335
0.416140 0.340832
0.328442 0.000642
0.428707 0.032444
0.448605 0.046761
0.453095 0.064374
0.469404 0.101454
0.459895 0.130076
0.486369 0.175265
0.480401 0.212482
0.455610 0.246480
0.446963 0.270752
0.459232 0.281115
0.449644 0.380256
0.441314 0.511841
0.437272 0.433678
0.336475 0.000539
0.408588 0.000376
0.441769 0.029025
0.456424 0.027409
0.459972 0.082578
0.475718 0.118855
0.477335 0.139928
0.491174 0.198218
0.466669 0.206556
0.472835 0.254734
0.475996 0.307900
0.464583 0.418969
0.479513 0.416812
0.442458 0.453576
0.438471 0.507327
0.352675 0.000737
0.472247 0.026701
0.468989 0.059000
0.490208 0.127256
0.492001 0.150174
0.501373 0.216077
0.483626 0.231583
0.463872 0.230968
0.479246 0.383746
0.466025 0.383561
0.476919 0.353877
0.484822 0.445029
0.435429 0.586266
0.433533 0.478444
0.360573 0.000202
0.416551 0.000312
0.479606 0.000280
0.487141 0.029307
0.466134 0.041360
0.506782 0.131486
0.503428 0.188573
0.500852 0.165230
0.491226 0.318342
0.483910 0.254402
0.475216 0.489985
0.495818 0.410151
0.466232 0.476442
0.472306 0.443069
0.493394 0.548854
0.376732 0.000160
0.463900 0.000495
0.485195 0.048607
0.476629 0.076815
0.518690 0.214120
0.511956 0.230942
0.503148 0.241035
0.496852 0.293908
0.489258 0.365981
0.467774 0.525981
0.464015 0.514601
0.435076 0.596783
0.461796 0.494111
0.460064 0.459134
0.384741 0.000764
0.455934 0.000399
0.487393 0.000369
0.500118 0.030544
0.527504 0.100063
0.521244 0.306276
0.506480 0.281121
0.493279 0.271668
0.561241 0.835942
0.445854 0.630371
0.464678 0.649317
0.701776 0.696770
0.559965 0.668029
0.422006 0.627689
0.449885 0.581253
0.424371 0.000125
0.471812 0.000348
0.575236 0.045395
0.496242 0.085013
0.489165 0.064323
0.513308 0.309633
0.512760 0.335862
0.476389 0.283995
0.502253 0.428712
0.484185 0.334363
0.473813 0.569258
0.434592 0.609966
0.455641 0.555477
0.452704 0.563359
0.400710 0.000185
0.440115 0.000191
0.510707 0.000414
0.503649 0.046674
0.571944 0.844669
0.511175 0.149549
0.580521 0.641161
0.504457 0.345215
0.489380 0.490953
0.492485 0.456432
0.714367 0.698379
0.588880 0.636129
0.580731 0.633724
0.466260 0.652669
0.419135 0.624274
0.534174 0.000381
0.502959 0.000103
0.432239 0.000445
0.305652 0.472328
0.509904 0.094838
0.518940 0.191228
0.503530 0.480707
0.574265 0.848990
0.551898 0.661610
0.489746 0.685673
0.700669 0.685200
0.558843 0.653951
0.488139 0.669408
0.482673 0.620341
0.596697 0.001109
0.549755 0.000205
0.392722 0.001023
0.495168 0.000103
0.530818 0.027304
0.495725 0.109903
0.516085 0.171162
0.526698 0.270498
0.510416 0.447311
0.508440 0.588756
0.491321 0.525263
0.479452 0.599794
0.509198 0.604460
0.481896 0.634827
0.537965 0.628335
0.588817 0.001282
0.518539 0.000639
0.448026 0.000603
0.521047 0.042906
0.484555 0.095424
0.719011 0.705737
0.441822 0.639083
0.486186 0.574761
0.495575 0.637078
0.569409 0.832501
0.473597 0.601534
0.493481 0.681572
0.540782 0.649543
0.540265 0.567441
0.612460 0.000183
0.565313 0.000668
0.514263 0.026716
0.526370 0.000158
0.513717 0.113542
0.518621 0.078472
0.524204 0.136828
0.518115 0.258245
0.532932 0.252575
0.496757 0.388423
0.511299 0.404488
0.502529 0.564179
0.536775 0.630917
0.507248 0.629924
0.536402 0.425181
0.628258 0.000006
0.541975 0.000706
0.537884 0.039935
0.520923 0.061377
0.505294 0.067169
0.532299 0.153296
0.537439 0.216288
0.542528 0.230196
0.547218 0.265034
0.508897 0.367050
0.499833 0.534914
0.535073 0.525670
0.514953 0.614186
0.528766 0.584269
0.636173 0.000882
0.557551 0.000200
0.562425 0.032329
0.555304 0.046904
0.537186 0.061579
0.533865 0.170462
0.532375 0.193048
0.556025 0.212304
0.541111 0.290029
0.525845 0.382789
0.521771 0.432199
0.528705 0.455777
0.518902 0.566868
0.538721 0.382102
0.517104 0.511023
0.652024 0.000245
0.575712 0.027570
0.564648 0.061421
0.548201 0.025937
0.536605 0.083876
0.528994 0.120142
0.544632 0.141730
0.549971 0.166084
0.552815 0.238735
0.533495 0.337331
0.528242 0.404949
0.526420 0.358399
0.519105 0.472348
0.508716 0.513176
0.660033 0.000149
0.573062 0.000340
0.589390 0.028963
0.543417 0.104711
0.548197 0.070912
0.555809 0.085696
0.548210 0.124244
0.561506 0.136362
0.546129 0.189861
0.564173 0.257771
0.551131 0.293075
0.544960 0.361320
0.565350 0.411390
0.553525 0.453280
0.580485 0.448989
0.675852 0.000285
0.580947 0.000593
0.604576 0.000630
0.573812 0.074789
0.560477 0.104628
0.580103 0.150561
0.562910 0.154676
0.569924 0.222823
0.577788 0.237320
0.567085 0.274553
0.543318 0.321870
0.556593 0.384329
0.535720 0.527501
0.542631 0.571963
0.683725 0.000915
0.620377 0.001010
0.604330 0.028114
0.587241 0.063329
0.573231 0.093003
0.570042 0.118132
0.564664 0.174949
0.562037 0.192232
0.576519 0.202064
0.587740 0.222258
0.553236 0.322505
0.570683 0.304713
0.572408 0.332444
0.574590 0.352001
0.588274 0.446390
0.699704 0.000250
0.612406 0.042870
0.601608 0.073185
0.593374 0.046917
0.589630 0.088982
0.585961 0.112210
0.581316 0.134485
0.580905 0.175627
0.596388 0.268473
0.582666 0.259468
0.581974 0.315244
0.556801 0.410520
0.512785 0.492095
0.563398 0.456994
0.707759 0.000794
0.644049 0.000628
0.620410 0.027055
0.610155 0.060061
0.601129 0.104554
0.598981 0.127634
0.592911 0.163170
0.597899 0.184276
0.591474 0.199083
0.610510 0.285075
0.583791 0.282023
0.597452 0.332673
0.560808 0.352703
0.570310 0.375759
0.578677 0.399501
0.715756 0.001333
0.630421 0.046637
0.626343 0.066719
0.609285 0.086811
0.614481 0.118287
0.601787 0.147265
0.611314 0.169147
0.609859 0.205285
0.600190 0.236801
0.594884 0.300255
0.607937 0.376992
0.588476 0.369839
0.549250 0.434388
0.538296 0.478645
0.731990 0.000813
0.667885 0.000303
0.635086 0.031613
0.643794 0.057130
0.627441 0.083740
0.623662 0.103541
0.616243 0.136076
0.617822 0.188917
0.608744 0.222968
0.608066 0.249916
0.624017 0.292768
0.640328 0.280694
0.594595 0.387864
0.584414 0.428901
0.624864 0.421192
0.740030 0.000823
0.650097 0.028197
0.654772 0.042906
0.645102 0.076002
0.639952 0.096901
0.634738 0.131555
0.624261 0.157390
0.626971 0.213293
0.626515 0.236642
0.620516 0.267743
0.602623 0.316813
0.543657 0.474922
0.654641 0.353841
0.618122 0.415863
0.748118 0.000887
0.691750 0.000202
0.667618 0.029650
0.660374 0.064527
0.656206 0.091634
0.641519 0.115515
0.638618 0.150070
0.630471 0.176583
0.638751 0.200584
0.642730 0.226777
0.630243 0.320284
0.638006 0.327821
0.603447 0.351806
0.663245 0.407125
0.602471 0.426157
0.756042 0.000014
0.681160 0.031704
0.672172 0.050311
0.669277 0.081454
0.662005 0.113026
0.652589 0.136135
0.647102 0.179492
0.654631 0.215763
0.630493 0.254589
0.654135 0.272041
0.599625 0.407038
0.628183 0.370668
0.682809 0.389678
0.666384 0.380883
0.764371 0.000090
0.723964 0.000750
0.697330 0.029753
0.682934 0.063745
0.675293 0.101164
0.668984 0.128129
0.655300 0.161521
0.658530 0.197847
0.660408 0.242737
0.614432 0.343396
0.676269 0.261515
0.637943 0.303612
0.659131 0.333409
0.643200 0.411778
0.634968 0.376483
0.780702 0.000456
0.712599 0.031310
0.693129 0.045363
0.686079 0.082292
0.689429 0.116100
0.668968 0.148985
0.665266 0.178257
0.676327 0.206254
0.650202 0.252189
0.673591 0.275884
0.670922 0.331156
0.633422 0.348423
0.680314 0.353962
0.658408 0.366554
0.788704 0.000852
0.727477 0.030305
0.713088 0.050781
0.700358 0.067016
0.695747 0.099061
0.687374 0.135015
0.688111 0.152892
0.684836 0.169423
0.673652 0.224502
0.692918 0.213605
0.658611 0.294574
0.669027 0.299483
0.696551 0.334993
0.740678 0.351563
0.699824 0.386224
0.796949 0.000820
0.732049 0.042897
0.717545 0.069359
0.708522 0.087109
0.709429 0.112082
0.705568 0.132021
0.707458 0.159076
0.684251 0.188656
0.699377 0.246742
0.685523 0.305809
0.684441 0.316212
0.693325 0.355821
0.672039 0.404323
0.642973 0.399700
0.813462 0.000086
0.772524 0.000069
0.746936 0.032990
0.734697 0.062462
0.729400 0.083425
0.725525 0.102193
0.720778 0.141006
0.700941 0.181710
0.703920 0.225634
0.681113 0.237860
0.694908 0.264302
0.722765 0.287388
0.735715 0.316698
0.726260 0.398811
0.701696 0.394274
0.822035 0.000560
0.762390 0.031578
0.756698 0.047848
0.748132 0.070558
0.744118 0.099605
0.726586 0.120786
0.718093 0.172639
0.721587 0.192314
0.708803 0.203484
0.715296 0.236779
0.705212 0.293703
0.728386 0.275877
0.708292 0.347802
0.718662 0.343747
0.830094 0.000845
0.805363 0.000138
0.778255 0.031624
0.766062 0.062846
0.758656 0.085687
0.748250 0.117706
0.744485 0.134587
0.732009 0.152590
0.738816 0.182703
0.696330 0.280590
0.721141 0.262260
0.719367 0.302568
0.759345 0.298455
0.730488 0.388465
0.735198 0.399068
0.847106 0.001144
0.793543 0.033934
0.780316 0.048968
0.776011 0.079406
0.763404 0.104970
0.771960 0.121882
0.755729 0.148487
0.742565 0.166465
0.727112 0.213088
0.734808 0.231270
0.728622 0.253538
0.762667 0.262486
0.731774 0.320247
0.772669 0.350149
0.855605 0.000177
0.838644 0.000430
0.808950 0.031098
0.794774 0.060922
0.792287 0.078427
0.781338 0.101570
0.771198 0.139063
0.765041 0.166740
0.757773 0.187754
0.743563 0.203646
0.751126 0.220963
0.750167 0.241168
0.766287 0.265852
0.754770 0.300832
0.743262 0.349380
0.872647 0.000529
0.825438 0.034548
0.809065 0.048470
0.812254 0.072772
0.800400 0.095315
0.799185 0.113628
0.790297 0.129790
0.781558 0.155251
0.776201 0.180719
0.766479 0.203712
0.776005 0.223139
0.763897 0.239756
0.795812 0.294909
0.767457 0.342637
0.881315 0.000719
0.864289 0.000768
0.841641 0.029497
0.825397 0.059152
0.826888 0.083778
0.817529 0.100334
0.816049 0.123133
0.802929 0.141957
0.797927 0.160571
0.793970 0.183071
0.787227 0.200372
0.786413 0.218063
0.799350 0.257689
0.776242 0.317148
0.760893 0.391141
0.889810 0.000370
0.856806 0.034272
0.840283 0.046165
0.840583 0.068780
0.842940 0.093060
0.833135 0.111185
0.833606 0.129792
0.821731 0.146632
0.816923 0.164598
0.811025 0.182582
0.807882 0.206772
0.787691 0.241690
0.802207 0.283183
0.780719 0.310638
0.898589 0.000735
0.907214 0.000920
0.872443 0.030223
0.858431 0.059799
0.858262 0.078409
0.858601 0.101176
0.853529 0.119724
0.849749 0.139238
0.841072 0.156818
0.834031 0.172856
0.824755 0.194693
0.815917 0.217851
0.795344 0.251238
0.809019 0.296431
0.759211 0.387688
0.915901 0.000417
0.889916 0.030962
0.872418 0.046291
0.876942 0.068173
0.875107 0.089052
0.874289 0.113412
0.868932 0.134152
0.865863 0.157391
0.854722 0.172357
0.847452 0.190028
0.827436 0.216030
0.837323 0.232684
0.825592 0.270426
0.818615 0.325782
0.924772 0.000721
0.905639 0.031096
0.893297 0.049255
0.895830 0.066581
0.892729 0.086750
0.890840 0.106671
0.887094 0.130755
0.883457 0.151531
0.879528 0.168510
0.866118 0.191267
0.861023 0.204016
0.849205 0.224815
0.830041 0.250527
0.827388 0.284540
0.774615 0.371894
0.933426 0.000025
0.913959 0.045987
0.914189 0.068755
0.914183 0.091797
0.906239 0.118113
0.907105 0.140905
0.904396 0.159509
0.900588 0.177796
0.883915 0.198653
0.878857 0.216394
0.877303 0.226767
0.857033 0.241686
0.834614 0.256568
0.788917 0.376142
0.942262 0.000082
0.924510 0.030989
0.934505 0.050430
0.925052 0.077759
0.918811 0.105491
0.922977 0.128387
0.922914 0.149472
0.913971 0.179832
0.908232 0.194323
0.903078 0.216294
0.902713 0.238394
0.868575 0.254889
0.870064 0.258603
0.813970 0.326668
0.851542 0.295245
0.951169 0.000240
0.939179 0.033839
0.945611 0.064845
0.948435 0.088037
0.951196 0.135384
0.944400 0.164712
0.942733 0.190636
0.917554 0.210234
0.912098 0.231492
0.912187 0.251723
0.901899 0.266884
0.902658 0.292526
0.842994 0.285556
0.864261 0.353659
0.959906 0.000490
0.977407 0.000411
0.963818 0.039351
0.959548 0.076699
0.943829 0.108594
0.941895 0.146658
0.944751 0.201241
0.948062 0.212611
0.943833 0.233331
0.937319 0.262747
0.938561 0.275924
0.906579 0.299120
0.865956 0.320055
0.861156 0.296604
0.788335 0.369043
0.968459 0.000858
0.957332 0.032470
0.960207 0.056155
0.954593 0.100356
0.948151 0.124231
0.942443 0.172685
0.951859 0.228813
0.954417 0.248212
0.961938 0.262946
0.919828 0.273835
0.952597 0.311854
0.896614 0.274080
0.866289 0.312396
0.822055 0.345100
0.987021 0.000429
0.998925 0.030873
0.980018 0.048731
0.978401 0.075918
0.998929 0.109179
0.999046 0.141376
0.998979 0.167479
0.999316 0.198886
0.963448 0.270412
0.970367 0.296904
0.937454 0.298611
0.923893 0.304842
0.891527 0.327318
0.989321 0.289490
0.827441 0.370578
0.999577 0.000751
0.999302 0.040978
0.999708 0.069519
0.999768 0.097043
0.999663 0.129180
0.981968 0.157390
0.983769 0.184263
0.999869 0.219301
0.995833 0.238965
0.998742 0.267564
0.960104 0.306153
0.913620 0.330482
0.817161 0.354483
0.887951 0.330316
0.998722 0.002612
0.999591 0.020520
0.998981 0.058190
0.998910 0.084575
0.988364 0.118526
0.999698 0.154365
0.998865 0.182152
0.992793 0.207864
0.997994 0.232426
0.998502 0.260661
0.993822 0.289598
0.864382 0.356736
0.913217 0.336702
0.832876 0.365051
0.853744 0.364814
