0.000464 0.018874
0.000471 0.047164
0.000573 0.077327
0.000641 0.116620
0.000320 0.147387
0.000392 0.178401
0.000879 0.201068
0.001005 0.223016
0.006707 0.244007
0.031451 0.287529
0.148339 0.305830
0.060127 0.305545
0.122590 0.307002
0.168177 0.338570
0.001117 0.004191
0.000506 0.028369
0.000659 0.057139
0.014173 0.095079
0.004542 0.125640
0.006122 0.168293
0.000626 0.187957
0.001769 0.209578
0.002329 0.231042
0.003420 0.255337
0.012755 0.259819
0.022732 0.275908
0.105784 0.293612
0.127701 0.312161
0.162653 0.345229
0.000639 0.000912
0.000564 0.037642
0.000535 0.067070
0.000254 0.087816
0.000445 0.105786
0.003782 0.136390
0.000748 0.156515
0.050170 0.205785
0.044922 0.226026
0.043098 0.235096
0.045817 0.265294
0.078323 0.301521
0.066254 0.308650
0.171226 0.349135
0.012929 0.000977
0.037279 0.033042
0.033045 0.040338
0.037060 0.076088
0.039291 0.102026
0.044112 0.131161
0.051903 0.156846
0.050098 0.182327
0.059168 0.217200
0.064119 0.245930
0.034736 0.254427
0.078322 0.274404
0.038531 0.290426
0.096873 0.295792
0.199431 0.368852
0.022593 0.000736
0.054325 0.047974
0.035321 0.063768
0.048833 0.087474
0.041871 0.112915
0.046841 0.145653
0.051716 0.170373
0.053278 0.194408
0.079109 0.234608
0.099599 0.240265
0.060887 0.262348
0.131556 0.269281
0.091373 0.272864
0.170443 0.318093
0.039994 0.000710
0.031354 0.000517
0.075485 0.064550
0.052312 0.065733
0.060417 0.108094
0.059886 0.130250
0.075687 0.148185
0.080627 0.167133
0.085395 0.190706
0.086477 0.205331
0.088906 0.228873
0.081586 0.259547
0.137316 0.282991
0.146342 0.292466
0.215035 0.363183
0.048953 0.000946
0.054344 0.030946
0.075567 0.079599
0.075812 0.095868
0.081900 0.113825
0.086886 0.130090
0.092023 0.152649
0.093165 0.172505
0.097228 0.199313
0.117933 0.206450
0.119550 0.232257
0.118005 0.238722
0.134975 0.261995
0.172679 0.306941
0.057790 0.000753
0.072312 0.031813
0.078706 0.044884
0.093354 0.066575
0.095478 0.090048
0.099406 0.109960
0.105313 0.130291
0.110637 0.151329
0.118890 0.170594
0.119124 0.191033
0.133508 0.205058
0.158458 0.235936
0.161282 0.248846
0.179889 0.271522
0.202375 0.371647
0.066680 0.000788
0.090648 0.031781
0.102615 0.046353
0.110707 0.072487
0.115026 0.091442
0.121041 0.113475
0.124095 0.131538
0.128944 0.154324
0.133960 0.171465
0.144136 0.195364
0.161735 0.216553
0.171735 0.250597
0.184077 0.276334
0.192812 0.306209
0.075533 0.000076
0.084235 0.000305
0.108605 0.031880
0.119887 0.058198
0.131651 0.076963
0.132971 0.098578
0.139780 0.119203
0.145898 0.138559
0.149024 0.157530
0.159150 0.182511
0.162148 0.202105
0.177507 0.227461
0.207423 0.257180
0.190314 0.302744
0.244211 0.366885
0.093063 0.000010
0.123527 0.032089
0.133183 0.043049
0.144593 0.065834
0.150477 0.086676
0.155702 0.105993
0.160841 0.126031
0.166595 0.146026
0.165785 0.167573
0.175112 0.185791
0.184855 0.214273
0.211059 0.231405
0.199603 0.259742
0.223835 0.335361
0.101662 0.000396
0.119152 0.000415
0.145256 0.032395
0.155391 0.052157
0.164694 0.071857
0.170670 0.092601
0.176256 0.111177
0.180411 0.132187
0.182967 0.152410
0.189443 0.174995
0.205019 0.197068
0.199578 0.209188
0.236192 0.241604
0.238427 0.299334
0.257239 0.364733
0.110555 0.000053
0.159718 0.033420
0.173879 0.047160
0.182002 0.067088
0.188186 0.086190
0.194441 0.105360
0.198707 0.125722
0.199707 0.147211
0.205073 0.166264
0.210908 0.185072
0.221311 0.212856
0.215318 0.243225
0.242186 0.298909
0.223107 0.333631
0.127812 0.000089
0.153462 0.000015
0.178821 0.032058
0.194053 0.048445
0.202241 0.069499
0.207203 0.088059
0.213066 0.111793
0.214011 0.134673
0.221227 0.156255
0.226090 0.177171
0.231248 0.202663
0.244139 0.219206
0.255206 0.253159
0.243681 0.319063
0.254720 0.348925
0.136476 0.000244
0.196397 0.033008
0.214480 0.050263
0.221589 0.069875
0.224052 0.097187
0.233643 0.119176
0.234770 0.134632
0.239648 0.150320
0.240600 0.173306
0.249716 0.191604
0.257942 0.218254
0.245224 0.250770
0.258126 0.306344
0.261375 0.325071
0.144947 0.000957
0.187533 0.000189
0.212630 0.032081
0.230318 0.043471
0.234100 0.082866
0.244274 0.104090
0.253896 0.126598
0.255634 0.160453
0.262568 0.177149
0.269416 0.198140
0.267777 0.224281
0.276647 0.241491
0.278041 0.306591
0.277819 0.322390
0.233966 0.354752
0.162062 0.000016
0.233067 0.030464
0.241088 0.065956
0.256483 0.086115
0.261473 0.108223
0.271967 0.133319
0.265577 0.147868
0.280433 0.176021
0.282871 0.206427
0.294644 0.226022
0.291674 0.248539
0.271320 0.261260
0.300415 0.350800
0.274070 0.359383
0.170558 0.000635
0.252447 0.031677
0.250491 0.046568
0.258905 0.069740
0.274318 0.093164
0.280315 0.114412
0.285616 0.152109
0.295536 0.169168
0.296118 0.189889
0.303267 0.210796
0.308843 0.241255
0.277019 0.269663
0.286815 0.293865
0.275562 0.346842
0.300826 0.378490
0.179090 0.000986
0.269445 0.054185
0.278727 0.072548
0.292768 0.087260
0.295464 0.107124
0.291290 0.130912
0.313067 0.174504
0.316924 0.195767
0.318266 0.225341
0.321966 0.251597
0.301344 0.274532
0.297762 0.286498
0.299789 0.314215
0.327088 0.404083
0.195919 0.000567
0.268255 0.033086
0.287855 0.051342
0.297790 0.069936
0.311235 0.098974
0.307683 0.128251
0.304057 0.151444
0.332793 0.185786
0.332303 0.211326
0.344463 0.276212
0.330310 0.268287
0.312949 0.329799
0.315956 0.310816
0.335756 0.357963
0.329782 0.402215
0.204248 0.000512
0.282552 0.033047
0.306742 0.046633
0.314122 0.080310
0.321325 0.117709
0.321007 0.142178
0.326273 0.162493
0.349343 0.201699
0.338691 0.234627
0.333947 0.297961
0.316629 0.271603
0.350657 0.332443
0.305770 0.339865
0.307532 0.381701
0.212853 0.000073
0.262645 0.000982
0.297642 0.030444
0.317327 0.062742
0.329422 0.099848
0.335371 0.128401
0.340829 0.150529
0.343309 0.171904
0.349224 0.221068
0.347291 0.252973
0.367766 0.320263
0.349697 0.311851
0.329921 0.311076
0.358039 0.391345
0.315151 0.361979
0.221162 0.000625
0.314064 0.030873
0.326807 0.042427
0.333008 0.082618
0.346634 0.109137
0.356016 0.143398
0.360032 0.166582
0.360273 0.189567
0.363590 0.245672
0.354648 0.292678
0.375850 0.345741
0.357112 0.342730
0.344145 0.357036
0.326203 0.378131
0.229499 0.000978
0.295546 0.000188
0.334269 0.028984
0.334980 0.063311
0.353994 0.094333
0.353631 0.124897
0.373706 0.151810
0.377848 0.185553
0.367811 0.218718
0.393756 0.261406
0.379987 0.267948
0.362438 0.270528
0.381227 0.366757
0.403399 0.374887
0.346871 0.391613
0.237952 0.000143
0.349758 0.030916
0.346510 0.049694
0.350215 0.074486
0.368969 0.109780
0.373222 0.129905
0.382175 0.167749
0.379881 0.206098
0.374803 0.237669
0.399743 0.314229
0.371849 0.297509
0.392183 0.353916
0.373687 0.394181
0.367201 0.372066
0.246141 0.000453
0.319950 0.000606
0.363569 0.049745
0.363850 0.069244
0.371160 0.091189
0.386150 0.117989
0.389107 0.146211
0.395828 0.188749
0.390705 0.240936
0.412698 0.256259
0.399720 0.282691
0.381614 0.290255
0.420481 0.374355
0.401739 0.428476
0.387268 0.391266
0.254476 0.000146
0.364695 0.028370
0.379971 0.058674
0.383952 0.079686
0.389328 0.098116
0.399946 0.130760
0.401528 0.165380
0.396620 0.217683
0.407711 0.236885
0.416273 0.277180
0.381912 0.322322
0.418767 0.362218
0.407125 0.454804
0.398048 0.406609
0.270894 0.000759
0.344005 0.000957
0.378118 0.037909
0.395328 0.065623
0.403549 0.087125
0.404827 0.114337
0.410823 0.149294
0.408820 0.203351
0.417077 0.219180
0.428379 0.241963
0.428471 0.296089
0.401035 0.338152
0.439677 0.381068
0.410619 0.410644
0.423666 0.405870
0.279165 0.000535
0.386819 0.027622
0.398136 0.047766
0.413818 0.101374
0.424464 0.120262
0.421383 0.136900
0.429935 0.177709
0.413146 0.179075
0.428053 0.201247
0.438183 0.220583
0.408908 0.298202
0.399086 0.436194
0.473924 0.546642
0.430686 0.481140
0.287287 0.000836
0.368139 0.000195
0.410101 0.068259
0.417081 0.047285
0.424174 0.085988
0.440121 0.137697
0.426592 0.158770
0.449589 0.173630
0.444306 0.191071
0.441517 0.249757
0.431586 0.268180
0.439113 0.315079
0.437695 0.347519
0.412018 0.321241
0.432202 0.453980
0.303714 0.000546
0.402407 0.031483
0.426953 0.067189
0.442528 0.076124
0.431272 0.102038
0.442404 0.120004
0.444134 0.154356
0.453023 0.204410
0.451530 0.225751
0.441357 0.288222
0.446367 0.319113
0.458184 0.406522
0.407776 0.459691
0.443378 0.426681
0.311831 0.000904
0.416809 0.026480
0.434403 0.054228
0.446249 0.093214
0.454531 0.108451
0.474462 0.158653
0.473936 0.188040
0.459795 0.147009
0.465112 0.172775
0.462695 0.296548
0.469823 0.322797
0.463891 0.345934
0.449737 0.347211
0.440110 0.404871
0.418951 0.337200
0.327809 0.000446
0.429589 0.034255
0.448409 0.045320
0.453998 0.064207
0.467749 0.099788
0.458852 0.129724
0.486464 0.173924
0.484798 0.213783
0.459274 0.245628
0.451112 0.268262
0.462300 0.278456
0.451969 0.380973
0.440721 0.516966
0.440897 0.435023
0.336007 0.001159
0.408216 0.000697
0.442212 0.029025
0.457369 0.028234
0.461023 0.082051
0.474058 0.116489
0.476800 0.138996
0.490689 0.198438
0.469072 0.203274
0.475098 0.253264
0.478299 0.303993
0.466688 0.421807
0.479833 0.419810
0.445256 0.458452
0.439013 0.515218
0.352138 0.000247
0.474107 0.026278
0.469028 0.060319
0.489094 0.126106
0.491771 0.147934
0.503081 0.216144
0.487035 0.231287
0.468380 0.230515
0.480500 0.384641
0.467459 0.384592
0.478744 0.352827
0.485546 0.450670
0.435666 0.592796
0.434422 0.483571
0.360261 0.000796
0.416244 0.000416
0.479360 0.000687
0.487520 0.029185
0.467387 0.042232
0.506177 0.129905
0.503149 0.187469
0.499688 0.164352
0.490543 0.315221
0.488476 0.252812
0.474540 0.496234
0.496024 0.411896
0.464373 0.480235
0.472930 0.447656
0.493220 0.558640
0.376260 0.000402
0.463451 0.000612
0.483014 0.046164
0.477174 0.076619
0.521012 0.213934
0.514134 0.230974
0.504120 0.239879
0.498840 0.289700
0.490050 0.365414
0.465716 0.535642
0.462396 0.521911
0.430687 0.604058
0.460397 0.499018
0.462216 0.464570
0.384336 0.000370
0.455600 0.001064
0.487216 0.000585
0.501321 0.028165
0.526876 0.098062
0.519800 0.303155
0.506186 0.277314
0.495339 0.269280
0.566623 0.847937
0.442453 0.638422
0.462838 0.656304
0.721804 0.699771
0.560793 0.671483
0.420066 0.633717
0.448604 0.588426
0.424169 0.000422
0.471375 0.000913
0.573802 0.045039
0.495230 0.081722
0.488924 0.062727
0.514660 0.306105
0.512249 0.334849
0.478624 0.281310
0.501588 0.432815
0.485175 0.331112
0.473346 0.578199
0.434386 0.617350
0.456676 0.567303
0.451059 0.569563
0.400324 0.000249
0.439898 0.000932
0.510602 0.000345
0.502221 0.045682
0.575469 0.853245
0.510433 0.148497
0.582178 0.645674
0.505526 0.342138
0.488753 0.497510
0.491606 0.461386
0.724259 0.697431
0.593737 0.639237
0.586223 0.637358
0.465254 0.661228
0.417119 0.628391
0.534216 0.000955
0.502800 0.000743
0.432084 0.000117
0.296714 0.455739
0.508636 0.093569
0.515131 0.191927
0.500284 0.486962
0.581894 0.859319
0.554418 0.670789
0.489421 0.689973
0.712322 0.689532
0.566944 0.658450
0.487483 0.679161
0.481420 0.627975
0.596962 0.000667
0.550010 0.000272
0.392204 0.000087
0.495012 0.000160
0.530840 0.026062
0.494161 0.108212
0.516685 0.170959
0.526264 0.268100
0.509324 0.453321
0.508198 0.597834
0.489403 0.533435
0.478668 0.607007
0.508199 0.611052
0.480065 0.642330
0.538988 0.634177
0.589112 0.000801
0.518428 0.000260
0.447748 0.000294
0.520577 0.042359
0.482925 0.094014
0.729046 0.711291
0.438947 0.645151
0.484501 0.583112
0.494488 0.645489
0.570446 0.836868
0.473456 0.609059
0.492258 0.685640
0.539786 0.651317
0.539309 0.575237
0.612715 0.000003
0.565576 0.000177
0.514971 0.026369
0.526308 0.000505
0.511301 0.111700
0.518340 0.077387
0.525326 0.135534
0.518021 0.255216
0.532799 0.250495
0.495462 0.389466
0.510661 0.405942
0.501123 0.574182
0.536635 0.640405
0.506343 0.638446
0.535022 0.427792
0.628628 0.000602
0.542077 0.000164
0.538566 0.041935
0.521519 0.060118
0.504644 0.064942
0.531195 0.152990
0.536238 0.215939
0.539749 0.230305
0.546453 0.263151
0.506997 0.365740
0.498286 0.545326
0.535382 0.532923
0.513869 0.623120
0.526314 0.591105
0.636487 0.001067
0.557791 0.000765
0.560553 0.031412
0.554306 0.045935
0.537102 0.059098
0.533206 0.173114
0.531383 0.195586
0.553289 0.210651
0.542480 0.286411
0.525010 0.384588
0.520904 0.436289
0.526807 0.460357
0.517936 0.576880
0.537111 0.381779
0.517533 0.518467
0.652264 0.000210
0.574458 0.025955
0.564789 0.061106
0.546674 0.025210
0.535262 0.082033
0.529404 0.118747
0.542498 0.141205
0.547452 0.164833
0.553092 0.237869
0.532546 0.334875
0.525053 0.405620
0.524499 0.356118
0.517806 0.478105
0.505401 0.521099
0.660237 0.000197
0.573421 0.000082
0.589894 0.030448
0.542464 0.102995
0.550712 0.067713
0.553896 0.085786
0.549015 0.122216
0.561210 0.134441
0.546033 0.188559
0.562459 0.254397
0.548243 0.289542
0.543206 0.360217
0.562953 0.412624
0.551713 0.456734
0.579790 0.450198
0.676242 0.000752
0.581226 0.000679
0.604810 0.000529
0.573797 0.074701
0.559189 0.102288
0.579886 0.149742
0.562136 0.153301
0.566196 0.223338
0.575317 0.239265
0.564804 0.272774
0.541467 0.320314
0.553943 0.382934
0.534951 0.532760
0.539226 0.580350
0.684259 0.000378
0.620659 0.000359
0.604216 0.029228
0.585112 0.063226
0.573344 0.092046
0.569216 0.116410
0.562540 0.172018
0.561791 0.193711
0.573528 0.201716
0.586798 0.220079
0.550909 0.319445
0.568878 0.301630
0.570028 0.331177
0.570617 0.349393
0.582310 0.446553
0.700251 0.000296
0.611229 0.043442
0.599624 0.072157
0.592182 0.045616
0.588757 0.087682
0.584896 0.109686
0.580829 0.132507
0.578653 0.176511
0.594311 0.267483
0.580932 0.256440
0.578438 0.312475
0.554150 0.410969
0.511344 0.498742
0.558196 0.460961
0.708265 0.000850
0.644429 0.000395
0.620965 0.027543
0.608212 0.060469
0.599709 0.103610
0.597534 0.125553
0.591490 0.162692
0.596091 0.182270
0.589703 0.199586
0.607354 0.284113
0.580990 0.279755
0.594129 0.330254
0.559300 0.351036
0.566964 0.374864
0.576186 0.398627
0.716438 0.000390
0.629690 0.046686
0.624219 0.066635
0.608299 0.087248
0.614827 0.116869
0.600061 0.144211
0.609840 0.167188
0.608356 0.205128
0.596449 0.238894
0.592123 0.297654
0.601763 0.375334
0.586505 0.369783
0.545684 0.437099
0.534782 0.485839
0.732633 0.000293
0.668218 0.001111
0.635212 0.031392
0.643554 0.058524
0.625827 0.083407
0.621470 0.102797
0.615516 0.135805
0.617223 0.188501
0.606792 0.222007
0.605621 0.250087
0.620668 0.292097
0.636294 0.279480
0.591099 0.387884
0.582903 0.430072
0.619487 0.420259
0.740583 0.000225
0.650570 0.027968
0.654235 0.042786
0.643635 0.075276
0.638808 0.096663
0.633568 0.129247
0.621911 0.154503
0.626187 0.213381
0.624623 0.235594
0.616427 0.266952
0.597107 0.314323
0.540239 0.480448
0.649453 0.351008
0.613829 0.416264
0.748571 0.000845
0.692307 0.000206
0.667506 0.029209
0.661561 0.064454
0.655707 0.092481
0.640001 0.113440
0.637806 0.147495
0.629225 0.172569
0.636552 0.198582
0.639829 0.226097
0.626999 0.317181
0.634457 0.325779
0.599868 0.350301
0.656041 0.405124
0.596768 0.425804
0.756766 0.000378
0.682545 0.030721
0.672668 0.047646
0.667695 0.080781
0.660836 0.111684
0.650946 0.133639
0.644540 0.177214
0.650570 0.214855
0.628102 0.253979
0.649902 0.268463
0.594578 0.408538
0.622612 0.369275
0.676119 0.387686
0.660134 0.377840
0.764811 0.001157
0.724454 0.000335
0.699344 0.029909
0.683312 0.062730
0.674213 0.101439
0.666507 0.127624
0.654577 0.160601
0.655493 0.195507
0.657800 0.241091
0.608751 0.342291
0.670926 0.257160
0.632961 0.301507
0.654123 0.331418
0.637090 0.409411
0.630817 0.375687
0.781087 0.000523
0.713699 0.031911
0.693793 0.044624
0.686285 0.081785
0.687942 0.117352
0.666352 0.148713
0.663734 0.175924
0.672833 0.204220
0.645057 0.252138
0.668641 0.275243
0.663547 0.328489
0.628140 0.345179
0.674278 0.353096
0.653235 0.365354
0.789471 0.000011
0.729762 0.030186
0.713960 0.050512
0.699175 0.067089
0.694314 0.098802
0.685402 0.133975
0.686376 0.151392
0.683225 0.167600
0.669583 0.223497
0.689489 0.210387
0.652129 0.293644
0.664578 0.298113
0.690418 0.332261
0.734948 0.347185
0.693591 0.382953
0.797619 0.000274
0.734652 0.043456
0.717981 0.068804
0.708120 0.086942
0.708372 0.111591
0.703817 0.131556
0.705927 0.156785
0.681456 0.186137
0.692847 0.244254
0.682198 0.302542
0.680019 0.314695
0.687262 0.353117
0.664212 0.403249
0.636970 0.400915
0.814004 0.000263
0.773270 0.000373
0.748276 0.032234
0.734243 0.062437
0.730563 0.082301
0.723946 0.099998
0.718893 0.138551
0.697743 0.178768
0.700263 0.224460
0.677634 0.237858
0.691498 0.261622
0.720049 0.282917
0.730877 0.312449
0.716869 0.397212
0.693999 0.391162
0.822571 0.000265
0.764247 0.032080
0.755304 0.048560
0.749399 0.070895
0.742453 0.098033
0.725492 0.119922
0.716544 0.169473
0.718401 0.190761
0.705298 0.199413
0.711460 0.234342
0.699469 0.290888
0.724169 0.270231
0.702860 0.343782
0.712798 0.340369
0.830950 0.000644
0.805864 0.000905
0.779034 0.030785
0.766906 0.061198
0.757920 0.085730
0.746779 0.116233
0.742285 0.132234
0.729098 0.150168
0.736142 0.179609
0.690068 0.279061
0.715596 0.260711
0.712947 0.300088
0.755128 0.292877
0.724538 0.386797
0.728327 0.396712
0.847790 0.000365
0.794915 0.034583
0.779736 0.047832
0.774902 0.078952
0.762441 0.103422
0.770834 0.119755
0.753761 0.145904
0.740346 0.163215
0.722254 0.209257
0.730304 0.226989
0.726649 0.247927
0.757455 0.257836
0.723328 0.316803
0.764975 0.341877
0.856102 0.000251
0.839197 0.001068
0.810614 0.029909
0.794275 0.059590
0.791498 0.076287
0.780431 0.098983
0.768321 0.137051
0.762178 0.163004
0.754866 0.183792
0.739525 0.199787
0.747870 0.215769
0.744482 0.239252
0.761098 0.260389
0.749450 0.292981
0.738202 0.343235
0.873308 0.000133
0.825838 0.034266
0.808446 0.046682
0.811537 0.071445
0.799717 0.093111
0.796485 0.111845
0.787529 0.127161
0.779244 0.151842
0.773401 0.176818
0.762367 0.199241
0.771627 0.219451
0.759831 0.234886
0.790793 0.290074
0.761128 0.340630
0.881828 0.000210
0.864628 0.000240
0.842816 0.029819
0.824871 0.057246
0.824945 0.081898
0.816557 0.098674
0.813819 0.121263
0.800796 0.138819
0.794559 0.156950
0.791890 0.178092
0.783825 0.195408
0.784804 0.212968
0.796238 0.251830
0.771275 0.310014
0.754234 0.388428
0.890553 0.000890
0.858240 0.034142
0.840379 0.044802
0.840283 0.067908
0.841879 0.091063
0.832134 0.108295
0.831983 0.127868
0.819593 0.142824
0.814535 0.160962
0.809591 0.178324
0.803971 0.201300
0.783019 0.235694
0.794266 0.275613
0.773336 0.304398
0.899145 0.000443
0.907922 0.000072
0.875429 0.029627
0.858440 0.058659
0.857462 0.076269
0.857688 0.098555
0.851183 0.117499
0.848045 0.136911
0.838351 0.152644
0.831194 0.170822
0.822845 0.189120
0.811339 0.212586
0.789430 0.243592
0.803202 0.291742
0.749984 0.385319
0.916609 0.001007
0.891876 0.030173
0.872395 0.044925
0.877055 0.065884
0.875162 0.086641
0.873440 0.109994
0.866793 0.131014
0.863574 0.154029
0.851881 0.169114
0.842811 0.186071
0.825096 0.209514
0.833647 0.225138
0.819982 0.263814
0.808636 0.318020
0.925344 0.000473
0.908112 0.030119
0.893805 0.047917
0.896230 0.064588
0.892824 0.084209
0.889782 0.102865
0.885461 0.126563
0.881057 0.148005
0.876658 0.164531
0.863605 0.185796
0.855985 0.199492
0.845827 0.217897
0.823016 0.240114
0.820936 0.277561
0.766890 0.367318
0.934241 0.000752
0.915779 0.044525
0.914070 0.064799
0.914006 0.088145
0.904009 0.113808
0.904294 0.136596
0.901502 0.154286
0.895233 0.173914
0.879830 0.193699
0.873760 0.211846
0.872037 0.220936
0.853869 0.233428
0.830756 0.250800
0.780706 0.371641
0.943039 0.000123
0.926336 0.029588
0.934559 0.049286
0.925367 0.074312
0.918344 0.100418
0.921126 0.122809
0.920098 0.143896
0.911009 0.174762
0.905345 0.189417
0.899158 0.209615
0.898390 0.233404
0.862643 0.248229
0.866279 0.251579
0.810183 0.322789
0.845479 0.286633
0.952007 0.000943
0.941042 0.030592
0.941444 0.062401
0.947040 0.084500
0.949867 0.129163
0.942292 0.159362
0.938453 0.183532
0.912814 0.204006
0.908315 0.226550
0.907658 0.244714
0.896150 0.258893
0.895399 0.287277
0.836083 0.278832
0.857677 0.347463
0.960854 0.000669
0.979130 0.000464
0.970285 0.033651
0.963462 0.074205
0.941937 0.102202
0.939251 0.139644
0.939375 0.195095
0.943789 0.205570
0.939526 0.226925
0.933867 0.257284
0.935373 0.268136
0.904919 0.294342
0.859946 0.312648
0.855341 0.290494
0.781683 0.364538
0.969950 0.000525
0.955607 0.028163
0.962631 0.052515
0.955022 0.096378
0.947946 0.119901
0.937117 0.165669
0.947497 0.220879
0.948893 0.239706
0.959619 0.253282
0.918625 0.266923
0.952089 0.297140
0.892374 0.267581
0.864318 0.307231
0.810936 0.338201
0.989124 0.000187
0.999256 0.034599
0.970706 0.048637
0.970366 0.072713
0.996943 0.106731
0.996836 0.135252
0.996208 0.161029
0.998284 0.190867
0.960834 0.264094
0.966585 0.288360
0.932736 0.291295
0.920992 0.296260
0.887073 0.316683
0.983725 0.277530
0.819724 0.364260
0.999810 0.000683
0.999446 0.044750
0.999463 0.069956
0.998802 0.093568
0.997399 0.122488
0.980219 0.151505
0.980257 0.171870
0.999396 0.213532
0.993857 0.231379
0.997377 0.257546
0.957755 0.294938
0.907683 0.321419
0.810421 0.348912
0.880715 0.327394
0.999126 0.006165
0.999462 0.023733
0.999817 0.058058
0.998250 0.079358
0.984505 0.113665
0.998157 0.150019
0.996094 0.177760
0.987961 0.196188
0.998101 0.223930
0.997526 0.252884
0.992301 0.274470
0.856819 0.352441
0.905009 0.323820
0.825275 0.362216
0.842424 0.359251
