0.000333 0.018894
0.000954 0.047346
0.000572 0.078209
0.000030 0.115260
0.000516 0.146439
0.000141 0.177128
0.000789 0.198306
0.000864 0.221452
0.007960 0.243175
0.032489 0.282850
0.152353 0.301643
0.062019 0.300415
0.125525 0.302591
0.172598 0.334591
0.000315 0.004580
0.000435 0.028429
0.000660 0.057427
0.021437 0.093676
0.007301 0.123683
0.010075 0.166496
0.000530 0.187003
0.002533 0.208420
0.001839 0.229362
0.001963 0.252271
0.014671 0.257585
0.023729 0.269620
0.108709 0.288421
0.130014 0.306877
0.166787 0.341501
0.000311 0.000373
0.000227 0.037737
0.000406 0.067499
0.000131 0.088745
0.000183 0.104164
0.005543 0.135019
0.000757 0.156372
0.051996 0.201493
0.046127 0.220695
0.044810 0.231415
0.047437 0.260672
0.080612 0.297208
0.067611 0.302546
0.173812 0.345439
0.012613 0.000898
0.036626 0.031784
0.032529 0.039568
0.036152 0.074062
0.039119 0.099514
0.044616 0.128188
0.053340 0.153390
0.051817 0.177222
0.061524 0.213213
0.065708 0.241154
0.036046 0.249009
0.080723 0.270919
0.040083 0.285835
0.099799 0.292355
0.202734 0.366978
0.022373 0.000683
0.054510 0.047026
0.034582 0.061507
0.049069 0.085049
0.042189 0.110720
0.047227 0.141738
0.052921 0.167051
0.054651 0.189768
0.080198 0.230910
0.102704 0.236238
0.062736 0.257917
0.134972 0.264663
0.093981 0.269289
0.173977 0.314002
0.039755 0.000129
0.031127 0.000906
0.076066 0.063323
0.052898 0.064217
0.062004 0.105675
0.061467 0.128209
0.076173 0.145147
0.081270 0.164115
0.086029 0.186597
0.087767 0.201947
0.091159 0.224158
0.084724 0.254647
0.138994 0.278344
0.149548 0.289415
0.217432 0.360970
0.048602 0.000700
0.053863 0.030583
0.075333 0.078487
0.076314 0.094186
0.082185 0.111795
0.087540 0.127714
0.093260 0.149536
0.094728 0.169513
0.100073 0.196761
0.119935 0.203534
0.121920 0.228246
0.120108 0.235171
0.137219 0.255776
0.174570 0.302760
0.057628 0.000666
0.072119 0.031081
0.078583 0.043969
0.093694 0.064611
0.096530 0.087991
0.100516 0.107835
0.106382 0.128134
0.111633 0.148479
0.119410 0.168290
0.119841 0.187614
0.134120 0.203781
0.160858 0.232336
0.163836 0.245388
0.183770 0.267021
0.205902 0.368071
0.066484 0.000210
0.090644 0.031091
0.102936 0.045813
0.110785 0.071378
0.115638 0.089895
0.121546 0.111316
0.124926 0.129053
0.129785 0.150949
0.135674 0.169723
0.147215 0.191796
0.161801 0.213675
0.174469 0.247089
0.185757 0.272364
0.195516 0.301584
0.075353 0.000691
0.084090 0.000372
0.108252 0.031135
0.120559 0.057313
0.132217 0.075563
0.134414 0.096443
0.141099 0.117156
0.147181 0.135637
0.151024 0.155257
0.159003 0.180386
0.163587 0.199315
0.179254 0.226478
0.210256 0.253304
0.194401 0.299387
0.248366 0.363399
0.092858 0.000123
0.123583 0.031450
0.133626 0.041846
0.144666 0.064584
0.151654 0.084970
0.156795 0.103640
0.161917 0.123382
0.167587 0.143511
0.166902 0.163214
0.177489 0.183957
0.186100 0.212408
0.212885 0.226626
0.202365 0.254603
0.227415 0.332070
0.101531 0.000058
0.118992 0.000698
0.145481 0.031844
0.155720 0.051454
0.165487 0.070677
0.171621 0.090786
0.177612 0.109108
0.182178 0.129412
0.184910 0.149977
0.190908 0.171495
0.207587 0.193998
0.202583 0.208051
0.239713 0.237074
0.241043 0.295648
0.260187 0.362699
0.110321 0.000549
0.159878 0.032648
0.174307 0.046283
0.182696 0.066071
0.189178 0.084377
0.195558 0.103149
0.200073 0.123258
0.201617 0.144325
0.205840 0.162339
0.213656 0.180704
0.223624 0.212080
0.217228 0.240840
0.246030 0.293899
0.226427 0.329533
0.127639 0.000919
0.153315 0.000049
0.178983 0.031073
0.194253 0.047852
0.203030 0.068475
0.208332 0.086412
0.214184 0.109969
0.215523 0.132682
0.222863 0.152196
0.228895 0.174617
0.233812 0.199569
0.245305 0.217189
0.258604 0.249881
0.247484 0.317010
0.259174 0.346284
0.136277 0.000908
0.196818 0.032214
0.214970 0.050097
0.222318 0.068781
0.224998 0.095753
0.235059 0.116949
0.236191 0.132626
0.241428 0.147962
0.242711 0.171204
0.251312 0.188767
0.259844 0.216103
0.246715 0.247586
0.262287 0.303155
0.263999 0.322532
0.144815 0.000548
0.187281 0.000728
0.212710 0.031716
0.230662 0.042818
0.235181 0.082153
0.245127 0.102464
0.255381 0.124822
0.257427 0.158569
0.264406 0.174923
0.271369 0.195494
0.269280 0.222352
0.278269 0.239882
0.280613 0.304738
0.281005 0.320399
0.237496 0.351612
0.161922 0.000700
0.233048 0.029924
0.241559 0.065003
0.257454 0.085292
0.262345 0.107222
0.273241 0.130983
0.266849 0.146298
0.281715 0.173606
0.284814 0.204769
0.297216 0.223359
0.294035 0.247928
0.273403 0.258286
0.303422 0.348985
0.278594 0.356241
0.170320 0.000364
0.252376 0.031209
0.251062 0.046487
0.259371 0.068929
0.275349 0.092252
0.281195 0.113091
0.286374 0.150259
0.297357 0.167360
0.297893 0.187450
0.305533 0.207633
0.309313 0.239206
0.279870 0.267691
0.287526 0.290187
0.279594 0.344059
0.303657 0.376160
0.178860 0.000288
0.269847 0.054330
0.279158 0.072096
0.293674 0.086503
0.296671 0.106462
0.292587 0.129975
0.314859 0.173504
0.318737 0.193713
0.320362 0.223583
0.324241 0.249854
0.301376 0.271047
0.300145 0.284788
0.302805 0.311989
0.330241 0.402806
0.195727 0.000245
0.267927 0.032880
0.288226 0.051408
0.297842 0.068837
0.312312 0.098242
0.308072 0.127105
0.305252 0.149801
0.334514 0.184072
0.334953 0.209115
0.347733 0.275896
0.332344 0.266453
0.316220 0.327278
0.318937 0.308624
0.337981 0.356613
0.333966 0.401128
0.204154 0.001016
0.281666 0.032780
0.306624 0.046194
0.314558 0.079714
0.322319 0.117286
0.322424 0.141507
0.327826 0.160986
0.351366 0.200042
0.340920 0.232128
0.335808 0.295202
0.319865 0.268937
0.352791 0.330198
0.308107 0.338261
0.310989 0.380195
0.212555 0.000344
0.262418 0.000729
0.296706 0.029699
0.316874 0.061761
0.329892 0.099652
0.336382 0.127893
0.342162 0.149625
0.345275 0.169586
0.351144 0.219550
0.349503 0.250612
0.370007 0.318387
0.352069 0.311152
0.332261 0.310799
0.360255 0.389923
0.319081 0.358867
0.220872 0.000029
0.313207 0.029825
0.326430 0.041839
0.333216 0.081691
0.347517 0.108591
0.357280 0.142818
0.361927 0.164910
0.361842 0.187542
0.365555 0.244095
0.357444 0.290793
0.378738 0.344406
0.359267 0.341375
0.347429 0.355837
0.329294 0.376781
0.229161 0.000001
0.295301 0.000830
0.333543 0.028405
0.334662 0.062587
0.353859 0.093598
0.355034 0.124022
0.375118 0.150782
0.379775 0.184194
0.370144 0.216588
0.395660 0.259935
0.383061 0.266036
0.364951 0.268726
0.383988 0.365671
0.405972 0.373870
0.348969 0.389344
0.237706 0.001021
0.348781 0.029986
0.345801 0.049908
0.349638 0.073546
0.369530 0.108707
0.374338 0.129883
0.383577 0.166188
0.381690 0.204254
0.376322 0.235114
0.401916 0.312033
0.374250 0.296313
0.394790 0.352033
0.377092 0.393297
0.369938 0.370845
0.245954 0.000452
0.319715 0.000598
0.362746 0.049884
0.364194 0.068633
0.371308 0.090258
0.386114 0.117399
0.390476 0.145234
0.397514 0.187205
0.392934 0.239582
0.415450 0.254754
0.401789 0.281344
0.384655 0.288896
0.422836 0.373217
0.403562 0.428425
0.390057 0.389934
0.254243 0.000806
0.363774 0.028317
0.380108 0.058140
0.383693 0.078947
0.389624 0.098820
0.400203 0.130321
0.402376 0.164380
0.397936 0.215813
0.409970 0.235457
0.418422 0.275949
0.385028 0.320613
0.421399 0.360458
0.408525 0.455428
0.401413 0.405488
0.270664 0.000822
0.343833 0.000206
0.377645 0.038128
0.395481 0.065588
0.403330 0.086382
0.405055 0.114152
0.410983 0.148433
0.409507 0.201584
0.418047 0.217267
0.429271 0.239903
0.430276 0.294458
0.403754 0.336202
0.441567 0.379897
0.412069 0.410052
0.425828 0.404954
0.278933 0.000158
0.385737 0.027388
0.397468 0.046989
0.414063 0.100563
0.424048 0.120074
0.421586 0.137321
0.429928 0.176526
0.414054 0.177900
0.428850 0.199341
0.439106 0.219215
0.411107 0.296465
0.401039 0.433952
0.473588 0.548768
0.431774 0.481910
0.287013 0.000681
0.368013 0.000578
0.410267 0.067392
0.416507 0.047119
0.424425 0.085157
0.439861 0.137741
0.427027 0.157598
0.448974 0.172543
0.445085 0.189050
0.443300 0.248266
0.433126 0.266635
0.440633 0.312977
0.439772 0.345577
0.414625 0.320142
0.433666 0.454116
0.303409 0.001019
0.401599 0.030642
0.427007 0.067397
0.442416 0.075392
0.431002 0.102348
0.441704 0.119314
0.444079 0.153748
0.453114 0.203225
0.452030 0.225104
0.442987 0.286927
0.447552 0.317553
0.459348 0.406406
0.408632 0.458423
0.445119 0.426458
0.311491 0.000205
0.416401 0.025924
0.434480 0.053947
0.446059 0.092880
0.454000 0.108108
0.474726 0.157490
0.473772 0.187945
0.459481 0.146605
0.465140 0.171291
0.464409 0.294862
0.471248 0.320644
0.464784 0.344026
0.450750 0.345336
0.442271 0.403783
0.420804 0.335134
0.327702 0.000729
0.429163 0.034174
0.448191 0.044256
0.453707 0.063544
0.467558 0.098820
0.458576 0.129051
0.486276 0.172780
0.485444 0.214422
0.460106 0.245354
0.452733 0.266513
0.463643 0.277067
0.452720 0.380236
0.440645 0.518009
0.442362 0.435143
0.335661 0.000244
0.408030 0.000226
0.441828 0.027901
0.456663 0.028149
0.461501 0.081499
0.473671 0.115466
0.476436 0.137812
0.490181 0.197880
0.468941 0.202037
0.474890 0.253001
0.479188 0.302155
0.467950 0.421804
0.479994 0.419930
0.446372 0.459764
0.439638 0.517787
0.351991 0.000795
0.473679 0.026086
0.468835 0.060951
0.489220 0.124978
0.492196 0.146291
0.503545 0.215443
0.487846 0.231239
0.469919 0.229565
0.481424 0.383955
0.467977 0.383945
0.479399 0.351494
0.485766 0.451797
0.436248 0.595542
0.434582 0.484426
0.360029 0.000741
0.416081 0.000624
0.479171 0.000730
0.487723 0.029215
0.466606 0.042348
0.506368 0.128583
0.502091 0.185732
0.499679 0.162997
0.490182 0.313303
0.490851 0.252087
0.474076 0.497985
0.496212 0.411676
0.463399 0.480781
0.472560 0.448571
0.493212 0.561732
0.376118 0.001011
0.463331 0.001143
0.482798 0.045203
0.477517 0.076337
0.521580 0.213169
0.516206 0.231389
0.504214 0.240570
0.499557 0.288575
0.490625 0.364238
0.465009 0.538389
0.461661 0.524449
0.429396 0.605862
0.459628 0.500268
0.462792 0.466169
0.384189 0.000369
0.455406 0.000021
0.487037 0.000229
0.501837 0.027651
0.526146 0.096983
0.520294 0.300907
0.507558 0.275784
0.495881 0.267755
0.568026 0.850614
0.440693 0.641399
0.462012 0.658654
0.728610 0.701700
0.560386 0.670884
0.419257 0.635393
0.447174 0.591073
0.424014 0.001084
0.471194 0.000442
0.574123 0.044616
0.495839 0.080430
0.489077 0.062208
0.514670 0.304655
0.512771 0.333336
0.479442 0.280075
0.501655 0.433234
0.485222 0.329038
0.473082 0.581167
0.434162 0.619177
0.457092 0.570953
0.449532 0.571825
0.400145 0.000696
0.439714 0.001277
0.510574 0.000923
0.502104 0.045824
0.578254 0.856835
0.510588 0.147436
0.583174 0.646954
0.505769 0.340725
0.488537 0.499466
0.491516 0.462993
0.730525 0.694280
0.594584 0.639841
0.589333 0.637786
0.464762 0.663562
0.416818 0.629199
0.534273 0.000626
0.502709 0.001016
0.431906 0.000184
0.292742 0.447346
0.508459 0.092778
0.514281 0.192155
0.498909 0.488807
0.584704 0.862240
0.556419 0.673342
0.489297 0.690405
0.719919 0.693588
0.569786 0.660038
0.486853 0.682508
0.481243 0.630704
0.597152 0.000214
0.550036 0.000578
0.392069 0.001004
0.494903 0.001206
0.530794 0.026511
0.493896 0.107080
0.516863 0.169232
0.526169 0.267982
0.509269 0.454613
0.508289 0.600877
0.488526 0.536012
0.478464 0.609246
0.507964 0.613529
0.479615 0.644817
0.539407 0.635900
0.589350 0.000502
0.518430 0.000723
0.447620 0.000456
0.519798 0.042676
0.483095 0.093723
0.731305 0.709692
0.437978 0.646006
0.484081 0.585780
0.494310 0.647541
0.571257 0.839268
0.472838 0.611674
0.491824 0.686558
0.540103 0.651217
0.538550 0.578454
0.612851 0.000427
0.565705 0.000011
0.515294 0.027233
0.526329 0.000516
0.510771 0.110814
0.518539 0.077457
0.525431 0.133839
0.517464 0.254044
0.532773 0.249209
0.495143 0.388826
0.510631 0.405560
0.500700 0.577477
0.536462 0.643974
0.505455 0.640823
0.534471 0.428102
0.628701 0.001016
0.542105 0.001103
0.538647 0.042915
0.521461 0.060081
0.504942 0.064164
0.529970 0.152415
0.535812 0.214998
0.538047 0.231223
0.545501 0.262898
0.506245 0.364350
0.497529 0.548645
0.535059 0.535297
0.512971 0.626314
0.525346 0.592869
0.636615 0.000460
0.557943 0.001012
0.560474 0.029950
0.553864 0.046051
0.536848 0.059293
0.532579 0.173391
0.531167 0.196196
0.552719 0.209506
0.541808 0.284479
0.524453 0.384305
0.520728 0.436830
0.526072 0.461174
0.517718 0.580266
0.536114 0.380633
0.517455 0.520924
0.652477 0.000111
0.574759 0.025406
0.564979 0.060964
0.546969 0.025730
0.534545 0.080836
0.529622 0.117659
0.542257 0.139812
0.546731 0.163074
0.553512 0.237705
0.532257 0.333257
0.523411 0.405007
0.523811 0.354409
0.517420 0.479532
0.504395 0.523593
0.660423 0.000871
0.573548 0.000711
0.590009 0.029848
0.541598 0.102348
0.551083 0.067258
0.552464 0.085079
0.548815 0.120819
0.561349 0.133265
0.546344 0.187085
0.561317 0.252858
0.547908 0.288654
0.542061 0.358697
0.561356 0.411972
0.550654 0.457225
0.578362 0.451224
0.676466 0.000874
0.581436 0.000827
0.604944 0.001198
0.573358 0.074651
0.558355 0.101745
0.580146 0.149287
0.562379 0.151752
0.565727 0.222949
0.574954 0.238864
0.563793 0.273231
0.540411 0.319204
0.552772 0.381350
0.534402 0.533742
0.537555 0.582571
0.684435 0.000981
0.620750 0.000298
0.605011 0.028426
0.584603 0.062340
0.573189 0.092018
0.568824 0.116091
0.562791 0.170205
0.562377 0.193076
0.573773 0.201496
0.587048 0.218432
0.550044 0.317557
0.567938 0.299579
0.568909 0.329945
0.569037 0.347327
0.580859 0.445497
0.700437 0.000346
0.612090 0.043541
0.599343 0.071827
0.592020 0.045379
0.589062 0.087171
0.584517 0.108938
0.580821 0.131252
0.578716 0.176256
0.594077 0.267603
0.580699 0.255103
0.576824 0.310757
0.552973 0.410326
0.510789 0.500964
0.555246 0.461537
0.708636 0.000935
0.644503 0.000465
0.621866 0.027703
0.608761 0.060073
0.599920 0.103371
0.597200 0.124488
0.591791 0.162164
0.596679 0.180937
0.590377 0.199110
0.605609 0.283715
0.579765 0.279695
0.592824 0.328478
0.558237 0.349383
0.565501 0.373620
0.575012 0.397133
0.716540 0.000998
0.630272 0.047006
0.624641 0.065892
0.608936 0.087449
0.615430 0.116581
0.599972 0.143344
0.609876 0.166276
0.608188 0.203625
0.595257 0.238361
0.590939 0.296172
0.599115 0.373482
0.585885 0.368913
0.543542 0.436983
0.533548 0.487556
0.732751 0.000941
0.668558 0.000291
0.636416 0.030881
0.644169 0.059036
0.625947 0.082585
0.621034 0.102363
0.615957 0.135984
0.617519 0.187412
0.606436 0.221080
0.605649 0.249667
0.618811 0.291707
0.634508 0.278545
0.589611 0.386520
0.581754 0.428811
0.617732 0.419372
0.740766 0.000279
0.651212 0.027925
0.654493 0.043074
0.644166 0.074455
0.639401 0.096114
0.633215 0.128286
0.621411 0.153255
0.625754 0.212278
0.623696 0.234515
0.614961 0.266391
0.594986 0.312740
0.538444 0.481868
0.646841 0.349413
0.611608 0.415029
0.748868 0.000125
0.692443 0.000548
0.667928 0.029055
0.662823 0.064304
0.656380 0.092375
0.640345 0.112690
0.638186 0.146995
0.628932 0.170625
0.635563 0.196051
0.638611 0.225638
0.624973 0.315337
0.632438 0.324451
0.598475 0.348852
0.653375 0.403177
0.594307 0.424501
0.757008 0.000212
0.683820 0.030012
0.673406 0.046808
0.667894 0.079755
0.660664 0.110745
0.650872 0.132896
0.643579 0.175693
0.649541 0.213174
0.627062 0.252952
0.648485 0.266779
0.591926 0.407576
0.620613 0.367948
0.673420 0.385677
0.657453 0.375474
0.765156 0.001342
0.724630 0.000922
0.700775 0.029645
0.683638 0.062391
0.674652 0.100954
0.666323 0.127196
0.654165 0.159587
0.654649 0.193316
0.656601 0.239354
0.606467 0.341052
0.668894 0.255154
0.630964 0.300414
0.651545 0.329896
0.634641 0.407665
0.628280 0.373381
0.781393 0.000867
0.714867 0.032019
0.694866 0.044876
0.686929 0.081254
0.687330 0.116956
0.665434 0.148397
0.663291 0.174366
0.671578 0.202062
0.642786 0.251267
0.666756 0.274635
0.661316 0.326516
0.625517 0.343354
0.672261 0.351775
0.650765 0.364120
0.789567 0.000395
0.731106 0.029338
0.714443 0.050207
0.699431 0.066874
0.694025 0.097950
0.684668 0.133510
0.686001 0.150242
0.682370 0.166127
0.667875 0.221498
0.687918 0.207742
0.649300 0.292668
0.662620 0.296932
0.687936 0.330700
0.732076 0.344257
0.690622 0.381176
0.797823 0.000682
0.736156 0.043599
0.717993 0.068408
0.708321 0.086280
0.708228 0.110653
0.703252 0.131086
0.705196 0.155046
0.680115 0.184853
0.690750 0.242834
0.681008 0.300613
0.678340 0.313964
0.684311 0.350628
0.660992 0.401298
0.634305 0.399413
0.814311 0.000337
0.773363 0.000972
0.749055 0.030859
0.734593 0.061979
0.731370 0.081585
0.723377 0.098558
0.718085 0.136959
0.696680 0.176785
0.698680 0.222536
0.676351 0.237005
0.690239 0.260062
0.719520 0.280816
0.728147 0.309735
0.712730 0.395085
0.690448 0.388034
0.822801 0.000108
0.765246 0.031715
0.754860 0.048646
0.750316 0.070520
0.741812 0.096891
0.725626 0.118927
0.715815 0.167261
0.717059 0.188780
0.703088 0.197043
0.710281 0.232737
0.697408 0.289488
0.723293 0.267468
0.700256 0.340950
0.709840 0.337689
0.831138 0.000384
0.806218 0.000125
0.780004 0.030006
0.767770 0.060803
0.757828 0.085025
0.746384 0.115178
0.741512 0.130460
0.727960 0.148719
0.734845 0.177441
0.687243 0.277399
0.713155 0.259250
0.710936 0.298826
0.753011 0.289716
0.721753 0.385182
0.725249 0.394556
0.847905 0.000313
0.795742 0.033864
0.779851 0.047058
0.774659 0.078085
0.762286 0.102393
0.770290 0.117919
0.752791 0.144100
0.739600 0.160997
0.720198 0.207176
0.728314 0.224346
0.726218 0.245093
0.755245 0.255965
0.720247 0.313990
0.761660 0.337126
0.856391 0.000539
0.839631 0.000241
0.811470 0.029251
0.794271 0.058807
0.791505 0.075008
0.780449 0.097303
0.767094 0.135308
0.761018 0.160608
0.753722 0.181137
0.737988 0.197444
0.746405 0.212637
0.741764 0.238395
0.759133 0.257856
0.747471 0.288919
0.735902 0.339361
0.873473 0.000379
0.825977 0.033372
0.808474 0.045471
0.811346 0.070452
0.799630 0.091436
0.795672 0.110331
0.786661 0.125266
0.778253 0.149735
0.772207 0.174133
0.760452 0.196532
0.769048 0.216947
0.758104 0.232639
0.789053 0.286366
0.758429 0.338671
0.881999 0.000241
0.864858 0.000481
0.843427 0.029830
0.824815 0.056362
0.824431 0.080514
0.816277 0.097398
0.812801 0.119586
0.800138 0.136489
0.793046 0.154474
0.790370 0.174705
0.781987 0.192149
0.784993 0.210049
0.795266 0.249471
0.769087 0.305207
0.750563 0.385381
0.890783 0.000152
0.858751 0.033570
0.840841 0.044071
0.840247 0.067205
0.841591 0.089545
0.831932 0.106232
0.831262 0.126157
0.818786 0.140011
0.813331 0.157668
0.808400 0.175413
0.801458 0.198223
0.781343 0.232488
0.791076 0.272392
0.770033 0.300837
0.899339 0.000139
0.908071 0.000520
0.876356 0.029427
0.858375 0.057706
0.857327 0.075127
0.857574 0.096842
0.850627 0.115505
0.847698 0.135075
0.837456 0.149478
0.830335 0.168584
0.822617 0.186130
0.808603 0.211366
0.788291 0.241131
0.799512 0.287986
0.746556 0.383650
0.916928 0.000076
0.892588 0.030094
0.872420 0.044231
0.877246 0.064799
0.875229 0.085061
0.873252 0.108102
0.866413 0.128621
0.862690 0.151324
0.851282 0.166375
0.840900 0.183786
0.824524 0.205964
0.830926 0.222584
0.816821 0.259568
0.804424 0.312893
0.925536 0.000173
0.909055 0.029742
0.893972 0.046933
0.896292 0.064045
0.893182 0.082591
0.889804 0.100819
0.885364 0.124015
0.880986 0.145167
0.876243 0.162469
0.863806 0.181719
0.853735 0.196810
0.844956 0.213618
0.819406 0.235531
0.817265 0.274318
0.763538 0.364523
0.934500 0.000164
0.916628 0.043835
0.914112 0.062929
0.913983 0.086281
0.903709 0.111693
0.903590 0.133779
0.900909 0.151121
0.893109 0.171063
0.879051 0.189966
0.872819 0.208048
0.870411 0.219562
0.852888 0.230407
0.828957 0.247555
0.776686 0.368271
0.943439 0.000715
0.927118 0.029390
0.934835 0.048361
0.926341 0.073007
0.918770 0.098628
0.920707 0.119786
0.919231 0.140662
0.910377 0.171144
0.904459 0.186246
0.897853 0.205656
0.896223 0.230559
0.860349 0.245370
0.864819 0.248154
0.808069 0.319864
0.843567 0.282425
0.952699 0.000927
0.942417 0.029884
0.939345 0.061506
0.945880 0.083156
0.949628 0.125862
0.941518 0.156007
0.936661 0.179014
0.911368 0.200315
0.907495 0.223211
0.905921 0.240724
0.893181 0.254679
0.892947 0.283973
0.833589 0.275049
0.854210 0.344783
0.961478 0.001003
0.979864 0.000287
0.973985 0.029388
0.964300 0.074734
0.941097 0.099619
0.938391 0.135924
0.937255 0.191028
0.942135 0.201551
0.937434 0.223340
0.932524 0.252696
0.934322 0.264507
0.903762 0.290792
0.857893 0.308124
0.852800 0.287159
0.778545 0.361844
0.970513 0.000706
0.955705 0.026752
0.961667 0.050992
0.956016 0.095228
0.948409 0.117288
0.935110 0.161612
0.946160 0.216384
0.947015 0.235180
0.958734 0.248209
0.917406 0.263375
0.950053 0.290776
0.890234 0.264606
0.863259 0.304284
0.806148 0.334061
0.990174 0.000945
0.999158 0.035009
0.970663 0.046704
0.970557 0.072166
0.995627 0.104805
0.995308 0.130571
0.994959 0.157892
0.997402 0.187385
0.960037 0.259475
0.966199 0.282599
0.929780 0.287343
0.919484 0.291200
0.884331 0.311634
0.981927 0.270977
0.815896 0.360908
0.999996 0.000235
0.999142 0.045366
0.999944 0.069858
0.998279 0.092169
0.995923 0.117929
0.979716 0.148220
0.978847 0.165389
0.998814 0.209635
0.992927 0.226693
0.996828 0.253012
0.957783 0.289618
0.905511 0.316380
0.807041 0.345462
0.877577 0.323870
0.999800 0.007770
0.999351 0.024785
0.999670 0.057723
0.998501 0.078420
0.983890 0.110559
0.997735 0.145554
0.994666 0.175802
0.986165 0.190184
0.998163 0.218919
0.997067 0.247769
0.990673 0.266951
0.853033 0.348747
0.900761 0.317529
0.823308 0.360110
0.838267 0.354809
