0.000141 0.019023
0.000828 0.047918
0.000039 0.080022
0.000190 0.114463
0.000085 0.145314
0.000137 0.174819
0.000507 0.194971
0.000072 0.218657
0.009447 0.241768
0.034309 0.277795
0.156009 0.296468
0.064573 0.294558
0.128593 0.297584
0.177162 0.329828
0.000785 0.004896
0.000728 0.028563
0.000557 0.058072
0.028371 0.091818
0.011199 0.121154
0.014623 0.163994
0.000273 0.185123
0.003739 0.206849
0.000852 0.227955
0.000370 0.249751
0.016785 0.255858
0.025321 0.263713
0.111173 0.282767
0.132378 0.300479
0.170733 0.337541
0.000626 0.000021
0.000785 0.037969
0.000082 0.068527
0.000885 0.089642
0.000252 0.102777
0.007774 0.133584
0.000423 0.156350
0.053454 0.197064
0.047110 0.214995
0.046354 0.227112
0.049006 0.255783
0.082651 0.292051
0.068903 0.295475
0.176367 0.341195
0.012245 0.000141
0.035737 0.030513
0.031687 0.039130
0.034543 0.071807
0.038123 0.096338
0.044536 0.124862
0.054439 0.149250
0.052990 0.172172
0.063937 0.208715
0.067117 0.235861
0.037817 0.243141
0.083414 0.267131
0.041317 0.280251
0.102760 0.287924
0.206480 0.364254
0.022119 0.000588
0.054582 0.045658
0.033403 0.058568
0.049621 0.082121
0.042051 0.108879
0.046794 0.137247
0.053756 0.163121
0.056080 0.184995
0.081474 0.226552
0.106029 0.231713
0.064484 0.253256
0.138534 0.259046
0.096416 0.265373
0.177193 0.309273
0.039657 0.000783
0.030830 0.000545
0.076378 0.061677
0.053608 0.062586
0.063596 0.102865
0.063235 0.125552
0.076381 0.141496
0.081592 0.161009
0.086496 0.182113
0.088760 0.198057
0.093779 0.218869
0.088184 0.249532
0.140672 0.272871
0.152517 0.285798
0.219688 0.358180
0.048430 0.000766
0.053277 0.030242
0.074909 0.076949
0.076717 0.092026
0.082291 0.109317
0.087912 0.124875
0.094433 0.145969
0.096384 0.166514
0.102778 0.193720
0.121984 0.200561
0.124300 0.223974
0.122282 0.231229
0.139232 0.249959
0.176000 0.297877
0.057463 0.000244
0.071732 0.030248
0.078454 0.042922
0.094031 0.062431
0.097500 0.085499
0.101639 0.105064
0.107301 0.125396
0.112712 0.145342
0.119779 0.165663
0.120575 0.183650
0.134644 0.202254
0.162754 0.228019
0.165483 0.241650
0.187413 0.262200
0.209698 0.363666
0.066328 0.001059
0.090512 0.030464
0.103141 0.045204
0.110779 0.069948
0.116141 0.087996
0.121881 0.108391
0.125833 0.126304
0.130656 0.147189
0.137205 0.167601
0.149483 0.188143
0.161908 0.210735
0.177470 0.243236
0.187492 0.268004
0.198856 0.297113
0.075066 0.000985
0.083918 0.000644
0.107834 0.030431
0.121257 0.056069
0.132551 0.073840
0.135766 0.093828
0.142385 0.114465
0.148124 0.132313
0.152524 0.152624
0.159184 0.177525
0.165626 0.196387
0.181355 0.224524
0.213467 0.249210
0.198547 0.294629
0.252388 0.359157
0.092654 0.000437
0.123630 0.030836
0.134013 0.040638
0.144523 0.063007
0.152590 0.082850
0.157665 0.100887
0.162899 0.120036
0.168337 0.140448
0.168391 0.158955
0.180349 0.181656
0.187387 0.209894
0.214430 0.221482
0.204836 0.249262
0.230872 0.328601
0.101396 0.000506
0.118823 0.000047
0.145587 0.031118
0.155924 0.050452
0.166202 0.069102
0.172425 0.088458
0.178826 0.106617
0.183662 0.125821
0.186612 0.147691
0.191912 0.168210
0.209389 0.190781
0.204896 0.206596
0.242812 0.232489
0.243978 0.291337
0.262941 0.360317
0.110075 0.000701
0.160261 0.031541
0.174690 0.045041
0.183301 0.064662
0.189925 0.082044
0.196464 0.100531
0.201080 0.119947
0.203348 0.141156
0.206286 0.158588
0.215804 0.176215
0.225877 0.210815
0.219344 0.237904
0.249114 0.288399
0.229530 0.324584
0.127409 0.000088
0.153157 0.001270
0.179092 0.029919
0.194443 0.046994
0.203647 0.066847
0.209393 0.084275
0.215198 0.107640
0.217239 0.130033
0.224483 0.147980
0.231315 0.171995
0.236448 0.196046
0.245796 0.214517
0.261259 0.246524
0.250778 0.314089
0.263314 0.343135
0.136022 0.000576
0.197088 0.031035
0.215186 0.049694
0.222903 0.067151
0.225818 0.093870
0.236246 0.114018
0.237599 0.130264
0.243162 0.145161
0.244874 0.168995
0.252928 0.186129
0.261479 0.212733
0.247832 0.244142
0.265699 0.298790
0.266313 0.319715
0.144629 0.000056
0.187030 0.000770
0.212705 0.031154
0.230901 0.042083
0.236292 0.080867
0.245951 0.100159
0.256769 0.122688
0.259330 0.156198
0.266554 0.172967
0.273464 0.192396
0.271753 0.220076
0.280199 0.237399
0.283291 0.302128
0.284450 0.318278
0.240829 0.348314
0.161682 0.000161
0.232851 0.029174
0.241644 0.063520
0.258171 0.084324
0.263223 0.105693
0.274362 0.128215
0.268229 0.144195
0.282978 0.171215
0.287060 0.202581
0.299983 0.220075
0.296759 0.246452
0.274942 0.255238
0.305828 0.347284
0.282951 0.352765
0.170191 0.000955
0.251989 0.030441
0.251277 0.046126
0.259478 0.067774
0.276243 0.091018
0.281838 0.111128
0.287079 0.148200
0.299119 0.165288
0.299561 0.185229
0.307830 0.204309
0.310131 0.236268
0.282528 0.265575
0.288089 0.285824
0.283618 0.341061
0.307087 0.373371
0.178648 0.000137
0.270085 0.053887
0.279389 0.071405
0.294298 0.085662
0.297774 0.105402
0.293745 0.128818
0.316675 0.172506
0.320571 0.191698
0.322439 0.221276
0.326627 0.246982
0.301664 0.266761
0.302935 0.282745
0.305651 0.309192
0.333179 0.400913
0.195589 0.000682
0.267344 0.032383
0.288401 0.051055
0.297645 0.067283
0.313061 0.097363
0.308589 0.125582
0.306469 0.147859
0.336238 0.182528
0.337134 0.206527
0.350972 0.274653
0.334798 0.263950
0.319675 0.324163
0.321514 0.305447
0.340138 0.354618
0.338023 0.399758
0.203954 0.000419
0.280712 0.032321
0.306060 0.045359
0.314644 0.078959
0.323171 0.116393
0.323605 0.140486
0.328984 0.159346
0.353337 0.197880
0.342872 0.229377
0.337594 0.291600
0.322810 0.265912
0.354696 0.327518
0.310395 0.335860
0.313709 0.378004
0.212347 0.000915
0.262193 0.000977
0.295460 0.029269
0.316036 0.060454
0.330402 0.099239
0.337186 0.127070
0.343155 0.148356
0.347201 0.167727
0.352995 0.217701
0.351714 0.247599
0.372394 0.316280
0.354277 0.309946
0.334858 0.310022
0.362948 0.387967
0.322791 0.355581
0.220717 0.000251
0.312224 0.028839
0.325830 0.040945
0.333353 0.080864
0.347792 0.107704
0.358266 0.141883
0.363525 0.163702
0.363271 0.185439
0.367090 0.242217
0.359911 0.288064
0.381667 0.342600
0.361636 0.339725
0.351088 0.354139
0.332164 0.375106
0.228974 0.001114
0.294975 0.000796
0.332505 0.028167
0.334026 0.061621
0.353323 0.092234
0.356106 0.122926
0.375796 0.149623
0.381107 0.183121
0.372522 0.213892
0.397429 0.257509
0.385344 0.263383
0.367205 0.265984
0.386802 0.364243
0.408708 0.372261
0.351375 0.386605
0.237348 0.000522
0.347648 0.029598
0.344910 0.049374
0.348948 0.072676
0.369587 0.107313
0.374907 0.129581
0.384622 0.165190
0.383200 0.202222
0.377798 0.231848
0.403646 0.309437
0.376442 0.294798
0.397510 0.349843
0.380592 0.391531
0.372723 0.369314
0.245738 0.000579
0.319442 0.000450
0.361502 0.049418
0.364404 0.068076
0.370970 0.088910
0.385570 0.116392
0.391570 0.144105
0.398640 0.185808
0.394890 0.237473
0.417774 0.252482
0.403490 0.279322
0.387676 0.286792
0.424994 0.371390
0.405264 0.427849
0.392628 0.387975
0.253932 0.000425
0.362592 0.028731
0.379609 0.057393
0.382934 0.078121
0.389387 0.098945
0.400052 0.129778
0.402820 0.163689
0.398610 0.213694
0.411807 0.233395
0.420458 0.274064
0.388101 0.318717
0.424003 0.358371
0.409939 0.455295
0.404336 0.403399
0.270430 0.001130
0.343721 0.000044
0.376533 0.038193
0.395120 0.065373
0.402442 0.085177
0.404623 0.113603
0.410338 0.147851
0.409783 0.199604
0.418768 0.215230
0.429522 0.237085
0.432056 0.292856
0.406359 0.334202
0.443179 0.378053
0.413825 0.408724
0.428172 0.403284
0.278717 0.001031
0.384484 0.027292
0.396595 0.045676
0.413378 0.099251
0.423028 0.119680
0.421298 0.137278
0.429506 0.175635
0.414391 0.177035
0.429138 0.197456
0.439120 0.217350
0.413310 0.294547
0.402946 0.431379
0.473228 0.549867
0.432942 0.481942
0.286751 0.000296
0.367880 0.000897
0.410097 0.066235
0.415102 0.046437
0.424000 0.083833
0.439505 0.137332
0.426897 0.156891
0.448098 0.171283
0.445354 0.187212
0.444377 0.246195
0.434318 0.264532
0.441943 0.310591
0.441782 0.343267
0.417695 0.318729
0.435309 0.453672
0.303039 0.001142
0.400569 0.029928
0.426212 0.067316
0.441899 0.074568
0.430600 0.102306
0.441043 0.118536
0.444032 0.153620
0.452568 0.202309
0.452310 0.223939
0.444602 0.285555
0.449114 0.316090
0.460565 0.405713
0.409632 0.456823
0.446750 0.425837
0.311236 0.000671
0.415399 0.026189
0.434051 0.053198
0.445493 0.092125
0.453602 0.108007
0.475114 0.156035
0.473268 0.187116
0.459430 0.146132
0.464961 0.169750
0.465435 0.293490
0.472180 0.318626
0.465813 0.341853
0.451848 0.343105
0.444238 0.402112
0.423082 0.333114
0.327521 0.000916
0.427837 0.033920
0.447760 0.043123
0.452991 0.062350
0.467530 0.097979
0.458745 0.127866
0.486052 0.171421
0.485308 0.214565
0.460619 0.244499
0.453945 0.264306
0.464757 0.275448
0.453490 0.378723
0.441431 0.518843
0.443816 0.434795
0.335556 0.000011
0.407915 0.000835
0.440787 0.026550
0.455898 0.027827
0.461610 0.080776
0.473497 0.114752
0.476163 0.136084
0.489778 0.196948
0.468333 0.201295
0.474173 0.252669
0.480122 0.300321
0.469323 0.421276
0.480354 0.419459
0.447290 0.460299
0.439165 0.519557
0.351782 0.000709
0.472656 0.026046
0.468700 0.061060
0.489468 0.123646
0.492778 0.144263
0.503635 0.213902
0.487969 0.230682
0.470811 0.227853
0.482592 0.382569
0.468585 0.382591
0.480018 0.349766
0.486030 0.452083
0.436696 0.597814
0.434744 0.484485
0.359850 0.000074
0.415910 0.000465
0.479027 0.000184
0.487725 0.029208
0.465394 0.042318
0.506759 0.127092
0.501015 0.183206
0.500020 0.161339
0.490441 0.311390
0.492425 0.251115
0.473604 0.499164
0.496422 0.411008
0.462507 0.480868
0.472096 0.448818
0.493134 0.563663
0.375891 0.000234
0.463196 0.000940
0.482659 0.044354
0.477983 0.075839
0.521240 0.211463
0.518324 0.231211
0.503902 0.240836
0.500345 0.288246
0.491293 0.362445
0.464671 0.540265
0.461357 0.526638
0.428342 0.607041
0.459243 0.500817
0.463272 0.467165
0.383975 0.000933
0.455367 0.000297
0.486955 0.000489
0.501874 0.027358
0.525265 0.096234
0.521498 0.298368
0.509862 0.274914
0.495831 0.266305
0.570578 0.851518
0.439492 0.643446
0.461522 0.660742
0.735080 0.704708
0.560136 0.669671
0.418166 0.636289
0.445557 0.593136
0.423765 0.000991
0.471125 0.001140
0.574886 0.043689
0.496673 0.079432
0.488912 0.061444
0.514310 0.303648
0.513714 0.331173
0.480344 0.278678
0.501875 0.432982
0.485245 0.327183
0.472517 0.583372
0.433787 0.620039
0.457132 0.573628
0.448085 0.573650
0.399899 0.000080
0.439522 0.000972
0.510553 0.000019
0.501714 0.045878
0.581365 0.859599
0.511054 0.146044
0.584137 0.647708
0.505750 0.339442
0.488388 0.500854
0.491563 0.464060
0.737832 0.688166
0.594931 0.640045
0.592446 0.637751
0.464000 0.664486
0.416575 0.629308
0.534264 0.000229
0.502647 0.001058
0.431671 0.000510
0.288769 0.438325
0.508138 0.092131
0.513816 0.191770
0.497621 0.490270
0.585722 0.862732
0.558845 0.674671
0.488615 0.692667
0.726554 0.696367
0.572298 0.661013
0.484800 0.683314
0.481161 0.632966
0.597309 0.000516
0.550029 0.000651
0.391866 0.000830
0.494715 0.000486
0.531001 0.027244
0.493731 0.106027
0.517138 0.167156
0.526329 0.268812
0.509271 0.455062
0.508019 0.603696
0.487763 0.537958
0.478145 0.611074
0.507703 0.616085
0.479196 0.646755
0.539648 0.637341
0.589501 0.000553
0.518449 0.000905
0.447487 0.000200
0.518999 0.042850
0.483746 0.093624
0.733816 0.708743
0.436849 0.646844
0.483687 0.587894
0.494206 0.648591
0.572381 0.844185
0.472107 0.613850
0.493551 0.686716
0.540822 0.650751
0.538385 0.580180
0.613059 0.000984
0.565782 0.000373
0.515842 0.028071
0.526347 0.001101
0.510602 0.110162
0.518535 0.077750
0.525407 0.131899
0.516741 0.253121
0.533361 0.247764
0.495010 0.387498
0.510702 0.404587
0.499964 0.579707
0.536112 0.646425
0.504394 0.642409
0.533938 0.427829
0.628849 0.000599
0.542132 0.000326
0.538577 0.043065
0.521123 0.060218
0.505184 0.063517
0.528896 0.151766
0.536441 0.213366
0.536944 0.231896
0.544879 0.262847
0.505522 0.362512
0.496576 0.550920
0.534110 0.536274
0.511957 0.629159
0.524768 0.595030
0.636748 0.000977
0.557966 0.001051
0.561172 0.028749
0.554288 0.045880
0.536810 0.060215
0.532208 0.173291
0.531278 0.195372
0.552895 0.207892
0.539937 0.282403
0.523918 0.383311
0.520458 0.436661
0.525219 0.461275
0.517111 0.582067
0.534997 0.378873
0.516894 0.522901
0.652657 0.000621
0.575719 0.025776
0.565664 0.060552
0.547328 0.026631
0.534360 0.079685
0.529637 0.116556
0.542496 0.138390
0.546353 0.160925
0.554351 0.236902
0.532040 0.331498
0.521837 0.403768
0.523266 0.352443
0.516968 0.480412
0.503872 0.525373
0.660713 0.000327
0.573710 0.000838
0.590427 0.029066
0.540764 0.101717
0.551423 0.067521
0.551392 0.084205
0.548373 0.119599
0.561487 0.132481
0.546927 0.184686
0.560518 0.251584
0.548483 0.288778
0.540699 0.356727
0.559324 0.410571
0.549559 0.456916
0.576805 0.451297
0.676692 0.000995
0.581669 0.000700
0.605220 0.000570
0.572991 0.074925
0.557784 0.101106
0.580371 0.148863
0.562626 0.150116
0.565936 0.221753
0.575256 0.237387
0.563119 0.273700
0.539041 0.317918
0.551531 0.379220
0.533720 0.534499
0.537029 0.584352
0.684687 0.000153
0.620918 0.000606
0.606210 0.027590
0.584813 0.061110
0.572920 0.092003
0.568545 0.115785
0.563328 0.168189
0.563087 0.191311
0.574592 0.201115
0.587521 0.216610
0.549443 0.315514
0.566616 0.297207
0.567716 0.328473
0.567609 0.344763
0.579241 0.444393
0.700630 0.000042
0.613311 0.043247
0.599460 0.071428
0.592462 0.045128
0.589701 0.086460
0.584230 0.108210
0.581010 0.130183
0.578879 0.175587
0.593781 0.267406
0.580789 0.253857
0.575052 0.309350
0.551936 0.409108
0.510115 0.502821
0.552568 0.461560
0.708772 0.000113
0.644662 0.000930
0.622935 0.028088
0.609661 0.059457
0.600483 0.103132
0.597209 0.123444
0.592052 0.161434
0.597552 0.179482
0.591470 0.198037
0.603698 0.283091
0.578417 0.279471
0.591530 0.326457
0.556793 0.347317
0.563821 0.371946
0.573538 0.395032
0.716743 0.000419
0.631352 0.047092
0.625587 0.064946
0.609976 0.087129
0.616104 0.116582
0.599897 0.142544
0.609887 0.165388
0.608299 0.201533
0.594395 0.236809
0.589866 0.294570
0.596840 0.371140
0.585063 0.367406
0.541208 0.435993
0.532324 0.488555
0.732904 0.000745
0.668695 0.000712
0.637948 0.030468
0.645312 0.059121
0.626607 0.081468
0.621172 0.101587
0.616474 0.135888
0.617935 0.186012
0.606224 0.219999
0.605887 0.248514
0.616888 0.291242
0.633231 0.277220
0.588071 0.384594
0.580027 0.427167
0.616229 0.418164
0.740945 0.001045
0.652266 0.028120
0.655187 0.043522
0.645275 0.073782
0.640363 0.094972
0.632958 0.127180
0.621083 0.151821
0.625396 0.210548
0.622522 0.232760
0.613774 0.265505
0.593359 0.311288
0.536517 0.482782
0.644088 0.347489
0.609376 0.413057
0.749050 0.000539
0.692592 0.000342
0.668930 0.029205
0.664392 0.063712
0.657389 0.091738
0.641153 0.111867
0.638873 0.146496
0.628605 0.168735
0.634666 0.193162
0.637731 0.224696
0.622504 0.313509
0.630425 0.323199
0.596980 0.347065
0.651059 0.400866
0.591973 0.422930
0.757155 0.000312
0.685350 0.029479
0.674492 0.045812
0.668549 0.078524
0.660778 0.109603
0.651054 0.132043
0.642747 0.174244
0.648939 0.210865
0.625947 0.251458
0.647738 0.265291
0.589078 0.405605
0.618935 0.366119
0.670693 0.382998
0.654810 0.372460
0.765563 0.000304
0.724836 0.000888
0.702266 0.029364
0.683937 0.061745
0.675690 0.100046
0.666682 0.126373
0.653570 0.158118
0.653964 0.191062
0.655540 0.236873
0.604590 0.339179
0.667182 0.253361
0.629672 0.299303
0.648952 0.328021
0.632202 0.405972
0.625494 0.370089
0.781765 0.000511
0.716477 0.032077
0.696121 0.045037
0.687689 0.080624
0.686979 0.115743
0.664822 0.147536
0.663032 0.172806
0.670402 0.199797
0.641034 0.249808
0.665175 0.273884
0.659689 0.323920
0.622946 0.341351
0.670420 0.349867
0.648162 0.362285
0.789780 0.001011
0.732450 0.028517
0.715115 0.049583
0.700214 0.066303
0.694020 0.096955
0.684034 0.132609
0.685905 0.148677
0.681578 0.164319
0.666372 0.218719
0.686503 0.205006
0.647176 0.291307
0.660918 0.295311
0.685451 0.328503
0.729265 0.340371
0.687811 0.378517
0.798100 0.000693
0.737529 0.043383
0.717942 0.067733
0.708698 0.085394
0.708118 0.109283
0.702682 0.129923
0.704474 0.152983
0.678896 0.183752
0.689411 0.241076
0.679821 0.298294
0.676698 0.312721
0.681188 0.347606
0.658227 0.398624
0.631406 0.396421
0.814616 0.000677
0.773468 0.000103
0.750013 0.029273
0.735041 0.061076
0.732127 0.080571
0.722679 0.097055
0.717330 0.134771
0.696163 0.174600
0.697155 0.219986
0.675281 0.235322
0.689273 0.258442
0.719054 0.278361
0.725099 0.306498
0.708984 0.392051
0.687122 0.384626
0.823044 0.000139
0.766124 0.031274
0.754698 0.048275
0.751223 0.069482
0.741193 0.095672
0.725803 0.117240
0.715205 0.164992
0.715873 0.186252
0.700723 0.194668
0.709132 0.230729
0.695685 0.287685
0.722556 0.264691
0.697800 0.337754
0.707227 0.334328
0.831348 0.000548
0.806393 0.000185
0.781124 0.029148
0.768857 0.060132
0.757846 0.084054
0.746167 0.113666
0.740815 0.128251
0.727001 0.147131
0.733406 0.175092
0.684540 0.275272
0.710746 0.257553
0.709321 0.297103
0.750730 0.285857
0.718886 0.383089
0.721975 0.391742
0.848147 0.000396
0.796410 0.032618
0.779992 0.045970
0.774684 0.076796
0.762231 0.101216
0.769766 0.115590
0.751724 0.141872
0.738978 0.158570
0.718206 0.205055
0.726436 0.221171
0.725664 0.242268
0.752843 0.253853
0.717568 0.310508
0.758648 0.331855
0.856685 0.000256
0.839888 0.000177
0.812413 0.028395
0.794469 0.057738
0.791789 0.073530
0.780787 0.095401
0.766000 0.132898
0.759892 0.157932
0.752626 0.178298
0.736608 0.194997
0.745193 0.209363
0.739343 0.237084
0.757882 0.255331
0.744865 0.284312
0.733248 0.335086
0.873599 0.000009
0.826431 0.032206
0.808796 0.044352
0.811366 0.069077
0.799829 0.089494
0.795240 0.108290
0.785990 0.122946
0.777354 0.147207
0.771184 0.171301
0.758755 0.193973
0.766419 0.213959
0.756584 0.229862
0.787296 0.281846
0.755411 0.336043
0.882219 0.000019
0.865086 0.000851
0.844125 0.029451
0.824977 0.055450
0.824255 0.078831
0.816164 0.095922
0.811953 0.117182
0.799690 0.133680
0.791926 0.151708
0.788971 0.171063
0.780121 0.188878
0.785258 0.207005
0.794594 0.246997
0.766814 0.300807
0.746670 0.381522
0.890913 0.000571
0.859216 0.032568
0.841424 0.043486
0.840200 0.066215
0.841446 0.087740
0.831938 0.103815
0.830729 0.123719
0.818189 0.136803
0.812209 0.153819
0.806993 0.172204
0.798926 0.195023
0.779666 0.228672
0.788166 0.268565
0.767089 0.296383
0.899528 0.000659
0.908320 0.000010
0.877047 0.029015
0.858232 0.056538
0.857338 0.073900
0.857620 0.094912
0.850362 0.112913
0.847725 0.132715
0.836772 0.145911
0.829611 0.165379
0.822128 0.183101
0.805729 0.210290
0.787606 0.238672
0.796255 0.283721
0.743322 0.381391
0.917060 0.001027
0.893210 0.029871
0.872476 0.043535
0.877415 0.063648
0.875157 0.083220
0.872959 0.106002
0.866262 0.125678
0.861820 0.147914
0.850952 0.162919
0.839371 0.181211
0.823682 0.202248
0.827793 0.220481
0.813831 0.254623
0.800562 0.308031
0.925853 0.000446
0.909661 0.029061
0.893995 0.045752
0.896084 0.063586
0.893594 0.080709
0.889906 0.098561
0.885382 0.121173
0.881291 0.141592
0.876115 0.160142
0.864496 0.177196
0.851962 0.193887
0.844322 0.209091
0.815889 0.231085
0.813763 0.270561
0.760277 0.361243
0.934660 0.000904
0.917094 0.042916
0.913779 0.061107
0.913730 0.084302
0.903752 0.109448
0.903146 0.130571
0.900766 0.147677
0.891321 0.167609
0.878609 0.185898
0.872345 0.203848
0.869181 0.218006
0.851957 0.227387
0.826899 0.243842
0.772635 0.364204
0.943856 0.000256
0.927862 0.028966
0.936064 0.046936
0.927750 0.072102
0.919595 0.097291
0.920715 0.116573
0.918791 0.137252
0.910276 0.166712
0.903896 0.182514
0.896532 0.201546
0.893992 0.227259
0.858031 0.242430
0.863705 0.244575
0.805522 0.316029
0.841844 0.277724
0.953090 0.000014
0.944287 0.029855
0.938530 0.060787
0.945048 0.081584
0.950000 0.122781
0.941083 0.152045
0.935080 0.173789
0.910433 0.196404
0.906857 0.219368
0.904272 0.236407
0.890193 0.250447
0.890777 0.279630
0.831318 0.270769
0.850485 0.341867
0.962246 0.000713
0.980423 0.000417
0.977430 0.026165
0.964468 0.075725
0.940349 0.097351
0.937816 0.132138
0.935430 0.186344
0.940724 0.197146
0.935343 0.219238
0.931172 0.247113
0.933318 0.260321
0.902027 0.286095
0.855831 0.303120
0.849927 0.283133
0.775362 0.358631
0.971131 0.000098
0.957096 0.026711
0.960337 0.049348
0.957773 0.094292
0.949506 0.114147
0.933366 0.157134
0.945025 0.211349
0.945447 0.230197
0.957686 0.242642
0.915729 0.259209
0.947424 0.284212
0.888361 0.261065
0.862153 0.300677
0.801542 0.329152
0.991275 0.000931
0.999653 0.035134
0.971779 0.043951
0.972419 0.071136
0.994923 0.101994
0.993750 0.126250
0.993996 0.154166
0.996690 0.184140
0.959197 0.253721
0.966228 0.275965
0.926833 0.282767
0.917962 0.285542
0.880949 0.306436
0.979973 0.264096
0.812225 0.356588
0.999391 0.000297
0.999894 0.045787
0.999951 0.069300
0.998424 0.090384
0.995194 0.113831
0.978925 0.144599
0.977105 0.158155
0.998076 0.205068
0.991953 0.220995
0.996735 0.248593
0.958119 0.284209
0.903819 0.310740
0.803796 0.341114
0.874406 0.318847
0.999569 0.009031
0.999825 0.025211
0.998980 0.057338
0.999373 0.078330
0.981786 0.107157
0.997516 0.140259
0.993371 0.173289
0.984282 0.183937
0.998242 0.213277
0.996831 0.240730
0.988977 0.259458
0.849168 0.344024
0.896213 0.311507
0.821409 0.357212
0.834221 0.349511
