0.000391 0.019291
0.000486 0.048882
0.000022 0.080668
0.000798 0.114264
0.000986 0.144489
0.000245 0.170380
0.000109 0.191749
0.000530 0.217209
0.010713 0.239485
0.036853 0.272666
0.159635 0.290432
0.067041 0.287957
0.131255 0.291790
0.181778 0.324331
0.000545 0.005305
0.000276 0.028914
0.000336 0.059088
0.033132 0.089000
0.015450 0.118695
0.018277 0.160426
0.000454 0.182514
0.005427 0.204940
0.000432 0.226905
0.000983 0.248362
0.018182 0.253858
0.027467 0.258328
0.113127 0.276538
0.135077 0.293594
0.174516 0.333112
0.000371 0.000245
0.000839 0.038514
0.000742 0.069274
0.000434 0.090868
0.000203 0.102618
0.010064 0.132214
0.000369 0.155616
0.054584 0.192774
0.048077 0.209092
0.047848 0.222157
0.050962 0.250322
0.084847 0.285909
0.070554 0.287940
0.178953 0.336284
0.012015 0.000981
0.034609 0.029243
0.030419 0.039051
0.032395 0.068866
0.037227 0.093120
0.043693 0.121373
0.055245 0.144359
0.053400 0.167644
0.066383 0.203861
0.068527 0.230188
0.040157 0.236566
0.086373 0.262616
0.042533 0.273959
0.105690 0.282378
0.210032 0.360790
0.021855 0.000517
0.054492 0.044073
0.031871 0.055064
0.050875 0.078409
0.041750 0.107671
0.045406 0.132603
0.054072 0.158333
0.057625 0.180501
0.082945 0.221694
0.108919 0.226828
0.066305 0.248026
0.142077 0.252754
0.098588 0.260903
0.180283 0.303812
0.039450 0.000401
0.030683 0.000297
0.076334 0.059721
0.054326 0.060844
0.065063 0.099736
0.065207 0.122271
0.076565 0.137507
0.081937 0.157821
0.086933 0.177354
0.089481 0.193676
0.096269 0.213237
0.091595 0.244138
0.142392 0.266520
0.155426 0.281421
0.222180 0.354543
0.048285 0.000090
0.052504 0.029779
0.074239 0.074957
0.077092 0.089405
0.082334 0.106433
0.088183 0.121744
0.095533 0.142212
0.097999 0.163420
0.104968 0.190154
0.123932 0.197302
0.126968 0.219055
0.124386 0.227629
0.141201 0.244496
0.177327 0.292424
0.057338 0.000387
0.071101 0.029280
0.078292 0.041794
0.094293 0.060161
0.098227 0.082682
0.102744 0.101814
0.108124 0.122200
0.113943 0.142099
0.120207 0.162538
0.121357 0.178913
0.135559 0.200260
0.163987 0.222977
0.166289 0.237781
0.190780 0.257257
0.213881 0.358640
0.066000 0.000399
0.090334 0.029839
0.103338 0.044421
0.110667 0.068182
0.116557 0.085903
0.122119 0.104936
0.126858 0.123417
0.131673 0.143321
0.138562 0.164879
0.151192 0.184329
0.162065 0.207366
0.180585 0.239183
0.189223 0.263541
0.202323 0.292306
0.074808 0.000844
0.083724 0.001018
0.107516 0.029694
0.121962 0.054370
0.132625 0.071843
0.136930 0.090969
0.143476 0.111342
0.148754 0.128905
0.153447 0.149740
0.159838 0.173894
0.168313 0.193086
0.183836 0.221425
0.217190 0.245408
0.202665 0.289034
0.256173 0.354338
0.092475 0.000970
0.123572 0.030138
0.134290 0.039392
0.144247 0.061005
0.153203 0.080283
0.158238 0.097957
0.163830 0.116406
0.168918 0.136928
0.170095 0.155000
0.183482 0.178903
0.188728 0.206365
0.215288 0.215883
0.206734 0.243923
0.234254 0.324238
0.101193 0.001193
0.118692 0.000707
0.145552 0.030199
0.156097 0.049067
0.166740 0.066959
0.173102 0.085705
0.179860 0.103947
0.184742 0.121875
0.187865 0.145478
0.192539 0.165456
0.210601 0.187095
0.206446 0.203967
0.245733 0.228128
0.247838 0.286387
0.265408 0.357431
0.109908 0.001114
0.160817 0.030286
0.174929 0.043458
0.183690 0.062696
0.190443 0.079331
0.197170 0.097603
0.201641 0.116145
0.204705 0.137783
0.206627 0.155453
0.217234 0.171956
0.228002 0.208372
0.221858 0.234621
0.251351 0.283110
0.233016 0.319531
0.127273 0.000459
0.152804 0.000546
0.179162 0.028743
0.194549 0.045681
0.204036 0.064617
0.210374 0.081784
0.216073 0.104970
0.219028 0.126833
0.226054 0.144085
0.232816 0.169362
0.238787 0.191893
0.246217 0.211068
0.263163 0.242974
0.253610 0.310243
0.266931 0.339368
0.135825 0.000439
0.197174 0.029638
0.215103 0.048788
0.223409 0.065083
0.226398 0.091591
0.237126 0.110684
0.238990 0.127660
0.244791 0.142203
0.246702 0.166534
0.254464 0.183839
0.263322 0.208415
0.248938 0.240619
0.268193 0.293537
0.268223 0.316216
0.144421 0.000139
0.186867 0.000647
0.212631 0.030384
0.231050 0.041215
0.237422 0.078975
0.246726 0.097287
0.257909 0.120441
0.261114 0.153378
0.268905 0.171203
0.275693 0.189259
0.274869 0.217316
0.282270 0.233842
0.286059 0.298884
0.287947 0.315636
0.244032 0.344434
0.161527 0.000976
0.232474 0.028192
0.241447 0.061507
0.258751 0.083055
0.264108 0.103693
0.275364 0.125231
0.269659 0.141588
0.284409 0.168782
0.289286 0.200128
0.302705 0.216377
0.299872 0.244061
0.275760 0.251973
0.307909 0.345628
0.287104 0.349226
0.169964 0.000274
0.251227 0.029395
0.251181 0.045391
0.259281 0.066293
0.277115 0.089378
0.282432 0.108591
0.287841 0.146060
0.300866 0.162867
0.300922 0.183109
0.309998 0.201097
0.311422 0.232577
0.284863 0.263504
0.288747 0.280989
0.287576 0.337505
0.311032 0.370262
0.178516 0.000424
0.270136 0.052843
0.279430 0.070532
0.294828 0.084671
0.298843 0.103943
0.294731 0.127528
0.318411 0.171251
0.322469 0.189734
0.324463 0.218667
0.329064 0.243303
0.302590 0.262194
0.306032 0.280322
0.308305 0.305687
0.336315 0.398171
0.195384 0.000711
0.266434 0.031606
0.288276 0.050222
0.297387 0.065622
0.313524 0.096186
0.309318 0.123733
0.307663 0.145773
0.337986 0.181026
0.338814 0.203740
0.353956 0.272563
0.337403 0.260872
0.323203 0.320481
0.323712 0.301142
0.342423 0.351972
0.341636 0.398012
0.203762 0.000369
0.279722 0.031694
0.305203 0.044060
0.314464 0.077990
0.323924 0.115110
0.324489 0.139141
0.329646 0.157613
0.355025 0.195401
0.344374 0.226602
0.339294 0.287307
0.325484 0.262550
0.356516 0.324530
0.312771 0.332540
0.315946 0.375101
0.212138 0.001072
0.261933 0.000788
0.294013 0.029069
0.315018 0.059127
0.330939 0.098490
0.337854 0.125901
0.343689 0.146677
0.348790 0.166269
0.354699 0.215674
0.353777 0.244146
0.374878 0.313923
0.356374 0.308098
0.337675 0.308605
0.365977 0.385502
0.326429 0.352072
0.220539 0.000257
0.311108 0.027992
0.324915 0.039964
0.333243 0.080063
0.347578 0.106561
0.358802 0.140453
0.364651 0.162867
0.364240 0.183231
0.368319 0.240149
0.362083 0.284702
0.384481 0.340288
0.364193 0.337708
0.354975 0.351879
0.334785 0.373121
0.228680 0.000887
0.294702 0.000682
0.331217 0.028011
0.332971 0.060633
0.352455 0.090355
0.356747 0.121500
0.375674 0.148258
0.381563 0.182128
0.374563 0.211126
0.398949 0.254278
0.386777 0.260117
0.369197 0.262450
0.389615 0.362308
0.411492 0.370047
0.353890 0.383462
0.237078 0.000279
0.346518 0.029533
0.343860 0.048244
0.348194 0.071768
0.369051 0.105551
0.374798 0.128773
0.385076 0.164516
0.384200 0.200214
0.379170 0.228287
0.404817 0.306501
0.378368 0.292927
0.400138 0.347349
0.384013 0.388976
0.375461 0.367317
0.245481 0.000199
0.319191 0.000542
0.359956 0.048512
0.364321 0.067554
0.370162 0.087296
0.384569 0.114842
0.392113 0.142782
0.399077 0.184500
0.396282 0.234915
0.419466 0.249813
0.404730 0.276595
0.390343 0.284106
0.426828 0.369012
0.407036 0.426383
0.395017 0.385378
0.253752 0.000524
0.361269 0.029188
0.378666 0.056482
0.381910 0.077239
0.388830 0.098236
0.399705 0.128636
0.402812 0.163072
0.398598 0.211861
0.412915 0.230950
0.422212 0.271571
0.390895 0.316606
0.426391 0.355975
0.411445 0.454104
0.406796 0.400272
0.270109 0.000582
0.343580 0.000438
0.374846 0.038039
0.394293 0.064946
0.401092 0.083737
0.403917 0.112332
0.409289 0.147231
0.409868 0.197710
0.419323 0.213220
0.429383 0.233718
0.433627 0.291194
0.408528 0.332143
0.444306 0.375572
0.416064 0.406685
0.430698 0.400962
0.278337 0.001050
0.382916 0.027144
0.395431 0.044198
0.412105 0.097454
0.421732 0.118842
0.421027 0.136358
0.429089 0.174932
0.414293 0.176325
0.429252 0.195766
0.438576 0.215047
0.415310 0.292444
0.404368 0.428782
0.472770 0.550131
0.433853 0.481219
0.286557 0.000701
0.367668 0.000884
0.409511 0.064812
0.413258 0.045535
0.423111 0.082597
0.439308 0.136175
0.426499 0.156138
0.447599 0.169805
0.445723 0.185701
0.444694 0.243560
0.435091 0.262017
0.442888 0.307789
0.443327 0.340772
0.420869 0.316781
0.437159 0.452452
0.302825 0.000666
0.399193 0.029248
0.424968 0.066786
0.441368 0.073835
0.430089 0.101751
0.440366 0.117657
0.444289 0.153321
0.451797 0.201528
0.452630 0.222257
0.446156 0.283943
0.451079 0.314767
0.461798 0.404481
0.410488 0.455542
0.448212 0.424933
0.311014 0.000919
0.413953 0.026984
0.433197 0.052097
0.444730 0.091000
0.453218 0.107701
0.475735 0.154322
0.472759 0.185585
0.459681 0.145355
0.464988 0.168202
0.465625 0.292322
0.472464 0.316802
0.467224 0.339602
0.453289 0.340747
0.445961 0.400056
0.425614 0.331190
0.327268 0.000807
0.426129 0.033778
0.446909 0.042129
0.451992 0.060946
0.467204 0.096955
0.458982 0.126379
0.485754 0.170003
0.484851 0.213753
0.461001 0.242756
0.454595 0.261823
0.465595 0.273632
0.454603 0.376463
0.442499 0.519121
0.445321 0.433818
0.335471 0.000541
0.407679 0.000688
0.439058 0.025578
0.455210 0.027483
0.461182 0.079962
0.473172 0.114145
0.475857 0.134210
0.489652 0.195613
0.467718 0.200775
0.473454 0.252124
0.481162 0.298289
0.470653 0.420386
0.481034 0.418502
0.448043 0.459852
0.438676 0.520737
0.351657 0.000801
0.471529 0.026313
0.468485 0.060766
0.489552 0.122407
0.493160 0.142139
0.503531 0.211588
0.487790 0.229408
0.471089 0.225364
0.483884 0.380544
0.469392 0.380612
0.480711 0.347758
0.486378 0.451668
0.436653 0.599340
0.435032 0.484278
0.359722 0.000695
0.415669 0.000148
0.479010 0.000352
0.487365 0.028947
0.464154 0.042346
0.507150 0.125805
0.500186 0.180342
0.500397 0.159669
0.491713 0.309627
0.492911 0.249824
0.473115 0.499817
0.496564 0.409983
0.461837 0.480681
0.471822 0.448439
0.492994 0.564584
0.375721 0.000471
0.463173 0.000528
0.482158 0.043545
0.478186 0.075252
0.520176 0.208982
0.520046 0.229905
0.503531 0.239745
0.501150 0.288415
0.491959 0.360091
0.464489 0.541237
0.461210 0.528324
0.427085 0.607811
0.459193 0.500851
0.463952 0.467422
0.383683 0.001143
0.455296 0.000603
0.486887 0.001122
0.501491 0.026961
0.524579 0.095870
0.523156 0.295841
0.512315 0.274640
0.495282 0.265237
0.572768 0.851129
0.438966 0.644431
0.461234 0.662513
0.742549 0.705953
0.560353 0.668241
0.416793 0.636329
0.444375 0.594136
0.423515 0.000566
0.471107 0.000067
0.575788 0.042709
0.497025 0.078551
0.487997 0.060451
0.513632 0.303185
0.514766 0.328442
0.481516 0.277040
0.502121 0.432237
0.485558 0.325840
0.471653 0.584758
0.433308 0.620248
0.456637 0.575364
0.447340 0.574997
0.399726 0.000117
0.439376 0.001008
0.510552 0.000620
0.500834 0.045461
0.584603 0.861939
0.511686 0.144494
0.584758 0.648232
0.505456 0.338214
0.488319 0.501642
0.491658 0.464336
0.744182 0.682775
0.595494 0.640084
0.595115 0.636844
0.463249 0.664731
0.416204 0.628854
0.534246 0.001046
0.502641 0.000474
0.431438 0.000204
0.284797 0.428676
0.507420 0.091620
0.513439 0.190727
0.496407 0.491336
0.586920 0.862545
0.561729 0.674426
0.488019 0.693932
0.733346 0.697033
0.574402 0.661390
0.482848 0.683585
0.480883 0.634371
0.597466 0.000190
0.550013 0.000244
0.391687 0.000090
0.494709 0.000577
0.531620 0.027806
0.493350 0.105092
0.517523 0.165312
0.526724 0.269969
0.509086 0.454751
0.507519 0.605990
0.487119 0.539203
0.477566 0.612412
0.507439 0.618263
0.478546 0.648254
0.539822 0.638253
0.589651 0.000651
0.518462 0.000506
0.447353 0.000122
0.518584 0.042771
0.484124 0.093262
0.736138 0.708412
0.435291 0.647905
0.483246 0.589435
0.494163 0.649273
0.573560 0.848989
0.471514 0.615388
0.495001 0.686530
0.542331 0.650243
0.538556 0.580756
0.613275 0.000777
0.565835 0.000624
0.516543 0.028266
0.526367 0.000822
0.510727 0.109750
0.518265 0.077971
0.525553 0.130268
0.516119 0.252184
0.534596 0.246206
0.495061 0.385531
0.510735 0.403046
0.499030 0.580998
0.535187 0.647630
0.503508 0.643420
0.533387 0.426792
0.629027 0.000404
0.542115 0.000589
0.538640 0.042596
0.520882 0.060060
0.505040 0.062889
0.528433 0.151094
0.538042 0.211134
0.536670 0.231495
0.545020 0.262510
0.504927 0.360283
0.495508 0.552238
0.532707 0.535975
0.511082 0.631391
0.524478 0.597221
0.636987 0.000636
0.557919 0.000449
0.562167 0.028138
0.555435 0.045452
0.537340 0.060975
0.532226 0.172995
0.531754 0.193206
0.553596 0.205743
0.537473 0.280473
0.523416 0.381592
0.519843 0.435897
0.524158 0.460722
0.516252 0.582572
0.533832 0.376519
0.515906 0.524325
0.652864 0.000899
0.577125 0.026897
0.566907 0.059830
0.547534 0.027711
0.534899 0.078683
0.529677 0.115562
0.543102 0.137331
0.546245 0.158673
0.555548 0.235179
0.531817 0.329807
0.520570 0.401859
0.522831 0.350337
0.516324 0.480763
0.503776 0.526387
0.660846 0.000376
0.573803 0.000050
0.591709 0.028494
0.540408 0.101014
0.552308 0.067786
0.551280 0.083486
0.548055 0.118655
0.561632 0.132036
0.547775 0.181629
0.560333 0.250515
0.549459 0.289638
0.539197 0.354448
0.557078 0.408513
0.548641 0.455755
0.575241 0.449664
0.676889 0.001001
0.581775 0.000934
0.605387 0.000729
0.573133 0.075435
0.557830 0.100261
0.580516 0.148343
0.562685 0.148627
0.566353 0.219683
0.575982 0.235214
0.562717 0.273355
0.537247 0.316334
0.550237 0.376580
0.532818 0.534959
0.537368 0.585579
0.684788 0.000541
0.621107 0.000635
0.607718 0.027166
0.585743 0.060088
0.572934 0.091818
0.568532 0.115228
0.563835 0.166206
0.563687 0.188639
0.575316 0.200375
0.587933 0.214777
0.549184 0.313327
0.564809 0.294660
0.566437 0.326894
0.566361 0.341913
0.577268 0.443452
0.700765 0.000231
0.614500 0.042512
0.599835 0.070973
0.593832 0.044928
0.590594 0.085486
0.584200 0.107178
0.581513 0.129231
0.578780 0.174641
0.593278 0.266294
0.581022 0.252556
0.573141 0.308550
0.551003 0.407257
0.509247 0.504253
0.550383 0.461147
0.708862 0.000190
0.644902 0.001007
0.624118 0.028585
0.610463 0.058880
0.601248 0.102644
0.597569 0.122252
0.591951 0.160381
0.598178 0.177962
0.592416 0.196279
0.602012 0.281963
0.577068 0.278345
0.590203 0.324320
0.554976 0.345045
0.561834 0.369861
0.571735 0.392446
0.716881 0.000664
0.632740 0.046708
0.626650 0.064034
0.611101 0.086229
0.616776 0.116470
0.599662 0.141486
0.609648 0.164268
0.608710 0.199218
0.593803 0.234640
0.589091 0.292939
0.595085 0.368526
0.583610 0.365155
0.538973 0.434317
0.531033 0.488997
0.733024 0.000393
0.668851 0.000976
0.639541 0.030080
0.646806 0.058715
0.627539 0.080326
0.621870 0.100471
0.616875 0.135093
0.618357 0.184447
0.606237 0.218892
0.606040 0.246706
0.615194 0.290558
0.632484 0.275380
0.586443 0.382480
0.577936 0.425404
0.614721 0.416128
0.741209 0.000208
0.653823 0.028332
0.656315 0.043821
0.646679 0.073567
0.641332 0.093427
0.632888 0.125637
0.620860 0.149955
0.625374 0.208517
0.621285 0.230372
0.612997 0.264236
0.592425 0.310038
0.534598 0.483203
0.641352 0.344918
0.607465 0.410538
0.749273 0.000234
0.692762 0.000233
0.670549 0.029384
0.666146 0.062564
0.658499 0.090706
0.642167 0.110813
0.639697 0.145556
0.628252 0.166712
0.634041 0.190523
0.637352 0.223268
0.619681 0.311688
0.628692 0.322003
0.595117 0.345088
0.648708 0.398283
0.589782 0.421140
0.757379 0.000573
0.687126 0.029061
0.676043 0.044372
0.669549 0.077363
0.660997 0.108312
0.651311 0.130704
0.642289 0.172867
0.648533 0.208364
0.624889 0.249652
0.647583 0.263802
0.586229 0.402949
0.617223 0.363773
0.667737 0.379824
0.652258 0.369069
0.765636 0.000655
0.724938 0.000918
0.703712 0.028977
0.684385 0.060656
0.676967 0.098781
0.667313 0.124963
0.652920 0.156240
0.653338 0.188986
0.654743 0.233843
0.603238 0.336524
0.665802 0.251511
0.629254 0.298015
0.646585 0.325730
0.629626 0.403920
0.622953 0.366523
0.781939 0.000551
0.718330 0.031902
0.697440 0.044754
0.688472 0.079772
0.686912 0.113861
0.664653 0.146005
0.663070 0.171150
0.669213 0.197787
0.640090 0.247809
0.663890 0.272779
0.658362 0.320735
0.620640 0.339044
0.668546 0.347351
0.645494 0.359729
0.790136 0.000607
0.733662 0.027909
0.716063 0.048550
0.701409 0.065252
0.694331 0.095910
0.683520 0.131133
0.686083 0.146831
0.680948 0.162277
0.665106 0.215789
0.685518 0.202686
0.645723 0.289516
0.659515 0.293333
0.682858 0.325479
0.726697 0.335652
0.685402 0.374467
0.798349 0.000611
0.738706 0.042744
0.718107 0.066728
0.709314 0.084212
0.708050 0.107700
0.702148 0.127985
0.703837 0.150664
0.678055 0.182518
0.688710 0.238940
0.678623 0.295500
0.674941 0.310799
0.678002 0.344263
0.655632 0.395446
0.628381 0.392794
0.814935 0.000798
0.773619 0.000619
0.751257 0.027886
0.735546 0.059841
0.732929 0.079088
0.722027 0.095476
0.716756 0.131981
0.696242 0.172219
0.695816 0.217217
0.674423 0.233001
0.688600 0.256571
0.718545 0.275288
0.722486 0.302654
0.705577 0.388340
0.684109 0.381508
0.823324 0.000859
0.766848 0.030883
0.755001 0.047381
0.752020 0.067784
0.740700 0.094254
0.725861 0.114924
0.714771 0.162844
0.714922 0.183437
0.698682 0.192353
0.707876 0.228354
0.694121 0.285231
0.721804 0.261746
0.695722 0.334453
0.705199 0.330471
0.831590 0.000259
0.806533 0.000179
0.782185 0.028324
0.770035 0.058972
0.757889 0.082855
0.746184 0.111588
0.740111 0.125837
0.726211 0.145345
0.731903 0.172751
0.682071 0.272628
0.708352 0.255568
0.707749 0.294569
0.748528 0.281372
0.715890 0.380173
0.718599 0.388612
0.848377 0.000982
0.796908 0.031157
0.780104 0.044538
0.774895 0.075158
0.762228 0.099670
0.769384 0.112943
0.750632 0.139314
0.738539 0.156067
0.716332 0.202948
0.724710 0.217543
0.724782 0.239448
0.750470 0.251320
0.715088 0.306855
0.755341 0.326488
0.856834 0.000342
0.840069 0.000402
0.813405 0.027570
0.794876 0.056166
0.792264 0.071829
0.781322 0.093263
0.765154 0.129958
0.758861 0.155070
0.751585 0.175407
0.735298 0.192525
0.744293 0.206226
0.737541 0.235153
0.757225 0.252398
0.741407 0.278989
0.730609 0.330501
0.873784 0.000615
0.827341 0.031074
0.809391 0.043427
0.811579 0.067198
0.800311 0.087333
0.795144 0.105769
0.785422 0.120383
0.776550 0.144245
0.770362 0.168486
0.757391 0.191698
0.763906 0.210804
0.755398 0.226557
0.784900 0.276861
0.752498 0.332493
0.882400 0.000237
0.865355 0.000436
0.844862 0.028667
0.825328 0.054321
0.824418 0.076885
0.816252 0.094282
0.811396 0.114106
0.799375 0.130608
0.791371 0.148792
0.788073 0.167424
0.778394 0.185787
0.785462 0.203982
0.793981 0.244235
0.764525 0.297214
0.743044 0.377040
0.891050 0.000545
0.859690 0.031189
0.841992 0.043071
0.840148 0.064845
0.841432 0.085695
0.832169 0.101210
0.830513 0.120621
0.817899 0.133511
0.811358 0.149979
0.805747 0.168932
0.796798 0.191631
0.777741 0.224238
0.785251 0.263660
0.764382 0.291266
0.899791 0.000914
0.908498 0.000569
0.877524 0.028325
0.858047 0.055130
0.857528 0.072521
0.857849 0.092817
0.850307 0.109910
0.848103 0.129947
0.836268 0.142394
0.828967 0.161513
0.821238 0.180017
0.803021 0.208915
0.786619 0.235551
0.794275 0.279503
0.740019 0.378481
0.917395 0.000249
0.893817 0.029378
0.872560 0.042863
0.877505 0.062326
0.874966 0.081190
0.872588 0.103681
0.866261 0.122408
0.860965 0.144004
0.850612 0.159043
0.838215 0.178343
0.822653 0.198426
0.824791 0.218214
0.811431 0.249233
0.797197 0.303761
0.926261 0.000068
0.910108 0.028159
0.894051 0.044534
0.895878 0.062966
0.894150 0.078682
0.890037 0.096070
0.885361 0.118133
0.881706 0.137492
0.875945 0.157321
0.865076 0.172610
0.850710 0.190899
0.843855 0.204528
0.812640 0.226341
0.810867 0.266314
0.756977 0.357183
0.935085 0.000835
0.917288 0.041878
0.913238 0.059352
0.913237 0.082042
0.903985 0.106902
0.902826 0.127101
0.900962 0.144186
0.890058 0.163698
0.878258 0.182032
0.871949 0.199651
0.868134 0.215783
0.851046 0.223886
0.824940 0.239664
0.768749 0.359633
0.944071 0.000746
0.928701 0.028269
0.938284 0.045118
0.929247 0.071393
0.920722 0.096106
0.921309 0.113265
0.918898 0.133878
0.910707 0.161686
0.903733 0.178409
0.895093 0.197506
0.891729 0.223407
0.855572 0.239163
0.862925 0.240651
0.802385 0.311536
0.840102 0.272434
0.953188 0.000378
0.946492 0.030324
0.939393 0.060144
0.945225 0.079394
0.951225 0.120316
0.941372 0.147525
0.933883 0.168116
0.909975 0.192452
0.906238 0.215097
0.902739 0.231715
0.887312 0.246057
0.888636 0.274145
0.829296 0.266035
0.846906 0.338048
0.962508 0.000547
0.980827 0.000950
0.979716 0.024975
0.964762 0.076193
0.939806 0.095321
0.937727 0.128441
0.933982 0.181304
0.939585 0.192457
0.933253 0.214560
0.929781 0.240910
0.932364 0.255336
0.899663 0.280516
0.853187 0.297704
0.846646 0.278204
0.772257 0.354536
0.971336 0.000127
0.959636 0.027945
0.959683 0.048086
0.960473 0.093141
0.951485 0.110539
0.931953 0.152400
0.943974 0.205755
0.944082 0.224734
0.956432 0.236503
0.913878 0.254167
0.945301 0.276938
0.886680 0.256815
0.860954 0.296251
0.797307 0.323540
0.992351 0.000022
0.999765 0.035454
0.972964 0.041607
0.974278 0.069225
0.994901 0.098773
0.992271 0.123111
0.993366 0.149835
0.996231 0.180769
0.958120 0.247140
0.965798 0.269077
0.924742 0.277475
0.916443 0.279600
0.877447 0.301044
0.977621 0.257115
0.809043 0.351051
0.999365 0.000630
0.999923 0.046080
0.999663 0.068410
0.999959 0.088271
0.995653 0.111017
0.977672 0.140755
0.975185 0.150273
0.997327 0.199485
0.990784 0.214906
0.997137 0.243408
0.958076 0.278092
0.901822 0.304490
0.800846 0.335888
0.871331 0.312713
0.999309 0.010225
0.999243 0.025229
0.999163 0.056880
0.999883 0.078326
0.977480 0.103663
0.997484 0.134902
0.992180 0.169824
0.982144 0.177306
0.998555 0.207561
0.996674 0.232553
0.987694 0.251719
0.845197 0.338855
0.892195 0.305584
0.818979 0.353247
0.829699 0.343723
