0.000417 0.019967
0.000896 0.049868
0.000733 0.081868
0.000593 0.115595
0.002528 0.138445
0.002180 0.157679
0.001370 0.188188
0.000776 0.209353
0.012559 0.229551
0.042480 0.260070
0.169212 0.273324
0.070618 0.269571
0.136170 0.274216
0.192382 0.307891
0.000801 0.006423
0.000786 0.029595
0.000343 0.060778
0.034414 0.074010
0.022838 0.112830
0.021741 0.147841
0.001388 0.178707
0.009192 0.197484
0.000821 0.223540
0.003323 0.240192
0.016842 0.246644
0.034306 0.243618
0.118079 0.258499
0.142727 0.274879
0.183863 0.318471
0.000089 0.000373
0.000434 0.039507
0.000572 0.071918
0.000723 0.093960
0.000125 0.104270
0.015076 0.128802
0.001021 0.150357
0.055295 0.181485
0.049898 0.193197
0.050417 0.207713
0.057761 0.233013
0.091697 0.267489
0.077112 0.268257
0.186236 0.320378
0.011044 0.000529
0.031526 0.025414
0.025890 0.037576
0.026228 0.061605
0.036316 0.088084
0.039673 0.112715
0.057649 0.131653
0.051239 0.157142
0.073102 0.190275
0.072676 0.214857
0.047488 0.217764
0.092496 0.247036
0.048664 0.257217
0.112915 0.265843
0.218694 0.349216
0.021140 0.000065
0.053542 0.039670
0.028161 0.047992
0.053993 0.068570
0.040980 0.101586
0.038546 0.126279
0.052484 0.145000
0.061860 0.168316
0.087648 0.207948
0.113150 0.213455
0.070899 0.231651
0.151221 0.237309
0.104979 0.245386
0.188778 0.287497
0.038919 0.000842
0.030126 0.000923
0.075355 0.053531
0.054178 0.055907
0.065438 0.091635
0.069881 0.112271
0.077416 0.128343
0.082687 0.148782
0.087248 0.163977
0.090439 0.181110
0.101252 0.198392
0.099269 0.227691
0.146836 0.248793
0.162419 0.266338
0.230236 0.341728
0.047766 0.000538
0.049603 0.027057
0.071575 0.068907
0.078629 0.082053
0.082849 0.098462
0.089750 0.114159
0.097599 0.132685
0.100774 0.154122
0.108183 0.179340
0.127366 0.186213
0.134400 0.204709
0.127882 0.219839
0.145870 0.228730
0.182409 0.276920
0.056809 0.000774
0.068403 0.026122
0.077739 0.037715
0.094190 0.054960
0.098066 0.075143
0.104633 0.093621
0.109765 0.113363
0.116555 0.133169
0.121635 0.152134
0.123836 0.165091
0.141261 0.192247
0.166244 0.208784
0.168288 0.226375
0.198432 0.244121
0.223378 0.343817
0.065660 0.000550
0.089364 0.027738
0.103705 0.041411
0.110063 0.062549
0.117477 0.080297
0.122810 0.096467
0.129324 0.115742
0.135171 0.133548
0.142413 0.155925
0.154740 0.173559
0.162845 0.196310
0.187420 0.227713
0.193807 0.251103
0.210494 0.275833
0.074495 0.000955
0.083245 0.000669
0.106888 0.027154
0.123083 0.048756
0.131852 0.066498
0.139053 0.084022
0.144836 0.102907
0.149859 0.121118
0.154456 0.141752
0.162549 0.162519
0.175738 0.182470
0.189885 0.211229
0.226581 0.235898
0.211464 0.274565
0.264560 0.341022
0.091920 0.000843
0.122534 0.027411
0.134635 0.036194
0.143517 0.054982
0.153671 0.072435
0.158747 0.090532
0.165962 0.108173
0.170275 0.127167
0.173983 0.145604
0.190254 0.171106
0.190751 0.193851
0.215694 0.202205
0.210431 0.230212
0.242639 0.309505
0.100653 0.000355
0.118128 0.000542
0.145131 0.026929
0.156368 0.044250
0.166723 0.060173
0.174123 0.078148
0.181278 0.097008
0.186164 0.113894
0.189488 0.138208
0.192728 0.159286
0.212238 0.175397
0.207516 0.192339
0.252934 0.218022
0.257529 0.271848
0.270863 0.346571
0.109479 0.000449
0.161415 0.027040
0.174202 0.039514
0.183373 0.056501
0.190995 0.072400
0.198311 0.089272
0.201940 0.107997
0.206594 0.128580
0.208245 0.147623
0.219159 0.161148
0.233074 0.198247
0.228947 0.226101
0.255525 0.268254
0.243047 0.306065
0.126809 0.001209
0.152386 0.000085
0.179075 0.025696
0.194286 0.040871
0.203742 0.058498
0.212028 0.075076
0.217411 0.098637
0.222079 0.118452
0.228644 0.136319
0.233545 0.161250
0.242270 0.179444
0.248576 0.200083
0.266633 0.233064
0.260108 0.298029
0.274427 0.326864
0.135322 0.001063
0.196804 0.025914
0.213604 0.043953
0.223904 0.060023
0.226369 0.084894
0.237824 0.102796
0.241507 0.120801
0.247736 0.135892
0.249405 0.158021
0.257632 0.178292
0.268529 0.196559
0.252052 0.231763
0.273072 0.278691
0.272459 0.303954
0.143864 0.000668
0.186457 0.000593
0.212561 0.027520
0.230925 0.038711
0.239579 0.072724
0.248038 0.089738
0.258829 0.115125
0.263619 0.145937
0.273217 0.165444
0.280284 0.181972
0.282235 0.209523
0.286639 0.222688
0.293232 0.288980
0.296262 0.305366
0.252091 0.331442
0.160911 0.000176
0.230430 0.024773
0.240463 0.055482
0.260279 0.078200
0.265406 0.098181
0.277437 0.117705
0.272356 0.133954
0.288351 0.161218
0.292647 0.194138
0.306713 0.207914
0.306929 0.235907
0.276175 0.241628
0.313118 0.339479
0.296586 0.339346
0.169541 0.000551
0.248169 0.026020
0.250870 0.042121
0.258511 0.061611
0.278883 0.083624
0.284085 0.101576
0.289312 0.140708
0.304788 0.155550
0.302579 0.176356
0.314149 0.193292
0.314944 0.223025
0.288947 0.256400
0.291380 0.268409
0.297034 0.325152
0.320383 0.360532
0.177910 0.000253
0.269573 0.048698
0.278586 0.066926
0.296023 0.080820
0.300772 0.100251
0.295774 0.123606
0.321277 0.165918
0.326789 0.183885
0.329190 0.211942
0.333975 0.233308
0.307337 0.250642
0.314180 0.272413
0.314062 0.293942
0.345541 0.388315
0.194953 0.000487
0.263231 0.028722
0.286076 0.047072
0.296440 0.062164
0.313709 0.091906
0.310835 0.118079
0.309637 0.140086
0.341344 0.175853
0.340967 0.197023
0.359051 0.265346
0.342733 0.252302
0.331296 0.309230
0.328189 0.286336
0.348548 0.342593
0.348814 0.391018
0.203383 0.000738
0.276656 0.029248
0.302619 0.039800
0.313240 0.073920
0.324751 0.111032
0.325304 0.134594
0.329551 0.152732
0.356743 0.190155
0.345586 0.220192
0.342371 0.274857
0.330052 0.253732
0.360499 0.315799
0.319226 0.320724
0.321335 0.366021
0.211661 0.000967
0.261574 0.000145
0.290222 0.027681
0.312586 0.056569
0.331551 0.094925
0.339004 0.122065
0.343304 0.141412
0.349288 0.161284
0.357913 0.210197
0.356548 0.235394
0.380722 0.306257
0.361064 0.300144
0.344271 0.301982
0.373330 0.377451
0.335609 0.340929
0.219975 0.000893
0.307920 0.025566
0.321134 0.038686
0.331036 0.076859
0.346219 0.103105
0.358184 0.135349
0.365469 0.158859
0.363789 0.176573
0.370914 0.234868
0.366799 0.275727
0.390029 0.331840
0.370594 0.330810
0.364205 0.343685
0.341135 0.366173
0.228347 0.000832
0.294223 0.000804
0.327409 0.025940
0.328965 0.058640
0.349461 0.084550
0.357065 0.116602
0.373922 0.143117
0.380145 0.177914
0.375047 0.205806
0.401867 0.245810
0.387743 0.251686
0.373122 0.252505
0.395943 0.354382
0.417304 0.362734
0.359856 0.373819
0.236725 0.000549
0.343187 0.028221
0.339650 0.045144
0.345658 0.067278
0.366172 0.100342
0.373767 0.124556
0.384655 0.160242
0.384968 0.194748
0.381175 0.220508
0.405776 0.297648
0.382048 0.286571
0.405583 0.339149
0.390433 0.381283
0.380444 0.359552
0.245052 0.000601
0.318775 0.000142
0.355342 0.046887
0.362008 0.065034
0.366565 0.083466
0.381520 0.109957
0.391179 0.138022
0.398394 0.179911
0.396575 0.228952
0.421221 0.244243
0.406147 0.267641
0.394584 0.276036
0.430765 0.362799
0.411442 0.420078
0.401405 0.377455
0.253313 0.000560
0.357697 0.027383
0.375576 0.053765
0.379501 0.074374
0.386934 0.093925
0.398850 0.123107
0.402281 0.158884
0.397214 0.209057
0.412262 0.224969
0.424419 0.264218
0.396363 0.309852
0.431249 0.347300
0.415052 0.448475
0.412624 0.390540
0.269779 0.000732
0.343218 0.000327
0.369878 0.037125
0.391046 0.062350
0.397855 0.079679
0.402224 0.106925
0.407771 0.143636
0.410356 0.192978
0.419567 0.207548
0.429937 0.225599
0.435165 0.285674
0.411706 0.325035
0.446327 0.367729
0.422508 0.399660
0.436685 0.393442
0.277810 0.000064
0.377824 0.025629
0.390463 0.041910
0.409152 0.092140
0.418569 0.114807
0.421302 0.131571
0.429770 0.171024
0.414226 0.172227
0.429998 0.190235
0.437178 0.208168
0.418157 0.286011
0.407543 0.420894
0.471346 0.548730
0.435566 0.477287
0.286054 0.000056
0.367205 0.000480
0.406885 0.061039
0.408396 0.044496
0.420721 0.080922
0.438918 0.131610
0.425621 0.151316
0.448067 0.164471
0.448984 0.181226
0.443918 0.236038
0.435940 0.254980
0.443716 0.299359
0.444056 0.333981
0.427053 0.308899
0.441457 0.446141
0.302393 0.001040
0.394065 0.026408
0.422442 0.064379
0.439925 0.072131
0.428319 0.098276
0.437594 0.114820
0.444645 0.149026
0.451280 0.197579
0.454530 0.217366
0.449731 0.277434
0.456565 0.310869
0.464543 0.398962
0.413186 0.449888
0.451016 0.420994
0.310597 0.000975
0.409759 0.027229
0.430100 0.049921
0.442152 0.087684
0.451193 0.104365
0.477990 0.149130
0.472232 0.179971
0.459856 0.141854
0.465902 0.163998
0.464141 0.289243
0.471413 0.310760
0.471436 0.333824
0.457831 0.335328
0.449672 0.393666
0.431095 0.325302
0.326946 0.000318
0.423215 0.033457
0.443201 0.039862
0.448497 0.058326
0.464324 0.092883
0.457256 0.122585
0.484685 0.166446
0.485296 0.207397
0.462654 0.235485
0.454172 0.255084
0.466951 0.268335
0.459403 0.368550
0.443593 0.517789
0.448899 0.428854
0.335076 0.000425
0.407301 0.000836
0.433914 0.025357
0.452935 0.026311
0.457959 0.077482
0.471062 0.110815
0.474472 0.130468
0.490560 0.190145
0.468321 0.197432
0.473814 0.249083
0.482941 0.291634
0.472595 0.416722
0.484037 0.414193
0.449263 0.454967
0.441308 0.519610
0.351220 0.000756
0.469050 0.027058
0.466427 0.059846
0.489011 0.119584
0.492995 0.137833
0.504400 0.204868
0.489197 0.225043
0.471000 0.217919
0.485813 0.374075
0.471185 0.374099
0.482042 0.342400
0.487131 0.448339
0.434136 0.600168
0.436106 0.481575
0.359238 0.000072
0.415278 0.000266
0.478898 0.000857
0.485666 0.026938
0.461222 0.042655
0.507368 0.123934
0.499862 0.173734
0.500803 0.155476
0.496578 0.305688
0.492731 0.244589
0.471299 0.498912
0.496230 0.406051
0.460797 0.478904
0.472118 0.445221
0.492987 0.564393
0.375192 0.000615
0.463082 0.000740
0.479699 0.041435
0.476860 0.074018
0.518479 0.202493
0.522335 0.222786
0.505396 0.231667
0.501453 0.287325
0.491995 0.353677
0.463010 0.539651
0.460000 0.528854
0.422258 0.608169
0.459516 0.498817
0.466813 0.464921
0.383228 0.000535
0.455130 0.000201
0.486830 0.000374
0.501254 0.026676
0.524439 0.093996
0.527348 0.291115
0.513269 0.271562
0.494511 0.261546
0.571876 0.849134
0.436593 0.644429
0.458371 0.663495
0.759090 0.699280
0.562970 0.663581
0.414068 0.633540
0.443930 0.591498
0.423211 0.000350
0.470984 0.000704
0.577946 0.041938
0.495964 0.075165
0.484606 0.057773
0.510702 0.303556
0.515545 0.319483
0.485046 0.271800
0.502161 0.428614
0.487858 0.322482
0.469767 0.585117
0.432291 0.619943
0.454370 0.575564
0.447710 0.575685
0.399375 0.000158
0.439167 0.000146
0.510642 0.000875
0.499088 0.042629
0.592660 0.867351
0.512984 0.140816
0.586219 0.647302
0.503537 0.333970
0.488087 0.500873
0.491601 0.461335
0.753220 0.685361
0.596821 0.637451
0.599417 0.634315
0.462641 0.665290
0.414490 0.626269
0.534352 0.000761
0.502691 0.000489
0.431146 0.000515
0.274866 0.401807
0.505017 0.089622
0.512956 0.186273
0.493751 0.491376
0.596246 0.863351
0.569749 0.666770
0.488341 0.688410
0.755782 0.689808
0.578384 0.659114
0.482350 0.684716
0.478529 0.633656
0.597642 0.000289
0.550143 0.000292
0.391301 0.000560
0.494764 0.000239
0.533595 0.027701
0.491417 0.102838
0.518026 0.162887
0.527010 0.264890
0.507428 0.451613
0.506972 0.606940
0.486057 0.539013
0.475350 0.612908
0.507293 0.618732
0.475820 0.649545
0.540138 0.639852
0.589711 0.001022
0.518558 0.000726
0.447143 0.000358
0.518606 0.042453
0.481953 0.089993
0.745464 0.699181
0.431427 0.647110
0.482506 0.590302
0.493276 0.651167
0.576592 0.850206
0.470753 0.616146
0.491951 0.685682
0.547303 0.646247
0.536849 0.582086
0.613613 0.001069
0.565944 0.001017
0.517618 0.026862
0.526425 0.000850
0.511598 0.107859
0.517978 0.076347
0.527242 0.128398
0.515421 0.246522
0.537670 0.240875
0.496232 0.379468
0.509780 0.397343
0.497565 0.581430
0.533501 0.646533
0.503309 0.644871
0.531852 0.420148
0.629501 0.000547
0.542279 0.000128
0.539253 0.042737
0.521731 0.058334
0.504242 0.060488
0.529401 0.148940
0.541865 0.204786
0.537369 0.225046
0.547892 0.256533
0.505950 0.354727
0.493252 0.552793
0.528804 0.533556
0.511376 0.633086
0.523568 0.597970
0.637396 0.000676
0.558059 0.000985
0.564342 0.027185
0.558778 0.044661
0.539913 0.059743
0.532323 0.171917
0.533491 0.186897
0.554610 0.198976
0.534652 0.276133
0.521303 0.375548
0.516412 0.431970
0.521379 0.457195
0.514874 0.582093
0.530872 0.369145
0.512571 0.524404
0.653233 0.000061
0.581016 0.028668
0.571283 0.057761
0.549067 0.029061
0.536650 0.076275
0.530889 0.112516
0.544626 0.135101
0.545617 0.153421
0.557584 0.227889
0.532115 0.326896
0.519978 0.394522
0.521636 0.345079
0.514015 0.479110
0.503407 0.525608
0.661145 0.000120
0.573839 0.000277
0.597194 0.027631
0.541649 0.097703
0.556671 0.065509
0.553933 0.082157
0.549140 0.116227
0.562996 0.129112
0.549674 0.173904
0.561310 0.246596
0.550184 0.291384
0.536094 0.348282
0.553340 0.401824
0.547109 0.451016
0.571073 0.440831
0.677094 0.000598
0.581751 0.000451
0.605607 0.000621
0.575813 0.075216
0.559892 0.098170
0.581183 0.144831
0.562626 0.144707
0.565860 0.212118
0.577136 0.228918
0.562021 0.266154
0.531795 0.310131
0.547442 0.369236
0.531488 0.532783
0.537753 0.584627
0.685122 0.000319
0.621597 0.000202
0.612104 0.026895
0.589169 0.059519
0.575332 0.090647
0.569905 0.112768
0.564663 0.161770
0.564450 0.181212
0.575626 0.196453
0.588445 0.209525
0.549866 0.307817
0.562784 0.287705
0.563435 0.322519
0.565272 0.335939
0.572178 0.439390
0.701103 0.000691
0.617770 0.040922
0.601827 0.069749
0.599663 0.044663
0.593643 0.083070
0.586007 0.103430
0.583822 0.125746
0.578518 0.172029
0.592306 0.259268
0.581343 0.248164
0.569629 0.306926
0.547271 0.399874
0.506439 0.504827
0.545569 0.457127
0.709169 0.000405
0.645341 0.000955
0.628905 0.028543
0.612832 0.058412
0.603809 0.099657
0.599164 0.117510
0.591123 0.156094
0.598177 0.173856
0.592951 0.189722
0.600390 0.276149
0.576109 0.270912
0.586510 0.318952
0.550033 0.339409
0.557790 0.362739
0.567270 0.384360
0.717169 0.000636
0.637305 0.044684
0.629711 0.061683
0.613695 0.082700
0.617857 0.113112
0.598883 0.137090
0.608773 0.159010
0.610142 0.194008
0.593431 0.228649
0.588526 0.288362
0.591995 0.361672
0.577584 0.357003
0.535473 0.429146
0.527540 0.487603
0.733287 0.000610
0.669141 0.000724
0.643753 0.028484
0.650253 0.056794
0.629966 0.077227
0.624810 0.096829
0.617088 0.129938
0.618771 0.178936
0.607270 0.215089
0.606285 0.241262
0.613178 0.286666
0.631047 0.268165
0.582628 0.376912
0.573514 0.419117
0.610220 0.406413
0.741413 0.000216
0.658806 0.027524
0.659615 0.043016
0.650172 0.072998
0.642468 0.089011
0.633906 0.119864
0.620973 0.144085
0.626573 0.203483
0.619675 0.223594
0.613427 0.259869
0.592938 0.304882
0.530433 0.481632
0.636064 0.335247
0.603862 0.402433
0.749621 0.000240
0.693051 0.000416
0.674861 0.027314
0.670004 0.058177
0.661120 0.086769
0.644150 0.106782
0.640981 0.140563
0.627653 0.159675
0.633987 0.185488
0.637999 0.219368
0.612253 0.305069
0.626267 0.316870
0.588380 0.340587
0.642205 0.390121
0.584443 0.414464
0.757785 0.000217
0.692104 0.027096
0.681068 0.039909
0.672741 0.074488
0.661293 0.104424
0.651648 0.125274
0.643248 0.167893
0.647153 0.202690
0.623785 0.244886
0.647483 0.257869
0.580216 0.394980
0.609649 0.356606
0.661075 0.370679
0.647660 0.360956
0.765909 0.000584
0.725203 0.000583
0.707520 0.026864
0.687056 0.057282
0.678736 0.093750
0.668420 0.119334
0.652118 0.150860
0.652504 0.183160
0.654017 0.226420
0.601191 0.327706
0.663378 0.244783
0.630442 0.292859
0.642402 0.317741
0.622649 0.396069
0.619924 0.359820
0.782279 0.000339
0.722657 0.029572
0.700911 0.042616
0.690501 0.075258
0.687336 0.108241
0.665969 0.140444
0.664549 0.165366
0.667046 0.193092
0.640614 0.241245
0.661298 0.266888
0.655182 0.310787
0.616252 0.332054
0.663541 0.339622
0.639415 0.350945
0.790537 0.000090
0.736440 0.026380
0.719448 0.044987
0.704444 0.061185
0.696519 0.091688
0.682893 0.126112
0.687331 0.142206
0.679938 0.156959
0.663821 0.210550
0.685069 0.198879
0.642175 0.282872
0.656773 0.287561
0.677680 0.315696
0.720176 0.323338
0.680465 0.361296
0.798749 0.000551
0.741078 0.040143
0.720353 0.063400
0.711512 0.078934
0.708553 0.103878
0.701592 0.121795
0.703520 0.143734
0.678252 0.176798
0.688456 0.232017
0.676732 0.286540
0.670702 0.303180
0.671976 0.335395
0.648759 0.385958
0.621264 0.383888
0.815392 0.000499
0.774046 0.000675
0.754820 0.025947
0.737288 0.056794
0.735934 0.073427
0.722426 0.090403
0.717197 0.124378
0.697423 0.165402
0.693723 0.211002
0.673170 0.226265
0.687591 0.249533
0.716819 0.266089
0.720706 0.290373
0.697243 0.376479
0.677688 0.372614
0.823800 0.000917
0.768472 0.029729
0.757972 0.044209
0.754010 0.062396
0.740740 0.089042
0.726314 0.107982
0.714630 0.157150
0.713661 0.176436
0.696323 0.185813
0.705233 0.221677
0.690709 0.275999
0.720550 0.251518
0.692616 0.325860
0.701524 0.319720
0.832153 0.000757
0.807052 0.000902
0.784803 0.026149
0.772947 0.055322
0.758132 0.078324
0.747543 0.104937
0.738440 0.120450
0.724971 0.139572
0.729724 0.166970
0.677642 0.263226
0.702232 0.248048
0.703006 0.284451
0.745821 0.269401
0.708187 0.368535
0.710269 0.379408
0.849022 0.000336
0.799184 0.028026
0.781159 0.040832
0.775675 0.070604
0.762626 0.093047
0.770038 0.106308
0.748751 0.132473
0.738919 0.149715
0.712818 0.197446
0.721873 0.208125
0.721493 0.231151
0.746128 0.242844
0.709276 0.298857
0.746658 0.312644
0.857447 0.000889
0.840507 0.000450
0.815827 0.026322
0.796410 0.050307
0.793427 0.066971
0.782591 0.086769
0.764405 0.122423
0.757883 0.147667
0.750004 0.167671
0.732269 0.185747
0.742048 0.199525
0.735852 0.227408
0.757345 0.242659
0.732660 0.264103
0.726293 0.316795
0.874541 0.000914
0.830831 0.028924
0.811431 0.041054
0.812130 0.061221
0.802167 0.080908
0.795420 0.098670
0.784575 0.114448
0.775159 0.135951
0.769171 0.161225
0.755733 0.184889
0.758950 0.202579
0.753144 0.218122
0.777390 0.263829
0.746904 0.318921
0.883196 0.000168
0.865879 0.000855
0.846665 0.025995
0.826507 0.049729
0.825422 0.071645
0.817102 0.089253
0.811305 0.105892
0.798935 0.123045
0.791662 0.141085
0.787772 0.158714
0.774900 0.177598
0.784803 0.195233
0.790854 0.237038
0.758971 0.286595
0.734329 0.363486
0.891778 0.000241
0.861850 0.027509
0.843473 0.041714
0.840594 0.060375
0.841780 0.079597
0.833304 0.094950
0.830953 0.112080
0.818396 0.125850
0.810839 0.141948
0.804696 0.161157
0.794508 0.180335
0.771810 0.212119
0.777044 0.249281
0.758544 0.278500
0.900540 0.000706
0.909249 0.000474
0.878728 0.026317
0.858465 0.050379
0.858970 0.067905
0.859228 0.086674
0.850226 0.102404
0.849180 0.122405
0.835240 0.135345
0.828020 0.151475
0.818478 0.171847
0.798231 0.201697
0.780647 0.224759
0.791954 0.268304
0.732201 0.367908
0.918106 0.000381
0.896005 0.027242
0.873566 0.040984
0.877704 0.057651
0.875059 0.075518
0.872670 0.096860
0.866805 0.114712
0.859667 0.134508
0.848980 0.149765
0.836420 0.169748
0.820879 0.187384
0.821486 0.209188
0.809041 0.235957
0.789231 0.291971
0.927214 0.000265
0.912807 0.026591
0.895585 0.041752
0.897250 0.058887
0.896851 0.074098
0.891045 0.089348
0.885904 0.110193
0.882606 0.127504
0.874614 0.148053
0.864258 0.161821
0.849165 0.182488
0.842751 0.192967
0.806751 0.212521
0.805130 0.255242
0.748455 0.343802
0.936025 0.000094
0.919264 0.039963
0.914659 0.054726
0.913317 0.074701
0.905238 0.098862
0.902418 0.117775
0.901474 0.136155
0.889577 0.153358
0.877538 0.173791
0.870760 0.189029
0.865660 0.207091
0.848732 0.212698
0.823202 0.227399
0.760053 0.346078
0.945032 0.000344
0.930990 0.026802
0.941634 0.040702
0.930829 0.068280
0.924150 0.090979
0.925109 0.105428
0.920655 0.125176
0.912250 0.149132
0.904425 0.167740
0.891548 0.187174
0.886124 0.210738
0.849090 0.228447
0.860844 0.228544
0.794187 0.297662
0.835576 0.255972
0.953970 0.001007
0.949477 0.029285
0.943947 0.057870
0.948692 0.071493
0.956908 0.118010
0.946934 0.135284
0.934017 0.154281
0.909776 0.182128
0.904744 0.202325
0.900163 0.217998
0.880603 0.232504
0.883142 0.256634
0.824096 0.252073
0.838440 0.324754
0.962794 0.000519
0.981639 0.000246
0.979190 0.026887
0.966941 0.072083
0.938584 0.090087
0.939618 0.119085
0.931934 0.168310
0.938548 0.179549
0.927144 0.200312
0.925555 0.224015
0.929552 0.239971
0.893279 0.264404
0.843852 0.282005
0.838490 0.263608
0.764364 0.340445
0.971730 0.000560
0.965937 0.030439
0.960759 0.050390
0.968790 0.086772
0.957295 0.101834
0.930481 0.140318
0.942144 0.189265
0.941469 0.208806
0.953339 0.217974
0.910047 0.238067
0.942394 0.255559
0.882522 0.244104
0.855382 0.281515
0.787433 0.307794
0.994140 0.000277
0.999457 0.035674
0.975764 0.042174
0.976167 0.061376
0.995385 0.096458
0.988868 0.118084
0.994443 0.139048
0.995079 0.169303
0.955162 0.228695
0.962759 0.251676
0.922807 0.260931
0.913002 0.263286
0.870808 0.285768
0.972371 0.238017
0.802455 0.333307
0.999373 0.000368
0.999282 0.046197
0.999302 0.066995
0.999385 0.088172
0.998841 0.108860
0.972533 0.128641
0.967832 0.134975
0.995336 0.180737
0.987081 0.199635
0.996865 0.225768
0.955727 0.258158
0.894109 0.285444
0.794273 0.320284
0.863601 0.295868
0.999219 0.012272
0.999858 0.024806
0.999068 0.056291
0.999360 0.077161
0.966689 0.097378
0.999540 0.125806
0.989091 0.157760
0.977815 0.158746
0.999427 0.197437
0.995868 0.211362
0.986879 0.229071
0.835363 0.323715
0.887410 0.290066
0.810843 0.338675
0.816858 0.327344
