0.000180 0.019972
0.000487 0.050093
0.000614 0.082296
0.000250 0.115717
0.002259 0.136296
0.002706 0.156278
0.001560 0.187169
0.000850 0.206987
0.013161 0.227143
0.043387 0.257103
0.171057 0.269682
0.071254 0.265490
0.137303 0.270265
0.194244 0.304144
0.001037 0.006636
0.000193 0.029685
0.000986 0.061210
0.034101 0.071074
0.023453 0.111055
0.022314 0.145202
0.001711 0.177969
0.009713 0.195372
0.000729 0.222927
0.004098 0.238033
0.016422 0.244704
0.035572 0.240331
0.119493 0.254539
0.144072 0.270730
0.185626 0.314776
0.001042 0.000550
0.000095 0.039605
0.000442 0.072241
0.000709 0.094109
0.000348 0.104452
0.016036 0.128198
0.000592 0.149121
0.054993 0.178745
0.049976 0.189582
0.050477 0.204411
0.059092 0.229275
0.093001 0.263511
0.078411 0.264170
0.188015 0.316668
0.010757 0.000322
0.031094 0.024558
0.024992 0.036472
0.025136 0.061271
0.035889 0.086739
0.039342 0.110861
0.058416 0.129245
0.050461 0.154889
0.074458 0.187184
0.073651 0.211614
0.048736 0.214019
0.093133 0.243286
0.050047 0.253565
0.114348 0.262521
0.220694 0.346214
0.020994 0.000804
0.053253 0.038762
0.027996 0.047442
0.053803 0.067615
0.041203 0.098663
0.037154 0.126422
0.051885 0.142586
0.062611 0.165325
0.088791 0.204956
0.113768 0.210593
0.071776 0.228059
0.153330 0.234535
0.106626 0.241400
0.190665 0.283990
0.038780 0.000151
0.029984 0.000616
0.075227 0.052121
0.053527 0.054734
0.064551 0.090183
0.070318 0.110114
0.077412 0.126781
0.082527 0.146648
0.086990 0.161064
0.090539 0.178368
0.102264 0.195302
0.100769 0.223755
0.147673 0.245368
0.163581 0.262671
0.232059 0.338687
0.047681 0.000044
0.048851 0.026334
0.070958 0.067871
0.079055 0.080715
0.082937 0.096844
0.090241 0.112760
0.097860 0.130754
0.101156 0.151925
0.108743 0.176935
0.127772 0.183465
0.135692 0.201769
0.128161 0.217989
0.146430 0.224775
0.183791 0.273534
0.056732 0.000352
0.067726 0.025500
0.077654 0.036631
0.093936 0.054133
0.097636 0.073705
0.104667 0.092175
0.109983 0.111573
0.116821 0.131163
0.121916 0.149679
0.124450 0.162471
0.142744 0.189988
0.166798 0.205930
0.169084 0.223745
0.199938 0.241179
0.224780 0.340615
0.065590 0.001005
0.089090 0.027208
0.103667 0.040709
0.109949 0.061365
0.117625 0.079073
0.123032 0.095069
0.129678 0.114073
0.135959 0.131598
0.143281 0.154008
0.155258 0.171213
0.162958 0.193631
0.188662 0.225157
0.194770 0.248249
0.212112 0.272027
0.074421 0.000653
0.083171 0.000233
0.106611 0.026496
0.123031 0.047644
0.131544 0.065543
0.139390 0.082757
0.144929 0.101204
0.150150 0.119619
0.154648 0.140037
0.163072 0.159975
0.176824 0.179990
0.191000 0.209265
0.228258 0.233582
0.213103 0.271392
0.266146 0.338260
0.091866 0.000394
0.122133 0.026732
0.134604 0.035603
0.143319 0.053919
0.153657 0.070881
0.158843 0.089070
0.166322 0.106687
0.170615 0.125164
0.174588 0.143607
0.191088 0.169568
0.190838 0.191220
0.216074 0.199839
0.211253 0.227263
0.244126 0.306423
0.100590 0.001080
0.118047 0.000725
0.144969 0.026149
0.156262 0.043224
0.166470 0.059018
0.174179 0.076822
0.181345 0.095514
0.186351 0.112816
0.189722 0.136193
0.192521 0.157399
0.212716 0.172951
0.207812 0.189797
0.254128 0.215838
0.259016 0.268696
0.271978 0.343624
0.109358 0.000419
0.161199 0.026380
0.173857 0.038981
0.183177 0.055434
0.190998 0.071265
0.198438 0.087563
0.201962 0.106799
0.206788 0.126627
0.208713 0.145426
0.219563 0.158664
0.233932 0.196007
0.230255 0.224288
0.256123 0.264484
0.244922 0.302703
0.126667 0.001095
0.152326 0.000913
0.179003 0.025086
0.194139 0.039978
0.203502 0.057566
0.212148 0.073839
0.217507 0.097616
0.222319 0.116903
0.228808 0.134931
0.233642 0.159246
0.242456 0.176929
0.248964 0.197739
0.267235 0.231010
0.261508 0.295221
0.275916 0.323892
0.135139 0.000215
0.196622 0.025279
0.213158 0.042869
0.223740 0.059319
0.226182 0.083555
0.237781 0.101444
0.241736 0.119350
0.248067 0.134837
0.249795 0.155925
0.258130 0.176995
0.269229 0.194280
0.252428 0.229990
0.274127 0.275566
0.273474 0.301058
0.143769 0.000236
0.186340 0.000316
0.212567 0.026936
0.230789 0.038394
0.239776 0.071559
0.248113 0.088517
0.258666 0.114039
0.263755 0.144605
0.273515 0.163818
0.280831 0.180383
0.283225 0.207994
0.287311 0.220602
0.294711 0.286785
0.297851 0.302767
0.253773 0.328394
0.160845 0.001033
0.229825 0.024186
0.240173 0.054441
0.260558 0.077174
0.265330 0.097232
0.277671 0.116175
0.272585 0.132355
0.288904 0.159414
0.292931 0.192892
0.306879 0.206477
0.307856 0.234302
0.276241 0.239287
0.314145 0.337629
0.298420 0.336880
0.169413 0.000075
0.247466 0.025402
0.250901 0.041396
0.258342 0.060704
0.278975 0.082459
0.284264 0.100304
0.289257 0.139633
0.305302 0.154095
0.302648 0.174682
0.314637 0.191565
0.315318 0.221402
0.289543 0.254347
0.292114 0.265902
0.298891 0.322208
0.321908 0.358049
0.177839 0.000363
0.269371 0.047800
0.278243 0.065920
0.296080 0.079918
0.300841 0.099779
0.295608 0.122604
0.321376 0.164657
0.327244 0.182456
0.329847 0.210486
0.334450 0.231582
0.308389 0.248386
0.315771 0.270513
0.315005 0.291214
0.347325 0.386049
0.194857 0.000696
0.262578 0.028074
0.285468 0.046428
0.296007 0.061485
0.313625 0.091012
0.310829 0.116813
0.309659 0.138709
0.341665 0.174447
0.341024 0.195761
0.359566 0.263860
0.343521 0.250732
0.332675 0.306767
0.328978 0.282898
0.349615 0.340256
0.350148 0.389208
0.203246 0.001117
0.275962 0.028666
0.302031 0.039043
0.312843 0.072928
0.324673 0.110129
0.325245 0.133373
0.329374 0.151627
0.356823 0.189399
0.345460 0.218959
0.342690 0.272288
0.330285 0.252158
0.361062 0.313799
0.320505 0.317959
0.322482 0.364014
0.211586 0.000646
0.261554 0.000831
0.289557 0.027193
0.311995 0.055946
0.331459 0.094017
0.339097 0.121156
0.343117 0.140275
0.348809 0.159637
0.358367 0.208961
0.356511 0.233858
0.381607 0.304355
0.361832 0.297973
0.345374 0.300188
0.374727 0.375585
0.337351 0.338193
0.219903 0.000322
0.307318 0.025046
0.320287 0.038590
0.330377 0.076066
0.345941 0.102290
0.357888 0.134215
0.365517 0.157336
0.363445 0.174994
0.371366 0.233846
0.367646 0.274139
0.390775 0.329733
0.371726 0.329042
0.365785 0.341717
0.342390 0.364315
0.228244 0.000379
0.294156 0.000475
0.326673 0.025359
0.328179 0.058151
0.348829 0.083368
0.357081 0.115436
0.373727 0.141781
0.379916 0.176655
0.374341 0.204692
0.402508 0.244459
0.387747 0.250381
0.373569 0.250796
0.396974 0.352362
0.418047 0.361107
0.360981 0.371524
0.236653 0.000237
0.342367 0.027732
0.338560 0.044467
0.345090 0.065873
0.365623 0.099235
0.373880 0.123433
0.384690 0.158686
0.385164 0.193250
0.381229 0.219193
0.405794 0.295578
0.382517 0.285024
0.406469 0.337241
0.391271 0.379689
0.381065 0.357566
0.245004 0.000685
0.318722 0.000239
0.354330 0.046720
0.361295 0.064240
0.365767 0.082807
0.381097 0.108981
0.390868 0.136778
0.398255 0.178607
0.396309 0.227955
0.421400 0.243304
0.406273 0.265680
0.394970 0.274350
0.431608 0.361677
0.412062 0.418514
0.402732 0.375794
0.253288 0.000162
0.356901 0.026562
0.374903 0.053165
0.379066 0.073750
0.386452 0.092915
0.398670 0.121847
0.402295 0.157490
0.397118 0.208253
0.412004 0.223802
0.424537 0.262816
0.397237 0.308241
0.432076 0.345077
0.415560 0.447014
0.413825 0.388616
0.269716 0.000615
0.343159 0.000558
0.368906 0.036959
0.390368 0.061523
0.397403 0.078754
0.401810 0.105790
0.407733 0.142463
0.410475 0.191710
0.419383 0.206098
0.430387 0.224183
0.435034 0.284162
0.412115 0.323064
0.446793 0.366002
0.423665 0.398085
0.437621 0.391766
0.277801 0.000258
0.376763 0.025279
0.389350 0.041579
0.408698 0.091101
0.417900 0.113822
0.421248 0.130536
0.430121 0.169645
0.414383 0.170818
0.430183 0.188533
0.437090 0.206674
0.418331 0.284489
0.408560 0.418885
0.471174 0.548218
0.435960 0.476282
0.286004 0.000468
0.367109 0.000802
0.406331 0.060389
0.407414 0.044322
0.420302 0.080546
0.438775 0.130697
0.425431 0.149950
0.448101 0.163118
0.449839 0.179939
0.443892 0.234554
0.436240 0.253486
0.443726 0.297605
0.443896 0.332464
0.427840 0.306877
0.442150 0.444466
0.302311 0.000267
0.393059 0.025896
0.422057 0.063882
0.439382 0.071585
0.427849 0.097426
0.436897 0.114083
0.444380 0.147629
0.451437 0.196293
0.454981 0.216470
0.450407 0.275547
0.457426 0.309778
0.465036 0.397498
0.414058 0.447983
0.451442 0.419734
0.310538 0.000803
0.408890 0.026930
0.429332 0.049718
0.441502 0.087159
0.450692 0.103431
0.478443 0.147885
0.472195 0.178777
0.459742 0.140908
0.465992 0.162907
0.463848 0.288388
0.471126 0.308949
0.471883 0.332468
0.458475 0.334380
0.450423 0.392199
0.431845 0.323660
0.326897 0.000160
0.422620 0.033313
0.442526 0.039288
0.447734 0.057860
0.463711 0.092095
0.456606 0.121767
0.484485 0.165615
0.485796 0.205809
0.463276 0.233923
0.454042 0.253568
0.467155 0.267016
0.460437 0.366632
0.443625 0.516887
0.449457 0.427608
0.335010 0.000052
0.407282 0.000580
0.433108 0.025354
0.452344 0.026043
0.457241 0.076800
0.470653 0.109748
0.474122 0.129650
0.490833 0.188767
0.468828 0.196270
0.474207 0.248030
0.482869 0.289924
0.472668 0.415695
0.484680 0.413022
0.449441 0.453583
0.441816 0.518897
0.351120 0.000267
0.468559 0.027148
0.465872 0.059611
0.488918 0.118741
0.492938 0.136995
0.504695 0.203793
0.489857 0.224247
0.471236 0.216606
0.485825 0.372761
0.471305 0.372744
0.482007 0.341476
0.487099 0.447291
0.433397 0.599922
0.436416 0.480290
0.359160 0.000696
0.415250 0.000610
0.478883 0.000572
0.485421 0.026544
0.460663 0.042642
0.507347 0.123381
0.500114 0.172517
0.500890 0.154419
0.496921 0.304743
0.492889 0.243061
0.470793 0.498185
0.496058 0.405021
0.460578 0.478122
0.472161 0.444260
0.493047 0.564024
0.375121 0.000538
0.463034 0.000314
0.479297 0.041057
0.476624 0.073698
0.518740 0.201491
0.522519 0.221168
0.506289 0.229658
0.501296 0.286144
0.491653 0.352665
0.462551 0.538884
0.459716 0.528269
0.421349 0.607819
0.459566 0.497838
0.467390 0.463985
0.383200 0.000351
0.455103 0.000433
0.486827 0.000667
0.501521 0.026983
0.524486 0.093172
0.528061 0.289946
0.512715 0.270069
0.494847 0.260134
0.572918 0.848862
0.435791 0.644138
0.457695 0.663021
0.762092 0.697610
0.563364 0.662210
0.413703 0.632727
0.443849 0.590543
0.423170 0.000384
0.470936 0.000898
0.578506 0.041799
0.495862 0.074249
0.484293 0.057248
0.510280 0.303117
0.515421 0.317678
0.485633 0.270515
0.502104 0.427529
0.488308 0.321318
0.469648 0.584768
0.432205 0.619545
0.454088 0.574874
0.447582 0.575297
0.399347 0.000392
0.439150 0.000947
0.510652 0.000030
0.499076 0.042083
0.594631 0.866798
0.513142 0.140031
0.586759 0.646409
0.503122 0.332840
0.487921 0.500280
0.491462 0.460320
0.754352 0.685912
0.597243 0.636108
0.599754 0.634046
0.462406 0.664867
0.413893 0.625310
0.534401 0.001016
0.502699 0.001152
0.431111 0.000701
0.272880 0.395963
0.504707 0.089044
0.513005 0.185114
0.493325 0.490707
0.596874 0.863552
0.571315 0.664799
0.488520 0.687556
0.760795 0.687510
0.579347 0.658029
0.481580 0.684274
0.478045 0.633143
0.597640 0.000153
0.550178 0.000630
0.391277 0.000103
0.494767 0.000543
0.533889 0.027561
0.491142 0.102304
0.517934 0.162537
0.526854 0.262083
0.507062 0.450682
0.507014 0.606448
0.485887 0.538537
0.474954 0.612530
0.507319 0.618129
0.475297 0.649202
0.540149 0.639996
0.589709 0.000935
0.518590 0.000955
0.447120 0.000597
0.518582 0.042376
0.481421 0.089201
0.747778 0.696605
0.430947 0.646212
0.482489 0.589914
0.492953 0.650998
0.576857 0.850037
0.470620 0.615919
0.492028 0.684823
0.548042 0.644865
0.536219 0.582093
0.613632 0.000849
0.566017 0.000109
0.517713 0.026707
0.526465 0.000306
0.511755 0.107064
0.518064 0.075701
0.527613 0.127961
0.515453 0.244778
0.537867 0.239526
0.496689 0.378348
0.509445 0.396086
0.497426 0.581083
0.533502 0.645634
0.503297 0.644782
0.531605 0.418391
0.629531 0.001196
0.542301 0.000572
0.539321 0.043052
0.522014 0.058097
0.504194 0.059875
0.529553 0.148304
0.542078 0.203703
0.537452 0.223232
0.548233 0.254580
0.506672 0.353879
0.492891 0.552599
0.528299 0.532800
0.511582 0.632867
0.523168 0.597311
0.637448 0.000244
0.558084 0.000857
0.564845 0.026944
0.559237 0.044462
0.540381 0.059291
0.532126 0.171492
0.533791 0.186042
0.554504 0.197500
0.534806 0.274908
0.520526 0.374425
0.515766 0.430773
0.521040 0.456175
0.514629 0.581836
0.530368 0.367666
0.512228 0.523835
0.653250 0.000838
0.581884 0.028488
0.572160 0.057413
0.549602 0.029010
0.536753 0.075785
0.531127 0.111591
0.544717 0.134285
0.545334 0.152446
0.557553 0.226168
0.532540 0.326404
0.520394 0.392877
0.521186 0.343940
0.513558 0.478331
0.502937 0.525033
0.661184 0.000321
0.573866 0.000085
0.598015 0.027491
0.541904 0.096622
0.557432 0.064751
0.554417 0.081678
0.549456 0.115445
0.563491 0.127908
0.549792 0.172478
0.561476 0.245273
0.549894 0.291027
0.535761 0.347026
0.553031 0.400453
0.546639 0.449951
0.569938 0.439313
0.677135 0.001115
0.581777 0.000842
0.605620 0.000592
0.576362 0.074686
0.560206 0.097749
0.581388 0.143631
0.562744 0.143734
0.565537 0.210573
0.577103 0.227531
0.561769 0.264084
0.530943 0.308402
0.547052 0.368043
0.531347 0.531907
0.537667 0.583981
0.685153 0.000421
0.621609 0.000635
0.612931 0.026706
0.589742 0.059347
0.575928 0.090254
0.570280 0.112154
0.564862 0.160718
0.564537 0.179984
0.575709 0.195414
0.588625 0.208265
0.550056 0.306710
0.563297 0.285781
0.562924 0.321443
0.565596 0.335185
0.571663 0.437650
0.701154 0.000413
0.618613 0.040832
0.602395 0.069336
0.600665 0.044368
0.594221 0.082734
0.586591 0.102653
0.584279 0.124800
0.578849 0.171409
0.592392 0.257460
0.581361 0.246920
0.569429 0.305996
0.546129 0.398099
0.505913 0.504240
0.544512 0.455660
0.709211 0.000689
0.645366 0.000393
0.630107 0.028228
0.613615 0.058281
0.604439 0.098772
0.599507 0.116348
0.591168 0.155045
0.598270 0.172910
0.592977 0.188332
0.600395 0.274510
0.576386 0.269112
0.585728 0.317867
0.549226 0.338188
0.557577 0.361035
0.566512 0.382582
0.717242 0.001093
0.638340 0.044282
0.630550 0.060954
0.614268 0.081940
0.617988 0.111911
0.598924 0.136074
0.608824 0.157591
0.610388 0.193046
0.593542 0.227393
0.588407 0.287117
0.591702 0.360278
0.576375 0.355120
0.535001 0.427882
0.526847 0.486807
0.733364 0.000310
0.669174 0.000787
0.644678 0.028101
0.650810 0.056436
0.630479 0.076360
0.625458 0.096060
0.617084 0.128690
0.618791 0.177371
0.607465 0.213903
0.606392 0.240125
0.613134 0.285349
0.630590 0.266312
0.582114 0.375671
0.572869 0.417221
0.609384 0.404107
0.741463 0.000094
0.659789 0.027195
0.660271 0.042645
0.650881 0.072380
0.642558 0.088094
0.634271 0.118697
0.621183 0.142959
0.626803 0.202363
0.619680 0.222320
0.613832 0.258857
0.593305 0.303114
0.529709 0.480831
0.635344 0.333106
0.602981 0.400451
0.749666 0.000182
0.693113 0.000780
0.675449 0.026513
0.670542 0.057199
0.661675 0.085764
0.644405 0.105780
0.641007 0.139272
0.627664 0.158071
0.634106 0.184401
0.638112 0.218623
0.610932 0.303231
0.625989 0.315265
0.587041 0.339822
0.640942 0.388123
0.583325 0.412647
0.757827 0.000427
0.693043 0.026523
0.681984 0.039220
0.673383 0.073685
0.661454 0.103498
0.651727 0.124177
0.643582 0.166491
0.646821 0.201423
0.623824 0.243891
0.647255 0.256212
0.579248 0.393252
0.607943 0.355116
0.660096 0.368701
0.647013 0.359395
0.765980 0.000223
0.725272 0.000259
0.708371 0.026307
0.687725 0.056625
0.678869 0.092477
0.668557 0.118070
0.652127 0.149783
0.652586 0.181648
0.654014 0.225147
0.600933 0.325949
0.663005 0.243070
0.630724 0.291496
0.641904 0.315826
0.621417 0.394088
0.619528 0.358640
0.782350 0.000300
0.723296 0.028822
0.701604 0.042134
0.690979 0.074035
0.687463 0.107113
0.666352 0.139216
0.664903 0.163986
0.666924 0.191848
0.640881 0.239757
0.660828 0.265262
0.654568 0.308603
0.615521 0.330786
0.662635 0.337978
0.638233 0.348981
0.790593 0.000171
0.737145 0.025871
0.720182 0.044259
0.704873 0.060290
0.697175 0.090478
0.682916 0.125069
0.687641 0.141275
0.679789 0.155905
0.663977 0.209588
0.685015 0.197988
0.641266 0.281130
0.656344 0.286251
0.677193 0.313721
0.718649 0.321006
0.679594 0.358494
0.798868 0.000150
0.741548 0.039627
0.721010 0.062703
0.711899 0.077643
0.708748 0.103094
0.701592 0.120617
0.703794 0.142114
0.678560 0.175340
0.688546 0.230346
0.676722 0.284517
0.670156 0.301230
0.671288 0.333569
0.647368 0.383826
0.619957 0.381821
0.815475 0.000239
0.774112 0.000176
0.755372 0.025645
0.737726 0.056183
0.736654 0.072255
0.722861 0.089230
0.717639 0.123028
0.697574 0.163946
0.693464 0.209753
0.673035 0.224812
0.687353 0.247826
0.716313 0.264506
0.720787 0.287617
0.695633 0.373638
0.676619 0.370331
0.823865 0.000663
0.768892 0.029276
0.758764 0.043597
0.754541 0.061337
0.740971 0.087938
0.726691 0.106537
0.714812 0.155743
0.713559 0.175136
0.696138 0.184199
0.705106 0.220301
0.690279 0.273854
0.720483 0.248789
0.692244 0.324021
0.700857 0.317439
0.832250 0.001051
0.807217 0.000084
0.785337 0.025591
0.773566 0.054740
0.758287 0.077215
0.748040 0.103698
0.738279 0.119478
0.724896 0.138243
0.729821 0.165720
0.677041 0.261007
0.701247 0.246157
0.702248 0.282176
0.745854 0.267086
0.706736 0.365700
0.708596 0.376959
0.849070 0.000500
0.799923 0.027536
0.781622 0.040268
0.775936 0.069838
0.762883 0.091517
0.770477 0.105081
0.748655 0.131074
0.739254 0.148433
0.712347 0.196091
0.721770 0.206362
0.720862 0.229153
0.745556 0.240880
0.708339 0.297166
0.745161 0.309356
0.857575 0.000493
0.840594 0.000193
0.816382 0.026049
0.796717 0.049082
0.793636 0.066038
0.782835 0.085469
0.764402 0.121063
0.758104 0.146158
0.749931 0.165995
0.731797 0.184177
0.741320 0.198199
0.735825 0.225411
0.757798 0.240454
0.731439 0.261267
0.725810 0.313519
0.874696 0.000592
0.831594 0.028493
0.811850 0.040510
0.812204 0.060213
0.802603 0.079554
0.795448 0.097364
0.784616 0.113442
0.775059 0.134319
0.769102 0.159627
0.755675 0.182919
0.758317 0.200624
0.752676 0.216784
0.776060 0.261146
0.746166 0.315725
0.883354 0.000832
0.866038 0.000342
0.847115 0.025484
0.826808 0.048651
0.825577 0.070687
0.817307 0.088086
0.811383 0.104563
0.798958 0.121597
0.791797 0.139416
0.787787 0.156966
0.774354 0.175737
0.784463 0.193059
0.790063 0.235565
0.757877 0.283909
0.732405 0.360598
0.891921 0.000102
0.862527 0.026947
0.843923 0.041241
0.840861 0.059595
0.841933 0.078272
0.833574 0.093806
0.831079 0.110587
0.818576 0.124347
0.810915 0.140479
0.804789 0.159658
0.794525 0.177581
0.770907 0.209822
0.775407 0.246342
0.757603 0.275996
0.900726 0.000171
0.909433 0.000105
0.879225 0.026038
0.858855 0.049287
0.859412 0.066834
0.859594 0.085326
0.850223 0.101105
0.849235 0.120858
0.835059 0.134127
0.828004 0.149611
0.817987 0.170176
0.797667 0.199555
0.779289 0.222507
0.791457 0.265521
0.730737 0.364980
0.918270 0.000483
0.896592 0.026750
0.874101 0.040520
0.877971 0.056614
0.875418 0.074304
0.872992 0.095384
0.867011 0.113414
0.859753 0.132961
0.848692 0.148228
0.836316 0.167765
0.820713 0.185018
0.821611 0.206874
0.808871 0.233284
0.787370 0.288497
0.927413 0.000424
0.913624 0.026414
0.896091 0.041179
0.897730 0.057636
0.897469 0.073329
0.891377 0.088052
0.886289 0.108611
0.882802 0.125920
0.874348 0.146073
0.863877 0.159774
0.849179 0.180355
0.842354 0.190695
0.806050 0.209723
0.803826 0.253013
0.746809 0.340773
0.936123 0.000784
0.920107 0.039704
0.915617 0.053805
0.913827 0.073120
0.905668 0.097140
0.902503 0.115883
0.901378 0.134672
0.889769 0.151363
0.877454 0.172015
0.870525 0.186668
0.865237 0.204845
0.848047 0.210155
0.823356 0.224576
0.758463 0.342937
0.945209 0.000126
0.931577 0.026560
0.941347 0.039790
0.930651 0.067415
0.924729 0.089425
0.925945 0.104081
0.920855 0.123228
0.912314 0.146949
0.904535 0.165504
0.890917 0.184837
0.885078 0.207714
0.847688 0.225910
0.860246 0.225861
0.793152 0.294345
0.834920 0.252005
0.954174 0.000994
0.949617 0.028146
0.944341 0.057109
0.949290 0.070134
0.958004 0.117939
0.948573 0.133404
0.934709 0.151838
0.909774 0.179819
0.904565 0.199451
0.899984 0.215016
0.879359 0.229109
0.881989 0.252874
0.822650 0.248867
0.836378 0.321480
0.962970 0.001108
0.981782 0.000271
0.978493 0.026757
0.967412 0.070661
0.938438 0.088821
0.939787 0.116969
0.931698 0.165594
0.938893 0.176653
0.925697 0.197176
0.924529 0.220468
0.928780 0.236544
0.892359 0.260999
0.842003 0.278533
0.837250 0.260926
0.762580 0.337194
0.971944 0.000130
0.966100 0.029961
0.960846 0.051372
0.970598 0.084363
0.957366 0.100289
0.930407 0.138024
0.942214 0.185739
0.941130 0.205279
0.952907 0.213683
0.909556 0.234431
0.941859 0.250932
0.881682 0.241358
0.853711 0.278122
0.785159 0.304625
0.994356 0.000495
0.999908 0.035473
0.976330 0.043138
0.976453 0.059763
0.995616 0.097239
0.988342 0.117348
0.995344 0.137287
0.994932 0.166587
0.954727 0.224754
0.962183 0.248006
0.922441 0.257062
0.912555 0.259553
0.869767 0.282421
0.971612 0.233782
0.800897 0.329589
0.999173 0.000837
0.999814 0.046082
0.998991 0.066959
0.999123 0.088226
0.999610 0.109153
0.972123 0.125880
0.965673 0.134174
0.994921 0.176586
0.986240 0.196223
0.996370 0.221731
0.955048 0.253623
0.892378 0.281213
0.792851 0.316919
0.861930 0.292217
0.999661 0.012459
0.999416 0.024696
0.999783 0.056403
0.999593 0.077174
0.965887 0.096916
0.999015 0.125753
0.988471 0.154985
0.977237 0.155004
0.999399 0.196164
0.995773 0.207103
0.986953 0.224130
0.833908 0.320258
0.887099 0.286645
0.809222 0.335388
0.814690 0.323507
