0.001604 0.016341
0.000890 0.051552
0.000896 0.085922
0.000920 0.120898
0.000863 0.155467
0.000886 0.190129
0.000863 0.224775
0.000850 0.259412
0.000806 0.294007
0.000789 0.328476
0.000845 0.363380
0.000813 0.397679
0.001016 0.432576
0.001516 0.467622
0.010633 0.001284
0.008562 0.033944
0.008300 0.069058
0.008518 0.103533
0.008507 0.138201
0.008486 0.172794
0.008531 0.207479
0.008465 0.242161
0.008281 0.276698
0.008445 0.311404
0.008501 0.345924
0.008510 0.380747
0.008509 0.415172
0.008433 0.450437
0.010678 0.482962
0.018296 0.015601
0.018355 0.051733
0.018336 0.086227
0.018106 0.120806
0.018247 0.155470
0.018165 0.190314
0.018212 0.224899
0.018282 0.259355
0.018176 0.294258
0.018164 0.328944
0.018321 0.363292
0.018423 0.398061
0.018190 0.432667
0.018277 0.468526
0.029892 0.000557
0.029053 0.034157
0.028954 0.069038
0.029028 0.103593
0.029017 0.138181
0.028758 0.172851
0.029203 0.207447
0.029197 0.242073
0.028787 0.276797
0.028907 0.311313
0.029015 0.346045
0.028943 0.380358
0.029017 0.415321
0.029116 0.450349
0.029267 0.484560
0.039589 0.015424
0.039668 0.051576
0.039783 0.086151
0.039623 0.120859
0.039891 0.155611
0.039554 0.190067
0.039648 0.224892
0.039756 0.259545
0.039613 0.294055
0.039523 0.328550
0.039566 0.363354
0.039672 0.397913
0.039522 0.432679
0.039468 0.468770
0.049911 0.000003
0.049834 0.033889
0.049918 0.068832
0.049866 0.103528
0.049828 0.138173
0.049781 0.172883
0.049883 0.207456
0.049913 0.242062
0.049807 0.276734
0.049808 0.311352
0.049859 0.346001
0.049906 0.380620
0.049834 0.415284
0.050090 0.450159
0.049909 0.484770
0.059814 0.015682
0.060097 0.051300
0.060022 0.086252
0.059905 0.120840
0.059889 0.155535
0.059929 0.190152
0.060001 0.224761
0.059775 0.259372
0.059936 0.294001
0.059867 0.328596
0.060178 0.363257
0.059948 0.397965
0.059930 0.432648
0.059910 0.468765
0.069999 0.000214
0.070077 0.033786
0.069898 0.068891
0.069997 0.103717
0.069978 0.138432
0.069890 0.172637
0.070192 0.207350
0.070015 0.242065
0.069989 0.276678
0.069927 0.311253
0.069756 0.345862
0.069986 0.380598
0.069800 0.415156
0.069948 0.450389
0.069973 0.484824
0.080022 0.015345
0.080129 0.051451
0.080075 0.086309
0.079933 0.120875
0.080137 0.155535
0.079967 0.190027
0.080139 0.224563
0.079944 0.259382
0.079984 0.294060
0.079917 0.328610
0.080096 0.363124
0.079986 0.397857
0.080010 0.432629
0.079707 0.468705
0.090019 0.000270
0.090147 0.034021
0.089826 0.069117
0.089986 0.103662
0.089989 0.138021
0.090071 0.172886
0.089877 0.207352
0.090092 0.242154
0.089965 0.276716
0.089976 0.311329
0.089859 0.345751
0.089943 0.380617
0.090037 0.415203
0.090031 0.450321
0.089980 0.484811
0.099939 0.015446
0.099978 0.051593
0.100056 0.086251
0.100022 0.120892
0.099910 0.155452
0.100006 0.190125
0.099996 0.224602
0.099969 0.259421
0.099986 0.293943
0.099939 0.328758
0.100003 0.363321
0.099962 0.397997
0.099957 0.432685
0.099962 0.468870
0.110005 0.000658
0.110041 0.034025
0.110068 0.068645
0.110076 0.103520
0.109997 0.138179
0.110160 0.172608
0.110195 0.207430
0.109991 0.242036
0.110082 0.276855
0.110016 0.311387
0.109925 0.345995
0.109995 0.380689
0.110067 0.415341
0.109964 0.450325
0.110197 0.484678
0.119957 0.015472
0.119984 0.051530
0.120031 0.086201
0.119987 0.120743
0.119929 0.155569
0.120084 0.190122
0.120012 0.224841
0.119860 0.259262
0.120067 0.294068
0.120037 0.328732
0.119819 0.363305
0.119979 0.398007
0.120011 0.432816
0.119968 0.468910
0.130089 0.000273
0.130008 0.033875
0.130057 0.068966
0.129855 0.103613
0.130051 0.138210
0.130053 0.172796
0.130019 0.207564
0.129989 0.242175
0.129866 0.276748
0.129977 0.311397
0.130148 0.346250
0.129946 0.380673
0.129977 0.415335
0.130006 0.450395
0.130115 0.484899
0.140030 0.015507
0.140033 0.051507
0.140024 0.086250
0.139988 0.120848
0.139957 0.155456
0.140148 0.190338
0.140006 0.224690
0.139990 0.259419
0.140299 0.293982
0.139946 0.328666
0.140041 0.363426
0.139994 0.398013
0.140010 0.432700
0.139973 0.468541
0.149962 0.000351
0.150068 0.033888
0.149891 0.068793
0.150108 0.103577
0.150094 0.138152
0.150045 0.172731
0.150028 0.207239
0.150037 0.242065
0.149954 0.276757
0.149936 0.311394
0.150037 0.345971
0.149827 0.380752
0.149970 0.415336
0.150081 0.450279
0.149926 0.484716
0.159919 0.015372
0.159980 0.051512
0.160044 0.086222
0.159993 0.120822
0.159761 0.155608
0.160045 0.190113
0.160024 0.224955
0.159850 0.259398
0.160227 0.294089
0.159963 0.328689
0.159855 0.363376
0.160008 0.397997
0.159992 0.432659
0.160136 0.469148
0.169849 0.000661
0.170221 0.034012
0.169862 0.068940
0.169956 0.103519
0.169953 0.138047
0.170031 0.172805
0.170008 0.207450
0.169996 0.242163
0.169993 0.276753
0.170027 0.311701
0.170141 0.346072
0.169917 0.380621
0.169920 0.415400
0.169978 0.450344
0.170100 0.484847
0.180064 0.015388
0.180225 0.051707
0.180032 0.086346
0.180031 0.121098
0.179889 0.155492
0.180011 0.190141
0.179874 0.224792
0.180046 0.259459
0.180005 0.294062
0.180077 0.328720
0.179937 0.363290
0.179963 0.397944
0.180089 0.432594
0.180049 0.468616
0.189975 0.000745
0.189933 0.033885
0.189833 0.068835
0.190065 0.103357
0.189926 0.138212
0.190193 0.172791
0.190110 0.207291
0.190011 0.242040
0.190037 0.276737
0.190015 0.311387
0.190020 0.346169
0.189865 0.380832
0.190008 0.415318
0.189871 0.450216
0.190002 0.484859
0.200002 0.015383
0.200155 0.051474
0.200033 0.086164
0.199988 0.120803
0.199873 0.155466
0.200015 0.190143
0.200009 0.224624
0.199822 0.259287
0.199970 0.294024
0.200073 0.328600
0.199847 0.363332
0.199991 0.398030
0.200023 0.432617
0.200132 0.468770
0.209777 0.000348
0.209989 0.033895
0.209932 0.068828
0.209941 0.103511
0.209907 0.138222
0.209867 0.172730
0.210098 0.207687
0.209949 0.242078
0.210019 0.276806
0.210044 0.311281
0.210099 0.345953
0.209859 0.380777
0.210102 0.415327
0.210056 0.450339
0.209809 0.484830
0.219930 0.015320
0.219974 0.051545
0.220005 0.086196
0.219998 0.121008
0.220063 0.155464
0.220032 0.190045
0.219998 0.224845
0.220098 0.259334
0.220134 0.294021
0.219910 0.328685
0.219762 0.363519
0.219904 0.397875
0.219967 0.432740
0.219978 0.468877
0.229992 0.000390
0.230031 0.033952
0.230066 0.068976
0.229913 0.103540
0.229731 0.138166
0.229992 0.172839
0.229953 0.207474
0.230082 0.242087
0.229941 0.276699
0.229963 0.311468
0.230118 0.346109
0.229957 0.380595
0.230274 0.415207
0.230001 0.450330
0.230007 0.484854
0.239817 0.015169
0.240056 0.051440
0.240021 0.086158
0.239949 0.120796
0.240018 0.155472
0.239983 0.190137
0.240021 0.224785
0.239913 0.259649
0.239984 0.293802
0.240140 0.328696
0.240123 0.363342
0.240011 0.397961
0.239962 0.432420
0.240055 0.468924
0.250044 0.000770
0.249716 0.033769
0.250000 0.068862
0.250054 0.103487
0.249985 0.138191
0.250042 0.172894
0.249978 0.207454
0.250045 0.242088
0.250079 0.276795
0.249936 0.311389
0.249916 0.345974
0.249929 0.380647
0.250011 0.415251
0.250019 0.450305
0.250008 0.484779
0.260030 0.015422
0.260037 0.051515
0.260025 0.086212
0.259931 0.120819
0.259829 0.155600
0.259993 0.190101
0.260042 0.224739
0.260008 0.259416
0.259918 0.294310
0.259965 0.328713
0.260055 0.363339
0.260032 0.397956
0.260073 0.432687
0.260042 0.468819
0.269703 0.000345
0.269956 0.033881
0.269953 0.068824
0.269999 0.103581
0.269975 0.138138
0.270147 0.172754
0.269951 0.207467
0.269925 0.242135
0.270247 0.276618
0.269977 0.311376
0.269999 0.345797
0.270012 0.380629
0.270060 0.415415
0.269838 0.450410
0.269923 0.484902
0.279859 0.015512
0.280134 0.051567
0.279922 0.086189
0.280250 0.120884
0.279807 0.155534
0.279999 0.190262
0.280058 0.224796
0.279985 0.259378
0.279943 0.294059
0.280340 0.328671
0.279995 0.363333
0.279987 0.397973
0.280137 0.432552
0.280032 0.468892
0.290016 0.000032
0.289909 0.033787
0.290099 0.068709
0.289987 0.103551
0.290105 0.138401
0.290011 0.172939
0.289984 0.207517
0.289829 0.242143
0.289990 0.276740
0.289797 0.311385
0.289880 0.346204
0.290037 0.380691
0.290042 0.415254
0.289953 0.450321
0.289981 0.484939
0.299999 0.015332
0.300003 0.051486
0.299990 0.086204
0.300063 0.120816
0.300151 0.155413
0.300032 0.190162
0.300348 0.224903
0.299965 0.259379
0.300003 0.294068
0.299992 0.328645
0.300092 0.363343
0.299976 0.397958
0.299977 0.432765
0.299937 0.468902
0.309755 0.000027
0.310129 0.033953
0.310002 0.068888
0.309887 0.103346
0.309857 0.138206
0.310010 0.173086
0.309769 0.207430
0.310082 0.242120
0.309982 0.276721
0.309827 0.311202
0.309975 0.345981
0.309994 0.380646
0.310109 0.415329
0.310001 0.450331
0.309869 0.484808
0.320153 0.015658
0.320024 0.051533
0.320165 0.086151
0.320057 0.120902
0.319879 0.155480
0.320056 0.190160
0.320100 0.224754
0.320015 0.259415
0.320065 0.294089
0.320207 0.328742
0.320234 0.363415
0.319930 0.397950
0.319950 0.432719
0.319865 0.468679
0.330085 0.000604
0.330040 0.033889
0.330074 0.068937
0.330030 0.103562
0.330105 0.138213
0.330034 0.172663
0.330117 0.207375
0.330111 0.242338
0.330017 0.276734
0.329895 0.311334
0.329933 0.346173
0.330040 0.380689
0.330205 0.415184
0.329980 0.450449
0.330063 0.484750
0.340172 0.015393
0.340297 0.051422
0.340145 0.086223
0.340090 0.120816
0.340098 0.155471
0.340159 0.189866
0.340055 0.224700
0.340240 0.259413
0.340063 0.294150
0.340044 0.328575
0.340089 0.363289
0.340130 0.397977
0.340095 0.432710
0.340061 0.468752
0.350142 0.000885
0.350378 0.033905
0.350135 0.068869
0.350555 0.103715
0.350383 0.138160
0.350388 0.172754
0.350348 0.207474
0.350399 0.242050
0.350256 0.276852
0.350416 0.311442
0.350255 0.345881
0.350430 0.380644
0.350337 0.415327
0.350325 0.450372
0.350419 0.484847
0.360940 0.015474
0.360956 0.051625
0.360819 0.086189
0.360989 0.120855
0.360982 0.155564
0.360973 0.190198
0.360969 0.224799
0.360850 0.259544
0.361258 0.294052
0.360987 0.328690
0.360982 0.363371
0.360774 0.398114
0.360884 0.432631
0.360999 0.468802
0.371321 0.000014
0.371791 0.033919
0.372013 0.068957
0.371803 0.103435
0.371785 0.138185
0.371778 0.172839
0.371602 0.207404
0.371833 0.242123
0.371529 0.276602
0.371872 0.311413
0.371625 0.345874
0.371767 0.380554
0.371771 0.415274
0.371726 0.450279
0.371259 0.484327
0.381335 0.015741
0.381333 0.051470
0.381456 0.086228
0.381534 0.120869
0.381456 0.155515
0.381505 0.190079
0.381502 0.224741
0.381585 0.259503
0.381524 0.294066
0.381476 0.328851
0.381445 0.363278
0.381491 0.397971
0.381453 0.432599
0.381279 0.468483
0.387371 0.001375
0.389089 0.033971
0.389130 0.068906
0.389124 0.103746
0.389028 0.138240
0.388956 0.172924
0.389187 0.207709
0.389053 0.242007
0.389011 0.276487
0.389164 0.311354
0.389202 0.346027
0.389121 0.380692
0.389170 0.415290
0.389056 0.450419
0.387312 0.482759
0.601557 0.016425
0.600920 0.051777
0.600806 0.086245
0.600934 0.120812
0.600767 0.155466
0.600736 0.189801
0.600837 0.224726
0.600734 0.259474
0.600943 0.294213
0.600604 0.328897
0.600926 0.363459
0.600813 0.397910
0.600724 0.432427
0.601652 0.467678
0.610652 0.001228
0.608523 0.033892
0.608475 0.068870
0.608477 0.103527
0.608541 0.138415
0.608458 0.172860
0.608516 0.207429
0.608424 0.242083
0.608453 0.276715
0.608469 0.311417
0.608511 0.345977
0.608581 0.380744
0.608500 0.415308
0.608688 0.450188
0.610683 0.482992
0.618376 0.015542
0.618200 0.051488
0.618198 0.086176
0.618432 0.120896
0.618221 0.155505
0.618332 0.190211
0.618188 0.224688
0.618168 0.259619
0.618263 0.294133
0.617956 0.328571
0.618254 0.363324
0.618247 0.397993
0.618197 0.432594
0.618385 0.468726
0.629772 0.000143
0.628992 0.033917
0.629004 0.068882
0.628993 0.103508
0.629030 0.138212
0.629217 0.172867
0.629040 0.207545
0.628956 0.242092
0.628897 0.276663
0.629076 0.311445
0.628882 0.346005
0.629049 0.380670
0.628875 0.415372
0.629013 0.450296
0.629550 0.484410
0.639612 0.015351
0.639595 0.051528
0.639605 0.086211
0.639461 0.120819
0.639518 0.155535
0.639725 0.190223
0.639604 0.225037
0.639572 0.259485
0.639416 0.293924
0.639797 0.328689
0.639623 0.363318
0.639867 0.398068
0.639624 0.432717
0.639531 0.468771
0.649985 0.000748
0.649880 0.033893
0.649806 0.068894
0.649887 0.103531
0.649906 0.137876
0.649921 0.172837
0.650013 0.207564
0.649689 0.242296
0.649956 0.276764
0.649839 0.311326
0.649848 0.345973
0.649846 0.380633
0.649980 0.415297
0.649859 0.450381
0.649954 0.484807
0.659969 0.015467
0.659823 0.051521
0.659949 0.086212
0.660008 0.120813
0.659940 0.155412
0.659953 0.190128
0.659935 0.224788
0.659965 0.259416
0.659766 0.293957
0.659941 0.328695
0.660042 0.363416
0.659974 0.397961
0.659883 0.432862
0.660116 0.468916
0.670004 0.000204
0.669992 0.033904
0.669983 0.068925
0.670041 0.103322
0.669972 0.138156
0.670047 0.172680
0.669941 0.207360
0.669987 0.242119
0.670036 0.276734
0.669900 0.311326
0.669921 0.346031
0.669994 0.380568
0.669963 0.415335
0.670071 0.450175
0.670128 0.484733
0.680002 0.015448
0.679790 0.051689
0.679995 0.086111
0.679893 0.120814
0.680003 0.155477
0.679994 0.190133
0.679972 0.224754
0.680001 0.259406
0.680103 0.294088
0.679982 0.328620
0.680081 0.363232
0.679777 0.398131
0.680044 0.432554
0.680001 0.468942
0.689900 0.000044
0.690147 0.033916
0.690095 0.068878
0.690036 0.103569
0.689984 0.138201
0.690023 0.172828
0.690026 0.207437
0.689851 0.241934
0.690008 0.276721
0.689967 0.311344
0.690072 0.345881
0.689988 0.380711
0.690054 0.415291
0.690003 0.450242
0.690114 0.485056
0.699979 0.015316
0.699973 0.051518
0.700173 0.086404
0.700084 0.120901
0.699984 0.155689
0.699981 0.190149
0.699912 0.224852
0.700017 0.259373
0.699951 0.294059
0.699989 0.328682
0.699928 0.363313
0.700123 0.397726
0.700001 0.432755
0.700274 0.468746
0.710024 0.000127
0.709994 0.033920
0.709969 0.068931
0.710005 0.103610
0.709896 0.138174
0.710212 0.172860
0.710171 0.207632
0.710077 0.242080
0.709856 0.276536
0.709904 0.311355
0.710023 0.346041
0.710015 0.380663
0.709883 0.415277
0.710103 0.450451
0.709956 0.484926
0.720118 0.015575
0.719991 0.051546
0.720150 0.086135
0.720046 0.120864
0.719929 0.155328
0.719957 0.190105
0.720057 0.224547
0.720179 0.259288
0.720030 0.294077
0.719907 0.328513
0.720008 0.363294
0.719966 0.397990
0.719860 0.432618
0.720022 0.468835
0.729875 0.000625
0.729961 0.033942
0.729998 0.068865
0.730199 0.103512
0.730135 0.138109
0.729988 0.172758
0.730000 0.207435
0.730061 0.242034
0.729807 0.276837
0.730047 0.311229
0.729993 0.345993
0.730058 0.380593
0.730108 0.415327
0.730227 0.450119
0.729823 0.484950
0.740033 0.015296
0.740184 0.051496
0.740168 0.086175
0.740017 0.120827
0.739996 0.155481
0.740040 0.190225
0.740043 0.224768
0.740003 0.259488
0.739994 0.294065
0.739996 0.328594
0.740095 0.363357
0.739821 0.398015
0.739958 0.432901
0.740006 0.468866
0.750202 0.000673
0.750093 0.034178
0.749981 0.068859
0.750073 0.103494
0.750081 0.138266
0.749804 0.172860
0.750083 0.207446
0.749989 0.242069
0.749964 0.276890
0.750222 0.311470
0.749867 0.346123
0.749996 0.380672
0.749900 0.415292
0.750073 0.450377
0.750003 0.484840
0.759815 0.015502
0.760065 0.051377
0.760056 0.086151
0.759810 0.120677
0.760142 0.155806
0.759912 0.190202
0.759966 0.224878
0.759854 0.259619
0.759999 0.294019
0.759842 0.328805
0.760170 0.363488
0.760126 0.398160
0.760072 0.432409
0.760052 0.468688
0.769995 0.000072
0.770078 0.033826
0.770073 0.068955
0.770066 0.103506
0.769903 0.138176
0.769986 0.172894
0.770048 0.207423
0.770003 0.242119
0.770092 0.276738
0.769990 0.311392
0.769998 0.346028
0.770003 0.380621
0.770059 0.415115
0.769986 0.450329
0.769991 0.484866
0.779928 0.015381
0.780004 0.051547
0.779985 0.086159
0.779948 0.120850
0.780003 0.155220
0.780087 0.190046
0.780006 0.224878
0.779948 0.259375
0.780124 0.294260
0.779979 0.328682
0.780012 0.363301
0.779969 0.398147
0.779965 0.432760
0.780040 0.468901
0.789929 0.000379
0.790043 0.033794
0.790018 0.068684
0.790006 0.103510
0.790050 0.138009
0.790042 0.172594
0.789972 0.207444
0.790184 0.242173
0.789960 0.276730
0.789930 0.311238
0.789998 0.345837
0.789992 0.380926
0.790038 0.415438
0.790102 0.450383
0.789731 0.484869
0.800019 0.015399
0.799962 0.051455
0.800037 0.086235
0.799783 0.121002
0.799919 0.155508
0.800061 0.190335
0.799963 0.224726
0.799955 0.259474
0.799985 0.294043
0.799980 0.328705
0.799966 0.363344
0.800075 0.397989
0.799993 0.432631
0.800148 0.469053
0.809783 0.000530
0.809850 0.033917
0.809899 0.068899
0.809944 0.103521
0.810049 0.138207
0.810020 0.172730
0.810014 0.207448
0.810044 0.242091
0.809992 0.276697
0.810109 0.311202
0.809999 0.345945
0.809945 0.380589
0.809929 0.415183
0.809897 0.450184
0.809849 0.484889
0.820017 0.015269
0.820078 0.051492
0.819886 0.086285
0.820001 0.120975
0.820117 0.155596
0.819966 0.190111
0.819944 0.225013
0.819950 0.259557
0.820001 0.294071
0.819927 0.328745
0.820026 0.363141
0.819954 0.397995
0.819950 0.432597
0.819899 0.468856
0.829923 0.000778
0.829943 0.033933
0.829982 0.068872
0.829763 0.103500
0.829869 0.138057
0.830282 0.172794
0.830147 0.207535
0.830034 0.242086
0.829918 0.276828
0.829764 0.311470
0.829955 0.346080
0.829957 0.380664
0.830152 0.415300
0.829959 0.450425
0.829866 0.484655
0.839985 0.015368
0.840116 0.051562
0.840012 0.086264
0.839990 0.120836
0.840044 0.155450
0.839744 0.190230
0.840002 0.224783
0.840040 0.259374
0.839999 0.294102
0.839993 0.328639
0.840116 0.363444
0.839990 0.398005
0.839982 0.432871
0.840034 0.468848
0.849709 0.000306
0.850014 0.033947
0.849914 0.068916
0.849915 0.103550
0.850146 0.138219
0.850130 0.172823
0.850052 0.207461
0.850052 0.242028
0.849854 0.276893
0.850157 0.311160
0.849993 0.345969
0.849973 0.380625
0.850043 0.415377
0.849882 0.450495
0.850040 0.484994
0.859952 0.015460
0.859899 0.051402
0.860059 0.086307
0.860239 0.120802
0.859827 0.155604
0.860152 0.190036
0.859997 0.224647
0.859985 0.259397
0.859865 0.293967
0.859944 0.328710
0.859836 0.363176
0.860054 0.397834
0.860109 0.432544
0.860112 0.468816
0.869878 0.000379
0.870036 0.033903
0.869932 0.068881
0.869863 0.103545
0.869970 0.138092
0.870061 0.172785
0.870019 0.207379
0.870087 0.242118
0.870020 0.276713
0.870057 0.311464
0.870018 0.346027
0.870063 0.380711
0.869857 0.415055
0.869917 0.450370
0.869811 0.485027
0.880058 0.015385
0.879983 0.051563
0.880040 0.086410
0.880005 0.120916
0.879995 0.155491
0.880103 0.190221
0.880036 0.224989
0.880056 0.259691
0.879997 0.294062
0.879957 0.328700
0.879944 0.363457
0.880175 0.398052
0.880215 0.432837
0.879969 0.468887
0.890082 0.000065
0.889993 0.033936
0.889881 0.068824
0.890078 0.103345
0.890292 0.138243
0.890251 0.172922
0.889859 0.207503
0.890044 0.242049
0.890080 0.276714
0.889939 0.311378
0.889944 0.346071
0.890272 0.380700
0.890043 0.415231
0.889883 0.450470
0.890117 0.484900
0.899973 0.015326
0.899955 0.051754
0.900013 0.086188
0.899907 0.120832
0.899993 0.155320
0.900071 0.190108
0.899988 0.224847
0.900076 0.259313
0.900010 0.294034
0.899970 0.328658
0.899946 0.363139
0.900078 0.397937
0.899973 0.432647
0.899845 0.468837
0.910120 0.000700
0.910014 0.033877
0.909989 0.068914
0.910045 0.103479
0.910099 0.138160
0.909990 0.172777
0.909958 0.207597
0.910245 0.242081
0.909933 0.276785
0.910075 0.311308
0.909806 0.345825
0.910060 0.380618
0.910134 0.415525
0.910025 0.450316
0.910022 0.484813
0.920006 0.015359
0.919868 0.051378
0.920050 0.086136
0.919940 0.120916
0.920152 0.155731
0.920024 0.190267
0.920211 0.224629
0.920194 0.259432
0.920161 0.294215
0.919755 0.328747
0.920040 0.363348
0.919913 0.398088
0.919803 0.432747
0.920059 0.468861
0.929961 0.000776
0.929991 0.034020
0.930079 0.068762
0.930025 0.103645
0.930076 0.138192
0.930117 0.172855
0.930080 0.207538
0.930068 0.242234
0.929869 0.276776
0.930091 0.311407
0.930034 0.345826
0.930085 0.380622
0.930176 0.415217
0.930152 0.450277
0.930054 0.484816
0.940096 0.015397
0.940171 0.051493
0.940110 0.086254
0.940101 0.120854
0.940122 0.155636
0.940120 0.190180
0.940163 0.224707
0.940172 0.259418
0.940160 0.294061
0.940126 0.328854
0.940139 0.363312
0.940027 0.397921
0.940187 0.432782
0.940101 0.468780
0.950084 0.000519
0.950229 0.033862
0.950106 0.068790
0.950429 0.103553
0.950507 0.137972
0.950408 0.172828
0.950412 0.207452
0.950673 0.242109
0.950382 0.276778
0.950166 0.311257
0.950231 0.346060
0.950392 0.380657
0.950289 0.415497
0.950347 0.450139
0.950210 0.484744
0.960992 0.015541
0.961055 0.051557
0.960950 0.086196
0.961003 0.120875
0.960994 0.155470
0.961027 0.190115
0.961053 0.224839
0.960904 0.259487
0.961170 0.294235
0.960971 0.328678
0.960837 0.363209
0.960964 0.397973
0.960968 0.432624
0.961082 0.468638
0.970915 0.000931
0.971882 0.034121
0.971771 0.069168
0.971723 0.103338
0.971960 0.138077
0.972051 0.172851
0.971797 0.207543
0.972026 0.242183
0.971827 0.276804
0.971831 0.311450
0.972095 0.345980
0.971754 0.380614
0.971803 0.415014
0.971862 0.450251
0.970941 0.484168
0.981247 0.015682
0.981441 0.051742
0.981712 0.086109
0.981511 0.120839
0.981455 0.155389
0.981587 0.190088
0.981530 0.224743
0.981651 0.259530
0.981568 0.294063
0.981517 0.328617
0.981463 0.363200
0.981510 0.397950
0.981497 0.432596
0.981328 0.468505
0.987596 0.001613
0.989039 0.033978
0.989192 0.068840
0.989151 0.103466
0.989171 0.138204
0.989276 0.173156
0.989188 0.207380
0.989207 0.241965
0.989196 0.276736
0.989366 0.311267
0.989185 0.345971
0.989175 0.380616
0.989149 0.415303
0.989091 0.450217
0.987386 0.482743
