0.000883 0.019992
0.000947 0.050587
0.000803 0.083261
0.000291 0.115929
0.000342 0.131791
0.003848 0.154504
0.001691 0.184619
0.001021 0.201779
0.014920 0.221924
0.045361 0.250112
0.174546 0.262107
0.072708 0.256716
0.139693 0.261960
0.197700 0.296212
0.000386 0.006997
0.000093 0.029894
0.000247 0.062016
0.033641 0.066489
0.024215 0.106530
0.023830 0.140631
0.002414 0.176069
0.010825 0.190803
0.000245 0.221130
0.005814 0.233605
0.015884 0.240084
0.038022 0.233845
0.122538 0.246393
0.146566 0.262089
0.189005 0.306612
0.000977 0.000256
0.000666 0.039837
0.000150 0.072837
0.000869 0.094160
0.000014 0.104681
0.018100 0.127132
0.000366 0.147825
0.053981 0.172615
0.049740 0.181831
0.050059 0.197144
0.061382 0.221993
0.095414 0.255171
0.080773 0.255757
0.191932 0.308782
0.010376 0.000628
0.030534 0.023215
0.023295 0.033815
0.022875 0.061698
0.034703 0.083742
0.039714 0.107027
0.059982 0.124231
0.048667 0.150336
0.076837 0.180601
0.075586 0.204807
0.050624 0.206788
0.094048 0.235565
0.052334 0.245963
0.117127 0.255674
0.225003 0.339491
0.020527 0.000199
0.052634 0.037242
0.028591 0.046812
0.052857 0.066998
0.042281 0.092144
0.035080 0.127298
0.050623 0.137964
0.063838 0.158897
0.091015 0.198730
0.115170 0.204713
0.073607 0.220934
0.157779 0.228941
0.110063 0.232984
0.194509 0.276886
0.038585 0.000327
0.029689 0.000016
0.074940 0.049498
0.051832 0.052210
0.062009 0.087611
0.070242 0.105794
0.076892 0.123722
0.081670 0.141937
0.086135 0.155213
0.090633 0.172626
0.104515 0.188790
0.103753 0.215653
0.149194 0.238596
0.165706 0.254864
0.235786 0.332229
0.047619 0.001054
0.047120 0.025141
0.069701 0.066100
0.079866 0.078204
0.082923 0.093652
0.091209 0.109949
0.098261 0.126872
0.102007 0.147319
0.110080 0.171789
0.128339 0.177507
0.137840 0.195984
0.128619 0.213945
0.147197 0.216465
0.186706 0.266501
0.056543 0.000080
0.066240 0.024628
0.077408 0.034620
0.092986 0.052843
0.096438 0.071053
0.104278 0.089451
0.110261 0.107991
0.117063 0.126986
0.122337 0.144574
0.125703 0.157686
0.145568 0.184736
0.168098 0.200568
0.170982 0.218288
0.203012 0.234958
0.227154 0.333933
0.065448 0.000686
0.088486 0.026243
0.103391 0.039531
0.109754 0.059198
0.117757 0.076527
0.123503 0.092564
0.130168 0.110586
0.137372 0.127757
0.144768 0.150282
0.155865 0.166475
0.163060 0.187888
0.190995 0.219824
0.196568 0.242266
0.215145 0.264317
0.074258 0.000798
0.082990 0.000368
0.105805 0.025273
0.122538 0.045696
0.130731 0.063872
0.139919 0.080362
0.145028 0.097849
0.150827 0.116460
0.155080 0.136435
0.164123 0.154709
0.178277 0.174770
0.193271 0.205503
0.231391 0.228704
0.216910 0.264491
0.269231 0.332603
0.091722 0.000004
0.121290 0.025542
0.134344 0.034615
0.142721 0.052198
0.153482 0.068093
0.159154 0.086251
0.166894 0.103645
0.171276 0.121120
0.175647 0.139525
0.192419 0.166414
0.190887 0.186390
0.217368 0.195474
0.213027 0.221005
0.246736 0.300339
0.100382 0.000108
0.117883 0.000416
0.144394 0.024697
0.155729 0.041346
0.165785 0.057252
0.174131 0.074638
0.181356 0.092396
0.186675 0.110854
0.190236 0.131743
0.191882 0.152572
0.214079 0.168302
0.208971 0.185047
0.256040 0.210979
0.261404 0.261898
0.274375 0.337065
0.109169 0.000891
0.160504 0.025203
0.173132 0.038279
0.182773 0.053729
0.190866 0.069443
0.198581 0.084433
0.201989 0.104483
0.207049 0.122656
0.209577 0.140403
0.220312 0.153402
0.235296 0.191515
0.232655 0.220264
0.257191 0.256558
0.248337 0.295172
0.126368 0.000617
0.152104 0.000363
0.178783 0.024126
0.193669 0.038670
0.202914 0.056133
0.212156 0.071694
0.217509 0.095745
0.222568 0.113854
0.228842 0.132102
0.234066 0.155097
0.242328 0.172178
0.249368 0.193061
0.268164 0.226838
0.264392 0.289116
0.279005 0.317530
0.134917 0.000660
0.196080 0.024350
0.212244 0.041127
0.223132 0.058293
0.225795 0.081100
0.237607 0.098883
0.241954 0.116284
0.248476 0.132647
0.250573 0.151679
0.258901 0.174193
0.269915 0.189900
0.252559 0.226555
0.276133 0.269132
0.275793 0.294986
0.143591 0.000838
0.186194 0.000139
0.212507 0.026018
0.230415 0.038200
0.239926 0.069658
0.248027 0.086500
0.258084 0.111732
0.263882 0.142140
0.273489 0.160168
0.281512 0.176820
0.284381 0.204829
0.288487 0.216960
0.297496 0.282235
0.300851 0.297290
0.257154 0.321894
0.160635 0.000508
0.228568 0.023487
0.239451 0.052799
0.260906 0.075424
0.264761 0.095534
0.277751 0.113055
0.272642 0.129065
0.289455 0.155728
0.293309 0.190069
0.306772 0.203611
0.308976 0.231215
0.276453 0.234799
0.316095 0.333318
0.302164 0.331338
0.169181 0.000329
0.245925 0.024489
0.250923 0.040142
0.257801 0.059194
0.278768 0.080464
0.284217 0.097852
0.288613 0.137455
0.305891 0.151364
0.302527 0.171239
0.315131 0.187911
0.315587 0.218284
0.290405 0.249602
0.293617 0.261038
0.302563 0.316044
0.324713 0.352648
0.177723 0.000951
0.268811 0.046080
0.277388 0.063846
0.295831 0.078294
0.300554 0.099015
0.294847 0.120385
0.321002 0.162296
0.327561 0.179426
0.330496 0.207188
0.334722 0.228606
0.310250 0.244116
0.318525 0.266348
0.316486 0.285779
0.350517 0.381330
0.194692 0.000284
0.261283 0.026834
0.284397 0.045157
0.294732 0.060073
0.313328 0.089319
0.310417 0.114250
0.309215 0.135537
0.342144 0.171370
0.340766 0.193085
0.360208 0.260944
0.345011 0.247682
0.335116 0.301902
0.330517 0.276029
0.351336 0.335194
0.352830 0.385293
0.203015 0.000795
0.274670 0.027530
0.300706 0.037780
0.311838 0.071123
0.324388 0.108216
0.324925 0.130508
0.328963 0.149224
0.357127 0.187724
0.345091 0.216396
0.343217 0.267327
0.329909 0.249158
0.361817 0.309601
0.322932 0.312265
0.324866 0.359492
0.211417 0.000349
0.261473 0.000414
0.288479 0.026150
0.310472 0.054363
0.331101 0.092093
0.339139 0.119110
0.342796 0.137903
0.347735 0.155815
0.359097 0.206301
0.356027 0.231021
0.382869 0.300308
0.363136 0.293170
0.347329 0.296334
0.377593 0.371705
0.340503 0.332315
0.219745 0.000174
0.306254 0.024090
0.318646 0.038223
0.329129 0.074630
0.345389 0.100462
0.357311 0.131861
0.365683 0.153878
0.362846 0.171625
0.372104 0.231675
0.369243 0.271306
0.391918 0.325293
0.373729 0.325026
0.368568 0.337680
0.344665 0.360076
0.228161 0.001080
0.294031 0.000024
0.325230 0.024380
0.326848 0.057011
0.347582 0.081062
0.357150 0.112991
0.373619 0.138984
0.379725 0.173784
0.372863 0.201827
0.404015 0.241985
0.387851 0.248245
0.373904 0.247858
0.398808 0.348154
0.419012 0.357655
0.363133 0.366517
0.236558 0.000103
0.340681 0.026847
0.336389 0.042748
0.343976 0.062894
0.364730 0.096943
0.374471 0.121005
0.384993 0.155261
0.385845 0.189780
0.381152 0.216423
0.405807 0.291174
0.383069 0.281736
0.408098 0.333450
0.392648 0.376316
0.382143 0.353320
0.244934 0.000857
0.318628 0.000765
0.352320 0.046151
0.359956 0.062631
0.364295 0.081442
0.380545 0.106942
0.390342 0.134129
0.398077 0.175691
0.395810 0.225870
0.421837 0.241083
0.406541 0.261672
0.395285 0.270966
0.433232 0.359446
0.413095 0.415008
0.405174 0.372369
0.253239 0.000549
0.355272 0.025062
0.373497 0.051998
0.378126 0.072592
0.385319 0.090808
0.398262 0.119414
0.402398 0.154541
0.397329 0.205840
0.411930 0.221140
0.424733 0.260202
0.398830 0.304914
0.433428 0.340515
0.416512 0.443645
0.416062 0.384772
0.269639 0.000272
0.342990 0.000068
0.366896 0.036651
0.389045 0.059698
0.396600 0.076752
0.400764 0.103572
0.407718 0.139758
0.410645 0.188725
0.418926 0.202868
0.431459 0.221234
0.434632 0.280595
0.412873 0.318605
0.447653 0.362361
0.425678 0.394854
0.439106 0.388265
0.277774 0.001111
0.374770 0.024801
0.387377 0.040693
0.407716 0.089105
0.416493 0.111782
0.420795 0.128446
0.430813 0.166555
0.414745 0.167687
0.430513 0.184698
0.437074 0.203533
0.418486 0.281203
0.410753 0.414471
0.471059 0.546895
0.436762 0.473942
0.285921 0.000213
0.367011 0.000058
0.405291 0.059258
0.405497 0.043502
0.419483 0.079439
0.438543 0.128842
0.424937 0.147232
0.447933 0.160252
0.451372 0.177148
0.444164 0.231466
0.437251 0.250359
0.443743 0.294045
0.443646 0.329220
0.428963 0.302524
0.443359 0.440824
0.302228 0.000473
0.391411 0.025341
0.421216 0.062904
0.438093 0.070155
0.426820 0.095855
0.435572 0.112337
0.443612 0.144625
0.451742 0.193515
0.455690 0.214584
0.451689 0.271213
0.458559 0.307224
0.466028 0.394366
0.415796 0.443675
0.452190 0.416523
0.310415 0.000654
0.407185 0.026306
0.427701 0.049264
0.440279 0.086316
0.449876 0.101623
0.479211 0.145141
0.472108 0.176485
0.459648 0.138770
0.465969 0.160207
0.463394 0.286169
0.470798 0.304707
0.472201 0.329259
0.459201 0.332605
0.452037 0.389154
0.432887 0.319742
0.326761 0.000996
0.420949 0.032970
0.441546 0.038060
0.446425 0.056714
0.462841 0.090734
0.455495 0.119874
0.484172 0.163638
0.486914 0.202731
0.464817 0.230892
0.454080 0.250275
0.467543 0.263978
0.462126 0.362293
0.443583 0.514000
0.450316 0.425038
0.334911 0.000821
0.407264 0.000507
0.431788 0.025162
0.451273 0.025656
0.456151 0.075159
0.470120 0.107419
0.473444 0.127538
0.491296 0.185880
0.469951 0.193753
0.475072 0.245417
0.482336 0.286042
0.472497 0.413317
0.485720 0.410452
0.449796 0.450579
0.442040 0.517464
0.351004 0.000079
0.467660 0.027332
0.464952 0.058983
0.488823 0.116566
0.492925 0.134958
0.504968 0.201958
0.491090 0.222615
0.472090 0.214175
0.485631 0.370245
0.471323 0.370265
0.481600 0.339794
0.486746 0.444781
0.431844 0.599072
0.437080 0.477036
0.358991 0.000065
0.415202 0.000642
0.478875 0.000406
0.485028 0.026031
0.459742 0.042446
0.507406 0.121633
0.500741 0.170027
0.501094 0.151861
0.496350 0.302279
0.493296 0.239575
0.469818 0.496149
0.495680 0.402641
0.460102 0.475934
0.472050 0.442050
0.493136 0.562867
0.375064 0.000195
0.463010 0.000206
0.478698 0.040389
0.476481 0.072789
0.519822 0.199641
0.522647 0.218027
0.508150 0.225616
0.501215 0.282474
0.490876 0.350920
0.461700 0.537224
0.459337 0.526591
0.419923 0.606598
0.459517 0.495175
0.468406 0.461726
0.383168 0.001051
0.455060 0.000056
0.486817 0.000934
0.502131 0.027793
0.524406 0.091251
0.529394 0.286442
0.511905 0.266460
0.496141 0.256603
0.576641 0.848583
0.434151 0.643171
0.456756 0.661471
0.768232 0.694574
0.563696 0.658944
0.413070 0.630888
0.443456 0.588516
0.423123 0.000572
0.470906 0.000983
0.579788 0.041122
0.495913 0.072410
0.484120 0.056230
0.510013 0.300792
0.515361 0.314581
0.486567 0.267704
0.501983 0.424958
0.488885 0.318397
0.469665 0.583703
0.432086 0.618105
0.453875 0.572837
0.446812 0.574058
0.399302 0.000097
0.439105 0.000169
0.510657 0.000209
0.499105 0.041340
0.598616 0.863913
0.513410 0.138121
0.588020 0.643815
0.502449 0.330412
0.487511 0.498737
0.491020 0.458147
0.755461 0.685528
0.598286 0.632663
0.600573 0.632942
0.461623 0.663201
0.412410 0.622696
0.534474 0.000406
0.502700 0.000880
0.431064 0.000033
0.268910 0.383803
0.504265 0.087813
0.513158 0.182536
0.492632 0.488578
0.597098 0.864065
0.573964 0.661106
0.488800 0.686452
0.771894 0.682275
0.581662 0.655477
0.479053 0.682577
0.477264 0.631947
0.597659 0.000089
0.550223 0.000290
0.391272 0.000292
0.494769 0.000809
0.534560 0.027434
0.490929 0.101021
0.517633 0.161517
0.526489 0.255897
0.506496 0.448582
0.507135 0.605087
0.485533 0.537280
0.474287 0.611309
0.507354 0.616534
0.474391 0.647925
0.540167 0.639671
0.589729 0.001111
0.518623 0.000336
0.447081 0.000081
0.518589 0.042097
0.480782 0.087768
0.752354 0.691388
0.430211 0.643928
0.482509 0.588578
0.492272 0.649738
0.576738 0.849216
0.470322 0.615184
0.493316 0.682106
0.549327 0.641719
0.534812 0.581209
0.613642 0.000006
0.566050 0.000012
0.518078 0.026737
0.526561 0.000316
0.512001 0.105086
0.518153 0.074384
0.528151 0.126472
0.515773 0.241263
0.537759 0.236822
0.497764 0.376309
0.508804 0.393634
0.497142 0.579932
0.533535 0.643343
0.503039 0.643944
0.531306 0.414690
0.629542 0.000194
0.542343 0.000447
0.539464 0.043401
0.522571 0.057902
0.504123 0.058679
0.529583 0.146677
0.541926 0.201784
0.537739 0.219537
0.548052 0.250666
0.508210 0.352350
0.492186 0.551876
0.527866 0.530844
0.511748 0.631993
0.522098 0.595578
0.637443 0.000407
0.558138 0.000646
0.565965 0.026572
0.559837 0.043704
0.541313 0.058552
0.531669 0.170113
0.534391 0.184682
0.554281 0.194235
0.535242 0.271758
0.518645 0.372465
0.514943 0.427922
0.520720 0.453821
0.513961 0.580997
0.529673 0.364849
0.512087 0.522223
0.653281 0.000379
0.583581 0.027754
0.573743 0.056695
0.550703 0.028754
0.536823 0.074848
0.531316 0.109435
0.544701 0.132056
0.544856 0.150493
0.557240 0.222677
0.533646 0.324923
0.521822 0.389771
0.519922 0.341249
0.512680 0.476335
0.501590 0.523570
0.661230 0.000857
0.573933 0.000713
0.599092 0.027384
0.542157 0.094131
0.558505 0.063311
0.555142 0.080310
0.549746 0.113474
0.564420 0.125173
0.549825 0.169485
0.561786 0.241929
0.549242 0.289004
0.535369 0.344495
0.552549 0.397777
0.545520 0.447543
0.567352 0.436323
0.677244 0.000850
0.581821 0.000851
0.605630 0.000929
0.577079 0.073260
0.560430 0.096671
0.581679 0.140979
0.563049 0.141646
0.565093 0.207705
0.576930 0.224474
0.560994 0.260267
0.529933 0.304358
0.546451 0.366241
0.530749 0.529811
0.537812 0.582583
0.685192 0.000377
0.621601 0.000805
0.614498 0.026302
0.590732 0.058506
0.576730 0.089114
0.570900 0.110679
0.565380 0.158205
0.564695 0.177686
0.576163 0.193210
0.589169 0.205609
0.550354 0.304190
0.564703 0.281277
0.561930 0.318759
0.566688 0.333814
0.571099 0.433464
0.701234 0.000864
0.620394 0.040668
0.603518 0.068084
0.602159 0.043360
0.595076 0.082040
0.587661 0.101075
0.585016 0.122817
0.579903 0.169827
0.592870 0.253680
0.581380 0.243872
0.569516 0.303004
0.543675 0.394503
0.505007 0.502400
0.542408 0.452124
0.709294 0.000498
0.645346 0.000302
0.632251 0.027452
0.615343 0.057646
0.605761 0.096706
0.600215 0.114113
0.591459 0.152909
0.598902 0.170787
0.593236 0.185726
0.600395 0.270865
0.577033 0.265737
0.584308 0.315490
0.547944 0.335323
0.557650 0.357571
0.564944 0.379034
0.717402 0.000362
0.640265 0.043350
0.632369 0.059070
0.615502 0.080339
0.618350 0.109351
0.599374 0.134147
0.609229 0.154632
0.610922 0.191005
0.593869 0.224684
0.587735 0.284123
0.591757 0.357556
0.574239 0.351365
0.534193 0.424913
0.525522 0.484745
0.733476 0.000112
0.669212 0.000306
0.646491 0.027351
0.651921 0.055773
0.631555 0.074311
0.626813 0.094525
0.617155 0.126275
0.618951 0.173872
0.607649 0.210988
0.606558 0.237575
0.613308 0.282197
0.629589 0.262407
0.581503 0.373057
0.571636 0.413017
0.608033 0.399742
0.741613 0.000221
0.661596 0.026619
0.661691 0.041752
0.652407 0.070664
0.642921 0.086268
0.635055 0.116695
0.621800 0.140788
0.627149 0.199737
0.619859 0.219797
0.614600 0.256672
0.593850 0.299049
0.528409 0.478752
0.634209 0.328956
0.600679 0.396178
0.749771 0.000696
0.693223 0.000837
0.676483 0.025122
0.671461 0.055215
0.662858 0.083731
0.644959 0.103666
0.640936 0.136560
0.627920 0.155095
0.634351 0.181890
0.638048 0.216814
0.608712 0.299311
0.625370 0.311629
0.585023 0.338034
0.638627 0.383842
0.581013 0.408779
0.757956 0.000371
0.694669 0.025570
0.683565 0.038206
0.674628 0.071824
0.662101 0.101469
0.652092 0.122282
0.644117 0.163488
0.646254 0.198387
0.623948 0.241569
0.646680 0.252731
0.577526 0.389782
0.605011 0.352004
0.658501 0.364589
0.645796 0.356057
0.766072 0.000466
0.725386 0.000780
0.710043 0.025440
0.688929 0.055204
0.679302 0.089987
0.668941 0.115580
0.652289 0.147566
0.652966 0.178397
0.654056 0.222480
0.600632 0.322532
0.662442 0.239507
0.631164 0.288695
0.641253 0.311905
0.619458 0.389940
0.618728 0.356048
0.782445 0.000688
0.724385 0.027394
0.702933 0.041166
0.692054 0.071759
0.687830 0.104780
0.667075 0.136653
0.665384 0.161211
0.666885 0.188885
0.641253 0.236552
0.660012 0.262001
0.653517 0.304198
0.614173 0.328540
0.661068 0.334539
0.635818 0.344932
0.790728 0.000812
0.738844 0.024785
0.721617 0.042902
0.705656 0.058505
0.698620 0.088014
0.683149 0.122954
0.688294 0.139279
0.679612 0.153656
0.664513 0.207023
0.684618 0.195530
0.639549 0.277237
0.655741 0.283329
0.676769 0.309952
0.715542 0.316280
0.678004 0.352577
0.799020 0.000462
0.742539 0.038739
0.722335 0.061324
0.712527 0.075329
0.709108 0.101382
0.701609 0.118301
0.704670 0.138670
0.679248 0.172496
0.688797 0.226674
0.676998 0.280396
0.669562 0.296969
0.670308 0.329844
0.644766 0.379354
0.617439 0.376842
0.815619 0.000419
0.774256 0.000399
0.756226 0.025046
0.738627 0.054737
0.738039 0.070281
0.723810 0.086959
0.718689 0.120446
0.697816 0.160929
0.693033 0.206849
0.672838 0.221632
0.686706 0.244460
0.715218 0.261808
0.721094 0.281940
0.692535 0.367628
0.674704 0.365323
0.824037 0.000258
0.769979 0.028083
0.760337 0.042408
0.755772 0.059252
0.741569 0.086108
0.727759 0.103575
0.715397 0.152634
0.713446 0.172543
0.695837 0.180663
0.705437 0.217384
0.689760 0.269501
0.720501 0.242970
0.691573 0.320317
0.699691 0.312793
0.832403 0.001071
0.807434 0.000217
0.786384 0.024367
0.774897 0.053731
0.758705 0.075042
0.749212 0.101576
0.738254 0.117427
0.724955 0.135587
0.730493 0.163001
0.675959 0.256602
0.700099 0.242380
0.701284 0.277693
0.745958 0.262430
0.704063 0.359623
0.705285 0.371275
0.849259 0.000129
0.801500 0.026586
0.782738 0.039281
0.776660 0.068630
0.763643 0.088840
0.771542 0.102688
0.748789 0.128198
0.740005 0.145835
0.711516 0.192875
0.722132 0.202872
0.719847 0.224926
0.744421 0.236905
0.706809 0.293447
0.742419 0.301987
0.857824 0.000685
0.840737 0.000240
0.817707 0.025240
0.797323 0.046827
0.794154 0.064323
0.783460 0.083268
0.764368 0.118391
0.758944 0.142997
0.749927 0.162578
0.731118 0.180778
0.739661 0.195320
0.735912 0.221039
0.759042 0.235844
0.729570 0.255978
0.724968 0.306545
0.875019 0.000711
0.833066 0.027565
0.812721 0.039497
0.812483 0.058719
0.803597 0.077074
0.795526 0.095029
0.784975 0.111534
0.775109 0.131186
0.769197 0.156207
0.755734 0.178472
0.757431 0.196130
0.751802 0.214314
0.773896 0.255921
0.745106 0.309224
0.883706 0.000146
0.866308 0.000832
0.848267 0.024589
0.827619 0.046667
0.825853 0.068933
0.817737 0.085734
0.811534 0.102328
0.799243 0.118711
0.792056 0.135904
0.787697 0.153329
0.773488 0.171997
0.783701 0.188431
0.788843 0.232282
0.755766 0.278728
0.728417 0.354704
0.892223 0.001076
0.864060 0.026063
0.845033 0.040234
0.841568 0.058383
0.842434 0.075712
0.834213 0.091592
0.831355 0.107972
0.818921 0.121228
0.811096 0.137438
0.805104 0.156539
0.794806 0.172062
0.769947 0.205243
0.772581 0.240291
0.756012 0.270907
0.900993 0.000207
0.909672 0.000725
0.880713 0.025536
0.859884 0.047134
0.860359 0.064761
0.860329 0.082749
0.850470 0.098752
0.849240 0.117677
0.834874 0.131520
0.828138 0.146066
0.817167 0.166852
0.796833 0.194891
0.777141 0.217978
0.790661 0.259500
0.727807 0.358281
0.918585 0.000367
0.897923 0.025659
0.875605 0.039521
0.878979 0.054828
0.876593 0.071934
0.873797 0.092524
0.867494 0.110978
0.860348 0.130136
0.848399 0.145459
0.836502 0.163566
0.820478 0.180579
0.822205 0.201895
0.808400 0.227704
0.783564 0.280635
0.927635 0.000390
0.915036 0.025868
0.897163 0.039901
0.898547 0.055075
0.898455 0.071832
0.891979 0.085639
0.887235 0.105526
0.883198 0.123209
0.874016 0.142132
0.863127 0.155744
0.849623 0.175465
0.841235 0.186263
0.805010 0.204353
0.801084 0.248490
0.743592 0.334456
0.936406 0.000016
0.921944 0.039103
0.917690 0.052141
0.914990 0.070174
0.906678 0.093880
0.902910 0.112221
0.900972 0.131725
0.890269 0.147488
0.877388 0.167858
0.869987 0.181624
0.864531 0.199937
0.846266 0.204791
0.823875 0.218603
0.755388 0.336269
0.945442 0.000674
0.932892 0.025742
0.940618 0.037980
0.930240 0.065638
0.925438 0.086041
0.927295 0.101781
0.920746 0.119201
0.912190 0.142961
0.904627 0.160751
0.889809 0.179734
0.883150 0.201428
0.844688 0.220809
0.858924 0.220560
0.791636 0.287234
0.834147 0.243646
0.954649 0.000823
0.950146 0.025394
0.944148 0.054995
0.950099 0.068660
0.959665 0.116843
0.951121 0.131176
0.936689 0.147371
0.909874 0.174808
0.904463 0.193542
0.899920 0.209120
0.877072 0.221698
0.879504 0.245518
0.819381 0.242328
0.832135 0.314270
0.963556 0.000554
0.982152 0.000311
0.977025 0.025673
0.968071 0.068708
0.938962 0.086113
0.939396 0.112300
0.931197 0.160039
0.940440 0.170451
0.922809 0.190785
0.922383 0.213160
0.927000 0.229365
0.891071 0.254133
0.838624 0.271234
0.835072 0.255895
0.758841 0.330369
0.972519 0.000646
0.965069 0.028361
0.960297 0.052377
0.974664 0.080093
0.955995 0.096760
0.930027 0.133606
0.943202 0.178844
0.940711 0.197983
0.952376 0.204579
0.908759 0.226905
0.940608 0.241594
0.880057 0.235535
0.850083 0.271106
0.780385 0.298025
0.994852 0.000085
0.998949 0.035000
0.977301 0.044166
0.977532 0.057223
0.996563 0.098946
0.987233 0.115696
0.998338 0.134955
0.995192 0.161122
0.954132 0.216571
0.961437 0.240266
0.921379 0.248946
0.911919 0.251559
0.867673 0.275602
0.970166 0.224994
0.797217 0.322348
0.998988 0.000275
0.999046 0.045758
0.999062 0.067216
0.998834 0.088249
0.999813 0.109430
0.972576 0.120614
0.961546 0.135458
0.994159 0.168308
0.983930 0.188535
0.995491 0.213930
0.953780 0.244434
0.889043 0.272628
0.789615 0.309707
0.858523 0.284217
0.999065 0.012791
0.999308 0.024464
0.999821 0.056520
0.999331 0.077485
0.965824 0.095438
0.999226 0.126193
0.987360 0.149622
0.975734 0.148172
0.999318 0.192481
0.995963 0.198725
0.986740 0.214585
0.831509 0.312955
0.886551 0.279350
0.806193 0.328716
0.811088 0.315109
