0.000085 0.020161
0.000643 0.051027
0.000785 0.083819
0.000710 0.116351
0.000838 0.130440
0.004896 0.153205
0.000979 0.181713
0.001202 0.196559
0.017070 0.216163
0.047407 0.241785
0.177852 0.254123
0.074446 0.247182
0.141838 0.253280
0.200880 0.287736
0.000682 0.007240
0.000548 0.030256
0.000114 0.062309
0.033750 0.063153
0.024891 0.101206
0.025452 0.138013
0.003118 0.172711
0.012617 0.186209
0.000454 0.219486
0.007543 0.229000
0.015740 0.234334
0.040388 0.227394
0.125552 0.238107
0.149052 0.253255
0.192314 0.297587
0.000684 0.000956
0.000679 0.040293
0.000170 0.073067
0.000465 0.094140
0.000577 0.104866
0.019829 0.125648
0.000651 0.147423
0.052488 0.165889
0.048892 0.173927
0.049128 0.189309
0.063006 0.214792
0.097623 0.246206
0.082984 0.246973
0.196143 0.300163
0.009878 0.001089
0.030295 0.022809
0.021582 0.031847
0.019970 0.062948
0.032413 0.081019
0.040922 0.103406
0.061170 0.118636
0.046530 0.146287
0.078481 0.173753
0.077103 0.197443
0.051879 0.199577
0.094678 0.227920
0.054032 0.238009
0.119674 0.248281
0.229551 0.332014
0.020128 0.000698
0.052226 0.036509
0.029974 0.046258
0.051926 0.067334
0.043989 0.086581
0.034302 0.127573
0.049749 0.133172
0.064773 0.152274
0.092648 0.192133
0.117086 0.198424
0.075532 0.213885
0.162307 0.223028
0.113481 0.224573
0.198445 0.269596
0.038459 0.000173
0.029525 0.000264
0.074290 0.047553
0.050162 0.049795
0.059197 0.085620
0.068945 0.101648
0.075738 0.120438
0.080203 0.136654
0.085072 0.149584
0.090534 0.166564
0.106954 0.181639
0.106334 0.207775
0.150475 0.231630
0.167813 0.246572
0.239597 0.325191
0.047504 0.000845
0.045260 0.024694
0.068483 0.064435
0.080415 0.075759
0.082676 0.090711
0.091933 0.106975
0.098531 0.123051
0.103068 0.142592
0.111625 0.166003
0.128653 0.171043
0.139395 0.190463
0.129444 0.209706
0.147773 0.208066
0.189718 0.259130
0.056444 0.000324
0.064735 0.024463
0.076928 0.033206
0.091347 0.052022
0.094978 0.068786
0.103351 0.086859
0.110277 0.104384
0.116995 0.122742
0.122464 0.139304
0.126832 0.153377
0.147881 0.178692
0.169666 0.195763
0.172982 0.212706
0.206240 0.228646
0.229189 0.326667
0.065337 0.000189
0.087859 0.025561
0.102808 0.038864
0.109532 0.057474
0.117506 0.074038
0.123834 0.090275
0.130376 0.107036
0.138325 0.124053
0.145540 0.146680
0.155919 0.161767
0.163258 0.181859
0.192926 0.214382
0.198059 0.236285
0.218091 0.256298
0.074085 0.000829
0.082783 0.000828
0.104693 0.024401
0.121522 0.044185
0.129644 0.062533
0.140085 0.078132
0.145001 0.094710
0.151491 0.113000
0.155430 0.132518
0.165417 0.149376
0.179048 0.169251
0.195623 0.201475
0.234193 0.224272
0.221132 0.257152
0.272040 0.326639
0.091501 0.000054
0.120489 0.024802
0.133777 0.033971
0.141795 0.051014
0.152972 0.065817
0.159545 0.083677
0.167128 0.100385
0.171584 0.117047
0.176511 0.135612
0.193817 0.162954
0.190995 0.182075
0.219117 0.191370
0.214936 0.214201
0.249197 0.293868
0.100259 0.000033
0.117682 0.000743
0.143383 0.023642
0.154760 0.039823
0.164940 0.056102
0.173846 0.073048
0.181316 0.089251
0.186837 0.108656
0.190838 0.127254
0.191189 0.147072
0.215642 0.164053
0.210660 0.180565
0.257416 0.205409
0.262855 0.254613
0.277037 0.329958
0.108966 0.000310
0.159668 0.024411
0.172378 0.037999
0.182312 0.052544
0.190479 0.068163
0.198619 0.082010
0.201909 0.101755
0.207232 0.118699
0.210104 0.135293
0.220505 0.148170
0.235945 0.187001
0.234764 0.215340
0.258011 0.248407
0.251309 0.287178
0.126210 0.000362
0.151915 0.000795
0.178320 0.023810
0.192878 0.038128
0.202209 0.055125
0.211880 0.070124
0.217265 0.093839
0.222787 0.110776
0.228686 0.129125
0.234650 0.151133
0.241569 0.167875
0.249421 0.188517
0.268500 0.222332
0.267022 0.282468
0.282092 0.310614
0.134722 0.000238
0.195328 0.023987
0.211330 0.040211
0.222279 0.057638
0.225511 0.079067
0.237307 0.096398
0.241922 0.113091
0.248543 0.130030
0.251251 0.147809
0.259327 0.171138
0.269749 0.185840
0.251879 0.223392
0.277716 0.262556
0.278246 0.288688
0.143385 0.000306
0.185988 0.001000
0.212167 0.025532
0.229897 0.038590
0.239841 0.068407
0.247648 0.084880
0.257290 0.109333
0.264099 0.139814
0.272761 0.156306
0.281720 0.172829
0.284307 0.201281
0.289434 0.213967
0.299617 0.277437
0.303369 0.291760
0.260422 0.314679
0.160472 0.000747
0.227419 0.023586
0.238627 0.051828
0.260880 0.074139
0.263729 0.093972
0.277214 0.109937
0.272147 0.125604
0.289276 0.152149
0.293466 0.186693
0.306305 0.200511
0.308968 0.227914
0.276786 0.230872
0.317897 0.328409
0.305980 0.325200
0.169029 0.000654
0.244191 0.024162
0.250744 0.039329
0.256872 0.058189
0.278108 0.078945
0.283633 0.095305
0.287416 0.135216
0.306018 0.148711
0.302019 0.167894
0.314953 0.184178
0.315399 0.214864
0.290593 0.244157
0.294889 0.256534
0.306043 0.309699
0.327249 0.346911
0.177526 0.000798
0.267919 0.044542
0.276308 0.061989
0.295165 0.077050
0.299800 0.098123
0.293622 0.118081
0.320058 0.160170
0.327397 0.176257
0.330240 0.203268
0.334287 0.225952
0.311471 0.240291
0.320002 0.261685
0.317366 0.280843
0.353249 0.376446
0.194534 0.000523
0.259906 0.025731
0.283560 0.043908
0.293044 0.058846
0.312809 0.087656
0.309633 0.111814
0.308247 0.131944
0.342738 0.168122
0.340186 0.189968
0.360577 0.257941
0.346649 0.244252
0.337040 0.297318
0.332116 0.269966
0.352512 0.329790
0.355447 0.380813
0.202883 0.000207
0.273526 0.026558
0.299137 0.036956
0.310599 0.069713
0.324092 0.106171
0.324340 0.127268
0.328405 0.146526
0.357710 0.185305
0.344758 0.213540
0.344086 0.262817
0.328718 0.245831
0.362086 0.305385
0.325148 0.306578
0.327438 0.354092
0.211259 0.000966
0.261399 0.000263
0.287664 0.025160
0.308536 0.052653
0.330568 0.090036
0.339060 0.116748
0.342485 0.135346
0.346876 0.151793
0.359536 0.203534
0.355403 0.228209
0.383473 0.296265
0.364095 0.287971
0.348883 0.292266
0.380537 0.367753
0.342999 0.326018
0.219663 0.000126
0.305318 0.023379
0.317046 0.037664
0.328049 0.073423
0.344820 0.098399
0.356839 0.129312
0.365859 0.150472
0.362434 0.168092
0.372699 0.228979
0.370640 0.268758
0.392710 0.320733
0.375360 0.320382
0.370838 0.333692
0.346484 0.355256
0.228075 0.000351
0.293939 0.000017
0.323769 0.023863
0.325769 0.055960
0.346313 0.078786
0.357219 0.110527
0.373657 0.136211
0.379653 0.170550
0.372061 0.198004
0.405678 0.239205
0.388224 0.246267
0.373601 0.245130
0.400411 0.343850
0.419342 0.353812
0.365027 0.361042
0.236502 0.000174
0.339244 0.026243
0.334381 0.040685
0.342794 0.060198
0.364041 0.094624
0.375138 0.118435
0.385387 0.151941
0.386815 0.186011
0.381122 0.213219
0.405830 0.286569
0.383202 0.278340
0.409585 0.329869
0.393694 0.372615
0.383147 0.348799
0.244847 0.000263
0.318527 0.000606
0.350473 0.045037
0.358940 0.061338
0.362972 0.079801
0.380225 0.104617
0.389975 0.131503
0.397954 0.172523
0.395475 0.223340
0.422467 0.237928
0.406952 0.257447
0.395169 0.267445
0.434500 0.357045
0.414171 0.411098
0.407152 0.368694
0.253160 0.000150
0.353846 0.024115
0.372064 0.051012
0.377077 0.071506
0.384010 0.088461
0.397855 0.117127
0.402462 0.151789
0.397948 0.202500
0.412430 0.217820
0.425149 0.257677
0.400260 0.301620
0.434140 0.336158
0.417708 0.439849
0.417871 0.380763
0.269559 0.000640
0.342870 0.000339
0.364780 0.036271
0.387752 0.057850
0.395833 0.074535
0.399479 0.101239
0.407629 0.136752
0.410751 0.185346
0.418523 0.199380
0.432479 0.217783
0.434438 0.276281
0.413605 0.313682
0.448207 0.358420
0.427288 0.391578
0.440087 0.384521
0.277690 0.000402
0.373006 0.024633
0.385771 0.039491
0.406572 0.087164
0.415189 0.109614
0.420048 0.126143
0.431443 0.163419
0.415058 0.164510
0.430836 0.180761
0.437185 0.200139
0.418603 0.277599
0.412454 0.409458
0.471105 0.545034
0.437323 0.470791
0.285845 0.000399
0.367022 0.000863
0.404375 0.058334
0.403806 0.042042
0.418794 0.077863
0.438521 0.126699
0.424346 0.144778
0.447649 0.157334
0.452522 0.174360
0.444760 0.227961
0.438692 0.246967
0.443931 0.290312
0.443682 0.325630
0.429547 0.297893
0.444312 0.436766
0.302160 0.000444
0.390195 0.025350
0.420274 0.061901
0.436929 0.068456
0.425797 0.094493
0.434511 0.110171
0.442880 0.141572
0.451864 0.190753
0.455999 0.212190
0.452790 0.266357
0.458827 0.304357
0.467081 0.391080
0.416889 0.438858
0.452768 0.412374
0.310352 0.000788
0.405779 0.025725
0.426194 0.048342
0.439507 0.085500
0.449439 0.099893
0.479724 0.142155
0.471984 0.174256
0.459974 0.136371
0.465818 0.156764
0.463044 0.283135
0.471081 0.299864
0.472127 0.325169
0.459275 0.330898
0.453749 0.386019
0.433356 0.315009
0.326632 0.000864
0.418916 0.032538
0.440951 0.036863
0.445559 0.055268
0.462457 0.089375
0.454916 0.117557
0.483964 0.161131
0.487827 0.199754
0.466560 0.227850
0.454617 0.246582
0.468015 0.260438
0.463146 0.357058
0.443256 0.510249
0.450841 0.422322
0.334814 0.000269
0.407262 0.000487
0.430794 0.024795
0.450463 0.025467
0.455613 0.073254
0.469985 0.105011
0.472886 0.124735
0.491565 0.182814
0.470894 0.191237
0.475895 0.242261
0.481673 0.281655
0.471913 0.410580
0.486254 0.407776
0.450206 0.447311
0.441852 0.515689
0.350925 0.000641
0.466992 0.027457
0.464425 0.058253
0.488797 0.113955
0.493041 0.132299
0.504574 0.200076
0.491714 0.220585
0.473200 0.211685
0.485351 0.367851
0.471083 0.368298
0.480932 0.337975
0.486132 0.441731
0.430307 0.597707
0.437624 0.473438
0.358968 0.000270
0.415185 0.000463
0.478901 0.000122
0.484814 0.025862
0.459168 0.042041
0.507673 0.119052
0.501217 0.167333
0.501228 0.148687
0.494641 0.298927
0.493502 0.235781
0.469117 0.493504
0.495311 0.399795
0.459710 0.472869
0.471666 0.439428
0.493105 0.561052
0.375071 0.000725
0.463022 0.000632
0.478325 0.039771
0.476631 0.071496
0.521185 0.197373
0.522559 0.214971
0.509553 0.221616
0.501714 0.277635
0.490253 0.349142
0.460925 0.535237
0.459047 0.524316
0.419008 0.604687
0.459079 0.491828
0.469302 0.458965
0.383159 0.000848
0.455060 0.000170
0.486831 0.000254
0.502696 0.028263
0.524062 0.089266
0.530509 0.281449
0.511882 0.262610
0.498014 0.252488
0.580746 0.848196
0.432792 0.641583
0.456494 0.659281
0.774263 0.689484
0.563782 0.654852
0.412520 0.628475
0.442894 0.586103
0.423101 0.000335
0.470939 0.000479
0.581037 0.040003
0.496071 0.070784
0.484245 0.055294
0.510413 0.296603
0.515649 0.311986
0.487224 0.264616
0.501885 0.421989
0.489161 0.314866
0.469763 0.582083
0.431889 0.615705
0.453807 0.570214
0.445818 0.572407
0.399279 0.000188
0.439071 0.001010
0.510669 0.000369
0.498912 0.040991
0.601548 0.860240
0.513683 0.135629
0.589279 0.640255
0.501973 0.327637
0.487188 0.496761
0.490415 0.455852
0.757267 0.684191
0.599343 0.627993
0.602213 0.630890
0.460763 0.660765
0.410713 0.619227
0.534483 0.000533
0.502715 0.001160
0.431065 0.000223
0.265007 0.370934
0.503890 0.086486
0.513240 0.179726
0.492154 0.485561
0.597652 0.863624
0.575585 0.657594
0.488897 0.684399
0.781430 0.678093
0.584191 0.652766
0.477185 0.679951
0.476735 0.630450
0.597714 0.000148
0.550232 0.000266
0.391249 0.001000
0.494793 0.000554
0.535360 0.027428
0.491125 0.099357
0.517333 0.159770
0.526257 0.250025
0.506169 0.446160
0.507212 0.603408
0.485170 0.535507
0.473703 0.609501
0.507328 0.614582
0.473748 0.645989
0.540356 0.638463
0.589781 0.000288
0.518620 0.000784
0.447071 0.000368
0.518872 0.041538
0.480672 0.086453
0.757921 0.685608
0.429425 0.641170
0.482361 0.586559
0.491616 0.647476
0.576957 0.847735
0.470053 0.613989
0.493833 0.678813
0.550516 0.638257
0.533569 0.579422
0.613613 0.000208
0.566028 0.000127
0.518862 0.026856
0.526582 0.000087
0.512164 0.102832
0.517915 0.073130
0.528405 0.124107
0.516323 0.238127
0.537342 0.234280
0.498811 0.374407
0.508304 0.391368
0.496711 0.578161
0.533437 0.640492
0.502448 0.642184
0.531301 0.410823
0.629486 0.000968
0.542354 0.000766
0.539661 0.042959
0.523140 0.057840
0.504049 0.057569
0.529367 0.144520
0.541523 0.199847
0.538593 0.216018
0.547041 0.247202
0.509469 0.350662
0.491490 0.550519
0.527941 0.528248
0.511482 0.630570
0.520977 0.593431
0.637386 0.001013
0.558134 0.000946
0.567077 0.026515
0.560082 0.042450
0.542354 0.057974
0.531432 0.167885
0.535104 0.183211
0.554437 0.190248
0.535731 0.267894
0.516592 0.370598
0.514822 0.424579
0.520782 0.451023
0.513239 0.579511
0.529545 0.362040
0.512259 0.519992
0.653258 0.000739
0.584967 0.026802
0.574966 0.055807
0.551560 0.028379
0.536910 0.073900
0.531142 0.107081
0.544596 0.129198
0.544745 0.148400
0.556996 0.219313
0.534696 0.322233
0.524060 0.387104
0.518257 0.337651
0.511749 0.473766
0.500061 0.521590
0.661229 0.000092
0.573950 0.000413
0.599766 0.027485
0.542157 0.091480
0.559076 0.061976
0.555750 0.078456
0.549442 0.111107
0.564925 0.122451
0.549840 0.166100
0.562269 0.237880
0.548717 0.285253
0.535148 0.341920
0.552127 0.395236
0.544558 0.444457
0.564925 0.432662
0.677288 0.000330
0.581854 0.000441
0.605650 0.000790
0.577338 0.071606
0.560195 0.095184
0.581652 0.138289
0.563221 0.139451
0.565223 0.204976
0.576759 0.221046
0.559931 0.257166
0.529695 0.299576
0.546014 0.365061
0.529760 0.527211
0.538050 0.580737
0.685247 0.001076
0.621551 0.000849
0.615972 0.025986
0.591645 0.057087
0.576877 0.087430
0.571297 0.108688
0.566044 0.155268
0.564877 0.175246
0.576893 0.190772
0.589857 0.202826
0.550522 0.301067
0.566031 0.276235
0.560934 0.315099
0.567933 0.331827
0.570280 0.428927
0.701316 0.000466
0.622046 0.040200
0.604409 0.066307
0.603071 0.042023
0.595438 0.080996
0.588405 0.099335
0.585513 0.120809
0.581090 0.167654
0.593472 0.249660
0.581254 0.240134
0.569998 0.298592
0.541160 0.390937
0.504242 0.499887
0.540463 0.447996
0.709362 0.000348
0.645304 0.000272
0.633580 0.026551
0.616869 0.056534
0.607013 0.094208
0.600921 0.112119
0.591724 0.150790
0.600081 0.168304
0.593751 0.183315
0.600123 0.266864
0.577441 0.262590
0.583209 0.312605
0.547069 0.331657
0.557807 0.354207
0.563148 0.375483
0.717453 0.000847
0.641782 0.041992
0.634063 0.056814
0.616700 0.078534
0.618949 0.106843
0.600214 0.132395
0.609795 0.151661
0.611611 0.188633
0.594238 0.221686
0.586253 0.280473
0.592534 0.355129
0.572500 0.347931
0.533656 0.421410
0.524308 0.482190
0.733570 0.000775
0.669230 0.000318
0.648068 0.026589
0.653095 0.055107
0.632599 0.072048
0.628270 0.092945
0.617330 0.123937
0.619353 0.170170
0.607603 0.207426
0.606491 0.234416
0.613773 0.278599
0.628811 0.258515
0.581480 0.370319
0.570160 0.408949
0.607090 0.395586
0.741743 0.000473
0.663121 0.026151
0.663246 0.040651
0.654040 0.068880
0.643708 0.084495
0.635856 0.115117
0.622584 0.138513
0.627455 0.196539
0.620126 0.217128
0.614870 0.254208
0.593807 0.294768
0.527379 0.476072
0.633462 0.324919
0.598079 0.391685
0.749907 0.000970
0.693297 0.000590
0.677625 0.024301
0.672364 0.053356
0.664052 0.081948
0.645754 0.101493
0.640891 0.133702
0.628544 0.152695
0.634591 0.178985
0.637607 0.214168
0.607270 0.295423
0.624524 0.307635
0.584308 0.335305
0.636556 0.379431
0.578988 0.404947
0.758098 0.000481
0.695880 0.025067
0.684853 0.037523
0.675853 0.069844
0.663159 0.099239
0.652884 0.120722
0.644403 0.160468
0.645913 0.194695
0.623986 0.238436
0.646239 0.249324
0.576171 0.386299
0.603066 0.348470
0.657263 0.360295
0.644619 0.352214
0.766221 0.000231
0.725502 0.000837
0.711498 0.025101
0.689882 0.053634
0.680200 0.087854
0.669548 0.113192
0.652720 0.145114
0.653480 0.175094
0.654133 0.219184
0.600620 0.318987
0.662278 0.235898
0.631473 0.286079
0.641011 0.308038
0.618086 0.385819
0.618189 0.353031
0.782601 0.000262
0.725414 0.026360
0.704241 0.040146
0.693263 0.070106
0.688421 0.102317
0.667740 0.133922
0.665470 0.158453
0.666878 0.185409
0.641344 0.232899
0.659460 0.259033
0.652853 0.299820
0.613037 0.326377
0.659768 0.330754
0.633450 0.340626
0.790884 0.000891
0.740734 0.023942
0.722992 0.041787
0.706610 0.056819
0.700131 0.085867
0.683640 0.120771
0.689034 0.137078
0.679712 0.151007
0.665031 0.203341
0.683838 0.192104
0.638327 0.272959
0.655569 0.279950
0.676810 0.306361
0.712669 0.311430
0.676633 0.345876
0.799181 0.000374
0.743571 0.038169
0.723619 0.060053
0.713074 0.073620
0.709409 0.099524
0.701650 0.115911
0.705810 0.135074
0.679943 0.169839
0.689104 0.222631
0.677430 0.276330
0.669589 0.292338
0.669695 0.325894
0.642601 0.374663
0.615018 0.370955
0.815793 0.000396
0.774382 0.000139
0.756891 0.024703
0.739516 0.053071
0.739287 0.068943
0.724665 0.084904
0.719719 0.117801
0.698175 0.157626
0.692754 0.203264
0.672766 0.218021
0.685921 0.241210
0.714241 0.259432
0.721671 0.276075
0.689606 0.361505
0.672951 0.360036
0.824230 0.000192
0.771407 0.026806
0.761897 0.041295
0.757150 0.057262
0.742325 0.084880
0.729035 0.100576
0.716162 0.149299
0.713426 0.169749
0.695683 0.176858
0.706219 0.214028
0.689574 0.265032
0.720653 0.237214
0.690891 0.316757
0.698854 0.308106
0.832579 0.000867
0.807542 0.000879
0.787436 0.023355
0.776325 0.052826
0.759134 0.073054
0.750554 0.099912
0.738521 0.115109
0.725284 0.133053
0.731480 0.159928
0.674926 0.252424
0.700198 0.238856
0.701095 0.273330
0.745425 0.257365
0.701855 0.352825
0.702199 0.364801
0.849410 0.000562
0.803065 0.025812
0.783940 0.038466
0.777587 0.067850
0.764621 0.086878
0.772728 0.100302
0.749269 0.125257
0.740656 0.143102
0.710681 0.188977
0.723042 0.199165
0.719232 0.220580
0.743069 0.233092
0.705706 0.289350
0.739945 0.293774
0.858089 0.000564
0.840958 0.000184
0.819394 0.024312
0.798053 0.044940
0.794889 0.062774
0.784366 0.081781
0.764196 0.115633
0.760138 0.139530
0.749948 0.159108
0.730835 0.177064
0.738197 0.192046
0.736149 0.216203
0.760044 0.230819
0.728191 0.251171
0.724244 0.299249
0.875292 0.000152
0.834476 0.026782
0.813743 0.038852
0.813117 0.057804
0.804783 0.075117
0.795806 0.093039
0.785630 0.109669
0.775497 0.128251
0.769671 0.152485
0.755908 0.173882
0.756988 0.190971
0.751278 0.211475
0.772544 0.251207
0.744570 0.302735
0.883825 0.000583
0.866560 0.000380
0.849871 0.023991
0.828804 0.045139
0.826257 0.067361
0.818317 0.083604
0.811776 0.100437
0.799982 0.115828
0.792382 0.132274
0.787477 0.149439
0.773060 0.168542
0.782925 0.183744
0.788571 0.228238
0.753806 0.274809
0.724464 0.348342
0.892597 0.000666
0.865673 0.025482
0.846337 0.039458
0.842487 0.057563
0.843309 0.073509
0.835080 0.089434
0.831789 0.105745
0.819323 0.117969
0.811312 0.134228
0.805530 0.153022
0.795200 0.167014
0.770112 0.200325
0.770862 0.234018
0.754970 0.265565
0.901324 0.000063
0.910014 0.000857
0.882681 0.024946
0.861080 0.045201
0.861290 0.062942
0.860985 0.080551
0.851262 0.096646
0.849277 0.114389
0.835091 0.128433
0.828366 0.142708
0.816649 0.163515
0.796244 0.189996
0.776135 0.213043
0.790526 0.253394
0.724901 0.350818
0.918875 0.000068
0.899463 0.024498
0.877453 0.038583
0.880497 0.053721
0.878156 0.069827
0.874535 0.090006
0.868020 0.108569
0.861297 0.127274
0.848454 0.142789
0.837125 0.159161
0.820296 0.176768
0.822789 0.196382
0.807622 0.221798
0.780275 0.272470
0.927750 0.000594
0.915847 0.024985
0.898337 0.038535
0.899106 0.052853
0.899011 0.070260
0.892303 0.083588
0.888106 0.102621
0.883483 0.120773
0.873997 0.138128
0.862465 0.151827
0.850584 0.169973
0.839834 0.181852
0.804133 0.199338
0.798683 0.243951
0.740408 0.327726
0.936558 0.000868
0.923498 0.038189
0.919232 0.050765
0.915620 0.067788
0.907772 0.091013
0.903529 0.108813
0.900414 0.128590
0.890818 0.143788
0.877522 0.162796
0.869228 0.176383
0.863983 0.194643
0.844268 0.199008
0.824381 0.212591
0.752450 0.329224
0.945685 0.000564
0.934174 0.024162
0.940817 0.036603
0.930424 0.063993
0.925395 0.082712
0.928073 0.099978
0.920055 0.115304
0.912061 0.139340
0.904639 0.155653
0.889008 0.174184
0.881479 0.195068
0.841659 0.216166
0.857638 0.215587
0.790282 0.279781
0.833864 0.235186
0.954972 0.000283
0.951376 0.022874
0.943400 0.052284
0.950741 0.068793
0.960362 0.114098
0.951993 0.129987
0.939275 0.143369
0.910301 0.169310
0.904601 0.187484
0.899931 0.203520
0.875152 0.213768
0.876735 0.238577
0.816087 0.235991
0.828044 0.306381
0.963960 0.001100
0.982786 0.000711
0.975846 0.024322
0.967898 0.068354
0.940931 0.083434
0.938916 0.107637
0.930275 0.154728
0.943250 0.163935
0.920442 0.184188
0.920410 0.205470
0.925172 0.221855
0.890412 0.247160
0.835390 0.263457
0.833048 0.250802
0.755122 0.323013
0.973011 0.000236
0.963182 0.027097
0.959110 0.051701
0.978759 0.077819
0.953709 0.092679
0.929218 0.129146
0.945490 0.172470
0.940654 0.190389
0.952493 0.194858
0.907863 0.219298
0.939307 0.232309
0.878562 0.229198
0.846466 0.263773
0.775920 0.290946
0.995329 0.000999
0.999405 0.034523
0.977631 0.042761
0.978875 0.055569
0.998928 0.099773
0.985587 0.113646
0.999181 0.134921
0.997049 0.155690
0.953960 0.208044
0.961233 0.231933
0.919905 0.240669
0.911454 0.243065
0.865547 0.268666
0.968634 0.215970
0.793258 0.315158
0.998995 0.000520
0.999188 0.045238
0.999264 0.067478
0.999916 0.088287
0.998913 0.109629
0.973573 0.115609
0.958544 0.139552
0.993541 0.161437
0.980684 0.179901
0.995225 0.207131
0.952895 0.235229
0.885976 0.264065
0.786053 0.301741
0.855249 0.275282
0.999766 0.013093
0.999746 0.024369
0.999079 0.056448
0.999638 0.077981
0.967325 0.093226
0.999298 0.126363
0.986230 0.144974
0.973054 0.142777
0.999200 0.189562
0.996161 0.190801
0.985374 0.206005
0.829327 0.305048
0.885786 0.271355
0.803210 0.321254
0.807933 0.306008
