0.000889 0.020285
0.000500 0.051191
0.000441 0.084116
0.000663 0.116832
0.000830 0.130097
0.005615 0.152508
0.000578 0.179981
0.001439 0.192808
0.018726 0.211419
0.048677 0.235019
0.180279 0.247924
0.075904 0.239679
0.143017 0.246759
0.203203 0.281032
0.000410 0.007434
0.001024 0.030530
0.000606 0.062314
0.033965 0.060918
0.025393 0.097278
0.026274 0.137792
0.003676 0.169226
0.014434 0.182886
0.000683 0.218281
0.008576 0.225396
0.015955 0.229459
0.042047 0.222303
0.127669 0.231958
0.151101 0.246748
0.194778 0.290392
0.001091 0.000406
0.000905 0.040653
0.000099 0.073187
0.000670 0.094325
0.000365 0.105238
0.020414 0.123533
0.000304 0.147072
0.051170 0.160762
0.047717 0.168557
0.048317 0.183479
0.063770 0.209133
0.099208 0.239145
0.084693 0.240212
0.199373 0.293226
0.009487 0.001316
0.030168 0.023175
0.020162 0.031419
0.017685 0.064119
0.029557 0.079697
0.041754 0.101164
0.061433 0.114053
0.044728 0.144036
0.079114 0.168732
0.077766 0.191556
0.052556 0.193893
0.094950 0.222295
0.055171 0.231807
0.121359 0.242380
0.233044 0.325957
0.019938 0.001118
0.052268 0.036414
0.030910 0.045687
0.051531 0.067505
0.045099 0.083671
0.034554 0.126532
0.049753 0.129099
0.065430 0.147472
0.093247 0.186970
0.118838 0.193237
0.076992 0.208478
0.165608 0.218419
0.115865 0.218549
0.201489 0.263948
0.038360 0.000772
0.029369 0.000897
0.073437 0.046690
0.049144 0.048451
0.057648 0.084620
0.067476 0.098775
0.074779 0.117699
0.078942 0.132459
0.084385 0.145649
0.090327 0.161922
0.108653 0.175990
0.107602 0.202131
0.151280 0.226131
0.169536 0.240176
0.242424 0.319491
0.047419 0.000041
0.043940 0.024790
0.067686 0.063073
0.080521 0.073936
0.082457 0.088843
0.092220 0.104607
0.098629 0.120331
0.103877 0.139049
0.112603 0.161176
0.128843 0.166113
0.140242 0.186554
0.130540 0.206526
0.148281 0.201890
0.191991 0.253406
0.056371 0.000830
0.063703 0.024646
0.076391 0.032559
0.089752 0.051581
0.093944 0.067360
0.102415 0.084984
0.110081 0.101671
0.116795 0.119597
0.122344 0.135235
0.127536 0.150178
0.149164 0.173899
0.171000 0.192348
0.174432 0.208446
0.208807 0.224144
0.230680 0.320775
0.065252 0.000202
0.087380 0.025272
0.102137 0.038732
0.109243 0.056518
0.116964 0.072408
0.123862 0.088587
0.130376 0.104496
0.138644 0.121410
0.145568 0.143898
0.155778 0.158222
0.163796 0.177373
0.194002 0.210430
0.198940 0.232037
0.220438 0.250154
0.073934 0.000238
0.082605 0.000693
0.103727 0.024090
0.120447 0.043305
0.128693 0.061720
0.139856 0.076554
0.144840 0.092626
0.151838 0.110283
0.155517 0.129361
0.166645 0.145512
0.179528 0.164989
0.197371 0.197857
0.235921 0.221793
0.224226 0.251430
0.273811 0.322029
0.091316 0.000735
0.119897 0.024608
0.133168 0.033751
0.140919 0.050391
0.152268 0.064402
0.159709 0.081950
0.166989 0.097864
0.171355 0.114076
0.176971 0.132958
0.195094 0.160170
0.191133 0.178925
0.220446 0.188363
0.216410 0.208801
0.251076 0.288582
0.100143 0.000324
0.117512 0.000856
0.142357 0.023227
0.153805 0.038966
0.164228 0.055426
0.173426 0.072042
0.181310 0.087080
0.186750 0.106636
0.191299 0.124210
0.190851 0.143225
0.216594 0.161082
0.211843 0.177086
0.258276 0.200881
0.263262 0.249214
0.279121 0.324589
0.108883 0.000388
0.159105 0.024167
0.171712 0.037958
0.181828 0.051897
0.189981 0.067401
0.198625 0.080766
0.201683 0.099241
0.207375 0.115823
0.210179 0.131979
0.220046 0.144578
0.235846 0.183594
0.236086 0.210863
0.258109 0.242276
0.253204 0.281156
0.126097 0.000495
0.151807 0.000714
0.177752 0.024008
0.192077 0.038102
0.201612 0.054492
0.211497 0.069314
0.216932 0.092238
0.223070 0.108512
0.228610 0.126855
0.234999 0.148423
0.240610 0.164866
0.249454 0.185287
0.268321 0.218448
0.268547 0.277225
0.284219 0.305149
0.134646 0.000776
0.194705 0.023996
0.210648 0.039994
0.221568 0.057237
0.225395 0.077813
0.236927 0.094565
0.241736 0.110840
0.248337 0.127718
0.251505 0.145373
0.259422 0.168660
0.269318 0.183092
0.251041 0.221254
0.278476 0.257709
0.279963 0.283946
0.143211 0.000188
0.185871 0.000908
0.211644 0.025330
0.229370 0.039045
0.239683 0.067802
0.247230 0.083728
0.256670 0.107666
0.264419 0.138033
0.271898 0.153543
0.281648 0.169736
0.283480 0.198300
0.289964 0.211887
0.300483 0.273543
0.304710 0.287775
0.262712 0.308757
0.160368 0.000438
0.226679 0.024015
0.238054 0.051496
0.260658 0.073351
0.262809 0.092783
0.276479 0.107697
0.271431 0.122916
0.288861 0.149630
0.293389 0.183875
0.305793 0.197937
0.308219 0.224971
0.277088 0.228253
0.319128 0.324598
0.308675 0.320492
0.168932 0.000934
0.242762 0.024231
0.250434 0.038994
0.255975 0.057698
0.277431 0.077967
0.282998 0.093251
0.286405 0.133472
0.306010 0.146572
0.301399 0.165511
0.314441 0.181469
0.315188 0.211826
0.290247 0.239760
0.295589 0.253486
0.308290 0.304999
0.328951 0.342540
0.177427 0.000014
0.267000 0.043536
0.275335 0.060837
0.294546 0.076325
0.299076 0.097174
0.292545 0.116456
0.319225 0.158563
0.327305 0.173794
0.329661 0.199988
0.333750 0.223787
0.311874 0.237711
0.320012 0.258013
0.317793 0.277500
0.355060 0.372730
0.194415 0.000580
0.258732 0.025007
0.282933 0.043012
0.291690 0.058274
0.312254 0.086366
0.308974 0.110174
0.307353 0.129224
0.343341 0.165676
0.339761 0.187319
0.360796 0.255462
0.347985 0.241099
0.338099 0.294019
0.333349 0.266298
0.353250 0.325745
0.357322 0.376943
0.202830 0.001121
0.272680 0.026003
0.297830 0.036665
0.309608 0.068850
0.323917 0.104599
0.323748 0.124861
0.327809 0.144337
0.358218 0.182894
0.344591 0.211070
0.345104 0.259768
0.327684 0.242807
0.362090 0.302436
0.326650 0.302468
0.329478 0.349592
0.211158 0.001022
0.261325 0.000988
0.287064 0.024498
0.307004 0.051659
0.330066 0.088461
0.338967 0.114846
0.342132 0.133306
0.346428 0.148970
0.359645 0.201524
0.355082 0.225781
0.383648 0.293503
0.364573 0.284004
0.349736 0.289045
0.382682 0.364820
0.344324 0.321112
0.219621 0.000367
0.304680 0.023042
0.315858 0.037323
0.327283 0.072521
0.344387 0.096786
0.356581 0.127238
0.365859 0.148238
0.362177 0.165452
0.373206 0.226368
0.371481 0.266728
0.393156 0.317341
0.376351 0.316578
0.372244 0.330817
0.347556 0.351400
0.227998 0.000034
0.293882 0.000763
0.322655 0.023699
0.324972 0.055448
0.345303 0.077067
0.357214 0.108783
0.373562 0.134218
0.379460 0.167990
0.372136 0.194634
0.406842 0.236501
0.388708 0.244418
0.373213 0.242750
0.401484 0.340575
0.419263 0.350584
0.366188 0.356716
0.236436 0.000299
0.338434 0.025863
0.332960 0.039270
0.341765 0.058624
0.363550 0.093007
0.375365 0.116507
0.385568 0.149749
0.387554 0.183302
0.381259 0.210513
0.405845 0.283090
0.383301 0.275851
0.410641 0.327323
0.394247 0.369656
0.383860 0.345257
0.244785 0.000305
0.318461 0.000911
0.349231 0.043926
0.358368 0.060683
0.361968 0.078328
0.379979 0.102644
0.389775 0.129697
0.397851 0.170058
0.395313 0.221031
0.423071 0.234788
0.407398 0.254014
0.395041 0.264544
0.435099 0.355034
0.415029 0.408158
0.408249 0.365740
0.253090 0.000546
0.353032 0.023780
0.371051 0.050440
0.376288 0.070606
0.383023 0.086501
0.397627 0.115475
0.402451 0.149993
0.398487 0.199704
0.412974 0.214924
0.425698 0.255604
0.401236 0.299203
0.434171 0.333109
0.418576 0.436784
0.418853 0.377604
0.269475 0.000513
0.342823 0.001005
0.363241 0.035949
0.386833 0.056543
0.395305 0.072746
0.398481 0.099291
0.407496 0.134435
0.410844 0.182719
0.418328 0.196751
0.433032 0.214777
0.434654 0.272594
0.414162 0.309872
0.448404 0.355249
0.428229 0.389185
0.440531 0.381505
0.277611 0.000063
0.371930 0.024600
0.384698 0.038559
0.405724 0.085675
0.414453 0.107845
0.419572 0.124192
0.431916 0.161203
0.415260 0.162264
0.431146 0.178008
0.437304 0.197408
0.418745 0.274686
0.413202 0.405249
0.471105 0.543195
0.437401 0.467658
0.285783 0.000112
0.367048 0.000593
0.403808 0.057710
0.402788 0.040832
0.418527 0.076506
0.438667 0.124789
0.423953 0.143123
0.447568 0.155183
0.453157 0.172349
0.445272 0.224955
0.439786 0.244184
0.444316 0.287364
0.443946 0.322628
0.429713 0.294317
0.444698 0.433432
0.302105 0.000062
0.389421 0.025452
0.419633 0.061102
0.436385 0.067192
0.425131 0.093458
0.433956 0.108309
0.442551 0.139325
0.451826 0.188757
0.455935 0.209846
0.453404 0.262596
0.458595 0.302149
0.467960 0.388533
0.417423 0.434866
0.453001 0.408720
0.310301 0.000606
0.405066 0.025222
0.425356 0.047222
0.439352 0.084648
0.449335 0.098522
0.479941 0.139891
0.471874 0.172473
0.460498 0.134488
0.465755 0.153808
0.462775 0.280359
0.471749 0.296072
0.472110 0.321461
0.459101 0.329538
0.454956 0.383567
0.433473 0.311065
0.326590 0.000711
0.417585 0.032186
0.440593 0.036146
0.445168 0.054111
0.462336 0.088065
0.454833 0.115594
0.483844 0.158897
0.488216 0.197409
0.467771 0.225412
0.455293 0.243489
0.468537 0.257545
0.463598 0.352503
0.442931 0.507402
0.450994 0.420094
0.334760 0.000113
0.407262 0.000136
0.430207 0.024586
0.450128 0.025397
0.455441 0.071798
0.470057 0.103215
0.472596 0.122302
0.491634 0.180300
0.471297 0.189364
0.476444 0.239712
0.481365 0.278201
0.471254 0.408398
0.486310 0.405885
0.450501 0.444723
0.441866 0.513759
0.350896 0.000439
0.466773 0.027355
0.464257 0.057744
0.488754 0.111999
0.493189 0.129967
0.503941 0.198256
0.491644 0.218554
0.473941 0.209520
0.485154 0.365998
0.470685 0.367074
0.480422 0.336219
0.485701 0.439113
0.429240 0.596304
0.437819 0.470862
0.358981 0.000023
0.415198 0.000152
0.478931 0.000076
0.484848 0.025777
0.458968 0.041640
0.507995 0.116806
0.501304 0.165102
0.501221 0.146008
0.493301 0.295956
0.493384 0.232948
0.468822 0.491250
0.495057 0.397379
0.459575 0.470074
0.471261 0.437153
0.492968 0.559213
0.375090 0.000281
0.463055 0.000301
0.478176 0.039221
0.476716 0.070328
0.522036 0.194982
0.522506 0.212577
0.510023 0.218599
0.502496 0.273881
0.490027 0.347474
0.460355 0.533322
0.458731 0.522226
0.418530 0.602821
0.458487 0.489087
0.469984 0.456619
0.383161 0.000341
0.455090 0.000229
0.486862 0.000916
0.503031 0.028051
0.523720 0.087830
0.531017 0.277257
0.512334 0.260010
0.499475 0.249303
0.583428 0.847742
0.432010 0.639953
0.456556 0.657277
0.779256 0.683620
0.564040 0.651108
0.412156 0.626074
0.442500 0.583837
0.423101 0.000750
0.470977 0.000585
0.581739 0.039059
0.496102 0.069757
0.484330 0.054618
0.510956 0.292699
0.515940 0.309965
0.487591 0.262152
0.501839 0.419655
0.489419 0.311919
0.469730 0.580468
0.431611 0.613303
0.453642 0.568068
0.445228 0.570972
0.399253 0.000665
0.439079 0.000216
0.510654 0.000497
0.498571 0.040753
0.602277 0.857582
0.513927 0.133453
0.590205 0.636981
0.501717 0.325142
0.487080 0.494990
0.489942 0.454022
0.759299 0.682255
0.600282 0.624092
0.603476 0.628731
0.460275 0.658682
0.409505 0.616221
0.534460 0.000153
0.502720 0.000814
0.431076 0.000159
0.262277 0.360508
0.503559 0.085347
0.513228 0.177551
0.491894 0.482878
0.598551 0.861720
0.576187 0.654629
0.488794 0.681618
0.786489 0.676380
0.585956 0.650561
0.476848 0.677360
0.476473 0.628996
0.597742 0.000254
0.550223 0.000893
0.391221 0.000949
0.494820 0.000936
0.535945 0.027389
0.491425 0.097830
0.517188 0.157899
0.526301 0.246339
0.506021 0.444103
0.507185 0.602036
0.484883 0.533721
0.473246 0.607794
0.507255 0.612963
0.473453 0.644125
0.540731 0.637069
0.589785 0.000210
0.518596 0.001024
0.447088 0.000536
0.519266 0.040977
0.480720 0.085386
0.763057 0.681178
0.428642 0.638764
0.481972 0.584656
0.491206 0.645288
0.578505 0.846615
0.469930 0.612675
0.493047 0.676307
0.551343 0.635607
0.533086 0.577645
0.613576 0.000195
0.566009 0.000302
0.519606 0.026783
0.526552 0.000013
0.512259 0.101138
0.517486 0.072141
0.528485 0.121953
0.516621 0.235933
0.537215 0.232308
0.499360 0.372873
0.508049 0.389815
0.496203 0.576418
0.533356 0.637945
0.501868 0.640272
0.531434 0.407884
0.629394 0.000384
0.542337 0.000889
0.539792 0.042141
0.523603 0.057610
0.504106 0.056692
0.529175 0.142591
0.541465 0.198062
0.539750 0.213585
0.546331 0.244978
0.510155 0.348996
0.490972 0.548958
0.528030 0.525969
0.511040 0.629146
0.520372 0.591605
0.637344 0.000207
0.558105 0.000895
0.567863 0.026618
0.560156 0.041346
0.543161 0.057498
0.531512 0.165683
0.535718 0.181594
0.554934 0.186701
0.536202 0.264748
0.515114 0.368890
0.515043 0.421893
0.520920 0.448632
0.512834 0.577816
0.529767 0.359636
0.512272 0.517876
0.653237 0.000869
0.585656 0.025946
0.575591 0.054951
0.551987 0.027998
0.537033 0.073049
0.530921 0.105322
0.544584 0.126860
0.544929 0.146621
0.557058 0.216951
0.535181 0.319268
0.526038 0.385309
0.516876 0.334207
0.510956 0.471476
0.498972 0.519674
0.661223 0.000137
0.573937 0.000339
0.600233 0.027461
0.542136 0.089583
0.559341 0.060911
0.556285 0.076868
0.548952 0.109217
0.564928 0.120586
0.549950 0.163295
0.562827 0.234655
0.548464 0.281673
0.534948 0.339874
0.551959 0.393468
0.544236 0.441586
0.563408 0.429380
0.677299 0.000011
0.581853 0.000534
0.605648 0.000929
0.577430 0.070376
0.559880 0.093881
0.581424 0.136326
0.563138 0.137704
0.565720 0.202772
0.576670 0.218301
0.559099 0.255127
0.529660 0.295702
0.545738 0.364223
0.529021 0.524820
0.537884 0.578935
0.685327 0.000461
0.621498 0.000929
0.616868 0.025772
0.592332 0.055868
0.576683 0.085920
0.571529 0.106822
0.566631 0.152957
0.565087 0.173143
0.577434 0.188666
0.590336 0.200628
0.550533 0.298365
0.566696 0.272357
0.560212 0.311720
0.568674 0.329464
0.569280 0.425504
0.701365 0.000895
0.623016 0.039593
0.604844 0.064864
0.603522 0.041056
0.595442 0.079877
0.588759 0.097894
0.585775 0.119261
0.581827 0.165633
0.593807 0.246461
0.580964 0.237034
0.570427 0.294692
0.539411 0.388256
0.503683 0.497668
0.539099 0.444746
0.709399 0.000317
0.645278 0.000674
0.633928 0.025857
0.617657 0.055596
0.607782 0.092079
0.601378 0.110716
0.591715 0.149187
0.601134 0.166212
0.594189 0.181478
0.599705 0.263769
0.577515 0.260056
0.582578 0.310030
0.546609 0.328352
0.557633 0.351697
0.561709 0.372703
0.717475 0.000756
0.642656 0.040689
0.635087 0.055152
0.617453 0.077058
0.619511 0.105028
0.600903 0.131101
0.610096 0.149423
0.612229 0.186533
0.594503 0.219292
0.584743 0.277427
0.593187 0.353632
0.571415 0.345615
0.533485 0.418654
0.523492 0.480003
0.733637 0.001117
0.669229 0.000498
0.649035 0.026015
0.653960 0.054553
0.633275 0.070417
0.629368 0.091685
0.617442 0.122099
0.619759 0.167444
0.607537 0.204445
0.606267 0.231613
0.614247 0.275805
0.628583 0.255710
0.581794 0.368180
0.568753 0.406351
0.606607 0.392374
0.741824 0.000951
0.664022 0.025761
0.664344 0.039767
0.655221 0.067877
0.644531 0.083196
0.636430 0.114013
0.623190 0.136590
0.627748 0.193867
0.620335 0.214959
0.614557 0.252163
0.593366 0.291667
0.526773 0.473720
0.633164 0.321785
0.596395 0.388291
0.749993 0.000797
0.693352 0.000034
0.678666 0.024024
0.673100 0.052241
0.664869 0.080886
0.646527 0.099913
0.640967 0.131465
0.629225 0.151261
0.634764 0.176634
0.637176 0.211529
0.606765 0.292645
0.623721 0.304466
0.584613 0.332370
0.635129 0.376199
0.578060 0.402235
0.758198 0.000304
0.696580 0.024908
0.685704 0.037134
0.676781 0.068442
0.664079 0.097511
0.653782 0.119591
0.644501 0.158250
0.645855 0.191710
0.623956 0.235446
0.646144 0.246845
0.575481 0.383597
0.602283 0.345276
0.656461 0.357035
0.643812 0.348977
0.766300 0.000019
0.725551 0.001228
0.712356 0.025136
0.690507 0.052538
0.681191 0.086537
0.670110 0.111477
0.653283 0.143025
0.653866 0.172665
0.654242 0.216164
0.600714 0.316017
0.662464 0.233129
0.631651 0.284316
0.641046 0.305211
0.617306 0.382915
0.618198 0.350473
0.782707 0.000787
0.726292 0.025903
0.705276 0.039410
0.694208 0.069334
0.689002 0.100464
0.668251 0.131808
0.665365 0.156322
0.666782 0.182590
0.641321 0.229835
0.659228 0.257041
0.652647 0.296561
0.612354 0.324485
0.658790 0.327615
0.631875 0.337133
0.791009 0.000657
0.742092 0.023605
0.723979 0.041216
0.707562 0.055735
0.701220 0.084599
0.684159 0.119125
0.689685 0.135337
0.679998 0.148680
0.665246 0.200036
0.683158 0.189095
0.637843 0.269676
0.655699 0.277149
0.676918 0.303641
0.710884 0.307809
0.675775 0.340204
0.799327 0.000346
0.744383 0.037985
0.724566 0.059285
0.713554 0.072678
0.709684 0.098160
0.701751 0.114061
0.706688 0.132375
0.680435 0.167820
0.689343 0.219491
0.677708 0.273400
0.669913 0.288708
0.669409 0.322638
0.641339 0.371078
0.613313 0.366458
0.815932 0.000396
0.774464 0.000084
0.757502 0.024706
0.740186 0.051957
0.740168 0.068316
0.725207 0.083469
0.720358 0.115672
0.698614 0.154853
0.692708 0.200238
0.672841 0.215117
0.685400 0.238660
0.713655 0.257466
0.722413 0.271602
0.687562 0.357076
0.671626 0.356146
0.824331 0.000968
0.772622 0.025953
0.763138 0.040547
0.758228 0.055978
0.743036 0.084210
0.729952 0.098430
0.716736 0.146793
0.713470 0.167396
0.695775 0.173915
0.706667 0.211108
0.689499 0.261476
0.720770 0.233209
0.690372 0.314311
0.698475 0.304585
0.832770 0.000055
0.807643 0.000735
0.788301 0.022914
0.777419 0.052242
0.759394 0.071680
0.751609 0.098847
0.738748 0.113214
0.725700 0.131238
0.732179 0.157388
0.674165 0.249394
0.700845 0.236361
0.701278 0.270116
0.744475 0.253095
0.700532 0.347182
0.700122 0.359671
0.849579 0.000076
0.804231 0.025454
0.784802 0.037976
0.778301 0.067460
0.765366 0.085725
0.773652 0.098504
0.749730 0.123128
0.741009 0.140879
0.710000 0.185753
0.723801 0.196087
0.719000 0.217313
0.741981 0.230452
0.705032 0.286177
0.738323 0.287305
0.858283 0.000236
0.841088 0.000076
0.820866 0.023781
0.798811 0.043816
0.795570 0.061676
0.785227 0.081036
0.763991 0.113464
0.761090 0.136744
0.749935 0.156429
0.730860 0.174114
0.737577 0.189295
0.736468 0.212308
0.760122 0.226729
0.727402 0.247777
0.723790 0.293845
0.875388 0.000474
0.835538 0.026407
0.814681 0.038687
0.813858 0.057283
0.805741 0.074026
0.796273 0.091682
0.786205 0.108276
0.775969 0.126171
0.770277 0.149562
0.756020 0.170666
0.756860 0.186928
0.751306 0.208742
0.771900 0.248035
0.744533 0.297988
0.883936 0.000751
0.866736 0.000189
0.851340 0.023768
0.829916 0.044328
0.826776 0.066272
0.818972 0.082299
0.812153 0.099006
0.800886 0.113712
0.792756 0.129623
0.787332 0.146421
0.773105 0.166198
0.782390 0.180361
0.789057 0.224479
0.752442 0.272885
0.721621 0.342866
0.892761 0.000415
0.866859 0.025209
0.847349 0.039159
0.843307 0.057054
0.844232 0.072228
0.835901 0.087826
0.832308 0.104185
0.819773 0.115553
0.811573 0.131819
0.805935 0.150027
0.795478 0.163693
0.770770 0.196307
0.770507 0.229252
0.754644 0.261329
0.901493 0.000052
0.910211 0.000784
0.884210 0.024360
0.862049 0.043994
0.861953 0.061758
0.861394 0.079195
0.852240 0.095141
0.849402 0.111940
0.835579 0.125773
0.828470 0.140262
0.816484 0.160909
0.795903 0.186288
0.776206 0.208900
0.790968 0.249230
0.722920 0.345186
0.919025 0.000240
0.900735 0.023595
0.878788 0.038017
0.881689 0.053343
0.879283 0.068524
0.874878 0.088438
0.868417 0.106670
0.861988 0.124847
0.848561 0.140546
0.837638 0.155815
0.820102 0.174237
0.822925 0.191867
0.806822 0.217113
0.778414 0.266598
0.927795 0.000363
0.916107 0.024203
0.899364 0.037527
0.899483 0.051593
0.899239 0.068993
0.892312 0.082387
0.888533 0.100609
0.883558 0.118828
0.874171 0.135033
0.862079 0.148972
0.851519 0.165781
0.838838 0.178390
0.803395 0.195881
0.797599 0.240578
0.738020 0.322363
0.936702 0.000932
0.924264 0.037209
0.919751 0.049870
0.915473 0.066431
0.908602 0.089117
0.904011 0.106451
0.900044 0.125943
0.891143 0.141163
0.877829 0.158542
0.868516 0.172571
0.863597 0.190592
0.843081 0.194458
0.824496 0.208379
0.750353 0.323816
0.945844 0.000139
0.934814 0.022615
0.941877 0.036044
0.931206 0.062918
0.924928 0.080517
0.928251 0.098792
0.919376 0.112719
0.912319 0.136722
0.904704 0.151768
0.888659 0.169953
0.880441 0.190377
0.839775 0.213269
0.856846 0.212183
0.789323 0.274243
0.833868 0.228991
0.955171 0.000180
0.952567 0.021574
0.943199 0.050307
0.951585 0.069226
0.960062 0.111425
0.952066 0.128360
0.941149 0.140400
0.910967 0.164976
0.904651 0.182861
0.899638 0.199527
0.873973 0.207769
0.874485 0.233660
0.813903 0.231476
0.825061 0.300019
0.964446 0.000434
0.983220 0.000348
0.975594 0.023663
0.967350 0.068715
0.942954 0.081557
0.939321 0.104872
0.928952 0.151144
0.946077 0.159062
0.919402 0.179080
0.919393 0.199404
0.924155 0.216124
0.890161 0.241816
0.832742 0.257518
0.831490 0.246639
0.752562 0.317087
0.973347 0.000419
0.962288 0.027268
0.958596 0.050452
0.981290 0.077205
0.952515 0.089908
0.928558 0.125658
0.948134 0.168394
0.940691 0.184625
0.953253 0.187239
0.906817 0.213797
0.938586 0.225447
0.877553 0.224208
0.844106 0.258089
0.773032 0.285537
0.995811 0.000270
0.999614 0.034343
0.977260 0.040377
0.979457 0.054719
0.998611 0.099703
0.983943 0.111835
0.999798 0.135834
0.999172 0.152087
0.954085 0.201608
0.961273 0.225374
0.918750 0.234666
0.911011 0.236662
0.864037 0.263345
0.967503 0.209209
0.790573 0.309549
0.999944 0.000567
0.999397 0.044893
0.999173 0.067436
0.999421 0.088385
0.999973 0.110076
0.973418 0.111896
0.957031 0.143547
0.992903 0.158093
0.977900 0.173188
0.995321 0.202831
0.952554 0.228300
0.883866 0.257721
0.783459 0.295451
0.853086 0.268210
0.999331 0.013226
0.999929 0.024349
0.999789 0.056256
0.999787 0.078136
0.968935 0.091396
0.999289 0.126096
0.984921 0.142287
0.970435 0.139715
0.999702 0.188061
0.995253 0.184666
0.983491 0.200214
0.827475 0.298827
0.884967 0.264858
0.800818 0.314622
0.805574 0.298986
