0.000433 0.020410
0.000835 0.051193
0.000779 0.084480
0.000803 0.117372
0.000612 0.130110
0.006482 0.152020
0.000640 0.179602
0.001837 0.189195
0.020342 0.206234
0.049445 0.228165
0.182613 0.241661
0.077387 0.232019
0.143842 0.240417
0.205611 0.274076
0.000367 0.007527
0.000944 0.030824
0.000142 0.062238
0.033920 0.058972
0.025705 0.093989
0.026435 0.138637
0.004231 0.165438
0.016464 0.179677
0.000988 0.216360
0.009160 0.221632
0.016580 0.224338
0.043462 0.216748
0.129661 0.226037
0.153297 0.240496
0.197163 0.282975
0.000196 0.000402
0.000204 0.040965
0.001022 0.073312
0.000045 0.095015
0.000479 0.105786
0.020399 0.120496
0.001023 0.146664
0.049935 0.155735
0.045969 0.164165
0.047455 0.177981
0.064178 0.203067
0.100799 0.231990
0.086499 0.233480
0.202608 0.286004
0.009051 0.000543
0.029940 0.023908
0.018720 0.031919
0.016058 0.065270
0.026096 0.079077
0.041986 0.099627
0.060842 0.109509
0.042773 0.142371
0.079180 0.164030
0.078025 0.185407
0.053039 0.187973
0.095051 0.216611
0.056447 0.225443
0.122835 0.236363
0.236583 0.319515
0.019769 0.000742
0.052740 0.036370
0.031247 0.045028
0.051278 0.067184
0.045193 0.081603
0.034980 0.124308
0.050235 0.124569
0.066057 0.142959
0.093362 0.181714
0.120634 0.187626
0.078457 0.202829
0.168675 0.213838
0.117895 0.212773
0.204634 0.258151
0.038287 0.001145
0.029195 0.000491
0.072307 0.046246
0.048286 0.047846
0.056973 0.083967
0.066032 0.096095
0.074106 0.114825
0.077753 0.128297
0.083923 0.141993
0.090059 0.157343
0.109995 0.170471
0.108138 0.196545
0.151948 0.220415
0.171347 0.233811
0.245142 0.313517
0.047326 0.000364
0.042825 0.024935
0.066983 0.061652
0.080254 0.072192
0.082320 0.087351
0.092265 0.102203
0.098551 0.117828
0.104454 0.135564
0.113034 0.156015
0.129124 0.161495
0.140873 0.182809
0.132024 0.203271
0.148968 0.195884
0.194210 0.247572
0.056257 0.000493
0.062826 0.024694
0.075790 0.032025
0.088041 0.051097
0.093181 0.066148
0.101381 0.083204
0.109696 0.098992
0.116476 0.116483
0.122086 0.131065
0.128158 0.146728
0.150078 0.169136
0.172414 0.188813
0.175870 0.204010
0.211502 0.219934
0.232338 0.314580
0.065112 0.000570
0.086892 0.025074
0.101241 0.038803
0.108752 0.055811
0.116082 0.071127
0.123647 0.086878
0.130265 0.102185
0.138650 0.118925
0.145278 0.140878
0.155686 0.154584
0.164869 0.173069
0.194810 0.206718
0.199666 0.228002
0.222871 0.243993
0.073789 0.000914
0.082433 0.000771
0.102712 0.024033
0.119142 0.042547
0.127700 0.061020
0.139288 0.075054
0.144500 0.090831
0.151964 0.107613
0.155427 0.126104
0.167987 0.141933
0.180089 0.160738
0.199011 0.193593
0.237041 0.220094
0.227278 0.245632
0.275159 0.317613
0.091114 0.000779
0.119219 0.024617
0.132447 0.033720
0.139945 0.049887
0.151259 0.063165
0.159567 0.080364
0.166577 0.095447
0.170718 0.111346
0.177203 0.130505
0.196493 0.157321
0.191221 0.175680
0.221536 0.185479
0.217840 0.203364
0.252912 0.282972
0.100008 0.000799
0.117357 0.000373
0.141241 0.023075
0.152719 0.038307
0.163437 0.054736
0.172773 0.070953
0.181317 0.085242
0.186424 0.104389
0.191697 0.121526
0.190793 0.140019
0.217155 0.158161
0.212545 0.173346
0.259096 0.196297
0.263118 0.244351
0.281026 0.319404
0.108776 0.000317
0.158669 0.024098
0.170858 0.037899
0.181153 0.051381
0.189310 0.066632
0.198609 0.079912
0.201232 0.096510
0.207510 0.113095
0.209959 0.129323
0.219080 0.141396
0.235340 0.180167
0.237114 0.205794
0.257369 0.236303
0.254698 0.275181
0.125948 0.000434
0.151741 0.001161
0.176976 0.024330
0.191144 0.038166
0.200967 0.053862
0.210951 0.068680
0.216493 0.090524
0.223419 0.106460
0.228633 0.124684
0.235160 0.145854
0.239410 0.161913
0.249604 0.182241
0.267884 0.213917
0.269512 0.271825
0.286010 0.299602
0.134517 0.000001
0.194027 0.024076
0.209954 0.039986
0.220809 0.056777
0.225334 0.076684
0.236347 0.092815
0.241371 0.108944
0.247907 0.125283
0.251390 0.143346
0.259325 0.165959
0.268879 0.180607
0.250083 0.219258
0.278810 0.253101
0.281455 0.279321
0.143090 0.000206
0.185764 0.000468
0.210836 0.025149
0.228661 0.039445
0.239450 0.067313
0.246777 0.082514
0.256122 0.106294
0.264810 0.136124
0.270889 0.151064
0.281463 0.166683
0.282157 0.195114
0.290320 0.209669
0.300639 0.269299
0.305434 0.283999
0.264819 0.302476
0.160311 0.001141
0.225956 0.024552
0.237576 0.051381
0.260363 0.072552
0.261924 0.091544
0.275650 0.105608
0.270467 0.120250
0.288447 0.147279
0.293135 0.180944
0.305154 0.195147
0.306994 0.221510
0.277377 0.225655
0.320230 0.320936
0.310907 0.315946
0.168861 0.000314
0.241264 0.024492
0.249983 0.038815
0.255048 0.057272
0.276696 0.076939
0.282391 0.091174
0.285506 0.131645
0.306067 0.144197
0.300660 0.163193
0.313737 0.178878
0.315137 0.208347
0.289635 0.235233
0.296080 0.250713
0.309978 0.300464
0.330420 0.338173
0.177356 0.000349
0.265941 0.042649
0.274227 0.059817
0.293962 0.075695
0.298355 0.096009
0.291466 0.114979
0.318487 0.156789
0.327453 0.171223
0.328996 0.196548
0.333202 0.221247
0.311935 0.235253
0.319324 0.254351
0.318265 0.274236
0.356671 0.368981
0.194289 0.000590
0.257440 0.024412
0.282135 0.042186
0.290376 0.058059
0.311576 0.085103
0.308369 0.108710
0.306453 0.126709
0.343961 0.163268
0.339529 0.184504
0.360986 0.252647
0.349219 0.237386
0.338831 0.290662
0.334491 0.263241
0.354087 0.321948
0.359104 0.372679
0.202719 0.000221
0.271790 0.025643
0.296488 0.036614
0.308639 0.068033
0.323755 0.103049
0.323081 0.122687
0.327047 0.142076
0.358644 0.180167
0.344472 0.208228
0.346201 0.256875
0.326892 0.239311
0.362095 0.299788
0.327957 0.298569
0.331546 0.344999
0.211089 0.000240
0.261188 0.000157
0.286381 0.023915
0.305576 0.051099
0.329477 0.086981
0.338851 0.112935
0.341581 0.131206
0.346036 0.146424
0.359598 0.199582
0.354951 0.222830
0.383748 0.291085
0.364857 0.280103
0.350339 0.285552
0.384628 0.361965
0.345168 0.316150
0.219551 0.000737
0.304071 0.022870
0.314686 0.037235
0.326475 0.071503
0.343965 0.095199
0.356402 0.125071
0.365654 0.146281
0.361871 0.162917
0.373865 0.223168
0.372155 0.264287
0.393524 0.314026
0.377161 0.312609
0.373423 0.328055
0.348441 0.347436
0.227915 0.000652
0.293820 0.001024
0.321524 0.023608
0.324070 0.055162
0.344243 0.075367
0.357137 0.107200
0.373265 0.132286
0.379054 0.165417
0.372646 0.191034
0.407807 0.233153
0.389344 0.241985
0.372937 0.239804
0.402418 0.337232
0.419026 0.347020
0.367081 0.352250
0.236344 0.000279
0.337830 0.025418
0.331536 0.038287
0.340616 0.057451
0.363012 0.091608
0.375263 0.114654
0.385587 0.147801
0.388148 0.180892
0.381505 0.207579
0.405841 0.279603
0.383709 0.273467
0.411690 0.324799
0.394587 0.366662
0.384486 0.341584
0.244679 0.000567
0.318410 0.000239
0.348072 0.042791
0.357821 0.060196
0.360857 0.076739
0.379669 0.100553
0.389615 0.128072
0.397730 0.167534
0.395171 0.218400
0.423754 0.231061
0.407949 0.250286
0.395076 0.261275
0.435414 0.352813
0.415762 0.405188
0.409008 0.362659
0.252973 0.000724
0.352510 0.023607
0.370138 0.049957
0.375583 0.069534
0.382154 0.084449
0.397501 0.113842
0.402439 0.148358
0.398912 0.196903
0.413466 0.211826
0.426397 0.253171
0.402107 0.296742
0.433843 0.330162
0.419266 0.433295
0.419505 0.374388
0.269385 0.000340
0.342772 0.000384
0.361914 0.035643
0.386043 0.055296
0.394901 0.070915
0.397553 0.097192
0.407367 0.132150
0.410991 0.180067
0.418228 0.194177
0.433317 0.211503
0.435247 0.268597
0.414764 0.306083
0.448511 0.351899
0.428892 0.386962
0.440750 0.378265
0.277520 0.000193
0.371151 0.024481
0.383638 0.037759
0.405052 0.084113
0.413979 0.105931
0.419386 0.122098
0.432439 0.159075
0.415490 0.160134
0.431548 0.175481
0.437412 0.194502
0.418919 0.271579
0.413676 0.400838
0.471014 0.540935
0.437240 0.464024
0.285704 0.000061
0.367072 0.000171
0.403405 0.057055
0.402002 0.039842
0.418588 0.075155
0.438897 0.122653
0.423703 0.141507
0.447713 0.153055
0.453674 0.170326
0.445739 0.221683
0.440639 0.241163
0.444978 0.284310
0.444409 0.319307
0.429732 0.290658
0.444656 0.429894
0.302058 0.000079
0.388657 0.025367
0.419190 0.060226
0.436171 0.066038
0.424591 0.092241
0.433617 0.106340
0.442427 0.137106
0.451760 0.186742
0.455669 0.206992
0.453766 0.258896
0.458191 0.299937
0.468969 0.385876
0.417903 0.430675
0.452951 0.404707
0.310255 0.000505
0.404663 0.024549
0.424869 0.045835
0.439498 0.083441
0.449331 0.097007
0.480068 0.137712
0.471771 0.170446
0.461115 0.132597
0.465787 0.150717
0.462457 0.277279
0.472705 0.292343
0.472243 0.317258
0.458901 0.327972
0.455938 0.380930
0.433574 0.306961
0.326574 0.000486
0.416727 0.031826
0.440237 0.035635
0.444893 0.052998
0.462216 0.086373
0.454919 0.113556
0.483743 0.156424
0.488353 0.194784
0.468693 0.222758
0.456084 0.240076
0.469258 0.254562
0.463978 0.347546
0.442658 0.504657
0.450901 0.417631
0.334722 0.000982
0.407265 0.000685
0.429776 0.024467
0.450046 0.025288
0.455283 0.070425
0.470179 0.101427
0.472418 0.119737
0.491635 0.177486
0.471376 0.187378
0.476948 0.237166
0.481320 0.274750
0.470480 0.406197
0.486153 0.404208
0.450686 0.442086
0.442126 0.511177
0.350897 0.000785
0.466785 0.026983
0.464209 0.057260
0.488638 0.110249
0.493378 0.127489
0.503342 0.195919
0.491265 0.215977
0.474419 0.206951
0.484959 0.363898
0.470089 0.365773
0.480019 0.333985
0.485441 0.436228
0.428319 0.594510
0.437860 0.468240
0.359014 0.000558
0.415221 0.000208
0.478959 0.000039
0.485097 0.025638
0.458933 0.041160
0.508354 0.114560
0.501154 0.162656
0.501134 0.143236
0.492315 0.292749
0.493108 0.230258
0.468634 0.488776
0.494799 0.394761
0.459518 0.466984
0.470821 0.434592
0.492751 0.556984
0.375108 0.000307
0.463078 0.000772
0.478117 0.038555
0.476653 0.069046
0.522596 0.191921
0.522612 0.209930
0.510032 0.215475
0.503499 0.270472
0.490048 0.345374
0.459792 0.530952
0.458285 0.519791
0.418047 0.600546
0.457754 0.486199
0.470689 0.454119
0.383157 0.000215
0.455133 0.000346
0.486893 0.000245
0.503344 0.027386
0.523445 0.086371
0.531058 0.273268
0.513004 0.257841
0.500730 0.246150
0.585753 0.847034
0.431247 0.637889
0.456547 0.654928
0.784711 0.676424
0.564594 0.646758
0.411851 0.623159
0.442214 0.581081
0.423127 0.000711
0.471009 0.000135
0.582142 0.038200
0.496016 0.068805
0.484351 0.053885
0.511558 0.288593
0.516189 0.307625
0.487904 0.259577
0.501789 0.417324
0.489861 0.308767
0.469568 0.578497
0.431254 0.610505
0.453332 0.565826
0.444845 0.569351
0.399230 0.000134
0.439112 0.000276
0.510644 0.000651
0.498186 0.040341
0.601967 0.854966
0.514205 0.131190
0.591172 0.633266
0.501534 0.322219
0.487059 0.492951
0.489520 0.452054
0.762272 0.679748
0.601347 0.620410
0.604362 0.625923
0.459959 0.656497
0.408437 0.613009
0.534436 0.000054
0.502728 0.000525
0.431093 0.000867
0.259931 0.348712
0.503190 0.083987
0.513204 0.175343
0.491658 0.479934
0.599614 0.858518
0.576509 0.651070
0.488525 0.677945
0.789727 0.675428
0.587423 0.647932
0.477283 0.674288
0.476289 0.627126
0.597745 0.000286
0.550206 0.000399
0.391171 0.000662
0.494848 0.000677
0.536413 0.027189
0.491744 0.096110
0.517117 0.155602
0.526531 0.243310
0.505900 0.441821
0.507083 0.600545
0.484584 0.531469
0.472751 0.605787
0.507148 0.611183
0.473275 0.641875
0.541301 0.635299
0.589774 0.000872
0.518559 0.000263
0.447123 0.000583
0.519666 0.040399
0.480694 0.084151
0.768617 0.676472
0.427787 0.636019
0.481323 0.582442
0.490920 0.642745
0.581285 0.845594
0.469883 0.610923
0.491506 0.673725
0.552075 0.633000
0.533063 0.575536
0.613537 0.000326
0.565970 0.000282
0.520276 0.026531
0.526506 0.000524
0.512350 0.099503
0.516928 0.070961
0.528548 0.119736
0.516597 0.233513
0.537433 0.229926
0.499589 0.371062
0.507879 0.388332
0.495547 0.574340
0.533431 0.635003
0.501306 0.637870
0.531586 0.404980
0.629351 0.000273
0.542301 0.001202
0.539835 0.041148
0.524105 0.057050
0.504398 0.055630
0.529016 0.140487
0.541734 0.195830
0.541203 0.211271
0.546072 0.242899
0.510702 0.346814
0.490465 0.546882
0.527996 0.523566
0.510492 0.627387
0.520023 0.589574
0.637323 0.000149
0.558084 0.001214
0.568560 0.026700
0.560228 0.040287
0.543852 0.056875
0.531752 0.163135
0.536337 0.179386
0.555650 0.182812
0.536831 0.261467
0.513773 0.366627
0.515305 0.419185
0.521041 0.446030
0.512592 0.575616
0.530073 0.356679
0.512022 0.515353
0.653218 0.000785
0.586006 0.024964
0.575984 0.053914
0.552283 0.027433
0.537155 0.071977
0.530778 0.103585
0.544704 0.124539
0.545227 0.144580
0.557315 0.214674
0.535313 0.315611
0.527736 0.383397
0.515517 0.330193
0.510088 0.468883
0.497986 0.517343
0.661218 0.000207
0.573894 0.000079
0.600767 0.027181
0.542189 0.087832
0.559590 0.059672
0.556919 0.075239
0.548473 0.107311
0.564703 0.118827
0.550111 0.160359
0.563500 0.231450
0.548368 0.277890
0.534662 0.337589
0.552142 0.391831
0.544334 0.438332
0.562151 0.425796
0.677309 0.000656
0.581835 0.000478
0.605621 0.000262
0.577623 0.069214
0.559583 0.092554
0.581122 0.134325
0.562851 0.135766
0.566402 0.200218
0.576631 0.215431
0.558388 0.253051
0.529485 0.291847
0.545477 0.363017
0.528453 0.521899
0.537273 0.576759
0.685378 0.000356
0.621428 0.000605
0.617476 0.025474
0.592983 0.054699
0.576417 0.084399
0.571829 0.104736
0.567315 0.150659
0.565410 0.170763
0.577833 0.186225
0.590694 0.198276
0.550404 0.295488
0.566951 0.268597
0.559550 0.307996
0.569160 0.326339
0.568080 0.422120
0.701431 0.000854
0.623715 0.038866
0.605095 0.063579
0.603887 0.040314
0.595325 0.078546
0.589048 0.096397
0.585985 0.117603
0.582379 0.163339
0.594033 0.243143
0.580521 0.233847
0.570794 0.290650
0.538091 0.385501
0.503088 0.495205
0.537819 0.441473
0.709461 0.000185
0.645256 0.000420
0.633852 0.025129
0.618133 0.054766
0.608348 0.089849
0.601708 0.109258
0.591488 0.147491
0.602140 0.163943
0.594580 0.179455
0.599241 0.260712
0.577550 0.257047
0.582029 0.307150
0.546257 0.324691
0.557162 0.348962
0.560399 0.369698
0.717513 0.000999
0.643403 0.039291
0.635910 0.053720
0.618050 0.075574
0.620058 0.103189
0.601466 0.129699
0.610175 0.147080
0.612857 0.184112
0.594773 0.216811
0.583251 0.274291
0.593542 0.352372
0.570490 0.343316
0.533556 0.416105
0.522776 0.477555
0.733704 0.000171
0.669235 0.000086
0.649757 0.025433
0.654691 0.053920
0.633829 0.068972
0.630355 0.090352
0.617443 0.120070
0.620131 0.164815
0.607546 0.201305
0.606018 0.228564
0.614752 0.272999
0.628669 0.252934
0.582285 0.365897
0.567211 0.404181
0.606325 0.388995
0.741873 0.000360
0.664660 0.025253
0.665197 0.038973
0.656232 0.067235
0.645387 0.081888
0.636926 0.112759
0.623749 0.134439
0.628115 0.191116
0.620548 0.212672
0.613876 0.249974
0.592739 0.288705
0.526258 0.471117
0.633117 0.318405
0.595136 0.384966
0.750097 0.001118
0.693395 0.000794
0.679811 0.023903
0.673826 0.051497
0.665575 0.080019
0.647349 0.098457
0.641116 0.129181
0.629987 0.149919
0.634913 0.174177
0.636841 0.208454
0.606699 0.289904
0.622797 0.301110
0.585318 0.328721
0.633840 0.373080
0.577795 0.399658
0.758255 0.000216
0.697179 0.024804
0.686495 0.036860
0.677699 0.067180
0.664949 0.095830
0.654842 0.118332
0.644592 0.155985
0.645993 0.188790
0.623955 0.232055
0.646238 0.244297
0.575089 0.380784
0.601827 0.341426
0.655742 0.353826
0.643171 0.345524
0.766363 0.000578
0.725607 0.000081
0.713056 0.025284
0.691176 0.051724
0.682333 0.085357
0.670684 0.109819
0.654036 0.140692
0.654224 0.170222
0.654434 0.212797
0.600760 0.312654
0.662850 0.230213
0.631774 0.282626
0.641235 0.302397
0.616705 0.380241
0.618680 0.347670
0.782793 0.001087
0.727344 0.025660
0.706364 0.038838
0.695117 0.068803
0.689630 0.098727
0.668817 0.129722
0.665276 0.154054
0.666623 0.179667
0.641353 0.226588
0.659090 0.255140
0.652660 0.293295
0.611795 0.322165
0.657613 0.324232
0.630609 0.333383
0.791140 0.001175
0.743305 0.023498
0.724928 0.040917
0.708681 0.054891
0.702208 0.083586
0.684769 0.117519
0.690436 0.133574
0.680417 0.146128
0.665290 0.196633
0.682588 0.185964
0.637659 0.266437
0.655951 0.274169
0.676957 0.300741
0.709588 0.304337
0.675107 0.334169
0.799482 0.000888
0.745269 0.037962
0.725520 0.058746
0.714148 0.071838
0.710123 0.096943
0.701953 0.112240
0.707498 0.129731
0.680893 0.165577
0.689565 0.216381
0.677915 0.270572
0.670405 0.285006
0.669224 0.319012
0.640388 0.367511
0.611781 0.362304
0.816063 0.000497
0.774515 0.000990
0.758358 0.024884
0.740900 0.051214
0.741060 0.067895
0.725714 0.082047
0.720859 0.113439
0.699184 0.151822
0.692850 0.197105
0.673055 0.212187
0.685054 0.235796
0.713083 0.254977
0.723477 0.267114
0.685704 0.352898
0.670266 0.352428
0.824507 0.000791
0.773844 0.025230
0.764498 0.039912
0.759336 0.054994
0.743922 0.083576
0.730742 0.096492
0.717222 0.144382
0.713580 0.164803
0.696109 0.170934
0.706714 0.207816
0.689358 0.257623
0.720796 0.229469
0.689922 0.312106
0.698280 0.301016
0.832899 0.000206
0.807740 0.000618
0.789346 0.022778
0.778515 0.051834
0.759625 0.070362
0.752655 0.097814
0.738869 0.111281
0.726261 0.129430
0.732719 0.154688
0.673431 0.246314
0.701639 0.233859
0.701442 0.266943
0.743353 0.248406
0.699469 0.341142
0.698264 0.354406
0.849730 0.000063
0.805459 0.025306
0.785612 0.037633
0.778963 0.067134
0.766040 0.084581
0.774625 0.096740
0.750166 0.121198
0.741296 0.138462
0.709309 0.182480
0.724383 0.192752
0.718902 0.213992
0.741081 0.227949
0.704318 0.283049
0.736996 0.280766
0.858359 0.000482
0.841249 0.000511
0.822393 0.023532
0.799817 0.042958
0.796318 0.060628
0.786204 0.080378
0.763832 0.111250
0.761949 0.133919
0.749967 0.153616
0.731029 0.171082
0.737516 0.186304
0.736959 0.208242
0.759564 0.222478
0.726847 0.244405
0.723349 0.288803
0.875462 0.000063
0.836677 0.026211
0.815776 0.038731
0.814753 0.056756
0.806659 0.073163
0.797011 0.090351
0.786757 0.106909
0.776544 0.124152
0.771022 0.146652
0.756048 0.167676
0.756781 0.183005
0.751770 0.205470
0.771334 0.244912
0.744885 0.293497
0.884024 0.000614
0.866845 0.000978
0.852944 0.023679
0.831133 0.043752
0.827525 0.065252
0.819876 0.081257
0.812780 0.097392
0.802037 0.111680
0.793287 0.127138
0.787303 0.143459
0.773441 0.163886
0.781942 0.177106
0.789895 0.220079
0.751288 0.271447
0.718847 0.336717
0.892799 0.000516
0.868012 0.025028
0.848332 0.039074
0.844211 0.056510
0.845317 0.071290
0.836808 0.086203
0.833009 0.102597
0.820420 0.113297
0.811994 0.129532
0.806420 0.146766
0.795740 0.160706
0.771632 0.192140
0.770873 0.224491
0.754714 0.256843
0.901574 0.000320
0.910374 0.000678
0.885508 0.023719
0.863130 0.043015
0.862623 0.060652
0.861748 0.077992
0.853439 0.093618
0.849598 0.109640
0.836330 0.122948
0.828438 0.137863
0.816496 0.158105
0.795693 0.182535
0.776865 0.204545
0.791788 0.245712
0.721323 0.339678
0.919167 0.000616
0.901981 0.022764
0.879895 0.037601
0.882674 0.053161
0.880113 0.067487
0.875017 0.087113
0.868824 0.104677
0.862453 0.122146
0.848571 0.137895
0.837950 0.152514
0.819761 0.171756
0.822720 0.187166
0.805837 0.212165
0.777098 0.261047
0.927888 0.000606
0.916404 0.023564
0.900531 0.036662
0.899972 0.050664
0.899454 0.067705
0.892186 0.081505
0.888748 0.098767
0.883535 0.116641
0.874462 0.131909
0.861848 0.146151
0.852466 0.161817
0.838119 0.174685
0.802590 0.192789
0.797320 0.237212
0.735629 0.316804
0.936870 0.000235
0.924804 0.036100
0.919878 0.049082
0.915050 0.065345
0.909477 0.087364
0.904422 0.104227
0.899820 0.122988
0.891278 0.138675
0.878354 0.154122
0.867804 0.169023
0.863111 0.186626
0.842482 0.189904
0.824263 0.204473
0.748341 0.318414
0.946024 0.000303
0.935090 0.021152
0.943413 0.035773
0.932465 0.061951
0.924322 0.078648
0.928151 0.097578
0.918771 0.110522
0.913166 0.134038
0.904863 0.148000
0.888524 0.165889
0.879705 0.185806
0.838596 0.210832
0.856286 0.209086
0.788625 0.268884
0.834146 0.223081
0.955370 0.000187
0.953708 0.020650
0.943415 0.048822
0.952915 0.069064
0.959022 0.108812
0.952147 0.125581
0.942256 0.136906
0.912017 0.160619
0.904467 0.178276
0.898897 0.195663
0.873024 0.201987
0.872136 0.228930
0.812066 0.227173
0.822258 0.293240
0.964856 0.000011
0.983578 0.000147
0.976116 0.023301
0.967012 0.068935
0.944562 0.079697
0.940539 0.103100
0.927072 0.147816
0.948931 0.154381
0.919212 0.173956
0.919002 0.193175
0.923697 0.210367
0.889991 0.236338
0.829677 0.251901
0.829786 0.242024
0.750362 0.310899
0.973776 0.000404
0.962321 0.028715
0.958970 0.049093
0.982958 0.076791
0.952245 0.088013
0.928204 0.122209
0.951478 0.165360
0.940365 0.179159
0.954782 0.179640
0.905361 0.208648
0.938217 0.218693
0.876667 0.219172
0.842325 0.252377
0.770518 0.280234
0.996194 0.000696
0.999409 0.034321
0.976643 0.037878
0.979468 0.054042
0.999573 0.099504
0.982372 0.110248
0.999781 0.136257
0.999401 0.151374
0.954232 0.195381
0.961364 0.218756
0.917809 0.228993
0.910330 0.230479
0.862686 0.257876
0.966682 0.202656
0.788298 0.303707
0.998975 0.000728
0.999575 0.044729
0.999649 0.067097
0.999280 0.088570
0.999685 0.110634
0.972137 0.108440
0.956490 0.147634
0.992012 0.156371
0.975233 0.166653
0.995522 0.198745
0.952410 0.221420
0.881923 0.251403
0.781095 0.289112
0.851340 0.261103
0.999482 0.013360
0.999520 0.024354
0.999107 0.056053
0.999482 0.078092
0.970653 0.089523
0.999369 0.125618
0.983034 0.140141
0.968093 0.136837
0.999114 0.187697
0.993825 0.177462
0.981412 0.194658
0.825157 0.292433
0.883975 0.258027
0.798287 0.307098
0.803284 0.291861
