0.000044 0.020371
0.000151 0.051088
0.000341 0.085364
0.000205 0.118269
0.000264 0.130151
0.008921 0.151345
0.000467 0.179244
0.002609 0.184236
0.022894 0.196780
0.049411 0.216985
0.185817 0.231612
0.079421 0.219262
0.144908 0.230587
0.210165 0.262411
0.000378 0.007677
0.000994 0.030870
0.001092 0.062055
0.032834 0.057193
0.025780 0.091264
0.025358 0.140389
0.004470 0.160328
0.020298 0.174845
0.001489 0.211743
0.008991 0.215103
0.018665 0.215409
0.044902 0.206260
0.132733 0.217103
0.156836 0.230772
0.200702 0.270639
0.000544 0.000609
0.000706 0.041118
0.000296 0.073769
0.000067 0.096407
0.000133 0.106760
0.019998 0.114501
0.001016 0.145348
0.049211 0.147603
0.041772 0.159188
0.045628 0.170274
0.064109 0.192164
0.103680 0.220438
0.089620 0.222951
0.207861 0.273889
0.008606 0.000461
0.028822 0.024994
0.016855 0.033832
0.015923 0.066084
0.021208 0.078973
0.040166 0.098963
0.057917 0.103572
0.039242 0.139333
0.077818 0.157141
0.077671 0.174855
0.053522 0.178283
0.095080 0.206410
0.059070 0.214741
0.124821 0.226695
0.242694 0.309224
0.019517 0.000077
0.054161 0.035739
0.030028 0.043707
0.050536 0.065450
0.042169 0.078803
0.034890 0.119102
0.050898 0.117322
0.066461 0.136330
0.093142 0.173108
0.123001 0.177799
0.080876 0.192853
0.172727 0.206773
0.119915 0.203255
0.210071 0.248378
0.037924 0.000671
0.028884 0.000519
0.070053 0.045813
0.046768 0.048444
0.057195 0.082510
0.064938 0.091733
0.074046 0.110140
0.076078 0.122196
0.083550 0.136418
0.089758 0.150225
0.111153 0.162518
0.107770 0.186964
0.152830 0.210702
0.173946 0.223892
0.249957 0.303817
0.047055 0.000289
0.041446 0.024583
0.065694 0.059766
0.078724 0.069710
0.082244 0.085624
0.091754 0.098578
0.097683 0.114307
0.104350 0.130158
0.111997 0.147184
0.129902 0.155368
0.141404 0.176613
0.134960 0.197259
0.150727 0.186403
0.197449 0.238014
0.055890 0.000189
0.061568 0.023565
0.074869 0.030785
0.085467 0.049792
0.092750 0.064421
0.099610 0.080531
0.108729 0.094804
0.115585 0.111214
0.121569 0.124270
0.129152 0.140277
0.150957 0.161773
0.174608 0.182080
0.178331 0.195835
0.215904 0.213255
0.235783 0.303857
0.064811 0.000312
0.086155 0.024566
0.099257 0.038925
0.107410 0.054877
0.113999 0.069821
0.122862 0.083992
0.129863 0.098950
0.138174 0.115240
0.144693 0.135260
0.155897 0.148248
0.167614 0.166431
0.196029 0.201101
0.200745 0.221244
0.226119 0.233984
0.073487 0.000535
0.082165 0.000213
0.101214 0.024084
0.116655 0.041193
0.126091 0.059864
0.137719 0.072755
0.143499 0.088364
0.151624 0.103598
0.155103 0.120942
0.169799 0.136996
0.180963 0.153998
0.201200 0.185552
0.236662 0.218026
0.233155 0.236958
0.275990 0.311522
0.090920 0.000294
0.117844 0.024448
0.131019 0.033711
0.138157 0.048983
0.149062 0.061374
0.158378 0.077811
0.165522 0.091955
0.169238 0.107785
0.177029 0.126281
0.198590 0.152594
0.190918 0.170092
0.222311 0.181196
0.219671 0.195155
0.255273 0.273377
0.099799 0.000987
0.117196 0.000565
0.139311 0.022881
0.150652 0.037380
0.161878 0.053377
0.171120 0.068634
0.181075 0.083036
0.185324 0.100880
0.192035 0.117532
0.191268 0.136170
0.217234 0.153030
0.212056 0.166767
0.260239 0.189487
0.262004 0.238192
0.283015 0.311388
0.108539 0.000331
0.158003 0.023933
0.168939 0.037477
0.179603 0.050649
0.187871 0.065027
0.198310 0.078659
0.199905 0.092666
0.207536 0.109015
0.208911 0.125906
0.216774 0.136892
0.234348 0.174288
0.238337 0.196718
0.254597 0.227490
0.255722 0.265180
0.125782 0.000818
0.151600 0.000772
0.175522 0.024465
0.189519 0.037845
0.199759 0.052657
0.209668 0.067481
0.215662 0.087868
0.223703 0.103911
0.228733 0.121589
0.235023 0.141396
0.237377 0.156908
0.249893 0.177409
0.267024 0.205164
0.269686 0.262525
0.287983 0.290690
0.134357 0.000184
0.192864 0.023849
0.208704 0.039740
0.219379 0.055620
0.225188 0.074742
0.234980 0.090313
0.240323 0.106712
0.246899 0.121759
0.250457 0.140585
0.258653 0.160762
0.268658 0.176545
0.248756 0.215386
0.278361 0.245946
0.283294 0.272212
0.142953 0.000080
0.185652 0.001232
0.208836 0.024466
0.226970 0.039580
0.238804 0.066366
0.246176 0.080498
0.255482 0.104732
0.265376 0.132562
0.269168 0.147622
0.281125 0.161692
0.279687 0.189777
0.290533 0.205265
0.299753 0.261569
0.305321 0.278094
0.267842 0.291727
0.160173 0.000551
0.224401 0.025069
0.236877 0.051158
0.259911 0.071047
0.260768 0.089477
0.274637 0.102480
0.268583 0.116316
0.288171 0.143709
0.292564 0.176035
0.303893 0.190134
0.304678 0.214853
0.277469 0.220791
0.321628 0.315633
0.312959 0.309158
0.168720 0.000767
0.238859 0.024885
0.248891 0.038344
0.253750 0.056277
0.275484 0.074877
0.281762 0.088238
0.284499 0.128448
0.306431 0.139845
0.299569 0.159263
0.312583 0.174672
0.315821 0.202013
0.288637 0.227755
0.296546 0.246232
0.311208 0.293443
0.332034 0.330868
0.177167 0.000324
0.264179 0.041204
0.272241 0.057985
0.293273 0.074769
0.297400 0.094050
0.289896 0.112759
0.317730 0.153417
0.328241 0.166648
0.328116 0.190760
0.332368 0.216176
0.311727 0.230952
0.317828 0.248361
0.319592 0.268358
0.358714 0.362674
0.194107 0.000936
0.255037 0.023458
0.280282 0.040950
0.288342 0.058111
0.310390 0.083471
0.307608 0.106509
0.305077 0.123267
0.344479 0.159382
0.339781 0.179779
0.361272 0.246962
0.350478 0.230365
0.339410 0.284459
0.335810 0.258519
0.355875 0.316517
0.361883 0.365235
0.202613 0.000937
0.270040 0.025311
0.294397 0.036754
0.307182 0.066625
0.323401 0.100640
0.322040 0.119798
0.325621 0.138395
0.358932 0.175721
0.344174 0.202636
0.347376 0.251829
0.326754 0.232729
0.362405 0.295914
0.329387 0.292625
0.334798 0.337922
0.210973 0.000884
0.261034 0.000804
0.285060 0.023154
0.303526 0.050915
0.328371 0.085101
0.338564 0.109963
0.340232 0.127750
0.345180 0.142660
0.359347 0.196237
0.355024 0.216627
0.383960 0.287522
0.365165 0.273763
0.351051 0.278802
0.386993 0.357421
0.345699 0.308059
0.219349 0.000528
0.303086 0.022960
0.312816 0.037598
0.325006 0.069682
0.343354 0.092717
0.356217 0.121566
0.364864 0.143178
0.361163 0.159034
0.375225 0.216823
0.373269 0.258829
0.394108 0.308706
0.378110 0.305819
0.374859 0.323598
0.349638 0.340770
0.227728 0.000203
0.293745 0.000034
0.319707 0.023416
0.322271 0.054670
0.342512 0.072838
0.356909 0.104948
0.372468 0.129082
0.378085 0.161294
0.373755 0.185020
0.408832 0.226536
0.390540 0.236644
0.373053 0.233651
0.403512 0.331440
0.418718 0.340445
0.367956 0.344560
0.236119 0.000306
0.336927 0.024504
0.329158 0.037687
0.338756 0.055965
0.362077 0.089773
0.374737 0.111838
0.385369 0.144706
0.388676 0.177569
0.381861 0.202179
0.405783 0.273586
0.385451 0.269596
0.413592 0.320235
0.394768 0.362092
0.385257 0.335198
0.244444 0.000568
0.318381 0.000370
0.346126 0.041240
0.356650 0.059262
0.358819 0.074373
0.379169 0.097165
0.389463 0.125620
0.397509 0.163147
0.394871 0.213623
0.424992 0.224154
0.408997 0.243533
0.395631 0.254874
0.435578 0.348696
0.416524 0.399913
0.409719 0.357411
0.252725 0.000435
0.352081 0.023414
0.368829 0.049145
0.374724 0.067422
0.381180 0.081197
0.397470 0.111125
0.402587 0.145517
0.399093 0.192437
0.413836 0.206607
0.427538 0.248071
0.403269 0.292144
0.432958 0.325146
0.419982 0.426437
0.420019 0.369094
0.269224 0.000365
0.342715 0.000391
0.360402 0.035418
0.385280 0.053241
0.394646 0.068071
0.396273 0.093763
0.407310 0.128491
0.411367 0.175447
0.418164 0.189861
0.433194 0.205899
0.436899 0.261565
0.416005 0.299931
0.448723 0.345974
0.429336 0.383718
0.440691 0.372232
0.277315 0.001103
0.370605 0.024012
0.382012 0.036868
0.404559 0.081381
0.413529 0.102568
0.419850 0.118602
0.433404 0.155369
0.416070 0.156609
0.432327 0.171499
0.437394 0.189204
0.419167 0.265906
0.414060 0.393452
0.470663 0.536191
0.436862 0.457544
0.285568 0.001129
0.367090 0.000237
0.403272 0.055659
0.401083 0.038955
0.419359 0.073199
0.439235 0.118902
0.423684 0.138512
0.448427 0.149383
0.454417 0.166534
0.446377 0.216087
0.441212 0.235628
0.446632 0.279067
0.445556 0.313072
0.429616 0.284184
0.443537 0.423783
0.302004 0.001058
0.387630 0.024624
0.418988 0.058486
0.436260 0.064349
0.423909 0.089661
0.433430 0.103125
0.442411 0.133401
0.451879 0.182975
0.455119 0.201412
0.453809 0.253027
0.457518 0.296155
0.471051 0.381122
0.418582 0.423303
0.452080 0.397466
0.310194 0.000053
0.404429 0.023192
0.424738 0.043493
0.439966 0.080732
0.449338 0.094286
0.480280 0.134303
0.471748 0.166284
0.461841 0.129401
0.465962 0.145735
0.461804 0.271779
0.474438 0.286558
0.472754 0.309468
0.458694 0.324536
0.456795 0.375889
0.434111 0.300124
0.326544 0.000454
0.416259 0.031265
0.439838 0.035156
0.444548 0.051260
0.461917 0.082902
0.455049 0.110296
0.483662 0.152031
0.488323 0.189538
0.469330 0.217839
0.457350 0.233721
0.470776 0.249632
0.464776 0.338973
0.442482 0.500023
0.450235 0.412878
0.334650 0.000103
0.407308 0.000128
0.429503 0.024307
0.450462 0.024953
0.454732 0.068361
0.470350 0.098395
0.472286 0.115482
0.491658 0.172049
0.470934 0.183475
0.477753 0.233145
0.481675 0.269193
0.469120 0.402582
0.485668 0.401888
0.450606 0.437719
0.442940 0.505524
0.350897 0.000692
0.467229 0.025811
0.464288 0.056128
0.488288 0.107840
0.493784 0.123349
0.503297 0.190951
0.490653 0.210566
0.474511 0.201765
0.484604 0.359395
0.468817 0.362647
0.479813 0.329197
0.485441 0.430846
0.427259 0.590516
0.437840 0.463041
0.359032 0.000866
0.415266 0.000625
0.478965 0.000419
0.486050 0.025138
0.459205 0.040117
0.508821 0.111221
0.500688 0.158111
0.500972 0.138824
0.491705 0.287154
0.492844 0.226083
0.468269 0.484022
0.494277 0.389989
0.459281 0.461437
0.470060 0.429713
0.492291 0.552533
0.375117 0.000697
0.463117 0.000886
0.478137 0.037240
0.476298 0.066737
0.522991 0.185836
0.523342 0.204810
0.509678 0.209891
0.505052 0.265991
0.490597 0.340902
0.458959 0.525986
0.457356 0.514980
0.416778 0.595673
0.456456 0.480926
0.471805 0.449735
0.383146 0.000204
0.455180 0.000829
0.486905 0.000198
0.503932 0.025756
0.523400 0.083589
0.529931 0.267975
0.514164 0.254748
0.502155 0.240847
0.588922 0.844665
0.429636 0.633250
0.455897 0.650085
0.793630 0.663891
0.566072 0.638376
0.411452 0.617393
0.442039 0.575416
0.423222 0.000289
0.471024 0.000966
0.582355 0.037235
0.495688 0.066955
0.484397 0.052305
0.512396 0.282068
0.516506 0.302950
0.488426 0.254937
0.501563 0.413463
0.490935 0.303229
0.469125 0.574404
0.430670 0.605280
0.452631 0.561751
0.444532 0.565990
0.399220 0.000837
0.439185 0.000546
0.510623 0.000232
0.497786 0.039010
0.602021 0.849570
0.514688 0.127646
0.592922 0.626311
0.501252 0.316625
0.487053 0.488934
0.488972 0.448385
0.770556 0.673516
0.603195 0.615103
0.604901 0.619774
0.459393 0.652577
0.406959 0.607403
0.534393 0.000921
0.502737 0.000130
0.431187 0.000509
0.256766 0.322723
0.502702 0.081169
0.513318 0.171539
0.491170 0.474551
0.601659 0.853145
0.576942 0.643637
0.487840 0.671834
0.792869 0.673097
0.588985 0.642152
0.478053 0.668340
0.475981 0.622769
0.597716 0.000468
0.550175 0.000893
0.391142 0.000014
0.494846 0.000565
0.536753 0.026301
0.492162 0.093067
0.517086 0.151206
0.526977 0.238800
0.505660 0.437518
0.506846 0.597510
0.484063 0.526647
0.471876 0.601658
0.506995 0.607562
0.472844 0.637165
0.542401 0.631450
0.589727 0.000100
0.518518 0.000881
0.447174 0.000913
0.519878 0.039571
0.480337 0.081750
0.776985 0.668825
0.426528 0.630780
0.479906 0.578019
0.490803 0.637765
0.585783 0.843014
0.469867 0.606904
0.489335 0.668314
0.553050 0.628661
0.533570 0.571196
0.613471 0.000241
0.565870 0.000826
0.520746 0.025777
0.526424 0.000967
0.512499 0.096773
0.516031 0.068418
0.528720 0.116374
0.515834 0.228165
0.538210 0.224389
0.499296 0.367164
0.507725 0.385748
0.494329 0.570170
0.534243 0.629247
0.500892 0.632770
0.531573 0.400271
0.629320 0.000133
0.542262 0.000915
0.539660 0.039733
0.525020 0.055369
0.505490 0.053228
0.528849 0.136891
0.542603 0.191161
0.543379 0.207233
0.546711 0.238866
0.511510 0.341968
0.489658 0.542349
0.527693 0.518914
0.509712 0.623544
0.519640 0.585586
0.637315 0.000554
0.557999 0.000616
0.569357 0.026609
0.560350 0.038969
0.544482 0.055485
0.532134 0.158494
0.537180 0.174694
0.556670 0.176298
0.538249 0.255673
0.511961 0.361256
0.515430 0.414760
0.521176 0.441355
0.512328 0.571090
0.530331 0.350104
0.511140 0.510345
0.653235 0.000679
0.586050 0.023505
0.576272 0.051899
0.552596 0.026016
0.537208 0.069727
0.530896 0.100520
0.545248 0.120965
0.545593 0.140516
0.557808 0.210654
0.534895 0.308637
0.528432 0.379176
0.513698 0.322818
0.508566 0.463922
0.496652 0.512544
0.661241 0.000771
0.573790 0.001068
0.601711 0.026304
0.542483 0.085103
0.560076 0.057194
0.558026 0.072710
0.548199 0.104099
0.564300 0.115778
0.550255 0.155479
0.564510 0.226412
0.548647 0.272096
0.534060 0.332975
0.553535 0.389103
0.545125 0.432517
0.560344 0.420061
0.677365 0.000602
0.581741 0.001059
0.605566 0.000068
0.578389 0.067433
0.559292 0.090479
0.580773 0.130529
0.562061 0.131910
0.567375 0.194864
0.576797 0.210211
0.557812 0.248975
0.528790 0.286043
0.545021 0.359418
0.527524 0.516080
0.535730 0.572380
0.685449 0.000167
0.621359 0.000599
0.617659 0.024906
0.593770 0.053012
0.576108 0.082274
0.572697 0.101184
0.568694 0.146859
0.566242 0.166229
0.578093 0.181412
0.590972 0.193939
0.549823 0.290587
0.566576 0.262921
0.558662 0.301739
0.569442 0.320176
0.566688 0.416590
0.701554 0.000158
0.624424 0.037994
0.605245 0.062181
0.604407 0.039790
0.595080 0.076241
0.589675 0.093999
0.586290 0.114488
0.583076 0.159136
0.594485 0.237608
0.579796 0.228687
0.571124 0.284281
0.537621 0.380513
0.502012 0.490627
0.535976 0.436141
0.709580 0.000595
0.645278 0.000045
0.633373 0.024111
0.618574 0.053799
0.608855 0.086363
0.601925 0.106468
0.590859 0.144187
0.603418 0.159786
0.595090 0.175463
0.598825 0.255922
0.578166 0.250599
0.581031 0.301973
0.545879 0.318308
0.556042 0.343239
0.559055 0.363942
0.717643 0.000496
0.644563 0.037398
0.637036 0.052018
0.618831 0.073362
0.620710 0.099903
0.601911 0.126883
0.609887 0.142666
0.613670 0.179415
0.595367 0.212435
0.581748 0.269184
0.593253 0.350052
0.569291 0.338840
0.534115 0.412770
0.521854 0.472804
0.733768 0.000259
0.669278 0.000442
0.650501 0.024628
0.655372 0.052628
0.634541 0.067041
0.631500 0.088034
0.617100 0.116216
0.620382 0.160487
0.607855 0.195933
0.606040 0.223406
0.615524 0.268117
0.629179 0.248009
0.583138 0.361437
0.565125 0.400885
0.606429 0.383122
0.741929 0.000488
0.665345 0.024244
0.665917 0.038128
0.657290 0.066534
0.646424 0.079633
0.637383 0.110003
0.624502 0.130469
0.628757 0.186708
0.620903 0.208769
0.612537 0.246103
0.591751 0.283869
0.525506 0.466307
0.633605 0.312107
0.593954 0.379824
0.750195 0.000418
0.693496 0.000986
0.681599 0.023842
0.674707 0.050967
0.666532 0.078686
0.648449 0.096441
0.641280 0.125436
0.631038 0.147079
0.635069 0.169852
0.636803 0.202951
0.607227 0.284930
0.621086 0.294972
0.586420 0.321716
0.632115 0.368013
0.578693 0.395329
0.758361 0.001076
0.698216 0.024496
0.687626 0.036731
0.679039 0.065420
0.666000 0.093342
0.656446 0.115706
0.644924 0.151732
0.646674 0.184509
0.624270 0.226262
0.646535 0.239491
0.574908 0.375909
0.600970 0.333788
0.654830 0.348743
0.642652 0.339585
0.766530 0.001142
0.725711 0.000688
0.714218 0.025272
0.692545 0.051157
0.684121 0.083324
0.671513 0.107106
0.655357 0.136363
0.654736 0.165842
0.654960 0.207013
0.600455 0.306162
0.663603 0.224881
0.631823 0.279448
0.641843 0.297525
0.616253 0.376195
0.620366 0.342655
0.782980 0.000439
0.729398 0.025352
0.708142 0.038344
0.696344 0.067892
0.690489 0.096338
0.669881 0.126491
0.665459 0.149938
0.666522 0.174644
0.641749 0.221214
0.658862 0.251730
0.653018 0.287699
0.611006 0.317402
0.654929 0.318285
0.629244 0.326737
0.791411 0.000003
0.744758 0.023542
0.726436 0.040669
0.710567 0.053939
0.703552 0.082209
0.685802 0.114945
0.691888 0.130670
0.681134 0.141840
0.665182 0.191543
0.682217 0.180923
0.637617 0.261129
0.656274 0.268893
0.676672 0.295111
0.709098 0.299131
0.674499 0.324411
0.799728 0.000668
0.746956 0.037967
0.727157 0.058264
0.715267 0.070255
0.711420 0.095319
0.702466 0.109473
0.708674 0.125541
0.681584 0.161105
0.689896 0.211438
0.678323 0.265824
0.671459 0.278792
0.668780 0.312001
0.639373 0.361725
0.609758 0.356317
0.816283 0.000893
0.774709 0.000191
0.760143 0.025383
0.742283 0.050899
0.742632 0.067337
0.726680 0.079646
0.721485 0.109729
0.700235 0.146541
0.693459 0.191941
0.673718 0.207495
0.684932 0.230078
0.711608 0.249344
0.725586 0.259526
0.683125 0.346502
0.668085 0.346631
0.824701 0.000862
0.775734 0.024413
0.766987 0.039203
0.761270 0.053939
0.745815 0.082411
0.731767 0.093820
0.717756 0.140740
0.713986 0.160166
0.697044 0.165937
0.705944 0.201659
0.688927 0.250427
0.720435 0.223294
0.689574 0.308951
0.698122 0.294593
0.833092 0.000192
0.808005 0.000491
0.791845 0.023138
0.780395 0.051660
0.760178 0.068273
0.754280 0.095973
0.738827 0.108226
0.727466 0.126252
0.733217 0.150055
0.672254 0.240781
0.702632 0.229321
0.701148 0.261758
0.742194 0.239853
0.698271 0.330766
0.695524 0.345392
0.849962 0.000682
0.807878 0.025285
0.786947 0.037509
0.779964 0.066538
0.767021 0.082310
0.776458 0.094033
0.750704 0.118563
0.741906 0.134077
0.708396 0.177454
0.724582 0.186941
0.719003 0.208031
0.740658 0.223443
0.702844 0.277847
0.735250 0.270149
0.858469 0.000687
0.841459 0.000256
0.824746 0.023555
0.801989 0.042035
0.797646 0.059070
0.787979 0.078984
0.764051 0.107682
0.762990 0.129519
0.750462 0.148577
0.731447 0.166088
0.738521 0.181062
0.738093 0.201389
0.758034 0.215513
0.726273 0.238496
0.722354 0.281659
0.875524 0.000152
0.838778 0.025930
0.817865 0.038874
0.816284 0.055823
0.807909 0.071832
0.798747 0.088140
0.787541 0.104735
0.777599 0.120734
0.772222 0.142166
0.755813 0.162793
0.756414 0.177279
0.753417 0.199310
0.770287 0.238666
0.746319 0.286884
0.884089 0.000537
0.867024 0.000581
0.855437 0.023634
0.833131 0.043029
0.829145 0.063687
0.821838 0.079782
0.814308 0.094174
0.804124 0.108486
0.794470 0.123378
0.787628 0.139025
0.774292 0.159333
0.781473 0.171698
0.791065 0.212112
0.750301 0.268856
0.714733 0.325645
0.892788 0.000679
0.870008 0.024804
0.849799 0.039084
0.845721 0.055359
0.847111 0.070206
0.838199 0.083411
0.834350 0.099662
0.821843 0.110102
0.813088 0.126043
0.807248 0.141127
0.796219 0.156094
0.772709 0.185448
0.772351 0.216741
0.755504 0.248560
0.901603 0.000685
0.910534 0.000550
0.886883 0.022854
0.865265 0.041806
0.863894 0.058710
0.862351 0.075824
0.855407 0.090920
0.849951 0.106421
0.837981 0.118439
0.828167 0.134037
0.816897 0.152913
0.796016 0.175849
0.778595 0.197849
0.793692 0.241387
0.719443 0.330504
0.919364 0.000883
0.903443 0.021834
0.881348 0.037161
0.883680 0.052649
0.880649 0.066285
0.875106 0.085041
0.869602 0.101379
0.862491 0.117588
0.848315 0.132623
0.837851 0.147384
0.818760 0.167257
0.822058 0.179773
0.804116 0.203498
0.775952 0.252063
0.928248 0.000682
0.917718 0.023341
0.902562 0.035814
0.901150 0.049509
0.899969 0.065782
0.892120 0.080435
0.888991 0.096087
0.883569 0.112674
0.875077 0.127043
0.861891 0.141433
0.853624 0.156102
0.837874 0.168050
0.801516 0.188478
0.798179 0.231634
0.731648 0.307633
0.937191 0.000468
0.926038 0.034741
0.920211 0.048097
0.914985 0.063786
0.911210 0.084501
0.904892 0.100603
0.899818 0.117771
0.891008 0.134726
0.879580 0.147028
0.867041 0.163751
0.861683 0.180468
0.842865 0.182843
0.823383 0.198172
0.745145 0.309773
0.946433 0.000593
0.935343 0.019964
0.945662 0.035192
0.934973 0.060578
0.924072 0.076101
0.927968 0.094785
0.918139 0.107473
0.915977 0.129096
0.904943 0.142190
0.888693 0.159939
0.879627 0.178450
0.838644 0.206710
0.855940 0.204492
0.788855 0.260207
0.835378 0.214744
0.955832 0.000735
0.955348 0.019388
0.943673 0.048050
0.955563 0.066499
0.956352 0.105421
0.952505 0.119493
0.941826 0.129565
0.914634 0.153909
0.903372 0.171305
0.896914 0.189431
0.872049 0.193387
0.868056 0.221441
0.809911 0.220550
0.818298 0.281165
0.965263 0.000674
0.984093 0.000267
0.978305 0.022439
0.968069 0.068132
0.944549 0.076276
0.942998 0.101692
0.924431 0.142454
0.949164 0.146204
0.920856 0.166197
0.919731 0.183201
0.924131 0.200885
0.889985 0.226874
0.823794 0.244049
0.826685 0.233663
0.747814 0.300781
0.974333 0.000184
0.963419 0.032904
0.961428 0.047790
0.983943 0.075464
0.953255 0.086928
0.928932 0.117296
0.956609 0.162782
0.937430 0.171751
0.958644 0.170142
0.902476 0.201087
0.938084 0.207797
0.875704 0.210933
0.840642 0.243155
0.766827 0.271848
0.996893 0.000881
0.999130 0.034565
0.976537 0.035658
0.978815 0.053288
0.999548 0.099973
0.981128 0.109383
0.999430 0.136210
0.998887 0.151109
0.953450 0.186580
0.961664 0.208405
0.917015 0.220126
0.908790 0.220871
0.860754 0.248459
0.966798 0.193243
0.785221 0.293928
0.999388 0.000699
0.999639 0.044765
0.999949 0.066516
0.999276 0.089158
0.999996 0.111607
0.969296 0.103735
0.959443 0.151201
0.991125 0.156070
0.973072 0.157182
0.996472 0.191408
0.952188 0.210640
0.879016 0.240799
0.777964 0.279163
0.849494 0.249647
0.999493 0.013591
0.999659 0.024481
0.999412 0.055594
0.999461 0.077903
0.973602 0.086457
0.999581 0.124922
0.979936 0.135864
0.965942 0.130231
0.999994 0.187660
0.992919 0.166296
0.979548 0.185893
0.820585 0.281243
0.882340 0.246566
0.794101 0.293751
0.800221 0.279489
