0.000752 0.020297
0.000335 0.051116
0.000131 0.085633
0.000804 0.118548
0.000825 0.130127
0.010367 0.150911
0.000068 0.178969
0.002855 0.183047
0.023899 0.192917
0.049103 0.212558
0.186665 0.227961
0.079953 0.214262
0.145351 0.226996
0.212210 0.258000
0.001049 0.007725
0.000205 0.030719
0.000425 0.061976
0.032110 0.057077
0.025772 0.091238
0.024580 0.140731
0.003861 0.159214
0.022015 0.173229
0.001712 0.209563
0.008667 0.212508
0.019723 0.211639
0.045114 0.201803
0.133832 0.213942
0.158051 0.227144
0.201922 0.265851
0.000467 0.000979
0.000110 0.041151
0.000186 0.073909
0.000559 0.096750
0.000989 0.107108
0.019868 0.112220
0.000159 0.144493
0.049725 0.144344
0.039730 0.157642
0.044686 0.167854
0.063865 0.187800
0.104935 0.216090
0.090818 0.219085
0.209843 0.269181
0.008496 0.000118
0.028205 0.025119
0.016505 0.034634
0.016712 0.065783
0.019934 0.079184
0.038727 0.099197
0.056256 0.101968
0.037854 0.137574
0.076669 0.154650
0.077257 0.170670
0.053742 0.174781
0.095125 0.202019
0.060161 0.210536
0.125424 0.223089
0.244661 0.305681
0.019455 0.000193
0.054629 0.035241
0.029208 0.043025
0.050013 0.064597
0.040139 0.077727
0.034447 0.117049
0.050867 0.115170
0.066129 0.134084
0.093178 0.169833
0.123573 0.173905
0.081815 0.188806
0.173835 0.204201
0.120155 0.199366
0.212238 0.244569
0.037732 0.001024
0.028746 0.000686
0.069077 0.045504
0.046046 0.048862
0.057245 0.081388
0.065141 0.089993
0.074292 0.108279
0.075424 0.120267
0.083421 0.134328
0.089802 0.147672
0.111295 0.159878
0.107398 0.183058
0.153157 0.206838
0.174586 0.220370
0.252195 0.299721
0.046898 0.000082
0.041083 0.024194
0.065051 0.059346
0.077738 0.068879
0.082124 0.085086
0.091339 0.097427
0.097020 0.113157
0.103914 0.128258
0.111092 0.143786
0.130234 0.153517
0.141384 0.174065
0.136152 0.194587
0.151686 0.182864
0.198447 0.234494
0.055743 0.001104
0.061000 0.022607
0.074503 0.030078
0.084616 0.049049
0.092746 0.063727
0.098881 0.079544
0.108293 0.093307
0.115056 0.109072
0.121370 0.121836
0.129490 0.137669
0.151097 0.159121
0.175238 0.179097
0.179275 0.192299
0.217368 0.210500
0.237070 0.299343
0.064713 0.001028
0.085877 0.024191
0.098307 0.038865
0.106740 0.054450
0.113056 0.069474
0.122492 0.082851
0.129628 0.097849
0.137869 0.113955
0.144534 0.132971
0.156054 0.145673
0.168734 0.163949
0.196592 0.199014
0.201163 0.218342
0.226599 0.230302
0.073371 0.000257
0.082108 0.000141
0.100756 0.024003
0.115631 0.040541
0.125452 0.059297
0.136955 0.071915
0.142991 0.087467
0.151322 0.102156
0.155022 0.119150
0.170157 0.135448
0.181083 0.151474
0.201783 0.182313
0.235633 0.216880
0.235954 0.234547
0.276028 0.309388
0.090885 0.000098
0.117234 0.024149
0.130358 0.033617
0.137364 0.048497
0.148113 0.060723
0.157612 0.076763
0.165084 0.090720
0.168697 0.106758
0.176782 0.124341
0.199158 0.150739
0.190566 0.167906
0.222207 0.179630
0.220057 0.192483
0.255719 0.269638
0.099723 0.000340
0.117128 0.001135
0.138572 0.022667
0.149745 0.036942
0.161157 0.052751
0.170313 0.067574
0.180761 0.082362
0.184692 0.099754
0.191996 0.115956
0.191509 0.134942
0.217162 0.150868
0.211338 0.164264
0.260443 0.187312
0.261453 0.236410
0.283607 0.308242
0.108478 0.001010
0.157641 0.023703
0.168022 0.037143
0.178871 0.050335
0.187207 0.064273
0.198014 0.077977
0.199211 0.091692
0.207433 0.107545
0.208256 0.124553
0.215818 0.135250
0.234115 0.171799
0.238783 0.193145
0.253601 0.224571
0.255366 0.261055
0.125711 0.000052
0.151523 0.000636
0.174929 0.024271
0.188854 0.037507
0.199195 0.052113
0.209045 0.066837
0.215351 0.086990
0.223565 0.103195
0.228687 0.120566
0.234867 0.139441
0.236720 0.154910
0.249854 0.175450
0.266723 0.201634
0.269332 0.258724
0.288466 0.287370
0.134305 0.000677
0.192340 0.023615
0.208160 0.039432
0.218748 0.055014
0.225043 0.073885
0.234369 0.089487
0.239797 0.105997
0.246521 0.120732
0.249997 0.139593
0.258170 0.158451
0.268839 0.174642
0.248596 0.213090
0.277907 0.243114
0.283797 0.269632
0.142916 0.000886
0.185562 0.000865
0.207929 0.024041
0.226146 0.039384
0.238425 0.065900
0.246024 0.079832
0.255302 0.104221
0.265558 0.131040
0.268567 0.146391
0.281036 0.159671
0.278973 0.187797
0.290508 0.203262
0.299268 0.258396
0.304976 0.275817
0.268929 0.287397
0.160097 0.000508
0.223612 0.024968
0.236542 0.050901
0.259735 0.070442
0.260413 0.088712
0.274466 0.101330
0.267853 0.115045
0.288231 0.142378
0.292412 0.174089
0.303388 0.188072
0.303924 0.212066
0.277225 0.218598
0.321938 0.313784
0.313181 0.306743
0.168650 0.000758
0.237934 0.024884
0.248268 0.037965
0.253329 0.055715
0.275018 0.073961
0.281637 0.087392
0.284248 0.127173
0.306620 0.138109
0.299318 0.157625
0.312261 0.172957
0.316380 0.199506
0.288413 0.224872
0.296658 0.244236
0.311183 0.290866
0.332253 0.327882
0.177110 0.000791
0.263540 0.040564
0.271480 0.057106
0.293098 0.074454
0.297120 0.093425
0.289370 0.111899
0.317601 0.152021
0.328617 0.164731
0.327870 0.188475
0.332022 0.213974
0.311666 0.229023
0.317425 0.245956
0.320318 0.265776
0.359232 0.360175
0.194029 0.000262
0.253971 0.023029
0.279444 0.040464
0.287573 0.058092
0.309998 0.083085
0.307402 0.105654
0.304551 0.122146
0.344378 0.157852
0.340081 0.177961
0.361410 0.244330
0.350615 0.227491
0.339455 0.281691
0.336059 0.256493
0.356633 0.314599
0.362945 0.362326
0.202536 0.000212
0.269281 0.025186
0.293653 0.036769
0.306674 0.066076
0.323226 0.099773
0.321737 0.118861
0.325117 0.137037
0.358884 0.174169
0.343926 0.200165
0.347520 0.249562
0.327146 0.229933
0.362616 0.294390
0.329604 0.290465
0.335918 0.335445
0.210922 0.000345
0.260928 0.000053
0.284550 0.022939
0.302746 0.050909
0.327940 0.084608
0.338423 0.108885
0.339639 0.126423
0.344739 0.141227
0.359241 0.194760
0.355098 0.213836
0.384049 0.286027
0.365379 0.271206
0.351346 0.275742
0.387542 0.355669
0.345677 0.304947
0.219295 0.000560
0.302673 0.023118
0.312107 0.037751
0.324431 0.069047
0.343177 0.091772
0.356162 0.120329
0.364460 0.141825
0.360858 0.157571
0.375734 0.214152
0.373835 0.256163
0.394402 0.306633
0.378340 0.303051
0.375235 0.321790
0.350021 0.338147
0.227681 0.000135
0.293731 0.000530
0.319103 0.023295
0.321503 0.054300
0.341904 0.072030
0.356825 0.104148
0.372164 0.127796
0.377733 0.159704
0.374094 0.182687
0.409039 0.223755
0.390960 0.234220
0.373274 0.230940
0.403735 0.329051
0.418742 0.337701
0.368127 0.341458
0.236047 0.000989
0.336519 0.024111
0.328308 0.037604
0.338167 0.055384
0.361778 0.089126
0.374613 0.110807
0.385263 0.143395
0.388780 0.176329
0.381883 0.199818
0.405747 0.271039
0.386426 0.267967
0.414443 0.318152
0.394762 0.360535
0.385521 0.332612
0.244344 0.000828
0.318368 0.000523
0.345308 0.040710
0.356077 0.058741
0.358057 0.073688
0.379055 0.095936
0.389472 0.124658
0.397412 0.161310
0.394725 0.211705
0.425522 0.221386
0.409431 0.240761
0.395947 0.252041
0.435614 0.346929
0.416639 0.397695
0.409875 0.355291
0.252642 0.000172
0.351929 0.023324
0.368361 0.048800
0.374479 0.066554
0.380967 0.080048
0.397486 0.110044
0.402724 0.144204
0.398994 0.190672
0.413784 0.204565
0.427864 0.245695
0.403644 0.290020
0.432655 0.323032
0.420132 0.423440
0.420080 0.366998
0.269152 0.000455
0.342697 0.000819
0.360001 0.035441
0.385216 0.052436
0.394665 0.067112
0.395856 0.092562
0.407346 0.127064
0.411537 0.173443
0.418127 0.188013
0.432997 0.203713
0.437672 0.258744
0.416610 0.297509
0.448843 0.343518
0.429335 0.382521
0.440572 0.369557
0.277254 0.000704
0.370555 0.023793
0.381505 0.036643
0.404564 0.080296
0.413334 0.101258
0.420218 0.117287
0.433772 0.153717
0.416363 0.155124
0.432595 0.169847
0.437255 0.186918
0.419229 0.263456
0.414028 0.390493
0.470493 0.533953
0.436750 0.454892
0.285501 0.000039
0.367082 0.000728
0.403427 0.054969
0.400808 0.038776
0.419774 0.072551
0.439291 0.117422
0.423775 0.137122
0.448801 0.147811
0.454679 0.164768
0.446637 0.213945
0.441170 0.233283
0.447387 0.276933
0.446102 0.310376
0.429539 0.281383
0.442785 0.421331
0.301967 0.000380
0.387445 0.024230
0.419034 0.057681
0.436314 0.063696
0.423667 0.088515
0.433425 0.101928
0.442370 0.131908
0.452067 0.181237
0.454990 0.199065
0.453698 0.250750
0.457309 0.294553
0.472016 0.379111
0.418732 0.420185
0.451504 0.394428
0.310178 0.000967
0.404421 0.022743
0.424825 0.042692
0.440098 0.079569
0.449322 0.093235
0.480411 0.132943
0.471841 0.164345
0.461908 0.128032
0.466011 0.143900
0.461529 0.269489
0.474996 0.284398
0.472997 0.306206
0.458632 0.322792
0.456872 0.373631
0.434507 0.297426
0.326525 0.000750
0.416212 0.031028
0.439853 0.034985
0.444468 0.050544
0.461817 0.081469
0.455028 0.109094
0.483681 0.150259
0.488347 0.187177
0.469331 0.215734
0.457792 0.231014
0.471384 0.247701
0.465203 0.335641
0.442484 0.497958
0.449867 0.410721
0.334637 0.000490
0.407320 0.000176
0.429574 0.024129
0.450749 0.024777
0.454412 0.067559
0.470398 0.097134
0.472253 0.113845
0.491716 0.169703
0.470694 0.181664
0.478081 0.231574
0.481846 0.267028
0.468579 0.401114
0.485427 0.401025
0.450451 0.435970
0.443279 0.502914
0.350877 0.000116
0.467483 0.025255
0.464376 0.055424
0.488140 0.106933
0.493981 0.121729
0.503729 0.188718
0.490589 0.208116
0.474394 0.199486
0.484456 0.357181
0.468273 0.360923
0.479944 0.326974
0.485521 0.428491
0.426989 0.588582
0.437843 0.460567
0.359000 0.000428
0.415300 0.000739
0.478963 0.000145
0.486572 0.024876
0.459417 0.039593
0.508932 0.110011
0.500559 0.156172
0.500953 0.137202
0.491759 0.284859
0.492945 0.224400
0.468062 0.481860
0.494021 0.387916
0.459077 0.459101
0.469725 0.427564
0.492084 0.550516
0.375109 0.000144
0.463121 0.000794
0.478132 0.036723
0.476183 0.065773
0.523052 0.183293
0.523804 0.202562
0.509595 0.207535
0.505417 0.264510
0.490962 0.338840
0.458706 0.523695
0.456998 0.512823
0.416046 0.593325
0.455966 0.478599
0.472177 0.447884
0.383141 0.000656
0.455171 0.000454
0.486899 0.000184
0.504208 0.025119
0.523529 0.082330
0.529221 0.266261
0.514590 0.253344
0.502571 0.238625
0.589850 0.843244
0.428867 0.630953
0.455438 0.647811
0.796677 0.659340
0.566782 0.634731
0.411293 0.614833
0.442023 0.572900
0.423260 0.000684
0.471031 0.000454
0.582441 0.036989
0.495523 0.066032
0.484496 0.051530
0.512579 0.279715
0.516625 0.300879
0.488670 0.252888
0.501378 0.411859
0.491377 0.300979
0.468958 0.572482
0.430467 0.603034
0.452404 0.559884
0.444394 0.564273
0.399230 0.000255
0.439213 0.001061
0.510618 0.000010
0.497740 0.038322
0.603060 0.846684
0.514866 0.126342
0.593577 0.623354
0.501046 0.314281
0.487012 0.487120
0.488780 0.446770
0.775065 0.670230
0.603906 0.613001
0.605010 0.616916
0.458985 0.650797
0.406458 0.605066
0.534367 0.000265
0.502731 0.000213
0.431235 0.000672
0.255698 0.310918
0.502629 0.079914
0.513440 0.169950
0.490910 0.472235
0.602944 0.851951
0.577183 0.640224
0.487602 0.670043
0.793602 0.671305
0.589281 0.639335
0.477797 0.665710
0.475790 0.620563
0.597694 0.000914
0.550151 0.000678
0.391144 0.000821
0.494831 0.000594
0.536761 0.025795
0.492298 0.091871
0.517078 0.149386
0.527043 0.236848
0.505522 0.435628
0.506758 0.595999
0.483853 0.524376
0.471525 0.599679
0.506978 0.605785
0.472490 0.634951
0.542777 0.629560
0.589712 0.000519
0.518503 0.000296
0.447171 0.000447
0.519754 0.039287
0.480146 0.080748
0.780182 0.665861
0.426124 0.628494
0.479335 0.575970
0.490841 0.635526
0.586437 0.841130
0.469831 0.604907
0.489188 0.665439
0.553360 0.626815
0.533747 0.569070
0.613453 0.000977
0.565829 0.000887
0.520693 0.025429
0.526408 0.000793
0.512551 0.095600
0.515738 0.067277
0.528806 0.115156
0.515433 0.225505
0.538401 0.221655
0.499037 0.365306
0.507725 0.384576
0.493858 0.568240
0.534851 0.626685
0.501023 0.630380
0.531398 0.398314
0.629317 0.000664
0.542251 0.000560
0.539562 0.039335
0.525421 0.054548
0.506033 0.052098
0.528819 0.135486
0.542970 0.189045
0.543887 0.205395
0.547129 0.236797
0.511817 0.339693
0.489346 0.540210
0.527449 0.516619
0.509566 0.621636
0.519419 0.583746
0.637317 0.000467
0.557993 0.000261
0.569517 0.026483
0.560327 0.038622
0.544571 0.054863
0.532192 0.156609
0.537422 0.172633
0.556803 0.173910
0.538874 0.253232
0.511411 0.358586
0.515341 0.412961
0.521221 0.439425
0.512164 0.569055
0.530300 0.346962
0.510718 0.508108
0.653250 0.000918
0.586032 0.023154
0.576297 0.051083
0.552677 0.025377
0.537178 0.068765
0.531031 0.099160
0.545532 0.119634
0.545630 0.138695
0.557948 0.208832
0.534621 0.305760
0.527855 0.377046
0.513243 0.319866
0.507969 0.461735
0.496237 0.510327
0.661273 0.000422
0.573722 0.000038
0.602001 0.025938
0.542647 0.083998
0.560277 0.056159
0.558416 0.071808
0.548308 0.102772
0.564263 0.114417
0.550226 0.153603
0.564765 0.224525
0.548905 0.270077
0.533837 0.330836
0.554362 0.387782
0.545548 0.430203
0.559609 0.418181
0.677399 0.000929
0.581702 0.000672
0.605554 0.000641
0.578810 0.066760
0.559244 0.089665
0.580738 0.128785
0.561721 0.130187
0.567565 0.192363
0.576992 0.207896
0.557858 0.247075
0.528506 0.284025
0.544815 0.357394
0.527082 0.513583
0.535205 0.570438
0.685475 0.000793
0.621343 0.000924
0.617418 0.024774
0.593931 0.052398
0.576020 0.081599
0.573165 0.099844
0.569281 0.145282
0.566654 0.164236
0.578091 0.179309
0.591005 0.192087
0.549477 0.288599
0.566295 0.260879
0.558420 0.299405
0.569382 0.317637
0.566782 0.414441
0.701591 0.000587
0.624613 0.037907
0.605253 0.061887
0.604580 0.039765
0.594980 0.075383
0.590020 0.093098
0.586397 0.113143
0.583367 0.157393
0.594794 0.235456
0.579655 0.226712
0.571142 0.281937
0.538025 0.378299
0.501582 0.488648
0.535362 0.434116
0.709635 0.000460
0.645289 0.000842
0.633199 0.023931
0.618744 0.053512
0.608936 0.085178
0.601937 0.105221
0.590637 0.142622
0.603771 0.157988
0.595284 0.173674
0.598854 0.254153
0.578716 0.247611
0.580537 0.299855
0.545829 0.315815
0.555594 0.340466
0.558863 0.361344
0.717685 0.000698
0.644987 0.036953
0.637435 0.051532
0.619138 0.072615
0.620858 0.098522
0.601934 0.125572
0.609731 0.140693
0.613871 0.177363
0.595677 0.210555
0.581642 0.267167
0.592931 0.348749
0.568920 0.336717
0.534393 0.411655
0.521598 0.470651
0.733808 0.000671
0.669318 0.000506
0.650687 0.024448
0.655461 0.052030
0.634782 0.066407
0.631769 0.087109
0.616879 0.114580
0.620344 0.158697
0.608078 0.193793
0.606317 0.221419
0.615798 0.265986
0.629404 0.245841
0.583375 0.359324
0.564678 0.399364
0.606710 0.380772
0.741971 0.000108
0.665661 0.023919
0.666049 0.037972
0.657483 0.066205
0.646625 0.078728
0.637387 0.108672
0.624729 0.128816
0.628967 0.185042
0.621023 0.207196
0.612133 0.244492
0.591452 0.281864
0.525226 0.464251
0.633939 0.309420
0.593725 0.377963
0.750235 0.000410
0.693543 0.000455
0.682197 0.023881
0.674882 0.050842
0.666871 0.078099
0.648716 0.095778
0.641238 0.124018
0.631272 0.145559
0.635115 0.168035
0.636976 0.200775
0.607534 0.282638
0.620393 0.292346
0.586658 0.318857
0.631586 0.365969
0.579432 0.393442
0.758448 0.000257
0.698687 0.024328
0.687980 0.036774
0.679439 0.064831
0.666241 0.092478
0.656849 0.114453
0.645130 0.149806
0.647077 0.182997
0.624554 0.224111
0.646616 0.237315
0.574887 0.373901
0.600489 0.330556
0.654624 0.346825
0.642629 0.337207
0.766615 0.000688
0.725752 0.000248
0.714734 0.025089
0.693161 0.051086
0.684674 0.082418
0.671787 0.106008
0.655740 0.134542
0.654876 0.163940
0.655215 0.204797
0.600186 0.303335
0.663829 0.222607
0.631813 0.277874
0.642173 0.295457
0.616331 0.374628
0.621180 0.340613
0.783049 0.000444
0.730205 0.025231
0.708756 0.038218
0.696698 0.067412
0.690686 0.095567
0.670315 0.125301
0.665658 0.148245
0.666641 0.172598
0.642037 0.219200
0.658727 0.250149
0.653235 0.285351
0.610717 0.315334
0.653652 0.315909
0.628864 0.324063
0.791458 0.000691
0.745195 0.023583
0.727013 0.040493
0.711218 0.053598
0.703978 0.081708
0.686143 0.113916
0.692503 0.129513
0.681332 0.140276
0.665170 0.189782
0.682276 0.179008
0.637581 0.258989
0.656259 0.266675
0.676435 0.292515
0.709606 0.297194
0.674368 0.320973
0.799831 0.000379
0.747713 0.037887
0.727826 0.058103
0.715661 0.069525
0.712107 0.094717
0.702662 0.108463
0.709122 0.123971
0.681823 0.159123
0.690042 0.209551
0.678605 0.263770
0.671931 0.276310
0.668382 0.308877
0.639110 0.359468
0.609170 0.354058
0.816368 0.000233
0.774780 0.000471
0.760925 0.025543
0.742910 0.050938
0.743257 0.067092
0.727145 0.078707
0.721710 0.108344
0.700628 0.144534
0.693747 0.189894
0.674063 0.205680
0.685007 0.227506
0.710744 0.246677
0.726324 0.256386
0.682265 0.344084
0.667342 0.344416
0.824778 0.000705
0.776499 0.024115
0.768028 0.038962
0.762066 0.053552
0.746676 0.081956
0.732126 0.092888
0.717901 0.139441
0.714252 0.158327
0.697429 0.163954
0.705541 0.199082
0.688723 0.247316
0.720125 0.220648
0.689606 0.307785
0.698021 0.291701
0.833168 0.000518
0.808088 0.000544
0.793067 0.023325
0.781192 0.051688
0.760518 0.067500
0.754876 0.095199
0.738833 0.107096
0.727993 0.124909
0.733318 0.148253
0.671767 0.238418
0.702837 0.227319
0.700831 0.259711
0.742209 0.236312
0.697946 0.326803
0.694444 0.341795
0.849998 0.000220
0.808911 0.025203
0.787496 0.037498
0.780362 0.066269
0.767428 0.081313
0.777274 0.093071
0.750884 0.117637
0.742253 0.132290
0.708199 0.175695
0.724383 0.184653
0.719185 0.205419
0.740936 0.221249
0.702211 0.275642
0.734576 0.266065
0.858497 0.001008
0.841519 0.000764
0.825573 0.023578
0.802926 0.041742
0.798209 0.058527
0.788717 0.078288
0.764404 0.106368
0.763291 0.127935
0.750893 0.146488
0.731611 0.164198
0.739154 0.179003
0.738560 0.198736
0.757490 0.212868
0.726041 0.236013
0.721834 0.279166
0.875538 0.000910
0.839726 0.025662
0.818741 0.038835
0.816827 0.055472
0.808296 0.071223
0.799528 0.087314
0.787833 0.103891
0.778020 0.119291
0.772581 0.140553
0.755632 0.160771
0.756161 0.175348
0.754296 0.196776
0.769837 0.235498
0.747095 0.284511
0.884108 0.000511
0.867037 0.000794
0.856241 0.023525
0.833862 0.042716
0.829835 0.063077
0.822675 0.079128
0.814990 0.092781
0.804875 0.107232
0.794983 0.121942
0.787874 0.137481
0.774585 0.157124
0.781364 0.169473
0.791189 0.209118
0.750238 0.267489
0.713468 0.321160
0.892803 0.000707
0.870799 0.024624
0.850334 0.038966
0.846264 0.054796
0.847710 0.069782
0.838631 0.082274
0.834829 0.098347
0.822429 0.109013
0.813613 0.124655
0.807473 0.138960
0.796437 0.154290
0.772790 0.182977
0.772996 0.213819
0.755952 0.244964
0.901622 0.000871
0.910589 0.000918
0.887208 0.022654
0.866174 0.041376
0.864466 0.057831
0.862655 0.074753
0.856026 0.089797
0.850088 0.105341
0.838671 0.116873
0.828097 0.132601
0.817221 0.150750
0.796493 0.172917
0.779233 0.195606
0.794629 0.240080
0.718982 0.326879
0.919478 0.000281
0.903725 0.021660
0.881955 0.037012
0.883983 0.052265
0.880696 0.065932
0.875240 0.084110
0.869964 0.100176
0.862302 0.116007
0.848213 0.130438
0.837714 0.145568
0.818250 0.165309
0.821939 0.177271
0.803671 0.200093
0.775744 0.248390
0.928401 0.000277
0.918547 0.023557
0.903330 0.035686
0.901697 0.049097
0.900193 0.065160
0.892321 0.079945
0.889200 0.095136
0.883723 0.111167
0.875331 0.125361
0.862044 0.139570
0.853863 0.154118
0.838097 0.165370
0.801324 0.186870
0.798749 0.229434
0.730079 0.304155
0.937359 0.000325
0.926871 0.034563
0.920606 0.047801
0.915378 0.063162
0.911970 0.083325
0.905030 0.099101
0.899930 0.115837
0.890837 0.133173
0.880081 0.144495
0.866981 0.161808
0.860822 0.178196
0.843318 0.180327
0.823070 0.195611
0.743960 0.306603
0.946623 0.000756
0.935694 0.020079
0.946210 0.034648
0.935899 0.060172
0.924529 0.075219
0.928059 0.093157
0.917929 0.106323
0.917290 0.126943
0.904669 0.140044
0.888891 0.157910
0.880099 0.175585
0.839291 0.204594
0.855988 0.202753
0.789616 0.256724
0.835992 0.212223
0.956087 0.001088
0.956055 0.019038
0.943488 0.048194
0.956430 0.065016
0.955479 0.104213
0.952816 0.117416
0.941137 0.126865
0.915823 0.151608
0.902660 0.168897
0.896070 0.187007
0.871909 0.190386
0.866370 0.218654
0.809452 0.218082
0.817009 0.276125
0.965435 0.000252
0.984301 0.000855
0.979306 0.021759
0.968998 0.067618
0.943675 0.074864
0.943433 0.101031
0.924246 0.140411
0.947205 0.142075
0.922063 0.163603
0.920345 0.179684
0.924541 0.197262
0.890235 0.223009
0.821361 0.241449
0.825468 0.230360
0.747296 0.297120
0.974448 0.000615
0.963767 0.034408
0.962640 0.047765
0.983999 0.074703
0.953873 0.086564
0.929562 0.115689
0.957463 0.162005
0.935505 0.169348
0.960288 0.168620
0.901401 0.198480
0.938007 0.203691
0.875660 0.207721
0.840212 0.239649
0.765460 0.268575
0.997267 0.000552
0.998954 0.034713
0.977152 0.035414
0.978736 0.053124
0.999139 0.100293
0.981274 0.109721
0.999820 0.135968
0.999707 0.150821
0.952394 0.183964
0.961952 0.204808
0.916916 0.216680
0.908209 0.217262
0.860094 0.244671
0.967490 0.190418
0.784066 0.290277
0.999755 0.000097
0.999850 0.044821
0.999754 0.066381
0.999743 0.089451
0.999457 0.111849
0.968791 0.102087
0.961251 0.150860
0.991388 0.156173
0.973586 0.153679
0.997279 0.188580
0.951990 0.206841
0.877974 0.236572
0.777010 0.275568
0.849083 0.245357
0.999124 0.013635
0.999661 0.024535
0.999708 0.055474
0.999365 0.077919
0.974766 0.085442
0.999919 0.124653
0.979140 0.133411
0.965678 0.127030
0.999425 0.187695
0.993781 0.163377
0.979751 0.182925
0.818987 0.276552
0.881882 0.242191
0.792623 0.288681
0.799454 0.274266
