0.001148 0.019995
0.000151 0.051408
0.000931 0.085865
0.000021 0.119478
0.000793 0.130272
0.014250 0.149997
0.000373 0.178302
0.003062 0.182403
0.026480 0.184131
0.048339 0.201850
0.187312 0.220387
0.080664 0.202415
0.146509 0.218997
0.217759 0.248665
0.000752 0.007877
0.001116 0.030313
0.000331 0.062032
0.030300 0.057457
0.025795 0.092267
0.022494 0.140053
0.000985 0.158438
0.026110 0.170225
0.002156 0.203879
0.007672 0.206482
0.022489 0.202163
0.045015 0.191121
0.135894 0.207085
0.160244 0.218908
0.204323 0.254541
0.000439 0.000947
0.000241 0.041157
0.000262 0.073986
0.000526 0.097262
0.000376 0.108247
0.019182 0.108247
0.000223 0.143506
0.052361 0.136291
0.034448 0.153299
0.042357 0.163220
0.063191 0.178088
0.108018 0.206078
0.093522 0.209902
0.214184 0.258385
0.008212 0.000929
0.026833 0.024304
0.016396 0.036104
0.019495 0.063623
0.017674 0.080033
0.035390 0.099866
0.052033 0.098534
0.035227 0.131891
0.072120 0.148468
0.075510 0.160847
0.055075 0.166935
0.095425 0.191156
0.062754 0.200502
0.126254 0.214725
0.244496 0.299072
0.019243 0.001006
0.054586 0.033828
0.027978 0.040813
0.048226 0.063031
0.035228 0.075324
0.032930 0.114104
0.050730 0.112713
0.063545 0.129677
0.093933 0.162225
0.124091 0.164957
0.083911 0.179338
0.175173 0.198163
0.119675 0.189675
0.217115 0.235734
0.037339 0.000789
0.028475 0.000313
0.066509 0.044001
0.044152 0.048742
0.056033 0.077615
0.066218 0.086207
0.074543 0.103372
0.073120 0.116708
0.082800 0.129440
0.090508 0.142382
0.111237 0.154167
0.106543 0.173745
0.153988 0.197374
0.174714 0.213140
0.258079 0.284861
0.046329 0.000457
0.040565 0.023274
0.063177 0.058867
0.074911 0.066931
0.081094 0.083600
0.089982 0.095541
0.094804 0.110898
0.102401 0.124272
0.108742 0.136326
0.130779 0.149653
0.140694 0.167829
0.138717 0.187559
0.154496 0.174941
0.199682 0.227196
0.055248 0.000508
0.059069 0.019921
0.073272 0.028236
0.082658 0.046815
0.092244 0.061613
0.096825 0.077064
0.107262 0.090130
0.113268 0.103962
0.120784 0.117059
0.129706 0.132039
0.150775 0.153314
0.175422 0.171829
0.181206 0.183753
0.219603 0.202966
0.237638 0.286615
0.064437 0.000340
0.085106 0.022962
0.095550 0.038424
0.105018 0.052901
0.110765 0.068491
0.121676 0.080105
0.128859 0.095477
0.136811 0.111199
0.144151 0.127925
0.156110 0.139495
0.170207 0.158062
0.198008 0.194029
0.201952 0.210529
0.225471 0.222680
0.073260 0.000355
0.081993 0.000169
0.099998 0.023467
0.113210 0.038721
0.123644 0.057363
0.134937 0.069959
0.141719 0.085184
0.150274 0.098690
0.155035 0.115603
0.169976 0.132431
0.180382 0.145418
0.202421 0.175092
0.231970 0.211929
0.243117 0.232142
0.277703 0.304481
0.090785 0.000055
0.115817 0.022811
0.128436 0.033090
0.135164 0.046804
0.145885 0.059111
0.155402 0.074065
0.164155 0.087631
0.167644 0.104751
0.175842 0.118867
0.199595 0.146226
0.189303 0.162892
0.221218 0.175491
0.220060 0.187709
0.254871 0.260811
0.099584 0.000759
0.116984 0.000972
0.136941 0.021697
0.147420 0.035485
0.159124 0.050944
0.168256 0.065035
0.179320 0.080588
0.182679 0.097470
0.191360 0.111911
0.191581 0.131787
0.217544 0.145645
0.209140 0.159097
0.259813 0.183058
0.260205 0.232855
0.285674 0.300661
0.108313 0.000718
0.156339 0.022625
0.165596 0.035902
0.176917 0.049233
0.185416 0.062439
0.196833 0.075545
0.197331 0.090406
0.206979 0.103984
0.206147 0.120359
0.213877 0.131137
0.233907 0.165202
0.239985 0.185193
0.252970 0.218168
0.251886 0.250396
0.125578 0.000831
0.151381 0.000093
0.173505 0.023268
0.186988 0.036311
0.197439 0.050698
0.207358 0.064957
0.214638 0.085047
0.222528 0.101665
0.228112 0.118290
0.234202 0.134149
0.235580 0.150280
0.249263 0.170202
0.266083 0.194398
0.268180 0.249359
0.289652 0.280116
0.134139 0.000825
0.190589 0.022804
0.206568 0.038140
0.217137 0.053434
0.224222 0.071601
0.232931 0.087657
0.238566 0.103892
0.246052 0.118967
0.249286 0.137150
0.256506 0.152718
0.269923 0.168529
0.249287 0.204552
0.277027 0.235548
0.284729 0.263355
0.142778 0.000408
0.185299 0.000335
0.205592 0.022806
0.223971 0.038501
0.237251 0.064662
0.245731 0.078769
0.254787 0.102566
0.266043 0.127271
0.267694 0.143324
0.280948 0.154555
0.278745 0.183366
0.290282 0.197971
0.298492 0.250719
0.304265 0.270056
0.272235 0.275781
0.159951 0.001009
0.221214 0.023953
0.235381 0.049723
0.259055 0.069137
0.259611 0.087029
0.274432 0.098640
0.266367 0.112550
0.288636 0.139195
0.292405 0.169307
0.302387 0.183055
0.303043 0.205418
0.275838 0.212615
0.321976 0.309493
0.312628 0.301351
0.168429 0.000182
0.235704 0.024531
0.246164 0.036623
0.252282 0.054068
0.273934 0.071719
0.281325 0.085926
0.283787 0.124247
0.306925 0.134246
0.299362 0.153456
0.311992 0.168545
0.318042 0.193886
0.288602 0.218062
0.296978 0.238075
0.310451 0.285069
0.331653 0.320276
0.176902 0.000613
0.262010 0.038670
0.269811 0.054619
0.292765 0.073751
0.296543 0.092389
0.288252 0.109664
0.317553 0.148833
0.329235 0.159937
0.327290 0.182783
0.330948 0.208496
0.311746 0.223494
0.317302 0.239787
0.322296 0.258915
0.359851 0.354106
0.193850 0.000220
0.251347 0.021824
0.277553 0.039059
0.285735 0.057666
0.309481 0.082598
0.307175 0.103546
0.303199 0.119722
0.343532 0.153925
0.341121 0.173678
0.361901 0.237169
0.350142 0.220818
0.339229 0.274255
0.336028 0.250791
0.358028 0.309826
0.365393 0.355475
0.202353 0.000922
0.267531 0.024379
0.292022 0.036381
0.305688 0.064943
0.322850 0.097951
0.321415 0.116709
0.324400 0.134075
0.358537 0.170853
0.342796 0.193814
0.347410 0.243057
0.328842 0.222954
0.362896 0.290039
0.329399 0.285562
0.337959 0.329882
0.210813 0.000163
0.260780 0.000205
0.283488 0.022372
0.300616 0.050613
0.327126 0.083721
0.338196 0.106413
0.338511 0.123204
0.343712 0.137634
0.359165 0.190592
0.355344 0.206889
0.384126 0.281388
0.366442 0.264549
0.352339 0.267464
0.388019 0.351381
0.345176 0.297418
0.219187 0.000933
0.301406 0.023507
0.310376 0.037637
0.323278 0.067936
0.343079 0.089429
0.356038 0.117869
0.363507 0.137992
0.360365 0.153893
0.376410 0.207884
0.375544 0.248735
0.395489 0.301449
0.378528 0.295922
0.375742 0.316855
0.350477 0.331876
0.227564 0.001062
0.293666 0.001156
0.317940 0.022941
0.319751 0.052915
0.340731 0.070569
0.356787 0.102237
0.371792 0.124665
0.377278 0.155665
0.374388 0.176890
0.409211 0.217057
0.391518 0.228090
0.373851 0.224302
0.403735 0.322984
0.419215 0.330968
0.368218 0.334014
0.235770 0.000174
0.335436 0.023352
0.326738 0.037202
0.337278 0.053884
0.361559 0.087383
0.374967 0.108367
0.385040 0.139824
0.389153 0.172708
0.381497 0.193431
0.405654 0.264289
0.388815 0.263336
0.416677 0.312063
0.394624 0.357248
0.386464 0.326378
0.244091 0.000418
0.318288 0.000337
0.343360 0.039314
0.354591 0.057152
0.356757 0.072685
0.379046 0.093259
0.389702 0.122160
0.397090 0.156484
0.394347 0.207151
0.426966 0.214944
0.410531 0.234098
0.396561 0.244751
0.435792 0.342242
0.416292 0.392028
0.409959 0.349797
0.252494 0.000203
0.351559 0.023116
0.367362 0.048060
0.373941 0.064603
0.380724 0.077559
0.397511 0.107391
0.403157 0.140347
0.398707 0.186027
0.413267 0.199463
0.428160 0.239273
0.404459 0.283945
0.432392 0.317458
0.420249 0.416081
0.419934 0.361586
0.269040 0.000232
0.342672 0.000554
0.359287 0.035542
0.385506 0.050708
0.394733 0.065349
0.395044 0.090148
0.407481 0.123492
0.411869 0.167922
0.417937 0.182836
0.432486 0.198342
0.439475 0.251993
0.418275 0.291380
0.449227 0.337272
0.429275 0.379393
0.440285 0.362173
0.277197 0.001036
0.370409 0.023348
0.380631 0.036164
0.404803 0.077765
0.412527 0.098332
0.421109 0.114228
0.434450 0.149067
0.417067 0.151103
0.432953 0.165306
0.436558 0.180942
0.419324 0.256963
0.413130 0.382788
0.470149 0.527568
0.436550 0.448036
0.285464 0.000412
0.367010 0.000700
0.404179 0.053132
0.400242 0.038283
0.420571 0.071150
0.439185 0.113839
0.423991 0.133171
0.449687 0.143553
0.455148 0.159769
0.447510 0.208920
0.440767 0.227296
0.449042 0.271503
0.447453 0.303423
0.429199 0.273749
0.440598 0.415243
0.301885 0.000362
0.387619 0.023502
0.419188 0.055547
0.436222 0.061902
0.423033 0.085873
0.433361 0.099091
0.442045 0.128200
0.452802 0.176351
0.455062 0.193362
0.453476 0.244941
0.456967 0.290104
0.474552 0.373828
0.418347 0.411788
0.449953 0.386560
0.310088 0.000660
0.404494 0.022316
0.425147 0.041127
0.440164 0.077115
0.449337 0.090884
0.480834 0.129147
0.472412 0.159115
0.461541 0.124125
0.466008 0.139680
0.460986 0.263443
0.475623 0.279134
0.473512 0.298142
0.458321 0.317572
0.456753 0.367537
0.435705 0.290622
0.326446 0.000665
0.415968 0.030290
0.440447 0.034250
0.444558 0.048597
0.461858 0.078288
0.454869 0.106294
0.483837 0.145872
0.488730 0.181071
0.469272 0.210262
0.458842 0.224144
0.472559 0.242858
0.466593 0.328041
0.442339 0.491522
0.449082 0.404619
0.334581 0.000317
0.407352 0.000597
0.430141 0.023244
0.451542 0.024213
0.453664 0.065428
0.470519 0.093788
0.472174 0.110000
0.491971 0.164023
0.470433 0.176695
0.478917 0.227352
0.482018 0.261515
0.467232 0.397053
0.484585 0.398489
0.449896 0.431401
0.443786 0.496036
0.350842 0.000614
0.468226 0.023824
0.464753 0.053045
0.487907 0.104306
0.494547 0.117703
0.505499 0.183052
0.490924 0.201648
0.474263 0.193775
0.484046 0.350786
0.466969 0.355514
0.480771 0.320927
0.485578 0.422067
0.426454 0.583147
0.437826 0.453454
0.358926 0.001084
0.415412 0.000539
0.478929 0.000831
0.487844 0.024075
0.460127 0.038026
0.509130 0.106901
0.500669 0.151216
0.501051 0.133382
0.492290 0.278887
0.493684 0.219651
0.467413 0.475744
0.493310 0.382187
0.458281 0.452928
0.468671 0.421676
0.491521 0.544824
0.375061 0.000075
0.463090 0.000648
0.477953 0.035559
0.476242 0.063438
0.523235 0.177268
0.525114 0.196748
0.509580 0.201501
0.505352 0.260644
0.492052 0.333325
0.458398 0.517491
0.456420 0.507011
0.413828 0.586524
0.454942 0.472112
0.472785 0.442841
0.383095 0.000895
0.455117 0.000287
0.486845 0.000452
0.504971 0.023802
0.523950 0.079102
0.527814 0.261862
0.515726 0.248379
0.503695 0.232745
0.591670 0.839067
0.426963 0.624390
0.454410 0.641527
0.802495 0.649591
0.568586 0.625084
0.410703 0.607868
0.441759 0.566540
0.423348 0.000037
0.471011 0.000435
0.582967 0.036382
0.495083 0.063392
0.485067 0.049443
0.512489 0.274513
0.516901 0.295468
0.489502 0.247053
0.500655 0.407340
0.492173 0.295403
0.468675 0.566912
0.429938 0.596860
0.452296 0.554209
0.443666 0.558571
0.399277 0.000535
0.439249 0.001039
0.510612 0.000150
0.497729 0.036631
0.607012 0.838771
0.515246 0.123069
0.594532 0.615800
0.499952 0.308652
0.486659 0.482081
0.488251 0.442338
0.787048 0.661357
0.605714 0.606187
0.606090 0.609371
0.457587 0.645475
0.405400 0.598710
0.534335 0.000193
0.502687 0.000380
0.431320 0.000571
0.254458 0.286498
0.502822 0.076826
0.513784 0.165704
0.490016 0.466025
0.606641 0.849000
0.578008 0.631112
0.487023 0.665748
0.795799 0.664601
0.589344 0.631406
0.476431 0.658554
0.475080 0.614223
0.597622 0.000201
0.550120 0.000473
0.391155 0.000847
0.494753 0.000666
0.536709 0.024418
0.492703 0.089042
0.517045 0.144982
0.526832 0.231276
0.505022 0.430487
0.506628 0.591152
0.483334 0.518018
0.470677 0.593793
0.507108 0.600384
0.471169 0.628863
0.543285 0.623936
0.589658 0.000167
0.518516 0.000267
0.447148 0.000952
0.519251 0.038432
0.479881 0.078395
0.788881 0.656948
0.425262 0.622304
0.478227 0.570121
0.490815 0.629546
0.586736 0.834961
0.469506 0.599195
0.489630 0.657296
0.553948 0.621528
0.533853 0.562496
0.613449 0.000437
0.565812 0.000021
0.520466 0.024510
0.526412 0.000259
0.512669 0.092372
0.515094 0.064623
0.528973 0.112028
0.514725 0.218021
0.537995 0.214339
0.498375 0.360165
0.508090 0.381036
0.492907 0.562621
0.536948 0.619736
0.501899 0.623880
0.530642 0.392607
0.629344 0.000366
0.542228 0.000533
0.539515 0.038397
0.526563 0.052569
0.507126 0.049342
0.528907 0.132018
0.543843 0.183448
0.544062 0.200069
0.547827 0.230357
0.512442 0.333597
0.488572 0.534209
0.526489 0.509661
0.509752 0.615988
0.518557 0.578373
0.637332 0.000729
0.557994 0.000884
0.569486 0.025855
0.559847 0.037853
0.544762 0.053359
0.532131 0.152002
0.537889 0.167368
0.556279 0.168707
0.540175 0.246852
0.510504 0.351208
0.515040 0.407905
0.521355 0.434575
0.511497 0.563496
0.530050 0.338684
0.509684 0.502005
0.653293 0.000789
0.586089 0.022972
0.576138 0.049327
0.552777 0.023946
0.537097 0.066620
0.531262 0.095483
0.546058 0.116287
0.545571 0.133962
0.558372 0.203633
0.534033 0.298848
0.525470 0.370950
0.512954 0.313055
0.506595 0.455839
0.495398 0.504155
0.661369 0.000970
0.573657 0.000862
0.602233 0.025336
0.543058 0.081099
0.560687 0.053940
0.559167 0.069771
0.548748 0.099352
0.564581 0.110599
0.550126 0.149128
0.564940 0.219945
0.549714 0.265355
0.533512 0.324869
0.556350 0.383306
0.546867 0.424554
0.557999 0.414425
0.677504 0.000289
0.581631 0.000183
0.605528 0.000291
0.579772 0.065113
0.559183 0.087413
0.580746 0.124093
0.561097 0.125918
0.567421 0.185756
0.577794 0.201553
0.558559 0.241807
0.528412 0.279490
0.544236 0.351560
0.525895 0.507079
0.534388 0.565369
0.685555 0.000426
0.621398 0.000933
0.616529 0.024862
0.593956 0.050904
0.575641 0.080021
0.574332 0.096796
0.570470 0.140989
0.567672 0.158831
0.578049 0.173971
0.591032 0.187389
0.548500 0.283273
0.565664 0.256137
0.558227 0.294151
0.568861 0.311638
0.568650 0.409149
0.701702 0.001038
0.625002 0.038091
0.605210 0.061515
0.604998 0.039800
0.594605 0.073413
0.591016 0.090804
0.586559 0.109777
0.584290 0.153081
0.595934 0.230160
0.579869 0.221705
0.570904 0.276317
0.539536 0.372171
0.500623 0.483326
0.534276 0.429326
0.709746 0.000770
0.645308 0.000369
0.632933 0.024081
0.619211 0.052782
0.608931 0.082802
0.602049 0.101981
0.590381 0.138102
0.604378 0.153191
0.595893 0.169024
0.599178 0.250107
0.580543 0.239872
0.579062 0.294511
0.546085 0.310040
0.554704 0.332692
0.558912 0.354262
0.717824 0.000138
0.645708 0.036397
0.638196 0.050503
0.619978 0.070988
0.621036 0.095121
0.601790 0.121966
0.609612 0.135499
0.614201 0.172052
0.596517 0.205433
0.582395 0.261793
0.592090 0.344103
0.568287 0.330774
0.535046 0.408453
0.521303 0.464665
0.733966 0.000876
0.669408 0.000171
0.650873 0.024218
0.655518 0.050441
0.635316 0.065050
0.632201 0.084871
0.616388 0.110649
0.620226 0.154025
0.608801 0.188588
0.607625 0.216616
0.616482 0.260005
0.629865 0.239842
0.583501 0.353179
0.564615 0.394682
0.607981 0.375009
0.742148 0.000371
0.666861 0.023576
0.666437 0.037739
0.657628 0.065039
0.646778 0.076676
0.636949 0.105097
0.625086 0.124752
0.629284 0.180918
0.621173 0.203048
0.611784 0.240210
0.590906 0.276458
0.524633 0.458863
0.634662 0.302642
0.593507 0.373761
0.750367 0.000476
0.693630 0.000758
0.683274 0.024296
0.674970 0.050241
0.667690 0.076377
0.649018 0.094287
0.640855 0.120780
0.631286 0.140953
0.635340 0.163360
0.637602 0.195529
0.608193 0.275971
0.618856 0.285736
0.586790 0.312203
0.630583 0.360669
0.581815 0.388163
0.758563 0.000083
0.699978 0.024128
0.688587 0.036961
0.679974 0.063602
0.666390 0.090502
0.657013 0.110984
0.645665 0.144687
0.648193 0.179212
0.625598 0.219391
0.646674 0.231401
0.574650 0.368675
0.599129 0.322732
0.654561 0.342332
0.642835 0.331291
0.766761 0.000355
0.725860 0.000330
0.716259 0.024319
0.694692 0.050685
0.685556 0.079996
0.672396 0.103235
0.655973 0.129969
0.654814 0.159045
0.655769 0.199613
0.599406 0.296068
0.663976 0.216821
0.631887 0.272936
0.643088 0.289882
0.617226 0.370514
0.623030 0.335553
0.783234 0.000475
0.731974 0.024948
0.709913 0.037694
0.697319 0.065989
0.690758 0.093846
0.671273 0.122475
0.666187 0.144244
0.667311 0.167481
0.642924 0.214566
0.658327 0.245466
0.653870 0.279054
0.610117 0.310239
0.650541 0.310312
0.627857 0.317695
0.791617 0.000620
0.746354 0.023518
0.728444 0.039557
0.712523 0.052429
0.704783 0.080518
0.686602 0.111252
0.693918 0.126536
0.681459 0.136943
0.665407 0.185622
0.682586 0.174329
0.637363 0.253529
0.655713 0.260808
0.675739 0.285454
0.712182 0.291964
0.673811 0.313900
0.799927 0.000230
0.749774 0.037235
0.729494 0.057341
0.716241 0.067643
0.713850 0.092788
0.702869 0.105946
0.710330 0.120406
0.682242 0.154211
0.690618 0.204924
0.679690 0.257760
0.673128 0.270081
0.666658 0.300600
0.638650 0.353906
0.608302 0.348112
0.816532 0.000443
0.774955 0.000913
0.762750 0.025381
0.744571 0.050689
0.744606 0.066319
0.728421 0.076488
0.722273 0.105330
0.701426 0.140271
0.694086 0.184615
0.674976 0.201010
0.685292 0.220811
0.708267 0.239556
0.727465 0.248135
0.680456 0.338219
0.666087 0.339009
0.824900 0.000153
0.778490 0.023191
0.770579 0.038028
0.764004 0.052022
0.748834 0.081013
0.733079 0.090522
0.718284 0.136522
0.715189 0.154146
0.698056 0.159127
0.705017 0.192898
0.688195 0.239299
0.719136 0.213471
0.689648 0.304488
0.697393 0.283521
0.833311 0.000202
0.808197 0.001045
0.796279 0.023562
0.783297 0.051506
0.761616 0.065710
0.756228 0.093318
0.739322 0.104409
0.729134 0.121540
0.733543 0.144120
0.670386 0.232442
0.703136 0.221880
0.699996 0.254480
0.743217 0.227841
0.697286 0.318483
0.691531 0.333371
0.850070 0.000059
0.811405 0.024412
0.788872 0.037066
0.781339 0.065548
0.768681 0.079018
0.779357 0.090884
0.751456 0.115088
0.743219 0.128169
0.708232 0.171813
0.723542 0.179237
0.720242 0.198433
0.742149 0.214333
0.700918 0.269437
0.732943 0.256504
0.858573 0.000228
0.841671 0.000981
0.827312 0.023240
0.805058 0.040818
0.799665 0.057200
0.790568 0.076395
0.765972 0.103456
0.764017 0.124326
0.752451 0.141441
0.731970 0.159898
0.740653 0.174187
0.739331 0.192581
0.756651 0.206676
0.725231 0.229674
0.720553 0.272975
0.875642 0.000461
0.842142 0.024370
0.820851 0.038241
0.817912 0.054650
0.809039 0.069356
0.801351 0.085641
0.788688 0.101750
0.778996 0.115516
0.773063 0.136851
0.755125 0.155678
0.755622 0.171166
0.756751 0.190521
0.768887 0.225906
0.749358 0.278904
0.884218 0.000426
0.867089 0.001021
0.857665 0.022935
0.835431 0.041585
0.831430 0.061332
0.824477 0.076967
0.816561 0.089494
0.806288 0.103991
0.796137 0.118344
0.788663 0.134030
0.774899 0.151142
0.781168 0.164069
0.790623 0.203054
0.750052 0.262958
0.711882 0.310667
0.892980 0.000638
0.872612 0.023754
0.851645 0.038063
0.847423 0.053122
0.848860 0.068337
0.839485 0.079540
0.835664 0.094806
0.823664 0.106540
0.814925 0.120787
0.807432 0.134109
0.796997 0.149851
0.772157 0.177199
0.774401 0.207336
0.757093 0.235841
0.901837 0.000319
0.910819 0.000948
0.888118 0.022345
0.868216 0.040123
0.865916 0.055323
0.863683 0.071543
0.857078 0.087068
0.850631 0.102680
0.840005 0.113699
0.828393 0.129294
0.818546 0.145673
0.798385 0.165248
0.780182 0.190759
0.797369 0.237054
0.718907 0.318448
0.919728 0.001010
0.904157 0.021438
0.884089 0.036524
0.885111 0.051005
0.881055 0.065115
0.876008 0.081471
0.870924 0.097603
0.861881 0.113060
0.848368 0.125819
0.837709 0.141856
0.816986 0.160435
0.822688 0.172643
0.804035 0.192672
0.775266 0.238933
0.928623 0.000515
0.920695 0.024055
0.905195 0.035368
0.902999 0.048151
0.900565 0.063914
0.893669 0.078034
0.890067 0.092977
0.884522 0.108061
0.875827 0.121933
0.862635 0.135299
0.854058 0.149698
0.839053 0.159188
0.801465 0.182042
0.800081 0.223597
0.726829 0.296039
0.937748 0.000031
0.929685 0.034690
0.921963 0.046866
0.916713 0.061352
0.913399 0.080363
0.905389 0.095125
0.900553 0.112145
0.890976 0.129274
0.880969 0.139534
0.867489 0.157206
0.858226 0.172987
0.844325 0.174997
0.823026 0.189310
0.741523 0.299701
0.947015 0.000652
0.937573 0.020950
0.947324 0.032250
0.937832 0.059453
0.926883 0.073271
0.928907 0.088199
0.917124 0.103302
0.919173 0.121669
0.903265 0.135308
0.889813 0.153504
0.882184 0.168695
0.841415 0.197545
0.856461 0.198128
0.792469 0.247996
0.836975 0.207872
0.956554 0.000187
0.958434 0.019036
0.942946 0.048202
0.957506 0.061918
0.955091 0.100064
0.954602 0.114855
0.939614 0.122698
0.917946 0.146831
0.900685 0.163749
0.894416 0.181119
0.872115 0.183757
0.862278 0.212508
0.809561 0.211808
0.814666 0.263131
0.965687 0.000267
0.984777 0.000348
0.980672 0.019660
0.971053 0.067154
0.941605 0.072249
0.942155 0.097260
0.925992 0.136057
0.942167 0.133372
0.925385 0.157866
0.921451 0.173102
0.925360 0.189374
0.891876 0.213653
0.815983 0.236174
0.823093 0.222488
0.747340 0.289727
0.974698 0.000592
0.963905 0.035647
0.964932 0.048283
0.984261 0.072873
0.955857 0.083777
0.930784 0.111580
0.955309 0.158662
0.932186 0.164139
0.964726 0.168736
0.899476 0.193120
0.937529 0.195055
0.876818 0.200024
0.839096 0.231591
0.762465 0.259971
0.998224 0.000953
0.999680 0.034888
0.979779 0.034718
0.979813 0.052640
0.999548 0.100795
0.982761 0.111109
0.999844 0.135344
0.999929 0.149499
0.947955 0.179219
0.963400 0.198039
0.917140 0.208428
0.907335 0.209159
0.859069 0.235820
0.970494 0.186296
0.781189 0.282377
0.999412 0.000356
0.999656 0.044860
0.999133 0.066217
0.999829 0.090053
0.998983 0.112356
0.970264 0.097592
0.963573 0.145963
0.992095 0.155842
0.976388 0.144041
0.999503 0.183326
0.951336 0.199540
0.875977 0.226582
0.775183 0.267683
0.848634 0.236012
0.999666 0.013648
0.999645 0.024613
0.999109 0.055321
0.998833 0.078273
0.977071 0.084382
0.999764 0.124189
0.978140 0.126517
0.966246 0.120403
0.999648 0.188875
0.998761 0.162091
0.982130 0.177518
0.817642 0.265107
0.881742 0.232196
0.789705 0.277922
0.798701 0.261158
