0.000234 0.019919
0.000892 0.051595
0.000308 0.085851
0.000458 0.119885
0.000915 0.130564
0.015510 0.150265
0.000027 0.177370
0.002448 0.183460
0.027861 0.180374
0.048236 0.196353
0.186750 0.217112
0.080727 0.196110
0.147084 0.214874
0.221161 0.244693
0.000669 0.007972
0.000103 0.030099
0.000551 0.062179
0.029738 0.057423
0.025853 0.092402
0.021368 0.138184
0.000874 0.158684
0.027720 0.168897
0.001889 0.200789
0.007140 0.203666
0.024170 0.197181
0.044980 0.185832
0.136482 0.203638
0.160834 0.214748
0.205112 0.248262
0.000547 0.000267
0.000449 0.041159
0.000868 0.073904
0.000351 0.097319
0.000181 0.108750
0.017866 0.107519
0.000238 0.143570
0.053527 0.132291
0.031887 0.149911
0.041623 0.160837
0.063260 0.173668
0.109696 0.200790
0.094969 0.204554
0.216043 0.253150
0.008051 0.001014
0.026238 0.023008
0.016355 0.036507
0.020527 0.061995
0.016321 0.080367
0.034861 0.099845
0.050132 0.095928
0.034312 0.128314
0.068504 0.144595
0.074269 0.155755
0.056527 0.162253
0.095767 0.185514
0.064365 0.195076
0.126208 0.210047
0.242695 0.295217
0.019103 0.001089
0.053691 0.033085
0.028462 0.039138
0.047018 0.062673
0.033421 0.074486
0.032113 0.114470
0.051107 0.112545
0.061331 0.127643
0.094480 0.157997
0.123997 0.160623
0.084736 0.174445
0.175087 0.194714
0.119077 0.184341
0.219152 0.231064
0.037092 0.000805
0.028254 0.000890
0.064970 0.042671
0.043258 0.047345
0.054280 0.075733
0.066163 0.084632
0.073806 0.100369
0.071137 0.114895
0.082224 0.126826
0.091151 0.140078
0.111052 0.150894
0.106352 0.169011
0.154402 0.191963
0.173853 0.210024
0.262435 0.274871
0.046032 0.000529
0.040419 0.023042
0.062046 0.058470
0.073481 0.065636
0.080016 0.082325
0.089229 0.094938
0.093309 0.109836
0.101526 0.122144
0.107905 0.132849
0.130909 0.147271
0.139951 0.164681
0.139707 0.183493
0.156059 0.171071
0.199277 0.224060
0.055122 0.000237
0.057673 0.018689
0.072184 0.027327
0.081271 0.045410
0.091193 0.060034
0.095355 0.075472
0.106660 0.088466
0.111970 0.101350
0.120241 0.115068
0.129148 0.129540
0.150067 0.150409
0.174277 0.168326
0.182021 0.179638
0.220106 0.198223
0.236964 0.279144
0.064355 0.000370
0.084455 0.022202
0.093634 0.037989
0.104061 0.051661
0.109509 0.067656
0.121232 0.078552
0.128262 0.094297
0.135945 0.109717
0.143670 0.125581
0.155611 0.136185
0.169665 0.154649
0.198403 0.191114
0.201873 0.205912
0.224019 0.219027
0.073207 0.000144
0.081911 0.000977
0.099659 0.023047
0.111859 0.037647
0.122299 0.055879
0.133695 0.068775
0.141046 0.083745
0.149460 0.096588
0.154965 0.113953
0.169346 0.130851
0.179469 0.141846
0.202330 0.171661
0.230309 0.207864
0.246334 0.231795
0.279665 0.301247
0.090706 0.000788
0.115159 0.021769
0.127098 0.032602
0.133782 0.045554
0.144713 0.058029
0.154081 0.072445
0.163636 0.085581
0.166921 0.103433
0.175181 0.115642
0.199319 0.143577
0.188616 0.160198
0.220413 0.172505
0.219637 0.185692
0.252792 0.256289
0.099477 0.000652
0.116907 0.000934
0.136109 0.020938
0.146090 0.034470
0.157764 0.049660
0.167138 0.063740
0.178211 0.079111
0.181241 0.095971
0.190680 0.109539
0.191140 0.129604
0.218190 0.142974
0.208077 0.156760
0.258797 0.180707
0.259761 0.230281
0.286599 0.296855
0.108207 0.000221
0.155267 0.021817
0.164170 0.035042
0.175710 0.048266
0.184315 0.061556
0.195927 0.073774
0.196250 0.089647
0.206729 0.101650
0.204715 0.117387
0.213009 0.128619
0.233689 0.161341
0.240592 0.181325
0.253389 0.213921
0.247801 0.244201
0.125489 0.000398
0.151294 0.001035
0.172663 0.022602
0.185666 0.035636
0.196150 0.049865
0.206368 0.063863
0.214163 0.083702
0.221666 0.100593
0.227458 0.116812
0.233543 0.130842
0.235037 0.147822
0.248911 0.166836
0.265871 0.191577
0.268136 0.244117
0.290669 0.276970
0.134072 0.000712
0.189189 0.022334
0.205410 0.037235
0.216230 0.052635
0.223359 0.070204
0.232188 0.086474
0.238088 0.102153
0.246212 0.118014
0.249309 0.135550
0.255430 0.149872
0.270816 0.164255
0.249871 0.198466
0.277447 0.230463
0.285492 0.259089
0.142705 0.000547
0.185231 0.000706
0.204191 0.022165
0.222716 0.037914
0.236553 0.063961
0.245456 0.078399
0.254256 0.101087
0.266379 0.125192
0.267777 0.141453
0.280912 0.151675
0.279589 0.180823
0.290062 0.194785
0.298571 0.246357
0.304512 0.266340
0.274766 0.268862
0.159853 0.000702
0.219592 0.023069
0.234499 0.048804
0.258355 0.068427
0.259145 0.086081
0.274382 0.097142
0.265715 0.111226
0.288960 0.137322
0.292496 0.166595
0.302050 0.180277
0.303305 0.201883
0.274639 0.208815
0.321574 0.307011
0.311699 0.298512
0.168305 0.000466
0.234372 0.024247
0.244649 0.035846
0.251531 0.053119
0.273362 0.070464
0.280991 0.085055
0.283540 0.122727
0.306952 0.132324
0.299807 0.151050
0.312161 0.165949
0.318828 0.191138
0.289257 0.214288
0.297311 0.233511
0.310006 0.282033
0.330740 0.315721
0.176767 0.000755
0.260941 0.037465
0.268912 0.053146
0.292562 0.073239
0.296191 0.091919
0.287693 0.108202
0.317595 0.147211
0.329306 0.157255
0.326806 0.179272
0.330159 0.205359
0.311902 0.219772
0.317756 0.236039
0.323376 0.254775
0.360013 0.350544
0.193758 0.000597
0.249957 0.021195
0.276666 0.038163
0.284709 0.057230
0.309500 0.082261
0.307285 0.102382
0.302406 0.118351
0.343028 0.151436
0.341858 0.171232
0.362278 0.232814
0.349497 0.217362
0.338998 0.269717
0.335732 0.247066
0.358262 0.306622
0.366585 0.351604
0.202244 0.000282
0.266613 0.023512
0.291216 0.035950
0.305368 0.064445
0.322795 0.097116
0.321473 0.115368
0.324420 0.132531
0.358330 0.168979
0.341850 0.190179
0.347318 0.238705
0.330086 0.219141
0.362610 0.286853
0.329120 0.282798
0.338592 0.326667
0.210758 0.000777
0.260749 0.000222
0.283026 0.022000
0.299233 0.050276
0.326933 0.083093
0.338326 0.104966
0.338294 0.121227
0.343446 0.135466
0.359358 0.187848
0.355558 0.203153
0.383995 0.277850
0.367348 0.260405
0.353143 0.262356
0.387857 0.348823
0.344673 0.292924
0.219090 0.000565
0.300631 0.023528
0.309415 0.037195
0.322838 0.067431
0.343346 0.088011
0.355993 0.116753
0.363069 0.135531
0.360392 0.151566
0.376267 0.204567
0.376542 0.244135
0.396371 0.298234
0.378394 0.291501
0.375857 0.313428
0.350232 0.328345
0.227432 0.000588
0.293652 0.000296
0.317432 0.022671
0.318918 0.052003
0.340242 0.069907
0.356942 0.101084
0.371914 0.122889
0.377308 0.153077
0.374225 0.173267
0.409237 0.213317
0.391430 0.224589
0.373971 0.220696
0.403442 0.319291
0.419628 0.327132
0.368085 0.329941
0.235680 0.000664
0.334790 0.023083
0.326151 0.036751
0.337027 0.053110
0.361887 0.086194
0.375600 0.106920
0.384891 0.137572
0.389647 0.169913
0.381038 0.189405
0.405616 0.260109
0.389796 0.260149
0.417878 0.307810
0.394417 0.355444
0.387376 0.322879
0.243994 0.000268
0.318227 0.000090
0.342424 0.038379
0.353771 0.056190
0.356517 0.072309
0.379105 0.091878
0.389927 0.120593
0.396810 0.153481
0.394132 0.204531
0.427880 0.211406
0.411226 0.230413
0.396645 0.240539
0.435941 0.339214
0.415551 0.388533
0.409721 0.346250
0.252408 0.000205
0.351383 0.023068
0.366968 0.047823
0.373568 0.063608
0.380676 0.076205
0.397480 0.105834
0.403400 0.137740
0.398745 0.183065
0.412847 0.196265
0.428014 0.235325
0.404884 0.279937
0.432616 0.313981
0.420176 0.411959
0.419629 0.358103
0.269007 0.000338
0.342656 0.000021
0.358991 0.035533
0.385795 0.050026
0.394635 0.064687
0.394741 0.088981
0.407537 0.121308
0.411932 0.164370
0.417791 0.179411
0.432360 0.195008
0.440292 0.248256
0.419190 0.287584
0.449535 0.333475
0.429396 0.377228
0.440214 0.357343
0.277178 0.000246
0.370200 0.023266
0.380221 0.035850
0.404950 0.076384
0.411845 0.096843
0.421399 0.112433
0.434663 0.146043
0.417367 0.148505
0.432994 0.162345
0.436058 0.177401
0.419410 0.252918
0.411941 0.377811
0.470012 0.523267
0.436299 0.443564
0.285446 0.000717
0.366968 0.000352
0.404713 0.052177
0.399910 0.037821
0.420751 0.070299
0.439019 0.111695
0.423977 0.130606
0.450121 0.140831
0.455254 0.156614
0.448208 0.205954
0.440569 0.223715
0.449629 0.268150
0.448083 0.299356
0.428844 0.268825
0.439295 0.411547
0.301860 0.000977
0.387988 0.023377
0.419258 0.054343
0.436021 0.060686
0.422650 0.084646
0.433205 0.097312
0.441759 0.126056
0.453252 0.173229
0.455276 0.190127
0.453586 0.241201
0.456884 0.287009
0.476023 0.370444
0.417477 0.406369
0.449192 0.381681
0.310046 0.000781
0.404570 0.022495
0.425411 0.040352
0.440126 0.076118
0.449469 0.089552
0.481058 0.126426
0.472924 0.155981
0.461168 0.121440
0.466022 0.137241
0.460869 0.259486
0.475420 0.275848
0.473715 0.293611
0.457955 0.314076
0.456712 0.363701
0.436279 0.286362
0.326393 0.000228
0.415818 0.029722
0.440981 0.033492
0.444832 0.047448
0.462077 0.076689
0.454844 0.104636
0.483949 0.143196
0.489146 0.177550
0.469527 0.206881
0.459560 0.220142
0.472933 0.239827
0.467590 0.324073
0.442045 0.486687
0.448845 0.400467
0.334533 0.000208
0.407377 0.000227
0.430616 0.022520
0.451878 0.023733
0.453419 0.064072
0.470595 0.091655
0.472178 0.107893
0.492126 0.161055
0.470640 0.173590
0.479420 0.224429
0.481901 0.257973
0.466407 0.394167
0.483833 0.396400
0.449496 0.428322
0.443821 0.491742
0.350824 0.001039
0.468739 0.022972
0.465019 0.051534
0.487876 0.102349
0.494918 0.115272
0.506557 0.179823
0.491277 0.197725
0.474506 0.190537
0.483721 0.346602
0.466306 0.351715
0.481453 0.317098
0.485391 0.417843
0.426094 0.579541
0.437664 0.448780
0.358885 0.000696
0.415437 0.000729
0.478900 0.000005
0.488343 0.023529
0.460545 0.037038
0.509307 0.104810
0.501037 0.148272
0.501145 0.131066
0.492730 0.275031
0.494237 0.216286
0.466961 0.471629
0.492884 0.378304
0.457699 0.448975
0.467838 0.417725
0.491169 0.540933
0.375008 0.000387
0.463059 0.000871
0.477745 0.034982
0.476452 0.062242
0.523479 0.174055
0.525855 0.193275
0.509494 0.197872
0.504783 0.257688
0.492682 0.329959
0.458413 0.513510
0.456302 0.503249
0.412453 0.581921
0.454477 0.467832
0.472925 0.439429
0.383054 0.001060
0.455073 0.000038
0.486809 0.000734
0.505455 0.023256
0.524083 0.077311
0.527600 0.258556
0.516599 0.244309
0.504587 0.229121
0.592889 0.836066
0.426031 0.620130
0.454118 0.637460
0.805528 0.643974
0.569542 0.618855
0.410122 0.603280
0.441374 0.562705
0.423349 0.000184
0.470988 0.000182
0.583464 0.035894
0.494832 0.061828
0.485587 0.048284
0.512143 0.271605
0.516949 0.292146
0.490257 0.243032
0.500167 0.404096
0.492364 0.292081
0.468492 0.562994
0.429527 0.592608
0.452479 0.550104
0.442957 0.554166
0.399283 0.000507
0.439234 0.000780
0.510608 0.000098
0.497683 0.035877
0.608927 0.834495
0.515435 0.120865
0.594672 0.611050
0.498851 0.305609
0.486206 0.478696
0.487890 0.439374
0.792741 0.656800
0.606933 0.600763
0.607422 0.604641
0.456734 0.641625
0.404874 0.594324
0.534332 0.000010
0.502649 0.000535
0.431317 0.000076
0.251131 0.275380
0.503101 0.075165
0.513849 0.162890
0.489293 0.462014
0.608273 0.845360
0.578652 0.625570
0.486438 0.661923
0.798900 0.660614
0.589212 0.626215
0.475959 0.653900
0.474570 0.610073
0.597618 0.000548
0.550120 0.000587
0.391144 0.000581
0.494702 0.000433
0.536681 0.023748
0.493042 0.087438
0.517035 0.142472
0.526609 0.227672
0.504660 0.427082
0.506628 0.587384
0.483022 0.513808
0.470189 0.589677
0.507282 0.596522
0.470281 0.624929
0.543212 0.620020
0.589640 0.000044
0.518528 0.000277
0.447123 0.000326
0.519116 0.037776
0.479965 0.077130
0.794256 0.648684
0.424761 0.618191
0.477906 0.566137
0.490597 0.625744
0.587835 0.831269
0.469147 0.595429
0.489549 0.652403
0.554162 0.617749
0.533724 0.558114
0.613505 0.000063
0.565854 0.000202
0.520629 0.023986
0.526421 0.000423
0.512740 0.090312
0.514710 0.063329
0.529011 0.109860
0.514636 0.213383
0.537195 0.210192
0.498080 0.356930
0.508699 0.378376
0.492596 0.558638
0.538377 0.615178
0.502495 0.619783
0.530147 0.388409
0.629376 0.000341
0.542223 0.000224
0.539665 0.037670
0.527299 0.051565
0.507437 0.048042
0.529126 0.129846
0.544460 0.180069
0.543773 0.196527
0.547849 0.225913
0.512625 0.329885
0.488125 0.530243
0.525816 0.504885
0.510138 0.612129
0.517962 0.574426
0.637353 0.000214
0.558030 0.000911
0.569315 0.025339
0.559324 0.037298
0.545039 0.052545
0.532079 0.149289
0.538171 0.164155
0.555681 0.165935
0.540634 0.242884
0.510263 0.346768
0.515042 0.404242
0.521473 0.431599
0.511077 0.559843
0.529927 0.334064
0.509113 0.497988
0.653313 0.000694
0.586222 0.023115
0.575867 0.048496
0.552802 0.023458
0.537058 0.065613
0.531191 0.093297
0.546067 0.114100
0.545577 0.131183
0.558938 0.200241
0.533861 0.295016
0.524136 0.367027
0.513295 0.309439
0.505873 0.452026
0.494902 0.500076
0.661422 0.000094
0.573696 0.000114
0.602027 0.025144
0.543257 0.079350
0.560874 0.053021
0.559483 0.068605
0.548819 0.097357
0.564890 0.108145
0.550273 0.146524
0.564793 0.217143
0.550150 0.262288
0.533531 0.320909
0.557224 0.379788
0.547913 0.421088
0.557485 0.412273
0.677558 0.000237
0.581635 0.000294
0.605550 0.000516
0.580099 0.064074
0.559127 0.085848
0.580606 0.121384
0.560956 0.123669
0.567016 0.181948
0.578364 0.197575
0.559211 0.238393
0.528917 0.276695
0.543898 0.348066
0.525264 0.502879
0.533851 0.561889
0.685601 0.000733
0.621466 0.000367
0.616159 0.025033
0.593797 0.050040
0.575215 0.078894
0.574808 0.095129
0.570808 0.138201
0.568163 0.155352
0.578127 0.170844
0.591056 0.184621
0.547975 0.279600
0.565380 0.253298
0.558424 0.291234
0.568413 0.308400
0.570225 0.405734
0.701735 0.000864
0.625183 0.038078
0.605182 0.061289
0.605323 0.039723
0.594229 0.072230
0.591547 0.089220
0.586546 0.107876
0.584970 0.150636
0.596726 0.226876
0.580269 0.218375
0.570591 0.272857
0.540295 0.368176
0.500159 0.479802
0.534013 0.426462
0.709794 0.000321
0.645319 0.000905
0.632859 0.024298
0.619377 0.052258
0.608822 0.081597
0.602284 0.100108
0.590406 0.135181
0.604604 0.150205
0.596360 0.166300
0.599238 0.247843
0.581562 0.235408
0.578174 0.291193
0.546504 0.306913
0.554367 0.327887
0.559055 0.349840
0.717852 0.000622
0.645839 0.036025
0.638415 0.049861
0.620450 0.070017
0.621068 0.093225
0.601627 0.119726
0.609816 0.132521
0.614428 0.168880
0.596938 0.202108
0.583168 0.258113
0.591770 0.340496
0.568225 0.327078
0.535430 0.405766
0.521381 0.460712
0.734067 0.000336
0.669441 0.000597
0.650855 0.023916
0.655628 0.049488
0.635595 0.064324
0.632481 0.083565
0.616273 0.108589
0.620361 0.151241
0.609303 0.185594
0.608597 0.213711
0.616988 0.256040
0.630041 0.235909
0.583297 0.349076
0.565101 0.391407
0.608965 0.371548
0.742227 0.000568
0.667804 0.023536
0.666832 0.037384
0.657664 0.064162
0.646909 0.075699
0.636476 0.103018
0.625126 0.122461
0.629347 0.178302
0.621123 0.200214
0.611986 0.237348
0.590638 0.272982
0.524427 0.455461
0.634708 0.298673
0.593495 0.371382
0.750469 0.000191
0.693653 0.000596
0.683704 0.024547
0.674949 0.049595
0.668159 0.075185
0.649127 0.093359
0.640589 0.119045
0.630989 0.138042
0.635621 0.160588
0.637904 0.192416
0.608403 0.271494
0.618173 0.282054
0.586776 0.308667
0.630099 0.357372
0.583316 0.384595
0.758624 0.000572
0.700695 0.024157
0.688830 0.036942
0.680022 0.062965
0.666188 0.089297
0.656670 0.108862
0.645900 0.141715
0.648764 0.176604
0.626290 0.216867
0.646704 0.227742
0.574343 0.365364
0.598402 0.318448
0.654748 0.339836
0.643020 0.327706
0.766830 0.000259
0.725926 0.000109
0.717246 0.023761
0.695543 0.050080
0.685850 0.078576
0.672751 0.101653
0.655681 0.127283
0.654338 0.156277
0.655914 0.196617
0.599069 0.291741
0.663796 0.213383
0.632061 0.269423
0.643593 0.286265
0.618088 0.367788
0.623827 0.332557
0.783319 0.000139
0.732799 0.024818
0.710360 0.037066
0.697640 0.065121
0.690605 0.092757
0.671689 0.120805
0.666286 0.142107
0.667732 0.164486
0.643429 0.211842
0.658179 0.242215
0.654272 0.274970
0.609899 0.307295
0.649082 0.307319
0.627025 0.314162
0.791655 0.000032
0.747187 0.023327
0.729305 0.038763
0.713227 0.051423
0.705109 0.079819
0.686590 0.109667
0.694563 0.124629
0.681336 0.135194
0.665718 0.182948
0.682622 0.171509
0.637222 0.250254
0.655101 0.257080
0.675439 0.281271
0.713913 0.288041
0.673138 0.310424
0.799943 0.001048
0.751057 0.036637
0.730434 0.056495
0.716305 0.066583
0.714681 0.091141
0.702782 0.104307
0.711113 0.118525
0.682338 0.151568
0.691198 0.202043
0.680440 0.253390
0.673754 0.266287
0.665395 0.295634
0.638473 0.350568
0.608097 0.344239
0.816573 0.000653
0.775059 0.000678
0.763689 0.024841
0.745555 0.050057
0.745212 0.065701
0.729140 0.075152
0.722562 0.103846
0.701745 0.138292
0.693747 0.181282
0.675474 0.197918
0.685370 0.216880
0.706987 0.235251
0.727722 0.242928
0.679616 0.334768
0.665815 0.335802
0.824927 0.000260
0.779805 0.022503
0.772029 0.037154
0.765040 0.050594
0.749973 0.080447
0.733691 0.088909
0.718589 0.134867
0.715857 0.152009
0.698123 0.156352
0.705183 0.189659
0.687805 0.234572
0.718629 0.209041
0.689230 0.301938
0.696676 0.278340
0.833340 0.000342
0.808253 0.000526
0.797970 0.023456
0.784542 0.051013
0.762307 0.064606
0.756930 0.092268
0.739974 0.102804
0.729528 0.119632
0.733790 0.141923
0.669468 0.229038
0.703474 0.218371
0.699789 0.251082
0.743920 0.223455
0.696977 0.314912
0.689673 0.328900
0.850130 0.000628
0.812714 0.023553
0.789655 0.036356
0.781764 0.065026
0.769562 0.077860
0.780457 0.089517
0.751919 0.113118
0.743618 0.126127
0.708499 0.169580
0.723099 0.176177
0.721343 0.194218
0.742519 0.209410
0.700580 0.265245
0.732178 0.251493
0.858650 0.000486
0.841752 0.000365
0.828221 0.022716
0.806042 0.040011
0.800471 0.056232
0.791633 0.075198
0.767218 0.101915
0.764540 0.122247
0.753473 0.138734
0.732196 0.157585
0.741184 0.171492
0.739358 0.189281
0.756460 0.203153
0.724693 0.225845
0.720119 0.268802
0.875760 0.000856
0.843415 0.023264
0.821968 0.037579
0.818401 0.054056
0.809385 0.068046
0.802230 0.084903
0.789372 0.100399
0.779513 0.113321
0.773154 0.134689
0.754840 0.152843
0.755637 0.168755
0.758303 0.186801
0.768691 0.219606
0.751022 0.275689
0.884330 0.000680
0.867170 0.000911
0.858329 0.022426
0.836202 0.040586
0.832261 0.059956
0.825191 0.075239
0.817395 0.087829
0.806872 0.101980
0.796712 0.116246
0.789215 0.132075
0.774820 0.147938
0.781165 0.161336
0.790139 0.200311
0.749461 0.259560
0.711966 0.305387
0.893170 0.001147
0.873525 0.022966
0.852503 0.037137
0.848063 0.051943
0.849488 0.067160
0.840079 0.078094
0.836004 0.092735
0.824305 0.105082
0.815655 0.118218
0.807046 0.131631
0.797283 0.147278
0.771717 0.173816
0.775209 0.204068
0.757676 0.230912
0.902056 0.000090
0.911041 0.000213
0.888994 0.022062
0.869180 0.039090
0.866693 0.053646
0.864458 0.069481
0.857582 0.085578
0.851236 0.100780
0.840358 0.112122
0.828916 0.127472
0.819662 0.143053
0.799604 0.161046
0.780501 0.187762
0.798943 0.234486
0.719656 0.314028
0.919925 0.000823
0.904643 0.021193
0.885817 0.036045
0.886131 0.050188
0.881539 0.064525
0.876598 0.079961
0.871432 0.096271
0.861979 0.111802
0.848842 0.123985
0.838060 0.140148
0.816392 0.157801
0.823889 0.170844
0.805300 0.189231
0.774714 0.233355
0.928740 0.000483
0.921596 0.023861
0.906450 0.034823
0.903690 0.047599
0.900677 0.063165
0.894869 0.076471
0.890506 0.091803
0.885092 0.106632
0.875911 0.120236
0.863077 0.133182
0.854188 0.147357
0.839589 0.156087
0.801640 0.178227
0.800347 0.219194
0.726037 0.291420
0.937862 0.000755
0.931457 0.034721
0.922602 0.045847
0.917173 0.059948
0.913535 0.078608
0.905626 0.092685
0.901201 0.110864
0.891693 0.126860
0.881068 0.137651
0.868131 0.154679
0.856911 0.170176
0.844444 0.172521
0.823610 0.185915
0.740666 0.296233
0.947144 0.000328
0.939100 0.021035
0.948456 0.030520
0.938967 0.058795
0.928362 0.072109
0.929781 0.085682
0.916544 0.101448
0.918609 0.118938
0.902650 0.133110
0.890736 0.150967
0.883459 0.164942
0.842343 0.192400
0.857074 0.194947
0.793328 0.243190
0.837025 0.206086
0.956583 0.000696
0.960379 0.019515
0.943304 0.047207
0.957622 0.060687
0.955807 0.096855
0.955977 0.114556
0.939663 0.121115
0.917781 0.144390
0.900095 0.161130
0.893955 0.177769
0.872386 0.180193
0.860214 0.209513
0.810476 0.207393
0.814495 0.255686
0.965743 0.000995
0.984903 0.000846
0.980252 0.018671
0.971298 0.067441
0.941850 0.071734
0.940741 0.093981
0.927595 0.134190
0.941263 0.131268
0.927160 0.154108
0.920962 0.170851
0.925309 0.185918
0.893435 0.208862
0.814358 0.233758
0.822661 0.217754
0.748207 0.286547
0.974807 0.000964
0.963779 0.034699
0.965696 0.048391
0.984801 0.071982
0.957373 0.081063
0.931266 0.108373
0.953095 0.155869
0.932947 0.161775
0.967354 0.168960
0.899035 0.190614
0.937421 0.191749
0.878202 0.195845
0.838313 0.227431
0.761142 0.254220
0.999182 0.001130
0.999216 0.034879
0.981277 0.033965
0.981066 0.051902
0.999908 0.100740
0.983965 0.111242
0.999275 0.135314
0.999511 0.148762
0.945485 0.176669
0.964681 0.195461
0.917805 0.204105
0.907471 0.205424
0.859195 0.231405
0.972787 0.185557
0.779737 0.278302
0.999801 0.000736
0.999856 0.044856
0.999927 0.066267
0.999099 0.090128
0.999403 0.112320
0.972179 0.094863
0.963431 0.142651
0.991321 0.156129
0.977508 0.138791
0.999649 0.183085
0.951278 0.196798
0.875489 0.221397
0.774411 0.263698
0.848680 0.231722
0.999977 0.013687
0.999341 0.024670
0.999416 0.055286
0.999467 0.078636
0.977989 0.084866
0.999170 0.124178
0.977831 0.123517
0.966725 0.117992
0.999855 0.189845
0.998894 0.163891
0.984300 0.175474
0.819044 0.259237
0.882426 0.226893
0.788315 0.272896
0.798680 0.254691
