0.000701 0.020111
0.000135 0.051691
0.000390 0.085795
0.000436 0.121072
0.000087 0.132661
0.012103 0.157579
0.000628 0.174229
0.001057 0.187195
0.028312 0.179656
0.050861 0.189206
0.182669 0.212921
0.079573 0.184086
0.146420 0.205543
0.226170 0.239130
0.001106 0.008206
0.001222 0.030164
0.001115 0.062284
0.030767 0.054072
0.025781 0.089444
0.015430 0.129471
0.001025 0.160039
0.027773 0.163313
0.000347 0.198598
0.007817 0.201354
0.029311 0.190481
0.048293 0.176394
0.135355 0.196500
0.157912 0.207629
0.201130 0.229470
0.000034 0.000404
0.000450 0.041142
0.000566 0.073286
0.000566 0.096968
0.001202 0.109049
0.012197 0.107787
0.000623 0.145205
0.045194 0.130138
0.029554 0.140305
0.042737 0.152763
0.066117 0.167425
0.113508 0.190378
0.098692 0.190639
0.211350 0.245346
0.006954 0.000749
0.021303 0.017887
0.014700 0.037052
0.016101 0.057795
0.012521 0.079620
0.038332 0.098405
0.046871 0.085966
0.033401 0.124472
0.058517 0.135789
0.074675 0.144238
0.059695 0.149364
0.097220 0.175881
0.069656 0.184253
0.122890 0.198044
0.238009 0.267167
0.018183 0.000336
0.049916 0.032246
0.030253 0.033694
0.042810 0.061151
0.030627 0.075442
0.028056 0.114125
0.051375 0.106076
0.061619 0.119697
0.092249 0.146857
0.122876 0.153953
0.083338 0.162558
0.172154 0.186106
0.118497 0.172955
0.217105 0.218122
0.036551 0.000273
0.027554 0.000593
0.061675 0.040050
0.041451 0.042235
0.047265 0.073916
0.061356 0.081002
0.068217 0.092368
0.067523 0.105855
0.080306 0.120775
0.089903 0.134470
0.110247 0.140035
0.106842 0.160283
0.154545 0.179489
0.169494 0.205990
0.270527 0.252950
0.045447 0.000420
0.037590 0.022127
0.058570 0.055560
0.071727 0.061110
0.077469 0.076054
0.088288 0.092172
0.087185 0.105855
0.098165 0.113725
0.108487 0.125613
0.131358 0.137999
0.136971 0.160296
0.138573 0.175152
0.156895 0.163835
0.192319 0.219467
0.054913 0.000048
0.054908 0.017000
0.068838 0.025064
0.075050 0.042224
0.085211 0.055045
0.090287 0.070609
0.103387 0.081788
0.107282 0.095451
0.116823 0.109001
0.124287 0.124151
0.146417 0.144060
0.168362 0.162410
0.183279 0.172708
0.219821 0.188130
0.234619 0.266758
0.064205 0.000379
0.081985 0.020481
0.087780 0.035763
0.100927 0.048260
0.105350 0.064488
0.118496 0.074466
0.125001 0.090727
0.132757 0.103553
0.139842 0.119185
0.151523 0.128059
0.164224 0.144040
0.194214 0.182970
0.196424 0.196975
0.217274 0.206129
0.072975 0.000546
0.081581 0.000271
0.097387 0.022450
0.106747 0.035295
0.116466 0.051782
0.128807 0.064076
0.137971 0.078765
0.145749 0.090605
0.152406 0.108326
0.166616 0.124274
0.178305 0.133240
0.198978 0.164646
0.232611 0.195926
0.250864 0.222605
0.284959 0.288982
0.090311 0.000487
0.113309 0.019010
0.121845 0.031023
0.129737 0.042761
0.140655 0.053976
0.149289 0.067140
0.160396 0.078703
0.161288 0.096219
0.173345 0.108573
0.197091 0.135551
0.186419 0.151450
0.218142 0.160314
0.216933 0.176426
0.246206 0.248413
0.098976 0.000166
0.116527 0.000619
0.133331 0.019584
0.142072 0.032643
0.152620 0.045356
0.163343 0.059661
0.175227 0.072440
0.176378 0.088405
0.187647 0.102529
0.188950 0.122111
0.218158 0.136122
0.205765 0.149211
0.257841 0.169597
0.262198 0.215448
0.285346 0.287926
0.107784 0.000652
0.151276 0.020032
0.160039 0.032957
0.171283 0.044353
0.180637 0.058792
0.192719 0.068839
0.192890 0.083814
0.205976 0.092353
0.200898 0.108980
0.209904 0.121439
0.230750 0.153194
0.238669 0.171611
0.252154 0.199096
0.230033 0.227608
0.125142 0.001003
0.151096 0.000069
0.169219 0.021364
0.181424 0.035170
0.192044 0.046899
0.203834 0.060415
0.211741 0.077398
0.219993 0.096002
0.224330 0.109742
0.231056 0.120677
0.233183 0.138511
0.250261 0.156284
0.268009 0.185256
0.272367 0.230899
0.292998 0.271637
0.133860 0.000149
0.184352 0.021550
0.201388 0.035776
0.213749 0.050185
0.220018 0.065222
0.229553 0.080840
0.237456 0.095800
0.247579 0.113085
0.250010 0.128084
0.253432 0.144426
0.271717 0.154661
0.247618 0.183829
0.281571 0.213519
0.289966 0.241811
0.142501 0.000535
0.185067 0.000527
0.199675 0.021940
0.218746 0.036257
0.235558 0.061623
0.243578 0.075967
0.251345 0.094963
0.266641 0.119611
0.268983 0.135241
0.281332 0.144811
0.281850 0.170911
0.288402 0.184734
0.302198 0.233957
0.310041 0.252805
0.279731 0.251505
0.159623 0.000961
0.214909 0.021191
0.231435 0.046278
0.255299 0.064517
0.259161 0.081551
0.273038 0.092540
0.264000 0.105464
0.290703 0.130676
0.291458 0.159222
0.302186 0.172646
0.306680 0.191808
0.270291 0.197778
0.318824 0.299202
0.306563 0.291058
0.168133 0.000950
0.229862 0.023499
0.240451 0.034980
0.248979 0.050773
0.271681 0.066242
0.279778 0.079346
0.282948 0.117446
0.307854 0.126223
0.302032 0.144261
0.312972 0.159069
0.319713 0.183769
0.292177 0.202804
0.299102 0.217562
0.311154 0.272278
0.328094 0.301730
0.176571 0.000454
0.256664 0.034553
0.265793 0.049233
0.292296 0.070250
0.295383 0.088715
0.286649 0.102050
0.317785 0.141361
0.330216 0.150408
0.325296 0.167497
0.328626 0.195170
0.313102 0.207521
0.320372 0.225102
0.324744 0.244553
0.360838 0.337622
0.193526 0.000601
0.246754 0.021014
0.274021 0.035968
0.281909 0.055383
0.309963 0.079185
0.308529 0.098709
0.301148 0.112797
0.343991 0.143329
0.344314 0.163626
0.363335 0.221159
0.348045 0.207284
0.339263 0.256655
0.335770 0.235884
0.356801 0.293461
0.368413 0.338930
0.202055 0.000447
0.264312 0.021160
0.289309 0.035409
0.305676 0.062700
0.323719 0.094553
0.321603 0.110643
0.326038 0.127023
0.358217 0.161987
0.339864 0.180659
0.348210 0.225409
0.334331 0.210528
0.359178 0.274021
0.329856 0.272983
0.338803 0.315227
0.210517 0.001182
0.260617 0.000368
0.281740 0.021502
0.295757 0.049497
0.327686 0.079440
0.340497 0.098651
0.339151 0.113732
0.344722 0.128637
0.361193 0.179001
0.356382 0.193221
0.382271 0.264577
0.369520 0.247762
0.356078 0.247349
0.385809 0.339322
0.343517 0.277510
0.218963 0.000796
0.299151 0.022486
0.307202 0.036066
0.322029 0.064395
0.345356 0.083418
0.356290 0.112489
0.362262 0.128259
0.361491 0.143961
0.374815 0.193824
0.378146 0.231301
0.398721 0.286574
0.376829 0.277529
0.375762 0.299321
0.347488 0.317013
0.227303 0.000209
0.293687 0.000732
0.316154 0.022176
0.316843 0.049731
0.339307 0.067199
0.358277 0.096928
0.373383 0.116824
0.378030 0.144446
0.374209 0.161024
0.410018 0.201499
0.390704 0.213122
0.373428 0.209893
0.401610 0.306077
0.419932 0.314678
0.367079 0.317047
0.235523 0.000673
0.333415 0.022515
0.324629 0.035935
0.335771 0.051534
0.364299 0.082308
0.377500 0.101901
0.384115 0.130470
0.392835 0.159596
0.380531 0.177190
0.405550 0.247269
0.389230 0.249183
0.419345 0.291788
0.393161 0.348655
0.390544 0.311189
0.243843 0.000185
0.318177 0.000761
0.341254 0.035851
0.351268 0.053537
0.356978 0.069447
0.378497 0.087697
0.390540 0.115318
0.396106 0.144122
0.393693 0.194510
0.430159 0.199597
0.413118 0.218659
0.396236 0.228573
0.435298 0.327411
0.410777 0.375258
0.407307 0.332501
0.252260 0.000767
0.351491 0.022768
0.366919 0.047408
0.371738 0.060376
0.380925 0.071512
0.396841 0.100492
0.404271 0.129364
0.399668 0.174311
0.412025 0.185207
0.427472 0.222441
0.405157 0.267150
0.433988 0.302183
0.419536 0.397125
0.417541 0.345464
0.268913 0.000690
0.342647 0.000867
0.358464 0.035048
0.386588 0.048943
0.393874 0.062604
0.394867 0.084269
0.408108 0.113915
0.411638 0.153665
0.417743 0.168584
0.433293 0.183100
0.441472 0.237278
0.419946 0.274622
0.450977 0.320078
0.430136 0.367888
0.439988 0.341006
0.277178 0.001201
0.369370 0.023110
0.378497 0.034420
0.405513 0.071652
0.410280 0.092059
0.421565 0.105538
0.435357 0.136706
0.418164 0.139751
0.433841 0.152674
0.436021 0.167757
0.420187 0.239326
0.406261 0.359517
0.469049 0.507332
0.432961 0.425136
0.285439 0.000638
0.366921 0.000235
0.405713 0.050271
0.398460 0.036355
0.420858 0.066263
0.439004 0.104181
0.423642 0.122544
0.451723 0.132008
0.455078 0.147729
0.450273 0.194878
0.441389 0.212078
0.448999 0.256353
0.448173 0.287768
0.427345 0.252841
0.434718 0.397658
0.301830 0.000354
0.388257 0.023454
0.419793 0.051189
0.435522 0.057038
0.421826 0.081438
0.432782 0.090038
0.441514 0.119445
0.453716 0.163370
0.455416 0.179586
0.455396 0.226689
0.457260 0.274239
0.480045 0.357748
0.412788 0.387550
0.447467 0.364621
0.309991 0.000114
0.404355 0.023070
0.426756 0.038070
0.440179 0.073367
0.450653 0.084139
0.481104 0.116327
0.474139 0.146791
0.460526 0.112903
0.467372 0.129003
0.461817 0.244863
0.473404 0.262936
0.474130 0.280702
0.455989 0.302020
0.457375 0.350970
0.435984 0.270982
0.326347 0.000750
0.416582 0.027947
0.441528 0.031035
0.446141 0.045415
0.462096 0.071447
0.455394 0.098509
0.484248 0.133474
0.490284 0.167331
0.472346 0.195550
0.462241 0.208605
0.473169 0.228746
0.470152 0.313025
0.441181 0.468075
0.448360 0.384310
0.334512 0.001147
0.407205 0.000893
0.430847 0.021287
0.452042 0.021762
0.453079 0.060061
0.470315 0.085015
0.472949 0.102057
0.492104 0.152863
0.471730 0.163360
0.481194 0.212965
0.481577 0.244846
0.463537 0.381421
0.480670 0.385355
0.447757 0.414395
0.443006 0.474889
0.350784 0.000617
0.470670 0.021137
0.465329 0.048904
0.487631 0.094979
0.496237 0.107979
0.508251 0.169715
0.491558 0.185958
0.475738 0.180527
0.481836 0.332805
0.465036 0.337602
0.482623 0.303398
0.484316 0.402063
0.424752 0.564830
0.435211 0.432743
0.358862 0.001074
0.415160 0.000604
0.478881 0.000727
0.488748 0.021974
0.460749 0.034754
0.510060 0.097907
0.502169 0.139076
0.500960 0.122698
0.494530 0.260585
0.494873 0.203681
0.465382 0.456443
0.491605 0.363375
0.456036 0.434139
0.464209 0.401993
0.489962 0.525614
0.374931 0.000009
0.462920 0.000504
0.477342 0.034024
0.476144 0.059461
0.525533 0.164797
0.527638 0.181880
0.508064 0.185996
0.503200 0.244166
0.493972 0.319435
0.458225 0.498153
0.455704 0.488110
0.408814 0.564607
0.452804 0.452887
0.472761 0.425256
0.382929 0.000351
0.454947 0.000602
0.486807 0.000673
0.506623 0.022898
0.523692 0.071975
0.528881 0.244270
0.520230 0.229973
0.507630 0.218022
0.596913 0.823508
0.423859 0.604234
0.454000 0.621616
0.813339 0.624010
0.572007 0.595083
0.407221 0.585784
0.440274 0.546783
0.423027 0.000350
0.470906 0.000465
0.584672 0.034286
0.494139 0.058341
0.486825 0.045355
0.511368 0.260602
0.515629 0.279948
0.494253 0.228351
0.500067 0.390344
0.492624 0.279670
0.466757 0.546791
0.427598 0.575029
0.452114 0.534698
0.441187 0.537021
0.399090 0.000716
0.439051 0.000610
0.510535 0.000299
0.497596 0.034379
0.613068 0.821489
0.515904 0.112935
0.596090 0.591787
0.494970 0.296031
0.483467 0.465035
0.487117 0.426967
0.809610 0.641123
0.610844 0.581768
0.612047 0.584662
0.454357 0.625662
0.403283 0.575861
0.534376 0.000280
0.502605 0.000801
0.431048 0.000828
0.231567 0.253797
0.503435 0.070455
0.513211 0.152348
0.486293 0.447069
0.611595 0.824975
0.581010 0.606830
0.483686 0.641868
0.812064 0.644296
0.590046 0.606116
0.476219 0.636787
0.473123 0.594382
0.597801 0.000911
0.550275 0.000217
0.390965 0.000085
0.494724 0.000343
0.537028 0.022681
0.494128 0.082434
0.517377 0.134127
0.527344 0.216313
0.504180 0.413157
0.506611 0.571334
0.481997 0.497675
0.468654 0.574016
0.507795 0.581422
0.468042 0.609389
0.541730 0.604639
0.589813 0.000225
0.518471 0.000530
0.446996 0.000765
0.520050 0.036259
0.481108 0.073261
0.813735 0.615681
0.423175 0.602085
0.477721 0.550413
0.489460 0.610520
0.595892 0.818308
0.467864 0.580662
0.487683 0.635773
0.554649 0.601896
0.532081 0.543057
0.613642 0.000396
0.566076 0.001201
0.522461 0.023012
0.526423 0.000060
0.512800 0.084030
0.514303 0.059177
0.528856 0.102186
0.515659 0.199848
0.534797 0.199723
0.497621 0.346307
0.512746 0.367084
0.492400 0.542137
0.542613 0.597362
0.503580 0.604074
0.529087 0.371514
0.629450 0.000636
0.542329 0.000854
0.540287 0.035357
0.528656 0.048808
0.507712 0.045672
0.530254 0.121807
0.547387 0.170193
0.544867 0.185626
0.547650 0.210884
0.512552 0.317805
0.487047 0.515760
0.524954 0.488416
0.510938 0.597382
0.516457 0.557659
0.637394 0.000551
0.558224 0.000039
0.569629 0.023634
0.558632 0.034843
0.546282 0.050158
0.532221 0.140091
0.538676 0.153222
0.556058 0.156479
0.541434 0.229800
0.510914 0.334281
0.516892 0.388852
0.522321 0.419333
0.510072 0.545166
0.530427 0.323277
0.507560 0.482383
0.653408 0.000679
0.586343 0.022228
0.574643 0.044689
0.553665 0.022660
0.536313 0.062520
0.530446 0.087492
0.544827 0.106295
0.545850 0.123124
0.562719 0.189830
0.533633 0.282984
0.522108 0.353524
0.515614 0.297810
0.504141 0.437315
0.492356 0.484391
0.661492 0.000630
0.573924 0.001031
0.601321 0.024142
0.543682 0.074688
0.561542 0.050961
0.559619 0.064786
0.547604 0.092215
0.564486 0.100705
0.552372 0.138113
0.563902 0.207452
0.550124 0.248636
0.533778 0.306337
0.559002 0.365220
0.552106 0.407087
0.558192 0.402199
0.677672 0.000532
0.581789 0.000824
0.605735 0.000815
0.580096 0.059777
0.558776 0.081066
0.578591 0.114798
0.561027 0.117617
0.565897 0.171635
0.579190 0.185786
0.561713 0.225740
0.531050 0.263961
0.543353 0.338424
0.524751 0.485624
0.531652 0.546074
0.685742 0.000171
0.621536 0.000157
0.616554 0.023795
0.593502 0.047276
0.573810 0.074224
0.575149 0.090043
0.570606 0.129653
0.569419 0.144512
0.579253 0.160803
0.591229 0.175200
0.547164 0.264777
0.564930 0.241730
0.559990 0.280150
0.568011 0.298382
0.573299 0.390386
0.701746 0.000033
0.625661 0.035896
0.605561 0.059071
0.607037 0.038570
0.592629 0.067623
0.591713 0.083101
0.586418 0.101874
0.587296 0.144048
0.598075 0.214880
0.581344 0.205008
0.569417 0.260196
0.541980 0.353798
0.499039 0.465196
0.534539 0.414390
0.709778 0.001013
0.645382 0.000623
0.632845 0.023169
0.618912 0.050133
0.608305 0.077024
0.603121 0.094824
0.590711 0.127058
0.604237 0.141012
0.597720 0.158382
0.597409 0.239331
0.582314 0.222307
0.577170 0.278520
0.548170 0.296335
0.553727 0.314573
0.559543 0.336083
0.717889 0.000583
0.645832 0.033133
0.638694 0.047087
0.621288 0.066005
0.620749 0.087254
0.600157 0.112849
0.610642 0.125636
0.615215 0.159122
0.597310 0.191315
0.584174 0.243244
0.592389 0.327118
0.570917 0.316911
0.536810 0.392761
0.522642 0.445938
0.734198 0.000649
0.669546 0.000295
0.651599 0.021405
0.656586 0.045805
0.636889 0.061352
0.633965 0.078770
0.616582 0.103343
0.621655 0.143828
0.610600 0.176170
0.610395 0.203198
0.619246 0.242935
0.629764 0.222757
0.582259 0.335394
0.567952 0.379321
0.611535 0.358950
0.742342 0.000986
0.669903 0.022189
0.667503 0.034371
0.657994 0.060139
0.649105 0.072960
0.634846 0.097426
0.624350 0.115673
0.629065 0.168865
0.620575 0.188583
0.612356 0.225980
0.589630 0.261885
0.525169 0.442232
0.632369 0.285898
0.593354 0.362536
0.750554 0.001102
0.693748 0.000008
0.685344 0.023145
0.675689 0.046720
0.669663 0.070698
0.649912 0.089429
0.640882 0.113753
0.629716 0.130775
0.636559 0.152584
0.637749 0.182046
0.608395 0.257181
0.617188 0.272500
0.587486 0.297393
0.628551 0.346284
0.587372 0.370520
0.758733 0.000889
0.701896 0.023275
0.689668 0.036062
0.680333 0.059877
0.665152 0.084693
0.656005 0.103186
0.646353 0.133645
0.649245 0.166393
0.627211 0.207302
0.647566 0.216597
0.573019 0.353317
0.597737 0.307259
0.655075 0.332232
0.643777 0.314904
0.766903 0.001129
0.726076 0.000133
0.719757 0.021923
0.698081 0.047017
0.686787 0.074602
0.673880 0.097281
0.655429 0.119293
0.651019 0.149000
0.655089 0.186126
0.599350 0.277810
0.663565 0.201539
0.632614 0.258061
0.644327 0.274326
0.620686 0.357505
0.624570 0.322509
0.783380 0.000893
0.734734 0.024116
0.711179 0.033859
0.698919 0.061996
0.690209 0.088313
0.671999 0.115503
0.664667 0.135459
0.666985 0.154926
0.643994 0.200146
0.659470 0.231159
0.655874 0.261154
0.610383 0.296576
0.647196 0.298676
0.623843 0.303246
0.791698 0.000495
0.749478 0.021978
0.731671 0.037113
0.716230 0.047434
0.705313 0.077145
0.686321 0.105719
0.695858 0.117840
0.681043 0.128495
0.666538 0.173105
0.681439 0.162110
0.637033 0.240294
0.653318 0.245047
0.676787 0.270864
0.716235 0.271438
0.670442 0.299009
0.799960 0.000598
0.754825 0.034931
0.732507 0.052345
0.715989 0.063316
0.716748 0.084518
0.702953 0.098385
0.712591 0.112902
0.682092 0.144109
0.693806 0.191116
0.681670 0.236758
0.675489 0.253602
0.662750 0.281618
0.639008 0.338809
0.607911 0.330539
0.816637 0.000472
0.775110 0.000713
0.765821 0.021972
0.748171 0.046475
0.746531 0.062563
0.730400 0.069466
0.722783 0.099213
0.701856 0.132782
0.690881 0.170976
0.676527 0.186407
0.683928 0.204778
0.705778 0.222814
0.728932 0.226425
0.678784 0.324228
0.665910 0.325271
0.825033 0.000759
0.783920 0.020191
0.775738 0.033967
0.767405 0.045373
0.752136 0.076131
0.734964 0.083048
0.719095 0.128515
0.716890 0.145709
0.697606 0.147867
0.706010 0.181278
0.685795 0.220803
0.718324 0.196708
0.687014 0.290798
0.693636 0.265038
0.833463 0.000452
0.808256 0.000359
0.801039 0.022119
0.787041 0.048149
0.763579 0.059916
0.758390 0.088553
0.741324 0.097098
0.729441 0.113595
0.735599 0.134868
0.667622 0.218987
0.705753 0.206127
0.702129 0.238128
0.744004 0.213861
0.698073 0.305522
0.686109 0.315097
0.850466 0.001031
0.815769 0.020937
0.791712 0.033389
0.781133 0.061689
0.771268 0.073757
0.782458 0.082984
0.752912 0.105224
0.743080 0.120697
0.707911 0.161206
0.722506 0.165722
0.725312 0.182496
0.739580 0.194773
0.702944 0.252245
0.732190 0.240664
0.859025 0.000886
0.841938 0.000622
0.831248 0.021314
0.808110 0.036954
0.801792 0.051791
0.794640 0.069859
0.770925 0.096643
0.765539 0.115094
0.755743 0.130899
0.733374 0.150041
0.741376 0.163044
0.739847 0.179894
0.756070 0.191888
0.724682 0.213400
0.722159 0.252818
0.876204 0.000843
0.845967 0.020443
0.824169 0.035743
0.819876 0.050978
0.810445 0.064282
0.804208 0.081563
0.792235 0.095226
0.781116 0.108365
0.773876 0.127355
0.753718 0.145117
0.757354 0.159624
0.763166 0.175984
0.769667 0.203022
0.758020 0.265722
0.884853 0.000747
0.867603 0.000692
0.861907 0.020860
0.838559 0.036767
0.835048 0.054362
0.826373 0.067888
0.821028 0.082748
0.809172 0.096148
0.798882 0.110996
0.790442 0.125663
0.774218 0.142121
0.783835 0.155231
0.792469 0.192207
0.745891 0.247957
0.713961 0.293924
0.893655 0.000343
0.876819 0.020689
0.855812 0.034393
0.850474 0.048056
0.852109 0.062717
0.843086 0.074185
0.837746 0.087681
0.827702 0.099747
0.817846 0.111624
0.807638 0.125414
0.797631 0.138884
0.773121 0.162829
0.778878 0.194432
0.758296 0.221275
0.902499 0.000716
0.911521 0.000388
0.892523 0.020272
0.872889 0.034756
0.869053 0.048141
0.867069 0.063560
0.859937 0.080622
0.853907 0.093828
0.841029 0.106883
0.830869 0.121461
0.822862 0.136206
0.802131 0.152524
0.784175 0.174979
0.802075 0.220590
0.723405 0.299468
0.920440 0.000422
0.908466 0.018467
0.891253 0.033685
0.888217 0.047151
0.882553 0.061413
0.877564 0.077145
0.872395 0.092384
0.863180 0.107511
0.851062 0.120434
0.839636 0.134842
0.816770 0.151021
0.827525 0.164425
0.809802 0.179842
0.774133 0.220081
0.929272 0.000255
0.924197 0.020290
0.912121 0.031426
0.905884 0.044652
0.901776 0.059077
0.897251 0.072679
0.889909 0.088641
0.886280 0.102851
0.875832 0.115374
0.865188 0.128107
0.856628 0.141626
0.839424 0.149103
0.800109 0.165042
0.798558 0.202960
0.731137 0.276614
0.938196 0.001207
0.935261 0.033158
0.924675 0.041115
0.919478 0.054952
0.914048 0.072573
0.906715 0.086528
0.904701 0.108214
0.894329 0.118596
0.879500 0.134627
0.870931 0.149164
0.859436 0.162397
0.843462 0.166433
0.826593 0.179510
0.741836 0.286738
0.947381 0.000581
0.941108 0.016703
0.952559 0.026677
0.941104 0.054160
0.929522 0.064863
0.929759 0.082722
0.917720 0.097444
0.917385 0.114226
0.906921 0.129600
0.896058 0.141863
0.884076 0.156761
0.845278 0.179294
0.863076 0.185711
0.785590 0.231480
0.839286 0.200991
0.956570 0.000117
0.966437 0.018921
0.947843 0.040620
0.957942 0.055965
0.957692 0.091443
0.953546 0.112707
0.941941 0.112907
0.913080 0.139832
0.907689 0.155941
0.895750 0.169630
0.872918 0.171541
0.857280 0.203248
0.815685 0.191676
0.823227 0.240360
0.965779 0.000554
0.986068 0.000402
0.977729 0.017065
0.970342 0.066533
0.948756 0.072583
0.942650 0.089343
0.930758 0.128435
0.949164 0.134735
0.932458 0.143310
0.916217 0.166124
0.924652 0.179775
0.898276 0.202840
0.820701 0.227308
0.825318 0.204064
0.753662 0.279047
0.975403 0.000889
0.965908 0.033551
0.968173 0.046993
0.987439 0.067675
0.962282 0.074714
0.934627 0.100252
0.953960 0.149809
0.944278 0.159693
0.969658 0.166426
0.901386 0.184343
0.942191 0.191292
0.881927 0.186912
0.837605 0.219684
0.758709 0.234585
0.999644 0.000040
0.999206 0.034567
0.983338 0.032697
0.983461 0.048671
0.999480 0.100585
0.987040 0.107031
0.999590 0.137231
0.999307 0.148716
0.946762 0.170592
0.966959 0.192818
0.926022 0.196801
0.913140 0.202837
0.864339 0.222264
0.977870 0.191473
0.777411 0.266660
0.999569 0.000957
0.999509 0.044817
0.999541 0.066496
0.999611 0.089909
0.999613 0.113123
0.972078 0.094706
0.961873 0.140578
0.982713 0.155587
0.977411 0.137094
0.999162 0.186190
0.954594 0.192864
0.877311 0.210048
0.773093 0.252123
0.852046 0.225400
0.999591 0.013550
0.999843 0.024307
0.999110 0.055472
0.999241 0.078837
0.982112 0.085869
0.999741 0.125799
0.976374 0.123348
0.965023 0.112188
0.999179 0.193616
0.999136 0.166779
0.988526 0.173183
0.829522 0.244183
0.887451 0.213462
0.785497 0.260728
0.798960 0.246607
