0.000326 0.020196
0.000584 0.051649
0.000410 0.085821
0.000647 0.121390
0.000264 0.133570
0.011086 0.160790
0.000649 0.174230
0.000468 0.187995
0.028073 0.181749
0.051724 0.189627
0.180663 0.213158
0.079496 0.183971
0.145353 0.204567
0.225110 0.238344
0.000587 0.008290
0.000543 0.030210
0.000818 0.062357
0.030239 0.052896
0.025029 0.089440
0.013349 0.128814
0.001054 0.160415
0.027818 0.161969
0.000281 0.199604
0.008723 0.202192
0.030915 0.191479
0.049390 0.175262
0.134860 0.196179
0.155736 0.207634
0.198049 0.225318
0.000662 0.000620
0.000296 0.041082
0.001063 0.073237
0.000662 0.096800
0.000787 0.108976
0.012012 0.106835
0.000575 0.145747
0.041515 0.131313
0.029210 0.140591
0.042862 0.152102
0.066128 0.167051
0.113502 0.190118
0.098835 0.189230
0.206747 0.244135
0.006454 0.000345
0.019229 0.017459
0.014753 0.037537
0.014746 0.056867
0.012331 0.079067
0.038528 0.098995
0.045666 0.084672
0.033830 0.124949
0.056823 0.134439
0.075570 0.141999
0.059489 0.148537
0.097166 0.175076
0.069805 0.184322
0.121113 0.197187
0.238259 0.259588
0.018047 0.000278
0.049189 0.031826
0.028771 0.032941
0.041319 0.059720
0.028753 0.075055
0.026771 0.111269
0.050447 0.103709
0.063175 0.117596
0.091150 0.145553
0.122109 0.153228
0.082317 0.160246
0.170830 0.185118
0.118566 0.171311
0.214716 0.214934
0.036519 0.000462
0.027551 0.000323
0.060940 0.040017
0.040421 0.042578
0.045542 0.072483
0.060572 0.079004
0.067375 0.090638
0.067670 0.103421
0.079185 0.120050
0.088480 0.132434
0.109932 0.138090
0.106403 0.158938
0.154438 0.178592
0.168050 0.206183
0.270879 0.247790
0.045382 0.000787
0.035984 0.020792
0.057138 0.055227
0.071101 0.060438
0.077035 0.074533
0.088150 0.090346
0.084789 0.104443
0.097155 0.111215
0.108359 0.124057
0.131465 0.135965
0.136200 0.159971
0.137363 0.174971
0.155796 0.162531
0.189195 0.219740
0.054827 0.000915
0.054687 0.016674
0.068173 0.023995
0.073461 0.041589
0.083930 0.053884
0.089225 0.069670
0.102051 0.079643
0.105868 0.094147
0.115439 0.106622
0.122685 0.122816
0.145661 0.143237
0.168027 0.161207
0.182891 0.171633
0.219014 0.187106
0.232445 0.267166
0.064090 0.000168
0.081333 0.019850
0.086765 0.034973
0.099665 0.047827
0.104087 0.063677
0.117392 0.073846
0.123481 0.089356
0.132047 0.101400
0.138506 0.117158
0.150556 0.126503
0.162995 0.141597
0.192292 0.181724
0.193879 0.196121
0.214582 0.201720
0.072863 0.000868
0.081526 0.000577
0.096284 0.022355
0.105023 0.034873
0.114680 0.051190
0.127049 0.062692
0.136425 0.077232
0.144488 0.089411
0.151546 0.106638
0.165779 0.122000
0.178307 0.132422
0.197184 0.163556
0.234534 0.194113
0.251667 0.219449
0.283678 0.287939
0.090220 0.000641
0.112582 0.018665
0.120203 0.030796
0.128422 0.042525
0.139141 0.053173
0.147594 0.065792
0.158934 0.077173
0.159469 0.093985
0.172664 0.107113
0.196121 0.133723
0.184894 0.149015
0.217296 0.157137
0.215362 0.173158
0.247346 0.245957
0.098864 0.000166
0.116419 0.000868
0.132346 0.019710
0.140661 0.032500
0.151070 0.044578
0.161838 0.058423
0.174335 0.070921
0.175054 0.086619
0.186414 0.100425
0.188168 0.119837
0.217237 0.134076
0.204705 0.146837
0.258681 0.166044
0.262077 0.211765
0.284400 0.284142
0.107674 0.000923
0.150112 0.019657
0.159004 0.032402
0.169719 0.043514
0.179475 0.057514
0.191776 0.067906
0.191648 0.082361
0.205267 0.089983
0.200220 0.106888
0.208977 0.119717
0.229858 0.151906
0.236625 0.169142
0.250023 0.196704
0.226719 0.221235
0.125085 0.000512
0.151045 0.000143
0.168035 0.020990
0.180631 0.035158
0.191143 0.046049
0.203085 0.059247
0.210842 0.075759
0.219706 0.094669
0.223117 0.107532
0.230698 0.118402
0.233074 0.135061
0.250506 0.153960
0.268746 0.182570
0.272563 0.228319
0.293153 0.269353
0.133821 0.001255
0.183359 0.021199
0.200485 0.035707
0.213159 0.049067
0.219574 0.063671
0.228501 0.079034
0.237043 0.094460
0.247502 0.111376
0.249742 0.125722
0.252961 0.142529
0.270819 0.153645
0.245796 0.181276
0.281615 0.210117
0.290974 0.237218
0.142451 0.000996
0.185067 0.000299
0.198363 0.022038
0.217661 0.035520
0.235534 0.060935
0.243082 0.074994
0.250600 0.093258
0.266498 0.118228
0.268935 0.133156
0.282018 0.142870
0.281266 0.167910
0.287573 0.182037
0.303913 0.231320
0.311732 0.249464
0.279562 0.248097
0.159581 0.000276
0.213853 0.021004
0.230509 0.045712
0.254676 0.063123
0.259889 0.079774
0.272687 0.091225
0.263722 0.103424
0.291336 0.128535
0.291142 0.157086
0.302479 0.170682
0.307515 0.188808
0.268924 0.195899
0.317662 0.297099
0.305155 0.289263
0.168106 0.000694
0.228792 0.023120
0.239635 0.034799
0.248440 0.049987
0.271103 0.065014
0.279711 0.077350
0.282821 0.115499
0.308528 0.124162
0.302437 0.142387
0.312806 0.157299
0.320106 0.181067
0.292634 0.199258
0.299631 0.214101
0.312026 0.268883
0.327925 0.297946
0.176564 0.000398
0.255734 0.033936
0.265102 0.048118
0.292535 0.069255
0.295424 0.087180
0.286535 0.099911
0.318039 0.138999
0.331129 0.148635
0.325590 0.164544
0.329324 0.192386
0.314035 0.204709
0.321081 0.222513
0.324273 0.243064
0.361016 0.333111
0.193518 0.000274
0.246066 0.021259
0.273316 0.035451
0.281326 0.054484
0.309974 0.078222
0.308778 0.097207
0.301018 0.110730
0.344674 0.141309
0.344716 0.161794
0.363729 0.218796
0.348413 0.203956
0.339808 0.253648
0.336448 0.233302
0.356376 0.289352
0.368300 0.334922
0.202020 0.000675
0.263990 0.021119
0.288948 0.035458
0.305809 0.062085
0.324099 0.093386
0.321479 0.109362
0.326762 0.125169
0.358395 0.159996
0.340199 0.178475
0.348810 0.222632
0.335168 0.208924
0.358038 0.270148
0.330063 0.270019
0.338657 0.311520
0.210460 0.000818
0.260574 0.000723
0.281458 0.021795
0.295282 0.049256
0.327949 0.078350
0.341130 0.096169
0.339180 0.111365
0.344953 0.126663
0.361918 0.176581
0.356455 0.190521
0.381583 0.261105
0.369751 0.244787
0.356632 0.243806
0.384818 0.335782
0.343541 0.273312
0.218943 0.000364
0.299003 0.022163
0.306685 0.035900
0.321884 0.063282
0.345866 0.081983
0.356421 0.110702
0.362168 0.126413
0.361720 0.142156
0.374895 0.190358
0.378421 0.228313
0.398778 0.282884
0.376186 0.274230
0.375472 0.294638
0.346683 0.313482
0.227280 0.000429
0.293680 0.000570
0.315844 0.022238
0.316181 0.048941
0.339236 0.066316
0.358723 0.095578
0.373764 0.114846
0.378324 0.142366
0.374848 0.158012
0.410479 0.198227
0.391050 0.209495
0.373622 0.206573
0.400880 0.301760
0.419515 0.310778
0.366692 0.312694
0.235503 0.000927
0.333277 0.022317
0.324267 0.035807
0.335109 0.050815
0.364795 0.081092
0.377713 0.100374
0.384022 0.128492
0.393967 0.157253
0.381095 0.174193
0.405472 0.243919
0.388546 0.246171
0.419062 0.286981
0.392682 0.346302
0.390783 0.307375
0.243807 0.000150
0.318173 0.000561
0.341337 0.035306
0.350557 0.052578
0.356884 0.067958
0.378373 0.086333
0.390893 0.113802
0.396364 0.141708
0.393709 0.191168
0.430428 0.196013
0.413144 0.214945
0.396474 0.225422
0.434351 0.323300
0.409081 0.370728
0.406332 0.327737
0.252196 0.001132
0.351518 0.022367
0.366999 0.046756
0.371085 0.059398
0.381177 0.070092
0.396535 0.098754
0.404769 0.127274
0.399717 0.172373
0.412176 0.182278
0.427717 0.218563
0.404675 0.263801
0.434107 0.298537
0.419236 0.391907
0.416807 0.341364
0.268885 0.000409
0.342639 0.000815
0.358239 0.034789
0.386807 0.048224
0.393801 0.061611
0.395128 0.082332
0.408617 0.111738
0.411794 0.151205
0.418009 0.165804
0.433734 0.179888
0.441658 0.234181
0.419448 0.270829
0.451300 0.315763
0.430143 0.364417
0.439630 0.336433
0.277190 0.000794
0.369272 0.022587
0.378095 0.033835
0.405870 0.070087
0.410253 0.090495
0.421936 0.103292
0.435812 0.134382
0.418696 0.137368
0.434383 0.150020
0.436504 0.165432
0.420341 0.235167
0.404459 0.353757
0.468448 0.502145
0.431651 0.418971
0.285434 0.000792
0.366908 0.000717
0.405682 0.049532
0.398074 0.036014
0.421003 0.064844
0.439275 0.102129
0.423906 0.120432
0.452418 0.129639
0.455103 0.145553
0.450557 0.191459
0.441989 0.208693
0.448470 0.252748
0.447688 0.284486
0.427051 0.248746
0.433051 0.392956
0.301829 0.001101
0.387893 0.023142
0.419864 0.050046
0.435422 0.056270
0.421551 0.080249
0.433070 0.087930
0.441718 0.117464
0.453679 0.160675
0.455299 0.176542
0.455832 0.222021
0.457531 0.269974
0.480732 0.353584
0.411268 0.381689
0.446782 0.359193
0.309998 0.000923
0.404057 0.022976
0.427005 0.037553
0.440001 0.072186
0.451074 0.082489
0.480998 0.113815
0.474182 0.144313
0.460249 0.111139
0.468073 0.126789
0.462269 0.240642
0.472888 0.258714
0.474237 0.277101
0.455325 0.298093
0.457568 0.347254
0.435613 0.266338
0.326358 0.000765
0.416618 0.027569
0.441440 0.030710
0.446445 0.044988
0.461821 0.069847
0.455457 0.096668
0.484441 0.130654
0.490480 0.164506
0.473166 0.192368
0.462708 0.205610
0.473311 0.225362
0.470449 0.309891
0.440986 0.462144
0.447906 0.378882
0.334512 0.000219
0.407078 0.001052
0.430228 0.021252
0.452210 0.021359
0.452726 0.059124
0.470011 0.083581
0.473236 0.100503
0.492023 0.150210
0.471737 0.160320
0.481792 0.209549
0.481816 0.241025
0.462791 0.376736
0.479951 0.381145
0.447028 0.409334
0.442596 0.468983
0.350758 0.000679
0.471014 0.021144
0.465332 0.048462
0.487331 0.093020
0.496622 0.106206
0.508777 0.166477
0.491470 0.182987
0.475499 0.177403
0.481127 0.328792
0.464754 0.333144
0.482394 0.298829
0.484217 0.396890
0.424406 0.559402
0.434130 0.427151
0.358848 0.000942
0.415029 0.000115
0.478878 0.000380
0.488795 0.021792
0.460462 0.034166
0.510014 0.096348
0.502055 0.136667
0.500773 0.120490
0.495018 0.256179
0.494923 0.200092
0.465022 0.451484
0.491269 0.358819
0.455423 0.428886
0.463102 0.396722
0.489556 0.520354
0.374917 0.000534
0.462885 0.000542
0.477235 0.033965
0.475751 0.058632
0.526471 0.162145
0.528039 0.178391
0.507887 0.182568
0.503164 0.239887
0.494327 0.316327
0.457890 0.492752
0.455277 0.482707
0.407983 0.558918
0.451889 0.448007
0.472598 0.420071
0.382918 0.000523
0.454900 0.000617
0.486850 0.000982
0.506840 0.023044
0.523604 0.070414
0.529187 0.240236
0.520973 0.226772
0.508014 0.214847
0.596627 0.819875
0.423175 0.598433
0.453610 0.615747
0.815107 0.616448
0.572762 0.587606
0.406348 0.579884
0.440199 0.540748
0.422953 0.000232
0.470879 0.000285
0.585159 0.034029
0.493822 0.057699
0.486755 0.044543
0.511513 0.257003
0.514941 0.275852
0.495462 0.224189
0.500539 0.385702
0.492894 0.275258
0.466039 0.541132
0.426937 0.568994
0.451599 0.529715
0.441094 0.531494
0.399000 0.000791
0.438963 0.000937
0.510519 0.000215
0.497702 0.033811
0.616066 0.815550
0.515928 0.111170
0.596727 0.585072
0.494514 0.292640
0.482547 0.460176
0.487119 0.422267
0.815520 0.635265
0.611905 0.576170
0.613006 0.577347
0.453466 0.620109
0.402703 0.569345
0.534372 0.000826
0.502638 0.000217
0.430929 0.000686
0.224832 0.249524
0.503227 0.069057
0.513219 0.149403
0.485465 0.441986
0.613546 0.819727
0.581541 0.600435
0.483289 0.635853
0.815484 0.636587
0.590364 0.599026
0.475312 0.631091
0.472835 0.588900
0.597872 0.000667
0.550292 0.001104
0.390940 0.000558
0.494768 0.000310
0.537289 0.022348
0.494300 0.081112
0.517582 0.131655
0.528101 0.212894
0.504356 0.408100
0.506437 0.566074
0.481727 0.492153
0.468266 0.568856
0.507818 0.576377
0.467636 0.603544
0.541483 0.598921
0.589868 0.001064
0.518448 0.000339
0.446930 0.000456
0.520298 0.036007
0.481503 0.072184
0.819829 0.608258
0.422772 0.596684
0.477532 0.544950
0.489239 0.604661
0.597091 0.812393
0.467599 0.575318
0.488290 0.629714
0.554778 0.596192
0.531635 0.537673
0.613659 0.000459
0.566092 0.000406
0.522664 0.022772
0.526400 0.000495
0.512724 0.082441
0.514588 0.057729
0.528648 0.100482
0.516123 0.196290
0.534545 0.196816
0.497602 0.342937
0.514176 0.363522
0.492155 0.536362
0.543925 0.591530
0.503705 0.598390
0.529167 0.366296
0.629463 0.000394
0.542353 0.000727
0.540440 0.035163
0.528737 0.047948
0.507662 0.044920
0.530426 0.119528
0.547980 0.167642
0.545797 0.182927
0.547977 0.206577
0.512684 0.313939
0.486845 0.510999
0.524902 0.482855
0.510831 0.592320
0.516133 0.552210
0.637409 0.000283
0.558231 0.000249
0.570254 0.023260
0.558964 0.034348
0.546525 0.049525
0.532254 0.137545
0.538493 0.150357
0.556824 0.153528
0.542021 0.226157
0.511539 0.330879
0.517785 0.383784
0.522684 0.414607
0.509576 0.539665
0.530818 0.320749
0.507431 0.477024
0.653439 0.000321
0.586414 0.021375
0.574489 0.042903
0.554040 0.022115
0.536054 0.061450
0.530317 0.085867
0.544565 0.104501
0.545763 0.121254
0.563707 0.187176
0.533489 0.279233
0.522154 0.349141
0.516375 0.293936
0.503860 0.432107
0.491505 0.478955
0.661529 0.000778
0.573987 0.000756
0.601516 0.023834
0.543832 0.073636
0.561746 0.050294
0.559281 0.063889
0.547347 0.090907
0.564002 0.098908
0.552895 0.136011
0.563743 0.204627
0.549658 0.244010
0.533581 0.301747
0.559373 0.360363
0.553194 0.402118
0.558811 0.398145
0.677713 0.000755
0.581865 0.000983
0.605776 0.000869
0.580034 0.058334
0.558797 0.080161
0.578001 0.113149
0.560926 0.115638
0.565840 0.169013
0.579052 0.182837
0.562565 0.221716
0.531128 0.259566
0.543263 0.335642
0.524931 0.479771
0.531396 0.540416
0.685772 0.000130
0.621540 0.000541
0.616717 0.022907
0.593835 0.046367
0.573826 0.072945
0.575328 0.088698
0.570738 0.127634
0.569856 0.142228
0.579519 0.157956
0.591302 0.172179
0.547169 0.260424
0.565123 0.237797
0.560377 0.276237
0.568282 0.295116
0.573519 0.384640
0.701789 0.000967
0.625933 0.035131
0.605815 0.058056
0.607571 0.037873
0.592357 0.066209
0.591399 0.081580
0.586580 0.100054
0.587762 0.142413
0.597990 0.211411
0.581592 0.200885
0.569193 0.256474
0.542570 0.349451
0.498854 0.459907
0.534677 0.409704
0.709804 0.000801
0.645392 0.000956
0.633005 0.022383
0.618982 0.049314
0.608228 0.075583
0.603098 0.093425
0.590804 0.125185
0.603831 0.138581
0.597911 0.156393
0.596934 0.236279
0.582019 0.218882
0.577436 0.274347
0.548536 0.292572
0.553493 0.311298
0.559829 0.332219
0.717908 0.000672
0.645897 0.032377
0.638894 0.046117
0.621623 0.064831
0.620589 0.085380
0.599488 0.110956
0.610544 0.124187
0.615017 0.156492
0.597260 0.188651
0.583756 0.238549
0.593046 0.323179
0.572270 0.314345
0.537139 0.388132
0.523108 0.440930
0.734201 0.000078
0.669581 0.000645
0.652156 0.020894
0.656823 0.044460
0.637513 0.060203
0.634362 0.077206
0.616600 0.101862
0.621762 0.142005
0.610511 0.173554
0.610356 0.200102
0.619743 0.239417
0.629553 0.219312
0.581959 0.331597
0.568886 0.375476
0.612002 0.354867
0.742324 0.000031
0.670139 0.021595
0.667300 0.033595
0.658066 0.058504
0.650049 0.071889
0.634460 0.095990
0.624072 0.113759
0.628788 0.166230
0.620491 0.185179
0.611930 0.222479
0.589328 0.258889
0.525710 0.437432
0.631526 0.282046
0.593430 0.359347
0.750526 0.000787
0.693791 0.000287
0.686039 0.022424
0.676157 0.045703
0.670158 0.069297
0.649912 0.088111
0.640996 0.112081
0.629470 0.129046
0.636329 0.150472
0.637525 0.179453
0.608374 0.253435
0.617174 0.269985
0.587638 0.293465
0.628258 0.342900
0.588372 0.365993
0.758705 0.000554
0.701886 0.022662
0.689781 0.035872
0.680814 0.058467
0.665268 0.083224
0.656237 0.101749
0.646403 0.131295
0.649206 0.163796
0.627136 0.203954
0.647811 0.213639
0.572622 0.349403
0.597952 0.304607
0.655040 0.329852
0.644275 0.310812
0.766877 0.000266
0.726094 0.000559
0.720203 0.021549
0.698771 0.046162
0.687035 0.073512
0.674165 0.095831
0.655910 0.117304
0.650293 0.147020
0.654701 0.183079
0.599631 0.273684
0.663809 0.197909
0.632519 0.255355
0.644400 0.271153
0.621327 0.354274
0.624590 0.319433
0.783373 0.000127
0.735182 0.023745
0.711257 0.033031
0.699165 0.060775
0.690137 0.087010
0.671849 0.113997
0.664076 0.133349
0.666202 0.151972
0.643772 0.196217
0.660245 0.228434
0.656725 0.257508
0.610778 0.292652
0.647406 0.296039
0.623458 0.300106
0.791714 0.000846
0.749649 0.021567
0.732041 0.036824
0.717031 0.046302
0.705043 0.076294
0.686537 0.104725
0.696299 0.115917
0.681207 0.126216
0.666498 0.170506
0.680981 0.159248
0.636915 0.237480
0.653193 0.242006
0.678134 0.268672
0.716337 0.266799
0.669997 0.295240
0.799987 0.000352
0.755645 0.034314
0.732712 0.051251
0.715786 0.062337
0.717560 0.082751
0.703383 0.096572
0.712387 0.111203
0.681916 0.141773
0.694312 0.187918
0.681935 0.232579
0.676354 0.250092
0.662627 0.278286
0.639776 0.334950
0.608035 0.326452
0.816676 0.000452
0.775087 0.000046
0.766160 0.021220
0.748539 0.045437
0.746728 0.061504
0.730418 0.067590
0.722719 0.097431
0.701752 0.130916
0.690555 0.168652
0.676702 0.183313
0.683166 0.201320
0.705903 0.219955
0.729670 0.222646
0.679153 0.321185
0.665914 0.322130
0.825080 0.000066
0.784556 0.019647
0.776279 0.033181
0.767882 0.044253
0.752354 0.074397
0.735090 0.081521
0.718929 0.126452
0.716672 0.143667
0.697548 0.145598
0.705964 0.178744
0.685517 0.217382
0.718392 0.193912
0.687009 0.287137
0.693059 0.262438
0.833518 0.000814
0.808283 0.001129
0.801601 0.021566
0.787169 0.047512
0.763541 0.058538
0.758650 0.087307
0.740981 0.095337
0.729451 0.111632
0.736131 0.132583
0.667615 0.215974
0.705921 0.202907
0.703297 0.234504
0.744058 0.211627
0.699057 0.301932
0.686329 0.310512
0.850575 0.000259
0.816535 0.020614
0.792235 0.033063
0.780662 0.060480
0.771116 0.072645
0.782943 0.080910
0.752939 0.103177
0.742841 0.118759
0.706958 0.158751
0.722163 0.162412
0.725765 0.179419
0.739024 0.192326
0.704172 0.249618
0.732905 0.239064
0.859088 0.000358
0.841993 0.000546
0.832047 0.021273
0.808688 0.036319
0.801899 0.050650
0.795295 0.068066
0.771897 0.094818
0.765220 0.112882
0.756285 0.128366
0.733676 0.147594
0.741642 0.160873
0.741460 0.177154
0.756143 0.189086
0.725193 0.209953
0.723426 0.248732
0.876305 0.000794
0.846546 0.020273
0.824406 0.035589
0.820317 0.050162
0.810823 0.063807
0.804663 0.080147
0.792927 0.093426
0.781750 0.107313
0.774313 0.125348
0.753312 0.142897
0.757816 0.157097
0.764179 0.174193
0.769474 0.199907
0.759821 0.263175
0.884953 0.000775
0.867670 0.000427
0.863099 0.020532
0.839399 0.035896
0.836032 0.053170
0.826875 0.065876
0.822298 0.080971
0.810083 0.094740
0.799656 0.109602
0.790257 0.123672
0.773867 0.140740
0.785456 0.153176
0.794296 0.189951
0.745152 0.245409
0.714847 0.291222
0.893686 0.000049
0.878222 0.020318
0.856691 0.034040
0.851188 0.047221
0.852712 0.061623
0.843667 0.072982
0.838415 0.086425
0.828767 0.097989
0.818283 0.110415
0.808927 0.124008
0.797656 0.136169
0.773315 0.160185
0.779800 0.191757
0.758346 0.219346
0.902524 0.000966
0.911537 0.001079
0.893488 0.019882
0.874541 0.033858
0.869848 0.046893
0.867840 0.062210
0.860674 0.078755
0.854358 0.092418
0.841946 0.105469
0.831401 0.119590
0.823206 0.134495
0.803081 0.150469
0.785868 0.171847
0.802648 0.217445
0.724126 0.294072
0.920489 0.000548
0.909351 0.017727
0.892706 0.033273
0.888294 0.046424
0.883026 0.060500
0.878065 0.076482
0.872714 0.091637
0.863172 0.106135
0.851507 0.119323
0.840258 0.133057
0.817927 0.149223
0.827752 0.161676
0.810065 0.176721
0.775833 0.217963
0.929378 0.000495
0.925611 0.019449
0.913610 0.030963
0.906295 0.043553
0.902260 0.057899
0.897287 0.072426
0.890185 0.087798
0.886973 0.102092
0.876509 0.114436
0.866074 0.126735
0.857434 0.140635
0.839131 0.147796
0.799798 0.162850
0.798648 0.201179
0.733603 0.272510
0.938423 0.000163
0.936113 0.032710
0.925816 0.040396
0.920985 0.054289
0.915449 0.071212
0.907360 0.085616
0.905789 0.106739
0.894353 0.116858
0.879861 0.133910
0.872171 0.148393
0.861558 0.160805
0.843936 0.164513
0.828035 0.179045
0.742762 0.284009
0.947602 0.000427
0.941248 0.015533
0.952976 0.025755
0.940882 0.053592
0.930246 0.062991
0.928524 0.081480
0.918858 0.096528
0.919380 0.114192
0.909327 0.128511
0.897374 0.139834
0.884463 0.155632
0.847497 0.178582
0.865690 0.184719
0.783995 0.229092
0.841811 0.199754
0.956704 0.000453
0.966605 0.017907
0.949163 0.039506
0.957135 0.054849
0.958222 0.091392
0.951976 0.112532
0.941073 0.111494
0.913942 0.140403
0.912043 0.155680
0.897025 0.168620
0.873711 0.170625
0.857755 0.202374
0.817210 0.189194
0.826216 0.238454
0.965866 0.000085
0.986397 0.000181
0.978887 0.016509
0.971017 0.065741
0.949454 0.072494
0.944390 0.088618
0.931202 0.126399
0.951211 0.135322
0.933105 0.142193
0.916571 0.165533
0.925266 0.178941
0.900245 0.203477
0.822575 0.225911
0.825950 0.202061
0.755208 0.277013
0.975731 0.000558
0.966769 0.034556
0.968914 0.047058
0.987280 0.066635
0.963424 0.074532
0.934908 0.099741
0.955616 0.150844
0.946448 0.160865
0.969202 0.166592
0.903360 0.183706
0.944000 0.193134
0.883012 0.186063
0.838541 0.219268
0.758528 0.230324
0.998985 0.000836
0.999792 0.034393
0.983884 0.032403
0.983423 0.048502
0.999707 0.100882
0.986847 0.106630
0.999609 0.137654
0.999853 0.149272
0.948315 0.171394
0.967156 0.193744
0.929404 0.196578
0.916143 0.203987
0.866725 0.220729
0.979403 0.195296
0.777467 0.264235
0.999111 0.000600
0.999312 0.044781
0.998875 0.066716
0.999657 0.089950
0.999583 0.113735
0.970530 0.096916
0.963422 0.141103
0.979925 0.155226
0.978259 0.139705
0.999593 0.187512
0.955952 0.193128
0.878155 0.208310
0.773205 0.248185
0.854526 0.225304
0.999962 0.013459
0.999323 0.024186
0.999567 0.055515
0.999716 0.078905
0.983356 0.085716
0.999366 0.126275
0.976372 0.124540
0.965547 0.110808
0.999459 0.194880
0.999547 0.166742
0.989289 0.173804
0.833106 0.240440
0.889814 0.211107
0.786433 0.257264
0.799236 0.244849
