0.001273 0.011208
0.001023 0.045487
0.000183 0.079187
0.001003 0.114014
0.000558 0.149261
0.000191 0.183722
0.000563 0.218618
0.000231 0.253348
0.000218 0.288482
0.000506 0.322666
0.000076 0.358885
0.000538 0.392579
0.000317 0.424066
0.000159 0.453408
0.008471 0.000888
0.000936 0.025082
0.000029 0.058226
0.000351 0.092339
0.000077 0.127340
0.000276 0.162214
0.000631 0.198162
0.001002 0.231782
0.000167 0.267275
0.000780 0.300982
0.000384 0.336226
0.000972 0.370585
0.000553 0.405362
0.001051 0.443405
0.014128 0.473973
0.000700 0.000112
0.005780 0.031397
0.007187 0.060450
0.006761 0.093768
0.007111 0.128814
0.007363 0.164484
0.007813 0.198400
0.007414 0.233997
0.007166 0.268294
0.008760 0.304806
0.007495 0.341256
0.011068 0.380473
0.012253 0.421967
0.003951 0.466611
0.022434 0.000460
0.022100 0.016300
0.021911 0.047712
0.023436 0.079032
0.023385 0.112788
0.023014 0.148243
0.023054 0.183235
0.023373 0.218256
0.023130 0.253229
0.023496 0.288432
0.024265 0.325478
0.024039 0.361417
0.025218 0.398953
0.026806 0.435611
0.025971 0.475148
0.034017 0.000368
0.029896 0.033683
0.031306 0.062371
0.031410 0.095749
0.031315 0.130689
0.031088 0.165879
0.031387 0.200908
0.031262 0.235925
0.031266 0.271023
0.031982 0.306776
0.032358 0.344008
0.033914 0.381562
0.034097 0.420876
0.034759 0.466530
0.045549 0.001017
0.039939 0.016975
0.040699 0.047835
0.041162 0.079013
0.041035 0.112720
0.040925 0.147898
0.041120 0.183020
0.041248 0.218092
0.041026 0.253087
0.041194 0.288387
0.041576 0.325186
0.041560 0.361942
0.042058 0.398714
0.044347 0.436575
0.045830 0.478603
0.056027 0.001060
0.051709 0.033213
0.052388 0.062010
0.052344 0.095240
0.052247 0.130044
0.052232 0.165227
0.052312 0.200289
0.052296 0.235296
0.052364 0.270512
0.052612 0.306493
0.052997 0.343526
0.053684 0.381853
0.054460 0.422739
0.055792 0.467513
0.066634 0.000482
0.061106 0.020308
0.061692 0.048493
0.062215 0.078694
0.062063 0.112319
0.061833 0.147522
0.061867 0.182768
0.061803 0.217785
0.061791 0.252856
0.062063 0.288457
0.062644 0.325014
0.063629 0.362288
0.064872 0.398100
0.066408 0.435677
0.069461 0.479055
0.077122 0.000173
0.071356 0.034559
0.071382 0.062534
0.071345 0.095048
0.071106 0.129856
0.070965 0.165217
0.070974 0.200213
0.070936 0.235304
0.071081 0.270581
0.071288 0.306763
0.072021 0.343973
0.073195 0.382618
0.074857 0.424303
0.077257 0.470441
0.087693 0.000941
0.082047 0.020648
0.081770 0.048817
0.081650 0.078713
0.081346 0.112149
0.081299 0.147413
0.081090 0.182562
0.081175 0.217776
0.081115 0.252960
0.081278 0.288633
0.081532 0.325483
0.082072 0.363005
0.083683 0.399080
0.086555 0.437467
0.088018 0.481780
0.097926 0.000327
0.093122 0.034784
0.092566 0.062411
0.092317 0.094704
0.092141 0.129726
0.092010 0.165102
0.091862 0.200200
0.091841 0.235331
0.092092 0.270783
0.092224 0.306980
0.092480 0.344264
0.093407 0.383683
0.095196 0.425580
0.097781 0.471186
0.108385 0.000274
0.103643 0.021006
0.103365 0.048800
0.103258 0.078589
0.102861 0.112030
0.102712 0.147320
0.102684 0.182738
0.102520 0.217848
0.102575 0.253026
0.102849 0.288835
0.103129 0.325739
0.103722 0.363554
0.105391 0.400177
0.107144 0.439359
0.109653 0.482980
0.118605 0.000697
0.114438 0.034909
0.114048 0.062414
0.113711 0.094519
0.113445 0.129701
0.113434 0.165090
0.113344 0.200266
0.113249 0.235336
0.113450 0.270884
0.113640 0.307305
0.114233 0.344908
0.115119 0.384633
0.116733 0.426620
0.118633 0.472102
0.128919 0.000235
0.125431 0.020782
0.124923 0.048419
0.124639 0.078388
0.124457 0.111787
0.124236 0.147183
0.124219 0.182620
0.124167 0.217807
0.124259 0.253076
0.124319 0.289020
0.124560 0.326043
0.125298 0.364010
0.126699 0.401308
0.128053 0.440711
0.130128 0.484112
0.139112 0.000580
0.136236 0.034835
0.135678 0.062332
0.135485 0.094399
0.135258 0.129522
0.135215 0.165191
0.135134 0.200258
0.135097 0.235443
0.135195 0.270863
0.135315 0.307424
0.135704 0.345412
0.136474 0.385327
0.137645 0.427015
0.139331 0.471208
0.149301 0.000528
0.146978 0.020680
0.146612 0.048213
0.146511 0.078280
0.146293 0.111718
0.146318 0.147243
0.146249 0.182693
0.146223 0.217922
0.146235 0.253169
0.146250 0.289157
0.146441 0.326409
0.146938 0.364516
0.147793 0.402011
0.149041 0.442119
0.148622 0.484594
0.159448 0.000876
0.157702 0.034873
0.157441 0.062381
0.157339 0.094368
0.157052 0.129414
0.157192 0.165024
0.157197 0.200350
0.156968 0.235362
0.157148 0.270945
0.157195 0.307552
0.157414 0.345609
0.157871 0.385751
0.158689 0.427276
0.159438 0.473342
0.169615 0.000280
0.168455 0.020578
0.168185 0.048018
0.168169 0.078120
0.168041 0.111673
0.167982 0.147218
0.168019 0.182585
0.167917 0.217719
0.167979 0.253179
0.168021 0.289171
0.168180 0.326530
0.168251 0.364699
0.168946 0.402515
0.169137 0.442670
0.170856 0.484786
0.179714 0.000846
0.179032 0.034760
0.178898 0.062288
0.178812 0.094264
0.178860 0.129365
0.178923 0.165009
0.178746 0.200250
0.178921 0.235378
0.178917 0.270937
0.178872 0.307738
0.178933 0.345817
0.179128 0.386023
0.179450 0.427366
0.179885 0.471800
0.189865 0.000094
0.189885 0.020419
0.189692 0.047952
0.189721 0.078062
0.189487 0.111611
0.189650 0.147262
0.189590 0.182664
0.189590 0.217888
0.189536 0.253110
0.189648 0.289161
0.189799 0.326561
0.189678 0.364809
0.189715 0.402733
0.190062 0.442919
0.189924 0.485225
0.199990 0.000393
0.200373 0.034786
0.200393 0.062419
0.200440 0.094326
0.200319 0.129486
0.200428 0.164927
0.200473 0.200242
0.200332 0.235398
0.200476 0.270916
0.200545 0.307612
0.200250 0.345914
0.200131 0.386009
0.200163 0.427472
0.200024 0.472039
0.210121 0.000378
0.210989 0.020343
0.211094 0.047950
0.211119 0.078038
0.211189 0.111600
0.211253 0.147227
0.211257 0.182688
0.211222 0.217735
0.211233 0.253016
0.211162 0.289277
0.211052 0.326552
0.210729 0.364793
0.210769 0.402706
0.210236 0.442797
0.209524 0.484928
0.220288 0.000291
0.221745 0.034761
0.221878 0.062304
0.221931 0.094291
0.221900 0.129367
0.222136 0.164949
0.222128 0.200341
0.222076 0.235351
0.222054 0.270861
0.222081 0.307598
0.221817 0.345696
0.221502 0.385781
0.220972 0.427353
0.220331 0.472632
0.230424 0.000760
0.232283 0.020502
0.232579 0.048119
0.232768 0.078215
0.232982 0.111635
0.233100 0.147291
0.233058 0.182725
0.233072 0.217946
0.233180 0.252982
0.232953 0.289053
0.232734 0.326389
0.232176 0.364505
0.231554 0.402256
0.231025 0.442456
0.230338 0.484746
0.240619 0.000392
0.243146 0.034825
0.243617 0.062348
0.243862 0.094423
0.243979 0.129493
0.243987 0.164998
0.244140 0.200241
0.244027 0.235454
0.244023 0.270879
0.243762 0.307666
0.243336 0.345490
0.242811 0.385452
0.241947 0.427081
0.240682 0.472204
0.250865 0.000283
0.253783 0.020895
0.254432 0.048388
0.254759 0.078423
0.254952 0.111726
0.255160 0.147221
0.255231 0.182690
0.255194 0.217800
0.255086 0.253128
0.254996 0.288947
0.254656 0.326157
0.254042 0.364093
0.253139 0.401619
0.251193 0.441386
0.250605 0.484461
0.261161 0.001067
0.264980 0.034951
0.265717 0.062507
0.266106 0.094500
0.266377 0.129469
0.266438 0.165093
0.266494 0.200302
0.266573 0.235329
0.266439 0.270852
0.266061 0.307079
0.265396 0.344963
0.264378 0.385054
0.262865 0.426676
0.261004 0.471990
0.271540 0.000335
0.276042 0.021131
0.276568 0.048687
0.276962 0.078657
0.277198 0.112064
0.277449 0.147371
0.277599 0.182789
0.277647 0.217811
0.277670 0.253007
0.277387 0.288853
0.276946 0.325887
0.275883 0.363608
0.274151 0.400526
0.272684 0.439821
0.270297 0.483625
0.281756 0.000346
0.287138 0.034935
0.287888 0.062638
0.288362 0.094831
0.288566 0.129576
0.288942 0.165167
0.288850 0.200319
0.288803 0.235355
0.288689 0.270765
0.288508 0.306982
0.287638 0.344434
0.286531 0.384110
0.284344 0.426137
0.281556 0.471457
0.292270 0.000564
0.298289 0.021568
0.298949 0.049151
0.299500 0.078814
0.300125 0.112076
0.300327 0.147490
0.300484 0.182783
0.300497 0.217854
0.300354 0.252803
0.300147 0.288489
0.299723 0.325252
0.298620 0.362968
0.296804 0.399150
0.293504 0.438103
0.291132 0.482548
0.302806 0.000592
0.310186 0.034982
0.311207 0.062811
0.311684 0.095131
0.312049 0.129957
0.312243 0.165389
0.312515 0.200302
0.312288 0.235208
0.312238 0.270638
0.311885 0.306657
0.311064 0.343801
0.309135 0.382921
0.306748 0.424720
0.302947 0.470670
0.313489 0.000570
0.322214 0.021613
0.322452 0.049560
0.322610 0.079000
0.323101 0.112307
0.323599 0.147602
0.323773 0.182839
0.323906 0.217783
0.323677 0.252901
0.323290 0.288343
0.322377 0.324958
0.320748 0.362039
0.317445 0.397584
0.314087 0.434727
0.311399 0.480546
0.324223 0.000111
0.333135 0.034077
0.333193 0.062773
0.332895 0.095440
0.333465 0.130028
0.333838 0.165343
0.334048 0.200418
0.334057 0.235228
0.333649 0.270377
0.333102 0.306024
0.331827 0.342709
0.330148 0.380945
0.327095 0.423116
0.323328 0.469960
0.335233 0.000573
0.344865 0.020897
0.344597 0.049815
0.345163 0.078827
0.345392 0.112722
0.345701 0.147725
0.345822 0.182785
0.345830 0.217739
0.345893 0.252630
0.345474 0.287973
0.345218 0.324030
0.344356 0.361150
0.342406 0.395936
0.337769 0.433180
0.332332 0.477791
0.347044 0.000559
0.359129 0.033556
0.359125 0.062862
0.360098 0.095732
0.360331 0.130256
0.360695 0.165341
0.360706 0.200332
0.360618 0.235390
0.360594 0.270299
0.360244 0.305827
0.359510 0.341993
0.357331 0.379418
0.354865 0.419044
0.346759 0.466520
0.358416 0.000017
0.371876 0.019133
0.370639 0.048655
0.369152 0.079104
0.369859 0.112775
0.370365 0.147877
0.370580 0.182865
0.371019 0.217747
0.370419 0.252707
0.370245 0.287789
0.368952 0.323551
0.366956 0.360358
0.363054 0.395488
0.354446 0.428900
0.353410 0.473111
0.372584 0.000357
0.382679 0.030796
0.379286 0.062386
0.378685 0.096190
0.379476 0.130514
0.379886 0.165528
0.380009 0.200480
0.380099 0.234802
0.380043 0.270147
0.379051 0.305110
0.377395 0.340624
0.374773 0.376600
0.371823 0.413706
0.366912 0.466690
0.382029 0.000354
0.397832 0.020362
0.397367 0.046818
0.397940 0.077897
0.398320 0.113456
0.398807 0.148140
0.398426 0.182407
0.398770 0.218165
0.398702 0.253033
0.399006 0.287579
0.398220 0.322730
0.397420 0.358769
0.395288 0.394300
0.393516 0.427292
0.383657 0.464887
0.408252 0.000539
0.411318 0.028446
0.408045 0.062079
0.408676 0.096254
0.409004 0.130885
0.409190 0.165348
0.409694 0.200200
0.409637 0.235557
0.409102 0.269867
0.408888 0.304968
0.407675 0.338796
0.405544 0.373749
0.401208 0.411277
0.389935 0.448609
0.400758 0.000759
0.418411 0.011759
0.409986 0.047496
0.409998 0.080121
0.410347 0.113722
0.410896 0.149037
0.410956 0.184365
0.411134 0.217145
0.411093 0.251603
0.410846 0.287306
0.410265 0.322297
0.408583 0.358189
0.404508 0.391722
0.401371 0.428192
0.391035 0.458919
0.571247 0.008451
0.576664 0.034173
0.580026 0.062227
0.579914 0.095756
0.579300 0.130052
0.578847 0.164088
0.578759 0.200333
0.579024 0.235457
0.578735 0.270072
0.579642 0.305843
0.580720 0.340398
0.582677 0.376097
0.586076 0.407592
0.594761 0.434073
0.603241 0.001030
0.574689 0.012338
0.580836 0.046600
0.581785 0.079544
0.581228 0.114205
0.580614 0.149253
0.580891 0.183253
0.580713 0.217456
0.580604 0.252789
0.581013 0.286683
0.581580 0.321767
0.583057 0.356815
0.586164 0.390559
0.590347 0.430773
0.612561 0.462456
0.589421 0.000475
0.594702 0.027048
0.592337 0.061542
0.591877 0.096335
0.591532 0.131076
0.591640 0.166504
0.591090 0.200344
0.591345 0.234793
0.591244 0.269805
0.591477 0.304523
0.591925 0.340269
0.593444 0.376940
0.600017 0.417128
0.604225 0.458506
0.617712 0.000698
0.606229 0.018345
0.610052 0.048187
0.611115 0.078849
0.610809 0.113298
0.610330 0.148175
0.609929 0.183071
0.609530 0.217990
0.609932 0.252653
0.610573 0.287767
0.611553 0.322744
0.614030 0.358926
0.618071 0.393636
0.619334 0.427137
0.622760 0.470623
0.629716 0.000326
0.617757 0.032426
0.620419 0.062307
0.620799 0.095605
0.619753 0.130301
0.619445 0.165456
0.619267 0.200596
0.619189 0.235208
0.619497 0.270084
0.619953 0.305647
0.621876 0.341729
0.624979 0.379139
0.627285 0.419012
0.631096 0.465457
0.642432 0.000717
0.631697 0.019019
0.630976 0.049130
0.630328 0.079122
0.629739 0.112598
0.629636 0.147968
0.629514 0.183039
0.629329 0.217874
0.629282 0.252580
0.629568 0.287842
0.630087 0.323972
0.631337 0.360563
0.633905 0.395806
0.641016 0.431260
0.644928 0.476638
0.653877 0.000455
0.645555 0.033187
0.645051 0.062202
0.644707 0.095314
0.644351 0.130111
0.644344 0.165315
0.644145 0.200569
0.644157 0.235291
0.644187 0.270309
0.644634 0.305849
0.645105 0.342371
0.646585 0.380305
0.649516 0.422094
0.655137 0.467502
0.665426 0.000266
0.656340 0.021357
0.656730 0.049480
0.657167 0.078890
0.656827 0.112472
0.656387 0.147789
0.656184 0.182864
0.655977 0.217773
0.656218 0.252763
0.656393 0.288167
0.657334 0.324294
0.658846 0.361627
0.661579 0.396924
0.664696 0.433824
0.669240 0.478230
0.676088 0.001016
0.667834 0.034504
0.667468 0.062660
0.667304 0.095191
0.666750 0.129961
0.666283 0.165183
0.666223 0.200217
0.666320 0.235251
0.666439 0.270441
0.666900 0.306390
0.668373 0.343241
0.670294 0.382221
0.673103 0.423948
0.676543 0.470571
0.687119 0.000186
0.679619 0.021231
0.679158 0.049261
0.678577 0.078917
0.678012 0.112230
0.677828 0.147580
0.677643 0.182918
0.677516 0.217814
0.677595 0.252834
0.677877 0.288491
0.678434 0.325093
0.679633 0.362552
0.682158 0.398590
0.685355 0.436469
0.688572 0.481598
0.697508 0.000043
0.691507 0.034795
0.690718 0.062574
0.690094 0.094842
0.689794 0.129791
0.689754 0.165141
0.689564 0.200243
0.689584 0.235185
0.689619 0.270571
0.690032 0.306727
0.690775 0.344117
0.691972 0.383613
0.694042 0.425550
0.697504 0.470648
0.708153 0.000723
0.702806 0.021340
0.702354 0.048929
0.702041 0.078684
0.701573 0.111965
0.701210 0.147355
0.701075 0.182720
0.701089 0.217732
0.701142 0.252803
0.701346 0.288691
0.701855 0.325483
0.703118 0.363254
0.704810 0.399839
0.707256 0.438840
0.709096 0.482945
0.718537 0.000033
0.713709 0.034797
0.713167 0.062436
0.712802 0.094726
0.712611 0.129655
0.712349 0.165163
0.712263 0.200330
0.712287 0.235367
0.712360 0.270726
0.712738 0.307102
0.713578 0.344745
0.714687 0.384510
0.716446 0.426477
0.718758 0.471695
0.728738 0.000812
0.724900 0.020909
0.724394 0.048530
0.724158 0.078464
0.723805 0.111801
0.723568 0.147213
0.723512 0.182769
0.723640 0.217836
0.723598 0.252982
0.723757 0.288884
0.724182 0.325911
0.724827 0.364081
0.726258 0.401180
0.727892 0.440739
0.728828 0.483843
0.739067 0.000494
0.735857 0.034929
0.735366 0.062220
0.735169 0.094535
0.734941 0.129492
0.734784 0.164938
0.734822 0.200299
0.734707 0.235425
0.734830 0.270917
0.735043 0.307353
0.735652 0.345274
0.736329 0.385325
0.737662 0.427027
0.739168 0.472442
0.749298 0.000569
0.746905 0.020588
0.746524 0.048185
0.746328 0.078228
0.746061 0.111815
0.746073 0.147321
0.746083 0.182680
0.745982 0.217912
0.745859 0.253038
0.745965 0.289044
0.746258 0.326363
0.747001 0.364422
0.747834 0.401979
0.748841 0.441752
0.750098 0.484458
0.759486 0.000842
0.757448 0.034723
0.757375 0.062296
0.757038 0.094359
0.756970 0.129460
0.757044 0.164992
0.757040 0.200334
0.757017 0.235445
0.757081 0.270943
0.757055 0.307562
0.757430 0.345624
0.757756 0.385748
0.758455 0.427135
0.759525 0.472163
0.769691 0.000123
0.768250 0.020430
0.768188 0.048019
0.768084 0.078090
0.767983 0.111719
0.767970 0.147134
0.767960 0.182646
0.767835 0.217906
0.767795 0.252997
0.767971 0.289186
0.768142 0.326609
0.768446 0.364764
0.768910 0.402665
0.769438 0.442624
0.769875 0.485063
0.779777 0.000068
0.779071 0.034740
0.778966 0.062239
0.778771 0.094281
0.778767 0.129505
0.778814 0.165093
0.778703 0.200327
0.778730 0.235424
0.778760 0.270986
0.778725 0.307642
0.778973 0.345813
0.779190 0.386055
0.779541 0.427388
0.779881 0.472027
0.789899 0.000759
0.789646 0.020411
0.789619 0.047967
0.789548 0.078177
0.789478 0.111656
0.789650 0.147156
0.789677 0.182621
0.789555 0.217804
0.789495 0.253027
0.789571 0.289073
0.789615 0.326497
0.789671 0.364728
0.789692 0.402816
0.789968 0.443006
0.789223 0.485140
0.800003 0.000056
0.800359 0.034687
0.800399 0.062273
0.800395 0.094323
0.800425 0.129396
0.800378 0.164914
0.800383 0.200306
0.800350 0.235426
0.800372 0.270979
0.800435 0.307680
0.800339 0.345756
0.800291 0.386028
0.800100 0.427449
0.799906 0.472657
0.810155 0.000105
0.810901 0.020457
0.811018 0.047989
0.811132 0.078057
0.811290 0.111674
0.811274 0.147307
0.811188 0.182534
0.811264 0.217915
0.811223 0.253042
0.811308 0.289131
0.811019 0.326496
0.810922 0.364794
0.810699 0.402714
0.810397 0.442988
0.810272 0.484993
0.820288 0.000430
0.821616 0.034891
0.821840 0.062403
0.822023 0.094374
0.822076 0.129411
0.822162 0.164999
0.822200 0.200378
0.822158 0.235353
0.822120 0.271005
0.821966 0.307647
0.821721 0.345691
0.821423 0.385750
0.820908 0.427313
0.820505 0.471977
0.830476 0.000740
0.832288 0.020771
0.832635 0.048210
0.832749 0.078275
0.833009 0.111675
0.833040 0.147277
0.833055 0.182630
0.833218 0.217861
0.833136 0.253002
0.833005 0.289082
0.832791 0.326220
0.832257 0.364570
0.831611 0.402325
0.830557 0.442457
0.829913 0.484864
0.840633 0.000807
0.843131 0.035043
0.843585 0.062461
0.843797 0.094427
0.844177 0.129504
0.844102 0.165108
0.844185 0.200296
0.844131 0.235365
0.844049 0.270940
0.843806 0.307383
0.843445 0.345357
0.842990 0.385558
0.841883 0.427426
0.840377 0.472462
0.850895 0.000333
0.853995 0.021166
0.854415 0.048461
0.854788 0.078360
0.855138 0.111733
0.855250 0.147162
0.855198 0.182705
0.855287 0.217796
0.855162 0.253024
0.855159 0.289023
0.854774 0.326171
0.854048 0.364207
0.852797 0.401390
0.851697 0.441381
0.850881 0.484330
0.861155 0.001075
0.865204 0.035104
0.865671 0.062654
0.866064 0.094604
0.866300 0.129547
0.866554 0.165024
0.866507 0.200356
0.866471 0.235437
0.866406 0.270916
0.866194 0.307177
0.865401 0.344962
0.864433 0.385062
0.862939 0.427015
0.861055 0.471636
0.871185 0.000252
0.876177 0.021210
0.876547 0.048807
0.876935 0.078646
0.877465 0.112027
0.877733 0.147439
0.877788 0.182667
0.877736 0.217934
0.877612 0.252948
0.877314 0.288786
0.876763 0.325720
0.875962 0.363767
0.874482 0.400404
0.872246 0.439897
0.869961 0.483444
0.881716 0.000390
0.887175 0.034984
0.887852 0.062575
0.888242 0.094840
0.888653 0.129616
0.888885 0.165002
0.888828 0.200259
0.888840 0.235261
0.888704 0.270630
0.888260 0.306966
0.887709 0.344358
0.886506 0.383880
0.884522 0.425968
0.881761 0.471970
0.891694 0.000239
0.898286 0.021298
0.898817 0.049248
0.899379 0.078854
0.899892 0.112098
0.900195 0.147448
0.900231 0.182811
0.900305 0.217895
0.900177 0.252950
0.900050 0.288562
0.899611 0.325267
0.898774 0.363060
0.896768 0.399304
0.893892 0.437882
0.891576 0.482383
0.902683 0.000721
0.909738 0.034982
0.910955 0.062797
0.911640 0.095161
0.912040 0.129915
0.912000 0.165255
0.912187 0.200374
0.912219 0.235355
0.912013 0.270611
0.911544 0.306756
0.910803 0.343762
0.909389 0.383078
0.906536 0.424897
0.903137 0.470334
0.913216 0.000847
0.921572 0.021389
0.921863 0.049542
0.922171 0.079041
0.922770 0.112457
0.923258 0.147586
0.923304 0.182859
0.923449 0.217651
0.923247 0.252869
0.922973 0.288477
0.922115 0.324778
0.920543 0.362151
0.917394 0.397474
0.914196 0.435148
0.911556 0.480439
0.923858 0.000156
0.932323 0.034145
0.932502 0.062899
0.932316 0.095470
0.932810 0.130066
0.933263 0.165265
0.933355 0.200370
0.933257 0.235302
0.933119 0.270483
0.932584 0.306091
0.931501 0.342436
0.929606 0.381058
0.927191 0.423101
0.923384 0.469666
0.934655 0.000182
0.943353 0.021167
0.943294 0.049738
0.943826 0.079099
0.944204 0.112753
0.944316 0.147980
0.944414 0.182812
0.944600 0.217696
0.944314 0.252773
0.944095 0.288241
0.943681 0.324327
0.943424 0.361211
0.941851 0.396464
0.937498 0.433443
0.932589 0.477715
0.946238 0.000025
0.956599 0.033859
0.956684 0.062815
0.957143 0.095747
0.957363 0.130315
0.957417 0.165387
0.957437 0.200387
0.957333 0.235310
0.957229 0.270472
0.956985 0.306031
0.956904 0.342317
0.955819 0.379800
0.954437 0.419259
0.946816 0.466321
0.957386 0.000345
0.968371 0.019490
0.967155 0.048847
0.965942 0.079409
0.966178 0.112972
0.966723 0.148179
0.966704 0.183051
0.966710 0.217998
0.966510 0.253029
0.966235 0.288221
0.965864 0.324356
0.964366 0.360591
0.961899 0.396329
0.954115 0.428945
0.952804 0.473318
0.968472 0.000232
0.978354 0.031308
0.975692 0.062785
0.975314 0.095893
0.975468 0.130810
0.975878 0.165542
0.975976 0.200637
0.975758 0.235438
0.975601 0.270514
0.974956 0.306229
0.974142 0.341727
0.972253 0.377903
0.970792 0.414350
0.966350 0.466624
0.979486 0.000251
0.994017 0.022899
0.992313 0.047804
0.992320 0.079168
0.992386 0.113193
0.993171 0.147032
0.992190 0.183647
0.992325 0.218754
0.992096 0.252967
0.991630 0.288948
0.992120 0.323713
0.991438 0.359594
0.990685 0.395512
0.991575 0.428964
0.983752 0.465692
0.999816 0.000542
0.999964 0.037699
0.998168 0.068815
0.997256 0.102488
0.997936 0.137584
0.998145 0.172273
0.998301 0.207011
0.998301 0.242180
0.998015 0.277049
0.997258 0.312162
0.996056 0.347903
0.995493 0.383394
0.996911 0.418303
0.989930 0.449657
0.994796 0.000286
0.999906 0.019806
0.999885 0.054383
0.999495 0.087481
0.999468 0.122227
0.999005 0.158127
0.999447 0.191891
0.999147 0.226432
0.999573 0.261691
0.999531 0.295659
0.999546 0.331307
0.999166 0.365949
0.999146 0.399742
0.999473 0.431765
0.990271 0.459351
