0.000574 0.020277
0.000220 0.051594
0.000894 0.085856
0.000544 0.121657
0.000086 0.134592
0.011046 0.164339
0.000846 0.174909
0.000896 0.188906
0.028062 0.184445
0.052218 0.190621
0.177803 0.213727
0.079674 0.185229
0.143870 0.204619
0.224050 0.237154
0.001027 0.008325
0.000228 0.030250
0.000225 0.062484
0.028881 0.051976
0.024436 0.090146
0.011939 0.129353
0.000864 0.160702
0.028323 0.161552
0.000133 0.201237
0.009682 0.203242
0.032661 0.193220
0.049877 0.174837
0.134369 0.196679
0.153220 0.208596
0.195124 0.222785
0.000528 0.000736
0.000553 0.040997
0.000537 0.073243
0.000344 0.096663
0.000194 0.109134
0.012552 0.105746
0.000690 0.146327
0.039160 0.132883
0.028173 0.142600
0.042824 0.152989
0.065509 0.167115
0.112651 0.190969
0.098141 0.189371
0.202255 0.242720
0.005991 0.000824
0.017531 0.017765
0.015141 0.038042
0.014174 0.056314
0.012551 0.078377
0.038298 0.100347
0.044262 0.084407
0.034124 0.124611
0.055545 0.132961
0.075635 0.140383
0.059133 0.149063
0.096539 0.174610
0.069014 0.185914
0.119162 0.198212
0.238920 0.252858
0.017992 0.000107
0.048353 0.031031
0.027168 0.032329
0.039861 0.058357
0.026752 0.074040
0.026382 0.108546
0.049514 0.102737
0.063770 0.116472
0.090647 0.145486
0.121111 0.152401
0.081270 0.158858
0.169281 0.184879
0.118392 0.170246
0.212334 0.212454
0.036494 0.000865
0.027600 0.000625
0.059834 0.039924
0.039410 0.042923
0.043936 0.070596
0.060058 0.076477
0.066772 0.089015
0.067466 0.101856
0.077690 0.119920
0.087351 0.130287
0.109526 0.137240
0.105346 0.157829
0.154298 0.178840
0.166264 0.206623
0.270042 0.243174
0.045288 0.000506
0.034670 0.019325
0.055587 0.055351
0.069867 0.060075
0.076199 0.073665
0.087905 0.088402
0.082434 0.103235
0.096439 0.109244
0.107589 0.122745
0.131491 0.134654
0.135649 0.159615
0.136239 0.175775
0.154313 0.161320
0.185616 0.221089
0.054677 0.000148
0.054203 0.016767
0.067329 0.023085
0.072163 0.040862
0.083001 0.052652
0.088355 0.068850
0.100809 0.077949
0.104489 0.093176
0.114081 0.104474
0.121360 0.121657
0.145139 0.142932
0.168283 0.159934
0.181912 0.170687
0.217912 0.186214
0.230356 0.266948
0.063981 0.000360
0.080647 0.019242
0.085885 0.034348
0.098136 0.047511
0.102957 0.062816
0.116438 0.073570
0.121833 0.088011
0.131469 0.099635
0.137241 0.115296
0.149861 0.125395
0.161997 0.139759
0.190698 0.181173
0.191229 0.195588
0.211709 0.197438
0.072745 0.000060
0.081461 0.000521
0.095269 0.022113
0.103456 0.034444
0.113114 0.050672
0.125251 0.061498
0.134763 0.075817
0.143239 0.088468
0.150970 0.105384
0.164957 0.119843
0.177880 0.132215
0.195448 0.162682
0.235927 0.193221
0.251595 0.217220
0.282111 0.287167
0.090208 0.000059
0.111875 0.018475
0.118670 0.030663
0.126886 0.042271
0.137602 0.052691
0.146028 0.064800
0.157460 0.075910
0.158161 0.092177
0.171757 0.105818
0.195120 0.132159
0.182903 0.147078
0.216180 0.154519
0.213506 0.170328
0.248608 0.243431
0.098804 0.000600
0.116367 0.000649
0.131219 0.019931
0.139129 0.032275
0.149699 0.044048
0.160277 0.057431
0.173243 0.069865
0.173719 0.085537
0.185063 0.098435
0.187180 0.117458
0.216271 0.132123
0.203427 0.144813
0.259243 0.163389
0.261093 0.209317
0.283087 0.279875
0.107559 0.000611
0.148951 0.019305
0.158065 0.031754
0.168082 0.042901
0.178266 0.056121
0.190827 0.067167
0.190246 0.081555
0.204299 0.088224
0.199669 0.104887
0.208139 0.118162
0.229354 0.150688
0.234206 0.166875
0.247453 0.195390
0.224534 0.215285
0.125056 0.000626
0.150999 0.000925
0.166906 0.020546
0.179944 0.034965
0.190292 0.045464
0.202186 0.058204
0.209938 0.074490
0.219278 0.093256
0.221712 0.105763
0.230458 0.116628
0.233103 0.131896
0.249853 0.152273
0.268957 0.179581
0.271821 0.226277
0.293116 0.266924
0.133721 0.000926
0.182492 0.020714
0.199781 0.035582
0.212621 0.047874
0.219477 0.062292
0.227405 0.077495
0.236462 0.093383
0.247123 0.109606
0.249213 0.123764
0.252210 0.139986
0.269599 0.152664
0.243912 0.178830
0.281112 0.207690
0.291449 0.233325
0.142387 0.000080
0.185076 0.000541
0.197139 0.021884
0.216833 0.034489
0.235484 0.060399
0.242787 0.074328
0.250091 0.091571
0.266461 0.116914
0.268846 0.131075
0.282846 0.140499
0.280206 0.165317
0.286690 0.179764
0.305478 0.229074
0.312460 0.247023
0.279072 0.245659
0.159561 0.000472
0.212951 0.020670
0.229590 0.045177
0.254252 0.062060
0.260656 0.078110
0.272469 0.089992
0.263599 0.101472
0.291788 0.126404
0.291224 0.154720
0.302723 0.168820
0.307889 0.185988
0.267420 0.194579
0.316208 0.294920
0.303677 0.287382
0.168076 0.000874
0.228077 0.022463
0.238872 0.034339
0.247931 0.049035
0.270457 0.063894
0.279790 0.075672
0.282641 0.113552
0.309161 0.122087
0.302593 0.140500
0.312339 0.155378
0.320645 0.178039
0.292794 0.195781
0.299948 0.211440
0.312351 0.265729
0.327721 0.294190
0.176560 0.000389
0.255074 0.033226
0.264676 0.046989
0.292842 0.068331
0.295522 0.085582
0.286394 0.097899
0.318423 0.136548
0.332082 0.146737
0.326227 0.161934
0.330546 0.190014
0.315098 0.202464
0.321590 0.220056
0.323562 0.242004
0.360940 0.328286
0.193513 0.000037
0.245378 0.021184
0.272827 0.034817
0.280887 0.053402
0.310014 0.077490
0.308869 0.095486
0.300720 0.108657
0.345256 0.139498
0.344835 0.160189
0.364351 0.216722
0.349176 0.200522
0.340556 0.250937
0.337330 0.230954
0.356090 0.285590
0.367929 0.330804
0.202006 0.000757
0.263874 0.021098
0.288689 0.035323
0.305857 0.061500
0.324435 0.092066
0.321312 0.108168
0.327552 0.123381
0.358763 0.158119
0.340923 0.176512
0.349500 0.220372
0.335545 0.207618
0.357257 0.266484
0.329607 0.267473
0.338275 0.307682
0.210438 0.000260
0.260531 0.000635
0.281318 0.022016
0.295044 0.048940
0.328054 0.077402
0.341495 0.093704
0.338982 0.109062
0.344880 0.124627
0.362697 0.174203
0.356444 0.187967
0.381059 0.258095
0.369965 0.242172
0.356883 0.240605
0.383679 0.331772
0.343566 0.269813
0.218937 0.000447
0.298864 0.021836
0.306134 0.035546
0.321857 0.062320
0.346275 0.080394
0.356466 0.108872
0.362180 0.124651
0.361888 0.140581
0.375328 0.187080
0.378926 0.225413
0.398476 0.279150
0.375618 0.271559
0.375033 0.290004
0.346028 0.309887
0.227268 0.001038
0.293654 0.000333
0.315651 0.022237
0.315488 0.047957
0.339234 0.065446
0.359140 0.094249
0.374002 0.112961
0.378695 0.140523
0.375765 0.155479
0.411018 0.195322
0.391671 0.205990
0.374113 0.203331
0.400157 0.297372
0.418911 0.306802
0.366286 0.308024
0.235507 0.000256
0.333176 0.022022
0.324108 0.035397
0.334371 0.049786
0.365044 0.079649
0.377902 0.098897
0.384085 0.126561
0.395091 0.155293
0.381901 0.171425
0.405397 0.240724
0.388153 0.243245
0.418672 0.282415
0.391978 0.343744
0.390513 0.303542
0.243807 0.000039
0.318177 0.000692
0.341453 0.034701
0.349945 0.051394
0.356649 0.066297
0.378560 0.084846
0.391524 0.112365
0.396900 0.139411
0.393765 0.188048
0.430515 0.192676
0.412843 0.211309
0.396984 0.222389
0.433022 0.318979
0.407357 0.366028
0.405367 0.322660
0.252129 0.000537
0.351358 0.021771
0.367047 0.045689
0.370481 0.058531
0.381412 0.068709
0.396259 0.096994
0.405382 0.125355
0.399648 0.170611
0.412668 0.179642
0.428212 0.214768
0.403952 0.260567
0.433999 0.294794
0.418821 0.386406
0.416199 0.336973
0.268861 0.000997
0.342593 0.001146
0.357906 0.034445
0.386856 0.047135
0.393763 0.060476
0.395385 0.080342
0.409235 0.109609
0.412228 0.149030
0.418436 0.163157
0.434067 0.177130
0.441870 0.231103
0.418829 0.267066
0.451428 0.311353
0.429997 0.360594
0.439062 0.331983
0.277173 0.000514
0.369175 0.021830
0.377820 0.033251
0.406276 0.068541
0.410279 0.089051
0.422495 0.101148
0.436351 0.132232
0.419378 0.135174
0.434844 0.147479
0.436955 0.163118
0.420335 0.230959
0.402752 0.348011
0.467745 0.496630
0.430422 0.412718
0.285410 0.000876
0.366887 0.000697
0.405518 0.048482
0.397775 0.035546
0.421162 0.063517
0.439578 0.100362
0.424367 0.118439
0.453153 0.127437
0.455215 0.143383
0.450762 0.188303
0.442591 0.205468
0.448029 0.249196
0.447097 0.280975
0.426840 0.245021
0.431281 0.388077
0.301809 0.000926
0.387482 0.022591
0.419724 0.048587
0.435255 0.055550
0.421137 0.078994
0.433564 0.086146
0.441919 0.115478
0.453717 0.158084
0.455347 0.173739
0.455949 0.217579
0.457859 0.265719
0.480993 0.349287
0.409706 0.375764
0.445881 0.353575
0.310006 0.000560
0.403702 0.022704
0.427150 0.037007
0.439630 0.070917
0.451461 0.081042
0.480909 0.111713
0.474163 0.141951
0.459806 0.109793
0.468736 0.124831
0.462621 0.236768
0.472476 0.254587
0.474314 0.273469
0.454743 0.293865
0.457649 0.343499
0.435376 0.261880
0.326350 0.000097
0.416233 0.027163
0.441378 0.030328
0.446641 0.044238
0.461677 0.068413
0.455435 0.095007
0.484739 0.128156
0.490727 0.161816
0.473748 0.189376
0.462952 0.202681
0.473572 0.222126
0.470643 0.306606
0.440685 0.456000
0.447247 0.373256
0.334475 0.000781
0.406966 0.000459
0.429476 0.021049
0.452392 0.021014
0.452214 0.058285
0.469703 0.082453
0.473353 0.098941
0.492004 0.147466
0.471715 0.157392
0.482406 0.206373
0.482188 0.237505
0.462210 0.371763
0.479441 0.376752
0.446259 0.404080
0.442122 0.462827
0.350703 0.000977
0.471136 0.021261
0.465370 0.047811
0.486932 0.091299
0.496939 0.104491
0.509463 0.163159
0.491480 0.180157
0.474930 0.174139
0.480501 0.324682
0.464376 0.328602
0.481958 0.294008
0.484277 0.391552
0.424100 0.553495
0.433076 0.420963
0.358789 0.001137
0.414943 0.001049
0.478875 0.000399
0.488841 0.021636
0.460075 0.033436
0.509822 0.094961
0.501751 0.134594
0.500600 0.118663
0.495295 0.252004
0.495206 0.196702
0.464787 0.446236
0.490990 0.354494
0.454721 0.423152
0.462107 0.391340
0.489153 0.514753
0.374902 0.000018
0.462854 0.000275
0.477049 0.033870
0.475457 0.057776
0.527417 0.159556
0.528347 0.174966
0.508069 0.179240
0.503276 0.235850
0.494790 0.313013
0.457499 0.486984
0.454802 0.477004
0.407201 0.552971
0.450761 0.442694
0.472411 0.414486
0.382912 0.000341
0.454840 0.001051
0.486872 0.000650
0.507053 0.022994
0.523548 0.069046
0.529317 0.236787
0.521336 0.224097
0.508214 0.211502
0.596471 0.815482
0.422446 0.592118
0.453073 0.609444
0.817737 0.607593
0.573627 0.580299
0.405565 0.573641
0.440168 0.534310
0.422904 0.000932
0.470847 0.000306
0.585979 0.033888
0.493416 0.057073
0.486562 0.043746
0.511825 0.253478
0.514251 0.271728
0.496387 0.220328
0.501085 0.381020
0.493191 0.270671
0.465366 0.535193
0.426278 0.562727
0.451081 0.524390
0.441027 0.525659
0.398945 0.001133
0.438896 0.000607
0.510510 0.000004
0.497784 0.033117
0.618917 0.809120
0.515872 0.109835
0.597143 0.578090
0.494524 0.288935
0.481731 0.454963
0.487188 0.417106
0.821499 0.628432
0.612842 0.570122
0.614047 0.569757
0.452548 0.614145
0.401995 0.562495
0.534352 0.000161
0.502654 0.000160
0.430863 0.000803
0.217632 0.246290
0.503035 0.067636
0.513435 0.146857
0.484762 0.436540
0.615432 0.814292
0.581926 0.593406
0.483159 0.629832
0.818929 0.627957
0.590476 0.591463
0.474025 0.625074
0.472609 0.583058
0.597920 0.000499
0.550295 0.000611
0.390923 0.000325
0.494789 0.000004
0.537669 0.021918
0.494498 0.079945
0.517750 0.129369
0.528885 0.209338
0.504619 0.402684
0.506192 0.560682
0.481445 0.486294
0.467929 0.563425
0.507780 0.571024
0.467328 0.597224
0.541558 0.592520
0.589944 0.000984
0.518428 0.000845
0.446852 0.000518
0.520443 0.035578
0.481801 0.071186
0.824963 0.602609
0.422368 0.591009
0.477226 0.539173
0.489057 0.598290
0.598370 0.806507
0.467371 0.569509
0.489215 0.623120
0.554887 0.590013
0.531343 0.531617
0.613673 0.000915
0.566091 0.000111
0.522630 0.022351
0.526377 0.000776
0.512670 0.080989
0.514889 0.056397
0.528307 0.099066
0.516544 0.192823
0.534295 0.193607
0.497620 0.339221
0.515293 0.360149
0.491758 0.530319
0.545303 0.585601
0.503769 0.592288
0.529644 0.361452
0.629493 0.000085
0.542353 0.000719
0.540721 0.035024
0.528864 0.046989
0.507358 0.044006
0.530500 0.117484
0.548159 0.165109
0.546635 0.180410
0.548312 0.202405
0.512922 0.309762
0.486624 0.505848
0.524776 0.476704
0.510632 0.586899
0.515808 0.546729
0.637431 0.000828
0.558225 0.000304
0.570893 0.022925
0.559291 0.033974
0.546801 0.048917
0.532297 0.135289
0.538260 0.147946
0.557456 0.150710
0.542854 0.222631
0.512221 0.327184
0.518692 0.378831
0.523047 0.409422
0.508939 0.533666
0.531230 0.317896
0.507473 0.471320
0.653462 0.000618
0.586615 0.020516
0.574433 0.041086
0.554292 0.021423
0.535995 0.060457
0.530196 0.084139
0.544475 0.103184
0.545648 0.119767
0.564255 0.184622
0.533393 0.275422
0.522242 0.344345
0.517083 0.289898
0.503677 0.426496
0.490742 0.473139
0.661562 0.000800
0.573993 0.000315
0.601923 0.023699
0.544013 0.072669
0.562039 0.049682
0.558894 0.063208
0.547236 0.089527
0.563588 0.097339
0.553108 0.134206
0.563693 0.201885
0.549138 0.239604
0.533327 0.297103
0.559665 0.355455
0.554021 0.396986
0.559517 0.393744
0.677742 0.000034
0.581928 0.000210
0.605812 0.000931
0.579952 0.056937
0.559033 0.079418
0.577669 0.111380
0.560745 0.113517
0.565791 0.166435
0.578908 0.179973
0.563373 0.217858
0.530953 0.255379
0.543153 0.332290
0.525073 0.473779
0.531435 0.534533
0.685800 0.000369
0.621561 0.000699
0.616837 0.022083
0.594436 0.045538
0.574088 0.071685
0.575644 0.087456
0.571059 0.125781
0.570268 0.140421
0.579505 0.155353
0.591354 0.169234
0.547314 0.256570
0.565483 0.234086
0.560585 0.272269
0.568544 0.291667
0.573738 0.378857
0.701848 0.000384
0.626271 0.034567
0.606083 0.057080
0.608104 0.037094
0.592279 0.064869
0.591134 0.080269
0.586837 0.098308
0.588006 0.140679
0.597864 0.208319
0.581965 0.197063
0.569002 0.252993
0.543344 0.345351
0.498743 0.454264
0.534665 0.404564
0.709872 0.000779
0.645404 0.000488
0.633271 0.021625
0.619363 0.048433
0.608198 0.074237
0.603062 0.092022
0.590844 0.123325
0.603468 0.136197
0.598045 0.154567
0.596945 0.233200
0.581849 0.215726
0.577743 0.270258
0.548899 0.288555
0.553224 0.307892
0.560278 0.328124
0.717941 0.000610
0.645856 0.031856
0.639060 0.045198
0.622144 0.063865
0.620529 0.083517
0.598939 0.109126
0.610368 0.122594
0.614565 0.154001
0.597268 0.186327
0.583199 0.234145
0.593856 0.319299
0.573504 0.311511
0.537382 0.383387
0.523543 0.435529
0.734191 0.000864
0.669618 0.000312
0.652773 0.020657
0.657005 0.043187
0.638207 0.059128
0.634708 0.075733
0.616543 0.100257
0.621640 0.140047
0.610097 0.171139
0.610241 0.197312
0.620063 0.236096
0.629492 0.216280
0.581683 0.327911
0.569640 0.371500
0.612489 0.350686
0.742311 0.000087
0.670457 0.021102
0.667122 0.033106
0.658171 0.056933
0.650951 0.070718
0.634155 0.094522
0.623897 0.111883
0.628452 0.163811
0.620479 0.182267
0.611402 0.219260
0.589054 0.255901
0.526219 0.432237
0.630953 0.278171
0.593918 0.355704
0.750481 0.001190
0.693820 0.000263
0.686671 0.021934
0.676619 0.044591
0.670601 0.067921
0.649604 0.086799
0.640847 0.110251
0.629329 0.127130
0.635789 0.148354
0.637304 0.177283
0.608393 0.249796
0.617286 0.267304
0.587569 0.289201
0.628179 0.339448
0.589400 0.361683
0.758677 0.000774
0.701824 0.022075
0.689710 0.035712
0.681421 0.057034
0.665626 0.081756
0.656519 0.100115
0.646255 0.128767
0.649279 0.161690
0.627153 0.200762
0.647885 0.210917
0.572298 0.345284
0.598181 0.301950
0.655132 0.327244
0.645020 0.306705
0.766862 0.000782
0.726104 0.000783
0.720570 0.021294
0.699466 0.045339
0.687132 0.072408
0.674394 0.094099
0.656404 0.115434
0.649912 0.144928
0.654436 0.180306
0.599823 0.269615
0.664015 0.194594
0.632371 0.252902
0.644615 0.268110
0.622042 0.351016
0.624752 0.316312
0.783376 0.000454
0.735550 0.023258
0.711237 0.032349
0.699261 0.059548
0.689992 0.085865
0.671676 0.112377
0.663715 0.131256
0.665474 0.149025
0.643458 0.192863
0.660973 0.226158
0.657842 0.254211
0.611105 0.288403
0.647951 0.293247
0.623547 0.297073
0.791739 0.000631
0.749564 0.021190
0.732249 0.036287
0.717546 0.045230
0.704657 0.075496
0.686859 0.103524
0.696827 0.114102
0.681512 0.124023
0.666393 0.168134
0.680529 0.156341
0.636783 0.234619
0.653209 0.239283
0.679786 0.266609
0.716388 0.262758
0.669797 0.291506
0.800030 0.000282
0.756292 0.033461
0.732782 0.050413
0.715445 0.061431
0.718388 0.081041
0.703878 0.094685
0.712037 0.109480
0.681665 0.139375
0.694609 0.185133
0.682426 0.229321
0.677468 0.246799
0.662695 0.275177
0.640911 0.330933
0.608391 0.322470
0.816729 0.000757
0.775077 0.000891
0.766408 0.020568
0.748654 0.044435
0.746779 0.060525
0.730301 0.065895
0.722636 0.095496
0.701704 0.128941
0.690599 0.166652
0.676845 0.180605
0.682487 0.198062
0.706026 0.217497
0.730353 0.219653
0.679648 0.317821
0.666102 0.318918
0.825124 0.000881
0.784875 0.019215
0.776611 0.032365
0.768313 0.043368
0.752481 0.072977
0.735277 0.080113
0.718812 0.124518
0.716479 0.141553
0.697523 0.143507
0.706135 0.175997
0.685720 0.214325
0.718499 0.191307
0.687471 0.283509
0.692849 0.260137
0.833587 0.000146
0.808346 0.001044
0.802125 0.021007
0.787128 0.047096
0.763344 0.057417
0.758954 0.086124
0.740511 0.093635
0.729588 0.109660
0.736467 0.130301
0.667611 0.212901
0.705595 0.200246
0.704335 0.231368
0.744487 0.209226
0.700150 0.297931
0.686917 0.305775
0.850622 0.000345
0.817324 0.020456
0.792791 0.033000
0.780314 0.059534
0.770746 0.071947
0.783611 0.079184
0.752982 0.101350
0.742796 0.116558
0.705965 0.156614
0.721823 0.159288
0.725921 0.176232
0.739027 0.190719
0.705220 0.247615
0.733802 0.237749
0.859116 0.000261
0.842053 0.000559
0.832736 0.021243
0.809248 0.035825
0.802038 0.049810
0.795703 0.066505
0.772975 0.092957
0.764764 0.110587
0.756912 0.125758
0.733832 0.145189
0.742000 0.158984
0.743702 0.174448
0.756525 0.186781
0.725648 0.206712
0.724427 0.245559
0.876327 0.000508
0.847325 0.020246
0.824584 0.035514
0.820632 0.049594
0.811226 0.063685
0.805069 0.078904
0.793441 0.091624
0.782457 0.106080
0.774752 0.123548
0.752956 0.140638
0.758200 0.154944
0.765074 0.173198
0.769049 0.197437
0.761462 0.260982
0.884996 0.000998
0.867687 0.001105
0.863960 0.020216
0.840281 0.035174
0.837014 0.052360
0.827499 0.064306
0.823330 0.079233
0.810988 0.093420
0.800394 0.107963
0.789848 0.121611
0.773396 0.139164
0.786952 0.150622
0.796371 0.188043
0.745074 0.243675
0.715840 0.288416
0.893709 0.000233
0.879547 0.019988
0.857527 0.033687
0.851912 0.046530
0.853220 0.060830
0.843941 0.071787
0.839085 0.085178
0.829419 0.096276
0.818554 0.109161
0.810406 0.122709
0.797600 0.133441
0.772993 0.157995
0.780516 0.189394
0.758699 0.216944
0.902522 0.000134
0.911534 0.000586
0.894539 0.019709
0.876181 0.033302
0.870569 0.045946
0.868663 0.061211
0.861443 0.076887
0.854735 0.091348
0.843253 0.104290
0.832044 0.117709
0.823407 0.132852
0.804441 0.148100
0.787282 0.169888
0.803315 0.215185
0.724660 0.288336
0.920486 0.000839
0.909954 0.017519
0.894376 0.033277
0.888527 0.046139
0.884047 0.059988
0.878915 0.075781
0.873139 0.091188
0.863112 0.104938
0.851968 0.118329
0.841304 0.131392
0.819445 0.147618
0.827984 0.159447
0.810284 0.173767
0.778589 0.216100
0.929406 0.000798
0.927027 0.019241
0.914779 0.031046
0.906626 0.042763
0.902792 0.057259
0.897387 0.072327
0.891065 0.087031
0.888081 0.101610
0.877689 0.113882
0.867026 0.125473
0.857968 0.140030
0.839314 0.146902
0.800054 0.161791
0.799366 0.201441
0.736067 0.268689
0.938558 0.000554
0.937133 0.032438
0.926854 0.040155
0.922007 0.054065
0.916862 0.070275
0.908054 0.085002
0.906583 0.105155
0.894396 0.116039
0.881319 0.133216
0.873738 0.147755
0.863278 0.159765
0.844942 0.162887
0.830236 0.178995
0.743761 0.281187
0.947930 0.000195
0.941754 0.015108
0.953456 0.024897
0.940906 0.053800
0.931693 0.062479
0.927543 0.079940
0.919773 0.095434
0.921539 0.114610
0.911498 0.127231
0.898173 0.138374
0.886004 0.154988
0.850150 0.178968
0.868168 0.184671
0.783917 0.227330
0.844715 0.198724
0.956922 0.000638
0.965991 0.017147
0.950424 0.039077
0.955793 0.054638
0.959004 0.091218
0.951388 0.113659
0.939780 0.111468
0.915782 0.141771
0.916528 0.155651
0.898455 0.168213
0.875155 0.170526
0.858764 0.202007
0.818689 0.188135
0.828510 0.237617
0.965965 0.001096
0.986641 0.000530
0.980696 0.016193
0.971704 0.065230
0.949179 0.072133
0.945782 0.087164
0.932077 0.125306
0.952048 0.134917
0.933741 0.142052
0.918030 0.166068
0.926214 0.178852
0.903061 0.204628
0.823301 0.224535
0.826403 0.201138
0.756574 0.274982
0.975886 0.000826
0.967400 0.035223
0.969285 0.047733
0.986500 0.066395
0.964412 0.075198
0.934579 0.099064
0.956499 0.152865
0.946943 0.162477
0.969082 0.168435
0.905856 0.183979
0.945235 0.195821
0.884742 0.185959
0.840046 0.219219
0.758702 0.227527
0.999473 0.000895
0.999026 0.034330
0.984384 0.031937
0.983350 0.048700
0.998912 0.101243
0.986151 0.107188
0.999112 0.137965
0.999628 0.149834
0.949502 0.173782
0.968111 0.195424
0.932348 0.197161
0.919330 0.205209
0.869221 0.219780
0.981445 0.199511
0.777967 0.262176
0.999358 0.000542
0.999815 0.044758
0.999924 0.067046
0.999736 0.090079
0.999423 0.114388
0.969676 0.099170
0.965413 0.140832
0.978451 0.155987
0.980312 0.142026
0.999747 0.188455
0.957469 0.194317
0.879068 0.207332
0.773772 0.244253
0.857628 0.225645
0.999365 0.013369
0.999183 0.024103
0.999570 0.055573
0.999738 0.078996
0.983882 0.085758
0.999770 0.126615
0.976578 0.125463
0.966732 0.110636
0.999907 0.196378
0.999681 0.166810
0.990433 0.175224
0.837172 0.237425
0.892754 0.209671
0.788351 0.253661
0.799378 0.242764
