0.000221 0.020301
0.000847 0.051582
0.000609 0.085880
0.000090 0.121755
0.000611 0.134788
0.011255 0.165630
0.000820 0.175151
0.000875 0.189278
0.028106 0.185469
0.052303 0.191064
0.176676 0.213981
0.079754 0.185880
0.143260 0.204860
0.223764 0.236784
0.000649 0.008335
0.000514 0.030264
0.000922 0.062517
0.028294 0.051735
0.024363 0.090465
0.011669 0.129751
0.000774 0.160734
0.028560 0.161660
0.000115 0.201870
0.009984 0.203609
0.033266 0.193916
0.049901 0.174865
0.134141 0.196961
0.152330 0.209150
0.194327 0.222289
0.000684 0.000426
0.000220 0.040959
0.000408 0.073265
0.000053 0.096677
0.000549 0.109196
0.012794 0.105483
0.000382 0.146578
0.038641 0.133537
0.027667 0.143546
0.042817 0.153585
0.065230 0.167251
0.112190 0.191428
0.097728 0.189700
0.200926 0.242203
0.005837 0.000390
0.017094 0.017983
0.015289 0.038189
0.014100 0.056254
0.012680 0.078138
0.038221 0.100932
0.043799 0.084492
0.034191 0.124281
0.055182 0.132451
0.075418 0.140025
0.059012 0.149455
0.096205 0.174513
0.068603 0.186721
0.118470 0.198926
0.239032 0.250800
0.017981 0.000767
0.048018 0.030692
0.026778 0.032087
0.039423 0.058003
0.026200 0.073631
0.026457 0.107893
0.049301 0.102721
0.063646 0.116346
0.090619 0.145708
0.120747 0.152107
0.080903 0.158646
0.168711 0.184931
0.118263 0.170034
0.211571 0.211835
0.036478 0.000058
0.027602 0.000292
0.059367 0.039852
0.039166 0.042886
0.043434 0.070052
0.059826 0.075616
0.066520 0.088496
0.067228 0.101507
0.077136 0.120006
0.087118 0.129613
0.109376 0.137178
0.104871 0.157548
0.154217 0.179090
0.165579 0.206783
0.269503 0.241795
0.045265 0.000652
0.034367 0.018884
0.055090 0.055457
0.069328 0.059967
0.075803 0.073534
0.087765 0.087831
0.081721 0.102912
0.096253 0.108760
0.107192 0.122389
0.131468 0.134367
0.135505 0.159514
0.135892 0.176213
0.153759 0.160971
0.184325 0.221843
0.054648 0.000380
0.053950 0.016900
0.066994 0.022865
0.071772 0.040581
0.082708 0.052215
0.088065 0.068569
0.100438 0.077526
0.104028 0.092967
0.113669 0.103915
0.120999 0.121337
0.144987 0.142942
0.168396 0.159517
0.181443 0.170403
0.217529 0.185876
0.229750 0.266289
0.063922 0.000094
0.080390 0.019052
0.085562 0.034182
0.097563 0.047404
0.102620 0.062506
0.116170 0.073546
0.121297 0.087633
0.131297 0.099199
0.136824 0.114765
0.149649 0.125128
0.161679 0.139291
0.190250 0.181131
0.190322 0.195484
0.210693 0.196113
0.072722 0.001161
0.081445 0.000227
0.094964 0.021971
0.102984 0.034287
0.112651 0.050484
0.124660 0.061151
0.134226 0.075402
0.142828 0.088209
0.150825 0.105109
0.164689 0.119192
0.177622 0.132212
0.194917 0.162408
0.236158 0.193098
0.251321 0.216741
0.281659 0.286735
0.090207 0.001140
0.111645 0.018420
0.118197 0.030629
0.126342 0.042151
0.137114 0.052583
0.145571 0.064569
0.156988 0.075534
0.157837 0.091686
0.171405 0.105450
0.194794 0.131670
0.182176 0.146585
0.215751 0.153753
0.212846 0.169511
0.248873 0.242666
0.098787 0.000541
0.116355 0.000415
0.130821 0.019997
0.138621 0.032173
0.149294 0.043900
0.159779 0.057180
0.172841 0.069593
0.173260 0.085308
0.184611 0.097845
0.186807 0.116676
0.215965 0.131531
0.202973 0.144246
0.259273 0.162761
0.260638 0.208746
0.282629 0.278474
0.107529 0.000620
0.148550 0.019206
0.157763 0.031528
0.167540 0.042738
0.177859 0.055672
0.190510 0.066949
0.189757 0.081400
0.203943 0.087773
0.199501 0.104272
0.207864 0.117698
0.229275 0.150268
0.233361 0.166189
0.246609 0.195140
0.224003 0.213523
0.125047 0.000460
0.150975 0.000702
0.166553 0.020411
0.179712 0.034866
0.190007 0.045353
0.201857 0.057917
0.209636 0.074126
0.219103 0.092744
0.221199 0.105308
0.230371 0.116132
0.233093 0.130997
0.249404 0.151849
0.268876 0.178620
0.271421 0.225691
0.293028 0.266173
0.133694 0.000795
0.182213 0.020549
0.199584 0.035522
0.212445 0.047501
0.219492 0.061888
0.227046 0.077058
0.236242 0.093071
0.246954 0.108987
0.249012 0.123217
0.251898 0.139043
0.269161 0.152245
0.243306 0.177975
0.280893 0.207053
0.291478 0.232167
0.142371 0.000579
0.185081 0.000247
0.196761 0.021775
0.216632 0.034092
0.235460 0.060263
0.242729 0.074201
0.249973 0.091009
0.266475 0.116487
0.268830 0.130437
0.283099 0.139624
0.279804 0.164554
0.286399 0.179138
0.305902 0.228379
0.312402 0.246417
0.278894 0.245068
0.159549 0.000133
0.212675 0.020501
0.229297 0.045013
0.254133 0.061798
0.260871 0.077615
0.272415 0.089608
0.263570 0.100871
0.291881 0.125707
0.291333 0.153893
0.302766 0.168235
0.307905 0.185139
0.266910 0.194190
0.315643 0.294144
0.303118 0.286711
0.168062 0.000194
0.227932 0.022184
0.238618 0.034128
0.247751 0.048686
0.270232 0.063541
0.279837 0.075194
0.282560 0.112933
0.309335 0.121411
0.302597 0.139873
0.312128 0.154699
0.320827 0.177009
0.292782 0.194691
0.299974 0.210687
0.312267 0.264797
0.327587 0.292939
0.176558 0.000150
0.254895 0.032960
0.264579 0.046624
0.292932 0.068029
0.295547 0.085061
0.286328 0.097289
0.318568 0.135760
0.332357 0.146069
0.326461 0.161125
0.330995 0.189336
0.315430 0.201813
0.321699 0.219244
0.323310 0.241692
0.360835 0.326616
0.193514 0.001234
0.245155 0.021053
0.272715 0.034576
0.280766 0.053020
0.310053 0.077285
0.308870 0.094898
0.300571 0.107997
0.345429 0.138927
0.344814 0.159686
0.364616 0.216053
0.349487 0.199417
0.340836 0.250072
0.337632 0.230205
0.356005 0.284450
0.367754 0.329420
0.202006 0.000032
0.263860 0.021045
0.288625 0.035227
0.305867 0.061309
0.324533 0.091626
0.321242 0.107785
0.327822 0.122820
0.358934 0.157498
0.341209 0.175908
0.349742 0.219688
0.335572 0.207234
0.357098 0.265307
0.329271 0.266761
0.338060 0.306375
0.210435 0.000845
0.260522 0.000371
0.281305 0.022028
0.295009 0.048826
0.328049 0.077102
0.341561 0.092933
0.338885 0.108313
0.344811 0.123931
0.362968 0.173412
0.356437 0.187173
0.380943 0.257184
0.370054 0.241362
0.356895 0.239592
0.383273 0.330327
0.343534 0.268834
0.218934 0.000156
0.298814 0.021712
0.305945 0.035371
0.321881 0.062034
0.346409 0.079826
0.356459 0.108286
0.362214 0.124080
0.361946 0.140084
0.375528 0.186079
0.379163 0.224436
0.398309 0.277898
0.375460 0.270799
0.374860 0.288505
0.345836 0.308687
0.227268 0.000809
0.293641 0.000499
0.315611 0.022203
0.315259 0.047596
0.339236 0.065142
0.359278 0.093822
0.374046 0.112380
0.378836 0.139932
0.376111 0.154722
0.411213 0.194450
0.391907 0.204890
0.374321 0.202309
0.399936 0.295912
0.418679 0.305467
0.366144 0.306416
0.235510 0.000479
0.333122 0.021905
0.324102 0.035190
0.334110 0.049387
0.365081 0.079114
0.377972 0.098425
0.384134 0.125929
0.395464 0.154680
0.382193 0.170533
0.405387 0.239685
0.388122 0.242276
0.418549 0.280962
0.391653 0.342839
0.390313 0.302294
0.243809 0.000838
0.318175 0.000026
0.341480 0.034493
0.349769 0.050953
0.356556 0.065719
0.378697 0.084328
0.391800 0.111910
0.397123 0.138658
0.393789 0.187100
0.430513 0.191648
0.412687 0.210161
0.397203 0.221413
0.432511 0.317502
0.406769 0.364424
0.405054 0.320905
0.252124 0.000131
0.351263 0.021557
0.367066 0.045259
0.370305 0.058273
0.381467 0.068256
0.396177 0.096416
0.405597 0.124741
0.399627 0.170035
0.412920 0.178813
0.428427 0.213552
0.403673 0.259492
0.433918 0.293523
0.418645 0.384528
0.416038 0.335431
0.268854 0.000750
0.342569 0.001021
0.357781 0.034317
0.386804 0.046709
0.393742 0.060079
0.395459 0.079699
0.409444 0.108914
0.412431 0.148347
0.418609 0.162297
0.434143 0.176314
0.441945 0.230084
0.418627 0.265807
0.451423 0.309866
0.429914 0.359234
0.438825 0.330511
0.277165 0.000074
0.369141 0.021559
0.377749 0.033071
0.406408 0.068037
0.410273 0.088623
0.422697 0.100471
0.436537 0.131546
0.419617 0.134484
0.434957 0.146663
0.437074 0.162331
0.420300 0.229560
0.402232 0.346101
0.467496 0.494698
0.430032 0.410625
0.285391 0.000347
0.366874 0.000068
0.405440 0.048075
0.397683 0.035353
0.421209 0.063103
0.439669 0.099839
0.424537 0.117798
0.453392 0.126745
0.455267 0.142646
0.450835 0.187334
0.442776 0.204447
0.447914 0.248027
0.446885 0.279737
0.426779 0.243847
0.430686 0.386418
0.301801 0.000836
0.387341 0.022361
0.419624 0.048039
0.435183 0.055299
0.420970 0.078581
0.433752 0.085624
0.441967 0.114828
0.453753 0.157249
0.455425 0.172875
0.455916 0.216199
0.457977 0.264326
0.480982 0.347823
0.409165 0.373791
0.445527 0.351657
0.310004 0.000045
0.403566 0.022567
0.427198 0.036810
0.439469 0.070495
0.451577 0.080598
0.480889 0.111088
0.474158 0.141200
0.459637 0.109416
0.468939 0.124233
0.462701 0.235561
0.472358 0.253254
0.474330 0.272258
0.454583 0.292390
0.457653 0.342224
0.435336 0.260451
0.326344 0.000680
0.416016 0.027026
0.441362 0.030155
0.446678 0.043905
0.461681 0.067980
0.455423 0.094506
0.484862 0.127407
0.490832 0.160977
0.473899 0.188422
0.463010 0.201708
0.473682 0.221091
0.470706 0.305459
0.440547 0.453888
0.446989 0.371345
0.334453 0.000511
0.406944 0.000199
0.429239 0.020936
0.452441 0.020890
0.452018 0.058024
0.469614 0.082127
0.473340 0.098420
0.492015 0.146575
0.471734 0.156466
0.482607 0.205374
0.482326 0.236403
0.462059 0.370055
0.479314 0.375257
0.446009 0.402298
0.441951 0.460737
0.350669 0.000408
0.471140 0.021274
0.465383 0.047539
0.486787 0.090782
0.497021 0.103911
0.509696 0.162066
0.491508 0.179228
0.474703 0.173038
0.480328 0.323273
0.464220 0.327064
0.481780 0.292354
0.484326 0.389741
0.424001 0.551431
0.432740 0.418775
0.358773 0.000981
0.414912 0.000822
0.478872 0.000162
0.488846 0.021552
0.459933 0.033160
0.509745 0.094515
0.501632 0.133994
0.500555 0.118135
0.495320 0.250681
0.495366 0.195609
0.464739 0.444408
0.490918 0.353108
0.454477 0.421137
0.461807 0.389527
0.489030 0.512807
0.374898 0.001140
0.462845 0.000032
0.476971 0.033808
0.475395 0.057503
0.527711 0.158717
0.528419 0.173870
0.508192 0.178155
0.503338 0.234567
0.494964 0.311841
0.457369 0.484981
0.454645 0.475047
0.406944 0.550926
0.450356 0.440808
0.472347 0.412545
0.382909 0.000104
0.454828 0.000847
0.486870 0.000069
0.507119 0.022900
0.523525 0.068651
0.529329 0.235764
0.521379 0.223274
0.508281 0.210333
0.596604 0.813721
0.422199 0.589928
0.452890 0.607281
0.818899 0.604462
0.573945 0.577901
0.405326 0.571473
0.440138 0.532124
0.422882 0.000567
0.470840 0.000007
0.586324 0.033853
0.493272 0.056854
0.486497 0.043488
0.511960 0.252332
0.514027 0.270376
0.496613 0.219111
0.501264 0.379460
0.493276 0.269140
0.465173 0.533163
0.426058 0.560590
0.450948 0.522502
0.440965 0.523607
0.398932 0.001047
0.438874 0.000710
0.510508 0.000373
0.497791 0.032859
0.619660 0.806988
0.515838 0.109463
0.597223 0.575702
0.494614 0.287655
0.481487 0.453144
0.487218 0.415290
0.823457 0.625922
0.613113 0.568008
0.614445 0.567152
0.452271 0.612051
0.401727 0.560146
0.534348 0.000841
0.502654 0.000722
0.430858 0.000414
0.215218 0.245445
0.503002 0.067157
0.513541 0.146105
0.484553 0.434640
0.615985 0.812304
0.582012 0.590925
0.483142 0.627704
0.820124 0.624873
0.590475 0.588850
0.473617 0.622986
0.472546 0.581044
0.597928 0.000059
0.550292 0.000456
0.390920 0.001051
0.494789 0.000471
0.537825 0.021764
0.494589 0.079595
0.517784 0.128664
0.529123 0.208148
0.504714 0.400808
0.506108 0.558833
0.481342 0.484261
0.467829 0.561536
0.507759 0.569150
0.467245 0.595048
0.541658 0.590244
0.589962 0.000877
0.518417 0.000635
0.446835 0.000221
0.520479 0.035382
0.481863 0.070873
0.826375 0.601032
0.422229 0.589039
0.477107 0.537182
0.488991 0.596093
0.598893 0.804692
0.467294 0.567476
0.489465 0.620844
0.554921 0.587851
0.531257 0.529488
0.613681 0.000212
0.566090 0.001132
0.522595 0.022166
0.526368 0.000111
0.512668 0.080537
0.514973 0.055997
0.528171 0.098622
0.516660 0.191696
0.534182 0.192475
0.497633 0.337891
0.515558 0.359065
0.491610 0.528264
0.545766 0.583591
0.503771 0.590184
0.529902 0.359937
0.629501 0.000297
0.542343 0.000154
0.540854 0.034949
0.528929 0.046642
0.507195 0.043683
0.530514 0.116849
0.548127 0.164258
0.546867 0.179601
0.548382 0.201063
0.513007 0.308293
0.486538 0.504017
0.524717 0.474526
0.510561 0.585007
0.515698 0.544867
0.637444 0.000504
0.558224 0.000741
0.571079 0.022801
0.559370 0.033847
0.546915 0.048714
0.532320 0.134603
0.538198 0.147244
0.557599 0.149820
0.543161 0.221470
0.512434 0.325857
0.518987 0.377229
0.523161 0.407602
0.508723 0.531584
0.531362 0.316821
0.507512 0.469336
0.653470 0.000321
0.586693 0.020247
0.574426 0.040503
0.554352 0.021177
0.536027 0.060157
0.530153 0.083559
0.544473 0.102837
0.545629 0.119362
0.564327 0.183779
0.533389 0.274150
0.522242 0.342644
0.517296 0.288533
0.503628 0.424539
0.490508 0.471115
0.661577 0.000201
0.573990 0.000815
0.602065 0.023693
0.544076 0.072366
0.562178 0.049504
0.558780 0.063027
0.547207 0.089054
0.563482 0.096866
0.553115 0.133652
0.563700 0.200989
0.548970 0.238218
0.533252 0.295550
0.559739 0.353828
0.554231 0.395259
0.559766 0.392223
0.677745 0.000852
0.581935 0.000179
0.605817 0.000334
0.579914 0.056489
0.559172 0.079186
0.577614 0.110762
0.560676 0.112808
0.565760 0.165583
0.578876 0.179017
0.563608 0.216646
0.530864 0.254063
0.543107 0.330990
0.525103 0.471744
0.531486 0.532507
0.685809 0.000597
0.621580 0.000062
0.616880 0.021864
0.594682 0.045307
0.574218 0.071247
0.575766 0.087060
0.571190 0.125179
0.570385 0.139883
0.579427 0.154558
0.591361 0.168304
0.547401 0.255414
0.565621 0.232948
0.560604 0.270962
0.568615 0.290486
0.573852 0.376994
0.701870 0.000225
0.626392 0.034433
0.606175 0.056786
0.608284 0.036849
0.592294 0.064440
0.591080 0.079854
0.586934 0.097757
0.588038 0.140052
0.597835 0.207395
0.582123 0.195882
0.568935 0.251890
0.543639 0.344063
0.498717 0.452308
0.534632 0.402760
0.709893 0.000627
0.645413 0.000539
0.633387 0.021404
0.619554 0.048149
0.608192 0.073810
0.603072 0.091544
0.590833 0.122688
0.603376 0.135405
0.598088 0.153983
0.597072 0.232203
0.581852 0.214736
0.577837 0.268944
0.549031 0.287181
0.553130 0.306683
0.560464 0.326664
0.717950 0.000326
0.645805 0.031725
0.639093 0.044924
0.622351 0.063597
0.620540 0.082910
0.598809 0.108538
0.610316 0.121996
0.614387 0.153203
0.597294 0.185619
0.583018 0.232783
0.594153 0.318013
0.573862 0.310454
0.537447 0.381795
0.523678 0.433637
0.734187 0.000571
0.669626 0.000628
0.652990 0.020626
0.657058 0.042809
0.638447 0.058817
0.634822 0.075279
0.616510 0.099689
0.621566 0.139345
0.609905 0.170391
0.610214 0.196471
0.620142 0.235030
0.629527 0.215374
0.581606 0.326697
0.569831 0.370132
0.612672 0.349276
0.742309 0.000890
0.670619 0.020957
0.667099 0.032995
0.658227 0.056469
0.651239 0.070324
0.634077 0.094018
0.623864 0.111270
0.628345 0.163047
0.620489 0.181421
0.611238 0.218275
0.588971 0.254882
0.526371 0.430422
0.630843 0.276887
0.594207 0.354370
0.750466 0.001055
0.693827 0.000380
0.686849 0.021822
0.676752 0.044207
0.670721 0.067466
0.649435 0.086365
0.640742 0.109598
0.629312 0.126439
0.635567 0.147644
0.637232 0.176635
0.608411 0.248590
0.617352 0.266354
0.587496 0.287727
0.628213 0.338283
0.589765 0.360319
0.758670 0.000458
0.701802 0.021886
0.689651 0.035642
0.681631 0.056586
0.665771 0.081272
0.656608 0.099507
0.646146 0.127897
0.649329 0.161078
0.627199 0.199783
0.647878 0.210085
0.572229 0.343858
0.598253 0.301017
0.655211 0.326315
0.645323 0.305350
0.766857 0.000144
0.726102 0.000092
0.720653 0.021237
0.699706 0.045059
0.687121 0.072035
0.674449 0.093469
0.656539 0.114822
0.649841 0.144209
0.654389 0.179453
0.599857 0.268286
0.664054 0.193607
0.632335 0.252112
0.644739 0.267105
0.622310 0.349920
0.624853 0.315254
0.783381 0.000145
0.735637 0.023093
0.711202 0.032143
0.699262 0.059171
0.689924 0.085525
0.671625 0.111792
0.663651 0.130575
0.665269 0.148072
0.643353 0.191946
0.661198 0.225496
0.658268 0.253181
0.611183 0.286944
0.648201 0.292275
0.623673 0.296089
0.791757 0.000322
0.749488 0.021100
0.732289 0.036053
0.717648 0.044890
0.704515 0.075243
0.686968 0.103064
0.697012 0.113520
0.681640 0.123322
0.666362 0.167369
0.680377 0.155378
0.636756 0.233653
0.653233 0.238441
0.680362 0.265923
0.716393 0.261564
0.669778 0.290302
0.800047 0.000401
0.756474 0.033165
0.732790 0.050190
0.715297 0.061157
0.718638 0.080461
0.704042 0.094037
0.711928 0.108905
0.681564 0.138584
0.694682 0.184325
0.682643 0.228445
0.677874 0.245738
0.662736 0.274163
0.641372 0.329565
0.608577 0.321169
0.816765 0.000822
0.775080 0.000610
0.766478 0.020407
0.748647 0.044108
0.746767 0.060216
0.730235 0.065389
0.722598 0.094850
0.701710 0.128278
0.690659 0.166033
0.676890 0.179778
0.682296 0.197054
0.706073 0.216755
0.730549 0.218824
0.679820 0.316601
0.666230 0.317827
0.825152 0.000611
0.784952 0.019131
0.776704 0.032109
0.768446 0.043135
0.752514 0.072604
0.735376 0.079654
0.718819 0.123918
0.716458 0.140848
0.697510 0.142855
0.706297 0.175056
0.685897 0.213395
0.718558 0.190456
0.687736 0.282334
0.692875 0.259397
0.833600 0.000656
0.808369 0.000922
0.802288 0.020850
0.787090 0.046998
0.763253 0.057107
0.759077 0.085762
0.740368 0.093097
0.729649 0.109026
0.736530 0.129562
0.667580 0.211887
0.705403 0.199497
0.704638 0.230436
0.744717 0.208395
0.700528 0.296538
0.687172 0.304196
0.850637 0.000040
0.817589 0.020449
0.792993 0.033030
0.780226 0.059300
0.770594 0.071815
0.783874 0.078695
0.753013 0.100777
0.742830 0.115795
0.705673 0.155988
0.721753 0.158327
0.725958 0.175152
0.739111 0.190296
0.705506 0.247046
0.734148 0.237299
0.859125 0.000658
0.842084 0.000911
0.832944 0.021229
0.809415 0.035692
0.802103 0.049594
0.795771 0.066046
0.773361 0.092355
0.764628 0.109807
0.757139 0.124908
0.733854 0.144427
0.742101 0.158417
0.744498 0.173586
0.756717 0.186140
0.725765 0.205688
0.724645 0.244699
0.876321 0.000382
0.847640 0.020249
0.824651 0.035502
0.820694 0.049459
0.811363 0.063700
0.805193 0.078566
0.793577 0.091053
0.782696 0.105609
0.774886 0.123009
0.752859 0.139887
0.758328 0.154306
0.765405 0.172994
0.768913 0.196752
0.762020 0.260329
0.885003 0.000550
0.867689 0.000880
0.864177 0.020123
0.840565 0.034972
0.837326 0.052150
0.827721 0.063886
0.823600 0.078704
0.811283 0.093002
0.800626 0.107367
0.789694 0.120927
0.773240 0.138632
0.787376 0.149681
0.797113 0.187511
0.745253 0.243274
0.716175 0.287454
0.893715 0.000748
0.879938 0.019883
0.857822 0.033553
0.852170 0.046322
0.853399 0.060644
0.843989 0.071417
0.839319 0.084788
0.829533 0.095745
0.818618 0.108706
0.810883 0.122302
0.797554 0.132578
0.772846 0.157359
0.780753 0.188690
0.758912 0.216019
0.902527 0.001198
0.911533 0.000594
0.894910 0.019694
0.876693 0.033186
0.870775 0.045695
0.868952 0.060972
0.861727 0.076328
0.854892 0.091033
0.843744 0.103953
0.832294 0.117089
0.823480 0.132315
0.804949 0.147267
0.787649 0.169491
0.803605 0.214626
0.724822 0.286403
0.920477 0.000834
0.910123 0.017576
0.894976 0.033367
0.888652 0.046151
0.884506 0.059935
0.879246 0.075578
0.873301 0.091102
0.863134 0.104599
0.852163 0.118067
0.841768 0.130902
0.819993 0.147163
0.828120 0.158959
0.810456 0.172904
0.779680 0.215462
0.929398 0.000527
0.927428 0.019336
0.915119 0.031179
0.906758 0.042615
0.902998 0.057191
0.897468 0.072293
0.891447 0.086827
0.888522 0.101505
0.878161 0.113777
0.867350 0.125124
0.858111 0.139929
0.839543 0.146708
0.800254 0.161637
0.799714 0.201858
0.736891 0.267492
0.938593 0.000181
0.937512 0.032403
0.927140 0.040158
0.922145 0.054044
0.917223 0.070039
0.908268 0.084857
0.906775 0.104686
0.894500 0.116012
0.882035 0.133019
0.874327 0.147564
0.863722 0.159544
0.845387 0.162483
0.831125 0.179044
0.744125 0.280236
0.947989 0.000711
0.942005 0.015139
0.953685 0.024695
0.941025 0.053962
0.932287 0.062635
0.927364 0.079484
0.920011 0.095060
0.922134 0.114809
0.912074 0.126857
0.898386 0.138016
0.886803 0.154874
0.851052 0.179225
0.868948 0.184820
0.784219 0.226905
0.845659 0.198422
0.957034 0.000646
0.965719 0.017032
0.950862 0.039061
0.955337 0.054782
0.959298 0.091131
0.951454 0.114310
0.939393 0.111666
0.916445 0.142326
0.918008 0.155656
0.898952 0.168179
0.875779 0.170620
0.859202 0.202009
0.819179 0.188018
0.829148 0.237518
0.966040 0.000804
0.986716 0.000112
0.981315 0.016193
0.971856 0.065169
0.948979 0.072014
0.946143 0.086608
0.932496 0.125274
0.952126 0.134669
0.934043 0.142215
0.918640 0.166510
0.926586 0.179013
0.904182 0.205106
0.823325 0.224108
0.826539 0.201036
0.757013 0.274300
0.975941 0.000264
0.967565 0.035319
0.969296 0.048087
0.986179 0.066531
0.964721 0.075606
0.934451 0.098706
0.956600 0.153634
0.946775 0.163045
0.969152 0.169430
0.906752 0.184260
0.945538 0.196934
0.885508 0.186059
0.840646 0.219254
0.758835 0.226911
0.999229 0.000919
0.999348 0.034344
0.984472 0.031796
0.983346 0.048827
0.999147 0.101367
0.985866 0.107549
0.999348 0.138061
0.999783 0.150052
0.949833 0.174860
0.968678 0.196155
0.933175 0.197561
0.920384 0.205626
0.870073 0.219622
0.982237 0.200941
0.778231 0.261517
0.999644 0.001063
0.999446 0.044763
0.999859 0.067084
0.999860 0.090140
0.999643 0.114553
0.969561 0.099847
0.966008 0.140565
0.978245 0.156581
0.981246 0.142707
0.999999 0.188887
0.958049 0.194918
0.879427 0.207180
0.774063 0.243023
0.858761 0.225834
0.999744 0.013345
0.999328 0.024084
0.999893 0.055614
0.999083 0.079041
0.983887 0.085833
0.999019 0.126683
0.976653 0.125712
0.967155 0.110923
0.999540 0.196755
0.999931 0.166872
0.990915 0.175871
0.838622 0.236576
0.893852 0.209383
0.789157 0.252451
0.799409 0.242043
