0.000798 0.020321
0.000753 0.051549
0.000463 0.085954
0.000638 0.121871
0.000034 0.135424
0.011942 0.168381
0.000245 0.175970
0.000607 0.190360
0.028236 0.187701
0.052381 0.192122
0.174277 0.214614
0.079901 0.187441
0.141831 0.205653
0.223231 0.236259
0.000716 0.008342
0.000837 0.030291
0.000381 0.062647
0.027066 0.051326
0.024441 0.091083
0.011477 0.130795
0.000377 0.160796
0.029072 0.162260
0.000171 0.203205
0.010524 0.204347
0.034498 0.195454
0.049776 0.175200
0.133484 0.197583
0.150494 0.210642
0.193061 0.221678
0.000051 0.000141
0.000776 0.040895
0.000343 0.073340
0.000720 0.096742
0.000191 0.109425
0.013240 0.105241
0.000516 0.147039
0.037848 0.135056
0.026478 0.145673
0.042852 0.155095
0.064671 0.167724
0.111054 0.192519
0.096677 0.190678
0.198610 0.241130
0.005581 0.000324
0.016406 0.018514
0.015531 0.038382
0.014045 0.056357
0.012951 0.077758
0.038180 0.102259
0.042949 0.084827
0.034329 0.123487
0.054492 0.131507
0.074657 0.139616
0.058792 0.150443
0.095387 0.174432
0.067662 0.188660
0.116998 0.200771
0.238963 0.246984
0.017940 0.000810
0.047236 0.029961
0.026351 0.031457
0.038673 0.057494
0.025426 0.072853
0.026815 0.107168
0.049124 0.103048
0.062903 0.116467
0.090699 0.146438
0.120007 0.151550
0.080125 0.158610
0.167494 0.185186
0.117902 0.169861
0.210090 0.210953
0.036455 0.000434
0.027581 0.000823
0.058308 0.039666
0.038900 0.042485
0.042505 0.069341
0.059150 0.074032
0.065849 0.087523
0.066477 0.101010
0.075989 0.120379
0.086919 0.128429
0.109064 0.137322
0.103796 0.157202
0.153953 0.179731
0.164101 0.207080
0.268126 0.239328
0.045219 0.000734
0.033976 0.018096
0.054182 0.055702
0.068144 0.059706
0.074865 0.073512
0.087340 0.086923
0.080472 0.102419
0.095894 0.108106
0.106218 0.121849
0.131349 0.133993
0.135227 0.159418
0.135204 0.177268
0.152582 0.160430
0.181658 0.223837
0.054580 0.000986
0.053270 0.017280
0.066248 0.022620
0.071012 0.039988
0.082056 0.051343
0.087424 0.067965
0.099764 0.076910
0.103068 0.092758
0.112955 0.103144
0.120399 0.120841
0.144660 0.143127
0.168532 0.158753
0.180293 0.169919
0.216820 0.185109
0.228643 0.263840
0.063826 0.000644
0.079831 0.018739
0.084831 0.033934
0.096332 0.047179
0.101998 0.061869
0.115698 0.073580
0.120299 0.087068
0.130966 0.098613
0.135977 0.113905
0.149186 0.124747
0.161016 0.138568
0.189454 0.181234
0.188465 0.195443
0.208531 0.193717
0.072601 0.000051
0.081417 0.000413
0.094447 0.021592
0.102133 0.033950
0.111802 0.050066
0.123512 0.060541
0.133227 0.074700
0.142016 0.087784
0.150554 0.104805
0.164164 0.118066
0.176958 0.132207
0.193946 0.161870
0.236152 0.193032
0.250362 0.216213
0.280942 0.285467
0.090202 0.000097
0.111220 0.018262
0.117315 0.030547
0.125263 0.041841
0.136212 0.052414
0.144773 0.064259
0.156084 0.074840
0.157299 0.090877
0.170643 0.104855
0.194161 0.130704
0.180698 0.145856
0.214824 0.152347
0.211486 0.168082
0.249042 0.241305
0.098781 0.000529
0.116344 0.000790
0.130001 0.020062
0.137664 0.031928
0.148558 0.043611
0.158857 0.056807
0.172017 0.069128
0.172315 0.084982
0.183745 0.096842
0.186022 0.115215
0.215386 0.130476
0.202038 0.143284
0.259033 0.161892
0.259644 0.207880
0.281727 0.275796
0.107512 0.001119
0.147742 0.019036
0.157170 0.031056
0.166492 0.042446
0.177056 0.054846
0.189875 0.066538
0.188775 0.081179
0.203216 0.087044
0.199179 0.103183
0.207293 0.116890
0.229220 0.149383
0.231662 0.164972
0.245075 0.194844
0.223116 0.210414
0.125032 0.000619
0.150920 0.000050
0.165893 0.020149
0.179212 0.034615
0.189431 0.045268
0.201181 0.057460
0.209032 0.073442
0.218729 0.091654
0.220114 0.104622
0.230148 0.115245
0.232980 0.129523
0.248200 0.151188
0.268466 0.176880
0.270506 0.224631
0.292683 0.264800
0.133636 0.000702
0.181610 0.020242
0.199226 0.035398
0.212085 0.046842
0.219544 0.061168
0.226357 0.076298
0.235770 0.092519
0.246582 0.107699
0.248624 0.122269
0.251227 0.137147
0.268279 0.151182
0.242154 0.176199
0.280453 0.205968
0.291341 0.230027
0.142316 0.000173
0.185084 0.000848
0.196032 0.021519
0.216344 0.033281
0.235407 0.060052
0.242650 0.074086
0.249797 0.089901
0.266511 0.115651
0.268818 0.129334
0.283488 0.137825
0.279002 0.163155
0.285830 0.178104
0.306533 0.227037
0.311782 0.245469
0.278551 0.244176
0.159523 0.000460
0.212129 0.020109
0.228752 0.044727
0.253893 0.061389
0.261200 0.076737
0.272316 0.088889
0.263482 0.099792
0.291978 0.124353
0.291609 0.152243
0.302756 0.167141
0.307801 0.183626
0.265925 0.193403
0.314388 0.292497
0.301860 0.285302
0.168042 0.000115
0.227769 0.021586
0.238108 0.033679
0.247363 0.047960
0.269781 0.062845
0.279944 0.074338
0.282351 0.111770
0.309600 0.120101
0.302553 0.138640
0.311645 0.153308
0.321142 0.175001
0.292657 0.192684
0.299870 0.209324
0.311779 0.263148
0.327179 0.290447
0.176551 0.000306
0.254581 0.032407
0.264417 0.045934
0.293058 0.067406
0.295558 0.084060
0.286160 0.096183
0.318861 0.134289
0.332785 0.144686
0.326883 0.159588
0.331835 0.188158
0.315998 0.200601
0.321806 0.217632
0.322818 0.241083
0.360476 0.323206
0.193510 0.000636
0.244757 0.020668
0.272553 0.034057
0.280547 0.052255
0.310184 0.076900
0.308840 0.093763
0.300204 0.106757
0.345765 0.137823
0.344695 0.158702
0.365218 0.214701
0.350144 0.197372
0.341401 0.248374
0.338180 0.228754
0.355795 0.282364
0.367342 0.326667
0.202001 0.000920
0.263870 0.020836
0.288531 0.034951
0.305904 0.060920
0.324712 0.090798
0.321071 0.107036
0.328357 0.121769
0.359337 0.156232
0.341772 0.174780
0.350235 0.218363
0.335497 0.206515
0.356917 0.262995
0.328334 0.265561
0.337462 0.303726
0.210423 0.000836
0.260515 0.000603
0.281339 0.021899
0.294994 0.048602
0.327989 0.076496
0.341639 0.091518
0.338683 0.106843
0.344660 0.122522
0.363522 0.171831
0.356443 0.185691
0.380807 0.255467
0.370271 0.239810
0.356817 0.237630
0.382435 0.327292
0.343356 0.267158
0.218930 0.000469
0.298714 0.021396
0.305566 0.034917
0.321979 0.061495
0.346706 0.078651
0.356414 0.107178
0.362332 0.122968
0.362081 0.139103
0.375963 0.184259
0.379733 0.222455
0.397914 0.275386
0.375195 0.269427
0.374489 0.285624
0.345456 0.306300
0.227264 0.000763
0.293615 0.000588
0.315541 0.022036
0.314818 0.046850
0.339223 0.064490
0.359570 0.092999
0.374085 0.111310
0.379140 0.138743
0.376829 0.153300
0.411626 0.192846
0.392375 0.202835
0.374755 0.200403
0.399551 0.293021
0.418185 0.302788
0.365844 0.303167
0.235521 0.000578
0.332960 0.021628
0.324136 0.034674
0.333562 0.048540
0.365105 0.077990
0.378125 0.097521
0.384257 0.124684
0.396209 0.153455
0.382771 0.168774
0.405411 0.237645
0.388220 0.240332
0.418347 0.278171
0.390827 0.340950
0.389768 0.299888
0.243835 0.000751
0.318159 0.000264
0.341502 0.034067
0.349456 0.050023
0.356361 0.064546
0.379061 0.083284
0.392429 0.111038
0.397605 0.137159
0.393852 0.185373
0.430478 0.189743
0.412326 0.208022
0.397688 0.219542
0.431419 0.314505
0.405552 0.361142
0.404440 0.317329
0.252136 0.000526
0.351017 0.021111
0.367116 0.044338
0.370006 0.057806
0.381523 0.067360
0.396019 0.095298
0.406018 0.123541
0.399632 0.168875
0.413549 0.177202
0.428922 0.211239
0.403091 0.257323
0.433707 0.290948
0.418213 0.380729
0.415782 0.332228
0.268841 0.001122
0.342503 0.000630
0.357521 0.034037
0.386574 0.045828
0.393675 0.059278
0.395581 0.078476
0.409832 0.107558
0.412897 0.147019
0.418990 0.160613
0.434252 0.174820
0.442098 0.228064
0.418267 0.263269
0.451351 0.306872
0.429699 0.356378
0.438290 0.327561
0.277150 0.000897
0.369015 0.021042
0.377606 0.032765
0.406654 0.067049
0.410215 0.087867
0.423088 0.099179
0.436910 0.130214
0.420076 0.133161
0.435111 0.145093
0.437257 0.160731
0.420198 0.226804
0.401294 0.342267
0.466990 0.490674
0.429269 0.406430
0.285360 0.000077
0.366849 0.000564
0.405261 0.047220
0.397506 0.034927
0.421288 0.062319
0.439813 0.098871
0.424859 0.116552
0.453846 0.125433
0.455383 0.141159
0.451010 0.185528
0.443113 0.202506
0.447732 0.245714
0.446445 0.277160
0.426662 0.241581
0.429522 0.383053
0.301786 0.000572
0.387063 0.021884
0.419350 0.046883
0.435019 0.054756
0.420607 0.077783
0.434127 0.084668
0.442015 0.113574
0.453858 0.155637
0.455684 0.171266
0.455764 0.213651
0.458216 0.261603
0.480833 0.344836
0.408034 0.369866
0.444736 0.347750
0.309996 0.000918
0.403305 0.022219
0.427337 0.036362
0.439109 0.069671
0.451777 0.079732
0.480867 0.109920
0.474165 0.139772
0.459310 0.108732
0.469313 0.123101
0.462798 0.233263
0.472147 0.250664
0.474348 0.269857
0.454333 0.289360
0.457644 0.339620
0.435313 0.257696
0.326300 0.000382
0.415511 0.026741
0.441318 0.029691
0.446710 0.043136
0.461773 0.067171
0.455414 0.093590
0.485135 0.126030
0.491077 0.159428
0.474169 0.186575
0.463145 0.199760
0.473930 0.219088
0.470852 0.303072
0.440206 0.449549
0.446435 0.367473
0.334402 0.000608
0.406926 0.000350
0.428829 0.020617
0.452493 0.020566
0.451606 0.057530
0.469472 0.081516
0.473230 0.097395
0.492054 0.144900
0.471846 0.154726
0.482993 0.203460
0.482602 0.234296
0.461815 0.366573
0.479109 0.372222
0.445544 0.398686
0.441592 0.456515
0.350621 0.001001
0.471099 0.021203
0.465384 0.046932
0.486490 0.089829
0.497141 0.102723
0.510112 0.159944
0.491586 0.177379
0.474255 0.170859
0.480052 0.320380
0.463864 0.323944
0.481388 0.288995
0.484455 0.386084
0.423799 0.547174
0.432093 0.414238
0.358730 0.000603
0.414854 0.000475
0.478862 0.000287
0.488817 0.021310
0.459639 0.032569
0.509605 0.093631
0.501405 0.132933
0.500490 0.117171
0.495256 0.248145
0.495769 0.193463
0.464687 0.440620
0.490808 0.350402
0.453991 0.416967
0.461256 0.385874
0.488814 0.508793
0.374872 0.000333
0.462840 0.001076
0.476796 0.033621
0.475317 0.056992
0.528234 0.157087
0.528504 0.171798
0.508477 0.176029
0.503495 0.232090
0.495327 0.309383
0.457119 0.480856
0.454342 0.471054
0.406433 0.546736
0.449531 0.436854
0.472222 0.408557
0.382904 0.000573
0.454801 0.000958
0.486860 0.000969
0.507250 0.022595
0.523463 0.067945
0.529328 0.233869
0.521372 0.221663
0.508467 0.207917
0.597247 0.809687
0.421699 0.585462
0.452542 0.602899
0.821654 0.598143
0.574623 0.573129
0.404879 0.566990
0.440011 0.527748
0.422839 0.000442
0.470825 0.000988
0.587116 0.033810
0.492992 0.056393
0.486394 0.042994
0.512264 0.250088
0.513586 0.267744
0.496933 0.216779
0.501590 0.376334
0.493398 0.266125
0.464859 0.529037
0.425611 0.556240
0.450791 0.518518
0.440730 0.519296
0.398919 0.000634
0.438851 0.000987
0.510499 0.000453
0.497770 0.032319
0.620743 0.802808
0.515753 0.108790
0.597341 0.570797
0.494889 0.285070
0.481039 0.449378
0.487278 0.411534
0.827214 0.620510
0.613657 0.563642
0.615219 0.561835
0.451794 0.607690
0.401149 0.555357
0.534327 0.000220
0.502639 0.000050
0.430850 0.000118
0.210530 0.243930
0.503008 0.066190
0.513784 0.144732
0.484170 0.430711
0.616963 0.808004
0.582103 0.585781
0.483126 0.623179
0.822683 0.618428
0.590463 0.583505
0.472915 0.618674
0.472435 0.576931
0.597941 0.000179
0.550276 0.000520
0.390905 0.000124
0.494772 0.001084
0.538136 0.021486
0.494829 0.078952
0.517809 0.127344
0.529539 0.205824
0.504897 0.396966
0.505950 0.555022
0.481122 0.480072
0.467648 0.557610
0.507709 0.565237
0.467099 0.590631
0.541948 0.585515
0.590007 0.001078
0.518397 0.000268
0.446806 0.000063
0.520545 0.034928
0.481921 0.070281
0.828758 0.598133
0.421948 0.584949
0.476857 0.533107
0.488834 0.591632
0.600094 0.801344
0.467124 0.563269
0.489770 0.616205
0.555002 0.583392
0.531072 0.525139
0.613694 0.000168
0.566085 0.000198
0.522528 0.021747
0.526356 0.000758
0.512701 0.079682
0.515104 0.055260
0.527885 0.097734
0.516835 0.189516
0.533889 0.190161
0.497663 0.335095
0.515911 0.356915
0.491316 0.524110
0.546668 0.579474
0.503743 0.585904
0.530553 0.357026
0.629529 0.000756
0.542326 0.000250
0.541156 0.034743
0.529090 0.045903
0.506806 0.043047
0.530542 0.115625
0.547955 0.162553
0.547249 0.178027
0.548419 0.198488
0.513158 0.305242
0.486344 0.500156
0.524578 0.470002
0.510441 0.581082
0.515476 0.541047
0.637481 0.000821
0.558219 0.001157
0.571411 0.022597
0.559453 0.033614
0.547178 0.048307
0.532379 0.133310
0.538130 0.145964
0.557761 0.148126
0.543770 0.219159
0.512803 0.323051
0.519557 0.374104
0.523373 0.403852
0.508326 0.527334
0.531612 0.314456
0.507610 0.465240
0.653484 0.000556
0.586916 0.019783
0.574433 0.039420
0.554411 0.020738
0.536155 0.059603
0.530067 0.082438
0.544483 0.102238
0.545650 0.118672
0.564323 0.182105
0.533440 0.271613
0.522165 0.339106
0.517665 0.285799
0.503536 0.420505
0.490066 0.466940
0.661591 0.001071
0.573987 0.000496
0.602359 0.023687
0.544200 0.071794
0.562537 0.049204
0.558599 0.062722
0.547117 0.088112
0.563321 0.095987
0.553064 0.132575
0.563753 0.199228
0.548659 0.235592
0.533139 0.292457
0.559841 0.350599
0.554553 0.391800
0.560279 0.389132
0.677759 0.000905
0.581941 0.000249
0.605826 0.000646
0.579820 0.055617
0.559545 0.078727
0.577561 0.109498
0.560538 0.111434
0.565668 0.163904
0.578845 0.177095
0.563989 0.214370
0.530678 0.251572
0.542989 0.328093
0.525134 0.467594
0.531590 0.528323
0.685823 0.000266
0.621595 0.000326
0.616979 0.021470
0.595211 0.044941
0.574524 0.070325
0.576006 0.086285
0.571457 0.123979
0.570578 0.138833
0.579175 0.153093
0.591349 0.166561
0.547633 0.253287
0.565889 0.230863
0.560561 0.268401
0.568728 0.288099
0.574210 0.373454
0.701911 0.000609
0.626626 0.034196
0.606377 0.056266
0.608661 0.036389
0.592376 0.063608
0.591035 0.079025
0.587133 0.096711
0.588043 0.138709
0.597812 0.205718
0.582482 0.193676
0.568785 0.249757
0.544265 0.341612
0.498670 0.448284
0.534546 0.399034
0.709934 0.001329
0.645436 0.000349
0.633634 0.020997
0.620008 0.047630
0.608178 0.072982
0.603147 0.090561
0.590763 0.121382
0.603253 0.133833
0.598184 0.152824
0.597499 0.230295
0.581965 0.212843
0.578001 0.266428
0.549322 0.284410
0.552945 0.304124
0.560875 0.323566
0.717965 0.000148
0.645633 0.031484
0.639115 0.044445
0.622792 0.063134
0.620609 0.081736
0.598653 0.107404
0.610244 0.120687
0.614044 0.151658
0.597389 0.184286
0.582704 0.230264
0.594776 0.315440
0.574485 0.308128
0.537571 0.378598
0.523930 0.429723
0.734176 0.000724
0.669636 0.000391
0.653418 0.020598
0.657145 0.042149
0.638933 0.058294
0.635060 0.074441
0.616426 0.098508
0.621399 0.137874
0.609484 0.168991
0.610212 0.194938
0.620285 0.232967
0.629699 0.213731
0.581491 0.324276
0.570099 0.367294
0.613077 0.346442
0.742287 0.000710
0.671013 0.020700
0.667109 0.032828
0.658389 0.055674
0.651794 0.069558
0.633962 0.092986
0.623834 0.110072
0.628165 0.161568
0.620529 0.179905
0.610967 0.216457
0.588821 0.252787
0.526644 0.426680
0.630756 0.274357
0.594985 0.351522
0.750445 0.000830
0.693846 0.000996
0.687151 0.021674
0.676958 0.043453
0.670900 0.066556
0.649025 0.085508
0.640488 0.108233
0.629331 0.125003
0.635113 0.146234
0.637089 0.175408
0.608466 0.246183
0.617526 0.264369
0.587296 0.284741
0.628384 0.335927
0.590549 0.357693
0.758662 0.000391
0.701802 0.021517
0.689506 0.035474
0.682039 0.055769
0.666053 0.080322
0.656770 0.098200
0.645840 0.126157
0.649444 0.159944
0.627360 0.197997
0.647849 0.208562
0.572181 0.340924
0.598390 0.299026
0.655456 0.324365
0.645997 0.302682
0.766859 0.000006
0.726098 0.000404
0.720754 0.021129
0.700208 0.044482
0.687036 0.071279
0.674514 0.092175
0.656739 0.113602
0.649732 0.142760
0.654367 0.177851
0.599883 0.265695
0.664071 0.191857
0.632315 0.250542
0.645082 0.265087
0.622908 0.347712
0.625135 0.313097
0.783398 0.000499
0.735732 0.022753
0.711105 0.031743
0.699225 0.058499
0.689762 0.084910
0.671543 0.110548
0.663595 0.129247
0.664922 0.146255
0.643176 0.190463
0.661638 0.224298
0.659185 0.251210
0.611288 0.284013
0.648784 0.290254
0.624038 0.294150
0.791783 0.000870
0.749310 0.020977
0.732335 0.035519
0.717769 0.044244
0.704234 0.074758
0.687160 0.102066
0.697376 0.112389
0.681922 0.121967
0.666328 0.165849
0.680078 0.153503
0.636760 0.231714
0.653296 0.236846
0.681478 0.264532
0.716396 0.259423
0.669799 0.287986
0.800085 0.001183
0.756812 0.032597
0.732802 0.049808
0.714954 0.060657
0.719066 0.079266
0.704358 0.092727
0.711774 0.107763
0.681343 0.137041
0.694831 0.182903
0.683140 0.226971
0.678702 0.243647
0.662815 0.272135
0.642415 0.326797
0.609060 0.318598
0.816810 0.001113
0.775095 0.000631
0.766620 0.020148
0.748595 0.043468
0.746716 0.059612
0.730065 0.064469
0.722498 0.093605
0.701760 0.126985
0.690795 0.164846
0.676985 0.178212
0.681980 0.195200
0.706202 0.215365
0.730893 0.217401
0.680151 0.314003
0.666611 0.315616
0.825212 0.000685
0.785102 0.019050
0.776893 0.031624
0.768695 0.042761
0.752571 0.072011
0.735647 0.078730
0.718935 0.122792
0.716508 0.139460
0.697468 0.141621
0.706818 0.173193
0.686387 0.211679
0.718736 0.188765
0.688434 0.280079
0.693086 0.257911
0.833640 0.000658
0.808423 0.000644
0.802570 0.020588
0.786986 0.046840
0.763048 0.056567
0.759360 0.085105
0.740135 0.092089
0.729767 0.107827
0.736600 0.128142
0.667459 0.209921
0.704958 0.198195
0.705188 0.228733
0.745291 0.206749
0.701307 0.293710
0.687754 0.301090
0.850662 0.000902
0.818087 0.020501
0.793414 0.033124
0.780071 0.058964
0.770271 0.071673
0.784439 0.077819
0.753101 0.099672
0.742975 0.114281
0.705182 0.154863
0.721724 0.156561
0.726085 0.173014
0.739329 0.189526
0.705977 0.245987
0.734937 0.236295
0.859137 0.000889
0.842134 0.000814
0.833320 0.021214
0.809700 0.035460
0.802268 0.049245
0.795806 0.065207
0.774155 0.091216
0.764446 0.108251
0.757608 0.123297
0.733880 0.142997
0.742234 0.157371
0.746045 0.171960
0.757162 0.185064
0.725940 0.203750
0.724895 0.243207
0.876315 0.000917
0.848343 0.020273
0.824823 0.035497
0.820747 0.049255
0.811637 0.063772
0.805425 0.078025
0.793812 0.090004
0.783160 0.104592
0.775122 0.122049
0.752707 0.138415
0.758603 0.153127
0.766201 0.172689
0.768734 0.195610
0.763202 0.259133
0.885012 0.000597
0.867701 0.001326
0.864576 0.019969
0.841090 0.034652
0.837909 0.051772
0.828167 0.063183
0.824033 0.077770
0.811870 0.092217
0.801070 0.106155
0.789413 0.119607
0.772977 0.137635
0.788105 0.147749
0.798671 0.186602
0.745952 0.242684
0.716834 0.285516
0.893728 0.000433
0.880608 0.019686
0.858477 0.033273
0.852726 0.045939
0.853812 0.060393
0.844066 0.070754
0.839828 0.084094
0.829637 0.094794
0.818739 0.107753
0.811761 0.121552
0.797432 0.131006
0.772640 0.156213
0.781304 0.187412
0.759499 0.214052
0.902572 0.000015
0.911550 0.001055
0.895639 0.019736
0.877645 0.033040
0.871130 0.045283
0.869556 0.060634
0.862354 0.075394
0.855305 0.090424
0.844762 0.103357
0.832847 0.115893
0.823683 0.131273
0.805960 0.145620
0.788221 0.169005
0.804377 0.213830
0.725150 0.282570
0.920480 0.000136
0.910525 0.017853
0.896179 0.033648
0.888937 0.046306
0.885532 0.060006
0.879902 0.075286
0.873652 0.091027
0.863311 0.104033
0.852655 0.117698
0.842850 0.130066
0.821113 0.146411
0.828507 0.158482
0.811044 0.171445
0.781988 0.214093
0.929377 0.000873
0.928083 0.019713
0.915796 0.031544
0.907100 0.042530
0.903473 0.057265
0.897710 0.072213
0.892246 0.086559
0.889454 0.101371
0.879149 0.113671
0.867996 0.124608
0.858418 0.139908
0.840285 0.146485
0.800773 0.161524
0.800529 0.202928
0.738556 0.265222
0.938623 0.000769
0.938307 0.032420
0.927632 0.040251
0.922104 0.054024
0.917672 0.069642
0.908650 0.084677
0.907089 0.103938
0.894922 0.116334
0.883716 0.132738
0.875578 0.147249
0.864448 0.159284
0.846429 0.161939
0.833060 0.179211
0.744921 0.278346
0.948102 0.000555
0.942557 0.015405
0.954277 0.024475
0.941404 0.054260
0.933532 0.063363
0.927276 0.078835
0.920426 0.094404
0.923019 0.115226
0.912924 0.126302
0.898847 0.137526
0.888774 0.154805
0.852808 0.179796
0.870464 0.185286
0.785209 0.226306
0.847384 0.197881
0.957204 0.001069
0.965267 0.017014
0.951788 0.039164
0.954592 0.055329
0.959868 0.091026
0.951924 0.115879
0.938832 0.112138
0.917644 0.143476
0.920915 0.155709
0.899955 0.168227
0.877218 0.170904
0.860211 0.202219
0.820170 0.188007
0.830352 0.237418
0.966255 0.000186
0.986797 0.000382
0.982413 0.016340
0.971956 0.065215
0.948585 0.071891
0.946720 0.085638
0.933505 0.125760
0.952150 0.134239
0.934869 0.142843
0.919865 0.167723
0.927407 0.179636
0.906639 0.206207
0.823211 0.223393
0.826834 0.201091
0.757901 0.272936
0.975992 0.000286
0.967882 0.035308
0.969140 0.048921
0.985544 0.067113
0.965315 0.076692
0.934350 0.097823
0.956642 0.155207
0.946124 0.164169
0.969438 0.171847
0.908552 0.185074
0.946083 0.199519
0.887336 0.186411
0.841916 0.219429
0.759190 0.226059
0.999272 0.001379
0.999381 0.034421
0.984452 0.031579
0.983383 0.049112
0.999699 0.101645
0.985326 0.108429
0.999156 0.138314
0.999509 0.150518
0.950500 0.177285
0.970198 0.197859
0.934572 0.198686
0.922427 0.206529
0.871816 0.219574
0.983950 0.203790
0.778886 0.260209
0.999882 0.000702
0.999561 0.044807
0.998973 0.067177
0.999758 0.090243
0.999290 0.114826
0.969458 0.101001
0.966970 0.139955
0.978078 0.158269
0.983345 0.144069
0.999894 0.189233
0.959355 0.196394
0.880287 0.207132
0.774749 0.240751
0.861102 0.226321
0.999593 0.013314
0.999145 0.024108
0.999588 0.055695
0.999241 0.079145
0.983671 0.086133
0.999689 0.126822
0.976754 0.126229
0.967878 0.111996
0.999480 0.197225
0.999031 0.166962
0.992005 0.177374
0.841548 0.235067
0.896188 0.209056
0.790968 0.250068
0.799532 0.240635
