0.000923 0.020312
0.000287 0.051754
0.000416 0.087297
0.000847 0.123588
0.000768 0.137039
0.017242 0.190194
0.000935 0.178308
0.000184 0.194524
0.027452 0.207034
0.052445 0.206327
0.159177 0.224615
0.078639 0.201847
0.128196 0.218589
0.214054 0.236436
0.000718 0.008244
0.000097 0.030857
0.000326 0.063477
0.024158 0.049917
0.026967 0.095004
0.018903 0.142084
0.000092 0.163264
0.029384 0.175844
0.002582 0.210787
0.010839 0.210761
0.041832 0.210249
0.046604 0.185863
0.122509 0.201147
0.137889 0.226819
0.187152 0.218566
0.000500 0.000282
0.000428 0.041197
0.000450 0.074956
0.000811 0.098261
0.000391 0.111178
0.011835 0.113900
0.000753 0.150429
0.034196 0.150581
0.016708 0.161884
0.043955 0.167360
0.064925 0.178357
0.102615 0.202637
0.087706 0.202973
0.182839 0.235052
0.004102 0.000280
0.014296 0.020989
0.014816 0.038839
0.012706 0.063633
0.014083 0.085619
0.039476 0.113541
0.040845 0.092482
0.032448 0.132431
0.048408 0.139730
0.067525 0.145903
0.058326 0.158304
0.089096 0.179887
0.063013 0.207051
0.105986 0.215748
0.230936 0.229592
0.016872 0.000549
0.041537 0.028583
0.028474 0.029296
0.035744 0.058033
0.027689 0.074465
0.024589 0.118256
0.054288 0.108938
0.055843 0.127524
0.088358 0.153605
0.115923 0.154446
0.075016 0.167040
0.158594 0.191542
0.113021 0.177499
0.200530 0.210993
0.036086 0.000023
0.026429 0.000743
0.053176 0.041771
0.038546 0.042021
0.038667 0.078177
0.052547 0.073384
0.058752 0.087490
0.063468 0.101927
0.072214 0.129944
0.087684 0.131085
0.105836 0.143362
0.097945 0.165957
0.146451 0.186326
0.152691 0.209358
0.258549 0.233036
0.045383 0.000225
0.032345 0.013155
0.050558 0.057156
0.065612 0.059082
0.071494 0.078755
0.081192 0.088947
0.077584 0.106302
0.089990 0.112616
0.098691 0.126670
0.127078 0.137982
0.128911 0.166889
0.127957 0.187123
0.144858 0.166145
0.164081 0.239087
0.054659 0.000538
0.051584 0.017161
0.063734 0.024182
0.066522 0.038237
0.075369 0.051912
0.081797 0.066423
0.095891 0.078930
0.095442 0.096150
0.110730 0.107967
0.116935 0.124970
0.139474 0.149422
0.163142 0.159550
0.168848 0.173192
0.214421 0.181215
0.221315 0.232380
0.063467 0.000483
0.075851 0.018098
0.080790 0.033047
0.089500 0.047835
0.098364 0.062668
0.111368 0.076049
0.114975 0.091115
0.127846 0.101746
0.130156 0.116718
0.143165 0.127759
0.154697 0.140243
0.183414 0.185947
0.174654 0.203269
0.193233 0.188297
0.072142 0.000697
0.081052 0.000091
0.091933 0.019118
0.097506 0.033725
0.106460 0.048526
0.117069 0.061053
0.128117 0.075302
0.136726 0.088666
0.146500 0.108574
0.160653 0.120340
0.171739 0.131025
0.188020 0.160748
0.224069 0.193800
0.235274 0.217781
0.277915 0.271174
0.089870 0.001052
0.108356 0.017747
0.112668 0.031426
0.121784 0.041759
0.132266 0.053109
0.140278 0.065690
0.151500 0.074603
0.152407 0.091599
0.165025 0.105217
0.189177 0.126641
0.174116 0.148438
0.208440 0.147212
0.202074 0.166062
0.246070 0.239168
0.098609 0.000671
0.116363 0.000309
0.125920 0.019474
0.134557 0.032761
0.144589 0.043167
0.155128 0.057107
0.168427 0.068202
0.166547 0.084828
0.180488 0.096359
0.181325 0.113469
0.212346 0.129336
0.193688 0.142548
0.251916 0.163784
0.254119 0.204606
0.270676 0.261592
0.107440 0.000620
0.142845 0.019251
0.153167 0.029938
0.162147 0.041727
0.172836 0.053159
0.185527 0.065709
0.183699 0.080007
0.199359 0.085591
0.197094 0.101331
0.202472 0.117183
0.227940 0.143593
0.220321 0.164875
0.241690 0.194328
0.214703 0.201557
0.125054 0.000058
0.150850 0.000709
0.163037 0.020337
0.176388 0.034548
0.186760 0.046538
0.198680 0.057505
0.205021 0.070341
0.216186 0.086700
0.213532 0.104815
0.227408 0.111403
0.228656 0.128904
0.239911 0.151793
0.260770 0.173436
0.267092 0.218727
0.283670 0.254534
0.133627 0.000858
0.177998 0.021446
0.197504 0.035556
0.208826 0.045353
0.218474 0.059049
0.223184 0.074226
0.230506 0.092903
0.242960 0.101982
0.246886 0.117607
0.248313 0.133192
0.262517 0.143030
0.236913 0.169688
0.276853 0.201899
0.285572 0.220427
0.142253 0.000280
0.184952 0.000698
0.192660 0.022650
0.216228 0.031360
0.235386 0.059957
0.240473 0.074929
0.249078 0.086008
0.263877 0.112927
0.266606 0.130466
0.280566 0.132657
0.274950 0.156557
0.280251 0.174723
0.304254 0.220657
0.298077 0.238974
0.275875 0.240768
0.159362 0.000814
0.207481 0.019940
0.226216 0.045077
0.250779 0.059681
0.260702 0.073711
0.271196 0.085646
0.260097 0.098430
0.291385 0.118524
0.288927 0.147833
0.298139 0.163382
0.305453 0.178998
0.260527 0.187715
0.303548 0.280890
0.290507 0.278576
0.167904 0.000635
0.227061 0.020498
0.234779 0.033373
0.244615 0.044686
0.267303 0.058624
0.279190 0.070543
0.278818 0.107763
0.308778 0.115095
0.301432 0.133054
0.308000 0.148081
0.319726 0.167644
0.288855 0.186516
0.294548 0.203600
0.303593 0.255497
0.320148 0.276507
0.176443 0.000709
0.253044 0.031360
0.261769 0.043941
0.291255 0.062894
0.294204 0.079346
0.284318 0.092185
0.318740 0.130114
0.331635 0.137384
0.325031 0.153389
0.330968 0.183820
0.314581 0.192572
0.317764 0.210792
0.319568 0.236075
0.352971 0.302146
0.193351 0.000072
0.244460 0.019536
0.271643 0.032564
0.278701 0.048924
0.311268 0.074158
0.307761 0.090093
0.297541 0.102155
0.347414 0.132777
0.342688 0.153599
0.367541 0.206231
0.351476 0.192274
0.340122 0.239234
0.334857 0.222261
0.348787 0.271983
0.362842 0.311360
0.201791 0.000702
0.263390 0.019839
0.287285 0.034288
0.307083 0.059150
0.325219 0.088477
0.318900 0.103504
0.330042 0.117714
0.360130 0.148517
0.341406 0.169712
0.351510 0.209321
0.332461 0.201846
0.355208 0.247624
0.319440 0.260129
0.328056 0.287351
0.210259 0.001305
0.260441 0.000302
0.281279 0.019718
0.294769 0.048031
0.327920 0.073067
0.342926 0.085712
0.337672 0.099363
0.345318 0.114965
0.364939 0.162587
0.356609 0.177564
0.380193 0.244890
0.370542 0.230745
0.353727 0.227487
0.376865 0.306815
0.337088 0.259810
0.218704 0.000261
0.297641 0.019535
0.303304 0.032456
0.322556 0.058561
0.349307 0.073046
0.355233 0.101804
0.363074 0.117756
0.362970 0.133355
0.376713 0.176353
0.382445 0.211213
0.396059 0.259714
0.373247 0.259158
0.371759 0.272410
0.340079 0.293037
0.227064 0.000356
0.293390 0.000545
0.314182 0.020236
0.312245 0.043428
0.338125 0.059986
0.361847 0.088229
0.373130 0.106417
0.380592 0.130905
0.380020 0.145807
0.413766 0.183697
0.392806 0.193043
0.374432 0.192139
0.399336 0.275389
0.414981 0.284045
0.361898 0.285373
0.235406 0.000164
0.331179 0.019267
0.323227 0.031869
0.329633 0.044968
0.364713 0.073229
0.378002 0.093189
0.384578 0.117209
0.399651 0.145134
0.384413 0.159234
0.408056 0.227092
0.389580 0.228170
0.418998 0.263366
0.381684 0.326368
0.383641 0.288509
0.243864 0.000552
0.317926 0.000367
0.340308 0.032361
0.347740 0.045339
0.354398 0.058116
0.380632 0.078394
0.395193 0.106023
0.398838 0.129058
0.394983 0.177244
0.430671 0.182043
0.411085 0.198946
0.399979 0.211183
0.425908 0.294702
0.395004 0.336220
0.399398 0.295809
0.252188 0.000491
0.348872 0.018826
0.366674 0.040844
0.369200 0.055908
0.380664 0.063012
0.393520 0.089916
0.407447 0.116626
0.401670 0.161891
0.417552 0.167562
0.432643 0.201294
0.400320 0.243680
0.432946 0.273835
0.412074 0.354041
0.414508 0.310791
0.268666 0.000750
0.342275 0.000780
0.356051 0.031639
0.383484 0.043181
0.393295 0.055026
0.396261 0.072669
0.410538 0.100123
0.414831 0.139317
0.420837 0.152793
0.436343 0.167345
0.442636 0.216450
0.418229 0.246967
0.450359 0.287237
0.426638 0.334219
0.434980 0.307699
0.276892 0.000036
0.366357 0.019703
0.376632 0.030545
0.407203 0.061227
0.408259 0.084404
0.424109 0.091588
0.439115 0.123104
0.421201 0.125554
0.435348 0.137767
0.438923 0.152004
0.420954 0.212745
0.396475 0.316305
0.464146 0.459886
0.422534 0.378055
0.285122 0.001197
0.366648 0.001003
0.403913 0.044023
0.395693 0.032411
0.421140 0.057833
0.439960 0.092911
0.424763 0.109610
0.455495 0.119360
0.455902 0.133670
0.452908 0.177335
0.445174 0.192108
0.447969 0.232031
0.442921 0.259279
0.426069 0.229147
0.423672 0.358612
0.301647 0.000467
0.384790 0.019585
0.416751 0.040877
0.433751 0.049533
0.418579 0.073591
0.435079 0.078848
0.440936 0.107605
0.454380 0.148305
0.457875 0.164072
0.455905 0.204739
0.458755 0.247526
0.478170 0.322916
0.398986 0.344895
0.437933 0.321225
0.309817 0.000786
0.401597 0.018845
0.429539 0.034412
0.436614 0.065263
0.451479 0.073058
0.482012 0.103441
0.474536 0.132611
0.459258 0.104161
0.471508 0.116567
0.462355 0.220636
0.471864 0.236128
0.473972 0.256450
0.455472 0.270454
0.458620 0.320591
0.435772 0.244276
0.325985 0.000814
0.413417 0.026282
0.439874 0.025339
0.446397 0.039847
0.463003 0.062070
0.455377 0.088863
0.487050 0.119254
0.492625 0.153817
0.476263 0.177607
0.466708 0.188946
0.475725 0.207534
0.472042 0.285549
0.437295 0.417827
0.442520 0.341036
0.334137 0.000572
0.406925 0.000405
0.426554 0.018444
0.451852 0.018164
0.449673 0.055204
0.469339 0.076789
0.470817 0.092724
0.491312 0.138845
0.473935 0.146849
0.484357 0.193665
0.484126 0.221863
0.460690 0.341757
0.477367 0.348792
0.445174 0.372614
0.439465 0.425807
0.350440 0.000882
0.470790 0.019693
0.463788 0.043955
0.485377 0.084813
0.496416 0.095255
0.509513 0.149903
0.490741 0.168011
0.473286 0.161181
0.479963 0.300274
0.460796 0.302163
0.478240 0.268975
0.484623 0.361835
0.422560 0.515567
0.428199 0.383666
0.358573 0.000500
0.414791 0.000683
0.478809 0.000099
0.487581 0.019968
0.458971 0.031156
0.510064 0.088908
0.501919 0.128281
0.500850 0.111016
0.493012 0.234330
0.497920 0.182457
0.464444 0.411638
0.491179 0.331463
0.452014 0.387034
0.458330 0.360455
0.488153 0.478301
0.374683 0.000117
0.462878 0.000420
0.475835 0.032667
0.475279 0.054179
0.528363 0.148466
0.528013 0.163616
0.508923 0.164868
0.505545 0.218423
0.495803 0.291019
0.455511 0.450602
0.452459 0.441265
0.402960 0.515494
0.444922 0.406821
0.470706 0.380219
0.382722 0.001057
0.454817 0.000341
0.486764 0.000249
0.507914 0.020693
0.523556 0.063193
0.529892 0.222634
0.520426 0.210420
0.511716 0.194433
0.602936 0.775808
0.418451 0.553072
0.450056 0.571907
0.844128 0.558155
0.579675 0.538624
0.403110 0.533162
0.438000 0.496533
0.422710 0.000944
0.470828 0.000266
0.591135 0.033598
0.492079 0.054148
0.486786 0.040662
0.513672 0.236046
0.510573 0.253539
0.496228 0.204933
0.501844 0.353179
0.492452 0.250080
0.463896 0.499231
0.422605 0.524997
0.450794 0.487229
0.438046 0.487218
0.398871 0.000528
0.438739 0.001127
0.510398 0.000547
0.497297 0.029631
0.625853 0.772019
0.515036 0.104587
0.599914 0.532984
0.497118 0.269973
0.478732 0.420548
0.486963 0.384655
0.851080 0.579143
0.618238 0.528045
0.617090 0.527395
0.450254 0.575291
0.396595 0.521840
0.534352 0.001024
0.502523 0.000023
0.430761 0.001157
0.187966 0.238967
0.504567 0.060283
0.516003 0.136602
0.482034 0.401662
0.624168 0.776085
0.580323 0.549701
0.483019 0.587103
0.838147 0.575776
0.593760 0.545743
0.471506 0.586044
0.472257 0.546900
0.598022 0.000710
0.550250 0.000396
0.390742 0.000682
0.494647 0.000697
0.538557 0.021454
0.497435 0.075063
0.517037 0.120490
0.530788 0.197106
0.504757 0.370816
0.505568 0.525279
0.479442 0.449134
0.466790 0.526268
0.507586 0.534173
0.466200 0.559855
0.543765 0.551349
0.590045 0.000241
0.518391 0.000431
0.446692 0.000101
0.519914 0.033409
0.482177 0.067802
0.841424 0.569850
0.419597 0.553543
0.474981 0.503012
0.487401 0.560576
0.607476 0.779534
0.465096 0.531585
0.487126 0.583113
0.557541 0.551990
0.529247 0.495378
0.613713 0.000302
0.566149 0.000476
0.523754 0.020456
0.526386 0.000232
0.513405 0.074881
0.516391 0.050421
0.527080 0.091691
0.515717 0.180335
0.531793 0.178055
0.497518 0.314706
0.514500 0.337943
0.490063 0.495109
0.548963 0.546483
0.503118 0.556038
0.536265 0.336494
0.629667 0.000835
0.542327 0.000117
0.542791 0.033667
0.530480 0.041870
0.505438 0.040829
0.531085 0.107609
0.546896 0.154091
0.548407 0.169953
0.546837 0.188033
0.511998 0.283933
0.484363 0.469377
0.523079 0.438053
0.510700 0.551057
0.513944 0.511638
0.637722 0.000709
0.558247 0.000551
0.572046 0.021462
0.558951 0.033221
0.549361 0.046919
0.531995 0.125125
0.539993 0.138477
0.557423 0.140302
0.545620 0.205293
0.512697 0.303408
0.522259 0.352910
0.523422 0.378849
0.507350 0.497409
0.533086 0.294934
0.507481 0.434077
0.653628 0.000670
0.587986 0.020246
0.575620 0.034397
0.555512 0.020067
0.537232 0.056164
0.530726 0.077785
0.543983 0.098187
0.546977 0.114602
0.563614 0.173573
0.534647 0.255395
0.520102 0.315491
0.517053 0.268642
0.502457 0.391904
0.487858 0.435870
0.661593 0.000318
0.574038 0.000456
0.602969 0.022618
0.544938 0.068855
0.565833 0.048415
0.557985 0.061626
0.545433 0.083695
0.562525 0.091003
0.554034 0.125354
0.565925 0.189507
0.547280 0.221869
0.534003 0.274620
0.560319 0.330028
0.557005 0.368865
0.564794 0.367334
0.677763 0.000454
0.581974 0.000889
0.605855 0.000097
0.579511 0.049764
0.562749 0.075883
0.577387 0.101448
0.560147 0.105433
0.565030 0.155701
0.579310 0.166930
0.563707 0.204738
0.530483 0.239115
0.542042 0.305216
0.525729 0.435848
0.530686 0.496232
0.685851 0.000415
0.621656 0.000180
0.618204 0.020471
0.597796 0.044779
0.576032 0.064500
0.576299 0.081473
0.572451 0.116630
0.572108 0.131295
0.578644 0.146584
0.591783 0.158996
0.549398 0.241705
0.565739 0.221927
0.558967 0.253914
0.570089 0.273910
0.580963 0.353662
0.702027 0.000722
0.627316 0.031981
0.609358 0.054296
0.611443 0.035343
0.592444 0.059071
0.591212 0.074030
0.588139 0.091384
0.588471 0.129971
0.598132 0.198503
0.583820 0.184272
0.567872 0.236667
0.547243 0.326312
0.498147 0.418619
0.536781 0.373105
0.710105 0.000445
0.645682 0.000560
0.635807 0.019116
0.622999 0.046549
0.607284 0.068704
0.603655 0.084181
0.589415 0.114003
0.604035 0.126601
0.599096 0.144259
0.601040 0.221182
0.583630 0.202428
0.579538 0.253841
0.551583 0.267847
0.552363 0.285779
0.563508 0.300275
0.718128 0.000813
0.644638 0.029205
0.639176 0.043309
0.624749 0.060600
0.621217 0.076244
0.600443 0.101922
0.610790 0.111924
0.614532 0.144450
0.599395 0.177161
0.582795 0.220254
0.599259 0.298728
0.577574 0.288356
0.541033 0.355569
0.524689 0.401833
0.734397 0.000547
0.669619 0.000420
0.655855 0.020216
0.655633 0.039663
0.642305 0.056625
0.636905 0.070726
0.615683 0.091571
0.620499 0.129193
0.609190 0.162472
0.612767 0.188178
0.622781 0.223263
0.633161 0.207009
0.583079 0.308800
0.570778 0.346241
0.616308 0.328597
0.742569 0.000099
0.673491 0.019499
0.666849 0.031147
0.660502 0.052561
0.654473 0.066483
0.633306 0.087838
0.624146 0.104159
0.629032 0.154020
0.621853 0.172712
0.612259 0.207847
0.588891 0.237442
0.528181 0.399648
0.633172 0.261710
0.601918 0.330576
0.750783 0.000341
0.693920 0.000358
0.687620 0.021545
0.676199 0.040742
0.671519 0.060684
0.647391 0.081680
0.641517 0.100491
0.631041 0.118203
0.634538 0.139563
0.637529 0.167792
0.609742 0.233991
0.619665 0.251053
0.587668 0.267613
0.632938 0.320292
0.596673 0.340729
0.758950 0.000129
0.702555 0.019458
0.690012 0.035050
0.684541 0.052391
0.666500 0.075732
0.658161 0.091568
0.645088 0.118472
0.649270 0.153797
0.629233 0.190324
0.650602 0.203511
0.575485 0.320617
0.600400 0.281978
0.660490 0.310544
0.650341 0.288108
0.767113 0.000681
0.726257 0.000208
0.720493 0.020478
0.702833 0.041529
0.685808 0.067941
0.674192 0.087114
0.656666 0.107859
0.648466 0.135002
0.656006 0.170163
0.600427 0.252565
0.663850 0.185738
0.634792 0.240617
0.649219 0.251793
0.628624 0.332176
0.629111 0.297029
0.783653 0.000053
0.735617 0.020449
0.710747 0.030179
0.698448 0.056677
0.689705 0.082866
0.671924 0.103656
0.664275 0.121792
0.663623 0.138951
0.645155 0.186902
0.666707 0.218110
0.666666 0.240755
0.611658 0.268016
0.652993 0.274307
0.627507 0.281237
0.792029 0.000641
0.749931 0.021599
0.732877 0.033605
0.718947 0.042656
0.703139 0.072614
0.687871 0.097412
0.699036 0.107466
0.683906 0.115178
0.667598 0.157063
0.680104 0.145924
0.640595 0.221465
0.653900 0.229328
0.683409 0.255281
0.719906 0.252712
0.671754 0.276339
0.800383 0.000047
0.759663 0.032010
0.733740 0.047683
0.712884 0.058330
0.720442 0.073021
0.706266 0.087080
0.713504 0.102463
0.680755 0.129395
0.697966 0.177749
0.686998 0.220300
0.682410 0.231670
0.663576 0.258476
0.651223 0.309485
0.614735 0.301992
0.817103 0.000623
0.775424 0.000867
0.768013 0.019756
0.748574 0.039982
0.746910 0.056050
0.728804 0.061330
0.722343 0.088486
0.703246 0.122463
0.691027 0.159654
0.678605 0.170250
0.682248 0.188225
0.711430 0.207120
0.733921 0.213131
0.682718 0.294961
0.673441 0.301535
0.825531 0.000644
0.787709 0.020274
0.778793 0.030959
0.769703 0.042925
0.752556 0.070633
0.738876 0.073799
0.721667 0.118218
0.717549 0.133278
0.697134 0.136613
0.713189 0.165855
0.690356 0.203998
0.721923 0.179950
0.696675 0.269884
0.697762 0.247204
0.833913 0.000088
0.808746 0.000772
0.804177 0.020127
0.786162 0.045868
0.761869 0.054852
0.761818 0.083969
0.739260 0.089028
0.729888 0.103512
0.738049 0.122351
0.667664 0.201147
0.704326 0.192605
0.710310 0.221009
0.749860 0.201360
0.710197 0.278171
0.693692 0.286007
0.850783 0.000528
0.820502 0.021251
0.796086 0.033962
0.778173 0.059553
0.769545 0.071182
0.788009 0.073248
0.753250 0.095575
0.746276 0.108985
0.704473 0.150314
0.723933 0.149637
0.731977 0.165397
0.740755 0.184251
0.708797 0.237116
0.743502 0.225072
0.859299 0.000775
0.842325 0.000528
0.835807 0.020871
0.811398 0.034304
0.804338 0.049147
0.795763 0.060994
0.778445 0.087881
0.768514 0.102789
0.760510 0.118526
0.736740 0.137818
0.743570 0.153825
0.754087 0.165857
0.759310 0.182092
0.727312 0.196249
0.727103 0.234026
0.876634 0.000789
0.851468 0.020999
0.828427 0.036071
0.820544 0.049571
0.813805 0.063821
0.807223 0.077215
0.796342 0.088407
0.785633 0.101299
0.775981 0.121093
0.754053 0.132640
0.761634 0.148830
0.776054 0.170044
0.773741 0.195416
0.775201 0.254537
0.885446 0.000412
0.867979 0.000192
0.868323 0.019941
0.843214 0.034994
0.841021 0.049954
0.831827 0.061624
0.826922 0.076583
0.816450 0.090404
0.804352 0.104327
0.791658 0.115633
0.774525 0.136877
0.793043 0.142307
0.810511 0.183349
0.757202 0.239499
0.721926 0.275083
0.894195 0.001299
0.883833 0.019863
0.863693 0.032844
0.856327 0.045688
0.857852 0.061797
0.845369 0.069635
0.844889 0.085415
0.832639 0.094543
0.821828 0.107025
0.815307 0.122192
0.799463 0.129396
0.779244 0.153111
0.790049 0.184162
0.767537 0.206051
0.903156 0.000777
0.911980 0.000121
0.899105 0.020902
0.883549 0.034096
0.872781 0.045885
0.874082 0.061192
0.866353 0.076532
0.859812 0.088614
0.849995 0.103512
0.837997 0.113945
0.829771 0.129908
0.811703 0.141657
0.791692 0.168062
0.818674 0.217307
0.729982 0.262877
0.920964 0.000048
0.914865 0.019757
0.899924 0.034848
0.889217 0.047721
0.889536 0.063323
0.881286 0.079288
0.877180 0.095276
0.868704 0.107053
0.858589 0.120645
0.848690 0.131649
0.828769 0.146994
0.833226 0.165952
0.821220 0.168804
0.792051 0.202141
0.929781 0.000298
0.929756 0.022201
0.920553 0.033386
0.910079 0.045605
0.906511 0.060876
0.900203 0.075372
0.894296 0.091611
0.893491 0.105676
0.882634 0.116903
0.872784 0.129992
0.864874 0.145315
0.847775 0.148904
0.805559 0.160533
0.806862 0.202482
0.749274 0.253920
0.938830 0.000221
0.943340 0.035007
0.932178 0.044298
0.922919 0.056307
0.917770 0.070929
0.911105 0.088688
0.910654 0.108356
0.902217 0.124140
0.890590 0.137021
0.882672 0.151340
0.870841 0.163148
0.855271 0.165952
0.845611 0.182207
0.752741 0.268927
0.948279 0.000827
0.944459 0.018291
0.957504 0.027692
0.941168 0.052376
0.936755 0.070687
0.929746 0.083699
0.923443 0.100447
0.925256 0.118913
0.916937 0.130673
0.906860 0.144772
0.903987 0.160019
0.864395 0.183102
0.881383 0.190710
0.792980 0.225265
0.853395 0.197580
0.957517 0.000042
0.967835 0.016971
0.957322 0.044044
0.956527 0.063012
0.959111 0.100959
0.954263 0.124941
0.940997 0.114346
0.918865 0.151096
0.935909 0.161521
0.905837 0.172726
0.888230 0.173818
0.869807 0.208970
0.828337 0.188925
0.840229 0.234744
0.966761 0.000266
0.986929 0.000678
0.983234 0.019127
0.969580 0.069525
0.951814 0.075977
0.948257 0.092718
0.937195 0.136492
0.954767 0.142857
0.946173 0.153888
0.923259 0.178794
0.937475 0.191608
0.922088 0.220746
0.828224 0.226351
0.833505 0.205247
0.765512 0.266409
0.976238 0.000529
0.971158 0.036180
0.968735 0.055154
0.985369 0.075923
0.970285 0.086822
0.939883 0.100616
0.962447 0.167834
0.945957 0.175387
0.972166 0.191137
0.916478 0.195645
0.954540 0.223873
0.901639 0.192113
0.850041 0.223472
0.762909 0.223814
0.998813 0.000364
0.999326 0.035313
0.982450 0.036550
0.985347 0.053664
0.999840 0.102864
0.986358 0.115595
0.999627 0.139597
0.999831 0.153836
0.958756 0.195296
0.985596 0.216561
0.944284 0.212360
0.933913 0.221633
0.884832 0.226559
0.995581 0.220995
0.786181 0.252922
0.999064 0.000941
0.999753 0.045763
0.999967 0.068011
0.999338 0.091416
0.998934 0.115680
0.968427 0.107651
0.969697 0.150327
0.974959 0.175671
0.990102 0.159670
0.999836 0.192584
0.969894 0.211979
0.890408 0.212323
0.777532 0.230988
0.876726 0.231635
0.998831 0.013413
0.999590 0.024945
0.999178 0.056922
0.999743 0.079929
0.982600 0.095151
0.999998 0.127784
0.980111 0.137965
0.968063 0.125621
0.999297 0.206068
0.999182 0.168436
0.999543 0.184391
0.859611 0.231851
0.909389 0.213582
0.805902 0.244313
0.810097 0.236976
