0.000119 0.020576
0.000407 0.052707
0.000016 0.087581
0.000352 0.125687
0.000414 0.138312
0.018866 0.202053
0.000321 0.179843
0.000855 0.194919
0.026313 0.219888
0.051762 0.217639
0.148833 0.233114
0.074384 0.211031
0.121754 0.228830
0.199344 0.237389
0.000394 0.008611
0.000667 0.031357
0.000091 0.063817
0.023391 0.053213
0.026902 0.104580
0.021045 0.151074
0.000706 0.164644
0.028301 0.187185
0.001300 0.214233
0.008817 0.218441
0.042921 0.221991
0.044626 0.194988
0.116133 0.207902
0.130814 0.232550
0.181936 0.215773
0.000791 0.000384
0.000206 0.041937
0.000580 0.075811
0.000760 0.099182
0.000054 0.111374
0.011653 0.121490
0.000312 0.151327
0.032376 0.164477
0.011393 0.174575
0.044086 0.177481
0.065199 0.189513
0.100552 0.210714
0.085439 0.213807
0.168048 0.234154
0.003575 0.000799
0.015096 0.022974
0.014256 0.041670
0.013818 0.070383
0.015369 0.095459
0.039434 0.121235
0.041158 0.104828
0.031186 0.142636
0.045404 0.151754
0.066619 0.153282
0.057773 0.166359
0.086040 0.186948
0.062839 0.220096
0.102322 0.224374
0.229931 0.225350
0.016288 0.001036
0.041859 0.029297
0.028082 0.031638
0.033665 0.063488
0.026213 0.077506
0.024009 0.127886
0.055145 0.118255
0.054575 0.135204
0.085202 0.158755
0.113553 0.161603
0.073618 0.175628
0.154333 0.198415
0.107970 0.185814
0.194404 0.212115
0.036114 0.000213
0.025973 0.001130
0.052608 0.044451
0.037111 0.046812
0.038305 0.086508
0.052002 0.076187
0.054997 0.092044
0.065151 0.106534
0.070979 0.137135
0.084110 0.140886
0.102683 0.150770
0.096466 0.175852
0.139797 0.192460
0.144123 0.214229
0.252218 0.233106
0.045310 0.001120
0.031211 0.013534
0.049374 0.061258
0.064731 0.065072
0.071265 0.082296
0.079440 0.094046
0.076246 0.114779
0.087751 0.118548
0.098055 0.132897
0.123813 0.145247
0.122877 0.174972
0.123073 0.195124
0.142298 0.173730
0.153555 0.242015
0.054488 0.000741
0.052665 0.017957
0.062254 0.027132
0.065310 0.039988
0.073997 0.054850
0.081017 0.070649
0.094147 0.083757
0.094510 0.100861
0.107977 0.113420
0.113237 0.131513
0.136010 0.156356
0.157298 0.163619
0.162455 0.179171
0.212252 0.180428
0.212610 0.223868
0.063395 0.000038
0.075102 0.019240
0.081407 0.034643
0.088854 0.051041
0.097088 0.067285
0.108714 0.080447
0.111111 0.097022
0.125255 0.105254
0.127579 0.122143
0.139821 0.133384
0.150992 0.146004
0.175748 0.189217
0.165518 0.210752
0.188068 0.189799
0.072148 0.000723
0.081090 0.000065
0.091414 0.020883
0.095650 0.036305
0.104128 0.050793
0.114347 0.064493
0.124701 0.079202
0.133635 0.091665
0.143799 0.112609
0.157237 0.126057
0.168837 0.134140
0.182877 0.163956
0.218766 0.193880
0.228766 0.213258
0.273161 0.267384
0.089890 0.001272
0.107521 0.020253
0.111135 0.034135
0.121004 0.045000
0.129779 0.056974
0.137111 0.068774
0.149496 0.078485
0.148613 0.096450
0.161523 0.106866
0.185886 0.129263
0.171436 0.153455
0.205708 0.149042
0.196713 0.168796
0.246555 0.241776
0.098681 0.000647
0.116341 0.000012
0.124194 0.021536
0.132603 0.034816
0.143008 0.046500
0.152827 0.059611
0.166129 0.070807
0.164070 0.087940
0.178484 0.098839
0.177966 0.115558
0.210288 0.132658
0.187788 0.146271
0.247441 0.165125
0.250365 0.204129
0.257808 0.255687
0.107523 0.000657
0.141008 0.020238
0.151177 0.031025
0.160589 0.042664
0.170336 0.055117
0.182933 0.067524
0.181102 0.082548
0.197099 0.087164
0.194887 0.102840
0.200075 0.120837
0.224422 0.144388
0.214122 0.167184
0.239803 0.193556
0.206388 0.201860
0.125021 0.000789
0.150850 0.001195
0.161872 0.021205
0.175004 0.036714
0.185630 0.047906
0.197910 0.059339
0.203060 0.072494
0.213245 0.088426
0.211019 0.106853
0.225771 0.113285
0.226463 0.130088
0.236963 0.154440
0.257234 0.174477
0.263814 0.215649
0.276752 0.248972
0.133630 0.000467
0.176803 0.022162
0.196467 0.036350
0.207102 0.045793
0.216769 0.060612
0.222310 0.075266
0.226626 0.095444
0.240100 0.103092
0.244458 0.117749
0.244992 0.136232
0.258006 0.146005
0.232533 0.172596
0.272170 0.199945
0.281019 0.217080
0.142294 0.000548
0.184860 0.000195
0.190850 0.023531
0.216055 0.031715
0.234443 0.061661
0.237777 0.077093
0.248830 0.086915
0.261785 0.115320
0.263995 0.132039
0.279524 0.133708
0.271941 0.156134
0.275716 0.172693
0.302186 0.219317
0.291345 0.232970
0.270535 0.237126
0.159340 0.000460
0.205708 0.021036
0.224537 0.046870
0.249063 0.061242
0.259232 0.074393
0.269547 0.086527
0.258330 0.100160
0.289380 0.118887
0.285394 0.149854
0.293343 0.163506
0.303056 0.177896
0.256680 0.187863
0.294940 0.276060
0.283750 0.277501
0.167888 0.000702
0.225158 0.020367
0.232703 0.033203
0.242738 0.045280
0.265808 0.059598
0.277067 0.071479
0.276019 0.108851
0.307038 0.116165
0.299219 0.132795
0.305337 0.149228
0.317021 0.167507
0.285709 0.185646
0.291564 0.201501
0.299208 0.251042
0.313221 0.272004
0.176408 0.000556
0.251846 0.031766
0.259291 0.044875
0.289595 0.063242
0.293261 0.079105
0.282960 0.092621
0.316150 0.131016
0.330135 0.136798
0.321799 0.152802
0.328245 0.182197
0.311406 0.189432
0.313380 0.209811
0.316449 0.232876
0.345878 0.294315
0.193266 0.000572
0.243599 0.020542
0.270553 0.033152
0.277278 0.049340
0.310072 0.075150
0.305996 0.090273
0.295396 0.102365
0.345157 0.132613
0.340666 0.152965
0.365199 0.203753
0.348197 0.190825
0.334747 0.236413
0.328158 0.220097
0.342271 0.265587
0.358307 0.304960
0.201658 0.001117
0.261900 0.020527
0.285534 0.035221
0.306480 0.061263
0.323682 0.089021
0.317509 0.104109
0.328940 0.117585
0.357001 0.147287
0.338423 0.168867
0.348418 0.205456
0.329684 0.199601
0.352245 0.241053
0.314566 0.254357
0.320785 0.282081
0.210118 0.001019
0.260182 0.000824
0.279510 0.020560
0.294088 0.048940
0.328119 0.074385
0.342671 0.084537
0.335452 0.099309
0.344431 0.114415
0.362745 0.160209
0.354476 0.173804
0.377200 0.239792
0.367393 0.225946
0.350263 0.223539
0.372172 0.298495
0.332580 0.254472
0.218531 0.000580
0.295733 0.020336
0.301501 0.033212
0.321302 0.059355
0.348426 0.072503
0.352815 0.100513
0.361195 0.117441
0.362298 0.132450
0.374806 0.172637
0.381077 0.207069
0.394152 0.253013
0.369428 0.252092
0.369221 0.266724
0.334707 0.288509
0.226864 0.000193
0.293198 0.000222
0.312136 0.020529
0.310435 0.043923
0.337035 0.060229
0.361383 0.087316
0.371182 0.105508
0.379950 0.129067
0.379449 0.143883
0.412599 0.179210
0.390901 0.188683
0.371198 0.187842
0.397888 0.266349
0.412686 0.273522
0.357012 0.278361
0.235209 0.000482
0.329894 0.019692
0.321063 0.032035
0.327968 0.045262
0.364144 0.072694
0.376766 0.092550
0.383999 0.114553
0.398805 0.142809
0.383298 0.157713
0.409126 0.223152
0.387118 0.222521
0.418325 0.257145
0.375274 0.317476
0.379155 0.283021
0.243531 0.000582
0.317725 0.000381
0.338213 0.032743
0.346238 0.044726
0.352747 0.057033
0.380012 0.077109
0.394583 0.103969
0.397428 0.127342
0.394631 0.173554
0.430093 0.180035
0.410255 0.194247
0.398919 0.207530
0.425150 0.284621
0.387564 0.322004
0.395726 0.286987
0.251929 0.001011
0.347193 0.019388
0.365129 0.041745
0.367908 0.055813
0.380274 0.062625
0.391796 0.088562
0.407533 0.114584
0.401464 0.159283
0.417424 0.164266
0.432940 0.197206
0.398390 0.238297
0.433960 0.266699
0.407528 0.337956
0.412422 0.301706
0.268449 0.000121
0.342208 0.000636
0.355384 0.031445
0.382202 0.043869
0.392610 0.054427
0.396736 0.071141
0.410523 0.097599
0.414499 0.136370
0.420777 0.150348
0.437960 0.164659
0.441970 0.211540
0.417485 0.239909
0.449378 0.278202
0.423027 0.322101
0.434906 0.296250
0.276659 0.000277
0.364683 0.020232
0.376190 0.029872
0.407102 0.059955
0.406763 0.082536
0.424055 0.088716
0.439439 0.120670
0.421454 0.122587
0.434758 0.134988
0.439502 0.149411
0.421536 0.207091
0.393604 0.303873
0.463354 0.440921
0.418203 0.361106
0.284902 0.000950
0.366582 0.000304
0.402517 0.043461
0.393901 0.031867
0.420902 0.056414
0.440526 0.090803
0.424340 0.106664
0.455521 0.116796
0.456028 0.131782
0.452899 0.175099
0.446579 0.187073
0.449172 0.226612
0.441134 0.251735
0.426169 0.223654
0.420489 0.343398
0.301453 0.001070
0.383679 0.019930
0.415883 0.039465
0.433112 0.047351
0.417921 0.072504
0.434762 0.076941
0.440367 0.105451
0.454582 0.145766
0.457119 0.161234
0.457335 0.201802
0.458325 0.241908
0.476076 0.309823
0.394123 0.331587
0.434400 0.309017
0.309639 0.000307
0.401067 0.019214
0.430232 0.034450
0.435257 0.063428
0.451285 0.071003
0.482716 0.100586
0.474163 0.128806
0.459097 0.101862
0.472130 0.113457
0.462782 0.216123
0.472580 0.229961
0.473508 0.248971
0.456769 0.263009
0.459627 0.309445
0.435851 0.239264
0.325830 0.000575
0.412734 0.026736
0.439688 0.023371
0.446744 0.039152
0.463474 0.060577
0.454443 0.086099
0.487875 0.117281
0.493157 0.151152
0.476767 0.174483
0.467344 0.186188
0.475802 0.203060
0.471806 0.277031
0.435551 0.398656
0.439784 0.326817
0.334010 0.000472
0.406861 0.001003
0.424325 0.019117
0.452606 0.018998
0.449193 0.055071
0.468739 0.074763
0.469560 0.091261
0.490202 0.136271
0.473989 0.143183
0.485298 0.190027
0.485209 0.216297
0.459015 0.326846
0.475449 0.332981
0.444867 0.356222
0.438602 0.406367
0.350393 0.000820
0.470524 0.019662
0.463082 0.044110
0.484573 0.082195
0.495637 0.092173
0.509210 0.145889
0.490052 0.165874
0.472863 0.158491
0.479998 0.291157
0.458574 0.291101
0.477369 0.262150
0.483832 0.348047
0.421886 0.495860
0.425224 0.366102
0.358526 0.000472
0.414759 0.001223
0.478889 0.001087
0.486916 0.020206
0.459355 0.030787
0.510414 0.087221
0.502143 0.126393
0.500378 0.107869
0.493222 0.228626
0.498500 0.179479
0.463319 0.393498
0.492421 0.319780
0.450979 0.369793
0.455955 0.345192
0.487469 0.458635
0.374573 0.000281
0.462880 0.001218
0.475729 0.033087
0.476219 0.052584
0.528012 0.145429
0.528594 0.160411
0.509923 0.161260
0.506736 0.214213
0.494242 0.281829
0.454214 0.432109
0.451194 0.421926
0.400936 0.495482
0.442679 0.388349
0.468250 0.363513
0.382608 0.000391
0.454780 0.000326
0.486857 0.000942
0.508025 0.020392
0.524156 0.061233
0.530626 0.217594
0.519722 0.205620
0.513033 0.191496
0.606567 0.756829
0.417419 0.532851
0.447736 0.552236
0.856597 0.539037
0.582601 0.517647
0.402492 0.512084
0.437057 0.475823
0.422702 0.000093
0.470858 0.000429
0.592437 0.033172
0.491706 0.054613
0.487280 0.039807
0.513116 0.229349
0.509427 0.246058
0.496487 0.201148
0.501971 0.337308
0.491887 0.243509
0.463193 0.480273
0.421139 0.505354
0.449734 0.467753
0.437693 0.468892
0.398792 0.000797
0.438714 0.000398
0.510463 0.000539
0.497174 0.028404
0.629158 0.752368
0.514640 0.102051
0.601527 0.509843
0.497191 0.263275
0.477154 0.402634
0.486533 0.368932
0.862882 0.552712
0.620766 0.505521
0.617291 0.506822
0.449115 0.555995
0.394537 0.501769
0.534372 0.001109
0.502586 0.000764
0.430765 0.000823
0.179695 0.241285
0.505264 0.058706
0.518603 0.132949
0.480688 0.384570
0.628663 0.756774
0.579091 0.527458
0.482360 0.568300
0.844824 0.554418
0.596116 0.522713
0.469576 0.565715
0.472304 0.527165
0.597930 0.000182
0.550187 0.000778
0.390659 0.000464
0.494750 0.001132
0.538648 0.020957
0.498252 0.072867
0.516853 0.117574
0.531756 0.194940
0.504940 0.356137
0.505364 0.505957
0.478613 0.430554
0.466341 0.506329
0.507774 0.514863
0.465213 0.540139
0.545803 0.530082
0.590018 0.001206
0.518408 0.000449
0.446656 0.000849
0.518070 0.032756
0.483310 0.067530
0.850616 0.543765
0.417321 0.533298
0.474039 0.483813
0.487207 0.540446
0.609710 0.762738
0.463935 0.511337
0.488118 0.561764
0.558952 0.532500
0.527871 0.476380
0.613672 0.000745
0.566129 0.000659
0.524740 0.020634
0.526398 0.000179
0.513723 0.072444
0.517562 0.048252
0.526445 0.089250
0.515425 0.176820
0.532791 0.174579
0.497495 0.304167
0.513416 0.323553
0.489511 0.476572
0.548658 0.525666
0.503716 0.536848
0.538141 0.322989
0.629646 0.001111
0.542318 0.000168
0.543596 0.033272
0.531728 0.040366
0.504547 0.040363
0.531350 0.104877
0.546793 0.152101
0.548693 0.167070
0.547656 0.184690
0.511243 0.274506
0.483151 0.450476
0.522359 0.418612
0.510543 0.531869
0.512849 0.492693
0.637748 0.000458
0.558170 0.001137
0.571229 0.019815
0.559184 0.033697
0.550836 0.047131
0.532229 0.122068
0.541547 0.135005
0.558498 0.138904
0.546771 0.199809
0.512409 0.294263
0.523353 0.339096
0.523502 0.365082
0.506659 0.478855
0.533439 0.285134
0.507491 0.414497
0.653692 0.000709
0.587993 0.020321
0.576174 0.032742
0.555843 0.019894
0.537324 0.054865
0.530694 0.075373
0.544160 0.096126
0.546552 0.112531
0.564723 0.171044
0.534306 0.247925
0.520082 0.305138
0.516762 0.259682
0.502505 0.375778
0.487304 0.417111
0.661673 0.000498
0.574090 0.000210
0.603375 0.021059
0.545125 0.067580
0.566148 0.047904
0.557894 0.061033
0.545763 0.082426
0.561592 0.089139
0.556495 0.123545
0.568652 0.185892
0.547222 0.216418
0.534586 0.267240
0.562311 0.318270
0.560313 0.355721
0.568661 0.353540
0.677865 0.000492
0.582045 0.000869
0.605786 0.000331
0.580854 0.046470
0.562926 0.074412
0.577419 0.098451
0.560708 0.104281
0.565568 0.153217
0.580420 0.164301
0.564207 0.201551
0.530144 0.234209
0.542779 0.295378
0.525602 0.415891
0.530479 0.476490
0.685934 0.000457
0.621632 0.000556
0.617623 0.019887
0.599143 0.044316
0.575933 0.062825
0.576604 0.079909
0.573045 0.114155
0.573625 0.129555
0.580634 0.144532
0.593965 0.156801
0.549222 0.234671
0.565306 0.217181
0.559879 0.247436
0.571725 0.267606
0.585349 0.341147
0.702085 0.000756
0.627024 0.030536
0.611265 0.053337
0.611717 0.034746
0.591844 0.057688
0.590266 0.072635
0.589046 0.090288
0.589595 0.128156
0.599024 0.195370
0.584614 0.181192
0.569192 0.231387
0.547944 0.315655
0.498455 0.400592
0.540340 0.358603
0.710247 0.000671
0.645753 0.000583
0.635885 0.018221
0.624225 0.045515
0.606552 0.067535
0.602854 0.082589
0.589717 0.111684
0.605063 0.125335
0.599393 0.141112
0.601744 0.216496
0.583708 0.198116
0.580725 0.247677
0.552102 0.260770
0.552613 0.278614
0.565109 0.290168
0.718321 0.000541
0.644874 0.028275
0.639110 0.042851
0.625645 0.060221
0.621483 0.075194
0.601211 0.100743
0.611576 0.110653
0.616016 0.143831
0.601064 0.174434
0.584173 0.215925
0.601655 0.291188
0.580926 0.280014
0.545055 0.341452
0.524554 0.386242
0.734676 0.000701
0.669703 0.000951
0.656902 0.019445
0.653968 0.038907
0.644195 0.056194
0.637543 0.070132
0.616050 0.090443
0.620247 0.127032
0.610560 0.160180
0.614880 0.185699
0.625051 0.220183
0.634442 0.203307
0.585733 0.300929
0.573602 0.334643
0.619073 0.319857
0.742955 0.000489
0.674723 0.019527
0.666636 0.030352
0.661661 0.050791
0.655299 0.066686
0.632169 0.087770
0.625494 0.103233
0.629919 0.152723
0.623511 0.170207
0.614802 0.203527
0.589700 0.230411
0.530073 0.383140
0.635243 0.258626
0.604176 0.319550
0.751082 0.000276
0.693984 0.000486
0.688228 0.022253
0.675620 0.040208
0.673172 0.059419
0.648190 0.081695
0.643271 0.099437
0.631939 0.117612
0.635212 0.138174
0.640117 0.166217
0.611358 0.231114
0.621589 0.245210
0.590451 0.261171
0.637248 0.312555
0.599122 0.330635
0.759190 0.000003
0.702734 0.019225
0.691252 0.035424
0.686268 0.050941
0.667493 0.074645
0.659436 0.091283
0.646885 0.118306
0.650122 0.152150
0.630646 0.186827
0.654173 0.202038
0.578956 0.309966
0.602964 0.273861
0.665375 0.304085
0.652245 0.282788
0.767363 0.001138
0.726481 0.000815
0.721402 0.020706
0.703552 0.041546
0.685275 0.069372
0.675450 0.087013
0.657110 0.107726
0.649276 0.133329
0.658036 0.168035
0.601724 0.247254
0.665136 0.182155
0.636496 0.236286
0.650639 0.245862
0.632509 0.321999
0.632749 0.288728
0.783823 0.000293
0.736918 0.019479
0.711819 0.030466
0.698812 0.057311
0.691276 0.082919
0.673062 0.103988
0.666157 0.121209
0.664254 0.138263
0.647745 0.184189
0.671637 0.214393
0.672526 0.236757
0.613552 0.262429
0.654595 0.266296
0.629720 0.274219
0.792168 0.000007
0.752029 0.021777
0.733684 0.032871
0.720605 0.043286
0.703555 0.072850
0.689608 0.098180
0.701088 0.108081
0.685643 0.114992
0.668898 0.154900
0.682178 0.145052
0.644030 0.217815
0.655143 0.226761
0.684302 0.251893
0.724609 0.250492
0.675061 0.271789
0.800598 0.000826
0.762340 0.032408
0.735174 0.047310
0.713220 0.057939
0.721505 0.073514
0.707496 0.088119
0.715028 0.103163
0.681450 0.128492
0.701107 0.175157
0.691670 0.215156
0.685429 0.228942
0.666789 0.253494
0.655577 0.302169
0.617902 0.293873
0.817334 0.000988
0.775632 0.000642
0.769847 0.019299
0.749177 0.038245
0.747648 0.056039
0.729505 0.061587
0.724165 0.087575
0.705116 0.123539
0.692686 0.159576
0.680153 0.168631
0.684319 0.185476
0.717116 0.202671
0.737038 0.212049
0.686538 0.286582
0.678686 0.296161
0.825736 0.000019
0.789677 0.020451
0.780264 0.031189
0.770988 0.043876
0.753760 0.072279
0.740378 0.074205
0.723221 0.119042
0.718332 0.134124
0.697873 0.136871
0.715743 0.164489
0.692628 0.200712
0.724296 0.177834
0.701706 0.265028
0.701049 0.243106
0.834128 0.000025
0.808963 0.000221
0.806027 0.020508
0.787352 0.046395
0.761916 0.056075
0.763922 0.086484
0.739623 0.089859
0.731493 0.104446
0.740087 0.122815
0.671163 0.198159
0.706382 0.189303
0.715039 0.218524
0.752886 0.200063
0.718574 0.274139
0.699083 0.281620
0.851031 0.000258
0.822211 0.021978
0.797951 0.035060
0.778548 0.061107
0.771124 0.072747
0.790922 0.074224
0.754196 0.096684
0.749519 0.110250
0.706391 0.150166
0.724826 0.148287
0.737919 0.166046
0.744378 0.182184
0.712396 0.232298
0.749297 0.219662
0.859528 0.000741
0.842615 0.000313
0.837808 0.020959
0.814125 0.034729
0.806261 0.050145
0.797478 0.061320
0.781155 0.088207
0.772750 0.104667
0.762923 0.119338
0.739920 0.138385
0.747056 0.153920
0.760504 0.166896
0.761367 0.181880
0.730680 0.194616
0.732221 0.229615
0.876857 0.000057
0.853233 0.022251
0.830499 0.037216
0.822133 0.050907
0.816042 0.066044
0.809044 0.079006
0.799954 0.091020
0.788001 0.104136
0.778317 0.123926
0.756947 0.133970
0.764352 0.150262
0.779206 0.170661
0.779322 0.195275
0.785102 0.254878
0.885759 0.000582
0.868155 0.000340
0.870146 0.020398
0.845918 0.035523
0.842789 0.051556
0.833967 0.063538
0.829450 0.079475
0.819076 0.092600
0.808085 0.107820
0.795312 0.117848
0.777153 0.139185
0.797104 0.145385
0.817077 0.184346
0.764116 0.238171
0.727580 0.272120
0.894579 0.001054
0.885536 0.020604
0.865752 0.033468
0.857646 0.047515
0.859642 0.064295
0.846383 0.071949
0.847009 0.088937
0.835732 0.098365
0.824609 0.111631
0.817726 0.126104
0.802893 0.131645
0.784851 0.154956
0.796863 0.185918
0.773372 0.206305
0.903368 0.000161
0.912200 0.000153
0.901962 0.021738
0.886057 0.035415
0.873526 0.047919
0.876586 0.063672
0.867308 0.078940
0.861619 0.092427
0.852392 0.107664
0.841164 0.118040
0.835348 0.133632
0.817029 0.145194
0.796241 0.168094
0.825432 0.218863
0.737072 0.256635
0.921177 0.000516
0.916458 0.020524
0.902454 0.036407
0.891437 0.050409
0.891227 0.066613
0.883098 0.083375
0.879235 0.100503
0.870344 0.113329
0.861187 0.125167
0.849487 0.136944
0.833308 0.150431
0.839027 0.170559
0.825650 0.169229
0.796407 0.199635
0.930078 0.000888
0.931704 0.022404
0.921593 0.035605
0.910877 0.047729
0.906519 0.063002
0.901714 0.080834
0.895790 0.096363
0.895636 0.113074
0.884173 0.123502
0.875824 0.137738
0.869033 0.150875
0.850129 0.152739
0.810317 0.159588
0.811346 0.201312
0.754124 0.250551
0.939181 0.000681
0.945449 0.035668
0.932648 0.046176
0.925806 0.061050
0.919966 0.076608
0.913155 0.092917
0.911238 0.114656
0.904183 0.129913
0.890553 0.142008
0.886246 0.157773
0.876648 0.169554
0.859074 0.170600
0.851878 0.186523
0.758956 0.265797
0.948437 0.000308
0.945538 0.019089
0.957995 0.029064
0.942481 0.057131
0.936816 0.073732
0.930140 0.088238
0.923735 0.106329
0.928005 0.125338
0.922204 0.138366
0.910488 0.151271
0.909128 0.166249
0.872944 0.188178
0.886965 0.196774
0.797454 0.224653
0.857603 0.201454
0.957564 0.000688
0.967415 0.017033
0.958552 0.048726
0.954899 0.067842
0.958647 0.110427
0.953045 0.131900
0.943842 0.123644
0.924779 0.158610
0.938514 0.170008
0.909986 0.181356
0.891396 0.178546
0.875864 0.213437
0.833301 0.191528
0.847814 0.235764
0.966812 0.000762
0.986956 0.001008
0.982258 0.021912
0.970041 0.076219
0.954322 0.081683
0.950100 0.094628
0.936399 0.144367
0.957959 0.150033
0.951844 0.163168
0.926743 0.186607
0.944043 0.202008
0.929390 0.231817
0.834837 0.233269
0.840273 0.207541
0.770217 0.265137
0.976480 0.000856
0.969812 0.037789
0.970780 0.058317
0.985683 0.081074
0.971209 0.091650
0.940146 0.107103
0.966997 0.177508
0.947557 0.187517
0.975484 0.204383
0.922232 0.205378
0.960614 0.235791
0.906780 0.198918
0.856168 0.225449
0.766708 0.221659
0.999778 0.000125
0.999864 0.035275
0.984206 0.041072
0.985797 0.060288
0.999698 0.103507
0.985419 0.123374
0.999864 0.140620
0.999513 0.153633
0.962121 0.207623
0.994664 0.231140
0.952363 0.222821
0.940140 0.234854
0.893755 0.233329
0.999070 0.227492
0.793539 0.249388
0.999276 0.000633
0.999430 0.045821
0.999051 0.068473
0.999631 0.091846
0.999801 0.116245
0.971084 0.117549
0.972384 0.162687
0.974369 0.187646
0.988168 0.171389
0.999821 0.196033
0.975115 0.224923
0.897100 0.216867
0.782659 0.227169
0.885017 0.236069
0.999077 0.013779
0.999026 0.025042
0.999869 0.057313
0.999843 0.080253
0.983382 0.103716
0.999720 0.128594
0.983868 0.147728
0.969961 0.135971
0.999386 0.210141
0.999540 0.169692
0.999560 0.184641
0.870770 0.234414
0.915524 0.220562
0.812963 0.246375
0.818337 0.238841
