0.000047 0.020985
0.000225 0.053503
0.000922 0.088136
0.000733 0.126462
0.000245 0.140286
0.019415 0.216025
0.000416 0.180986
0.000499 0.197186
0.024189 0.233010
0.049289 0.229830
0.137285 0.243481
0.068214 0.220139
0.113097 0.241626
0.183364 0.235750
0.000170 0.009478
0.000417 0.031679
0.000321 0.064233
0.022657 0.059307
0.026993 0.115355
0.018770 0.163288
0.000501 0.164841
0.027203 0.200264
0.000649 0.216787
0.005325 0.227391
0.039746 0.235785
0.043095 0.206543
0.111325 0.218454
0.122712 0.240185
0.175648 0.217566
0.000660 0.000544
0.000814 0.042365
0.000034 0.076468
0.000489 0.099724
0.000149 0.111614
0.011721 0.129033
0.000432 0.152290
0.029819 0.180588
0.007771 0.188636
0.044392 0.190904
0.063489 0.203350
0.096785 0.220321
0.083248 0.228187
0.157565 0.236963
0.003041 0.000642
0.018571 0.025950
0.015438 0.045715
0.014999 0.078356
0.018082 0.104589
0.039389 0.131553
0.042956 0.116279
0.032110 0.153081
0.043247 0.164546
0.065133 0.162906
0.056208 0.178015
0.081610 0.197646
0.063344 0.236009
0.098520 0.236830
0.226709 0.225926
0.016227 0.001007
0.043364 0.031716
0.029819 0.035704
0.033609 0.072612
0.026374 0.085523
0.025882 0.139450
0.055975 0.129819
0.051893 0.144853
0.082796 0.167532
0.111158 0.170066
0.071696 0.186363
0.150519 0.205682
0.101740 0.195708
0.189080 0.217873
0.035851 0.000768
0.025967 0.000288
0.051435 0.048425
0.037267 0.050973
0.037490 0.097020
0.050783 0.082560
0.051795 0.099415
0.064795 0.110889
0.067834 0.143435
0.081593 0.152583
0.099557 0.160349
0.094005 0.184628
0.133609 0.199540
0.134644 0.220184
0.241050 0.232965
0.045055 0.000078
0.032147 0.018873
0.048323 0.066103
0.062801 0.072423
0.068447 0.088311
0.077001 0.102326
0.073289 0.125497
0.088180 0.126499
0.097924 0.140030
0.121202 0.153762
0.118170 0.182935
0.119601 0.203846
0.139417 0.181963
0.144983 0.247738
0.054326 0.000121
0.052336 0.020480
0.060851 0.031506
0.065846 0.044708
0.072541 0.057427
0.080825 0.076109
0.091184 0.090675
0.093472 0.108726
0.105416 0.121628
0.111306 0.139358
0.132558 0.164680
0.151342 0.168639
0.156770 0.186039
0.208085 0.181631
0.201905 0.222106
0.063335 0.000873
0.074821 0.021383
0.080288 0.037782
0.087254 0.056550
0.095693 0.072000
0.107679 0.086816
0.108725 0.104416
0.123504 0.111363
0.125592 0.128984
0.136831 0.140377
0.147563 0.152722
0.167168 0.193002
0.156670 0.219214
0.183975 0.191422
0.072159 0.001139
0.081079 0.000164
0.091455 0.022549
0.094794 0.038986
0.103455 0.055277
0.112558 0.068606
0.122215 0.084842
0.131029 0.096382
0.141003 0.119473
0.152643 0.131863
0.165724 0.139550
0.176647 0.170544
0.215769 0.195825
0.222124 0.210979
0.267683 0.265424
0.089887 0.000925
0.107579 0.022377
0.111227 0.036992
0.120522 0.049061
0.127835 0.062147
0.135673 0.074061
0.147430 0.083569
0.144869 0.102995
0.158466 0.111917
0.182780 0.133868
0.167159 0.158779
0.201773 0.152932
0.190544 0.173081
0.242325 0.247341
0.098693 0.001158
0.116199 0.000898
0.123019 0.023976
0.131460 0.036529
0.142211 0.050801
0.150327 0.063760
0.162696 0.074825
0.161353 0.092941
0.175583 0.103846
0.173710 0.119514
0.205774 0.137172
0.183009 0.150606
0.242267 0.165576
0.243741 0.207734
0.244269 0.252242
0.107504 0.000070
0.139591 0.021804
0.149003 0.032733
0.158553 0.044141
0.167589 0.058623
0.180495 0.069694
0.178007 0.086534
0.193598 0.090358
0.191559 0.108010
0.196710 0.125693
0.219362 0.149021
0.208645 0.166933
0.233889 0.193683
0.197353 0.204497
0.124847 0.000436
0.150672 0.000806
0.159824 0.022803
0.173019 0.038961
0.183799 0.050943
0.195531 0.061937
0.200619 0.076426
0.209504 0.092390
0.207595 0.111412
0.222981 0.117981
0.224891 0.131228
0.232064 0.156810
0.254888 0.175228
0.257449 0.214443
0.270315 0.249245
0.133490 0.000655
0.174637 0.022961
0.194118 0.037592
0.205328 0.047530
0.213818 0.063497
0.220816 0.078380
0.223574 0.098469
0.237667 0.105140
0.242020 0.121540
0.240576 0.139203
0.252680 0.150867
0.225928 0.177630
0.267410 0.197599
0.276558 0.214649
0.142125 0.000304
0.184661 0.000684
0.188165 0.023702
0.214321 0.033256
0.232148 0.063906
0.234917 0.082204
0.247362 0.090342
0.259402 0.120438
0.260859 0.133245
0.278137 0.134950
0.266851 0.156576
0.271275 0.172337
0.298391 0.218957
0.285312 0.229541
0.263204 0.233748
0.159162 0.000418
0.203857 0.022024
0.222619 0.049551
0.247167 0.064299
0.256317 0.077173
0.266996 0.090587
0.256620 0.103411
0.285408 0.120949
0.282455 0.150835
0.289055 0.165006
0.298699 0.177260
0.252611 0.190643
0.283725 0.271960
0.276258 0.274658
0.167723 0.000564
0.222546 0.019907
0.230754 0.033707
0.239673 0.047364
0.263980 0.062083
0.274520 0.074752
0.273000 0.111880
0.304461 0.118629
0.295591 0.134824
0.301862 0.151094
0.313571 0.167914
0.282219 0.185696
0.289255 0.199585
0.292616 0.248291
0.304197 0.269944
0.176210 0.000867
0.249765 0.033144
0.256490 0.047336
0.287043 0.065651
0.290991 0.081325
0.280982 0.095403
0.312274 0.133347
0.327420 0.138156
0.318045 0.152684
0.325579 0.181680
0.307503 0.189454
0.308576 0.207218
0.310794 0.231738
0.337073 0.288423
0.193065 0.000208
0.240939 0.021565
0.267906 0.034974
0.274998 0.051756
0.308276 0.078477
0.303000 0.093317
0.292563 0.105046
0.341496 0.133304
0.337054 0.153505
0.361575 0.202080
0.344018 0.188193
0.329485 0.234906
0.322469 0.216975
0.336071 0.260525
0.351262 0.299030
0.201426 0.000473
0.259667 0.021178
0.283266 0.036753
0.303998 0.064298
0.320277 0.091213
0.314776 0.107209
0.325822 0.119277
0.352849 0.146887
0.334387 0.169149
0.343414 0.203667
0.326441 0.198357
0.348577 0.237431
0.308074 0.249372
0.313191 0.278713
0.209823 0.000677
0.259910 0.000576
0.276651 0.021578
0.292686 0.051321
0.326987 0.077236
0.340727 0.086693
0.332027 0.102216
0.342081 0.116597
0.359996 0.159366
0.350961 0.172745
0.373055 0.235383
0.362579 0.220807
0.345330 0.219656
0.364425 0.291646
0.328155 0.250499
0.218219 0.000900
0.292582 0.021350
0.299095 0.034702
0.318943 0.061777
0.346174 0.073212
0.349633 0.101138
0.358258 0.118619
0.361366 0.133295
0.372092 0.170859
0.378455 0.202449
0.389216 0.247132
0.362674 0.246948
0.365005 0.261216
0.327504 0.284620
0.226619 0.000306
0.293050 0.000487
0.309338 0.021168
0.308698 0.046725
0.334472 0.061940
0.359186 0.089009
0.367568 0.107090
0.377875 0.128710
0.376920 0.143281
0.409546 0.176122
0.386959 0.186629
0.366662 0.184864
0.393036 0.259391
0.408413 0.265419
0.349700 0.271428
0.235099 0.000602
0.327580 0.020947
0.317789 0.033020
0.325836 0.047045
0.362748 0.073229
0.374799 0.093959
0.382650 0.113944
0.396558 0.141951
0.380792 0.157648
0.406747 0.218564
0.383389 0.217574
0.415496 0.250909
0.366008 0.309201
0.373340 0.275566
0.243360 0.000944
0.317547 0.000987
0.335089 0.033386
0.343588 0.044774
0.350662 0.058122
0.378514 0.077665
0.393572 0.103863
0.395505 0.126703
0.392167 0.171748
0.427421 0.177784
0.406892 0.190564
0.396196 0.203700
0.422056 0.275682
0.378852 0.310026
0.392198 0.278554
0.251672 0.000558
0.344808 0.020573
0.363162 0.042475
0.365606 0.057050
0.379350 0.063423
0.390299 0.089201
0.406234 0.114586
0.399803 0.156357
0.417000 0.161975
0.431378 0.192781
0.394821 0.232640
0.433685 0.261286
0.401481 0.322203
0.408539 0.293660
0.268216 0.000039
0.342057 0.000264
0.354149 0.031948
0.380082 0.044347
0.391319 0.054969
0.395882 0.071290
0.409614 0.097511
0.412923 0.134490
0.420142 0.147755
0.436623 0.162755
0.440022 0.207418
0.414240 0.234099
0.446746 0.270612
0.416783 0.310534
0.434878 0.284864
0.276514 0.000297
0.363070 0.020423
0.374076 0.030882
0.406868 0.059694
0.405073 0.082587
0.423151 0.088310
0.438770 0.119867
0.420946 0.121128
0.432797 0.133273
0.437606 0.147258
0.418866 0.202265
0.391430 0.292992
0.462750 0.420044
0.413795 0.343801
0.284719 0.000535
0.366414 0.000475
0.400828 0.042731
0.391451 0.032111
0.420218 0.055654
0.440414 0.090886
0.423479 0.105002
0.454955 0.115208
0.455491 0.130092
0.452723 0.172522
0.446237 0.184273
0.449244 0.222259
0.439428 0.246375
0.425574 0.218300
0.416638 0.328692
0.301228 0.000238
0.382448 0.019552
0.415442 0.039938
0.433046 0.046677
0.417470 0.072546
0.433998 0.076570
0.439641 0.104675
0.454825 0.143391
0.456138 0.158285
0.456829 0.198220
0.456905 0.237016
0.474392 0.297990
0.389206 0.319512
0.430121 0.299548
0.309437 0.000617
0.400107 0.020106
0.430686 0.033054
0.434088 0.061963
0.450839 0.070418
0.482587 0.099100
0.473195 0.125474
0.457843 0.100972
0.471980 0.110616
0.462738 0.213439
0.473140 0.225320
0.473332 0.240856
0.457128 0.255993
0.458540 0.298631
0.434219 0.233243
0.325696 0.001167
0.411211 0.026484
0.438774 0.021372
0.446778 0.038232
0.464115 0.060213
0.453628 0.084178
0.488734 0.116679
0.493773 0.148767
0.476323 0.170739
0.466346 0.183988
0.475035 0.199440
0.471052 0.269801
0.432389 0.378606
0.436285 0.314198
0.333825 0.000258
0.406739 0.000806
0.422718 0.019841
0.452820 0.020019
0.448267 0.055126
0.467777 0.074242
0.469284 0.090659
0.489711 0.134206
0.473700 0.140926
0.486786 0.185803
0.485780 0.211342
0.456194 0.312936
0.474235 0.318211
0.441930 0.338844
0.437678 0.386504
0.350216 0.000572
0.470572 0.019683
0.462404 0.045195
0.482903 0.081423
0.495555 0.090286
0.509030 0.142391
0.490794 0.163257
0.472919 0.155626
0.480385 0.283993
0.455637 0.282390
0.478410 0.256871
0.483415 0.333844
0.420731 0.474614
0.420494 0.347439
0.358363 0.000995
0.414706 0.000547
0.478889 0.000231
0.486225 0.019841
0.459500 0.030791
0.510169 0.086178
0.502526 0.125687
0.499660 0.106360
0.494130 0.224555
0.500009 0.176264
0.461516 0.374558
0.493649 0.309924
0.449278 0.352802
0.453411 0.329394
0.486439 0.436930
0.374385 0.000468
0.462808 0.000236
0.475537 0.033892
0.477021 0.051521
0.528771 0.143430
0.529231 0.157285
0.511240 0.158412
0.507311 0.211309
0.493609 0.273575
0.452854 0.411660
0.450061 0.401189
0.398741 0.473257
0.439853 0.368275
0.465940 0.345951
0.382487 0.000392
0.454718 0.000358
0.486851 0.000476
0.508667 0.019164
0.524499 0.060063
0.532440 0.213764
0.520334 0.201669
0.513961 0.187895
0.614157 0.738670
0.416418 0.510792
0.446392 0.531241
0.870547 0.519810
0.585325 0.495438
0.401253 0.489498
0.435359 0.454277
0.422710 0.000587
0.470856 0.000741
0.593567 0.032995
0.491786 0.055084
0.488264 0.039284
0.513377 0.224654
0.509261 0.239671
0.497835 0.197411
0.502898 0.322745
0.491143 0.239568
0.462684 0.459409
0.420107 0.483297
0.449203 0.445964
0.436859 0.447652
0.398683 0.000781
0.438655 0.001320
0.510480 0.001066
0.497471 0.026881
0.630091 0.732715
0.514508 0.100655
0.603262 0.485209
0.496752 0.257014
0.474966 0.384158
0.486726 0.351614
0.870934 0.523392
0.621452 0.481788
0.618507 0.483865
0.448456 0.534197
0.393075 0.479417
0.534268 0.000484
0.502567 0.000756
0.430733 0.000137
0.174046 0.242051
0.506444 0.057176
0.520919 0.130980
0.479204 0.366843
0.631867 0.734508
0.578058 0.502675
0.481008 0.546395
0.855765 0.529206
0.597969 0.497466
0.468739 0.542583
0.472065 0.505760
0.597849 0.000692
0.550110 0.000489
0.390555 0.000347
0.494729 0.000995
0.539016 0.020079
0.498888 0.072418
0.516258 0.115514
0.533162 0.191016
0.506523 0.340714
0.504759 0.484538
0.477607 0.410760
0.465829 0.485065
0.508087 0.494377
0.464374 0.518732
0.548522 0.507388
0.589978 0.001030
0.518410 0.000422
0.446608 0.000028
0.516675 0.031669
0.483251 0.067318
0.857813 0.516825
0.415360 0.511548
0.473617 0.462679
0.486641 0.518770
0.611649 0.740392
0.463093 0.489459
0.487711 0.538956
0.560257 0.510281
0.527170 0.455044
0.613743 0.000154
0.566078 0.000174
0.525165 0.020986
0.526340 0.000662
0.514361 0.071263
0.518773 0.046258
0.526274 0.088169
0.516507 0.172177
0.533954 0.172862
0.498025 0.294030
0.514175 0.310185
0.488959 0.455546
0.548826 0.502901
0.504468 0.515845
0.538209 0.311084
0.629739 0.000465
0.542241 0.000600
0.544352 0.032676
0.532207 0.038019
0.503280 0.040740
0.531344 0.103954
0.546704 0.150066
0.549461 0.164654
0.550044 0.180277
0.512405 0.267714
0.482100 0.430157
0.522300 0.398192
0.509962 0.510900
0.512095 0.471488
0.637852 0.000875
0.558069 0.000821
0.570470 0.018985
0.560454 0.033754
0.551279 0.046951
0.533832 0.120967
0.543452 0.132856
0.559895 0.139004
0.549005 0.195565
0.513325 0.284466
0.525257 0.326143
0.524821 0.349632
0.505677 0.457852
0.532803 0.276336
0.507620 0.393910
0.653850 0.001293
0.587114 0.019893
0.576035 0.031822
0.554820 0.020308
0.537236 0.053468
0.530456 0.074053
0.544814 0.095852
0.546239 0.112514
0.565951 0.168312
0.535238 0.243586
0.522939 0.296873
0.518736 0.252245
0.503934 0.358701
0.486722 0.397614
0.661926 0.000712
0.574107 0.000496
0.603007 0.020524
0.544774 0.067183
0.567633 0.047437
0.559133 0.060566
0.546282 0.082024
0.561194 0.089354
0.559071 0.123163
0.571133 0.183114
0.548231 0.212726
0.535265 0.260798
0.565539 0.306594
0.563575 0.342454
0.572863 0.339665
0.678065 0.000292
0.582035 0.000510
0.605764 0.001008
0.582894 0.044427
0.563022 0.073901
0.577132 0.097494
0.561352 0.104873
0.566829 0.151740
0.582011 0.162316
0.566081 0.198364
0.530365 0.230375
0.545095 0.288196
0.525939 0.394182
0.529740 0.454978
0.686183 0.000495
0.621724 0.000646
0.617267 0.019859
0.601112 0.045101
0.576157 0.061524
0.577270 0.079869
0.574185 0.113333
0.574615 0.129834
0.582454 0.144116
0.596611 0.156081
0.549720 0.228934
0.565885 0.213280
0.562506 0.242523
0.572697 0.261217
0.590809 0.328548
0.702297 0.000264
0.627487 0.030601
0.612730 0.054217
0.611354 0.035071
0.592130 0.057553
0.589904 0.071711
0.590486 0.090832
0.590335 0.127025
0.601520 0.193067
0.587596 0.178020
0.571886 0.228903
0.549748 0.303696
0.499386 0.381108
0.543995 0.343278
0.710477 0.000192
0.645886 0.000902
0.635786 0.018381
0.625509 0.045153
0.606751 0.067088
0.603460 0.082202
0.590668 0.110695
0.606140 0.124685
0.600310 0.140509
0.604249 0.211473
0.584757 0.195465
0.581224 0.241979
0.552966 0.254510
0.554123 0.272822
0.567091 0.282650
0.718467 0.000820
0.645505 0.028028
0.638850 0.043454
0.627223 0.061475
0.621630 0.075129
0.602079 0.100720
0.613051 0.111039
0.617897 0.144201
0.602927 0.173179
0.586358 0.211122
0.604841 0.285724
0.584803 0.274151
0.548895 0.328586
0.524909 0.369614
0.734858 0.000160
0.669951 0.000381
0.657724 0.019161
0.653659 0.039711
0.646249 0.057295
0.638527 0.071385
0.616633 0.090781
0.621342 0.127180
0.612187 0.159059
0.616390 0.184319
0.627278 0.216829
0.636388 0.200014
0.590144 0.292559
0.577551 0.323677
0.623262 0.312333
0.743130 0.000954
0.676619 0.020508
0.666807 0.031227
0.662966 0.051097
0.656402 0.067921
0.632483 0.088412
0.628138 0.103790
0.631525 0.152937
0.625695 0.168988
0.618337 0.200994
0.591620 0.226168
0.532989 0.364575
0.639086 0.256033
0.606787 0.309226
0.751363 0.000210
0.694192 0.000015
0.689936 0.023547
0.676111 0.040678
0.675140 0.060011
0.649247 0.082786
0.644601 0.099794
0.633202 0.118140
0.635722 0.137661
0.643518 0.166881
0.613318 0.227768
0.624351 0.240130
0.592783 0.255835
0.643217 0.305972
0.601707 0.321685
0.759418 0.000599
0.704065 0.020397
0.692551 0.036145
0.687926 0.051126
0.668943 0.074987
0.661526 0.092020
0.648511 0.119442
0.651716 0.151151
0.633993 0.184783
0.658007 0.201060
0.581736 0.301469
0.605824 0.268865
0.672012 0.298172
0.656341 0.279158
0.767679 0.000466
0.726615 0.000776
0.722910 0.021723
0.705590 0.043220
0.685435 0.071600
0.677481 0.088465
0.658670 0.108099
0.651115 0.134033
0.660588 0.166946
0.603025 0.241564
0.667444 0.180367
0.638600 0.232010
0.652964 0.241149
0.637025 0.312091
0.638353 0.283603
0.784227 0.000268
0.739910 0.020229
0.714092 0.031482
0.700038 0.060136
0.693929 0.084410
0.674880 0.105596
0.668963 0.122715
0.666265 0.139293
0.650322 0.183332
0.676425 0.211853
0.678342 0.233039
0.616978 0.257645
0.657564 0.261004
0.632771 0.268648
0.792496 0.000327
0.755256 0.022590
0.735063 0.032894
0.722697 0.044810
0.705761 0.074016
0.692016 0.099959
0.704470 0.110554
0.688603 0.116489
0.670901 0.154279
0.685097 0.145760
0.647841 0.213565
0.659372 0.224289
0.689476 0.250944
0.729179 0.248327
0.680012 0.268889
0.800904 0.000174
0.765671 0.034366
0.738344 0.048525
0.715453 0.059179
0.722571 0.075437
0.709626 0.091151
0.718201 0.105554
0.683163 0.130063
0.705136 0.173206
0.699241 0.211643
0.691725 0.227705
0.671781 0.251105
0.660716 0.296686
0.621093 0.288154
0.817606 0.000382
0.775932 0.000355
0.773027 0.020205
0.751392 0.038413
0.749768 0.057806
0.732150 0.062918
0.727000 0.089040
0.707974 0.125477
0.695585 0.160356
0.681869 0.168659
0.687786 0.183639
0.721959 0.199765
0.740632 0.212016
0.692737 0.280363
0.684145 0.292449
0.826008 0.000145
0.792410 0.021561
0.782939 0.032512
0.773088 0.046848
0.757407 0.075600
0.742448 0.076132
0.726275 0.121737
0.721698 0.136683
0.699248 0.138444
0.720385 0.163825
0.696454 0.198489
0.727624 0.177089
0.708079 0.260505
0.706155 0.241612
0.834336 0.000433
0.809235 0.000980
0.808608 0.022296
0.789838 0.049022
0.763349 0.058677
0.767654 0.090805
0.742486 0.092440
0.735220 0.107568
0.742651 0.125341
0.675403 0.196599
0.710224 0.187819
0.719669 0.217075
0.758055 0.198881
0.727366 0.272074
0.706668 0.277844
0.851300 0.000684
0.825111 0.023175
0.800491 0.036959
0.781154 0.063036
0.773917 0.076222
0.794393 0.078050
0.756996 0.099177
0.753237 0.113522
0.710316 0.151423
0.728749 0.149589
0.743141 0.167055
0.749514 0.181786
0.717228 0.230881
0.756228 0.218081
0.859870 0.000355
0.842954 0.000527
0.839924 0.022082
0.817329 0.036769
0.808699 0.051982
0.799637 0.063888
0.785162 0.089900
0.776555 0.107813
0.766719 0.121186
0.743060 0.140911
0.750676 0.154336
0.767979 0.169283
0.766297 0.184823
0.736350 0.193224
0.739035 0.228912
0.877214 0.000019
0.856163 0.023571
0.832970 0.039088
0.825198 0.053506
0.818829 0.069792
0.811203 0.082082
0.803568 0.095488
0.791491 0.107535
0.782734 0.127687
0.760854 0.137050
0.768261 0.152794
0.781890 0.174927
0.784894 0.193196
0.795289 0.255960
0.886048 0.000454
0.868500 0.000295
0.872462 0.021955
0.849254 0.036781
0.844604 0.054905
0.835455 0.066811
0.832006 0.084146
0.821813 0.096597
0.812501 0.111211
0.798399 0.121802
0.780827 0.141717
0.800791 0.148906
0.823463 0.188049
0.772426 0.239369
0.734722 0.270394
0.894799 0.000441
0.887979 0.022852
0.868950 0.035687
0.859895 0.050866
0.861978 0.067702
0.848821 0.076513
0.849284 0.092221
0.837832 0.103415
0.827625 0.116195
0.821066 0.130446
0.805555 0.134013
0.788812 0.158312
0.804142 0.187368
0.779814 0.208255
0.903540 0.001246
0.912414 0.000096
0.903909 0.023057
0.887409 0.037656
0.875729 0.050520
0.878792 0.067565
0.868909 0.082340
0.865332 0.098485
0.856203 0.112266
0.844091 0.122403
0.838785 0.137075
0.822768 0.149093
0.801979 0.171305
0.829978 0.220191
0.746011 0.252502
0.921447 0.000193
0.918368 0.022396
0.905088 0.038648
0.894204 0.054219
0.893587 0.071804
0.885196 0.088249
0.880928 0.105578
0.872006 0.118617
0.863787 0.131274
0.853543 0.143166
0.837676 0.156625
0.847143 0.177199
0.828296 0.172216
0.802518 0.203949
0.930296 0.001078
0.933028 0.024920
0.923085 0.038986
0.913360 0.052362
0.907969 0.066131
0.902967 0.085928
0.897333 0.102139
0.897670 0.120156
0.886349 0.130586
0.877510 0.145542
0.871229 0.158851
0.854584 0.159970
0.815554 0.162135
0.818748 0.205680
0.759641 0.248807
0.939317 0.000883
0.945421 0.039193
0.932548 0.047319
0.926215 0.065163
0.920067 0.081833
0.914700 0.098856
0.911901 0.121908
0.906415 0.138397
0.894500 0.148817
0.893004 0.165675
0.881338 0.177994
0.862658 0.176252
0.857918 0.193042
0.767447 0.263668
0.948554 0.000854
0.946994 0.020808
0.959365 0.031616
0.944844 0.061531
0.937607 0.078245
0.932397 0.095804
0.924551 0.111977
0.929486 0.131469
0.924663 0.147840
0.911174 0.157349
0.912849 0.174387
0.880309 0.196464
0.892553 0.206056
0.804916 0.225275
0.863100 0.208904
0.957895 0.000530
0.966754 0.019211
0.958474 0.053734
0.953593 0.070841
0.958900 0.118086
0.954555 0.142511
0.946402 0.132637
0.933018 0.169695
0.940047 0.181674
0.915310 0.192104
0.895827 0.185177
0.881252 0.219225
0.837858 0.197661
0.856011 0.239508
0.967175 0.000251
0.986927 0.000298
0.980717 0.026371
0.970128 0.082376
0.955811 0.089769
0.951716 0.099273
0.938852 0.155815
0.960626 0.157393
0.955257 0.174549
0.932442 0.196148
0.948079 0.214908
0.937509 0.243234
0.841429 0.241509
0.846183 0.212210
0.775512 0.263476
0.976781 0.001122
0.968540 0.039978
0.970938 0.060990
0.984218 0.088132
0.969623 0.101198
0.940344 0.112915
0.966515 0.188635
0.948355 0.200481
0.983313 0.220827
0.930563 0.218204
0.966285 0.247178
0.911901 0.208155
0.863336 0.228368
0.772038 0.221248
0.999338 0.000197
0.999744 0.035126
0.983808 0.044695
0.983377 0.066939
0.999274 0.103922
0.983263 0.133620
0.999864 0.141443
0.999320 0.154406
0.963692 0.221508
0.997926 0.239939
0.958498 0.237596
0.945199 0.248418
0.904606 0.242307
0.998924 0.230575
0.802094 0.246386
0.999491 0.000599
0.999835 0.045946
0.999004 0.068942
0.999576 0.092586
0.999611 0.116155
0.971449 0.127017
0.973727 0.172646
0.975718 0.203708
0.987561 0.184000
0.999623 0.198551
0.982251 0.241674
0.904375 0.223603
0.792330 0.225893
0.892717 0.243520
0.999571 0.014207
0.999583 0.024984
0.999978 0.057256
0.999213 0.080633
0.981668 0.111878
0.999653 0.129033
0.986692 0.157699
0.971706 0.148131
0.999889 0.213558
0.999615 0.169649
0.999776 0.186068
0.881507 0.238982
0.923519 0.231580
0.818769 0.248656
0.825625 0.241262
