0.000621 0.024003
0.000655 0.054433
0.000856 0.088528
0.000078 0.126163
0.000952 0.140554
0.002226 0.276659
0.000629 0.180978
0.000277 0.198488
0.009308 0.282055
0.034369 0.289167
0.107619 0.289331
0.045429 0.272385
0.077631 0.303648
0.149761 0.261351
0.000033 0.013558
0.000468 0.033634
0.000908 0.065405
0.021501 0.080200
0.030476 0.154918
0.002967 0.207574
0.000563 0.168781
0.017291 0.253793
0.000511 0.230046
0.000345 0.246089
0.020539 0.286118
0.029598 0.262758
0.093021 0.266891
0.099649 0.282828
0.150140 0.238291
0.000356 0.000148
0.000440 0.043635
0.000191 0.076399
0.000335 0.101394
0.000230 0.113248
0.014952 0.158039
0.000170 0.155414
0.019711 0.229404
0.000324 0.221696
0.036846 0.240843
0.049069 0.252075
0.072929 0.261766
0.061805 0.291454
0.130556 0.277518
0.002685 0.000186
0.023562 0.030465
0.021954 0.055443
0.019421 0.099885
0.013534 0.130643
0.034439 0.173785
0.046374 0.150488
0.024799 0.199067
0.030077 0.218026
0.052266 0.200581
0.045893 0.223479
0.066432 0.250070
0.051537 0.293352
0.077651 0.297290
0.188178 0.257935
0.016187 0.000740
0.046503 0.042753
0.033429 0.045940
0.035582 0.094611
0.028996 0.116263
0.017437 0.184528
0.049401 0.166392
0.040532 0.190760
0.067080 0.211616
0.097249 0.204541
0.060882 0.227551
0.134048 0.239956
0.081167 0.241853
0.168392 0.260484
0.034491 0.000923
0.025532 0.000276
0.051433 0.060981
0.032361 0.068099
0.031388 0.136393
0.045043 0.108194
0.046579 0.124886
0.058472 0.138060
0.057833 0.180895
0.070057 0.187827
0.086207 0.193079
0.082125 0.219177
0.117521 0.235439
0.107891 0.259321
0.211458 0.252376
0.043474 0.000503
0.035893 0.025882
0.046315 0.079410
0.058666 0.091675
0.061431 0.111436
0.072170 0.129311
0.067623 0.155891
0.081978 0.156056
0.083217 0.174427
0.107178 0.185153
0.099039 0.223503
0.096476 0.242445
0.118394 0.217825
0.121264 0.281729
0.052813 0.000637
0.052854 0.024392
0.061752 0.039782
0.068173 0.058953
0.066729 0.075697
0.075669 0.093998
0.079200 0.112032
0.086228 0.137141
0.097548 0.149372
0.102031 0.169909
0.116791 0.198798
0.134126 0.194526
0.135126 0.213177
0.185061 0.202751
0.179720 0.250102
0.062030 0.000369
0.071961 0.024408
0.078338 0.043791
0.083191 0.068766
0.090424 0.088234
0.094907 0.108086
0.099882 0.123795
0.113280 0.131805
0.112620 0.152490
0.120872 0.168976
0.133970 0.173910
0.154895 0.226109
0.125505 0.258985
0.167907 0.211487
0.071051 0.001063
0.079916 0.000372
0.087505 0.026538
0.091978 0.048916
0.097574 0.065170
0.104400 0.082940
0.111001 0.098536
0.117874 0.113465
0.126985 0.141565
0.137988 0.152156
0.151073 0.159662
0.149434 0.201058
0.195980 0.215586
0.190802 0.229429
0.224183 0.270402
0.088860 0.001128
0.101648 0.026246
0.108009 0.043042
0.114832 0.061066
0.120391 0.076386
0.127311 0.090676
0.136008 0.102373
0.132557 0.121156
0.144208 0.131785
0.169143 0.151558
0.150421 0.181898
0.178074 0.168349
0.172388 0.190245
0.207398 0.272735
0.097595 0.000328
0.115134 0.001037
0.116509 0.026591
0.123857 0.043435
0.132866 0.060408
0.139705 0.075827
0.149455 0.086795
0.149288 0.110643
0.161601 0.117834
0.158006 0.139552
0.190464 0.150198
0.164336 0.176829
0.219994 0.187982
0.211607 0.231757
0.199575 0.269149
0.106347 0.000439
0.131584 0.024889
0.140177 0.039901
0.150123 0.052197
0.155112 0.066863
0.169097 0.079339
0.162852 0.094278
0.176109 0.103837
0.174809 0.123208
0.179346 0.139474
0.196886 0.162543
0.191571 0.183256
0.213441 0.208888
0.173606 0.228628
0.123740 0.000908
0.149771 0.000400
0.147455 0.025745
0.164359 0.041625
0.170427 0.058575
0.182672 0.069249
0.186257 0.088169
0.191794 0.106213
0.192203 0.125132
0.207676 0.128183
0.206700 0.146851
0.210682 0.172548
0.235152 0.189947
0.229756 0.226470
0.235071 0.256888
0.132458 0.000368
0.161709 0.026810
0.181037 0.040657
0.191057 0.054519
0.199102 0.071532
0.203327 0.089966
0.208227 0.107699
0.221465 0.117313
0.223820 0.134365
0.222391 0.152502
0.226835 0.168673
0.201662 0.192998
0.244718 0.205458
0.251413 0.219644
0.141194 0.000334
0.183761 0.000541
0.177437 0.023872
0.200683 0.040048
0.215687 0.074945
0.219577 0.092590
0.232527 0.101229
0.241698 0.134700
0.239640 0.151547
0.256446 0.141782
0.245910 0.166621
0.249371 0.182252
0.269139 0.229314
0.250816 0.239456
0.228184 0.243660
0.158319 0.000489
0.193239 0.025300
0.209087 0.056452
0.230715 0.071311
0.239195 0.085417
0.250032 0.101108
0.238806 0.117440
0.267313 0.130896
0.263535 0.159385
0.265034 0.176289
0.278028 0.186303
0.225472 0.213458
0.250091 0.275999
0.236043 0.275808
0.166743 0.000232
0.209028 0.024856
0.218614 0.038014
0.224857 0.054557
0.250571 0.070041
0.257715 0.085796
0.255712 0.119112
0.286887 0.129257
0.276815 0.146801
0.282110 0.163559
0.293840 0.176066
0.260992 0.196726
0.267486 0.211570
0.257420 0.252909
0.261854 0.274608
0.175165 0.000998
0.235283 0.038095
0.241040 0.056458
0.268641 0.071867
0.276896 0.087975
0.267108 0.102599
0.293572 0.144036
0.310968 0.144953
0.300721 0.159823
0.306107 0.188784
0.287765 0.196871
0.282776 0.215268
0.281803 0.238355
0.300426 0.286885
0.192201 0.000447
0.226779 0.023116
0.251483 0.041206
0.260570 0.056570
0.294889 0.085887
0.286546 0.102042
0.276617 0.116069
0.327982 0.136995
0.321917 0.159547
0.340315 0.201245
0.325012 0.189008
0.303088 0.236790
0.296341 0.221642
0.303883 0.263197
0.309324 0.294778
0.200640 0.000078
0.244221 0.024045
0.268230 0.040055
0.285760 0.071405
0.305461 0.098874
0.298241 0.115044
0.307936 0.129279
0.335483 0.150618
0.314265 0.174065
0.322857 0.203975
0.304868 0.204515
0.320216 0.236407
0.276380 0.256373
0.277775 0.277838
0.209042 0.000330
0.259052 0.000872
0.259662 0.024996
0.278492 0.055603
0.314816 0.082603
0.325438 0.094453
0.315869 0.110851
0.326240 0.121580
0.349067 0.160523
0.334952 0.171080
0.347917 0.226911
0.339528 0.216558
0.317916 0.221507
0.327030 0.273505
0.293221 0.251914
0.217303 0.000187
0.275393 0.024407
0.285072 0.038989
0.303752 0.070232
0.332774 0.079699
0.336302 0.107360
0.344601 0.125768
0.350217 0.139455
0.357386 0.173623
0.359955 0.196861
0.364339 0.230378
0.334003 0.240641
0.339250 0.252232
0.285942 0.285588
0.225680 0.000691
0.291939 0.000380
0.291988 0.023615
0.295548 0.055877
0.320131 0.065709
0.345773 0.093362
0.351798 0.111502
0.365658 0.128719
0.364120 0.146082
0.397233 0.169376
0.370292 0.184120
0.344863 0.185389
0.362286 0.244437
0.382600 0.241150
0.318571 0.261951
0.234112 0.000734
0.309580 0.023021
0.300970 0.037968
0.311865 0.051684
0.349359 0.077959
0.363265 0.098865
0.369534 0.113323
0.381163 0.142409
0.370911 0.158823
0.392154 0.206574
0.363054 0.210807
0.399765 0.234060
0.319840 0.296866
0.346556 0.267779
0.242467 0.000741
0.316606 0.000545
0.317915 0.034994
0.329337 0.047204
0.335741 0.062322
0.365291 0.082869
0.383951 0.106686
0.382823 0.126633
0.379344 0.170046
0.414160 0.171705
0.390540 0.184356
0.378631 0.198282
0.399033 0.255062
0.337914 0.290034
0.365991 0.258255
0.250805 0.000199
0.328664 0.022495
0.347498 0.046778
0.352170 0.062414
0.367816 0.066461
0.380438 0.090749
0.397547 0.117384
0.393271 0.153113
0.410978 0.156372
0.419177 0.185820
0.378560 0.221521
0.411669 0.241683
0.361417 0.292853
0.383539 0.262659
0.267326 0.000908
0.341104 0.001104
0.338175 0.032858
0.365855 0.049709
0.381856 0.055410
0.382438 0.074319
0.398873 0.100689
0.399212 0.133843
0.411336 0.142589
0.430312 0.163141
0.431419 0.197430
0.396300 0.219582
0.432394 0.240404
0.383220 0.279584
0.421496 0.257434
0.275480 0.000679
0.349145 0.022531
0.358035 0.033986
0.395309 0.062109
0.396193 0.084083
0.412945 0.089870
0.433107 0.123343
0.413831 0.120365
0.423211 0.134804
0.431851 0.148151
0.404050 0.191846
0.360087 0.276864
0.454602 0.344950
0.375739 0.301727
0.283700 0.000144
0.365462 0.000101
0.391447 0.043206
0.376234 0.036526
0.410636 0.057740
0.431688 0.091842
0.416091 0.104932
0.450905 0.112994
0.448715 0.128240
0.448085 0.169162
0.435919 0.178597
0.439050 0.209265
0.427708 0.228339
0.413396 0.203315
0.390421 0.292709
0.300205 0.000927
0.368875 0.023210
0.408842 0.042062
0.426576 0.047621
0.407851 0.073079
0.425890 0.078576
0.431848 0.108106
0.448168 0.141290
0.451443 0.154630
0.448950 0.191118
0.444743 0.220551
0.467566 0.266585
0.348977 0.297707
0.406407 0.266949
0.308445 0.001087
0.385999 0.022362
0.420910 0.031937
0.425574 0.063385
0.442478 0.069847
0.482725 0.100732
0.466876 0.122379
0.447550 0.099178
0.467450 0.106975
0.457171 0.204337
0.474098 0.207500
0.465992 0.221296
0.455124 0.233186
0.442974 0.264846
0.417944 0.217846
0.324834 0.000021
0.397920 0.029621
0.430588 0.022057
0.439145 0.036192
0.460924 0.062778
0.447534 0.083589
0.485129 0.117214
0.490328 0.144842
0.470740 0.165077
0.460451 0.177935
0.470179 0.189240
0.461988 0.248794
0.404462 0.317055
0.416487 0.277925
0.333014 0.000367
0.405885 0.000251
0.409597 0.021394
0.447258 0.022550
0.441280 0.054874
0.462276 0.077190
0.464857 0.092720
0.484868 0.132175
0.467486 0.137541
0.483846 0.175409
0.485229 0.195868
0.435589 0.275759
0.464782 0.279105
0.411801 0.291122
0.420348 0.323908
0.349283 0.000754
0.464786 0.021866
0.455183 0.049837
0.479242 0.083468
0.494230 0.089401
0.508566 0.138256
0.489198 0.159863
0.471238 0.151111
0.479340 0.255154
0.445646 0.250649
0.476079 0.237416
0.479629 0.290490
0.415946 0.387044
0.389040 0.310549
0.357387 0.000334
0.413872 0.000482
0.478446 0.000231
0.480922 0.022642
0.456129 0.034977
0.510784 0.085241
0.501293 0.124105
0.498608 0.106299
0.493394 0.210995
0.503287 0.168009
0.448828 0.313627
0.489835 0.276282
0.437577 0.304359
0.443117 0.289659
0.490993 0.357674
0.373559 0.000787
0.462343 0.000767
0.471308 0.037624
0.475793 0.052802
0.531084 0.139706
0.531925 0.155098
0.509558 0.151520
0.505880 0.199004
0.493394 0.248454
0.439942 0.339338
0.436094 0.326111
0.391631 0.382687
0.412769 0.305012
0.459200 0.296078
0.381671 0.000019
0.454255 0.000698
0.486391 0.000500
0.509221 0.021004
0.526957 0.060938
0.538795 0.200611
0.522851 0.192831
0.515995 0.179632
0.627766 0.661559
0.410965 0.420817
0.442331 0.443634
0.905982 0.422746
0.589676 0.404856
0.396199 0.399896
0.429656 0.368271
0.421988 0.000100
0.470415 0.000287
0.602250 0.034345
0.492417 0.058880
0.486524 0.039541
0.518316 0.209861
0.507664 0.222468
0.498402 0.184657
0.506626 0.285406
0.485133 0.223774
0.458770 0.373889
0.417797 0.393633
0.446647 0.361149
0.431311 0.359867
0.397783 0.001306
0.438078 0.001018
0.510334 0.000239
0.494649 0.025789
0.637965 0.642582
0.513920 0.098486
0.607733 0.388244
0.501046 0.235692
0.464853 0.325788
0.490709 0.304166
0.904048 0.425934
0.622267 0.386373
0.624729 0.389514
0.443221 0.444981
0.388592 0.387166
0.534431 0.000823
0.502212 0.000655
0.430012 0.000447
0.156263 0.265504
0.509194 0.059071
0.521582 0.128829
0.472722 0.310838
0.642277 0.649348
0.576768 0.402962
0.478519 0.454882
0.892217 0.410860
0.601445 0.397380
0.466190 0.451943
0.470381 0.417847
0.598412 0.000506
0.550420 0.000024
0.389807 0.000740
0.494248 0.000460
0.541524 0.022538
0.495721 0.073709
0.514651 0.113829
0.538866 0.183895
0.517154 0.297654
0.503119 0.398251
0.476350 0.337715
0.464356 0.397504
0.508309 0.407861
0.460735 0.428031
0.554889 0.417136
0.590427 0.000651
0.518485 0.000581
0.446243 0.001206
0.510907 0.034551
0.477846 0.067715
0.890298 0.425987
0.411306 0.421029
0.470318 0.377779
0.484585 0.429141
0.626624 0.651821
0.459731 0.403502
0.485205 0.449178
0.568051 0.415483
0.527180 0.365994
0.614458 0.000442
0.566461 0.000346
0.524823 0.023204
0.526478 0.000729
0.515848 0.072776
0.521414 0.045326
0.530373 0.090078
0.519454 0.163796
0.538183 0.169714
0.501612 0.265095
0.519326 0.275295
0.487642 0.372808
0.555145 0.409916
0.506434 0.429405
0.550081 0.285242
0.630560 0.001299
0.542433 0.000405
0.548821 0.036977
0.533272 0.035407
0.500651 0.045362
0.531287 0.105592
0.547756 0.145658
0.552319 0.159650
0.559863 0.174281
0.517044 0.241768
0.479697 0.350015
0.525708 0.335063
0.509889 0.423329
0.510828 0.386558
0.638651 0.000173
0.558425 0.001178
0.572485 0.022447
0.566329 0.037248
0.556603 0.050787
0.534950 0.120216
0.549683 0.130262
0.564307 0.140487
0.556044 0.187675
0.516934 0.260334
0.537501 0.292327
0.538095 0.305836
0.504410 0.371685
0.534940 0.255213
0.511821 0.335130
0.654740 0.001027
0.590238 0.022174
0.583015 0.034233
0.557226 0.022911
0.538500 0.052005
0.533496 0.075176
0.546718 0.098323
0.549917 0.114807
0.571418 0.164995
0.546361 0.226880
0.541175 0.270117
0.526672 0.230581
0.511111 0.311430
0.491740 0.330319
0.662776 0.000410
0.574470 0.000306
0.608721 0.021677
0.547952 0.066354
0.576946 0.050364
0.564951 0.062674
0.548946 0.082690
0.563347 0.092684
0.567823 0.123798
0.581946 0.178078
0.556277 0.203122
0.543440 0.243982
0.585963 0.282605
0.585476 0.319271
0.598059 0.316654
0.678916 0.000868
0.582444 0.000111
0.606429 0.000333
0.593366 0.046594
0.565553 0.077245
0.580340 0.100259
0.565046 0.107806
0.574404 0.150982
0.590843 0.161054
0.574568 0.192450
0.534101 0.216917
0.556769 0.262882
0.543943 0.331714
0.527639 0.367358
0.686998 0.000655
0.622507 0.000493
0.625727 0.022407
0.612405 0.050662
0.581966 0.065714
0.580613 0.082943
0.582964 0.115726
0.581042 0.134206
0.593564 0.144886
0.607917 0.157896
0.558867 0.218805
0.574324 0.207787
0.575181 0.228879
0.585215 0.246702
0.621676 0.310333
0.703184 0.000623
0.637855 0.034521
0.625707 0.062741
0.618983 0.036130
0.598386 0.060800
0.595857 0.076940
0.596099 0.093738
0.596995 0.127714
0.612929 0.192386
0.599835 0.175295
0.587770 0.218415
0.567688 0.279747
0.499844 0.320497
0.571356 0.314505
0.711400 0.000095
0.646722 0.000133
0.644655 0.021966
0.631268 0.047907
0.611910 0.069743
0.611727 0.086267
0.598596 0.110194
0.612844 0.124181
0.610713 0.141510
0.619397 0.206794
0.595300 0.190191
0.596431 0.234340
0.562106 0.240217
0.569718 0.254606
0.588164 0.266104
0.719472 0.000105
0.656734 0.029287
0.649381 0.045863
0.641384 0.063970
0.628700 0.078577
0.611868 0.103793
0.626056 0.114965
0.627735 0.146872
0.616597 0.174811
0.597117 0.206279
0.632258 0.275303
0.602662 0.259756
0.574569 0.293331
0.537496 0.322547
0.735853 0.001017
0.670853 0.000380
0.669904 0.021889
0.665549 0.044088
0.657315 0.061321
0.649780 0.077492
0.626369 0.095790
0.629639 0.130773
0.626119 0.160982
0.630962 0.186843
0.644867 0.217386
0.655868 0.201785
0.613523 0.274230
0.601300 0.303760
0.648477 0.304022
0.743970 0.000032
0.688448 0.024439
0.677586 0.035564
0.675688 0.056332
0.668610 0.072451
0.642150 0.090470
0.640874 0.106736
0.646016 0.156445
0.638821 0.171613
0.636769 0.200676
0.607889 0.219702
0.563339 0.317574
0.663101 0.250691
0.630166 0.292426
0.752168 0.000085
0.695091 0.000260
0.703466 0.023147
0.691258 0.042158
0.688288 0.063024
0.661680 0.089271
0.657070 0.105536
0.645355 0.123430
0.645917 0.140616
0.660168 0.173140
0.629116 0.220897
0.645834 0.236635
0.610954 0.246553
0.677491 0.296560
0.630268 0.311778
0.760443 0.001083
0.719435 0.024391
0.707552 0.037607
0.701811 0.055020
0.682332 0.080530
0.676171 0.096073
0.661321 0.124013
0.663219 0.155397
0.650046 0.185895
0.681913 0.206796
0.605943 0.287241
0.627141 0.257653
0.707328 0.292069
0.684873 0.273269
0.768697 0.000287
0.727571 0.000994
0.738598 0.022305
0.719372 0.051074
0.698419 0.077237
0.693079 0.095433
0.672974 0.111448
0.663751 0.139562
0.674834 0.171799
0.620796 0.234601
0.685587 0.188063
0.660524 0.228251
0.675650 0.238556
0.659344 0.300372
0.668114 0.278224
0.785231 0.000629
0.757832 0.024990
0.727137 0.035690
0.712576 0.067086
0.709890 0.090105
0.690325 0.113694
0.680995 0.127935
0.681424 0.144174
0.669572 0.191859
0.705327 0.218863
0.702730 0.237623
0.639500 0.248964
0.679300 0.258163
0.651380 0.263703
0.793582 0.000896
0.773218 0.023552
0.745724 0.033996
0.738892 0.049133
0.722031 0.080346
0.706294 0.107224
0.721269 0.117916
0.705101 0.124846
0.684710 0.159340
0.700640 0.155440
0.668267 0.215386
0.685941 0.225634
0.715023 0.258292
0.754554 0.255664
0.702586 0.270975
0.801878 0.000646
0.781021 0.039283
0.756336 0.050812
0.730806 0.063615
0.737218 0.081887
0.724479 0.100587
0.737771 0.113498
0.697377 0.137593
0.725405 0.178454
0.727532 0.219192
0.720670 0.233415
0.697316 0.251364
0.687487 0.294384
0.651400 0.280317
0.818695 0.001181
0.776941 0.000239
0.790032 0.024076
0.766394 0.040652
0.764806 0.064219
0.747391 0.066715
0.742331 0.097037
0.723976 0.134284
0.711960 0.167828
0.694807 0.175436
0.709918 0.186984
0.744257 0.204532
0.759474 0.223276
0.728168 0.279103
0.716545 0.289166
0.827049 0.000105
0.806783 0.023607
0.798154 0.038570
0.785950 0.054148
0.773336 0.086503
0.756201 0.081164
0.740874 0.130493
0.739382 0.148284
0.714257 0.145916
0.740557 0.173152
0.715214 0.205370
0.748997 0.189591
0.739605 0.265045
0.726887 0.247817
0.835501 0.000183
0.810258 0.000867
0.823312 0.024587
0.805765 0.054306
0.778481 0.067390
0.787171 0.100862
0.759677 0.097915
0.754778 0.116624
0.757052 0.135617
0.698034 0.202237
0.729395 0.194371
0.743814 0.222233
0.777915 0.215652
0.760514 0.282925
0.745465 0.281573
0.852440 0.000922
0.838651 0.024547
0.814787 0.039443
0.797620 0.069313
0.789572 0.082927
0.809809 0.086143
0.772098 0.108538
0.771257 0.125820
0.728085 0.158816
0.751793 0.162149
0.761388 0.179404
0.776149 0.191841
0.745823 0.239962
0.780824 0.231483
0.861012 0.000516
0.844003 0.000337
0.853061 0.025087
0.831776 0.040772
0.824401 0.057394
0.815357 0.070907
0.803295 0.100216
0.790872 0.118138
0.786524 0.134380
0.761289 0.150282
0.772197 0.165708
0.786482 0.184923
0.791509 0.205603
0.764174 0.204032
0.768221 0.242758
0.878406 0.000706
0.867788 0.023695
0.847955 0.041892
0.840803 0.058426
0.832038 0.075554
0.827237 0.092240
0.821268 0.107065
0.807865 0.118551
0.801081 0.140019
0.780008 0.148371
0.788754 0.165034
0.803432 0.192142
0.813738 0.208582
0.827515 0.278399
0.887214 0.000828
0.869748 0.000108
0.883307 0.024751
0.864232 0.041648
0.855278 0.061941
0.848958 0.078601
0.845754 0.095752
0.837916 0.109567
0.830095 0.126328
0.817205 0.134010
0.803544 0.157125
0.821276 0.167638
0.846325 0.210885
0.810782 0.257174
0.770172 0.277815
0.895981 0.000516
0.896201 0.026134
0.879915 0.041938
0.871997 0.058341
0.871734 0.075115
0.861844 0.087567
0.863652 0.106353
0.853241 0.118845
0.844797 0.132955
0.837392 0.146718
0.821002 0.150479
0.806140 0.176714
0.831642 0.208732
0.804356 0.221760
0.904661 0.000448
0.913624 0.000089
0.910746 0.025252
0.895486 0.043570
0.888732 0.061017
0.888770 0.077930
0.879217 0.094524
0.879249 0.113917
0.870077 0.127919
0.861996 0.141264
0.858125 0.156033
0.843850 0.165166
0.823012 0.188718
0.854964 0.251482
0.772863 0.263855
0.922563 0.000596
0.925811 0.023053
0.910905 0.045156
0.906166 0.064108
0.901357 0.086489
0.894185 0.103859
0.892603 0.123318
0.885585 0.139860
0.876718 0.152321
0.869650 0.170112
0.857294 0.180444
0.864642 0.206996
0.848360 0.192422
0.823980 0.225011
0.931734 0.000925
0.938508 0.031672
0.925894 0.041222
0.920999 0.061122
0.915420 0.080486
0.909983 0.103131
0.909023 0.124667
0.903020 0.142193
0.898207 0.158427
0.887249 0.172839
0.893163 0.190519
0.872155 0.188798
0.834415 0.177361
0.844259 0.228444
0.788832 0.256061
0.940449 0.000364
0.947323 0.046629
0.935493 0.058425
0.932178 0.080838
0.925926 0.098191
0.923787 0.118270
0.918520 0.149074
0.917959 0.167162
0.904064 0.176847
0.909421 0.197401
0.898963 0.211536
0.882640 0.206193
0.880308 0.227143
0.798281 0.275417
0.949593 0.000246
0.951370 0.022702
0.960878 0.036351
0.945927 0.073330
0.944292 0.096727
0.939869 0.115232
0.928765 0.133831
0.933788 0.158786
0.936611 0.178241
0.923007 0.188224
0.931536 0.207323
0.900156 0.231854
0.914400 0.244502
0.840258 0.245769
0.887785 0.243333
0.958713 0.000242
0.970925 0.023266
0.957448 0.063331
0.957759 0.084634
0.961676 0.142538
0.962874 0.173443
0.950595 0.160112
0.944894 0.206570
0.950149 0.225088
0.929019 0.228568
0.915439 0.219941
0.903114 0.258724
0.864681 0.224694
0.879595 0.281495
0.967789 0.000350
0.986854 0.000570
0.979964 0.033579
0.972846 0.096435
0.960394 0.107818
0.954154 0.123965
0.949773 0.188393
0.964889 0.197474
0.965484 0.216166
0.945252 0.246016
0.964333 0.273541
0.958872 0.303384
0.869560 0.282507
0.870918 0.248015
0.808095 0.275995
0.976981 0.000818
0.969257 0.049188
0.970935 0.072152
0.979228 0.115938
0.969499 0.126924
0.943647 0.140174
0.970701 0.235265
0.962581 0.249739
0.999825 0.260132
0.949791 0.269164
0.998952 0.301346
0.933073 0.251696
0.889786 0.267804
0.796195 0.239843
0.999588 0.000803
0.999300 0.036380
0.981088 0.060372
0.983685 0.087910
0.999221 0.104592
0.984653 0.162742
0.999813 0.142134
0.999606 0.155071
0.979738 0.275779
0.999346 0.267837
0.981975 0.304099
0.965108 0.304970
0.931714 0.292358
0.998992 0.232577
0.831751 0.263125
0.999737 0.001371
0.999502 0.046694
0.999606 0.069336
0.999137 0.092972
0.999377 0.116429
0.970042 0.157858
0.979550 0.209255
0.987863 0.257295
0.988112 0.237539
0.999493 0.203657
0.998675 0.298153
0.926641 0.267892
0.815491 0.241160
0.916207 0.287501
0.999813 0.015880
0.999813 0.026295
0.999799 0.058074
0.999182 0.080800
0.984309 0.139038
0.999638 0.128984
0.992610 0.193283
0.977561 0.180335
0.999452 0.217649
0.999617 0.168740
0.999467 0.187154
0.909362 0.279472
0.944927 0.293413
0.842952 0.276780
0.860199 0.271779
