0.000236 0.024174
0.000190 0.054560
0.000530 0.088541
0.000704 0.126107
0.000141 0.140526
0.000538 0.280935
0.000336 0.181074
0.000102 0.197924
0.006903 0.285882
0.032614 0.294218
0.105534 0.293360
0.043416 0.277084
0.075781 0.309131
0.147055 0.264590
0.001118 0.013718
0.000319 0.033851
0.000659 0.065558
0.021488 0.080611
0.030794 0.157059
0.001265 0.210572
0.000965 0.168854
0.015997 0.259025
0.000307 0.231351
0.000495 0.247088
0.018755 0.290313
0.027730 0.267440
0.090796 0.271654
0.097449 0.286809
0.148102 0.241965
0.000154 0.000365
0.000079 0.043803
0.000258 0.076536
0.000594 0.101303
0.000156 0.113220
0.015047 0.160187
0.000295 0.155283
0.019677 0.234011
0.000502 0.221473
0.035752 0.245577
0.047301 0.256085
0.071234 0.266681
0.060006 0.296261
0.129298 0.281631
0.002639 0.000261
0.023311 0.030602
0.022044 0.055961
0.019943 0.101626
0.013551 0.132319
0.033607 0.177724
0.046459 0.152113
0.024046 0.202705
0.029174 0.222049
0.051185 0.204293
0.045050 0.227507
0.064355 0.254735
0.048919 0.298360
0.076732 0.302337
0.184872 0.262345
0.016025 0.000971
0.046195 0.043491
0.032803 0.046115
0.035484 0.095406
0.028677 0.118443
0.016324 0.187680
0.048852 0.169619
0.039359 0.194161
0.065515 0.215236
0.095808 0.207825
0.059877 0.231464
0.132059 0.243428
0.079623 0.245523
0.165235 0.265552
0.034383 0.000663
0.025443 0.000796
0.050864 0.061893
0.032143 0.068962
0.030843 0.138806
0.044557 0.110073
0.045775 0.126599
0.057861 0.140453
0.056466 0.183989
0.069099 0.191205
0.085096 0.196094
0.081169 0.222483
0.116531 0.239293
0.106157 0.263033
0.209318 0.254751
0.043390 0.000287
0.035579 0.025555
0.045816 0.079796
0.057616 0.093015
0.060798 0.113379
0.070817 0.130895
0.066707 0.157883
0.080805 0.158567
0.081839 0.177074
0.105733 0.188134
0.097306 0.227458
0.094935 0.246049
0.116436 0.221563
0.119355 0.285311
0.052632 0.000362
0.052436 0.024605
0.061787 0.040139
0.067844 0.060066
0.066006 0.076666
0.074876 0.094943
0.077600 0.113525
0.085302 0.139053
0.096251 0.151515
0.100275 0.172421
0.115320 0.201848
0.132201 0.197167
0.133377 0.216462
0.182633 0.205484
0.176929 0.252523
0.061854 0.000756
0.071415 0.024394
0.077830 0.043745
0.081991 0.069560
0.089021 0.088957
0.093483 0.109268
0.098329 0.124913
0.112130 0.133072
0.111830 0.154791
0.119219 0.171312
0.132326 0.175693
0.153663 0.228896
0.123388 0.262181
0.165767 0.213723
0.070839 0.000774
0.079787 0.000347
0.086713 0.026778
0.091382 0.049317
0.096901 0.065848
0.103199 0.083271
0.109492 0.099488
0.116060 0.114509
0.125583 0.143293
0.136276 0.154177
0.149422 0.161181
0.147498 0.204307
0.194056 0.218499
0.188162 0.231891
0.219242 0.273004
0.088646 0.000412
0.100649 0.026319
0.107302 0.042855
0.113797 0.061562
0.119395 0.076880
0.126160 0.091535
0.134505 0.103416
0.130983 0.122391
0.142587 0.133452
0.167427 0.153474
0.148451 0.184629
0.176608 0.169406
0.170268 0.192291
0.204030 0.276429
0.097497 0.000131
0.114979 0.000709
0.115562 0.026448
0.122861 0.043666
0.131787 0.060385
0.138339 0.076224
0.147739 0.087350
0.147804 0.111568
0.159715 0.118902
0.156408 0.141170
0.188387 0.150973
0.162013 0.179361
0.217867 0.189994
0.207228 0.234296
0.195442 0.271672
0.106258 0.001186
0.130668 0.025137
0.139516 0.040245
0.148997 0.052375
0.153796 0.067151
0.167761 0.079533
0.161111 0.094630
0.174287 0.104487
0.173132 0.124180
0.177337 0.140563
0.194580 0.164368
0.189412 0.185154
0.210350 0.211545
0.171793 0.232282
0.123608 0.000313
0.149648 0.000439
0.146231 0.025735
0.163045 0.041297
0.168833 0.058417
0.181074 0.069350
0.184243 0.088491
0.190098 0.107111
0.190503 0.125867
0.206314 0.129086
0.204905 0.147911
0.208924 0.174149
0.233142 0.191452
0.227086 0.228044
0.231781 0.258502
0.132364 0.000686
0.160556 0.026698
0.179892 0.040353
0.189210 0.054441
0.197690 0.071429
0.201306 0.090660
0.206699 0.108029
0.219776 0.117895
0.221953 0.135642
0.220995 0.153742
0.224592 0.170586
0.198991 0.194744
0.242076 0.206777
0.248761 0.221155
0.141127 0.000322
0.183690 0.000739
0.176120 0.023989
0.199124 0.040160
0.213867 0.075285
0.218129 0.092840
0.230916 0.101867
0.240163 0.136049
0.237290 0.152683
0.254182 0.142457
0.243751 0.167927
0.246898 0.183290
0.265264 0.231226
0.247711 0.240800
0.224142 0.245739
0.158209 0.000908
0.191989 0.025254
0.207535 0.056419
0.229024 0.071267
0.237553 0.085666
0.248333 0.101786
0.236968 0.118137
0.265525 0.131890
0.261611 0.159765
0.262728 0.177311
0.275505 0.187407
0.223235 0.216099
0.246380 0.278165
0.232525 0.277054
0.166657 0.000095
0.207704 0.024636
0.217127 0.038145
0.223214 0.054634
0.249080 0.070304
0.256141 0.086232
0.254096 0.119312
0.285086 0.129857
0.274474 0.147934
0.279838 0.164406
0.291373 0.176589
0.259175 0.197925
0.264707 0.212864
0.254295 0.254349
0.257200 0.276211
0.175029 0.000121
0.233655 0.038216
0.239596 0.056631
0.266583 0.071918
0.275119 0.088122
0.265454 0.103005
0.291461 0.145032
0.309111 0.145525
0.298642 0.160430
0.303924 0.189608
0.285353 0.197978
0.280110 0.216494
0.278692 0.239772
0.296791 0.287920
0.192103 0.000471
0.225171 0.022959
0.249761 0.041277
0.258854 0.056413
0.293211 0.086139
0.284758 0.102522
0.274798 0.116475
0.326112 0.137052
0.319734 0.159882
0.338095 0.201374
0.322595 0.189124
0.300316 0.238504
0.293486 0.222356
0.300067 0.264631
0.305159 0.296216
0.200585 0.000133
0.242558 0.024057
0.266572 0.039847
0.283658 0.071374
0.303738 0.099084
0.296004 0.115584
0.305723 0.129771
0.333742 0.150963
0.311942 0.174555
0.320516 0.204511
0.302288 0.205773
0.316582 0.237631
0.272950 0.258303
0.274217 0.279112
0.208959 0.000406
0.258956 0.000330
0.257891 0.024932
0.276758 0.055512
0.312986 0.082531
0.323655 0.094774
0.313857 0.111153
0.324332 0.121692
0.348042 0.160635
0.332973 0.170971
0.344856 0.227298
0.336370 0.216895
0.315213 0.221559
0.323146 0.273223
0.289727 0.253585
0.217228 0.000686
0.273675 0.024369
0.283318 0.038990
0.301939 0.070368
0.331046 0.079881
0.334794 0.107543
0.342969 0.126172
0.348381 0.139641
0.355368 0.173919
0.357759 0.196947
0.362468 0.229608
0.331539 0.240787
0.336511 0.252538
0.282242 0.287353
0.225616 0.000238
0.291872 0.000046
0.290031 0.023701
0.293684 0.056188
0.318392 0.065622
0.344097 0.093619
0.350088 0.111518
0.364023 0.128692
0.362783 0.145935
0.396257 0.168806
0.368608 0.184061
0.342785 0.185303
0.359193 0.244132
0.379266 0.239883
0.315343 0.261868
0.234020 0.000180
0.307565 0.022999
0.299226 0.038021
0.310090 0.051713
0.347747 0.077908
0.361943 0.098560
0.368217 0.113063
0.379686 0.142445
0.369780 0.158803
0.390758 0.205719
0.361039 0.210613
0.398094 0.233548
0.315676 0.297212
0.343929 0.268724
0.242396 0.000322
0.316497 0.000327
0.316190 0.034828
0.327539 0.046903
0.334055 0.062415
0.363731 0.082920
0.382660 0.106730
0.381507 0.126170
0.378014 0.169802
0.412855 0.171156
0.388784 0.184046
0.376175 0.198404
0.396603 0.254145
0.333763 0.290393
0.363560 0.258179
0.250749 0.000978
0.326686 0.022211
0.345677 0.046589
0.350465 0.062393
0.366584 0.066481
0.379330 0.090722
0.396601 0.117203
0.392193 0.152450
0.410530 0.155811
0.418091 0.185620
0.376741 0.221381
0.410316 0.240713
0.358287 0.292846
0.380344 0.260831
0.267214 0.000452
0.341029 0.000195
0.336378 0.032670
0.364118 0.049663
0.380529 0.054996
0.380913 0.074170
0.397782 0.100643
0.397453 0.133669
0.410295 0.142132
0.429611 0.162896
0.430347 0.196876
0.394852 0.218461
0.430590 0.238851
0.379487 0.278189
0.420529 0.255571
0.275395 0.000438
0.347473 0.022329
0.356308 0.034061
0.393923 0.062005
0.395030 0.083869
0.411779 0.089740
0.432557 0.123499
0.413009 0.120277
0.422551 0.134730
0.431231 0.148149
0.402452 0.191043
0.356888 0.276730
0.453688 0.339133
0.371610 0.299371
0.283653 0.000424
0.365411 0.000216
0.390324 0.043202
0.374719 0.036627
0.409289 0.057578
0.430553 0.091882
0.415156 0.104733
0.450315 0.112688
0.447971 0.127851
0.447505 0.168975
0.434666 0.178082
0.437658 0.208355
0.426293 0.227122
0.412124 0.202816
0.386702 0.290679
0.300084 0.000367
0.367194 0.023033
0.407714 0.041955
0.425540 0.047536
0.406696 0.072945
0.424766 0.078497
0.430930 0.108244
0.447375 0.141083
0.451492 0.154440
0.448357 0.190646
0.443832 0.219612
0.466162 0.263764
0.344647 0.298055
0.403417 0.265035
0.308353 0.000461
0.384165 0.022385
0.419426 0.031672
0.424509 0.063312
0.441543 0.069769
0.482271 0.100851
0.466266 0.122238
0.446323 0.098915
0.466941 0.106906
0.456699 0.204110
0.473999 0.206510
0.465349 0.220049
0.454734 0.231849
0.441517 0.262751
0.416259 0.217286
0.324765 0.000662
0.396245 0.029411
0.429277 0.022297
0.438027 0.036087
0.460098 0.062702
0.446444 0.083226
0.484440 0.117099
0.489952 0.144498
0.470353 0.164581
0.459842 0.177561
0.469685 0.188618
0.461513 0.247639
0.400443 0.313533
0.414586 0.274983
0.332937 0.000341
0.405817 0.000836
0.408234 0.021324
0.446309 0.022648
0.440094 0.054615
0.461542 0.077423
0.464324 0.092782
0.484501 0.132074
0.466427 0.137393
0.483393 0.174949
0.485236 0.194546
0.432879 0.273097
0.462883 0.276125
0.408481 0.288026
0.417054 0.319584
0.349218 0.000819
0.464171 0.022058
0.454496 0.049917
0.478721 0.083529
0.494041 0.089329
0.508391 0.137861
0.488707 0.159552
0.470900 0.150625
0.478998 0.252752
0.444118 0.247950
0.476044 0.235896
0.479501 0.287013
0.415488 0.378672
0.384571 0.309294
0.357338 0.000120
0.413853 0.000956
0.478429 0.001020
0.480189 0.022713
0.455286 0.035146
0.510595 0.085087
0.500631 0.124032
0.498624 0.106489
0.493408 0.210269
0.503360 0.167223
0.447305 0.309459
0.489193 0.273485
0.434722 0.300570
0.441348 0.286342
0.492599 0.351155
0.373459 0.000411
0.462304 0.000485
0.470569 0.037547
0.475298 0.052840
0.531115 0.139601
0.532069 0.154674
0.509377 0.151355
0.505785 0.198298
0.493466 0.246348
0.437521 0.334131
0.433112 0.320382
0.391119 0.374206
0.409479 0.301278
0.458509 0.292349
0.381620 0.000731
0.454215 0.000425
0.486359 0.000783
0.509053 0.021340
0.527285 0.060959
0.539553 0.199840
0.522797 0.192030
0.516660 0.179164
0.628734 0.653981
0.410589 0.412070
0.442188 0.435286
0.908110 0.412794
0.589853 0.396038
0.395925 0.391336
0.428543 0.360986
0.421975 0.000722
0.470379 0.000098
0.603558 0.034263
0.492073 0.058791
0.486140 0.039459
0.518572 0.208776
0.507446 0.221179
0.498056 0.183405
0.506413 0.282564
0.484252 0.222793
0.458353 0.366466
0.417527 0.385557
0.446690 0.354024
0.429559 0.351580
0.397675 0.000974
0.438045 0.000257
0.510316 0.001050
0.494107 0.025473
0.638828 0.633736
0.513870 0.098500
0.608043 0.379347
0.501182 0.234506
0.463369 0.321581
0.491314 0.300322
0.906474 0.417378
0.622366 0.377547
0.625027 0.380496
0.442729 0.436488
0.388008 0.378625
0.534458 0.000180
0.502206 0.001333
0.429983 0.000815
0.154690 0.268355
0.509117 0.059107
0.521191 0.128917
0.472143 0.306377
0.643037 0.641467
0.577114 0.393655
0.478373 0.445900
0.895110 0.400937
0.601420 0.388117
0.466207 0.443345
0.470239 0.409712
0.598437 0.000158
0.550434 0.000167
0.389713 0.000391
0.494238 0.000156
0.542054 0.022526
0.495314 0.073743
0.514570 0.113902
0.539233 0.183642
0.518794 0.294406
0.502965 0.390214
0.475805 0.332179
0.464202 0.389289
0.508407 0.399735
0.460516 0.419542
0.555188 0.408286
0.590449 0.000193
0.518479 0.000885
0.446177 0.000442
0.510628 0.034829
0.477196 0.067778
0.894312 0.416690
0.410805 0.412581
0.469768 0.370372
0.484389 0.420856
0.627938 0.643631
0.459320 0.395646
0.484667 0.440700
0.569005 0.406609
0.527521 0.357546
0.614510 0.001120
0.566465 0.000882
0.524666 0.023029
0.526490 0.000492
0.515878 0.072826
0.521338 0.045128
0.530620 0.090214
0.519575 0.163419
0.538672 0.169262
0.501482 0.262750
0.520359 0.273247
0.487490 0.365954
0.555860 0.401334
0.506340 0.421137
0.552944 0.283738
0.630674 0.000878
0.542434 0.000300
0.549310 0.037137
0.533546 0.035368
0.500264 0.045450
0.531235 0.105795
0.548058 0.145304
0.552978 0.159591
0.560534 0.173911
0.517497 0.239998
0.479339 0.344004
0.526472 0.331332
0.509973 0.415311
0.511058 0.378783
0.638690 0.000343
0.558441 0.000697
0.573376 0.022657
0.567096 0.037284
0.557352 0.050770
0.535047 0.120495
0.549905 0.130103
0.564543 0.140748
0.556856 0.187105
0.517439 0.257955
0.538757 0.289700
0.540223 0.303809
0.505039 0.363772
0.534969 0.253371
0.513466 0.332238
0.654837 0.000580
0.591159 0.022136
0.584037 0.034283
0.557827 0.022878
0.539010 0.051617
0.533965 0.075117
0.546879 0.098451
0.550279 0.114939
0.572096 0.164768
0.547067 0.225904
0.542765 0.268667
0.527580 0.229589
0.512867 0.308003
0.493096 0.325926
0.662835 0.000243
0.574485 0.000376
0.609825 0.021707
0.548341 0.066065
0.577986 0.050362
0.565922 0.062631
0.549294 0.082641
0.563745 0.092858
0.568622 0.124031
0.583132 0.177902
0.557097 0.202655
0.544144 0.242648
0.588706 0.281744
0.588691 0.318905
0.600940 0.316338
0.678989 0.000653
0.582461 0.001190
0.606476 0.000302
0.594558 0.046583
0.565987 0.077291
0.581093 0.100416
0.565718 0.107929
0.575394 0.150993
0.591849 0.161028
0.575653 0.192108
0.534634 0.215997
0.558331 0.261221
0.546891 0.328823
0.527859 0.359387
0.687042 0.000990
0.622583 0.000600
0.627170 0.022628
0.613996 0.050672
0.582948 0.065968
0.581202 0.083081
0.583854 0.116155
0.581911 0.134593
0.594867 0.145113
0.609370 0.158285
0.560167 0.218403
0.575243 0.207269
0.576802 0.228378
0.586629 0.245914
0.624452 0.310322
0.703242 0.000606
0.639203 0.034622
0.627342 0.063189
0.620055 0.035972
0.599362 0.060812
0.597046 0.077236
0.596862 0.093746
0.598094 0.128014
0.614282 0.192366
0.601294 0.175217
0.589673 0.218441
0.569311 0.278538
0.500056 0.316799
0.575128 0.313641
0.711459 0.000902
0.646761 0.000288
0.646029 0.021944
0.632366 0.047845
0.612893 0.069634
0.613063 0.086607
0.599645 0.110352
0.613813 0.124080
0.612036 0.141631
0.621209 0.206796
0.596445 0.190118
0.598097 0.234105
0.563295 0.239521
0.571879 0.253918
0.590147 0.265555
0.719526 0.000008
0.658375 0.029284
0.650744 0.045586
0.643032 0.063659
0.630023 0.078523
0.613373 0.104040
0.627597 0.115320
0.629243 0.147216
0.618243 0.175034
0.598495 0.205790
0.635009 0.275532
0.604751 0.259706
0.577291 0.291757
0.539696 0.319693
0.735939 0.000692
0.670899 0.000190
0.671433 0.022065
0.667018 0.044097
0.658941 0.061250
0.651575 0.077489
0.627751 0.095813
0.630819 0.130994
0.627755 0.161394
0.632596 0.187356
0.646752 0.217707
0.658063 0.202185
0.616289 0.274277
0.604482 0.303715
0.651160 0.304583
0.744022 0.000354
0.689800 0.024299
0.679194 0.035686
0.677195 0.056217
0.670050 0.072575
0.643598 0.090543
0.642623 0.106876
0.647553 0.156737
0.640600 0.171798
0.638812 0.200948
0.609822 0.219912
0.566348 0.316031
0.665449 0.251454
0.632529 0.292534
0.752245 0.000570
0.695152 0.000963
0.704948 0.022998
0.693165 0.042019
0.689972 0.063030
0.663291 0.089428
0.658628 0.105867
0.646890 0.123894
0.647437 0.141139
0.661724 0.173781
0.631211 0.220832
0.648216 0.236442
0.613103 0.246380
0.680619 0.297259
0.633807 0.311986
0.760537 0.000069
0.721206 0.024073
0.709433 0.037279
0.703303 0.054845
0.684019 0.080474
0.677950 0.096464
0.662947 0.124339
0.664980 0.156073
0.651945 0.186405
0.684539 0.208007
0.609648 0.287040
0.629292 0.258028
0.710453 0.292838
0.687988 0.274258
0.768745 0.000683
0.727659 0.000350
0.740226 0.022202
0.720932 0.051104
0.700007 0.077213
0.694751 0.095873
0.674834 0.111592
0.665287 0.140057
0.676553 0.172778
0.623200 0.234607
0.687701 0.188849
0.663145 0.228786
0.678550 0.239111
0.661941 0.300784
0.671007 0.278787
0.785308 0.001106
0.759599 0.024902
0.728717 0.035805
0.714275 0.067170
0.711555 0.090344
0.692078 0.114192
0.682438 0.128223
0.682998 0.144708
0.671542 0.192598
0.707931 0.219633
0.705234 0.238878
0.641768 0.249521
0.681457 0.258849
0.653725 0.264404
0.793651 0.000364
0.774941 0.023453
0.747270 0.033761
0.740766 0.049007
0.723773 0.080542
0.707972 0.107781
0.723081 0.118399
0.706949 0.125614
0.686149 0.159866
0.702553 0.156239
0.670893 0.215768
0.688493 0.225848
0.717935 0.260157
0.757087 0.257424
0.705389 0.272708
0.801960 0.000651
0.782596 0.039234
0.758268 0.050792
0.732307 0.063715
0.739348 0.082208
0.726224 0.100886
0.739816 0.114133
0.699198 0.138263
0.727483 0.179140
0.730056 0.219883
0.723520 0.234845
0.699830 0.252281
0.690584 0.295597
0.654544 0.281104
0.818825 0.000298
0.776994 0.000722
0.791664 0.023979
0.768067 0.040360
0.766712 0.064162
0.749029 0.066386
0.744092 0.097446
0.725855 0.134965
0.713639 0.168481
0.696651 0.176185
0.711918 0.187425
0.746620 0.205272
0.761654 0.224909
0.731479 0.280615
0.720091 0.290058
0.827102 0.000403
0.808040 0.023682
0.799634 0.038813
0.787455 0.054316
0.775106 0.086867
0.758019 0.081131
0.742566 0.131269
0.741598 0.149295
0.715989 0.146767
0.742661 0.174228
0.717593 0.206490
0.751562 0.190737
0.742406 0.266542
0.729543 0.249356
0.835557 0.000901
0.810363 0.000267
0.824368 0.024486
0.807303 0.054482
0.780202 0.067809
0.788903 0.101110
0.761415 0.098241
0.756925 0.117208
0.758576 0.136187
0.700149 0.202938
0.731239 0.195484
0.746192 0.223637
0.780039 0.217430
0.763557 0.285130
0.749410 0.283790
0.852575 0.000249
0.839945 0.024542
0.816306 0.039338
0.799439 0.069335
0.791301 0.083311
0.811458 0.086485
0.774023 0.109316
0.773261 0.126623
0.729870 0.159406
0.754180 0.163148
0.763078 0.180534
0.778510 0.193206
0.748532 0.241680
0.783419 0.233409
0.861123 0.000904
0.844086 0.000807
0.854232 0.025067
0.833050 0.040745
0.825810 0.057430
0.817017 0.071165
0.805431 0.100925
0.792572 0.118824
0.788450 0.135465
0.763690 0.151294
0.774106 0.166559
0.788562 0.186357
0.794256 0.207453
0.766507 0.205204
0.770690 0.244763
0.878602 0.000610
0.868724 0.023713
0.849395 0.041923
0.842394 0.058639
0.833484 0.075777
0.828910 0.092644
0.822767 0.107530
0.809392 0.119384
0.802991 0.141108
0.781761 0.149773
0.790953 0.165761
0.805448 0.193680
0.816417 0.210238
0.830426 0.282084
0.887350 0.000164
0.869865 0.000736
0.884327 0.024919
0.865357 0.041961
0.856541 0.062242
0.850326 0.078962
0.847264 0.096269
0.839704 0.110648
0.831862 0.127234
0.818913 0.134908
0.805686 0.158175
0.823266 0.169331
0.848531 0.213602
0.814063 0.259918
0.774034 0.280117
0.896098 0.000104
0.897707 0.026195
0.881299 0.042350
0.873428 0.058669
0.872836 0.075462
0.863332 0.088294
0.865017 0.107001
0.854652 0.119819
0.846825 0.134396
0.839188 0.147984
0.822430 0.151757
0.807941 0.178125
0.834029 0.210713
0.805955 0.223539
0.904797 0.000910
0.913700 0.000571
0.911571 0.025511
0.896510 0.043814
0.890040 0.061475
0.889725 0.078428
0.880328 0.094985
0.880625 0.114863
0.871738 0.128932
0.863375 0.142743
0.859974 0.157446
0.845484 0.166587
0.825200 0.190635
0.857556 0.254900
0.775749 0.266922
0.922700 0.000585
0.926764 0.022872
0.911396 0.045306
0.907213 0.064876
0.902487 0.087239
0.895339 0.105016
0.893735 0.124521
0.887037 0.141257
0.878283 0.153890
0.871434 0.172451
0.858808 0.182301
0.866583 0.209406
0.849784 0.194363
0.826828 0.227663
0.931849 0.000558
0.939145 0.032171
0.926859 0.041263
0.922002 0.061677
0.916604 0.081264
0.910796 0.104296
0.910173 0.126197
0.903811 0.143822
0.899629 0.160497
0.887768 0.175098
0.894878 0.193351
0.874597 0.192069
0.836315 0.179171
0.846539 0.231257
0.792075 0.258455
0.940574 0.000217
0.947466 0.047136
0.935866 0.058878
0.932609 0.082023
0.926754 0.098899
0.925138 0.119325
0.919532 0.150846
0.918988 0.169829
0.905738 0.179372
0.911064 0.200157
0.900966 0.214857
0.883653 0.208854
0.881878 0.230776
0.800591 0.277408
0.949684 0.000619
0.951963 0.022414
0.961486 0.036488
0.946782 0.074437
0.945402 0.097345
0.940536 0.116947
0.929780 0.135831
0.934649 0.160737
0.937618 0.180515
0.924452 0.190948
0.932912 0.210218
0.902148 0.235596
0.916064 0.248150
0.843187 0.248356
0.889699 0.247247
0.958814 0.000007
0.971270 0.023340
0.957650 0.063730
0.958369 0.084793
0.962111 0.144346
0.963731 0.175949
0.951122 0.162043
0.946264 0.210177
0.951369 0.229134
0.930678 0.231946
0.917151 0.223326
0.905064 0.262878
0.867215 0.228392
0.881763 0.286324
0.967863 0.000431
0.986904 0.000610
0.980303 0.034486
0.972952 0.097556
0.960922 0.109216
0.954465 0.125811
0.950894 0.190967
0.965687 0.200940
0.965927 0.220018
0.947257 0.250702
0.965423 0.278826
0.960866 0.308782
0.871908 0.286946
0.873172 0.251522
0.810848 0.279096
0.977050 0.000074
0.969582 0.049669
0.970882 0.073349
0.979385 0.117353
0.969512 0.128528
0.944009 0.142341
0.971064 0.238613
0.963189 0.254524
0.999210 0.260006
0.951381 0.273664
0.998082 0.302939
0.934981 0.256188
0.892158 0.272081
0.798796 0.242297
0.999705 0.000621
0.999448 0.036491
0.980873 0.061325
0.983706 0.088737
0.999775 0.104723
0.985226 0.164652
0.999430 0.142137
0.999358 0.155117
0.980755 0.281424
0.999463 0.268857
0.983980 0.309272
0.967504 0.309161
0.933370 0.297117
0.999071 0.232486
0.834938 0.265518
0.999481 0.001419
0.999720 0.046840
0.999780 0.069288
0.999692 0.093113
0.999480 0.116451
0.970052 0.159831
0.980283 0.212784
0.988992 0.261381
0.989257 0.241521
0.999896 0.204285
0.999462 0.301567
0.928501 0.272410
0.818115 0.243438
0.917944 0.291927
0.999178 0.015942
0.999313 0.026352
0.999408 0.058056
0.999614 0.080688
0.984211 0.141224
0.999825 0.128833
0.992350 0.195827
0.977712 0.182893
0.998981 0.218341
0.999535 0.168800
0.999365 0.186684
0.910974 0.283895
0.946813 0.298654
0.845233 0.279858
0.862683 0.275592
