0.002216 0.015987
0.001249 0.051346
0.001194 0.085705
0.001228 0.120708
0.001182 0.155269
0.001196 0.189936
0.001194 0.224581
0.001172 0.259221
0.001118 0.293799
0.001101 0.328274
0.001167 0.363194
0.001152 0.397479
0.001355 0.432389
0.002114 0.467577
0.010845 0.001786
0.007925 0.033635
0.007606 0.068837
0.007829 0.103342
0.007816 0.138011
0.007785 0.172593
0.007838 0.207297
0.007772 0.241964
0.007607 0.276494
0.007731 0.311211
0.007787 0.345734
0.007792 0.380567
0.007824 0.414987
0.007807 0.450360
0.010935 0.482107
0.017549 0.014827
0.017552 0.051494
0.017539 0.086031
0.017309 0.120618
0.017453 0.155264
0.017360 0.190125
0.017401 0.224694
0.017477 0.259169
0.017372 0.294031
0.017359 0.328739
0.017495 0.363101
0.017616 0.397868
0.017395 0.432507
0.017589 0.468931
0.029649 0.000257
0.028605 0.033835
0.028526 0.068811
0.028595 0.103399
0.028581 0.137989
0.028315 0.172645
0.028770 0.207264
0.028743 0.241882
0.028334 0.276598
0.028473 0.311119
0.028593 0.345841
0.028510 0.380192
0.028571 0.415147
0.028707 0.450301
0.029009 0.484398
0.039412 0.014572
0.039490 0.051354
0.039605 0.085949
0.039430 0.120671
0.039675 0.155402
0.039371 0.189883
0.039460 0.224672
0.039543 0.259361
0.039422 0.293842
0.039338 0.328360
0.039410 0.363160
0.039476 0.397712
0.039333 0.432537
0.039323 0.469262
0.049903 0.000869
0.049751 0.033571
0.049843 0.068606
0.049772 0.103330
0.049727 0.137963
0.049683 0.172702
0.049795 0.207264
0.049838 0.241855
0.049708 0.276549
0.049716 0.311151
0.049762 0.345811
0.049818 0.380419
0.049744 0.415117
0.049992 0.450140
0.049879 0.484689
0.059796 0.014791
0.060046 0.051089
0.059974 0.086036
0.059841 0.120657
0.059834 0.155330
0.059866 0.189963
0.059954 0.224560
0.059746 0.259177
0.059876 0.293796
0.059799 0.328398
0.060110 0.363074
0.059891 0.397768
0.059895 0.432496
0.059856 0.469298
0.069994 0.000971
0.070054 0.033448
0.069865 0.068667
0.069957 0.103502
0.069936 0.138218
0.069866 0.172459
0.070123 0.207164
0.070002 0.241860
0.069957 0.276477
0.069897 0.311052
0.069720 0.345680
0.069946 0.380393
0.069798 0.415006
0.069938 0.450356
0.069965 0.484780
0.080009 0.014441
0.080094 0.051238
0.080056 0.086091
0.079903 0.120687
0.080122 0.155341
0.079954 0.189813
0.080108 0.224406
0.079925 0.259174
0.079973 0.293859
0.079908 0.328401
0.080079 0.362939
0.079975 0.397685
0.080003 0.432473
0.079724 0.469243
0.090012 0.000227
0.090125 0.033662
0.089817 0.068905
0.089980 0.103442
0.089980 0.137829
0.090074 0.172705
0.089899 0.207148
0.090062 0.241953
0.089956 0.276514
0.089993 0.311129
0.089868 0.345570
0.089937 0.380416
0.090020 0.415053
0.090029 0.450304
0.089969 0.484754
0.099927 0.014544
0.099959 0.051379
0.100052 0.086027
0.100023 0.120700
0.099912 0.155261
0.100028 0.189920
0.099988 0.224414
0.099953 0.259229
0.099995 0.293765
0.099967 0.328543
0.100000 0.363121
0.099956 0.397818
0.099939 0.432537
0.099943 0.469398
0.109997 0.000366
0.110041 0.033666
0.110049 0.068460
0.110065 0.103303
0.110013 0.137985
0.110151 0.172448
0.110183 0.207213
0.109976 0.241837
0.110083 0.276659
0.110021 0.311195
0.109945 0.345788
0.109987 0.380491
0.110050 0.415182
0.109949 0.450314
0.110194 0.484662
0.119956 0.014576
0.119996 0.051299
0.120023 0.085985
0.119999 0.120573
0.119930 0.155361
0.120064 0.189914
0.120008 0.224645
0.119868 0.259083
0.120077 0.293889
0.120035 0.328538
0.119822 0.363094
0.119970 0.397824
0.119998 0.432671
0.119962 0.469440
0.130095 0.000703
0.130026 0.033527
0.130050 0.068759
0.129880 0.103403
0.130042 0.138004
0.130044 0.172622
0.130007 0.207358
0.130000 0.241978
0.129876 0.276559
0.129966 0.311195
0.130132 0.346035
0.129936 0.380472
0.129968 0.415171
0.130005 0.450383
0.130118 0.484860
0.140045 0.014620
0.140047 0.051256
0.140027 0.086057
0.139983 0.120654
0.139945 0.155253
0.140123 0.190120
0.140019 0.224502
0.139986 0.259237
0.140284 0.293790
0.139927 0.328476
0.140031 0.363213
0.139993 0.397831
0.140005 0.432565
0.139985 0.469067
0.149966 0.000200
0.150098 0.033541
0.149899 0.068579
0.150094 0.103371
0.150080 0.137950
0.150040 0.172546
0.150046 0.207072
0.150030 0.241866
0.149950 0.276565
0.149926 0.311186
0.150031 0.345769
0.149840 0.380556
0.149970 0.415162
0.150089 0.450280
0.149920 0.484696
0.159943 0.014495
0.159993 0.051250
0.160033 0.086019
0.159991 0.120614
0.159784 0.155408
0.160062 0.189914
0.160028 0.224741
0.159857 0.259215
0.160218 0.293894
0.159953 0.328502
0.159859 0.363173
0.160015 0.397809
0.159993 0.432530
0.160130 0.469675
0.169844 0.000605
0.170201 0.033658
0.169856 0.068713
0.169967 0.103331
0.169953 0.137867
0.170046 0.172607
0.170020 0.207271
0.170006 0.241965
0.169990 0.276553
0.170021 0.311484
0.170128 0.345872
0.169913 0.380426
0.169925 0.415219
0.169969 0.450341
0.170108 0.484810
0.180034 0.014502
0.180196 0.051449
0.180028 0.086141
0.180041 0.120870
0.179876 0.155306
0.180013 0.189947
0.179879 0.224582
0.180044 0.259269
0.180003 0.293864
0.180083 0.328533
0.179935 0.363100
0.179953 0.397765
0.180087 0.432461
0.180054 0.469144
0.189971 0.000544
0.189917 0.033532
0.189835 0.068624
0.190059 0.103183
0.189923 0.138011
0.190172 0.172602
0.190092 0.207106
0.190014 0.241839
0.190043 0.276535
0.190016 0.311184
0.190045 0.345962
0.189863 0.380622
0.190012 0.415146
0.189886 0.450212
0.190003 0.484823
0.199990 0.014495
0.200153 0.051232
0.200041 0.085960
0.199981 0.120587
0.199871 0.155277
0.200023 0.189953
0.199984 0.224438
0.199843 0.259101
0.199968 0.293822
0.200082 0.328423
0.199874 0.363124
0.199991 0.397856
0.200041 0.432485
0.200128 0.469292
0.209772 0.000166
0.209991 0.033548
0.209945 0.068617
0.209951 0.103320
0.209904 0.138018
0.209888 0.172547
0.210095 0.207464
0.209951 0.241901
0.210002 0.276586
0.210047 0.311089
0.210118 0.345769
0.209871 0.380555
0.210111 0.415168
0.210066 0.450326
0.209803 0.484799
0.219911 0.014443
0.219992 0.051311
0.220010 0.085997
0.220008 0.120785
0.220073 0.155286
0.220030 0.189848
0.220007 0.224663
0.220071 0.259127
0.220121 0.293835
0.219918 0.328512
0.219775 0.363295
0.219909 0.397695
0.219974 0.432611
0.219991 0.469393
0.229985 0.000744
0.230029 0.033620
0.230060 0.068748
0.229922 0.103348
0.229774 0.137963
0.229989 0.172646
0.229962 0.207264
0.230084 0.241902
0.229934 0.276491
0.229964 0.311278
0.230087 0.345927
0.229959 0.380376
0.230240 0.415050
0.230014 0.450318
0.230006 0.484809
0.239836 0.014297
0.240063 0.051204
0.240014 0.085969
0.239973 0.120602
0.240024 0.155268
0.239976 0.189943
0.240028 0.224594
0.239924 0.259430
0.239997 0.293625
0.240109 0.328507
0.240099 0.363142
0.240007 0.397752
0.239957 0.432328
0.240042 0.469429
0.250060 0.000567
0.249745 0.033438
0.250001 0.068631
0.250049 0.103312
0.250002 0.137974
0.250037 0.172696
0.249978 0.207257
0.250031 0.241896
0.250108 0.276598
0.249923 0.311183
0.249911 0.345797
0.249933 0.380439
0.250027 0.415091
0.249999 0.450285
0.250006 0.484762
0.260050 0.014548
0.260038 0.051256
0.260031 0.086015
0.259940 0.120642
0.259841 0.155375
0.259992 0.189907
0.260044 0.224542
0.259987 0.259230
0.259921 0.294086
0.259972 0.328521
0.260057 0.363142
0.260042 0.397754
0.260069 0.432574
0.260038 0.469331
0.269713 0.000268
0.269950 0.033545
0.269959 0.068603
0.269998 0.103406
0.269967 0.137925
0.270151 0.172553
0.269952 0.207280
0.269921 0.241919
0.270215 0.276442
0.269964 0.311178
0.270000 0.345621
0.270009 0.380427
0.270061 0.415244
0.269843 0.450390
0.269925 0.484870
0.279884 0.014617
0.280115 0.051309
0.279931 0.085985
0.280215 0.120704
0.279810 0.155324
0.279989 0.190061
0.280071 0.224596
0.279985 0.259183
0.279929 0.293845
0.280335 0.328496
0.279993 0.363137
0.279982 0.397778
0.280128 0.432437
0.280030 0.469409
0.290022 0.000534
0.289919 0.033422
0.290089 0.068513
0.289981 0.103351
0.290064 0.138198
0.290008 0.172714
0.289978 0.207349
0.289851 0.241919
0.289999 0.276550
0.289818 0.311189
0.289900 0.346012
0.290028 0.380483
0.290056 0.415086
0.289936 0.450310
0.289984 0.484906
0.300014 0.014428
0.300009 0.051225
0.299987 0.086004
0.300073 0.120611
0.300129 0.155241
0.300035 0.189966
0.300340 0.224713
0.299986 0.259177
0.300015 0.293864
0.300035 0.328468
0.300090 0.363133
0.299983 0.397780
0.299989 0.432618
0.299936 0.469433
0.309755 0.000800
0.310119 0.033582
0.310015 0.068676
0.309920 0.103160
0.309892 0.137991
0.310021 0.172870
0.309813 0.207254
0.310093 0.241912
0.310004 0.276524
0.309859 0.311035
0.309976 0.345769
0.309998 0.380447
0.310130 0.415169
0.310012 0.450311
0.309881 0.484778
0.320150 0.014744
0.320056 0.051290
0.320186 0.085969
0.320097 0.120691
0.319920 0.155283
0.320110 0.189984
0.320145 0.224551
0.320039 0.259222
0.320106 0.293889
0.320217 0.328541
0.320239 0.363207
0.319955 0.397777
0.319993 0.432565
0.319914 0.469221
0.330088 0.000559
0.330083 0.033540
0.330126 0.068710
0.330076 0.103377
0.330162 0.138004
0.330086 0.172470
0.330170 0.207186
0.330165 0.242112
0.330069 0.276548
0.329958 0.311142
0.329980 0.345952
0.330103 0.380499
0.330233 0.415039
0.330051 0.450427
0.330093 0.484676
0.340231 0.014501
0.340383 0.051188
0.340244 0.086041
0.340164 0.120620
0.340184 0.155259
0.340241 0.189696
0.340140 0.224503
0.340322 0.259214
0.340173 0.293966
0.340131 0.328369
0.340209 0.363095
0.340218 0.397779
0.340175 0.432585
0.340131 0.469271
0.350181 0.000843
0.350563 0.033567
0.350351 0.068655
0.350729 0.103510
0.350562 0.137960
0.350569 0.172562
0.350521 0.207284
0.350590 0.241832
0.350435 0.276686
0.350603 0.311223
0.350450 0.345692
0.350641 0.380441
0.350534 0.415175
0.350496 0.450344
0.350508 0.484707
0.361359 0.014622
0.361397 0.051407
0.361260 0.085973
0.361421 0.120663
0.361407 0.155349
0.361407 0.190017
0.361403 0.224604
0.361293 0.259326
0.361687 0.293877
0.361419 0.328483
0.361431 0.363175
0.361241 0.397903
0.361322 0.432497
0.361363 0.469264
0.371534 0.000745
0.372575 0.033593
0.372810 0.068748
0.372613 0.103229
0.372581 0.137982
0.372580 0.172654
0.372418 0.207218
0.372632 0.241918
0.372337 0.276422
0.372675 0.311204
0.372435 0.345700
0.372582 0.380366
0.372597 0.415100
0.372490 0.450211
0.371772 0.484052
0.381944 0.014984
0.382014 0.051261
0.382147 0.086017
0.382237 0.120664
0.382163 0.155309
0.382205 0.189905
0.382205 0.224529
0.382285 0.259307
0.382213 0.293881
0.382192 0.328657
0.382143 0.363085
0.382185 0.397776
0.382114 0.432419
0.381874 0.468829
0.386261 0.001943
0.388718 0.033663
0.388792 0.068705
0.388810 0.103550
0.388740 0.138034
0.388687 0.172740
0.388845 0.207526
0.388757 0.241802
0.388718 0.276287
0.388836 0.311155
0.388867 0.345836
0.388783 0.380501
0.388819 0.415099
0.388669 0.450335
0.386213 0.481816
0.602184 0.016069
0.601254 0.051574
0.601131 0.086051
0.601260 0.120608
0.601095 0.155280
0.601102 0.189592
0.601172 0.224531
0.601071 0.259266
0.601233 0.294025
0.600962 0.328708
0.601233 0.363259
0.601137 0.397719
0.601102 0.432235
0.602261 0.467642
0.610889 0.001728
0.607889 0.033559
0.607770 0.068661
0.607772 0.103335
0.607826 0.138218
0.607764 0.172686
0.607825 0.207223
0.607733 0.241884
0.607731 0.276505
0.607768 0.311238
0.607815 0.345765
0.607875 0.380552
0.607795 0.415132
0.608036 0.450113
0.610928 0.482115
0.617646 0.014749
0.617403 0.051251
0.617386 0.085983
0.617599 0.120694
0.617415 0.155332
0.617520 0.190009
0.617375 0.224491
0.617343 0.259387
0.617454 0.293953
0.617162 0.328388
0.617460 0.363121
0.617457 0.397802
0.617398 0.432434
0.617670 0.469129
0.629618 0.000041
0.628565 0.033576
0.628565 0.068668
0.628546 0.103300
0.628600 0.138035
0.628772 0.172679
0.628601 0.207341
0.628495 0.241890
0.628466 0.276465
0.628645 0.311278
0.628452 0.345790
0.628617 0.380481
0.628449 0.415188
0.628602 0.450243
0.629291 0.484291
0.639436 0.014498
0.639411 0.051280
0.639415 0.086013
0.639286 0.120620
0.639348 0.155342
0.639519 0.190029
0.639415 0.224822
0.639387 0.259280
0.639247 0.293746
0.639589 0.328507
0.639438 0.363107
0.639655 0.397882
0.639447 0.432561
0.639410 0.469251
0.649969 0.000707
0.649806 0.033549
0.649719 0.068674
0.649802 0.103335
0.649822 0.137712
0.649828 0.172626
0.649902 0.207373
0.649611 0.242086
0.649881 0.276571
0.649752 0.311131
0.649743 0.345783
0.649744 0.380426
0.649865 0.415140
0.649803 0.450368
0.649934 0.484723
0.659944 0.014599
0.659785 0.051265
0.659891 0.086013
0.659961 0.120613
0.659865 0.155214
0.659894 0.189923
0.659874 0.224598
0.659918 0.259219
0.659726 0.293771
0.659879 0.328500
0.659977 0.363205
0.659913 0.397764
0.659823 0.432734
0.660093 0.469413
0.670004 0.000165
0.669982 0.033560
0.669960 0.068694
0.670015 0.103139
0.669936 0.137965
0.670003 0.172483
0.669916 0.207170
0.669945 0.241920
0.670002 0.276549
0.669853 0.311119
0.669881 0.345837
0.669973 0.380366
0.669930 0.415176
0.670045 0.450190
0.670131 0.484690
0.679992 0.014571
0.679788 0.051422
0.680001 0.085911
0.679889 0.120616
0.679977 0.155276
0.679987 0.189937
0.679951 0.224551
0.679992 0.259208
0.680056 0.293889
0.679949 0.328431
0.680061 0.363037
0.679790 0.397928
0.680024 0.432436
0.680000 0.469454
0.689896 0.000475
0.690119 0.033574
0.690097 0.068655
0.690034 0.103376
0.689980 0.137995
0.690018 0.172645
0.690024 0.207233
0.689864 0.241754
0.689998 0.276516
0.689945 0.311148
0.690058 0.345694
0.689973 0.380518
0.690059 0.415105
0.689983 0.450263
0.690113 0.484977
0.699963 0.014425
0.699958 0.051273
0.700172 0.086198
0.700074 0.120702
0.699986 0.155481
0.699971 0.189960
0.699910 0.224661
0.700022 0.259158
0.699960 0.293849
0.699997 0.328498
0.699931 0.363119
0.700102 0.397549
0.700003 0.432622
0.700234 0.469271
0.710018 0.000398
0.709981 0.033577
0.709964 0.068712
0.710008 0.103408
0.709900 0.137975
0.710197 0.172664
0.710132 0.207419
0.710066 0.241894
0.709865 0.276335
0.709924 0.311160
0.710041 0.345846
0.710014 0.380454
0.709889 0.415105
0.710094 0.450446
0.709948 0.484897
0.720105 0.014689
0.719986 0.051308
0.720134 0.085939
0.720034 0.120669
0.719934 0.155118
0.719937 0.189905
0.720036 0.224386
0.720166 0.259091
0.720025 0.293872
0.719930 0.328334
0.720012 0.363089
0.719971 0.397809
0.719860 0.432473
0.720032 0.469366
0.729866 0.000336
0.729959 0.033598
0.729982 0.068640
0.730160 0.103311
0.730129 0.137922
0.729986 0.172549
0.730001 0.207231
0.730049 0.241852
0.729806 0.276631
0.730047 0.311050
0.729990 0.345786
0.730064 0.380394
0.730098 0.415162
0.730216 0.450122
0.729823 0.484899
0.740032 0.014412
0.740153 0.051260
0.740141 0.085961
0.740004 0.120655
0.740003 0.155269
0.740041 0.190016
0.740054 0.224586
0.740009 0.259295
0.739993 0.293868
0.739976 0.328413
0.740090 0.363155
0.739831 0.397815
0.739963 0.432749
0.740007 0.469406
0.750211 0.000504
0.750072 0.033811
0.749976 0.068634
0.750068 0.103299
0.750085 0.138085
0.749826 0.172651
0.750109 0.207256
0.750010 0.241895
0.749967 0.276679
0.750201 0.311275
0.749867 0.345925
0.749994 0.380485
0.749883 0.415127
0.750088 0.450368
0.749999 0.484793
0.759810 0.014606
0.760067 0.051153
0.760064 0.085939
0.759823 0.120514
0.760136 0.155601
0.759950 0.189994
0.759995 0.224686
0.759866 0.259412
0.759997 0.293807
0.759843 0.328630
0.760170 0.363282
0.760086 0.397938
0.760068 0.432296
0.760047 0.469215
0.769991 0.000035
0.770073 0.033472
0.770071 0.068734
0.770082 0.103314
0.769880 0.137983
0.770006 0.172707
0.770065 0.207227
0.770005 0.241933
0.770082 0.276526
0.769984 0.311209
0.769998 0.345839
0.770005 0.380412
0.770038 0.414978
0.769995 0.450316
0.769984 0.484835
0.779904 0.014484
0.780005 0.051309
0.780001 0.085956
0.779929 0.120653
0.779993 0.155054
0.780096 0.189836
0.779995 0.224682
0.779925 0.259168
0.780101 0.294038
0.779976 0.328501
0.780035 0.363105
0.779970 0.397918
0.779954 0.432660
0.780035 0.469409
0.789920 0.000389
0.790047 0.033458
0.790029 0.068481
0.790009 0.103308
0.790040 0.137830
0.790043 0.172427
0.789961 0.207237
0.790154 0.241972
0.789938 0.276518
0.789937 0.311075
0.789992 0.345667
0.789998 0.380682
0.790044 0.415285
0.790089 0.450382
0.789720 0.484849
0.800038 0.014519
0.799995 0.051220
0.800033 0.086024
0.799803 0.120785
0.799932 0.155340
0.800052 0.190107
0.799953 0.224520
0.799944 0.259270
0.799979 0.293841
0.799973 0.328509
0.799955 0.363158
0.800090 0.397771
0.800001 0.432520
0.800134 0.469562
0.809792 0.000212
0.809894 0.033583
0.809923 0.068669
0.809949 0.103335
0.810065 0.138024
0.810009 0.172551
0.810022 0.207243
0.810047 0.241900
0.809989 0.276486
0.810101 0.311038
0.809985 0.345770
0.809949 0.380366
0.809970 0.415029
0.809903 0.450171
0.809849 0.484863
0.820038 0.014402
0.820083 0.051251
0.819906 0.086063
0.820019 0.120766
0.820106 0.155410
0.819953 0.189906
0.819947 0.224794
0.819975 0.259344
0.820011 0.293875
0.819945 0.328551
0.820007 0.362969
0.819980 0.397796
0.819977 0.432462
0.819907 0.469367
0.829928 0.000689
0.829931 0.033588
0.829974 0.068655
0.829786 0.103313
0.829895 0.137856
0.830252 0.172611
0.830132 0.207331
0.830052 0.241912
0.829938 0.276596
0.829803 0.311302
0.829965 0.345871
0.829943 0.380471
0.830164 0.415147
0.829961 0.450396
0.829877 0.484649
0.839970 0.014494
0.840088 0.051323
0.840011 0.086056
0.840000 0.120642
0.840032 0.155233
0.839754 0.190038
0.840003 0.224590
0.840057 0.259171
0.840007 0.293922
0.840002 0.328431
0.840099 0.363251
0.839990 0.397821
0.839996 0.432727
0.840045 0.469375
0.849701 0.000756
0.849995 0.033595
0.849916 0.068713
0.849891 0.103362
0.850138 0.137999
0.850134 0.172650
0.850050 0.207248
0.850064 0.241857
0.849871 0.276653
0.850147 0.310998
0.849985 0.345751
0.849981 0.380442
0.850042 0.415229
0.849894 0.450456
0.850058 0.484939
0.859959 0.014573
0.859911 0.051180
0.860044 0.086083
0.860206 0.120622
0.859865 0.155389
0.860137 0.189842
0.860001 0.224469
0.859980 0.259194
0.859891 0.293774
0.859922 0.328502
0.859864 0.362999
0.860050 0.397650
0.860112 0.432410
0.860104 0.469348
0.869888 0.000001
0.870054 0.033553
0.869923 0.068667
0.869860 0.103353
0.869979 0.137918
0.870084 0.172578
0.870012 0.207186
0.870077 0.241945
0.870012 0.276505
0.870048 0.311260
0.870012 0.345839
0.870070 0.380504
0.869859 0.414924
0.869899 0.450327
0.869799 0.484976
0.880072 0.014499
0.879980 0.051315
0.880028 0.086183
0.880011 0.120732
0.879987 0.155295
0.880100 0.190007
0.880034 0.224796
0.880044 0.259472
0.879994 0.293865
0.879940 0.328497
0.879938 0.363283
0.880156 0.397856
0.880174 0.432681
0.879966 0.469426
0.890087 0.000139
0.890007 0.033584
0.889869 0.068610
0.890084 0.103168
0.890260 0.138054
0.890226 0.172705
0.889876 0.207312
0.890046 0.241871
0.890076 0.276517
0.889936 0.311161
0.889929 0.345896
0.890252 0.380483
0.890013 0.415080
0.889886 0.450456
0.890122 0.484860
0.899979 0.014445
0.899957 0.051486
0.900030 0.085982
0.899914 0.120628
0.899981 0.155136
0.900080 0.189922
0.900001 0.224656
0.900078 0.259105
0.900007 0.293838
0.899963 0.328446
0.899962 0.362966
0.900082 0.397747
0.899959 0.432522
0.899876 0.469366
0.910120 0.000615
0.910011 0.033518
0.910014 0.068700
0.910077 0.103286
0.910132 0.137966
0.910007 0.172585
0.909962 0.207398
0.910250 0.241882
0.909951 0.276582
0.910079 0.311097
0.909849 0.345672
0.910089 0.380398
0.910150 0.415347
0.910047 0.450331
0.910030 0.484768
0.920020 0.014480
0.919900 0.051136
0.920099 0.085943
0.919984 0.120714
0.920197 0.155516
0.920057 0.190068
0.920233 0.224454
0.920221 0.259236
0.920188 0.294001
0.919819 0.328548
0.920074 0.363152
0.919964 0.397885
0.919855 0.432622
0.920081 0.469378
0.929970 0.000723
0.930041 0.033667
0.930133 0.068558
0.930084 0.103439
0.930156 0.138006
0.930188 0.172663
0.930137 0.207331
0.930144 0.242028
0.929945 0.276575
0.930163 0.311223
0.930092 0.345656
0.930141 0.380420
0.930240 0.415046
0.930184 0.450284
0.930072 0.484748
0.940162 0.014539
0.940272 0.051249
0.940197 0.086059
0.940187 0.120665
0.940243 0.155417
0.940226 0.189972
0.940266 0.224540
0.940282 0.259224
0.940273 0.293844
0.940243 0.328651
0.940221 0.363120
0.940132 0.397727
0.940261 0.432634
0.940156 0.469286
0.950174 0.000192
0.950418 0.033533
0.950305 0.068578
0.950607 0.103351
0.950686 0.137811
0.950619 0.172619
0.950609 0.207249
0.950857 0.241918
0.950577 0.276578
0.950376 0.311080
0.950441 0.345853
0.950587 0.380465
0.950486 0.415303
0.950517 0.450128
0.950299 0.484629
0.961406 0.014721
0.961488 0.051322
0.961373 0.085990
0.961437 0.120679
0.961419 0.155280
0.961459 0.189902
0.961478 0.224653
0.961339 0.259296
0.961606 0.294030
0.961405 0.328482
0.961282 0.363015
0.961393 0.397777
0.961419 0.432463
0.961459 0.469102
0.971227 0.000802
0.972653 0.033802
0.972555 0.068940
0.972530 0.103147
0.972753 0.137902
0.972838 0.172639
0.972592 0.207335
0.972824 0.242004
0.972615 0.276597
0.972631 0.311265
0.972881 0.345779
0.972560 0.380414
0.972605 0.414846
0.972638 0.450191
0.971469 0.483907
0.981884 0.014925
0.982108 0.051527
0.982405 0.085916
0.982210 0.120637
0.982131 0.155196
0.982289 0.189879
0.982236 0.224554
0.982325 0.259339
0.982271 0.293876
0.982205 0.328410
0.982154 0.363017
0.982207 0.397749
0.982161 0.432414
0.981928 0.468876
0.986481 0.002190
0.988671 0.033669
0.988877 0.068636
0.988833 0.103266
0.988854 0.138011
0.988941 0.172970
0.988884 0.207175
0.988890 0.241775
0.988880 0.276538
0.989013 0.311070
0.988873 0.345774
0.988832 0.380422
0.988815 0.415117
0.988715 0.450131
0.986268 0.481766
