0.000339 0.010803
0.000361 0.044762
0.000631 0.078326
0.000013 0.112133
0.000219 0.147172
0.000775 0.182615
0.000831 0.216286
0.000906 0.251921
0.000401 0.287056
0.000552 0.321284
0.000024 0.358308
0.000843 0.392473
0.000391 0.422692
0.001195 0.451289
0.007810 0.000974
0.000423 0.024380
0.000262 0.058708
0.000924 0.092505
0.000890 0.127330
0.000178 0.161811
0.000481 0.197770
0.000495 0.231087
0.000428 0.267109
0.000864 0.300467
0.000755 0.335289
0.000998 0.369420
0.000062 0.403361
0.000169 0.440327
0.014732 0.468959
0.000357 0.000059
0.000249 0.033689
0.007121 0.059103
0.008066 0.088631
0.008262 0.121686
0.008378 0.157055
0.009185 0.190368
0.008596 0.227881
0.008917 0.261955
0.010032 0.299229
0.007779 0.336997
0.011219 0.375175
0.012717 0.417027
0.001658 0.465113
0.021850 0.000314
0.021054 0.014824
0.020533 0.042912
0.022397 0.073070
0.022985 0.104323
0.022959 0.138706
0.023122 0.173875
0.023335 0.209348
0.023306 0.244828
0.023631 0.280954
0.024493 0.319039
0.023510 0.355105
0.024761 0.394082
0.027674 0.432838
0.025238 0.472228
0.033815 0.000171
0.028459 0.032176
0.029841 0.058959
0.030691 0.088845
0.031053 0.121989
0.031179 0.156827
0.031448 0.192276
0.031204 0.227773
0.031352 0.263612
0.032266 0.300334
0.032437 0.338242
0.034061 0.376352
0.033997 0.415729
0.035776 0.460633
0.045294 0.000231
0.039989 0.015924
0.040441 0.043082
0.041644 0.073673
0.041955 0.104682
0.042053 0.138553
0.042343 0.173738
0.042430 0.209293
0.042291 0.244985
0.042615 0.281145
0.043055 0.318644
0.042929 0.355477
0.043266 0.393383
0.044276 0.433344
0.046565 0.472849
0.056126 0.001026
0.049488 0.032036
0.051151 0.058717
0.052247 0.088180
0.052531 0.120974
0.052538 0.155654
0.052590 0.191074
0.052711 0.226736
0.052950 0.262704
0.053402 0.299603
0.054073 0.337388
0.055070 0.376449
0.055746 0.417440
0.055608 0.463967
0.066748 0.000623
0.059698 0.017889
0.059558 0.044224
0.061185 0.073790
0.061802 0.104211
0.061742 0.138019
0.061680 0.173274
0.061756 0.208828
0.061756 0.244647
0.062249 0.281101
0.062975 0.318508
0.064163 0.355771
0.065565 0.392304
0.066324 0.430914
0.069115 0.473225
0.077210 0.000365
0.070260 0.032963
0.070673 0.059901
0.071249 0.088378
0.071232 0.120797
0.071192 0.155533
0.071212 0.191002
0.071245 0.226651
0.071420 0.262848
0.071757 0.299866
0.072389 0.337962
0.073394 0.377212
0.074676 0.418708
0.076423 0.466404
0.087638 0.000880
0.080722 0.018972
0.081054 0.045334
0.081603 0.074148
0.081698 0.104190
0.081634 0.137914
0.081507 0.173071
0.081553 0.208838
0.081566 0.244790
0.081833 0.281341
0.082217 0.318943
0.082467 0.356317
0.083577 0.392843
0.086428 0.432220
0.087941 0.476702
0.097915 0.000043
0.091579 0.033438
0.091610 0.060359
0.091916 0.088423
0.091923 0.120679
0.091819 0.155425
0.091635 0.190979
0.091610 0.226694
0.091996 0.263108
0.092308 0.300125
0.092661 0.338090
0.093611 0.378318
0.095141 0.420362
0.097664 0.467965
0.108248 0.000905
0.101449 0.019992
0.101454 0.046094
0.101910 0.074371
0.101814 0.104115
0.101669 0.137873
0.101633 0.173194
0.101446 0.208913
0.101572 0.244932
0.101950 0.281678
0.102389 0.319267
0.103146 0.356827
0.104998 0.393172
0.107063 0.433555
0.109794 0.477350
0.118383 0.000999
0.112273 0.033746
0.112168 0.060741
0.112079 0.088440
0.111864 0.120633
0.111720 0.155440
0.111648 0.190982
0.111609 0.226788
0.111787 0.263227
0.112062 0.300548
0.112812 0.338850
0.114031 0.379495
0.116166 0.422080
0.118222 0.469174
0.128766 0.000478
0.123096 0.020450
0.122774 0.046057
0.122753 0.074401
0.122560 0.103938
0.122267 0.137615
0.122219 0.173053
0.122193 0.208873
0.122334 0.245006
0.122402 0.281936
0.122675 0.319619
0.123751 0.357525
0.125644 0.394555
0.127636 0.434977
0.130263 0.479127
0.138874 0.000204
0.134133 0.033882
0.133708 0.060812
0.133524 0.088295
0.133330 0.120463
0.133185 0.155519
0.133087 0.191033
0.133081 0.226914
0.133185 0.263245
0.133389 0.300723
0.133939 0.339537
0.135064 0.380391
0.136811 0.422774
0.139049 0.468191
0.149166 0.001144
0.145017 0.020668
0.144675 0.046201
0.144646 0.074294
0.144334 0.103893
0.144447 0.137591
0.144268 0.173144
0.144235 0.208997
0.144298 0.245124
0.144380 0.282095
0.144688 0.320138
0.145596 0.358244
0.146811 0.395640
0.148695 0.436784
0.148129 0.479462
0.159288 0.000618
0.156107 0.033904
0.155763 0.060967
0.155637 0.088245
0.155356 0.120405
0.155434 0.155318
0.155475 0.191104
0.155168 0.226877
0.155385 0.263343
0.155634 0.300918
0.156070 0.339946
0.156776 0.380968
0.158074 0.423241
0.159231 0.470793
0.169537 0.000484
0.167308 0.020754
0.167012 0.045966
0.166858 0.074075
0.166799 0.103834
0.166579 0.137527
0.166688 0.173043
0.166526 0.208706
0.166618 0.245181
0.166759 0.282159
0.167059 0.320369
0.167328 0.358618
0.168361 0.396493
0.168778 0.437587
0.171214 0.479776
0.179616 0.000690
0.178304 0.033759
0.178142 0.060828
0.178073 0.088184
0.178082 0.120285
0.178097 0.155322
0.177927 0.190952
0.178179 0.226884
0.178133 0.263404
0.178059 0.301183
0.178299 0.340254
0.178627 0.381345
0.179149 0.423413
0.179730 0.469037
0.189830 0.000709
0.189556 0.020584
0.189464 0.045882
0.189510 0.074093
0.189258 0.103724
0.189416 0.137568
0.189387 0.173178
0.189428 0.209013
0.189338 0.245073
0.189412 0.282169
0.189610 0.320494
0.189537 0.358792
0.189592 0.396894
0.190085 0.438041
0.189832 0.480479
0.200017 0.000041
0.200683 0.033949
0.200719 0.060950
0.200795 0.088235
0.200713 0.120378
0.200863 0.155232
0.200922 0.190938
0.200763 0.226864
0.200913 0.263370
0.200964 0.301100
0.200586 0.340377
0.200339 0.381344
0.200308 0.423539
0.200058 0.469234
0.210203 0.000445
0.211851 0.020632
0.212042 0.045942
0.212113 0.074108
0.212269 0.103767
0.212390 0.137604
0.212318 0.173166
0.212325 0.208866
0.212258 0.244978
0.212158 0.282281
0.211876 0.320448
0.211382 0.358705
0.211211 0.396774
0.210413 0.437761
0.209453 0.480009
0.220472 0.000607
0.223087 0.033877
0.223457 0.060875
0.223574 0.088207
0.223600 0.120267
0.223931 0.155234
0.223886 0.191055
0.223795 0.226761
0.223620 0.263293
0.223518 0.300997
0.223046 0.340063
0.222414 0.381046
0.221488 0.423411
0.220514 0.470058
0.230678 0.000274
0.234281 0.020703
0.234652 0.046219
0.234921 0.074302
0.235145 0.103863
0.235327 0.137697
0.235357 0.173176
0.235385 0.209033
0.235450 0.244859
0.234992 0.281909
0.234465 0.320111
0.233503 0.358217
0.232388 0.396020
0.231456 0.437148
0.230439 0.479659
0.240914 0.000893
0.245590 0.034048
0.246125 0.060955
0.246490 0.088330
0.246586 0.120452
0.246684 0.155327
0.246934 0.191033
0.246803 0.226808
0.246712 0.263241
0.246103 0.300922
0.245254 0.339698
0.244340 0.380547
0.242831 0.422970
0.240877 0.469418
0.251211 0.000828
0.256762 0.020959
0.257489 0.046368
0.257747 0.074574
0.258025 0.103935
0.258277 0.137654
0.258480 0.173182
0.258397 0.208843
0.258248 0.244940
0.257934 0.281611
0.257165 0.319657
0.256087 0.357520
0.254573 0.394878
0.251639 0.435644
0.250736 0.479389
0.261749 0.000030
0.268378 0.034193
0.269144 0.061039
0.269548 0.088448
0.269995 0.120461
0.270089 0.155519
0.270210 0.191057
0.270258 0.226721
0.269938 0.263001
0.269114 0.300047
0.268037 0.338880
0.266438 0.379921
0.263991 0.422327
0.261492 0.469016
0.271887 0.000594
0.280066 0.020880
0.280643 0.046447
0.280830 0.074756
0.281002 0.104341
0.281368 0.137846
0.281615 0.173365
0.281702 0.208813
0.281567 0.244711
0.280950 0.281256
0.280115 0.319213
0.278241 0.356699
0.275563 0.393008
0.273363 0.433487
0.270428 0.478272
0.282316 0.000635
0.291605 0.034196
0.292150 0.060963
0.292254 0.088658
0.292411 0.120644
0.292880 0.155587
0.292872 0.191090
0.292796 0.226701
0.292424 0.262703
0.291924 0.299739
0.290407 0.337869
0.288769 0.378559
0.285254 0.421410
0.282052 0.468541
0.292911 0.000615
0.303248 0.020833
0.303649 0.046481
0.303529 0.074705
0.303892 0.104295
0.304125 0.138038
0.304410 0.173433
0.304533 0.208824
0.304231 0.244313
0.303829 0.280732
0.303027 0.318091
0.301327 0.355763
0.298851 0.390956
0.293949 0.431617
0.291112 0.476760
0.303635 0.000200
0.314989 0.034008
0.315629 0.060547
0.315939 0.088708
0.316279 0.121048
0.316624 0.155887
0.316965 0.191122
0.316757 0.226459
0.316618 0.262417
0.315936 0.299167
0.314741 0.336852
0.312214 0.376976
0.308711 0.418813
0.303597 0.467098
0.314301 0.000101
0.328259 0.020076
0.328712 0.045951
0.328130 0.074711
0.328213 0.104424
0.328640 0.138216
0.328985 0.173569
0.329135 0.208748
0.328772 0.244355
0.328170 0.280386
0.326614 0.317674
0.324082 0.354597
0.319327 0.388718
0.315549 0.427548
0.311738 0.474915
0.325271 0.000425
0.340834 0.033047
0.340194 0.059728
0.338385 0.088671
0.338187 0.121084
0.338602 0.155913
0.338950 0.191301
0.338925 0.226390
0.338206 0.262040
0.337071 0.298134
0.334818 0.335148
0.332613 0.374263
0.328932 0.417417
0.324479 0.466511
0.336478 0.000084
0.352409 0.019268
0.351758 0.045759
0.350503 0.073730
0.349861 0.104344
0.349965 0.138447
0.350249 0.173589
0.350173 0.208652
0.350194 0.243891
0.349433 0.279643
0.348800 0.316146
0.347423 0.353388
0.345028 0.386649
0.338996 0.425043
0.332596 0.470678
0.348442 0.000826
0.365112 0.032083
0.365186 0.057853
0.365584 0.088405
0.365724 0.121227
0.366192 0.156112
0.366281 0.191105
0.366138 0.226554
0.366017 0.261716
0.365482 0.297606
0.364444 0.333964
0.361337 0.372062
0.359073 0.411092
0.348492 0.462084
0.359509 0.000254
0.380610 0.014819
0.378723 0.043879
0.375824 0.073164
0.375505 0.104132
0.375897 0.138602
0.376288 0.173720
0.376871 0.208693
0.376085 0.243873
0.375596 0.279340
0.373734 0.315557
0.370956 0.352385
0.366093 0.387107
0.355350 0.420833
0.354174 0.465662
0.373092 0.000185
0.391720 0.028191
0.386872 0.056653
0.383918 0.088367
0.384205 0.121450
0.384778 0.156419
0.384980 0.191318
0.385104 0.225764
0.384779 0.261368
0.383175 0.296485
0.380554 0.332012
0.377257 0.368158
0.373981 0.404472
0.366932 0.462327
0.384473 0.000738
0.406974 0.017818
0.405418 0.041121
0.405075 0.070613
0.405479 0.104603
0.406052 0.138948
0.405797 0.173180
0.406169 0.209183
0.406029 0.244249
0.406325 0.278814
0.405276 0.314299
0.403945 0.350226
0.401020 0.385932
0.398024 0.417151
0.384028 0.456790
0.413500 0.000506
0.420881 0.022137
0.412699 0.054994
0.410823 0.087853
0.410857 0.121737
0.411057 0.155982
0.411722 0.190935
0.411661 0.226836
0.410833 0.261045
0.410310 0.296181
0.408383 0.329235
0.406015 0.364108
0.400615 0.401892
0.388193 0.437263
0.401865 0.000025
0.430196 0.006580
0.419219 0.040992
0.416155 0.072929
0.415177 0.104903
0.415718 0.140254
0.415669 0.175808
0.415877 0.207811
0.415935 0.242288
0.415248 0.278385
0.414527 0.313695
0.412200 0.349605
0.407005 0.382250
0.405111 0.417697
0.395542 0.452005
0.561024 0.002224
0.567230 0.029674
0.572051 0.054807
0.574780 0.086993
0.574657 0.120578
0.574113 0.154253
0.573850 0.191213
0.574457 0.226544
0.573873 0.261280
0.575480 0.297503
0.576918 0.331966
0.578578 0.368116
0.584566 0.396486
0.594450 0.424040
0.600942 0.000145
0.563912 0.004941
0.574864 0.039149
0.579121 0.072195
0.579387 0.105797
0.578842 0.140876
0.579044 0.174300
0.578744 0.208326
0.578635 0.243820
0.579492 0.277414
0.580482 0.312480
0.582619 0.347089
0.586058 0.381654
0.587367 0.422251
0.611626 0.450038
0.585895 0.000116
0.583993 0.022788
0.585217 0.054564
0.584742 0.087972
0.584273 0.122053
0.584219 0.157466
0.583701 0.191227
0.583878 0.225712
0.583932 0.260940
0.584239 0.295785
0.584993 0.331861
0.587438 0.368906
0.595441 0.407608
0.604643 0.452703
0.615566 0.000671
0.595884 0.012450
0.601505 0.043380
0.604806 0.072233
0.605951 0.104636
0.605569 0.138987
0.604928 0.173875
0.604458 0.208981
0.604994 0.243784
0.606085 0.279165
0.607839 0.314227
0.611442 0.350093
0.616421 0.384406
0.617199 0.418384
0.619306 0.464256
0.628481 0.000833
0.609624 0.030749
0.612468 0.057002
0.614878 0.088016
0.614194 0.121251
0.613762 0.156067
0.613574 0.191511
0.613405 0.226211
0.614021 0.261452
0.614798 0.297427
0.617535 0.333859
0.621365 0.371726
0.624127 0.411940
0.630318 0.459537
0.640951 0.000961
0.624861 0.016481
0.624663 0.044243
0.624727 0.073572
0.624360 0.104068
0.624127 0.138681
0.624023 0.173845
0.623794 0.208760
0.623827 0.243847
0.624266 0.279459
0.624999 0.316043
0.626652 0.352252
0.630102 0.386615
0.639424 0.422903
0.645379 0.468515
0.652732 0.000722
0.638249 0.032142
0.638922 0.058105
0.639959 0.088168
0.640091 0.121033
0.640009 0.155975
0.639668 0.191463
0.639805 0.226416
0.640038 0.261808
0.640852 0.297737
0.641709 0.334613
0.644070 0.373288
0.647744 0.416150
0.653611 0.464597
0.664247 0.000787
0.648957 0.019270
0.649081 0.045782
0.651136 0.074210
0.651870 0.104274
0.651669 0.138405
0.651291 0.173546
0.651038 0.208781
0.651458 0.244181
0.652039 0.280086
0.653721 0.316720
0.656360 0.353970
0.660407 0.387632
0.663505 0.426003
0.668087 0.471364
0.675029 0.000223
0.662048 0.033625
0.661545 0.060048
0.661946 0.088614
0.661722 0.120974
0.661198 0.155735
0.661049 0.191075
0.661149 0.226477
0.661481 0.262146
0.662291 0.298734
0.664563 0.336210
0.667131 0.376159
0.670923 0.418130
0.674986 0.466602
0.686312 0.000074
0.674608 0.020271
0.674319 0.046052
0.674277 0.074596
0.673748 0.104304
0.673530 0.138145
0.673225 0.173538
0.673092 0.208841
0.673222 0.244362
0.673667 0.280582
0.674505 0.317994
0.676183 0.355221
0.679594 0.390253
0.684186 0.429523
0.688485 0.476065
0.696870 0.000108
0.686752 0.034011
0.686493 0.060500
0.686286 0.088438
0.686047 0.120785
0.685906 0.155589
0.685637 0.191066
0.685738 0.226469
0.685827 0.262414
0.686614 0.299271
0.687701 0.337396
0.689440 0.377956
0.692573 0.420373
0.697084 0.467434
0.707606 0.000139
0.698228 0.020754
0.697673 0.046495
0.697903 0.074652
0.697751 0.104091
0.697313 0.137851
0.697114 0.173282
0.697092 0.208828
0.697289 0.244376
0.697824 0.281018
0.698779 0.318533
0.700780 0.356256
0.703300 0.391919
0.706818 0.432258
0.709077 0.477248
0.718001 0.000550
0.709773 0.034027
0.709177 0.060899
0.708879 0.088539
0.708766 0.120677
0.708408 0.155567
0.708240 0.191127
0.708239 0.226717
0.708659 0.262775
0.709420 0.299985
0.710811 0.338428
0.712500 0.379223
0.715296 0.421999
0.718270 0.468747
0.728368 0.000976
0.721305 0.020898
0.720838 0.046354
0.720694 0.074510
0.720279 0.103998
0.719970 0.137664
0.719842 0.173332
0.719926 0.208961
0.720013 0.244760
0.720424 0.281455
0.721313 0.319278
0.722458 0.357485
0.724638 0.393998
0.727159 0.434753
0.728497 0.478409
0.738685 0.000757
0.732843 0.034174
0.732322 0.060777
0.732134 0.088363
0.731851 0.120453
0.731659 0.155297
0.731629 0.191067
0.731438 0.226820
0.731734 0.263127
0.732338 0.300491
0.733351 0.339290
0.734449 0.380363
0.736595 0.422810
0.738801 0.469735
0.749028 0.000202
0.744358 0.020884
0.743887 0.046201
0.743645 0.074278
0.743419 0.103955
0.743411 0.137748
0.743347 0.173127
0.743194 0.208925
0.743171 0.244916
0.743426 0.281852
0.744081 0.319945
0.745371 0.358001
0.746686 0.395436
0.748352 0.436245
0.750133 0.479273
0.759188 0.000255
0.755454 0.033969
0.755258 0.060803
0.754905 0.088261
0.754748 0.120300
0.754786 0.155344
0.754745 0.191087
0.754760 0.226943
0.754899 0.263285
0.755150 0.300845
0.755853 0.339951
0.756434 0.380935
0.757710 0.423150
0.759197 0.469397
0.769552 0.000399
0.767004 0.020683
0.766684 0.045949
0.766524 0.074154
0.766369 0.103863
0.766326 0.137511
0.766232 0.173110
0.766116 0.208914
0.766053 0.244905
0.766492 0.282145
0.766924 0.320406
0.767434 0.358528
0.768149 0.396637
0.769130 0.437503
0.769847 0.480248
0.779653 0.000139
0.778131 0.033854
0.777988 0.060766
0.777839 0.088140
0.777773 0.120447
0.777748 0.155409
0.777661 0.191053
0.777713 0.226949
0.777806 0.263472
0.777864 0.301134
0.778229 0.340288
0.778544 0.381291
0.779220 0.423501
0.779807 0.469191
0.789889 0.000759
0.789347 0.020507
0.789252 0.045893
0.789211 0.074197
0.789134 0.103754
0.789345 0.137496
0.789379 0.173115
0.789198 0.208827
0.789156 0.244990
0.789201 0.282037
0.789303 0.320346
0.789502 0.358519
0.789512 0.396999
0.789887 0.438050
0.789054 0.480200
0.800090 0.000995
0.800609 0.033760
0.800680 0.060871
0.800665 0.088206
0.800810 0.120350
0.800714 0.155199
0.800799 0.191070
0.800730 0.226936
0.800679 0.263489
0.800682 0.301216
0.800601 0.340277
0.800586 0.381241
0.800182 0.423586
0.799954 0.470093
0.810291 0.000524
0.811742 0.020621
0.811898 0.045992
0.812044 0.074054
0.812323 0.103807
0.812281 0.137587
0.812188 0.173028
0.812311 0.208901
0.812301 0.244943
0.812320 0.282100
0.811788 0.320357
0.811534 0.358678
0.811211 0.396791
0.810615 0.438076
0.810462 0.480024
0.820479 0.000924
0.822994 0.033912
0.823318 0.060969
0.823642 0.088330
0.823661 0.120303
0.823907 0.155337
0.823852 0.191139
0.823858 0.226889
0.823693 0.263441
0.823440 0.300989
0.822823 0.340141
0.822339 0.380941
0.821449 0.423349
0.820641 0.469226
0.830679 0.000144
0.834156 0.020832
0.834625 0.046232
0.834838 0.074361
0.835079 0.103847
0.835160 0.137669
0.835336 0.173058
0.835469 0.208918
0.835341 0.244836
0.835027 0.282002
0.834515 0.319855
0.833549 0.358287
0.832532 0.396035
0.830858 0.437176
0.829805 0.479838
0.840964 0.000599
0.845435 0.034143
0.846064 0.061048
0.846274 0.088363
0.846748 0.120477
0.846785 0.155502
0.846904 0.190988
0.846901 0.226827
0.846708 0.263218
0.846110 0.300567
0.845399 0.339530
0.844556 0.380701
0.842782 0.423349
0.840628 0.469738
0.851085 0.000121
0.856714 0.021136
0.857344 0.046439
0.857657 0.074492
0.858081 0.103926
0.858305 0.137594
0.858282 0.173212
0.858451 0.208978
0.858267 0.244815
0.858049 0.281786
0.857315 0.319669
0.856058 0.357657
0.854142 0.394527
0.852375 0.435645
0.851213 0.479153
0.861501 0.000310
0.868400 0.034268
0.868856 0.061138
0.869316 0.088573
0.869718 0.120564
0.870043 0.155459
0.870075 0.191122
0.870003 0.226854
0.869774 0.263134
0.869224 0.300108
0.867988 0.338856
0.866510 0.380024
0.864056 0.422740
0.861544 0.468680
0.871615 0.000016
0.879827 0.020995
0.880316 0.046608
0.880537 0.074746
0.881035 0.104278
0.881384 0.137952
0.881532 0.173200
0.881587 0.209032
0.881378 0.244620
0.880728 0.281257
0.879666 0.318994
0.878235 0.356929
0.875946 0.392839
0.872761 0.433607
0.869892 0.477951
0.882054 0.000189
0.891305 0.034191
0.891636 0.060973
0.891761 0.088732
0.892143 0.120683
0.892455 0.155433
0.892526 0.191110
0.892457 0.226605
0.892229 0.262624
0.891319 0.299604
0.890380 0.337810
0.888421 0.378295
0.885459 0.421231
0.882229 0.469105
0.892304 0.000119
0.902558 0.020573
0.902877 0.046524
0.902748 0.074775
0.902958 0.104316
0.903311 0.138033
0.903478 0.173430
0.903517 0.208919
0.903309 0.244597
0.903081 0.280748
0.902542 0.318296
0.901250 0.355803
0.898501 0.391327
0.894399 0.431321
0.891686 0.476638
0.903103 0.000954
0.913633 0.033960
0.914325 0.060659
0.914766 0.088821
0.915052 0.121039
0.915117 0.155759
0.915310 0.191222
0.915338 0.226683
0.915101 0.262524
0.914725 0.299369
0.913827 0.337012
0.912080 0.377061
0.908295 0.419119
0.903792 0.466731
0.913605 0.000056
0.926373 0.019616
0.926559 0.045839
0.925966 0.074683
0.926189 0.104543
0.926689 0.138265
0.926826 0.173484
0.926870 0.208727
0.926624 0.244482
0.926259 0.280701
0.925287 0.317688
0.923169 0.354796
0.919068 0.389007
0.915467 0.428179
0.911812 0.474712
0.924326 0.000214
0.937935 0.033012
0.937249 0.059966
0.935921 0.088816
0.935986 0.121168
0.936370 0.155831
0.936485 0.191146
0.936365 0.226547
0.935984 0.262356
0.935181 0.298602
0.933490 0.335245
0.931272 0.374449
0.928598 0.417448
0.924291 0.466148
0.935143 0.000196
0.948423 0.019145
0.947729 0.045502
0.946567 0.074116
0.946308 0.104628
0.946349 0.138574
0.946378 0.173508
0.946528 0.208799
0.946222 0.244230
0.945742 0.280275
0.945025 0.316935
0.944508 0.353622
0.943103 0.387915
0.938239 0.425932
0.932770 0.470775
0.946528 0.000213
0.959038 0.032093
0.958792 0.058317
0.958312 0.088832
0.958338 0.121553
0.958505 0.156032
0.958404 0.191244
0.958270 0.226676
0.958124 0.262379
0.957703 0.298436
0.957550 0.335017
0.956554 0.373036
0.957311 0.411822
0.948273 0.461495
0.957475 0.000960
0.971888 0.014317
0.970042 0.043765
0.968073 0.073781
0.967450 0.104967
0.967882 0.139173
0.967844 0.173957
0.967855 0.209355
0.967644 0.244705
0.967081 0.280358
0.966440 0.317045
0.964853 0.353250
0.962830 0.389474
0.954282 0.422451
0.953489 0.466521
0.968584 0.000571
0.979609 0.028734
0.977852 0.058120
0.976454 0.088676
0.975977 0.122064
0.976774 0.156230
0.976707 0.191825
0.976420 0.226989
0.976249 0.262353
0.975143 0.298764
0.974199 0.334506
0.972487 0.371055
0.970979 0.406537
0.965682 0.462763
0.980227 0.000873
0.997955 0.021189
0.994712 0.043638
0.994813 0.073770
0.994656 0.105339
0.996339 0.139189
0.994185 0.174888
0.994248 0.210262
0.994158 0.245103
0.992876 0.281192
0.994070 0.316661
0.992850 0.352954
0.990634 0.388840
0.991206 0.421527
0.983402 0.460201
0.998968 0.000460
0.999520 0.037069
0.999184 0.066303
0.999135 0.097336
0.999141 0.132234
0.999312 0.167144
0.998851 0.202350
0.999777 0.237763
0.999126 0.272172
0.999286 0.306616
0.998503 0.341153
0.996579 0.376988
0.997793 0.411310
0.988387 0.439466
0.995325 0.000262
0.999218 0.017897
0.999974 0.055133
0.999691 0.087471
0.999089 0.121200
0.999041 0.156666
0.999982 0.190808
0.999570 0.225872
0.999044 0.260993
0.999995 0.294996
0.999666 0.330479
0.999716 0.364957
0.999936 0.397979
0.999260 0.431302
0.994940 0.455445
