0.000088 0.024397
0.000515 0.054783
0.000294 0.088643
0.000780 0.125872
0.000628 0.140543
0.000964 0.283664
0.000595 0.181246
0.000197 0.197403
0.002773 0.291346
0.030176 0.301666
0.102514 0.299505
0.040674 0.284240
0.072894 0.316558
0.141989 0.269452
0.000440 0.014081
0.000231 0.034071
0.000376 0.065861
0.021270 0.081305
0.031059 0.160184
0.000965 0.212763
0.000367 0.168953
0.013362 0.266558
0.000300 0.233402
0.000742 0.248827
0.016039 0.296691
0.024781 0.274370
0.087116 0.278635
0.093816 0.292901
0.144978 0.247160
0.000802 0.000142
0.000557 0.044002
0.000502 0.076755
0.000574 0.101124
0.000020 0.113094
0.015207 0.163293
0.000033 0.154998
0.019341 0.241297
0.000153 0.221539
0.033954 0.252626
0.044884 0.262355
0.068711 0.274123
0.057369 0.303326
0.127315 0.287807
0.002464 0.000701
0.022685 0.030760
0.021862 0.056790
0.020405 0.103987
0.013728 0.134570
0.032049 0.183257
0.046560 0.154460
0.022992 0.208285
0.027969 0.227670
0.049687 0.210202
0.043810 0.233336
0.061366 0.261898
0.045156 0.305627
0.075154 0.309992
0.179954 0.269049
0.015787 0.000523
0.045811 0.044326
0.031499 0.046138
0.035097 0.096251
0.027773 0.121395
0.014586 0.192091
0.048263 0.174183
0.037509 0.199355
0.063309 0.220528
0.093680 0.212742
0.058565 0.237416
0.128974 0.248389
0.077176 0.251091
0.161025 0.273485
0.034212 0.000884
0.025261 0.000430
0.049807 0.063184
0.031752 0.070176
0.029902 0.142121
0.043593 0.112381
0.044480 0.129251
0.057071 0.143891
0.054719 0.188428
0.067913 0.196353
0.083429 0.200577
0.079582 0.227370
0.114930 0.245014
0.103480 0.268480
0.205420 0.258093
0.043278 0.000193
0.035083 0.024917
0.044864 0.080366
0.055890 0.094948
0.059936 0.116078
0.068983 0.133144
0.065232 0.161013
0.079021 0.162406
0.079683 0.180990
0.103553 0.192608
0.094802 0.233325
0.092700 0.251564
0.113598 0.227076
0.116751 0.290878
0.052459 0.000223
0.051780 0.024894
0.061771 0.040413
0.067156 0.061335
0.064676 0.078202
0.073477 0.096345
0.075289 0.115777
0.083857 0.141595
0.094253 0.154546
0.097486 0.176218
0.113102 0.206433
0.129193 0.201083
0.130886 0.221517
0.178519 0.209588
0.172635 0.255528
0.061595 0.000207
0.070300 0.024478
0.076886 0.043436
0.080112 0.070698
0.086705 0.090034
0.091253 0.110924
0.095696 0.126679
0.110080 0.135004
0.110530 0.158229
0.116588 0.174989
0.129981 0.178561
0.151552 0.232725
0.120179 0.266991
0.162137 0.217084
0.070514 0.000336
0.079654 0.000034
0.085270 0.027211
0.090451 0.049778
0.095819 0.066647
0.101210 0.083662
0.106919 0.100956
0.113092 0.116086
0.123300 0.145754
0.133701 0.157402
0.147044 0.163741
0.144751 0.209382
0.190826 0.222789
0.183898 0.236062
0.211677 0.277765
0.088389 0.000224
0.098905 0.026407
0.105784 0.042602
0.111959 0.061994
0.117667 0.077399
0.124157 0.092788
0.132170 0.105051
0.128453 0.124216
0.140165 0.135919
0.164418 0.156713
0.145185 0.188785
0.174124 0.171180
0.166832 0.195663
0.198899 0.282802
0.097340 0.000452
0.114748 0.000618
0.113981 0.026062
0.121256 0.044024
0.130008 0.060206
0.136135 0.076521
0.145234 0.088318
0.145533 0.112808
0.156788 0.120512
0.153806 0.143536
0.185335 0.151994
0.158397 0.182856
0.214392 0.193078
0.200395 0.238362
0.188882 0.276147
0.106027 0.000439
0.129108 0.025316
0.138358 0.040661
0.147227 0.052643
0.151825 0.067663
0.165704 0.079821
0.158559 0.095346
0.171470 0.105374
0.170708 0.125473
0.174252 0.141873
0.191251 0.167428
0.185830 0.187683
0.205446 0.215026
0.168667 0.237638
0.123494 0.000451
0.149478 0.000448
0.144339 0.025484
0.161008 0.040865
0.166423 0.058082
0.178679 0.069602
0.181187 0.088889
0.187481 0.108461
0.187992 0.126852
0.203839 0.130414
0.202167 0.149386
0.205978 0.176551
0.229732 0.193805
0.223410 0.230858
0.227329 0.260954
0.132210 0.000362
0.158805 0.026279
0.178136 0.039814
0.186360 0.054346
0.195465 0.071438
0.198084 0.091486
0.204149 0.108514
0.217083 0.118611
0.219026 0.137471
0.218440 0.155656
0.221125 0.173547
0.195209 0.197424
0.237721 0.208674
0.244422 0.223793
0.140955 0.000188
0.183532 0.000784
0.174110 0.024191
0.196735 0.040198
0.210994 0.075819
0.215785 0.092990
0.228325 0.102697
0.237642 0.137699
0.233802 0.154421
0.250776 0.143648
0.240410 0.169664
0.242996 0.184967
0.259198 0.234529
0.242926 0.242902
0.218111 0.248572
0.157950 0.000899
0.189991 0.025156
0.205029 0.056460
0.226344 0.071341
0.234891 0.085895
0.245646 0.102712
0.234157 0.119195
0.262840 0.133219
0.258454 0.160304
0.259321 0.178609
0.271624 0.188851
0.220038 0.219408
0.240816 0.282113
0.227345 0.279904
0.166505 0.000222
0.205636 0.024277
0.214686 0.038234
0.220588 0.054826
0.246541 0.070784
0.253656 0.086856
0.251521 0.119576
0.282313 0.130698
0.270849 0.149489
0.276237 0.165706
0.287495 0.177405
0.256242 0.199555
0.260403 0.214778
0.249682 0.256659
0.250584 0.279049
0.174958 0.000869
0.231137 0.038287
0.237318 0.056851
0.263516 0.071991
0.272303 0.088217
0.262765 0.103511
0.288200 0.146372
0.306360 0.146257
0.295472 0.161340
0.300314 0.190669
0.281650 0.199704
0.276064 0.218318
0.273900 0.242116
0.291108 0.289679
0.191964 0.001049
0.222670 0.022876
0.247095 0.041191
0.256224 0.056102
0.290578 0.086437
0.282032 0.103098
0.271910 0.117123
0.323089 0.137137
0.316253 0.160249
0.334882 0.201600
0.319035 0.188915
0.296040 0.241276
0.289395 0.223663
0.294269 0.267208
0.299089 0.298907
0.200459 0.000683
0.239964 0.024135
0.263990 0.039446
0.280422 0.071367
0.301067 0.099195
0.292565 0.116419
0.302361 0.130403
0.331057 0.151393
0.308361 0.175080
0.316822 0.205563
0.298188 0.207859
0.311003 0.239758
0.267569 0.261461
0.268741 0.281344
0.208810 0.000206
0.258816 0.000344
0.255179 0.024828
0.273996 0.055349
0.310046 0.082489
0.320812 0.095274
0.310704 0.111518
0.321381 0.121922
0.346297 0.160527
0.329822 0.170841
0.340306 0.228200
0.331454 0.217515
0.311046 0.221818
0.317334 0.273409
0.284412 0.256364
0.217100 0.000941
0.271053 0.024246
0.280574 0.038934
0.299027 0.070559
0.328331 0.080051
0.332212 0.107750
0.340279 0.126583
0.345342 0.140003
0.352148 0.174171
0.353946 0.197056
0.359343 0.228504
0.327771 0.241005
0.332438 0.253534
0.276499 0.290320
0.225549 0.000142
0.291753 0.000269
0.287069 0.023768
0.290715 0.056507
0.315735 0.065448
0.341475 0.093884
0.347563 0.111568
0.361269 0.128509
0.360468 0.145623
0.394489 0.167812
0.365900 0.183739
0.339399 0.185071
0.354125 0.243988
0.374332 0.238339
0.310429 0.261835
0.233918 0.000668
0.304383 0.022913
0.296483 0.038011
0.307321 0.051707
0.345217 0.077781
0.359737 0.097967
0.365951 0.112692
0.377400 0.142463
0.367839 0.158671
0.388443 0.204384
0.357649 0.210776
0.395033 0.232803
0.309642 0.297925
0.339425 0.270127
0.242319 0.000883
0.316405 0.000702
0.313574 0.034572
0.324738 0.046457
0.331451 0.062495
0.361257 0.082859
0.380504 0.106674
0.379341 0.125398
0.376072 0.169279
0.410822 0.170274
0.385929 0.183440
0.372464 0.198841
0.392253 0.252475
0.327248 0.291432
0.359639 0.258291
0.250609 0.000891
0.323605 0.021814
0.342862 0.046256
0.347837 0.062241
0.364593 0.066391
0.377469 0.090576
0.395103 0.116833
0.390235 0.151483
0.409752 0.155118
0.416462 0.185059
0.373952 0.221212
0.408137 0.239260
0.353085 0.293721
0.375385 0.258256
0.267060 0.000473
0.340976 0.000018
0.333657 0.032390
0.361354 0.049513
0.378225 0.054438
0.378595 0.073783
0.396039 0.100395
0.394583 0.133335
0.408409 0.141281
0.428434 0.162394
0.428546 0.195749
0.392653 0.217208
0.427964 0.237140
0.373788 0.275987
0.419079 0.252956
0.275318 0.000777
0.344979 0.021975
0.353749 0.034135
0.391686 0.061866
0.393034 0.083352
0.409855 0.089328
0.431573 0.123608
0.411602 0.120074
0.421627 0.134418
0.430360 0.148068
0.399747 0.189707
0.351938 0.276513
0.452519 0.330356
0.365351 0.296961
0.283581 0.000320
0.365313 0.000274
0.388582 0.043071
0.372350 0.036629
0.407110 0.057131
0.428795 0.091822
0.413568 0.104420
0.449407 0.112138
0.446893 0.127141
0.446469 0.168429
0.432673 0.177337
0.435380 0.206888
0.423896 0.225171
0.410023 0.202302
0.381276 0.288194
0.299929 0.000096
0.364540 0.022714
0.405850 0.041666
0.423841 0.047064
0.404851 0.072728
0.422957 0.078168
0.429423 0.108365
0.446020 0.140894
0.451536 0.154168
0.447348 0.189748
0.442588 0.218611
0.464178 0.259950
0.337776 0.298927
0.398475 0.262704
0.308191 0.000038
0.381223 0.022460
0.417166 0.031301
0.422794 0.063157
0.440103 0.069474
0.481620 0.100861
0.465462 0.122009
0.444538 0.098264
0.466212 0.106787
0.455918 0.203603
0.473868 0.204894
0.464297 0.218227
0.453913 0.230085
0.439623 0.259853
0.413177 0.216503
0.324619 0.000388
0.393683 0.028981
0.427417 0.022526
0.436343 0.035890
0.458841 0.062532
0.444771 0.082609
0.483309 0.116777
0.489535 0.144001
0.469642 0.163875
0.458945 0.176889
0.468949 0.187644
0.460554 0.246116
0.394066 0.308833
0.411843 0.271029
0.332847 0.000704
0.405712 0.000853
0.406174 0.021337
0.444862 0.022655
0.438301 0.054066
0.460415 0.077578
0.463364 0.092657
0.483775 0.131782
0.464820 0.137015
0.482654 0.174351
0.485373 0.192428
0.428635 0.269562
0.460072 0.272178
0.403263 0.283746
0.411475 0.313300
0.349119 0.000480
0.463182 0.022300
0.453486 0.049815
0.477972 0.083414
0.493872 0.089137
0.508027 0.137176
0.488020 0.158913
0.470391 0.149736
0.478746 0.249930
0.441793 0.244139
0.475921 0.233763
0.479378 0.282070
0.414727 0.365724
0.377944 0.307839
0.357256 0.000957
0.413826 0.001093
0.478371 0.001145
0.478999 0.022853
0.453868 0.035188
0.510305 0.084709
0.499656 0.123840
0.498637 0.106569
0.493639 0.209043
0.503294 0.166040
0.445312 0.303245
0.488150 0.269655
0.429820 0.294907
0.438704 0.281475
0.495370 0.341418
0.373379 0.000584
0.462226 0.000223
0.469459 0.037275
0.474499 0.052757
0.531214 0.139408
0.532342 0.153921
0.509127 0.150938
0.505670 0.197175
0.493755 0.243769
0.433226 0.326355
0.427888 0.311819
0.390264 0.361284
0.404463 0.296592
0.457691 0.287065
0.381513 0.000072
0.454157 0.000958
0.486322 0.000489
0.508681 0.021869
0.527768 0.060931
0.540763 0.198845
0.523029 0.190984
0.517807 0.178421
0.630567 0.641250
0.409974 0.398666
0.441909 0.422387
0.911496 0.396647
0.589928 0.382512
0.395445 0.378158
0.426451 0.350334
0.421932 0.000284
0.470328 0.000792
0.605523 0.034227
0.491497 0.058647
0.485549 0.039164
0.519195 0.207243
0.507423 0.219122
0.497669 0.181573
0.505902 0.278649
0.483198 0.221373
0.457483 0.355636
0.417148 0.373457
0.446598 0.343941
0.426023 0.339200
0.397541 0.000196
0.438032 0.000210
0.510299 0.000401
0.493305 0.024996
0.639997 0.620885
0.513987 0.098406
0.608348 0.365548
0.501491 0.232849
0.461044 0.314813
0.492052 0.294259
0.909923 0.404766
0.622733 0.363779
0.625689 0.366820
0.442025 0.423584
0.387115 0.365542
0.534467 0.000597
0.502192 0.000029
0.429962 0.001030
0.152298 0.273697
0.509056 0.059101
0.520591 0.128896
0.471379 0.299540
0.643654 0.629323
0.577659 0.379499
0.478090 0.432279
0.899752 0.386746
0.601159 0.374162
0.466230 0.430120
0.470072 0.397276
0.598468 0.000743
0.550451 0.000331
0.389623 0.001032
0.494243 0.000293
0.542790 0.022369
0.494830 0.073600
0.514562 0.113921
0.539771 0.183275
0.521558 0.289533
0.502630 0.378103
0.474677 0.323378
0.463938 0.376893
0.508685 0.387496
0.460143 0.406596
0.555769 0.394527
0.590483 0.000520
0.518470 0.000459
0.446111 0.001068
0.510265 0.035242
0.476340 0.067797
0.900031 0.401871
0.410056 0.399690
0.469014 0.359527
0.484143 0.408186
0.630177 0.631440
0.458555 0.383799
0.483969 0.427671
0.570406 0.393009
0.528596 0.344145
0.614614 0.000689
0.566473 0.000638
0.524636 0.022813
0.526493 0.000783
0.516066 0.072700
0.521222 0.044870
0.530979 0.090157
0.520046 0.162836
0.539391 0.168614
0.501255 0.259566
0.522375 0.270604
0.487137 0.356203
0.556940 0.388284
0.506174 0.408442
0.557475 0.281967
0.630812 0.000421
0.542433 0.000371
0.550157 0.037264
0.533862 0.035234
0.499666 0.045395
0.531180 0.105830
0.548519 0.144767
0.554031 0.159414
0.561622 0.173412
0.518260 0.237828
0.478556 0.335578
0.528314 0.325748
0.510119 0.403167
0.511624 0.367306
0.638750 0.000336
0.558461 0.000681
0.574750 0.022947
0.568222 0.037315
0.558435 0.050735
0.535245 0.120833
0.550370 0.129747
0.564899 0.140971
0.558232 0.186499
0.518388 0.254573
0.540761 0.285883
0.543887 0.301022
0.506240 0.352086
0.535145 0.251110
0.516169 0.327961
0.654942 0.000222
0.592734 0.022077
0.585570 0.034445
0.558701 0.022890
0.539933 0.051127
0.534696 0.075030
0.547201 0.098513
0.551079 0.114764
0.573380 0.164544
0.548451 0.224658
0.545132 0.266841
0.529044 0.228271
0.515937 0.302802
0.494978 0.319565
0.662907 0.000109
0.574503 0.000662
0.611565 0.021819
0.548957 0.065598
0.579571 0.050404
0.567474 0.062540
0.549811 0.082428
0.564514 0.093010
0.569776 0.124166
0.584898 0.177781
0.558442 0.202115
0.545652 0.240948
0.592977 0.280862
0.593532 0.318573
0.605283 0.316309
0.679080 0.000378
0.582500 0.000777
0.606541 0.000420
0.596466 0.046600
0.566722 0.077326
0.582362 0.100412
0.566799 0.108034
0.577103 0.150878
0.593397 0.160975
0.577516 0.191685
0.535601 0.214325
0.560685 0.259005
0.551585 0.324387
0.529018 0.348475
0.687115 0.000496
0.622695 0.000681
0.629531 0.022981
0.616336 0.050790
0.584547 0.066327
0.582227 0.083315
0.585312 0.116652
0.583389 0.134930
0.597011 0.145356
0.611715 0.158686
0.562478 0.217954
0.576937 0.206627
0.579196 0.227825
0.588889 0.245014
0.628651 0.310895
0.703333 0.000192
0.641261 0.034593
0.629807 0.063754
0.621736 0.035709
0.600907 0.060814
0.598893 0.077653
0.598085 0.093661
0.599919 0.128304
0.616356 0.192382
0.603589 0.175080
0.592492 0.218516
0.571829 0.276965
0.500720 0.310689
0.580681 0.312512
0.711562 0.000224
0.646843 0.000922
0.648212 0.021851
0.634141 0.047862
0.614488 0.069478
0.615144 0.086993
0.601258 0.110517
0.615435 0.123892
0.614241 0.141641
0.623877 0.206925
0.597998 0.190296
0.600856 0.234009
0.565136 0.238649
0.575308 0.253240
0.592968 0.264928
0.719611 0.000147
0.660980 0.029172
0.652902 0.045237
0.645613 0.063158
0.632172 0.078535
0.615799 0.104345
0.630096 0.115617
0.631573 0.147372
0.620885 0.175424
0.600569 0.205036
0.639299 0.276043
0.607914 0.259761
0.581234 0.290069
0.543574 0.315608
0.736009 0.000897
0.670954 0.000267
0.673786 0.022364
0.669217 0.044033
0.661527 0.061064
0.654359 0.077466
0.629950 0.095833
0.632691 0.131282
0.630250 0.162016
0.635000 0.187887
0.649871 0.218350
0.661413 0.203025
0.620405 0.274384
0.609167 0.303864
0.655273 0.305887
0.744165 0.000078
0.691830 0.024115
0.681785 0.035782
0.679608 0.056061
0.672394 0.072810
0.645927 0.090610
0.645310 0.107095
0.650114 0.157209
0.643518 0.172092
0.642039 0.201568
0.612806 0.220490
0.570546 0.313904
0.669059 0.252620
0.636266 0.293124
0.752415 0.000130
0.695247 0.000087
0.707176 0.022993
0.696130 0.041751
0.692637 0.063083
0.665790 0.089589
0.661019 0.106280
0.649246 0.124385
0.649859 0.141709
0.663977 0.174512
0.634383 0.221075
0.651796 0.236317
0.616381 0.246187
0.685346 0.298964
0.639409 0.312627
0.760623 0.000930
0.723963 0.023554
0.712329 0.036890
0.705711 0.054594
0.686619 0.080330
0.680779 0.096885
0.665566 0.124680
0.667786 0.157029
0.654886 0.187069
0.688706 0.209900
0.614926 0.287121
0.632416 0.258633
0.715163 0.294447
0.692917 0.276034
0.768827 0.000819
0.727801 0.000631
0.742626 0.022093
0.723427 0.051065
0.702615 0.077158
0.697441 0.096424
0.677702 0.111898
0.667775 0.140686
0.679325 0.174182
0.626946 0.234872
0.691100 0.190059
0.667167 0.229962
0.683238 0.240225
0.666048 0.301945
0.675421 0.279891
0.785455 0.000288
0.762222 0.024746
0.731223 0.036107
0.716892 0.067328
0.714197 0.090712
0.694852 0.114916
0.684717 0.128552
0.685324 0.145300
0.674624 0.193656
0.711747 0.221227
0.708965 0.240661
0.645255 0.250411
0.684860 0.259746
0.657348 0.265441
0.793770 0.000248
0.777538 0.023442
0.749847 0.033658
0.743642 0.048854
0.726615 0.080908
0.710733 0.108487
0.725947 0.118970
0.709894 0.126566
0.688354 0.160619
0.705507 0.157343
0.674844 0.216433
0.692738 0.226591
0.722495 0.263155
0.761088 0.260181
0.709889 0.275599
0.802091 0.000133
0.785064 0.039204
0.761155 0.050855
0.734738 0.063966
0.742766 0.082703
0.729054 0.101154
0.743093 0.114879
0.701998 0.139077
0.730646 0.180158
0.733956 0.220975
0.727813 0.237124
0.703558 0.253748
0.695604 0.297907
0.659160 0.282753
0.818964 0.000595
0.777097 0.001083
0.794094 0.023939
0.770556 0.039913
0.769630 0.064222
0.751595 0.066044
0.746974 0.098026
0.728880 0.135932
0.716317 0.169407
0.699642 0.177250
0.714883 0.188245
0.750263 0.206738
0.765346 0.227633
0.736655 0.283321
0.725597 0.291904
0.827216 0.000346
0.810046 0.023872
0.801888 0.039246
0.789799 0.054679
0.777767 0.087394
0.760934 0.081146
0.745253 0.132351
0.745020 0.150485
0.718931 0.147890
0.745933 0.175781
0.721391 0.208180
0.755520 0.192519
0.746686 0.268997
0.733909 0.251891
0.835693 0.000506
0.810511 0.000304
0.826002 0.024375
0.809659 0.054886
0.782900 0.068664
0.791484 0.101427
0.764105 0.098704
0.760298 0.117865
0.761139 0.136823
0.703534 0.203971
0.734172 0.197340
0.749885 0.225955
0.783449 0.220342
0.768028 0.288742
0.755426 0.287418
0.852773 0.000591
0.841794 0.024631
0.818714 0.039258
0.802145 0.069437
0.793974 0.083978
0.813951 0.086981
0.777037 0.110334
0.776404 0.127768
0.732598 0.160068
0.757802 0.164517
0.766138 0.182208
0.781790 0.195396
0.752744 0.244459
0.787532 0.236483
0.861342 0.000947
0.844221 0.000607
0.856140 0.025193
0.835004 0.040737
0.827986 0.057498
0.819555 0.071640
0.808609 0.102012
0.795172 0.119724
0.791280 0.136817
0.767553 0.152373
0.777289 0.168016
0.792010 0.187958
0.798506 0.210584
0.770059 0.207174
0.774563 0.247850
0.878804 0.000766
0.870364 0.023981
0.851692 0.042067
0.844752 0.059038
0.835787 0.076177
0.831485 0.093077
0.824923 0.108313
0.811744 0.120542
0.805880 0.142560
0.784550 0.151680
0.794364 0.166946
0.808776 0.196240
0.820393 0.212820
0.834813 0.287434
0.887543 0.000504
0.870104 0.000851
0.885715 0.025117
0.867044 0.042428
0.858706 0.062665
0.852294 0.079316
0.849538 0.097006
0.842369 0.112142
0.834426 0.128265
0.821377 0.136064
0.808839 0.159761
0.826274 0.171660
0.852071 0.217791
0.819064 0.264270
0.780015 0.284170
0.896182 0.000201
0.900141 0.026167
0.883265 0.042871
0.875501 0.059167
0.874560 0.075895
0.865665 0.089457
0.867037 0.107752
0.856854 0.121042
0.849923 0.136495
0.841878 0.150152
0.824768 0.153681
0.810659 0.180020
0.837467 0.213549
0.808396 0.226538
0.905027 0.000854
0.913855 0.000806
0.913074 0.025909
0.898198 0.044282
0.892214 0.062175
0.891280 0.079132
0.882153 0.095572
0.882671 0.115987
0.874240 0.130291
0.865370 0.144773
0.862550 0.159704
0.847901 0.168478
0.828555 0.193824
0.861504 0.260186
0.780304 0.271488
0.922838 0.000210
0.928359 0.022566
0.912303 0.045524
0.908587 0.066023
0.904229 0.088361
0.897222 0.106579
0.895792 0.126221
0.889437 0.143314
0.880986 0.156522
0.874267 0.175759
0.861002 0.185097
0.869401 0.213165
0.851774 0.197534
0.831024 0.232034
0.931969 0.000488
0.940415 0.032597
0.928256 0.041268
0.923433 0.062605
0.918441 0.082384
0.912367 0.106111
0.912131 0.128367
0.905341 0.146202
0.901828 0.163538
0.888800 0.178252
0.897416 0.197653
0.878246 0.196985
0.839311 0.182056
0.850021 0.235842
0.797055 0.262214
0.940754 0.000134
0.947871 0.047745
0.936629 0.059581
0.933303 0.083884
0.928230 0.100127
0.927061 0.120601
0.921096 0.153401
0.920746 0.173715
0.908413 0.183019
0.913833 0.204507
0.904015 0.220021
0.885364 0.213132
0.884385 0.236252
0.804295 0.280635
0.949854 0.000732
0.952924 0.022047
0.962321 0.036461
0.947651 0.076111
0.946982 0.098523
0.941493 0.118976
0.931084 0.138746
0.935987 0.163701
0.939282 0.183889
0.926953 0.195048
0.934692 0.214523
0.905321 0.241250
0.918684 0.253713
0.847420 0.252318
0.892564 0.253531
0.958965 0.000298
0.971769 0.023195
0.958059 0.063817
0.959390 0.085694
0.962721 0.147115
0.964430 0.179923
0.951728 0.165096
0.948405 0.215466
0.953018 0.235404
0.933259 0.237184
0.919857 0.228432
0.908003 0.269226
0.870720 0.234167
0.884849 0.293371
0.967978 0.000435
0.986970 0.000386
0.980875 0.035832
0.972849 0.099465
0.961547 0.110830
0.954625 0.128294
0.952431 0.194715
0.966678 0.205804
0.966554 0.225959
0.950357 0.257532
0.966956 0.286627
0.963248 0.316681
0.875583 0.293413
0.876501 0.257058
0.815094 0.283890
0.977157 0.000546
0.970233 0.050268
0.971175 0.075201
0.980046 0.118987
0.969850 0.130827
0.944497 0.145660
0.971659 0.243627
0.964236 0.261734
0.998989 0.259510
0.953749 0.280594
0.996727 0.305848
0.937504 0.262964
0.895488 0.278670
0.802873 0.245968
0.999358 0.000121
0.999045 0.036611
0.980800 0.062493
0.983675 0.089788
0.999924 0.104903
0.986352 0.167514
0.999759 0.142019
0.998982 0.155192
0.982007 0.289811
0.999135 0.270645
0.986780 0.316926
0.971184 0.315476
0.935875 0.303955
0.999898 0.232319
0.839652 0.269384
0.999866 0.001331
0.999018 0.047016
0.999978 0.069266
0.999616 0.093222
0.998914 0.116518
0.969864 0.162513
0.981444 0.218404
0.989706 0.267488
0.991218 0.246875
0.999823 0.204938
0.999959 0.303791
0.931244 0.279429
0.822207 0.246931
0.920737 0.298524
0.999383 0.016072
0.999844 0.026405
0.999320 0.058062
0.999535 0.080586
0.984021 0.144207
0.999784 0.128676
0.992193 0.199302
0.977842 0.186840
0.999588 0.219353
0.999378 0.169034
0.999117 0.185820
0.913350 0.290654
0.949318 0.306177
0.848561 0.284597
0.866454 0.281461
