0.000738 0.024439
0.000040 0.054912
0.000106 0.088720
0.000502 0.125754
0.000141 0.140567
0.001119 0.284192
0.000180 0.181296
0.000153 0.197279
0.001318 0.293115
0.029422 0.304110
0.101536 0.301542
0.039844 0.286663
0.071910 0.318790
0.140088 0.271084
0.000421 0.014157
0.000040 0.034117
0.000126 0.065978
0.021127 0.081595
0.031103 0.161256
0.001018 0.212944
0.000394 0.168968
0.012301 0.268943
0.000050 0.234192
0.000818 0.249430
0.015129 0.298844
0.023788 0.276658
0.085817 0.280910
0.092545 0.294954
0.143939 0.248807
0.000585 0.001147
0.000433 0.044068
0.000383 0.076839
0.000559 0.101083
0.000794 0.113067
0.015280 0.164311
0.000297 0.154949
0.019099 0.243786
0.000133 0.221684
0.033314 0.254935
0.044164 0.264506
0.067879 0.276596
0.056502 0.305647
0.126586 0.289864
0.002403 0.000561
0.022458 0.030798
0.021747 0.057071
0.020467 0.104695
0.013799 0.135252
0.031493 0.184955
0.046547 0.155286
0.022685 0.210180
0.027587 0.229461
0.049220 0.212223
0.043403 0.235226
0.060435 0.264318
0.043961 0.307972
0.074551 0.312567
0.178297 0.271282
0.015728 0.000413
0.045696 0.044533
0.031029 0.046052
0.034897 0.096475
0.027377 0.122261
0.014025 0.193441
0.048090 0.175638
0.036913 0.201078
0.062613 0.222256
0.092987 0.214375
0.058186 0.239428
0.127955 0.249973
0.076324 0.252975
0.159778 0.276230
0.034147 0.000664
0.025190 0.000048
0.049419 0.063530
0.031601 0.070529
0.029564 0.143176
0.043200 0.113003
0.044026 0.130141
0.056846 0.144990
0.054202 0.189857
0.067550 0.198077
0.082876 0.202050
0.079007 0.228983
0.114329 0.246887
0.102543 0.270294
0.203969 0.259219
0.043236 0.000320
0.034925 0.024711
0.044507 0.080576
0.055276 0.095585
0.059636 0.116900
0.068449 0.133874
0.064720 0.162119
0.078456 0.163700
0.078940 0.182284
0.102830 0.194084
0.093983 0.235260
0.091942 0.253441
0.112674 0.228854
0.115937 0.292761
0.052411 0.000911
0.051535 0.025008
0.061686 0.040463
0.066865 0.061615
0.064172 0.078727
0.072949 0.096818
0.074570 0.116516
0.083396 0.142383
0.093598 0.155501
0.096533 0.177478
0.112362 0.207962
0.128158 0.202370
0.130074 0.223207
0.177053 0.210907
0.171171 0.256429
0.061524 0.000124
0.069829 0.024508
0.076517 0.043316
0.079493 0.071042
0.085920 0.090389
0.090509 0.111434
0.094771 0.127316
0.109314 0.135669
0.110039 0.159356
0.115655 0.176263
0.129227 0.179571
0.150752 0.233933
0.119086 0.268639
0.160821 0.218188
0.070419 0.000030
0.079621 0.001121
0.084726 0.027351
0.090116 0.049929
0.095417 0.066853
0.100521 0.083796
0.106007 0.101432
0.112063 0.116615
0.122476 0.146519
0.132830 0.158508
0.146283 0.164672
0.143847 0.211096
0.189673 0.224123
0.182390 0.237573
0.209150 0.279528
0.088326 0.000362
0.098281 0.026419
0.105175 0.042529
0.111279 0.062065
0.117037 0.077552
0.123407 0.093200
0.131351 0.105614
0.127569 0.124815
0.139348 0.136711
0.163331 0.157866
0.144019 0.190182
0.173220 0.171833
0.165644 0.196833
0.197192 0.285067
0.097279 0.000308
0.114666 0.000289
0.113420 0.025896
0.120687 0.044135
0.129367 0.060139
0.135357 0.076568
0.144399 0.088677
0.144751 0.113187
0.155790 0.121066
0.152895 0.144294
0.184364 0.152318
0.157179 0.183928
0.213133 0.194137
0.198130 0.239802
0.186708 0.277829
0.105941 0.000326
0.128522 0.025336
0.137903 0.040761
0.146615 0.052759
0.151161 0.067880
0.164990 0.079932
0.157721 0.095634
0.170513 0.105655
0.169915 0.125861
0.173205 0.142240
0.190176 0.168482
0.184551 0.188451
0.203785 0.216031
0.167480 0.239399
0.123431 0.000259
0.149392 0.000011
0.143670 0.025347
0.160305 0.040761
0.165620 0.057969
0.177890 0.069723
0.180177 0.089019
0.186590 0.108903
0.187165 0.127166
0.202903 0.130850
0.201216 0.149868
0.204889 0.177339
0.228488 0.194618
0.222240 0.231919
0.225930 0.261814
0.132141 0.000514
0.158190 0.026082
0.177533 0.039653
0.185396 0.054350
0.194689 0.071503
0.196968 0.091709
0.203238 0.108670
0.216139 0.118821
0.218007 0.138036
0.217423 0.156312
0.219923 0.174534
0.193997 0.198330
0.236188 0.209280
0.242903 0.224721
0.140899 0.000860
0.183484 0.000645
0.173427 0.024256
0.195946 0.040206
0.210001 0.076022
0.214944 0.092992
0.227404 0.102943
0.236719 0.138115
0.232640 0.155004
0.249638 0.144060
0.239272 0.170188
0.241663 0.185565
0.257183 0.235707
0.241280 0.243651
0.216110 0.249483
0.157893 0.000800
0.189303 0.025129
0.204147 0.056514
0.225407 0.071414
0.233943 0.085945
0.244695 0.102991
0.233195 0.119566
0.261935 0.133596
0.257309 0.160507
0.258180 0.178991
0.270322 0.189294
0.218969 0.220315
0.238931 0.283601
0.225605 0.281049
0.166459 0.000699
0.204933 0.024184
0.213823 0.038260
0.219677 0.054924
0.245602 0.070970
0.252780 0.087060
0.250614 0.119678
0.281363 0.130972
0.269635 0.149940
0.274999 0.166158
0.286175 0.177718
0.255204 0.200068
0.258954 0.215424
0.248146 0.257489
0.248470 0.280097
0.174933 0.000725
0.230271 0.038305
0.236517 0.056927
0.262500 0.072020
0.271339 0.088225
0.261819 0.103651
0.287092 0.146760
0.305450 0.146448
0.294404 0.161647
0.299030 0.190989
0.280399 0.200294
0.274682 0.218951
0.272288 0.242910
0.289165 0.290322
0.191891 0.000649
0.221825 0.022911
0.246181 0.041129
0.255327 0.055994
0.289662 0.086516
0.281116 0.103238
0.270897 0.117358
0.322026 0.137168
0.315062 0.160338
0.333830 0.201684
0.317867 0.188775
0.294553 0.242219
0.288059 0.224191
0.292340 0.268182
0.297112 0.299928
0.200381 0.000029
0.239073 0.024184
0.263097 0.039307
0.279334 0.071391
0.300156 0.099185
0.291415 0.116692
0.301244 0.130588
0.330142 0.151516
0.307144 0.175229
0.315552 0.205931
0.296767 0.208571
0.309142 0.240515
0.265723 0.262562
0.266878 0.282178
0.208771 0.000823
0.258773 0.000597
0.254260 0.024792
0.273036 0.055300
0.309036 0.082493
0.319826 0.095435
0.309620 0.111624
0.320377 0.122007
0.345653 0.160422
0.328731 0.170807
0.338800 0.228562
0.329790 0.217747
0.309630 0.221990
0.315419 0.273633
0.282609 0.257319
0.217057 0.000507
0.270163 0.024185
0.279647 0.038920
0.298013 0.070619
0.327395 0.080084
0.331266 0.107805
0.339322 0.126656
0.344266 0.140144
0.351039 0.174215
0.352550 0.197074
0.358176 0.228147
0.326479 0.241079
0.331071 0.253992
0.274535 0.291392
0.225533 0.000210
0.291712 0.000890
0.286093 0.023772
0.289701 0.056579
0.314844 0.065386
0.340570 0.093932
0.346738 0.111593
0.360274 0.128402
0.359609 0.145489
0.393817 0.167454
0.364957 0.183577
0.338191 0.184981
0.352300 0.243996
0.372731 0.237915
0.308789 0.261853
0.233870 0.000617
0.303289 0.022876
0.295553 0.038003
0.306374 0.051701
0.344338 0.077728
0.358936 0.097752
0.365105 0.112576
0.376606 0.142439
0.367112 0.158610
0.387594 0.203907
0.356408 0.210924
0.393853 0.232563
0.307697 0.298215
0.337734 0.270587
0.242271 0.000375
0.316367 0.000548
0.312690 0.034497
0.323782 0.046333
0.330560 0.062509
0.360394 0.082794
0.379732 0.106619
0.378553 0.125128
0.375430 0.169090
0.410113 0.169980
0.384909 0.183213
0.371230 0.199032
0.390638 0.251818
0.325023 0.291895
0.358218 0.258368
0.250580 0.000608
0.322553 0.021713
0.341900 0.046150
0.346947 0.062167
0.363872 0.066327
0.376795 0.090498
0.394592 0.116689
0.389522 0.151179
0.409455 0.154908
0.415889 0.184802
0.373030 0.221131
0.407324 0.238778
0.351158 0.294253
0.373728 0.257437
0.267010 0.000242
0.340964 0.001064
0.332748 0.032301
0.360392 0.049457
0.377369 0.054270
0.377810 0.073623
0.395423 0.100268
0.393596 0.133205
0.407690 0.140939
0.428003 0.162197
0.427912 0.195294
0.391885 0.216893
0.427108 0.236697
0.371885 0.275231
0.418540 0.252136
0.275274 0.000273
0.344142 0.021875
0.352903 0.034159
0.390900 0.061828
0.392296 0.083138
0.409169 0.089142
0.431192 0.123597
0.411077 0.119998
0.421297 0.134276
0.430067 0.148013
0.398775 0.189220
0.350220 0.276449
0.452179 0.327386
0.363283 0.296483
0.283545 0.000123
0.365286 0.000537
0.387985 0.042997
0.371536 0.036604
0.406356 0.056943
0.428201 0.091767
0.412989 0.104315
0.449094 0.111895
0.446544 0.126866
0.446061 0.168197
0.431996 0.177104
0.434604 0.206384
0.423053 0.224454
0.409259 0.202140
0.379534 0.287527
0.299904 0.001192
0.363623 0.022630
0.405180 0.041543
0.423237 0.046839
0.404213 0.072640
0.422334 0.078004
0.428891 0.108375
0.445514 0.140860
0.451521 0.154079
0.446970 0.189418
0.442195 0.218337
0.463564 0.258808
0.335389 0.299276
0.396722 0.262068
0.308165 0.001098
0.380213 0.022504
0.416411 0.031193
0.422194 0.063084
0.439620 0.069314
0.481433 0.100785
0.465213 0.121914
0.443969 0.097980
0.465964 0.106711
0.455606 0.203366
0.473836 0.204314
0.463923 0.217616
0.453585 0.229546
0.439084 0.258954
0.412000 0.216244
0.324575 0.000487
0.392818 0.028807
0.426838 0.022563
0.435792 0.035823
0.458428 0.062473
0.444220 0.082390
0.482924 0.116610
0.489444 0.143841
0.469364 0.163650
0.458625 0.176653
0.468683 0.187335
0.460153 0.245614
0.391834 0.307436
0.410924 0.269835
0.332795 0.000168
0.405670 0.000378
0.405467 0.021366
0.444370 0.022635
0.437718 0.053855
0.460036 0.077568
0.462995 0.092549
0.483482 0.131642
0.464280 0.136841
0.482400 0.174165
0.485453 0.191732
0.427181 0.268511
0.459140 0.271008
0.401435 0.282396
0.409445 0.311299
0.349083 0.000356
0.462824 0.022377
0.453152 0.049742
0.477740 0.083321
0.493840 0.089055
0.507879 0.136932
0.487820 0.158659
0.470233 0.149395
0.478732 0.249198
0.441049 0.242927
0.475842 0.233089
0.479351 0.280519
0.414441 0.361317
0.375777 0.307452
0.357223 0.000785
0.413817 0.001031
0.478357 0.001092
0.478614 0.022917
0.453353 0.035164
0.510210 0.084548
0.499341 0.123728
0.498633 0.106509
0.493755 0.208593
0.503245 0.165658
0.444713 0.301173
0.487819 0.268470
0.428067 0.293032
0.437857 0.279928
0.496273 0.338169
0.373368 0.000275
0.462208 0.000898
0.469102 0.037185
0.474222 0.052702
0.531270 0.139315
0.532464 0.153656
0.509059 0.150757
0.505636 0.196773
0.493890 0.243067
0.431661 0.323743
0.425989 0.308977
0.389945 0.356920
0.402758 0.295271
0.457447 0.285431
0.381502 0.000542
0.454125 0.000389
0.486311 0.000907
0.508532 0.022038
0.527924 0.060894
0.541197 0.198560
0.523182 0.190686
0.518200 0.178147
0.631269 0.636693
0.409761 0.394137
0.441790 0.417989
0.912662 0.390992
0.589917 0.377924
0.395258 0.373687
0.425646 0.346880
0.421917 0.000525
0.470301 0.000560
0.606156 0.034256
0.491289 0.058602
0.485354 0.039036
0.519466 0.206774
0.507508 0.218401
0.497620 0.180988
0.505727 0.277438
0.482938 0.220865
0.457098 0.352117
0.417030 0.369453
0.446495 0.340749
0.424580 0.335126
0.397524 0.000774
0.438030 0.001080
0.510299 0.000468
0.493069 0.024838
0.640360 0.616689
0.514075 0.098322
0.608425 0.360837
0.501646 0.232291
0.460260 0.312424
0.492279 0.292206
0.911067 0.400564
0.622909 0.359069
0.625940 0.362206
0.441784 0.419242
0.386806 0.361108
0.534463 0.000344
0.502194 0.001368
0.429957 0.000730
0.151423 0.275697
0.509058 0.059083
0.520413 0.128833
0.471160 0.297261
0.643768 0.625185
0.577845 0.374722
0.477968 0.427769
0.901385 0.382156
0.601030 0.369478
0.466193 0.425639
0.470037 0.393063
0.598493 0.000053
0.550457 0.000055
0.389575 0.000554
0.494246 0.000090
0.543009 0.022322
0.494701 0.073499
0.514594 0.113880
0.539970 0.183141
0.522541 0.287909
0.502478 0.374071
0.474256 0.320293
0.463845 0.372762
0.508826 0.383421
0.459978 0.402228
0.555996 0.389823
0.590497 0.000294
0.518459 0.000694
0.446088 0.000870
0.510168 0.035364
0.476082 0.067779
0.901822 0.396747
0.409801 0.395324
0.468819 0.355987
0.484089 0.403882
0.630953 0.627378
0.458232 0.379857
0.483829 0.423245
0.570866 0.388403
0.529208 0.339591
0.614645 0.000554
0.566479 0.000507
0.524666 0.022785
0.526487 0.000148
0.516177 0.072600
0.521206 0.044802
0.531093 0.090065
0.520272 0.162638
0.539642 0.168400
0.501220 0.258627
0.523147 0.269826
0.486975 0.353102
0.557288 0.383878
0.506124 0.404147
0.559016 0.281507
0.630843 0.000360
0.542431 0.001002
0.550458 0.037267
0.533932 0.035170
0.499466 0.045333
0.531184 0.105766
0.548686 0.144594
0.554398 0.159319
0.562004 0.173256
0.518531 0.237195
0.478231 0.332895
0.529181 0.323755
0.510188 0.399089
0.511886 0.363582
0.638774 0.000081
0.558469 0.000444
0.575206 0.023040
0.568592 0.037318
0.558793 0.050732
0.535338 0.120895
0.550580 0.129582
0.565045 0.140991
0.558732 0.186365
0.518741 0.253562
0.541462 0.284641
0.545234 0.300110
0.506677 0.348325
0.535283 0.250517
0.517000 0.326436
0.654959 0.000906
0.593287 0.022082
0.586073 0.034524
0.559000 0.022926
0.540248 0.050993
0.534933 0.074995
0.547335 0.098496
0.551413 0.114596
0.573881 0.164495
0.549006 0.224283
0.545919 0.266301
0.529562 0.227850
0.517034 0.301028
0.495509 0.317457
0.662927 0.000793
0.574509 0.000402
0.612176 0.021866
0.549176 0.065444
0.580105 0.050435
0.568013 0.062513
0.549992 0.082325
0.564807 0.093031
0.570154 0.124157
0.585487 0.177759
0.558926 0.201982
0.546289 0.240488
0.594435 0.280687
0.595125 0.318518
0.606739 0.316422
0.679111 0.000255
0.582502 0.000418
0.606565 0.000927
0.597125 0.046621
0.566984 0.077328
0.582822 0.100365
0.567184 0.108048
0.577724 0.150783
0.593930 0.160954
0.578181 0.191570
0.535969 0.213704
0.561445 0.258338
0.553291 0.322876
0.529687 0.345299
0.687146 0.000416
0.622722 0.000454
0.630359 0.023082
0.617092 0.050878
0.585108 0.066443
0.582601 0.083394
0.585825 0.116766
0.583913 0.134970
0.597772 0.145408
0.612534 0.158763
0.563336 0.217846
0.577589 0.206464
0.579980 0.227672
0.589696 0.244787
0.630074 0.311238
0.703350 0.000794
0.641957 0.034544
0.630624 0.063923
0.622319 0.035628
0.601443 0.060821
0.599528 0.077784
0.598528 0.093626
0.600558 0.128351
0.617064 0.192414
0.604379 0.175026
0.593430 0.218534
0.572708 0.276516
0.501019 0.308427
0.582475 0.312171
0.711575 0.000649
0.646872 0.000743
0.648970 0.021812
0.634763 0.047913
0.615055 0.069437
0.615846 0.087086
0.601802 0.110528
0.616023 0.123808
0.615033 0.141608
0.624741 0.206996
0.598485 0.190412
0.601859 0.234041
0.565751 0.238404
0.576474 0.253110
0.593882 0.264776
0.719639 0.000835
0.661864 0.029102
0.653643 0.045147
0.646490 0.063001
0.632929 0.078569
0.616626 0.104421
0.630977 0.115650
0.632360 0.147335
0.621802 0.175571
0.601278 0.204819
0.640786 0.276242
0.608977 0.259810
0.582513 0.289673
0.545065 0.314246
0.736036 0.000840
0.670977 0.000065
0.674593 0.022451
0.669954 0.044000
0.662420 0.060993
0.655288 0.077460
0.630716 0.095833
0.633346 0.131362
0.631084 0.162210
0.635787 0.188014
0.651002 0.218613
0.662540 0.203374
0.621748 0.274409
0.610698 0.303952
0.656667 0.306446
0.744187 0.000984
0.692526 0.024045
0.682706 0.035805
0.680466 0.056028
0.673233 0.072906
0.646739 0.090613
0.646212 0.107165
0.651030 0.157359
0.644539 0.172207
0.643145 0.201821
0.613816 0.220730
0.571883 0.313221
0.670278 0.253007
0.637565 0.293433
0.752451 0.000977
0.695259 0.001088
0.707913 0.023033
0.697139 0.041646
0.693554 0.063117
0.666647 0.089635
0.661834 0.106388
0.650042 0.124496
0.650700 0.141828
0.664730 0.174694
0.635434 0.221232
0.652997 0.236345
0.617482 0.246143
0.686942 0.299670
0.641333 0.312920
0.760649 0.000727
0.724893 0.023390
0.713313 0.036785
0.706566 0.054528
0.687507 0.080282
0.681760 0.096965
0.666477 0.124754
0.668772 0.157323
0.655879 0.187283
0.690134 0.210527
0.616586 0.287249
0.633439 0.258824
0.716720 0.295113
0.694603 0.276687
0.768867 0.000245
0.727867 0.000505
0.743411 0.022082
0.724303 0.051052
0.703550 0.077153
0.698393 0.096565
0.678670 0.112013
0.668650 0.140860
0.680309 0.174629
0.628227 0.235035
0.692278 0.190462
0.668522 0.230461
0.684861 0.240686
0.667491 0.302461
0.676927 0.280317
0.785488 0.000106
0.763067 0.024700
0.732089 0.036241
0.717788 0.067402
0.715116 0.090836
0.695829 0.115154
0.685524 0.128651
0.686116 0.145442
0.675689 0.193993
0.713030 0.221889
0.710233 0.241248
0.646459 0.250709
0.686041 0.260032
0.658591 0.265774
0.793805 0.000906
0.778419 0.023477
0.750761 0.033699
0.744607 0.048833
0.727625 0.081052
0.711727 0.108684
0.726945 0.119112
0.710921 0.126828
0.689115 0.160852
0.706486 0.157670
0.676124 0.216688
0.694253 0.226977
0.724047 0.264171
0.762494 0.261127
0.711443 0.276608
0.802117 0.000397
0.785920 0.039228
0.762112 0.050914
0.735597 0.064085
0.743941 0.082862
0.730049 0.101202
0.744224 0.115074
0.702939 0.139303
0.731733 0.180493
0.735286 0.221377
0.729246 0.237919
0.704807 0.254274
0.697337 0.298781
0.660688 0.283401
0.819022 0.000172
0.777154 0.000681
0.794906 0.023950
0.771372 0.039786
0.770605 0.064278
0.752465 0.065983
0.747981 0.098214
0.729938 0.136228
0.717273 0.169707
0.700684 0.177573
0.715890 0.188559
0.751502 0.207325
0.766689 0.228603
0.738448 0.284328
0.727479 0.292658
0.827280 0.000763
0.810740 0.023948
0.802648 0.039414
0.790593 0.054831
0.778650 0.087575
0.761939 0.081165
0.746185 0.132684
0.746190 0.150817
0.719994 0.148211
0.747040 0.176275
0.722717 0.208743
0.756847 0.193126
0.748144 0.269863
0.735435 0.252773
0.835746 0.000409
0.810554 0.000967
0.826580 0.024343
0.810460 0.055052
0.783830 0.069007
0.792350 0.101525
0.765023 0.098853
0.761447 0.118030
0.762057 0.136991
0.704745 0.204296
0.735207 0.197974
0.751151 0.226781
0.784642 0.221360
0.769493 0.290017
0.757455 0.288686
0.852864 0.001047
0.842389 0.024682
0.819546 0.039266
0.803034 0.069501
0.794895 0.084227
0.814781 0.087152
0.778072 0.110630
0.777479 0.128135
0.733551 0.160250
0.758987 0.164939
0.767299 0.182760
0.782849 0.196171
0.754189 0.245424
0.788953 0.237555
0.861412 0.000876
0.844289 0.000156
0.856807 0.025271
0.835684 0.040752
0.828737 0.057525
0.820414 0.071824
0.809648 0.102377
0.796052 0.119985
0.792211 0.137187
0.768865 0.152607
0.778426 0.168579
0.793232 0.188383
0.799940 0.211701
0.771273 0.207899
0.775907 0.248898
0.878894 0.000332
0.870987 0.024136
0.852470 0.042141
0.845518 0.059181
0.836589 0.076330
0.832365 0.093202
0.825649 0.108606
0.812558 0.120911
0.806856 0.142985
0.785531 0.152242
0.795530 0.167397
0.809944 0.197157
0.821693 0.213735
0.836276 0.289148
0.887633 0.000742
0.870190 0.000383
0.886162 0.025180
0.867629 0.042577
0.859494 0.062801
0.852934 0.079403
0.850283 0.097255
0.843237 0.112607
0.835268 0.128539
0.822206 0.136399
0.809892 0.160300
0.827288 0.172384
0.853304 0.219210
0.820743 0.265772
0.782050 0.285663
0.896232 0.000015
0.900939 0.026124
0.883886 0.043001
0.876177 0.059327
0.875148 0.076022
0.866455 0.089859
0.867704 0.107971
0.857612 0.121407
0.850945 0.137166
0.842760 0.150922
0.825624 0.154307
0.811570 0.180617
0.838571 0.214483
0.809248 0.227615
0.905084 0.000777
0.913930 0.000446
0.913665 0.026042
0.898783 0.044453
0.892987 0.062408
0.891840 0.079370
0.882822 0.095760
0.883343 0.116297
0.875069 0.130723
0.866044 0.145401
0.863382 0.160505
0.848710 0.169055
0.829673 0.194956
0.862827 0.262003
0.781865 0.272969
0.922870 0.000181
0.928933 0.022464
0.912687 0.045618
0.909015 0.066396
0.904808 0.088747
0.897882 0.107051
0.896559 0.126763
0.890266 0.143991
0.881967 0.157470
0.875225 0.176818
0.861742 0.186034
0.870308 0.214449
0.852440 0.198650
0.832371 0.233560
0.931999 0.000212
0.940924 0.032659
0.928694 0.041273
0.923882 0.062920
0.919038 0.082734
0.912971 0.106738
0.912840 0.129058
0.905935 0.146991
0.902568 0.164557
0.889251 0.179261
0.898270 0.199092
0.879436 0.198581
0.840356 0.183044
0.851180 0.237424
0.798738 0.263486
0.940795 0.000847
0.948072 0.047918
0.936947 0.059821
0.933568 0.084500
0.928770 0.100605
0.927654 0.120959
0.921593 0.154240
0.921356 0.174976
0.909297 0.184206
0.914796 0.206013
0.905027 0.221775
0.886024 0.214642
0.885302 0.238057
0.805604 0.281777
0.949919 0.000327
0.953260 0.021970
0.962567 0.036409
0.947827 0.076632
0.947479 0.099001
0.941815 0.119514
0.931439 0.139657
0.936413 0.164708
0.939873 0.185016
0.927849 0.196425
0.935213 0.215943
0.906419 0.243129
0.919584 0.255583
0.848766 0.253655
0.893549 0.255704
0.959020 0.000098
0.971949 0.023104
0.958209 0.063713
0.959745 0.086155
0.962931 0.148028
0.964533 0.181291
0.951913 0.166168
0.949128 0.217186
0.953501 0.237535
0.934119 0.238977
0.920772 0.230140
0.908995 0.271349
0.871817 0.236106
0.885832 0.295666
0.968038 0.000356
0.987004 0.000079
0.981052 0.036244
0.972769 0.100175
0.961710 0.111290
0.954624 0.129045
0.952909 0.195958
0.966957 0.207335
0.966774 0.227953
0.951372 0.259740
0.967428 0.289190
0.963881 0.319266
0.876843 0.295518
0.877618 0.258972
0.816550 0.285496
0.977221 0.000989
0.970456 0.050439
0.971361 0.075794
0.980350 0.119434
0.970047 0.131553
0.944665 0.146760
0.971898 0.245296
0.964644 0.264131
0.999219 0.259247
0.954504 0.282949
0.996277 0.306924
0.938230 0.265215
0.896545 0.280900
0.804278 0.247181
0.999286 0.000827
0.999143 0.036625
0.980823 0.062824
0.983664 0.090102
0.999386 0.104932
0.986758 0.168479
0.999192 0.141943
0.999059 0.155199
0.982376 0.292539
0.999352 0.271126
0.987669 0.319495
0.972385 0.317610
0.936718 0.306162
0.999573 0.232311
0.841182 0.270754
0.998748 0.001299
0.999183 0.047063
0.999355 0.069268
0.999086 0.093248
0.998982 0.116548
0.969777 0.163363
0.981846 0.220359
0.989713 0.269578
0.991939 0.248444
0.999474 0.205081
0.999441 0.303891
0.932132 0.281816
0.823586 0.248104
0.921715 0.300713
0.999876 0.016124
0.999023 0.026406
0.999701 0.058085
0.999959 0.080559
0.983949 0.145116
0.999586 0.128644
0.992185 0.200316
0.977862 0.188173
0.999290 0.219806
0.999763 0.169171
0.999185 0.185648
0.914130 0.292930
0.950067 0.308609
0.849634 0.286220
0.867719 0.283464
