0.000677 0.024498
0.000393 0.054965
0.000821 0.088772
0.000010 0.125613
0.000489 0.140579
0.001226 0.284721
0.000931 0.181318
0.000091 0.197173
0.000549 0.294732
0.028688 0.306528
0.100571 0.303555
0.039052 0.289106
0.070922 0.320904
0.138120 0.272727
0.000061 0.014257
0.000862 0.034148
0.000129 0.066047
0.020944 0.081914
0.031127 0.162358
0.000921 0.213058
0.000375 0.168962
0.011146 0.271257
0.000966 0.234565
0.000886 0.250024
0.014207 0.301000
0.022802 0.278944
0.084490 0.283158
0.091259 0.297015
0.142908 0.250425
0.000749 0.001042
0.000098 0.044175
0.000060 0.076966
0.000356 0.101028
0.000748 0.113031
0.015365 0.165325
0.000261 0.154875
0.018774 0.246280
0.000446 0.221912
0.032658 0.257211
0.043491 0.266682
0.067052 0.279060
0.055639 0.307950
0.125812 0.291918
0.002318 0.000055
0.022244 0.030836
0.021612 0.057349
0.020490 0.105362
0.013856 0.135913
0.030939 0.186567
0.046494 0.156151
0.022412 0.212095
0.027201 0.231227
0.048763 0.214251
0.042996 0.237095
0.059541 0.266747
0.042793 0.310274
0.073906 0.315148
0.176619 0.273499
0.015647 0.000380
0.045574 0.044712
0.030558 0.045919
0.034666 0.096683
0.026946 0.123068
0.013492 0.194711
0.047913 0.177067
0.036344 0.202780
0.061935 0.223967
0.092306 0.216004
0.057834 0.241457
0.126956 0.251525
0.075455 0.254872
0.158591 0.279027
0.034061 0.000211
0.025158 0.001142
0.049020 0.063813
0.031434 0.070839
0.029215 0.144217
0.042774 0.113555
0.043563 0.131028
0.056641 0.146060
0.053706 0.191263
0.067186 0.199800
0.082327 0.203509
0.078410 0.230588
0.113679 0.248735
0.101575 0.272117
0.202465 0.260378
0.043188 0.000159
0.034771 0.024525
0.044139 0.080798
0.054646 0.096223
0.059311 0.117681
0.067954 0.134599
0.064199 0.163263
0.077918 0.164999
0.078183 0.183572
0.102111 0.195545
0.093167 0.237183
0.091166 0.255338
0.111759 0.230592
0.115144 0.294651
0.052364 0.000809
0.051260 0.025142
0.061536 0.040513
0.066539 0.061821
0.063641 0.079251
0.072389 0.097295
0.073883 0.117242
0.082956 0.143153
0.092956 0.156428
0.095578 0.178730
0.111622 0.209489
0.127104 0.203644
0.129262 0.224890
0.175558 0.212184
0.169686 0.257320
0.061473 0.001018
0.069303 0.024536
0.076122 0.043215
0.078882 0.071364
0.085144 0.090739
0.089774 0.111918
0.093839 0.127983
0.108514 0.136350
0.109514 0.160468
0.114690 0.177556
0.128482 0.180603
0.149893 0.235122
0.117976 0.270324
0.159461 0.219273
0.070383 0.000359
0.079552 0.001030
0.084161 0.027484
0.089764 0.050093
0.094985 0.067033
0.099828 0.083941
0.105082 0.101892
0.111029 0.117145
0.121621 0.147251
0.131946 0.159619
0.145536 0.165636
0.142934 0.212808
0.188493 0.225383
0.180845 0.239134
0.206636 0.281353
0.088270 0.000232
0.097654 0.026417
0.104527 0.042459
0.110575 0.062105
0.116385 0.077710
0.122615 0.093611
0.130503 0.106181
0.126667 0.125412
0.138520 0.137481
0.162218 0.159038
0.142817 0.191583
0.172281 0.172515
0.164443 0.198012
0.195506 0.287369
0.097205 0.000306
0.114603 0.000947
0.112845 0.025717
0.120100 0.044236
0.128703 0.060079
0.134559 0.076601
0.143554 0.089053
0.143951 0.113551
0.154783 0.121636
0.151970 0.145032
0.183419 0.152640
0.155963 0.184950
0.211817 0.195213
0.195906 0.241290
0.184582 0.279608
0.105882 0.000262
0.127893 0.025347
0.137409 0.040839
0.145991 0.052896
0.150488 0.068128
0.164252 0.080055
0.156884 0.095945
0.169548 0.105933
0.169123 0.126232
0.172146 0.142587
0.189114 0.169530
0.183233 0.189188
0.202125 0.216960
0.166211 0.241155
0.123382 0.000074
0.149358 0.000534
0.142978 0.025197
0.159588 0.040681
0.164818 0.057865
0.177105 0.069861
0.179174 0.089157
0.185689 0.109336
0.186340 0.127482
0.201920 0.131284
0.200237 0.150353
0.203740 0.178115
0.227196 0.195442
0.221077 0.233038
0.224549 0.262709
0.132088 0.000320
0.157553 0.025863
0.176919 0.039511
0.184428 0.054381
0.193892 0.071599
0.195837 0.091913
0.202304 0.108822
0.215172 0.119021
0.216965 0.138572
0.216314 0.156978
0.218695 0.175509
0.192799 0.199242
0.234628 0.209876
0.241361 0.225649
0.140829 0.000736
0.183414 0.000151
0.172742 0.024313
0.195165 0.040216
0.208993 0.076240
0.214071 0.092981
0.226451 0.103176
0.235745 0.138459
0.231472 0.155585
0.248496 0.144466
0.238121 0.170688
0.240322 0.186182
0.255201 0.236904
0.239599 0.244436
0.214112 0.250399
0.157812 0.000387
0.188612 0.025097
0.203242 0.056591
0.224450 0.071509
0.232964 0.085988
0.243711 0.103255
0.232214 0.119950
0.261018 0.133934
0.256111 0.160731
0.257028 0.179353
0.269020 0.189727
0.217876 0.221130
0.237017 0.285161
0.223845 0.282258
0.166406 0.000613
0.204222 0.024102
0.212937 0.038288
0.218754 0.055040
0.244617 0.071169
0.251876 0.087263
0.249679 0.119797
0.280398 0.131244
0.268427 0.150351
0.273747 0.166620
0.284849 0.178063
0.254134 0.200574
0.257502 0.216078
0.246603 0.258358
0.246389 0.281190
0.174892 0.000229
0.229390 0.038327
0.235692 0.057007
0.261484 0.072050
0.270367 0.088226
0.260852 0.103779
0.285976 0.147117
0.304536 0.146607
0.293328 0.161957
0.297714 0.191300
0.279139 0.200892
0.273273 0.219606
0.270675 0.243695
0.287204 0.290998
0.191807 0.000838
0.220980 0.022969
0.245252 0.041057
0.254416 0.055892
0.288723 0.086587
0.280194 0.103351
0.269858 0.117604
0.320938 0.137201
0.313863 0.160414
0.332779 0.201773
0.316703 0.188618
0.293023 0.243158
0.286726 0.224770
0.290423 0.269211
0.295152 0.300998
0.200347 0.000328
0.238168 0.024232
0.262188 0.039168
0.278245 0.071430
0.299233 0.099157
0.290269 0.116956
0.300131 0.130759
0.329214 0.151631
0.305916 0.175381
0.314263 0.206287
0.295324 0.209278
0.307291 0.241281
0.263856 0.263681
0.264994 0.283059
0.208719 0.000700
0.258735 0.000498
0.253332 0.024746
0.272058 0.055258
0.308021 0.082504
0.318825 0.095588
0.308521 0.111723
0.319362 0.122092
0.344977 0.160288
0.327625 0.170779
0.337298 0.228943
0.328120 0.217985
0.308203 0.222214
0.313519 0.273936
0.280788 0.258274
0.217018 0.000626
0.269257 0.024108
0.278714 0.038916
0.296982 0.070675
0.326444 0.080108
0.330281 0.107854
0.338336 0.126693
0.343162 0.140293
0.349920 0.174247
0.351105 0.197078
0.356936 0.227796
0.325161 0.241157
0.329689 0.254500
0.272549 0.292505
0.225509 0.000011
0.291663 0.000779
0.285110 0.023774
0.288681 0.056637
0.313950 0.065325
0.339648 0.093958
0.345919 0.111620
0.359247 0.128273
0.358708 0.145335
0.393106 0.167086
0.363993 0.183396
0.336945 0.184892
0.350405 0.244020
0.371153 0.237533
0.307152 0.261889
0.233846 0.000488
0.302181 0.022860
0.294617 0.038013
0.305415 0.051701
0.343438 0.077673
0.358101 0.097535
0.364214 0.112463
0.375791 0.142392
0.366339 0.158545
0.386699 0.203408
0.355110 0.211100
0.392598 0.232332
0.305782 0.298534
0.335941 0.271048
0.242232 0.000804
0.316315 0.000579
0.311803 0.034446
0.322817 0.046232
0.329658 0.062520
0.359511 0.082705
0.378937 0.106544
0.377729 0.124853
0.374784 0.168904
0.409384 0.169689
0.383849 0.182982
0.369994 0.199235
0.388959 0.251109
0.322781 0.292411
0.356729 0.258462
0.250531 0.000719
0.321504 0.021646
0.340924 0.046054
0.346049 0.062085
0.363116 0.066247
0.376095 0.090409
0.394074 0.116536
0.388792 0.150886
0.409136 0.154695
0.415286 0.184517
0.372118 0.221020
0.406456 0.238301
0.349129 0.294901
0.372080 0.256640
0.266973 0.000092
0.340929 0.000948
0.331842 0.032224
0.359411 0.049406
0.376471 0.054109
0.377018 0.073453
0.394786 0.100121
0.392605 0.133064
0.406926 0.140566
0.427549 0.161986
0.427268 0.194806
0.391087 0.216614
0.426256 0.236296
0.369984 0.274478
0.417952 0.251338
0.275241 0.000344
0.343299 0.021804
0.352058 0.034190
0.390096 0.061792
0.391522 0.082911
0.408465 0.088937
0.430785 0.123554
0.410523 0.119921
0.420942 0.134122
0.429762 0.147936
0.397775 0.188714
0.348466 0.276402
0.451853 0.324390
0.361236 0.296161
0.283520 0.001117
0.365257 0.000408
0.387377 0.042913
0.370711 0.036577
0.405594 0.056742
0.427604 0.091695
0.412387 0.104209
0.448771 0.111612
0.446199 0.126570
0.445615 0.167948
0.431321 0.176881
0.433831 0.205881
0.422202 0.223692
0.408464 0.201962
0.377818 0.286939
0.299867 0.001094
0.362692 0.022571
0.404484 0.041414
0.422614 0.046595
0.403567 0.072539
0.421706 0.077816
0.428347 0.108364
0.444979 0.140834
0.451487 0.153988
0.446567 0.189085
0.441802 0.218068
0.462981 0.257730
0.332963 0.299643
0.394928 0.261498
0.308121 0.000990
0.379196 0.022564
0.415657 0.031101
0.421580 0.062998
0.439136 0.069118
0.481267 0.100657
0.464968 0.121805
0.443417 0.097667
0.465707 0.106604
0.455257 0.203090
0.473813 0.203718
0.463544 0.217000
0.453237 0.229022
0.438587 0.258087
0.410754 0.215986
0.324546 0.000232
0.391944 0.028623
0.426278 0.022588
0.435250 0.035764
0.458022 0.062418
0.443676 0.082165
0.482545 0.116407
0.489379 0.143682
0.469066 0.163429
0.458287 0.176416
0.468399 0.187045
0.459714 0.245089
0.389540 0.306132
0.409982 0.268696
0.332767 0.000417
0.405643 0.000215
0.404744 0.021409
0.443879 0.022615
0.437147 0.053639
0.459655 0.077526
0.462601 0.092407
0.483164 0.131480
0.463735 0.136642
0.482143 0.173979
0.485550 0.191060
0.425713 0.267520
0.458205 0.269902
0.399551 0.281069
0.407330 0.309369
0.349045 0.000553
0.462445 0.022459
0.452821 0.049661
0.477521 0.083204
0.493818 0.088965
0.507720 0.136681
0.487636 0.158387
0.470085 0.149031
0.478748 0.248554
0.440334 0.241739
0.475743 0.232432
0.479325 0.279021
0.414132 0.356877
0.373629 0.307103
0.357171 0.000221
0.413799 0.000572
0.478335 0.000627
0.478239 0.023004
0.452819 0.035132
0.510116 0.084372
0.499034 0.123581
0.498624 0.106400
0.493880 0.208126
0.503192 0.165287
0.444132 0.299103
0.487511 0.267317
0.426277 0.291163
0.437036 0.278435
0.497104 0.334914
0.373360 0.001040
0.462184 0.000709
0.468754 0.037115
0.473941 0.052639
0.531338 0.139198
0.532607 0.153391
0.509004 0.150557
0.505606 0.196354
0.494038 0.242431
0.430065 0.321111
0.424039 0.306148
0.389602 0.352526
0.401026 0.294057
0.457199 0.283877
0.381485 0.000318
0.454104 0.000365
0.486310 0.000640
0.508386 0.022213
0.528079 0.060836
0.541654 0.198298
0.523367 0.190415
0.518587 0.177854
0.632001 0.632034
0.409544 0.389582
0.441658 0.413549
0.913849 0.385233
0.589896 0.373297
0.395051 0.369184
0.424799 0.343486
0.421898 0.000248
0.470269 0.000281
0.606770 0.034303
0.491073 0.058560
0.485162 0.038911
0.519766 0.206335
0.507641 0.217668
0.497625 0.180417
0.505574 0.276272
0.482728 0.220328
0.456654 0.348640
0.416918 0.365480
0.446343 0.337633
0.422998 0.331098
0.397510 0.000552
0.438024 0.000962
0.510301 0.000159
0.492856 0.024699
0.640718 0.612502
0.514185 0.098208
0.608503 0.356087
0.501829 0.231716
0.459475 0.309976
0.492512 0.290162
0.912216 0.396331
0.623109 0.354320
0.626187 0.357556
0.441536 0.414875
0.386486 0.356640
0.534458 0.000841
0.502199 0.001405
0.429946 0.000544
0.150488 0.277770
0.509071 0.059057
0.520257 0.128737
0.470965 0.295004
0.643882 0.621002
0.578034 0.369909
0.477830 0.423291
0.903055 0.377605
0.600893 0.364767
0.466119 0.421127
0.470019 0.388821
0.598505 0.000770
0.550460 0.000835
0.389531 0.000616
0.494250 0.000976
0.543211 0.022292
0.494588 0.073374
0.514644 0.113808
0.540189 0.182995
0.523544 0.286289
0.502295 0.370050
0.473838 0.317142
0.463751 0.368641
0.509000 0.379355
0.459779 0.397839
0.556235 0.385071
0.590510 0.000888
0.518452 0.000451
0.446058 0.000240
0.510090 0.035484
0.475835 0.067748
0.903549 0.391563
0.409544 0.390920
0.468670 0.352480
0.484053 0.399535
0.631702 0.623298
0.457858 0.375933
0.483753 0.418782
0.571326 0.383765
0.529993 0.335096
0.614686 0.000996
0.566488 0.000392
0.524720 0.022785
0.526482 0.000954
0.516312 0.072471
0.521210 0.044747
0.531204 0.089938
0.520525 0.162437
0.539907 0.168183
0.501225 0.257751
0.523957 0.269090
0.486793 0.350068
0.557621 0.379435
0.506081 0.399829
0.560564 0.281108
0.630853 0.000074
0.542431 0.000843
0.550762 0.037247
0.533985 0.035097
0.499265 0.045260
0.531207 0.105669
0.548864 0.144424
0.554777 0.159203
0.562394 0.173103
0.518808 0.236589
0.477882 0.330255
0.530196 0.321620
0.510276 0.395000
0.512195 0.359927
0.638788 0.000560
0.558479 0.000445
0.575664 0.023127
0.568963 0.037314
0.559153 0.050736
0.535447 0.120924
0.550823 0.129388
0.565216 0.140985
0.559253 0.186262
0.519104 0.252622
0.542180 0.283411
0.546643 0.299178
0.507117 0.344668
0.535475 0.250002
0.517732 0.324808
0.654984 0.000744
0.593846 0.022097
0.586571 0.034608
0.559307 0.022979
0.540556 0.050871
0.535163 0.074954
0.547481 0.098458
0.551777 0.114375
0.574416 0.164453
0.549604 0.223922
0.546709 0.265782
0.530099 0.227431
0.518150 0.299224
0.495972 0.315337
0.662959 0.000481
0.574517 0.000195
0.612796 0.021913
0.549406 0.065294
0.580641 0.050477
0.568562 0.062491
0.550184 0.082209
0.565115 0.093035
0.570532 0.124126
0.586079 0.177734
0.559429 0.201872
0.546992 0.240086
0.595908 0.280573
0.596699 0.318484
0.608198 0.316585
0.679132 0.000763
0.582504 0.000426
0.606586 0.000793
0.597790 0.046649
0.567252 0.077321
0.583299 0.100303
0.567584 0.108051
0.578365 0.150654
0.594475 0.160933
0.578858 0.191465
0.536359 0.213068
0.562185 0.257704
0.555096 0.321360
0.530511 0.342406
0.687185 0.000469
0.622753 0.000221
0.631195 0.023171
0.617835 0.050996
0.585680 0.066559
0.582987 0.083467
0.586350 0.116850
0.584446 0.134973
0.598553 0.145446
0.613367 0.158813
0.564233 0.217758
0.578284 0.206331
0.580757 0.227531
0.590537 0.244593
0.631512 0.311645
0.703374 0.000478
0.642654 0.034490
0.631437 0.064084
0.622910 0.035555
0.601987 0.060836
0.600173 0.077910
0.598996 0.093593
0.601206 0.128372
0.617785 0.192466
0.605182 0.174966
0.594372 0.218546
0.573615 0.276105
0.501349 0.306041
0.584236 0.311844
0.711588 0.000383
0.646909 0.000167
0.649738 0.021784
0.635399 0.047988
0.615643 0.069405
0.616548 0.087161
0.602348 0.110508
0.616635 0.123710
0.615848 0.141562
0.625593 0.207078
0.598966 0.190544
0.602903 0.234100
0.566362 0.238183
0.577640 0.253027
0.594789 0.264654
0.719669 0.000512
0.662748 0.029027
0.654389 0.045075
0.647370 0.062855
0.633703 0.078617
0.617453 0.104482
0.631879 0.115648
0.633152 0.147264
0.622732 0.175727
0.602005 0.204635
0.642306 0.276452
0.610045 0.259876
0.583779 0.289354
0.546675 0.312869
0.736075 0.000379
0.670989 0.001052
0.675409 0.022534
0.670695 0.043970
0.663328 0.060923
0.656209 0.077457
0.631496 0.095829
0.634016 0.131431
0.631917 0.162390
0.636570 0.188128
0.652181 0.218896
0.663673 0.203757
0.623071 0.274426
0.612213 0.304052
0.658073 0.307066
0.744227 0.000673
0.693226 0.023986
0.683652 0.035842
0.681352 0.056008
0.674101 0.073011
0.647567 0.090604
0.647115 0.107229
0.651972 0.157498
0.645576 0.172333
0.644259 0.202090
0.614831 0.220983
0.573201 0.312545
0.671503 0.253395
0.638890 0.293795
0.752502 0.000767
0.695273 0.000898
0.708651 0.023112
0.698154 0.041546
0.694482 0.063159
0.667518 0.089682
0.662663 0.106478
0.650843 0.124584
0.651555 0.141910
0.665495 0.174849
0.636479 0.221417
0.654204 0.236414
0.618586 0.246111
0.688554 0.300425
0.643274 0.313246
0.760697 0.000148
0.725830 0.023257
0.714309 0.036710
0.707448 0.054478
0.688409 0.080241
0.682759 0.097015
0.667401 0.124809
0.669784 0.157601
0.656876 0.187502
0.691570 0.211145
0.618194 0.287423
0.634458 0.259005
0.718264 0.295843
0.696299 0.277365
0.768894 0.000426
0.727900 0.000280
0.744191 0.022107
0.725201 0.051049
0.704518 0.077161
0.699372 0.096683
0.679643 0.112127
0.669544 0.141017
0.681323 0.175066
0.629521 0.235234
0.693469 0.190863
0.669883 0.231011
0.686501 0.241195
0.668977 0.303030
0.678453 0.280768
0.785508 0.000259
0.763910 0.024660
0.732969 0.036402
0.718699 0.067490
0.716055 0.090960
0.696835 0.115389
0.686361 0.128750
0.686928 0.145559
0.676772 0.194325
0.714331 0.222613
0.711526 0.241843
0.647691 0.251007
0.687245 0.260327
0.659857 0.266104
0.793842 0.000833
0.779308 0.023524
0.751702 0.033785
0.745570 0.048835
0.728666 0.081205
0.712759 0.108861
0.727964 0.119229
0.711971 0.127066
0.689898 0.161074
0.707454 0.157971
0.677375 0.216962
0.695808 0.227432
0.725607 0.265185
0.763943 0.262086
0.713016 0.277631
0.802157 0.000169
0.786791 0.039273
0.763069 0.050997
0.736479 0.064226
0.745123 0.083014
0.731065 0.101235
0.745367 0.115245
0.703881 0.139510
0.732845 0.180826
0.736634 0.221807
0.730682 0.238732
0.706066 0.254827
0.699082 0.299692
0.662218 0.284088
0.819050 0.000413
0.777223 0.001019
0.795713 0.023975
0.772182 0.039676
0.771579 0.064347
0.753337 0.065949
0.749002 0.098401
0.731016 0.136507
0.718267 0.170005
0.701741 0.177874
0.716918 0.188891
0.752753 0.207959
0.768083 0.229597
0.740275 0.285383
0.729380 0.293479
0.827341 0.000589
0.811446 0.024030
0.803413 0.039599
0.791390 0.054996
0.779530 0.087762
0.762955 0.081189
0.747133 0.133002
0.747378 0.151129
0.721090 0.148504
0.748151 0.176754
0.724071 0.209304
0.758172 0.193735
0.749619 0.270747
0.736983 0.253664
0.835824 0.000737
0.810597 0.000891
0.827184 0.024313
0.811269 0.055231
0.784774 0.069373
0.793224 0.101622
0.765949 0.099002
0.762602 0.118173
0.763003 0.137146
0.706003 0.204608
0.736276 0.198601
0.752434 0.227630
0.785860 0.222391
0.770948 0.291321
0.759493 0.289976
0.852916 0.000955
0.842978 0.024738
0.820391 0.039298
0.803915 0.069583
0.795836 0.084490
0.815609 0.087330
0.779120 0.110902
0.778561 0.128495
0.734537 0.160425
0.760152 0.165345
0.768524 0.183309
0.783910 0.196970
0.755652 0.246401
0.790396 0.238649
0.861516 0.000464
0.844330 0.000810
0.857486 0.025356
0.836385 0.040777
0.829502 0.057555
0.821279 0.072021
0.810675 0.102739
0.796941 0.120226
0.793138 0.137518
0.770170 0.152782
0.779592 0.169187
0.794483 0.188773
0.801374 0.212841
0.772508 0.208659
0.777280 0.249957
0.878962 0.000722
0.871655 0.024310
0.853244 0.042225
0.846271 0.059326
0.837405 0.076494
0.833255 0.093328
0.826391 0.108915
0.813392 0.121276
0.807843 0.143380
0.786539 0.152766
0.796707 0.167882
0.811130 0.198103
0.822974 0.214685
0.837738 0.290826
0.887691 0.000652
0.870259 0.001136
0.886615 0.025235
0.868234 0.042719
0.860312 0.062938
0.853572 0.079484
0.851017 0.097509
0.844093 0.113055
0.836112 0.128791
0.823053 0.136713
0.810954 0.160844
0.828309 0.173085
0.854557 0.220639
0.822425 0.267295
0.784102 0.287213
0.896258 0.000554
0.901708 0.026062
0.884495 0.043098
0.876852 0.059482
0.875740 0.076144
0.867245 0.090266
0.868369 0.108186
0.858384 0.121763
0.851956 0.137820
0.843633 0.151703
0.826526 0.154917
0.812487 0.181208
0.839658 0.215423
0.810128 0.228725
0.905162 0.000409
0.914001 0.000650
0.914300 0.026171
0.899374 0.044620
0.893779 0.062637
0.892421 0.079616
0.883526 0.095951
0.884009 0.116587
0.875897 0.131155
0.866738 0.146008
0.864213 0.161330
0.849526 0.169609
0.830783 0.196113
0.864150 0.263850
0.783437 0.274422
0.922899 0.000670
0.929524 0.022365
0.913123 0.045726
0.909438 0.066759
0.905380 0.089145
0.898553 0.107501
0.897351 0.127295
0.891091 0.144664
0.882977 0.158447
0.876180 0.177861
0.862498 0.186974
0.871199 0.215741
0.853124 0.199789
0.833687 0.235104
0.932018 0.000065
0.941470 0.032686
0.929114 0.041287
0.924317 0.063230
0.919615 0.083067
0.913603 0.107374
0.913569 0.129736
0.906560 0.147781
0.903306 0.165588
0.889765 0.180261
0.899131 0.200530
0.880608 0.200140
0.841425 0.184038
0.852334 0.239015
0.800428 0.264760
0.940846 0.000810
0.948305 0.048082
0.937301 0.060065
0.933859 0.085099
0.929326 0.101117
0.928216 0.121294
0.922068 0.155080
0.921961 0.176220
0.910159 0.185389
0.915760 0.207543
0.906028 0.223537
0.886740 0.216192
0.886272 0.239842
0.806950 0.282952
0.949967 0.000953
0.953603 0.021915
0.962792 0.036342
0.947957 0.077115
0.947960 0.099520
0.942147 0.119995
0.931755 0.140527
0.936816 0.165724
0.940475 0.186148
0.928762 0.197811
0.935703 0.217355
0.907530 0.245001
0.920494 0.257457
0.850076 0.254997
0.894559 0.257901
0.959053 0.000607
0.972130 0.023002
0.958361 0.063559
0.960098 0.086671
0.963145 0.148925
0.964591 0.182668
0.952107 0.167266
0.949851 0.218883
0.953944 0.239682
0.934970 0.240793
0.921683 0.231850
0.909995 0.273466
0.872886 0.238037
0.886795 0.297937
0.968073 0.000163
0.987019 0.000632
0.981201 0.036633
0.972670 0.100917
0.961846 0.111741
0.954609 0.129768
0.953373 0.197210
0.967211 0.208825
0.966999 0.229937
0.952360 0.261907
0.967869 0.291729
0.964445 0.321828
0.878115 0.297602
0.878748 0.260915
0.818028 0.287098
0.977247 0.000894
0.970667 0.050604
0.971576 0.076354
0.980672 0.119851
0.970272 0.132259
0.944845 0.147843
0.972159 0.246969
0.965092 0.266519
0.999618 0.258923
0.955225 0.285319
0.995871 0.308088
0.938892 0.267454
0.897580 0.283141
0.805704 0.248389
0.999575 0.000280
0.999572 0.036642
0.980856 0.063130
0.983651 0.090390
0.999608 0.104971
0.987168 0.169459
0.999368 0.141876
0.999407 0.155212
0.982730 0.295206
0.999725 0.271677
0.988542 0.322084
0.973557 0.319779
0.937563 0.308340
0.999540 0.232347
0.842685 0.272168
0.998636 0.001156
0.999654 0.047139
0.999501 0.069281
0.999255 0.093254
0.999296 0.116598
0.969693 0.164204
0.982247 0.222344
0.989646 0.271698
0.992690 0.249903
0.999583 0.205203
0.999506 0.303888
0.933002 0.284217
0.824965 0.249276
0.922712 0.302900
0.999038 0.016151
0.999178 0.026402
0.998944 0.058107
0.999431 0.080554
0.983862 0.145990
0.999659 0.128633
0.992180 0.201240
0.977872 0.189503
0.999320 0.220059
0.999437 0.169269
0.999456 0.185431
0.914901 0.295213
0.950773 0.311014
0.850684 0.287867
0.868986 0.285489
