0.000841 0.024640
0.000118 0.055148
0.000471 0.088928
0.000592 0.125491
0.000186 0.140601
0.001192 0.285787
0.000772 0.181284
0.000670 0.197001
0.001353 0.295785
0.027285 0.311289
0.098675 0.307477
0.037599 0.294048
0.068943 0.324819
0.134094 0.276065
0.000478 0.014341
0.000468 0.034315
0.000776 0.066154
0.020477 0.082637
0.031138 0.164663
0.000216 0.213124
0.000490 0.168893
0.008573 0.275595
0.000897 0.235534
0.000998 0.251160
0.012348 0.305333
0.020934 0.283507
0.081779 0.287571
0.088674 0.301151
0.140883 0.253626
0.000876 0.000419
0.000159 0.044318
0.000387 0.077112
0.000314 0.100956
0.000097 0.112943
0.015588 0.167332
0.000399 0.154730
0.017878 0.251233
0.000082 0.222481
0.031328 0.261639
0.042287 0.271079
0.065418 0.283949
0.053918 0.312493
0.124121 0.296007
0.002211 0.000527
0.021891 0.030912
0.021332 0.057891
0.020435 0.106590
0.013919 0.137160
0.029903 0.189526
0.046255 0.158000
0.022000 0.215994
0.026419 0.234718
0.047879 0.218290
0.042188 0.240787
0.057867 0.271608
0.040531 0.314748
0.072496 0.320296
0.173164 0.277841
0.015547 0.000209
0.045289 0.045020
0.029668 0.045533
0.034122 0.097081
0.026025 0.124504
0.012583 0.197009
0.047531 0.179863
0.035345 0.206094
0.060632 0.227338
0.090977 0.219252
0.057195 0.245567
0.125058 0.254546
0.073671 0.258705
0.156313 0.284761
0.033960 0.000386
0.025027 0.000871
0.048206 0.064168
0.031069 0.071296
0.028510 0.146268
0.041832 0.114486
0.042620 0.132781
0.056288 0.148100
0.052756 0.194015
0.066421 0.203232
0.081238 0.206381
0.077154 0.233780
0.112201 0.252348
0.099534 0.275809
0.199361 0.262836
0.043094 0.000340
0.034486 0.024238
0.043397 0.081273
0.053353 0.097504
0.058540 0.119128
0.067064 0.136051
0.063136 0.165666
0.076943 0.167602
0.076627 0.186137
0.100685 0.198408
0.091533 0.240996
0.089543 0.259192
0.109934 0.233931
0.113602 0.298437
0.052209 0.000799
0.050594 0.025482
0.061016 0.040663
0.065784 0.062021
0.062519 0.080274
0.071171 0.098259
0.072608 0.118643
0.082145 0.144678
0.091728 0.158205
0.093682 0.181198
0.110130 0.212537
0.124940 0.206139
0.127604 0.228219
0.172527 0.214590
0.166637 0.259180
0.061328 0.000486
0.068100 0.024573
0.075270 0.043117
0.077685 0.071939
0.083640 0.091410
0.088349 0.112791
0.091982 0.129411
0.106843 0.137764
0.108364 0.162645
0.112665 0.180186
0.126999 0.182713
0.147971 0.237465
0.115708 0.273827
0.156647 0.221369
0.070292 0.000362
0.079315 0.000096
0.082995 0.027721
0.088987 0.050489
0.094013 0.067337
0.098444 0.084288
0.103228 0.102742
0.108979 0.118204
0.119828 0.148621
0.130124 0.161827
0.144065 0.167637
0.141046 0.216183
0.186095 0.227663
0.177682 0.242362
0.201689 0.285121
0.088171 0.000255
0.096407 0.026368
0.103145 0.042328
0.109114 0.062115
0.115036 0.078073
0.120918 0.094424
0.128710 0.107322
0.124820 0.126600
0.136821 0.138952
0.159951 0.161390
0.140320 0.194384
0.170316 0.173939
0.162029 0.200365
0.192228 0.292028
0.097095 0.000891
0.114472 0.000541
0.111649 0.025351
0.118882 0.044400
0.127310 0.060004
0.132906 0.076661
0.141803 0.089842
0.142285 0.114232
0.152732 0.122847
0.150086 0.146447
0.181582 0.153295
0.153548 0.186846
0.209007 0.197413
0.191659 0.244414
0.180534 0.283443
0.105790 0.000344
0.126526 0.025376
0.136303 0.040928
0.144705 0.053244
0.149099 0.068728
0.162681 0.080345
0.155193 0.096623
0.167589 0.106492
0.167526 0.126934
0.169983 0.143257
0.187012 0.171555
0.180483 0.190592
0.198827 0.218626
0.163418 0.244669
0.123294 0.000874
0.149207 0.000021
0.141531 0.024883
0.158100 0.040588
0.163211 0.057694
0.175535 0.070185
0.177190 0.089475
0.183857 0.110174
0.184685 0.128134
0.199834 0.132146
0.198175 0.151341
0.201264 0.179615
0.224490 0.197106
0.218701 0.235426
0.221786 0.264635
0.131971 0.000122
0.156213 0.025375
0.175643 0.039296
0.182476 0.054526
0.192229 0.071885
0.193539 0.092283
0.200381 0.109115
0.213173 0.119407
0.214818 0.139560
0.213830 0.158339
0.216174 0.177393
0.190416 0.201093
0.231472 0.211043
0.238241 0.227458
0.140635 0.001014
0.183324 0.000526
0.171353 0.024373
0.193630 0.040261
0.206937 0.076727
0.212226 0.092953
0.224443 0.103621
0.233628 0.138930
0.229102 0.156728
0.246184 0.145242
0.235772 0.171629
0.237628 0.187468
0.251392 0.239317
0.236117 0.246128
0.210125 0.252289
0.157705 0.000140
0.187203 0.025008
0.201365 0.056811
0.222476 0.071757
0.230925 0.086081
0.241634 0.103739
0.230186 0.120757
0.259136 0.134488
0.253549 0.161252
0.254667 0.180037
0.266418 0.190588
0.215572 0.222526
0.233079 0.288451
0.220250 0.284804
0.166287 0.000787
0.202770 0.023979
0.211107 0.038379
0.216877 0.055326
0.242517 0.071591
0.249979 0.087672
0.247720 0.120092
0.278413 0.131793
0.266048 0.151043
0.271216 0.167567
0.282199 0.178858
0.251899 0.201592
0.254596 0.217415
0.243472 0.260239
0.242277 0.283496
0.174828 0.000318
0.227573 0.038415
0.233969 0.057187
0.259440 0.072115
0.268400 0.088228
0.258862 0.104002
0.283715 0.147743
0.302683 0.146831
0.291137 0.162581
0.295007 0.191915
0.276591 0.202112
0.270357 0.220989
0.267456 0.245208
0.283239 0.292456
0.191693 0.000321
0.219282 0.023156
0.243351 0.040916
0.252545 0.055725
0.286773 0.086707
0.278330 0.103500
0.267697 0.118115
0.318694 0.137273
0.311451 0.160534
0.330646 0.201970
0.314378 0.188309
0.289812 0.245014
0.284040 0.226086
0.286632 0.271426
0.291271 0.303237
0.200222 0.000069
0.236311 0.024336
0.260312 0.038920
0.276072 0.071556
0.297351 0.099063
0.287989 0.117442
0.297919 0.131065
0.327321 0.151842
0.303421 0.175722
0.311632 0.206918
0.292383 0.210642
0.303646 0.242815
0.260074 0.265958
0.261168 0.284965
0.208594 0.000806
0.258660 0.000395
0.251449 0.024637
0.270047 0.055207
0.305994 0.082534
0.316795 0.095859
0.306275 0.111908
0.317307 0.122247
0.343541 0.159955
0.325372 0.170740
0.334295 0.229727
0.324767 0.218465
0.305318 0.222816
0.309757 0.274757
0.277091 0.260167
0.216964 0.000006
0.267390 0.023926
0.276840 0.038965
0.294885 0.070768
0.324496 0.080139
0.328210 0.107929
0.336287 0.126653
0.340887 0.140597
0.347668 0.174290
0.348108 0.197031
0.354222 0.227107
0.322421 0.241333
0.326855 0.255647
0.268529 0.294846
0.225467 0.000940
0.291555 0.000466
0.283145 0.023791
0.286640 0.056721
0.312151 0.065217
0.337752 0.093951
0.344287 0.111670
0.357106 0.127953
0.356792 0.144967
0.391589 0.166323
0.362002 0.183010
0.334344 0.184729
0.346415 0.244103
0.368044 0.236880
0.303890 0.262024
0.233789 0.000571
0.299954 0.022890
0.292746 0.038098
0.303465 0.051725
0.341569 0.077563
0.356331 0.097105
0.362307 0.112242
0.374083 0.142213
0.364645 0.158407
0.384757 0.202335
0.352347 0.211484
0.389891 0.231897
0.302026 0.299276
0.332058 0.271999
0.242132 0.000262
0.316257 0.000184
0.310014 0.034409
0.320859 0.046106
0.327809 0.062541
0.357689 0.082460
0.377285 0.106334
0.375972 0.124296
0.373457 0.168552
0.407850 0.169117
0.381601 0.182537
0.367507 0.199647
0.385472 0.249555
0.318277 0.293589
0.353527 0.258705
0.250437 0.000001
0.319415 0.021606
0.338922 0.045899
0.344229 0.061915
0.361492 0.066049
0.374613 0.090206
0.393014 0.116200
0.387307 0.150326
0.408426 0.154226
0.413957 0.183875
0.370321 0.220676
0.404546 0.237365
0.344791 0.296508
0.368810 0.255129
0.266914 0.000863
0.340819 0.001062
0.330030 0.032086
0.357401 0.049323
0.374572 0.053804
0.375407 0.073098
0.393442 0.099775
0.390623 0.132746
0.405278 0.139740
0.426558 0.161521
0.425957 0.193766
0.389384 0.216125
0.424533 0.235559
0.366181 0.273033
0.416595 0.249795
0.275173 0.000889
0.341577 0.021753
0.350360 0.034272
0.388444 0.061719
0.389871 0.082434
0.407015 0.088487
0.429897 0.123368
0.409326 0.119770
0.420123 0.133801
0.429093 0.147709
0.395716 0.187656
0.344863 0.276397
0.451197 0.318343
0.357190 0.295927
0.283402 0.000457
0.365205 0.000119
0.386128 0.042730
0.369041 0.036538
0.404061 0.056323
0.426396 0.091498
0.411122 0.103981
0.448087 0.110912
0.445514 0.125915
0.444615 0.167414
0.429986 0.176464
0.432311 0.204908
0.420504 0.222028
0.406786 0.201510
0.374420 0.285983
0.299771 0.000295
0.360776 0.022536
0.403018 0.041137
0.421317 0.046076
0.402265 0.072290
0.420450 0.077383
0.427230 0.108272
0.443830 0.140785
0.451361 0.153789
0.445685 0.188429
0.440989 0.217492
0.461927 0.255739
0.328032 0.300413
0.391248 0.260533
0.308008 0.000249
0.377175 0.022738
0.414170 0.030922
0.420317 0.062772
0.438164 0.068620
0.481004 0.100230
0.464474 0.121529
0.442353 0.096974
0.465165 0.106278
0.454439 0.202417
0.473789 0.202508
0.462795 0.215751
0.452515 0.227999
0.437701 0.256432
0.408080 0.215476
0.324497 0.000374
0.390196 0.028216
0.425217 0.022565
0.434196 0.035644
0.457236 0.062321
0.442605 0.081700
0.481829 0.115881
0.489327 0.143351
0.468418 0.162989
0.457549 0.175950
0.467771 0.186533
0.458743 0.243904
0.384743 0.303820
0.407963 0.266542
0.332691 0.000893
0.405619 0.000567
0.403270 0.021493
0.442904 0.022534
0.436042 0.053206
0.458894 0.077344
0.461748 0.092027
0.482461 0.131091
0.462621 0.136174
0.481624 0.173588
0.485782 0.189818
0.422753 0.265685
0.456292 0.267832
0.395600 0.278442
0.402847 0.305789
0.348987 0.000964
0.461618 0.022594
0.452165 0.049486
0.477125 0.082905
0.493793 0.088765
0.507373 0.136150
0.487313 0.157807
0.469829 0.148244
0.478843 0.247454
0.438994 0.239421
0.475487 0.231153
0.479258 0.276179
0.413412 0.347953
0.369376 0.306493
0.357102 0.001188
0.413766 0.000352
0.478294 0.000565
0.477500 0.023212
0.451709 0.035020
0.509928 0.083974
0.498449 0.123165
0.498592 0.106028
0.494126 0.207166
0.503100 0.164579
0.442959 0.294992
0.486990 0.265058
0.422642 0.287418
0.435482 0.275621
0.498437 0.328379
0.373338 0.000367
0.462133 0.000564
0.468081 0.037033
0.473371 0.052493
0.531515 0.138868
0.532967 0.152861
0.508954 0.150109
0.505566 0.195453
0.494356 0.241297
0.426907 0.315762
0.420050 0.300557
0.388809 0.343658
0.397452 0.291895
0.456645 0.281019
0.381459 0.000310
0.454072 0.000905
0.486300 0.000514
0.508109 0.022586
0.528389 0.060653
0.542657 0.197829
0.523817 0.189939
0.519326 0.177199
0.633497 0.622584
0.409098 0.380413
0.441351 0.404562
0.916298 0.373468
0.589845 0.363929
0.394564 0.360101
0.423041 0.336892
0.421864 0.000243
0.470238 0.000998
0.607940 0.034473
0.490619 0.058477
0.484778 0.038677
0.520442 0.205563
0.508040 0.216196
0.497820 0.179317
0.505400 0.274058
0.482452 0.219162
0.455555 0.341803
0.416711 0.357678
0.445861 0.331587
0.419404 0.323229
0.397487 0.000740
0.438002 0.000708
0.510307 0.000925
0.492475 0.024487
0.641440 0.604022
0.514462 0.097884
0.608671 0.346508
0.502277 0.230491
0.457898 0.304951
0.493025 0.286174
0.914530 0.387718
0.623616 0.344781
0.626679 0.348195
0.441016 0.406052
0.385784 0.347614
0.534440 0.000629
0.502238 0.000348
0.429923 0.001064
0.148425 0.282051
0.509120 0.058974
0.520027 0.128444
0.470665 0.290619
0.644275 0.612497
0.578420 0.360161
0.477504 0.414444
0.906482 0.368530
0.600608 0.355288
0.465856 0.412023
0.470046 0.380264
0.598558 0.000176
0.550484 0.000064
0.389476 0.000675
0.494256 0.000110
0.543582 0.022325
0.494407 0.073055
0.514791 0.113563
0.540715 0.182646
0.525584 0.283069
0.501813 0.362053
0.473085 0.310708
0.463567 0.360464
0.509471 0.371280
0.459257 0.389028
0.556733 0.375453
0.590533 0.000080
0.518433 0.000195
0.446022 0.000232
0.509997 0.035731
0.475368 0.067642
0.906825 0.381091
0.409019 0.382002
0.468553 0.345529
0.484042 0.390726
0.632996 0.615042
0.456911 0.368169
0.483790 0.409756
0.572260 0.374407
0.532159 0.326574
0.614745 0.000153
0.566502 0.000675
0.524875 0.022911
0.526455 0.000384
0.516654 0.072136
0.521294 0.044682
0.531418 0.089592
0.521091 0.162021
0.540499 0.167736
0.501403 0.256162
0.525654 0.267692
0.486383 0.344170
0.558223 0.370422
0.506010 0.391167
0.563667 0.280486
0.630864 0.000963
0.542428 0.000711
0.551376 0.037154
0.534052 0.034960
0.498858 0.045097
0.531321 0.105387
0.549267 0.144092
0.555586 0.158907
0.563196 0.172790
0.519383 0.235413
0.477148 0.325058
0.532668 0.316776
0.510534 0.386800
0.512994 0.352847
0.638830 0.001075
0.558500 0.000796
0.576569 0.023294
0.569709 0.037300
0.559885 0.050775
0.535728 0.120866
0.551407 0.128913
0.565654 0.140899
0.560354 0.186129
0.519843 0.250959
0.543684 0.280985
0.549661 0.297181
0.507989 0.337731
0.536047 0.249166
0.518799 0.321195
0.655041 0.001100
0.594965 0.022207
0.587538 0.034804
0.559972 0.023152
0.541140 0.050661
0.535604 0.074845
0.547812 0.098323
0.552572 0.113791
0.575579 0.164372
0.550906 0.223236
0.548325 0.264766
0.531232 0.226595
0.520396 0.295527
0.496661 0.311026
0.663030 0.000881
0.574529 0.000857
0.614076 0.022029
0.549908 0.065008
0.581711 0.050589
0.569681 0.062465
0.550612 0.081943
0.565762 0.092992
0.571296 0.124017
0.587284 0.177650
0.560494 0.201720
0.548570 0.239447
0.598906 0.280522
0.599745 0.318458
0.611150 0.317023
0.679166 0.000541
0.582507 0.000488
0.606638 0.001033
0.599130 0.046727
0.567803 0.077280
0.584302 0.100154
0.568435 0.108025
0.579688 0.150291
0.595609 0.160884
0.580220 0.191278
0.537209 0.211802
0.563614 0.256523
0.559056 0.318371
0.532597 0.337440
0.687233 0.000430
0.622785 0.000361
0.632873 0.023324
0.619286 0.051313
0.586843 0.066788
0.583786 0.083588
0.587427 0.116934
0.585528 0.134876
0.600168 0.145487
0.615068 0.158836
0.566121 0.217642
0.579793 0.206159
0.582307 0.227280
0.592320 0.244289
0.634447 0.312588
0.703435 0.000109
0.644053 0.034391
0.633053 0.064387
0.624124 0.035458
0.603101 0.060896
0.601495 0.078143
0.600013 0.093550
0.602516 0.128338
0.619272 0.192628
0.606825 0.174823
0.596283 0.218560
0.575547 0.275386
0.502092 0.300930
0.587647 0.311214
0.711617 0.000181
0.646948 0.000650
0.651298 0.021773
0.636712 0.048212
0.616884 0.069374
0.617947 0.087260
0.603450 0.110375
0.617922 0.123462
0.617539 0.141444
0.627266 0.207267
0.599931 0.190817
0.605109 0.234293
0.567578 0.237809
0.579958 0.252996
0.596603 0.264506
0.719736 0.000225
0.664484 0.028890
0.655886 0.044986
0.649136 0.062605
0.635304 0.078752
0.619083 0.104558
0.633732 0.115552
0.634757 0.147051
0.624615 0.176062
0.603540 0.204390
0.645442 0.276906
0.612200 0.260065
0.586286 0.288920
0.550295 0.310086
0.736140 0.000869
0.671053 0.000328
0.677074 0.022708
0.672196 0.043932
0.665180 0.060794
0.658017 0.077449
0.633096 0.095803
0.635409 0.131536
0.633581 0.162698
0.638130 0.188338
0.654681 0.219514
0.665960 0.204612
0.625663 0.274444
0.615217 0.304243
0.660924 0.308465
0.744326 0.000183
0.694684 0.023892
0.685621 0.035996
0.683210 0.056011
0.675921 0.073242
0.649272 0.090545
0.648921 0.107335
0.653915 0.157727
0.647678 0.172621
0.646495 0.202662
0.616881 0.221503
0.575792 0.311215
0.673966 0.254181
0.641617 0.294653
0.752621 0.001212
0.695321 0.001018
0.710154 0.023342
0.700197 0.041370
0.696366 0.063266
0.669307 0.089792
0.664376 0.106598
0.652470 0.124700
0.653303 0.141975
0.667079 0.175092
0.638545 0.221834
0.656645 0.236680
0.620791 0.246091
0.691834 0.302034
0.647182 0.313960
0.760767 0.000668
0.727719 0.023062
0.716344 0.036619
0.709289 0.054438
0.690254 0.080192
0.684808 0.097028
0.669280 0.124862
0.671885 0.158109
0.658878 0.187985
0.694444 0.212343
0.621273 0.287891
0.636499 0.259352
0.721310 0.297478
0.699694 0.278793
0.768972 0.000342
0.727950 0.000708
0.745742 0.022233
0.727062 0.051094
0.706547 0.077224
0.701407 0.096855
0.681606 0.112335
0.671377 0.141278
0.683443 0.175922
0.632153 0.235736
0.695876 0.191663
0.672633 0.232250
0.689808 0.242347
0.672092 0.304295
0.681574 0.281741
0.785551 0.000919
0.765553 0.024573
0.734769 0.036754
0.720565 0.067709
0.717980 0.091205
0.698941 0.115845
0.688139 0.128950
0.688636 0.145729
0.678994 0.194976
0.717013 0.224226
0.714213 0.243074
0.650244 0.251615
0.689721 0.260979
0.662458 0.266774
0.793948 0.000284
0.781103 0.023644
0.753643 0.034048
0.747482 0.048917
0.730830 0.081533
0.714924 0.109162
0.730067 0.119397
0.714137 0.127476
0.691543 0.161480
0.709352 0.158485
0.679789 0.217556
0.699006 0.228529
0.728741 0.267188
0.766978 0.264050
0.716199 0.279702
0.802231 0.000114
0.788571 0.039446
0.764989 0.051235
0.738300 0.064569
0.747489 0.083290
0.733156 0.101268
0.747670 0.115535
0.705774 0.139878
0.735158 0.181485
0.739384 0.222762
0.733567 0.240414
0.708632 0.256043
0.702569 0.301591
0.665295 0.285548
0.819089 0.000931
0.777310 0.000491
0.797327 0.024057
0.773782 0.039512
0.773523 0.064509
0.755081 0.065968
0.751068 0.098779
0.733218 0.137006
0.720382 0.170590
0.703896 0.178400
0.719061 0.189602
0.755298 0.209350
0.771005 0.231638
0.744025 0.287622
0.733216 0.295303
0.827476 0.000391
0.812883 0.024202
0.804964 0.040013
0.792977 0.055360
0.781282 0.088153
0.765006 0.081240
0.749077 0.133588
0.749815 0.151723
0.723356 0.149004
0.750392 0.177672
0.726855 0.210424
0.760805 0.194949
0.752621 0.272565
0.740125 0.255463
0.835961 0.000624
0.810715 0.000331
0.828461 0.024246
0.812914 0.055617
0.786701 0.070155
0.795007 0.101820
0.767828 0.099305
0.764912 0.118408
0.764962 0.137433
0.708661 0.205192
0.738534 0.199798
0.755051 0.229392
0.788364 0.224457
0.773856 0.294001
0.763595 0.292606
0.853071 0.000517
0.844156 0.024867
0.822099 0.039431
0.805656 0.069801
0.797788 0.085048
0.817264 0.087713
0.781249 0.111385
0.780739 0.129203
0.736624 0.160774
0.762414 0.166121
0.771140 0.184395
0.786068 0.198637
0.758629 0.248381
0.793335 0.240906
0.861661 0.000774
0.844483 0.000254
0.858870 0.025533
0.837857 0.040866
0.831075 0.057626
0.823029 0.072451
0.812688 0.103446
0.798750 0.120654
0.794996 0.138085
0.772727 0.152989
0.781980 0.170535
0.797044 0.189505
0.804229 0.215150
0.775044 0.210278
0.780108 0.252114
0.879105 0.000134
0.873101 0.024708
0.854760 0.042423
0.847736 0.059616
0.839075 0.076852
0.835062 0.093601
0.827949 0.109578
0.815128 0.122004
0.809857 0.144091
0.788638 0.153710
0.799089 0.168963
0.813526 0.200061
0.825471 0.216696
0.840648 0.294082
0.887819 0.001017
0.870387 0.000702
0.887579 0.025344
0.869512 0.042983
0.862020 0.063218
0.854863 0.079646
0.852455 0.098039
0.845764 0.113912
0.837823 0.129258
0.824823 0.137295
0.813117 0.161941
0.830377 0.174443
0.857110 0.223515
0.825777 0.270394
0.788239 0.290439
0.896391 0.000817
0.903124 0.025903
0.885695 0.043201
0.878215 0.059777
0.876930 0.076388
0.868815 0.091080
0.869699 0.108633
0.859974 0.122481
0.853937 0.139068
0.845358 0.153263
0.828469 0.156080
0.814352 0.182407
0.841797 0.217339
0.811985 0.231027
0.905270 0.000939
0.914098 0.000050
0.915687 0.026447
0.900560 0.044932
0.895397 0.063070
0.893638 0.080134
0.885043 0.096359
0.885320 0.117138
0.877548 0.132041
0.868211 0.147166
0.865907 0.163034
0.851184 0.170674
0.832967 0.198467
0.866792 0.267633
0.786605 0.277253
0.922953 0.000997
0.930740 0.022210
0.914156 0.045998
0.910295 0.067454
0.906499 0.089986
0.899902 0.108345
0.898972 0.128339
0.892685 0.145983
0.885057 0.160459
0.878056 0.179910
0.864079 0.188868
0.872949 0.218334
0.854585 0.202125
0.836219 0.238208
0.932046 0.000825
0.942646 0.032682
0.929900 0.041364
0.925158 0.063822
0.920696 0.083663
0.914913 0.108669
0.915060 0.131066
0.907874 0.149359
0.904759 0.167692
0.890988 0.182262
0.900875 0.203395
0.882898 0.203129
0.843633 0.186024
0.854620 0.242181
0.803815 0.267307
0.940975 0.000746
0.948858 0.048412
0.938114 0.060569
0.934534 0.086219
0.930460 0.102227
0.929237 0.121937
0.922938 0.156771
0.923130 0.178669
0.911778 0.187763
0.917651 0.210663
0.907979 0.227065
0.888345 0.219401
0.888378 0.243335
0.809736 0.285406
0.950058 0.000421
0.954316 0.021896
0.963198 0.036198
0.948128 0.077928
0.948872 0.100645
0.942867 0.120839
0.932288 0.142132
0.937533 0.167773
0.941692 0.188425
0.930593 0.200615
0.936598 0.220155
0.909772 0.248718
0.922332 0.261216
0.852584 0.257691
0.896664 0.262337
0.959157 0.000451
0.972538 0.022799
0.958665 0.063178
0.960787 0.087792
0.963606 0.150641
0.964627 0.185413
0.952555 0.169521
0.951290 0.222207
0.954699 0.244004
0.936631 0.244492
0.923471 0.235270
0.912023 0.277661
0.874963 0.241843
0.888674 0.302416
0.968132 0.000182
0.987079 0.000305
0.981428 0.037324
0.972484 0.102490
0.962076 0.112686
0.954585 0.131172
0.954272 0.199775
0.967667 0.211704
0.967466 0.233831
0.954229 0.266110
0.968649 0.296730
0.965418 0.326878
0.880677 0.301721
0.881065 0.264869
0.821047 0.290277
0.977309 0.000879
0.971034 0.050924
0.972043 0.077346
0.981366 0.120638
0.970808 0.133610
0.945267 0.149936
0.972758 0.250349
0.966136 0.271263
0.998973 0.258579
0.956536 0.290074
0.995303 0.310683
0.940030 0.271885
0.899591 0.287636
0.808616 0.250792
0.999859 0.000279
0.999191 0.036650
0.980909 0.063688
0.983632 0.090926
0.999414 0.105065
0.987956 0.171461
0.999851 0.141706
0.999206 0.155219
0.983437 0.300309
0.999754 0.272304
0.990248 0.327252
0.975822 0.324264
0.939256 0.312637
0.999801 0.232577
0.845599 0.275113
0.998995 0.000342
0.999200 0.047240
0.999690 0.069320
0.999583 0.093262
0.999633 0.116705
0.969585 0.165873
0.983035 0.226366
0.989439 0.275992
0.994268 0.252517
0.999399 0.205379
0.999163 0.303716
0.934678 0.289040
0.827705 0.251618
0.924752 0.307278
0.999585 0.016230
0.999712 0.026388
0.999436 0.058168
0.999553 0.080551
0.983664 0.147626
0.999322 0.128642
0.992129 0.202814
0.977879 0.192124
0.999961 0.220779
0.999921 0.169477
0.999189 0.185083
0.916411 0.299794
0.952073 0.315774
0.852719 0.291244
0.871514 0.289600
