0.000322 0.024838
0.000420 0.055583
0.000957 0.089403
0.000974 0.125184
0.000517 0.140549
0.000473 0.287896
0.000108 0.181034
0.000476 0.195909
0.001422 0.303790
0.022558 0.327395
0.092254 0.319733
0.033837 0.311543
0.062159 0.336702
0.121023 0.288626
0.000039 0.014552
0.000668 0.034755
0.000225 0.066513
0.018485 0.085750
0.031271 0.173665
0.000144 0.213108
0.000612 0.168295
0.001079 0.283308
0.000704 0.240009
0.001119 0.253646
0.006842 0.321195
0.017930 0.299382
0.072411 0.302247
0.080253 0.315809
0.133988 0.265602
0.000582 0.000501
0.000448 0.044849
0.000559 0.077614
0.000615 0.101059
0.000360 0.113019
0.016828 0.174259
0.000721 0.154492
0.012833 0.266382
0.000576 0.224803
0.027147 0.275129
0.039006 0.285986
0.059704 0.300697
0.047985 0.327634
0.117131 0.310015
0.001609 0.001145
0.021294 0.030801
0.020944 0.059390
0.019555 0.110056
0.013803 0.141235
0.027717 0.197733
0.044253 0.164917
0.021401 0.230369
0.022954 0.247078
0.044592 0.231565
0.039112 0.253645
0.052698 0.287915
0.032996 0.329506
0.066955 0.337485
0.159597 0.291494
0.015053 0.000222
0.043265 0.046295
0.027397 0.043710
0.031776 0.098447
0.023381 0.128087
0.011686 0.203374
0.045717 0.189249
0.033312 0.216560
0.056497 0.238721
0.086480 0.230555
0.055060 0.260349
0.119484 0.264619
0.067107 0.272105
0.147661 0.305211
0.033599 0.000306
0.024556 0.000145
0.045527 0.063740
0.029812 0.071219
0.026720 0.153196
0.038217 0.117055
0.039713 0.138678
0.055478 0.153984
0.049475 0.203385
0.062843 0.215012
0.077529 0.215884
0.072269 0.244718
0.104943 0.264143
0.091303 0.289190
0.188569 0.273013
0.042678 0.000540
0.033433 0.023843
0.041341 0.082957
0.049051 0.101948
0.054106 0.123532
0.064155 0.141295
0.059334 0.174834
0.074572 0.176308
0.070678 0.195091
0.095702 0.207508
0.085635 0.254007
0.083049 0.272989
0.103218 0.244324
0.108353 0.311800
0.051798 0.000247
0.047167 0.026824
0.057356 0.041975
0.062327 0.061628
0.058485 0.083206
0.066085 0.101596
0.068870 0.122845
0.079687 0.150454
0.088053 0.163894
0.087545 0.189260
0.104459 0.223166
0.116776 0.213866
0.120699 0.239477
0.162533 0.221747
0.155439 0.268617
0.060938 0.000228
0.062966 0.024003
0.072142 0.044094
0.073429 0.073548
0.078853 0.093213
0.083895 0.114790
0.085982 0.134907
0.100957 0.143176
0.103774 0.169823
0.104909 0.189279
0.121498 0.189807
0.139128 0.245550
0.107216 0.287354
0.147211 0.227703
0.069929 0.000252
0.078732 0.000770
0.078517 0.027978
0.085289 0.052706
0.089331 0.068443
0.093757 0.086160
0.097225 0.104828
0.102547 0.121847
0.113341 0.152796
0.123026 0.168854
0.138447 0.174587
0.133156 0.226591
0.177785 0.233866
0.167106 0.253454
0.185859 0.298605
0.087566 0.000135
0.092052 0.025868
0.097947 0.041875
0.104058 0.061895
0.110143 0.080053
0.114231 0.097109
0.121404 0.111240
0.118268 0.130786
0.130359 0.143529
0.152080 0.168304
0.131001 0.203786
0.162804 0.178911
0.153689 0.207987
0.182042 0.307783
0.096461 0.000191
0.114100 0.001187
0.106982 0.024615
0.114311 0.044624
0.122018 0.060500
0.126689 0.077303
0.134589 0.092803
0.135814 0.116184
0.144997 0.128071
0.143364 0.150842
0.174852 0.155848
0.145254 0.192234
0.197675 0.205228
0.179770 0.256359
0.168768 0.299091
0.105331 0.000996
0.120895 0.026202
0.131583 0.040871
0.139655 0.055259
0.143468 0.071791
0.155717 0.081895
0.148595 0.099401
0.160266 0.108837
0.161316 0.129209
0.161665 0.146099
0.179477 0.176957
0.169822 0.195252
0.187531 0.223778
0.151596 0.256990
0.122801 0.000536
0.148769 0.000594
0.135896 0.024610
0.152147 0.040884
0.157270 0.057611
0.169511 0.071585
0.170054 0.091392
0.176958 0.112809
0.178344 0.130863
0.191940 0.135146
0.189860 0.155027
0.191389 0.184153
0.214386 0.202386
0.208763 0.244594
0.211206 0.272936
0.131523 0.000231
0.150797 0.024282
0.170366 0.039586
0.175380 0.055670
0.185479 0.073476
0.185306 0.093774
0.193336 0.110139
0.205489 0.120853
0.206895 0.142472
0.203185 0.163392
0.207157 0.182793
0.181457 0.207875
0.220993 0.215408
0.227478 0.232786
0.140112 0.000294
0.182939 0.000770
0.166157 0.024541
0.188212 0.040982
0.199458 0.078756
0.204862 0.093647
0.216444 0.105277
0.224540 0.139201
0.220134 0.160257
0.237555 0.147490
0.226809 0.174603
0.228301 0.192195
0.239986 0.247278
0.222528 0.253270
0.196349 0.259813
0.157485 0.000097
0.181981 0.024709
0.194118 0.058082
0.215086 0.072841
0.223328 0.087036
0.233329 0.105108
0.222292 0.123806
0.251698 0.135551
0.243092 0.163730
0.245468 0.182272
0.257203 0.193879
0.205886 0.226592
0.218077 0.300312
0.207128 0.294039
0.165945 0.000511
0.197293 0.023959
0.204210 0.039460
0.210111 0.056760
0.234366 0.073120
0.242486 0.089209
0.239982 0.121738
0.270757 0.133760
0.258063 0.152548
0.262140 0.170678
0.273081 0.182575
0.243109 0.205579
0.244255 0.222395
0.231756 0.268368
0.227434 0.292585
0.174526 0.000143
0.220643 0.039664
0.227355 0.058006
0.251770 0.072339
0.261077 0.088625
0.251487 0.104624
0.275454 0.149527
0.295379 0.146962
0.282638 0.164732
0.285253 0.194453
0.267217 0.206720
0.258926 0.226503
0.256284 0.249693
0.268904 0.298711
0.191438 0.001131
0.213305 0.024189
0.236402 0.040937
0.245382 0.055849
0.279152 0.087039
0.271337 0.103649
0.259386 0.119734
0.310423 0.137652
0.302822 0.160914
0.322155 0.203015
0.305892 0.188219
0.276691 0.251212
0.274045 0.231914
0.273743 0.280126
0.277629 0.311296
0.199905 0.000043
0.229367 0.024615
0.253298 0.038666
0.268463 0.072312
0.290276 0.098691
0.279897 0.118383
0.290130 0.131740
0.320175 0.152579
0.294133 0.177643
0.301634 0.207744
0.281773 0.214601
0.291625 0.247586
0.246683 0.274178
0.247129 0.293034
0.208309 0.000208
0.258347 0.000189
0.244571 0.024249
0.262376 0.055495
0.299109 0.082568
0.309569 0.096365
0.297829 0.112468
0.309920 0.122397
0.337841 0.158756
0.317213 0.170647
0.323637 0.231932
0.312806 0.219718
0.294856 0.226141
0.296606 0.279151
0.263691 0.266569
0.216794 0.000256
0.260588 0.023438
0.270135 0.039677
0.287366 0.070881
0.317196 0.080320
0.320317 0.107918
0.328428 0.125533
0.332418 0.141365
0.339864 0.174491
0.337587 0.196092
0.342594 0.225041
0.311179 0.242426
0.315912 0.260434
0.254128 0.303879
0.225147 0.000458
0.291355 0.000779
0.276507 0.023962
0.279426 0.056884
0.305492 0.065257
0.330581 0.093592
0.338158 0.111469
0.349168 0.126597
0.349483 0.143049
0.385654 0.163311
0.354135 0.181945
0.324479 0.184457
0.331348 0.244799
0.356513 0.235017
0.292383 0.263472
0.233488 0.000977
0.292342 0.023230
0.286211 0.038889
0.296250 0.052309
0.334312 0.077479
0.349347 0.095783
0.354963 0.111284
0.367160 0.140732
0.357181 0.157837
0.376425 0.198045
0.341301 0.212054
0.379481 0.230385
0.288859 0.303311
0.316432 0.276343
0.241791 0.000968
0.316044 0.000635
0.303381 0.034605
0.313716 0.046487
0.320866 0.062782
0.350940 0.081209
0.371190 0.105073
0.368922 0.122356
0.368001 0.167235
0.401595 0.167006
0.372295 0.181683
0.358217 0.200567
0.373150 0.243357
0.302882 0.298898
0.340047 0.260254
0.250082 0.000280
0.311949 0.022214
0.331244 0.045777
0.337516 0.061624
0.354827 0.065374
0.368626 0.089518
0.388654 0.114618
0.382037 0.148439
0.405034 0.151618
0.407539 0.181360
0.363647 0.217712
0.396515 0.234103
0.328085 0.303653
0.356739 0.251127
0.266614 0.001030
0.340544 0.000415
0.323493 0.031593
0.350106 0.049371
0.367571 0.052883
0.369470 0.072026
0.387974 0.098168
0.383623 0.131134
0.398639 0.136475
0.422045 0.159489
0.420910 0.190283
0.382197 0.214014
0.417908 0.232362
0.352288 0.269412
0.409961 0.243966
0.274933 0.000334
0.334972 0.022376
0.344186 0.034680
0.382454 0.061265
0.383437 0.080938
0.401837 0.086844
0.426438 0.121592
0.404512 0.119079
0.415921 0.132694
0.425871 0.145836
0.388532 0.183800
0.331745 0.278099
0.447558 0.298405
0.342173 0.297820
0.283157 0.000598
0.365078 0.000679
0.381296 0.042330
0.363310 0.036788
0.398746 0.055147
0.421816 0.090336
0.406290 0.102759
0.445111 0.107412
0.443008 0.123050
0.440272 0.165181
0.425560 0.175047
0.427173 0.202287
0.414820 0.215024
0.400343 0.198592
0.361059 0.283734
0.299601 0.000077
0.353739 0.023019
0.397236 0.040249
0.416375 0.044582
0.397777 0.070979
0.416259 0.075725
0.423160 0.107017
0.439478 0.140030
0.450539 0.152540
0.441825 0.186374
0.437150 0.214293
0.460021 0.249387
0.311465 0.303717
0.377746 0.257877
0.307827 0.000276
0.370296 0.023618
0.409470 0.030328
0.415653 0.061383
0.434525 0.066092
0.480491 0.097220
0.462472 0.119813
0.438707 0.094350
0.463001 0.103941
0.450512 0.198998
0.473864 0.198703
0.461012 0.211229
0.450365 0.224007
0.434625 0.250226
0.397750 0.214016
0.324249 0.000661
0.383999 0.026614
0.421741 0.022250
0.430640 0.035510
0.454755 0.062020
0.438742 0.079758
0.480076 0.112963
0.489803 0.141541
0.465956 0.161262
0.454522 0.174264
0.465145 0.185243
0.455063 0.237481
0.365414 0.298918
0.397981 0.258881
0.332381 0.000395
0.405587 0.001170
0.397924 0.021788
0.439613 0.022178
0.432416 0.051955
0.456322 0.075860
0.458416 0.090025
0.479603 0.129122
0.458171 0.134114
0.479651 0.171686
0.486680 0.186556
0.412918 0.259316
0.448409 0.259966
0.379681 0.268956
0.384969 0.296979
0.348740 0.000071
0.458542 0.022954
0.449986 0.048998
0.476060 0.081481
0.493818 0.087752
0.506070 0.133666
0.486236 0.155725
0.469434 0.145050
0.478944 0.243068
0.434439 0.231633
0.474346 0.226701
0.478251 0.266924
0.409060 0.318646
0.353467 0.305213
0.356927 0.000521
0.413656 0.000923
0.478247 0.000253
0.475392 0.024027
0.447840 0.034537
0.509330 0.082095
0.496816 0.120357
0.498519 0.103660
0.494519 0.204063
0.503171 0.162176
0.436658 0.281683
0.486206 0.255781
0.410604 0.273416
0.430405 0.266979
0.499584 0.305690
0.373233 0.000209
0.462108 0.000507
0.465961 0.037423
0.471364 0.051870
0.532498 0.136374
0.535099 0.150834
0.509841 0.147980
0.506039 0.191610
0.495403 0.236790
0.419460 0.296394
0.406108 0.282610
0.384009 0.311592
0.383053 0.284800
0.453609 0.272712
0.381307 0.001077
0.454064 0.000311
0.486275 0.000536
0.507454 0.023629
0.529730 0.059349
0.547424 0.196203
0.526000 0.188504
0.521476 0.174368
0.638457 0.590756
0.407376 0.348046
0.439802 0.372296
0.926082 0.331663
0.589219 0.333599
0.391645 0.329162
0.419204 0.315505
0.421740 0.000954
0.470190 0.001057
0.611637 0.035357
0.488990 0.058017
0.483554 0.038064
0.523497 0.204055
0.510455 0.211560
0.500132 0.175806
0.507696 0.266531
0.482643 0.214608
0.449219 0.319374
0.416641 0.333285
0.441448 0.311786
0.403208 0.298169
0.397425 0.000718
0.437919 0.000093
0.510378 0.000440
0.491643 0.024210
0.644293 0.571853
0.515892 0.095968
0.608288 0.317952
0.504299 0.225269
0.452212 0.287764
0.495172 0.274335
0.922374 0.354725
0.630420 0.313520
0.635180 0.323047
0.439002 0.374258
0.380066 0.317726
0.534407 0.000351
0.502325 0.001162
0.429761 0.000858
0.139890 0.297426
0.509099 0.058332
0.520181 0.126524
0.471067 0.277390
0.649112 0.580890
0.577857 0.325564
0.476071 0.383683
0.918049 0.335917
0.597989 0.326820
0.464384 0.379529
0.471112 0.350423
0.598669 0.000692
0.550513 0.000401
0.389324 0.000584
0.494261 0.000717
0.544611 0.023092
0.494276 0.071414
0.515602 0.111854
0.543710 0.180639
0.532601 0.272547
0.498353 0.335005
0.472694 0.289673
0.462696 0.333613
0.513138 0.344056
0.455863 0.358542
0.557789 0.341918
0.590602 0.000532
0.518392 0.000387
0.445983 0.000641
0.510241 0.036469
0.473893 0.066858
0.917305 0.345760
0.406997 0.350584
0.470224 0.321013
0.484542 0.359611
0.634016 0.584281
0.450723 0.342414
0.484793 0.377610
0.575348 0.342073
0.543563 0.305518
0.614831 0.000048
0.566555 0.000503
0.525563 0.023876
0.526427 0.000177
0.518353 0.070498
0.522341 0.044795
0.532127 0.087817
0.523271 0.160092
0.543570 0.165894
0.504457 0.250594
0.531502 0.261456
0.485204 0.324580
0.558904 0.337354
0.505660 0.361749
0.574431 0.278884
0.630921 0.000957
0.542434 0.000759
0.553424 0.036464
0.534412 0.034524
0.497409 0.044460
0.532585 0.103996
0.551242 0.142695
0.559313 0.157214
0.566227 0.171367
0.521709 0.230771
0.475118 0.306935
0.543234 0.294840
0.512938 0.358412
0.519158 0.330107
0.638951 0.000526
0.558582 0.000196
0.579819 0.023847
0.572415 0.037418
0.562645 0.051175
0.537441 0.119538
0.554218 0.126527
0.568419 0.140148
0.564879 0.185845
0.522242 0.246052
0.550374 0.272855
0.561826 0.287715
0.511676 0.316988
0.539945 0.246227
0.520848 0.306764
0.655194 0.000234
0.598931 0.023292
0.590674 0.035541
0.562561 0.024155
0.543045 0.050055
0.537106 0.073995
0.549213 0.097187
0.555571 0.110917
0.580303 0.163737
0.555875 0.221016
0.555310 0.260106
0.535977 0.223897
0.527379 0.283430
0.496741 0.295283
0.663332 0.000303
0.574611 0.000785
0.618671 0.022713
0.552265 0.064149
0.585369 0.051215
0.573684 0.062488
0.552728 0.080776
0.568275 0.092289
0.574133 0.123607
0.591952 0.176564
0.564917 0.201690
0.554978 0.238025
0.610184 0.280918
0.604897 0.315581
0.623357 0.315691
0.679311 0.000996
0.582579 0.000480
0.606729 0.000330
0.603684 0.047112
0.569878 0.076750
0.588093 0.099619
0.572058 0.107601
0.584428 0.148205
0.600179 0.160621
0.584649 0.190461
0.540796 0.208505
0.568922 0.252850
0.574487 0.310442
0.541930 0.324030
0.687461 0.000063
0.622879 0.000195
0.638129 0.023909
0.624139 0.052786
0.590932 0.067556
0.586691 0.083521
0.591430 0.116565
0.589489 0.133770
0.606164 0.145354
0.621195 0.158431
0.573260 0.217625
0.586167 0.206282
0.588158 0.226926
0.599574 0.243634
0.648107 0.315503
0.703742 0.000034
0.648818 0.034762
0.638686 0.065219
0.628564 0.035781
0.607110 0.061490
0.606297 0.078695
0.604420 0.093679
0.607143 0.127708
0.624975 0.193606
0.612913 0.174105
0.603413 0.218790
0.584425 0.272611
0.506288 0.282208
0.596581 0.305710
0.711853 0.000347
0.647027 0.000168
0.657078 0.022595
0.641602 0.049392
0.621936 0.069672
0.622787 0.087196
0.607556 0.109226
0.622918 0.122138
0.623672 0.140902
0.633323 0.208028
0.603788 0.191090
0.613603 0.235515
0.572262 0.236946
0.587918 0.253642
0.603391 0.264674
0.719913 0.000067
0.670259 0.028841
0.661117 0.045214
0.655378 0.062298
0.641369 0.079442
0.624357 0.104476
0.640363 0.114569
0.640852 0.146500
0.631226 0.177279
0.610200 0.204810
0.657368 0.278719
0.620028 0.261342
0.595430 0.287540
0.565658 0.301974
0.736372 0.000467
0.671241 0.000782
0.683170 0.023487
0.677747 0.044080
0.672079 0.060674
0.664085 0.077231
0.638947 0.095613
0.640768 0.131444
0.639629 0.163140
0.643984 0.189331
0.664518 0.221866
0.674383 0.208002
0.634645 0.274304
0.626420 0.298991
0.672416 0.314169
0.744611 0.001070
0.700255 0.023801
0.692781 0.037592
0.690316 0.056392
0.682816 0.074033
0.655809 0.089985
0.655380 0.107377
0.660949 0.157955
0.654988 0.173940
0.654152 0.204674
0.624421 0.223029
0.583459 0.305796
0.682711 0.257274
0.652701 0.296794
0.752945 0.000449
0.695553 0.000488
0.715880 0.024476
0.707357 0.041284
0.703138 0.063770
0.676075 0.090439
0.671240 0.106478
0.658582 0.124795
0.659751 0.141659
0.673442 0.175677
0.645692 0.223003
0.665509 0.238676
0.628449 0.246582
0.703905 0.307889
0.662694 0.317003
0.761133 0.000373
0.734253 0.023248
0.723902 0.036854
0.716340 0.055044
0.697193 0.080485
0.692430 0.096707
0.676104 0.124584
0.679789 0.159487
0.666022 0.190347
0.704254 0.216152
0.631704 0.288262
0.644067 0.260715
0.731812 0.304334
0.711300 0.284338
0.769307 0.000125
0.728149 0.000021
0.751243 0.023481
0.733988 0.052112
0.714313 0.077952
0.708951 0.097241
0.688855 0.112573
0.677923 0.141760
0.691549 0.178933
0.641991 0.238288
0.704358 0.194729
0.682877 0.237348
0.701200 0.247248
0.684731 0.309125
0.693056 0.285760
0.785840 0.000391
0.771014 0.024122
0.741436 0.037888
0.727470 0.068823
0.724999 0.092064
0.707081 0.117139
0.695457 0.129497
0.695733 0.145988
0.687276 0.197225
0.727477 0.230621
0.725017 0.248181
0.660010 0.254225
0.698989 0.264655
0.672235 0.269842
0.794225 0.000419
0.787503 0.024229
0.760872 0.035433
0.753971 0.049996
0.738906 0.082813
0.723120 0.109932
0.737986 0.119713
0.722294 0.128588
0.698367 0.162739
0.715896 0.159498
0.687902 0.219994
0.710336 0.233160
0.739796 0.273970
0.778881 0.271483
0.727717 0.287039
0.802571 0.000008
0.794995 0.040791
0.772076 0.052684
0.744949 0.066226
0.755535 0.083962
0.740816 0.101437
0.755607 0.116556
0.712788 0.140956
0.744204 0.183760
0.749653 0.227051
0.744026 0.246764
0.718361 0.261880
0.714481 0.308400
0.676527 0.290860
0.819432 0.000115
0.777537 0.000388
0.803074 0.024589
0.779410 0.039410
0.780521 0.064991
0.761251 0.066739
0.758281 0.100257
0.741034 0.138228
0.728990 0.172433
0.711769 0.179478
0.727638 0.192338
0.764798 0.214997
0.781987 0.238893
0.757523 0.296398
0.746553 0.302662
0.827901 0.000822
0.818053 0.024884
0.810756 0.041685
0.798371 0.056759
0.787397 0.089727
0.772312 0.081323
0.756253 0.135227
0.759008 0.154074
0.731523 0.150273
0.758786 0.180636
0.736995 0.214279
0.769789 0.198953
0.763428 0.279320
0.751211 0.261937
0.836406 0.000373
0.810959 0.000201
0.833589 0.023924
0.818950 0.057009
0.793752 0.072949
0.801796 0.102779
0.774659 0.100558
0.772752 0.119130
0.772275 0.138677
0.719058 0.207097
0.747856 0.202985
0.764676 0.235944
0.797511 0.231061
0.784639 0.303827
0.777796 0.302038
0.853550 0.000767
0.848801 0.025063
0.827969 0.040410
0.811698 0.070901
0.805457 0.087144
0.823309 0.089416
0.788891 0.112681
0.788254 0.131755
0.745085 0.162420
0.770035 0.168719
0.781255 0.188156
0.794448 0.205008
0.769355 0.255392
0.803777 0.249476
0.862028 0.000664
0.845067 0.000090
0.863734 0.025542
0.843801 0.041364
0.836850 0.058082
0.829369 0.074140
0.819467 0.105634
0.805535 0.121812
0.801892 0.139866
0.780919 0.153389
0.790272 0.175938
0.806122 0.192626
0.813761 0.222629
0.784482 0.216567
0.790678 0.260260
0.879483 0.000855
0.878559 0.025819
0.859567 0.043155
0.852710 0.060589
0.845133 0.078309
0.841492 0.095032
0.834472 0.112121
0.821899 0.124868
0.817266 0.146393
0.796755 0.156611
0.807385 0.173443
0.821672 0.206982
0.833560 0.224684
0.850273 0.305124
0.888169 0.000968
0.870756 0.000399
0.892255 0.025489
0.874542 0.043725
0.868346 0.064346
0.860105 0.080577
0.857438 0.100106
0.851547 0.116594
0.844530 0.131286
0.832037 0.139550
0.821177 0.165593
0.837984 0.179328
0.866276 0.233556
0.837016 0.281489
0.802798 0.301869
0.896882 0.000311
0.906981 0.025184
0.890224 0.042768
0.883577 0.060707
0.881085 0.077526
0.874136 0.093683
0.874468 0.110732
0.866234 0.125696
0.860531 0.142933
0.851628 0.158162
0.836399 0.159409
0.821714 0.187310
0.849461 0.224697
0.819671 0.239492
0.905574 0.000676
0.914296 0.000967
0.920931 0.027598
0.904790 0.045404
0.900746 0.063962
0.898106 0.082079
0.891078 0.098218
0.889633 0.119476
0.883357 0.135760
0.874633 0.151046
0.872664 0.169151
0.857368 0.174499
0.840170 0.206239
0.876007 0.281294
0.797754 0.286586
0.923143 0.000142
0.934914 0.022205
0.919041 0.047397
0.913719 0.069523
0.910257 0.093464
0.904237 0.111048
0.904007 0.132049
0.896872 0.150226
0.892199 0.167508
0.883782 0.186966
0.870493 0.195771
0.879185 0.227008
0.861186 0.210499
0.844359 0.248372
0.932173 0.000953
0.946677 0.032588
0.932283 0.042145
0.928038 0.065426
0.923736 0.085003
0.919096 0.113029
0.919853 0.135904
0.912256 0.154768
0.909344 0.175477
0.896951 0.189903
0.906919 0.213249
0.890325 0.212232
0.851888 0.192717
0.862707 0.252440
0.815312 0.276244
0.941172 0.000584
0.951100 0.049706
0.941761 0.062661
0.937885 0.089041
0.934111 0.105921
0.931703 0.124797
0.925449 0.163053
0.926477 0.186972
0.915988 0.196691
0.923183 0.221788
0.913728 0.239100
0.895367 0.231329
0.896988 0.254601
0.819866 0.295029
0.950244 0.000538
0.957095 0.022025
0.964653 0.035851
0.949033 0.079014
0.951659 0.104232
0.946341 0.123800
0.933995 0.146626
0.939061 0.174710
0.945365 0.196201
0.936214 0.210728
0.939274 0.229824
0.917105 0.261354
0.928785 0.274459
0.860704 0.267143
0.904684 0.277611
0.959410 0.000743
0.974989 0.022318
0.959920 0.062982
0.962803 0.091116
0.965389 0.155599
0.964694 0.193879
0.955105 0.177317
0.956164 0.233223
0.956290 0.259105
0.941870 0.257903
0.929119 0.246939
0.919327 0.291509
0.882261 0.254264
0.895351 0.317922
0.968445 0.000307
0.987395 0.000949
0.981731 0.038560
0.972995 0.107958
0.962938 0.117561
0.955143 0.136873
0.957130 0.210041
0.969278 0.221626
0.969069 0.245931
0.959609 0.279495
0.970603 0.313627
0.968904 0.343312
0.888878 0.316075
0.889777 0.278704
0.831937 0.301127
0.977591 0.000285
0.971924 0.052301
0.973084 0.079194
0.983667 0.123560
0.973020 0.137989
0.947602 0.156274
0.975191 0.262884
0.971483 0.287125
0.999675 0.259862
0.959510 0.305806
0.997148 0.322247
0.942580 0.286561
0.906196 0.302839
0.819129 0.259295
0.998986 0.000757
0.999822 0.036599
0.980721 0.065451
0.983452 0.092565
0.999743 0.105252
0.989915 0.178499
0.999381 0.141622
0.999581 0.155138
0.986825 0.316137
0.999572 0.274775
0.994368 0.343160
0.983848 0.341827
0.945356 0.327703
0.999380 0.233359
0.855066 0.286105
0.999210 0.000965
0.999673 0.047523
0.999519 0.069486
0.999006 0.093190
0.999813 0.116911
0.970395 0.171616
0.985415 0.239765
0.989763 0.290788
0.999721 0.257255
0.998998 0.205220
0.999520 0.302906
0.939852 0.305116
0.836959 0.259843
0.931799 0.322592
0.999623 0.016340
0.999343 0.026366
0.999072 0.058366
0.999948 0.080663
0.982990 0.152697
0.999703 0.129190
0.991271 0.206931
0.977789 0.200435
0.999774 0.221880
0.999818 0.169387
0.999973 0.184829
0.920890 0.315350
0.956477 0.332843
0.859470 0.304069
0.880026 0.304036
