0.001047 0.024870
0.000227 0.055689
0.000043 0.089496
0.000433 0.125225
0.000086 0.140514
0.000037 0.288692
0.000917 0.181041
0.000799 0.195622
0.000944 0.307341
0.020702 0.331784
0.090464 0.322882
0.032852 0.316312
0.060323 0.339979
0.117890 0.292408
0.000921 0.014596
0.000525 0.034888
0.000462 0.066558
0.018100 0.086534
0.031422 0.176328
0.000325 0.213173
0.000431 0.168127
0.001554 0.282638
0.000341 0.241058
0.000971 0.253895
0.005713 0.325362
0.017734 0.304050
0.070090 0.306256
0.078206 0.320130
0.131976 0.269451
0.000276 0.000550
0.001002 0.044983
0.000163 0.077649
0.000591 0.101147
0.000329 0.113104
0.017120 0.176186
0.000498 0.154554
0.011179 0.269853
0.000507 0.225715
0.026209 0.278410
0.038014 0.289886
0.057944 0.305447
0.046414 0.331796
0.115101 0.313939
0.001040 0.000699
0.021042 0.030546
0.020927 0.059696
0.019224 0.110881
0.013850 0.142496
0.027463 0.199779
0.043598 0.166634
0.021210 0.234404
0.021729 0.250660
0.043486 0.234988
0.038163 0.257346
0.051210 0.292108
0.030797 0.333744
0.065434 0.342090
0.155376 0.295014
0.014923 0.000135
0.042308 0.046854
0.026807 0.043374
0.031157 0.098710
0.023058 0.128952
0.011860 0.205063
0.045120 0.191798
0.032959 0.219277
0.055410 0.241868
0.085112 0.233752
0.054309 0.264542
0.117956 0.267467
0.065184 0.275764
0.144886 0.310742
0.033492 0.000689
0.024473 0.000280
0.044833 0.063586
0.029491 0.070966
0.026546 0.155065
0.037332 0.117890
0.039152 0.140371
0.055282 0.155378
0.048529 0.206162
0.061550 0.218326
0.076453 0.218431
0.070777 0.247738
0.102415 0.267346
0.088751 0.293031
0.185589 0.276247
0.042571 0.000388
0.033023 0.023628
0.040966 0.083358
0.048075 0.103128
0.052513 0.124818
0.063175 0.142785
0.058310 0.177419
0.074064 0.178522
0.068864 0.197663
0.094182 0.209799
0.083907 0.257642
0.081084 0.276881
0.101132 0.247100
0.106816 0.315730
0.051739 0.000057
0.046124 0.027042
0.056256 0.042411
0.061289 0.061598
0.057444 0.083846
0.064540 0.102544
0.067911 0.123856
0.078876 0.152292
0.087091 0.165463
0.085934 0.191390
0.102617 0.226210
0.114349 0.215676
0.118309 0.242635
0.159996 0.223692
0.152341 0.272355
0.060836 0.000560
0.061577 0.023667
0.071381 0.044530
0.072104 0.074052
0.077491 0.093589
0.082660 0.115176
0.084387 0.136340
0.099395 0.144725
0.102465 0.171786
0.102665 0.191691
0.119796 0.191555
0.136271 0.247779
0.104646 0.291349
0.144955 0.229318
0.069818 0.000450
0.078610 0.000187
0.077084 0.027929
0.084011 0.053471
0.087744 0.068926
0.092437 0.086785
0.095659 0.105263
0.100924 0.122888
0.111651 0.153956
0.120829 0.170567
0.136476 0.176361
0.130528 0.229058
0.175374 0.235621
0.164416 0.256253
0.181786 0.302393
0.087417 0.000867
0.090652 0.025715
0.096378 0.041771
0.102737 0.061875
0.108712 0.080710
0.112271 0.097825
0.119122 0.112378
0.116468 0.131973
0.128395 0.144734
0.149876 0.169582
0.128340 0.206241
0.160542 0.180193
0.151312 0.209902
0.179362 0.311904
0.096334 0.000526
0.113965 0.000859
0.105456 0.024665
0.112930 0.044711
0.120429 0.060852
0.124841 0.077641
0.132217 0.093693
0.133891 0.116664
0.142590 0.129792
0.141418 0.151994
0.172582 0.156629
0.142860 0.193585
0.194286 0.207305
0.177083 0.259831
0.165790 0.303871
0.105137 0.000572
0.119204 0.026696
0.130165 0.040929
0.138021 0.056016
0.141589 0.072811
0.153321 0.082510
0.146436 0.100286
0.157988 0.109716
0.159259 0.129811
0.159034 0.147121
0.177198 0.177912
0.166568 0.196608
0.184365 0.225485
0.148025 0.260417
0.122687 0.000692
0.148679 0.001221
0.134236 0.024865
0.150239 0.041061
0.155398 0.057747
0.167459 0.072041
0.167790 0.092199
0.174775 0.113524
0.176227 0.131752
0.189650 0.136007
0.187256 0.156076
0.188525 0.185340
0.211453 0.203567
0.205426 0.247179
0.207868 0.275632
0.131383 0.000206
0.149115 0.024355
0.168557 0.039921
0.173237 0.056059
0.183244 0.074003
0.182896 0.094362
0.191215 0.110492
0.203065 0.121370
0.204577 0.143336
0.199960 0.164906
0.204668 0.184001
0.178552 0.209793
0.218321 0.216864
0.224460 0.234147
0.140026 0.000521
0.182816 0.001026
0.164508 0.024719
0.186469 0.041344
0.197257 0.079345
0.202554 0.094209
0.213975 0.105844
0.221642 0.139299
0.217360 0.161072
0.234938 0.148085
0.223994 0.175445
0.225675 0.193525
0.237026 0.249363
0.218377 0.255482
0.192531 0.262129
0.157404 0.000639
0.180311 0.024764
0.191853 0.058539
0.212857 0.073145
0.221136 0.087600
0.230787 0.105469
0.219857 0.124625
0.249257 0.135832
0.239865 0.164505
0.242584 0.182897
0.254458 0.194892
0.202810 0.227958
0.213550 0.303498
0.203315 0.296656
0.165865 0.000791
0.195637 0.024076
0.202139 0.039979
0.208092 0.057249
0.231987 0.073561
0.240168 0.089704
0.237585 0.122321
0.268341 0.134328
0.255736 0.152942
0.259442 0.171384
0.270441 0.183736
0.240343 0.206830
0.241135 0.223889
0.228188 0.270956
0.222989 0.295382
0.174445 0.000293
0.218532 0.040276
0.225364 0.058286
0.249379 0.072440
0.258766 0.088913
0.249271 0.104841
0.272969 0.150106
0.292947 0.146992
0.279877 0.165318
0.282436 0.195347
0.264336 0.208128
0.255364 0.228173
0.253031 0.250815
0.264624 0.300774
0.191345 0.000845
0.211589 0.024474
0.234394 0.041100
0.243182 0.056114
0.276774 0.087133
0.269128 0.103749
0.256856 0.120062
0.308027 0.137838
0.300224 0.161089
0.319286 0.203445
0.303286 0.188559
0.272442 0.252986
0.271001 0.233706
0.270051 0.282619
0.273569 0.313447
0.199837 0.000824
0.227259 0.024671
0.251237 0.038764
0.266244 0.072563
0.288090 0.098650
0.277442 0.118433
0.287805 0.131833
0.317945 0.152836
0.291272 0.178315
0.298475 0.207623
0.278682 0.215548
0.288329 0.248685
0.242898 0.276545
0.242969 0.295642
0.208260 0.000143
0.258293 0.000878
0.242547 0.024249
0.260010 0.055718
0.297121 0.082563
0.307444 0.096431
0.295216 0.112636
0.307753 0.122337
0.336051 0.158530
0.314794 0.170537
0.320509 0.232246
0.309249 0.219890
0.291700 0.227276
0.292680 0.280552
0.259777 0.268423
0.216728 0.000246
0.258644 0.023496
0.268090 0.039949
0.285158 0.070916
0.314982 0.080458
0.317979 0.107873
0.326024 0.125100
0.329874 0.141411
0.337624 0.174539
0.334782 0.195580
0.338870 0.224667
0.307404 0.242932
0.312492 0.261883
0.249976 0.306508
0.225068 0.000190
0.291320 0.000362
0.274567 0.024107
0.277236 0.056956
0.303404 0.065431
0.328427 0.093515
0.336151 0.111257
0.346869 0.126289
0.347370 0.142381
0.383818 0.162353
0.351600 0.181748
0.321528 0.184423
0.327073 0.245209
0.352701 0.234336
0.288979 0.264232
0.233347 0.000428
0.290253 0.023371
0.284261 0.039177
0.294068 0.052635
0.332102 0.077592
0.347233 0.095461
0.352889 0.110902
0.364950 0.140186
0.354725 0.157608
0.373757 0.196826
0.337908 0.211853
0.376535 0.229716
0.284775 0.304950
0.311737 0.277920
0.241686 0.000314
0.315985 0.000388
0.301365 0.034707
0.311605 0.046757
0.318788 0.062907
0.349001 0.080853
0.369454 0.104631
0.366777 0.121842
0.366193 0.166622
0.399616 0.166271
0.369292 0.181631
0.355313 0.200594
0.369679 0.241518
0.298609 0.300617
0.335610 0.260828
0.249991 0.001155
0.309821 0.022461
0.328879 0.045813
0.335492 0.061676
0.352781 0.065291
0.366715 0.089369
0.387137 0.114010
0.380429 0.147861
0.403796 0.150598
0.405242 0.180633
0.361362 0.216412
0.394007 0.232971
0.323170 0.305686
0.352736 0.250351
0.266553 0.000374
0.340495 0.000086
0.321554 0.031392
0.347994 0.049452
0.365669 0.052704
0.367712 0.071818
0.386245 0.097631
0.381506 0.130502
0.396617 0.135570
0.420463 0.158843
0.419209 0.189410
0.379858 0.213051
0.415895 0.230913
0.347934 0.268731
0.407706 0.241785
0.274880 0.000760
0.332960 0.022577
0.342338 0.034753
0.380758 0.061082
0.381593 0.080623
0.400374 0.086421
0.425450 0.120840
0.403101 0.118738
0.414423 0.132323
0.424748 0.145001
0.386586 0.182721
0.327876 0.279071
0.445927 0.293730
0.337132 0.298745
0.283087 0.000840
0.365043 0.000839
0.379774 0.042350
0.361737 0.036951
0.397247 0.054989
0.420359 0.089906
0.404853 0.102261
0.444131 0.106366
0.442218 0.122142
0.438932 0.164362
0.424346 0.174490
0.425638 0.201736
0.413092 0.212884
0.398397 0.197504
0.356307 0.282760
0.299552 0.001162
0.351668 0.023140
0.395479 0.040038
0.414887 0.044316
0.396496 0.070579
0.415136 0.075333
0.421956 0.106425
0.438335 0.139533
0.450262 0.151955
0.440543 0.185699
0.435718 0.213003
0.460068 0.247441
0.307366 0.305052
0.373650 0.256758
0.307784 0.000650
0.368322 0.023853
0.408318 0.030171
0.414272 0.060872
0.433383 0.065341
0.480270 0.096190
0.461848 0.119125
0.437573 0.093655
0.462389 0.103099
0.449280 0.197817
0.473894 0.197730
0.460847 0.209840
0.449925 0.222520
0.433428 0.247820
0.394875 0.213642
0.324163 0.001078
0.382208 0.026206
0.420740 0.022264
0.429600 0.035563
0.454086 0.061894
0.437522 0.079081
0.479764 0.111992
0.490048 0.140737
0.465313 0.160653
0.453630 0.173633
0.464411 0.184823
0.454063 0.235107
0.358835 0.298220
0.394018 0.256147
0.332320 0.000413
0.405554 0.000457
0.396413 0.021953
0.438748 0.022125
0.431390 0.051655
0.455621 0.075332
0.457474 0.089400
0.478767 0.128428
0.456739 0.133512
0.479051 0.170945
0.486879 0.185702
0.410522 0.256836
0.445797 0.256921
0.374616 0.266287
0.379543 0.294878
0.348695 0.000377
0.457781 0.023055
0.449384 0.048864
0.475759 0.081047
0.493865 0.087341
0.505703 0.132712
0.485827 0.155175
0.469444 0.144062
0.478635 0.241032
0.432824 0.229480
0.473993 0.225285
0.477676 0.263935
0.407287 0.311350
0.347962 0.305440
0.356874 0.000289
0.413603 0.000009
0.478246 0.000918
0.474899 0.024174
0.446876 0.034403
0.509237 0.081419
0.496456 0.119300
0.498590 0.102934
0.494526 0.203237
0.503260 0.161340
0.433731 0.278372
0.486242 0.252386
0.407695 0.269113
0.428754 0.264463
0.499562 0.299828
0.373182 0.000055
0.462129 0.000301
0.465369 0.037546
0.470803 0.051658
0.532865 0.135338
0.535936 0.150125
0.510450 0.147153
0.506474 0.190337
0.495642 0.234876
0.418547 0.290959
0.402123 0.278097
0.382174 0.303018
0.378382 0.281828
0.452624 0.270124
0.381194 0.000437
0.454091 0.000524
0.486272 0.001031
0.507381 0.023737
0.530243 0.058895
0.549116 0.195530
0.526820 0.187999
0.522067 0.173544
0.639916 0.581571
0.406806 0.338840
0.439194 0.362874
0.929510 0.320782
0.589011 0.328392
0.390422 0.321407
0.419452 0.309762
0.421681 0.000095
0.470210 0.000071
0.612708 0.035526
0.488570 0.057781
0.483241 0.037879
0.524587 0.203776
0.511314 0.210312
0.500985 0.174878
0.509397 0.263966
0.482884 0.213310
0.446937 0.313823
0.417005 0.327285
0.439170 0.306628
0.398635 0.291713
0.397406 0.000931
0.437907 0.000523
0.510386 0.000291
0.491518 0.024213
0.645150 0.562505
0.516393 0.095291
0.609870 0.313132
0.504885 0.223545
0.450695 0.283384
0.495510 0.271428
0.924568 0.345458
0.635258 0.305529
0.640594 0.320578
0.438318 0.365089
0.376612 0.311494
0.534405 0.000639
0.502349 0.000796
0.429741 0.000578
0.137376 0.301873
0.508938 0.058058
0.520411 0.125848
0.471413 0.273984
0.650826 0.571255
0.575802 0.316749
0.475647 0.374659
0.919333 0.327543
0.597299 0.322601
0.464059 0.370184
0.471688 0.342204
0.598693 0.000293
0.550521 0.000996
0.389261 0.000907
0.494269 0.000032
0.544954 0.023318
0.494402 0.070853
0.515830 0.111238
0.544818 0.179873
0.534521 0.269991
0.497048 0.327762
0.473269 0.284960
0.462145 0.326671
0.514862 0.336724
0.454436 0.350087
0.557159 0.333544
0.590632 0.000863
0.518395 0.000726
0.446006 0.000013
0.510397 0.036608
0.473487 0.066574
0.919464 0.338205
0.406260 0.342193
0.470974 0.313951
0.484870 0.350952
0.633893 0.574931
0.448130 0.335451
0.485001 0.368423
0.575904 0.334457
0.546552 0.301777
0.614833 0.000813
0.566573 0.000658
0.525641 0.024030
0.526428 0.000854
0.518898 0.070023
0.522733 0.044850
0.532326 0.087265
0.523902 0.159306
0.544711 0.165269
0.505948 0.248441
0.532917 0.258629
0.485206 0.319263
0.558031 0.327704
0.505528 0.353792
0.577367 0.277815
0.630955 0.000318
0.542450 0.000112
0.554024 0.036243
0.534700 0.034399
0.497056 0.044232
0.533165 0.103607
0.551926 0.142131
0.560671 0.156560
0.567175 0.170850
0.522496 0.229087
0.474801 0.301674
0.545799 0.288459
0.514063 0.350581
0.522091 0.324051
0.638982 0.000281
0.558593 0.000967
0.580793 0.023943
0.573214 0.037514
0.563483 0.051274
0.538141 0.118953
0.555132 0.125767
0.569504 0.139891
0.566381 0.185659
0.522849 0.244347
0.552810 0.270710
0.565064 0.284248
0.513136 0.311710
0.541450 0.244662
0.522162 0.302481
0.655197 0.000238
0.600092 0.023682
0.591504 0.035691
0.563356 0.024390
0.543695 0.049864
0.537598 0.073603
0.549637 0.096679
0.556409 0.110065
0.581758 0.163404
0.557278 0.220270
0.557883 0.258131
0.537559 0.223199
0.528851 0.281102
0.496310 0.290715
0.663357 0.000943
0.574631 0.000983
0.620006 0.022996
0.553095 0.063922
0.586408 0.051396
0.574831 0.062469
0.553475 0.080420
0.569073 0.091995
0.574972 0.123553
0.593478 0.176056
0.566422 0.201724
0.556832 0.237389
0.613704 0.280402
0.604672 0.312881
0.626972 0.315080
0.679375 0.000311
0.582612 0.000071
0.606735 0.000438
0.604910 0.047232
0.570533 0.076513
0.589182 0.099471
0.573275 0.107399
0.585791 0.147548
0.601687 0.160499
0.585805 0.190103
0.541950 0.207903
0.570920 0.251763
0.577058 0.308875
0.544449 0.320365
0.687504 0.000458
0.622901 0.001152
0.639424 0.024050
0.625472 0.053119
0.592104 0.067760
0.587544 0.083376
0.592622 0.116355
0.590741 0.133343
0.607930 0.145250
0.622976 0.158279
0.575380 0.217554
0.588300 0.206331
0.590130 0.226971
0.601906 0.243346
0.654142 0.316456
0.703805 0.001320
0.650084 0.035016
0.640307 0.065383
0.629871 0.036014
0.608267 0.061738
0.607639 0.078754
0.605825 0.093736
0.608518 0.127512
0.626690 0.193849
0.614728 0.173893
0.605575 0.218935
0.587700 0.271025
0.508406 0.277591
0.598622 0.301161
0.711908 0.000649
0.647047 0.000216
0.658724 0.022988
0.643035 0.049679
0.623539 0.069846
0.624200 0.087112
0.608840 0.108898
0.624457 0.121757
0.625393 0.140708
0.635279 0.208244
0.605093 0.190867
0.616132 0.235913
0.573996 0.236570
0.590236 0.253620
0.605596 0.264497
0.719980 0.000929
0.671836 0.028934
0.662627 0.045351
0.657214 0.062360
0.643206 0.079659
0.625780 0.104428
0.642212 0.114248
0.642793 0.146588
0.633099 0.177553
0.612446 0.205084
0.661151 0.279122
0.622390 0.261572
0.598407 0.285900
0.568750 0.299761
0.736419 0.000670
0.671321 0.000055
0.684972 0.023801
0.679420 0.044141
0.674171 0.060764
0.665839 0.077073
0.640663 0.095597
0.642399 0.131274
0.641513 0.163143
0.645920 0.189697
0.667480 0.222542
0.676953 0.208905
0.637512 0.273743
0.629837 0.294498
0.676663 0.315898
0.744706 0.000648
0.701928 0.023834
0.694768 0.038241
0.692388 0.056564
0.684806 0.074200
0.657850 0.089814
0.657310 0.107320
0.662971 0.157945
0.657052 0.174361
0.656296 0.205183
0.626760 0.223321
0.585044 0.302581
0.685316 0.258233
0.656906 0.296410
0.752989 0.000128
0.695617 0.000159
0.717640 0.024729
0.709401 0.041380
0.705105 0.063928
0.678120 0.090670
0.673451 0.106389
0.660481 0.124812
0.661692 0.141583
0.675487 0.175872
0.647811 0.223144
0.668127 0.239377
0.630688 0.246741
0.707547 0.309513
0.668105 0.318331
0.761207 0.000786
0.736041 0.023420
0.726110 0.036990
0.718437 0.055375
0.699293 0.080677
0.694688 0.096699
0.678139 0.124461
0.682103 0.159836
0.668149 0.191129
0.707040 0.217175
0.635226 0.286762
0.646562 0.260992
0.734889 0.306396
0.714536 0.285984
0.769384 0.000952
0.728197 0.000123
0.752915 0.023922
0.736003 0.052618
0.716575 0.078262
0.711106 0.097461
0.691076 0.112547
0.679784 0.141844
0.693956 0.179826
0.645069 0.239087
0.706854 0.195741
0.686076 0.238785
0.704389 0.248684
0.689017 0.310416
0.696481 0.286993
0.785932 0.000080
0.772523 0.023919
0.743450 0.038048
0.729477 0.069174
0.727019 0.092344
0.709507 0.117418
0.697754 0.129566
0.697989 0.146062
0.689773 0.197846
0.730722 0.232355
0.728448 0.249872
0.662989 0.255090
0.701816 0.266140
0.675237 0.270995
0.794318 0.000407
0.789303 0.024423
0.763024 0.035779
0.755805 0.050434
0.741233 0.083223
0.725473 0.110177
0.740354 0.119890
0.724733 0.128938
0.700578 0.163168
0.717899 0.159715
0.690397 0.220776
0.713462 0.234350
0.743002 0.275888
0.782497 0.273779
0.731175 0.289126
0.802656 0.000442
0.796818 0.041257
0.774229 0.053139
0.746853 0.066720
0.757796 0.084151
0.743035 0.101601
0.757814 0.117020
0.714974 0.141277
0.746925 0.184438
0.752731 0.228434
0.747152 0.248639
0.721365 0.263974
0.717858 0.310274
0.679989 0.292180
0.819499 0.000688
0.777607 0.000710
0.804759 0.024804
0.781075 0.039372
0.782660 0.065078
0.763102 0.067055
0.760340 0.100727
0.743211 0.138551
0.731657 0.172894
0.714140 0.179668
0.730314 0.193134
0.767691 0.216675
0.785145 0.240909
0.761291 0.299002
0.750275 0.304745
0.828002 0.000134
0.819592 0.025105
0.812564 0.042116
0.799908 0.057143
0.789175 0.090229
0.774467 0.081340
0.758375 0.135672
0.761765 0.154897
0.733829 0.150684
0.761442 0.181498
0.739881 0.215357
0.772307 0.200041
0.766514 0.281344
0.754364 0.263880
0.836519 0.000272
0.811029 0.000024
0.835125 0.023861
0.820761 0.057368
0.795830 0.073693
0.803883 0.103198
0.776694 0.100992
0.774926 0.119446
0.774441 0.139184
0.722173 0.207733
0.750872 0.203643
0.767531 0.237831
0.800146 0.232659
0.788030 0.306710
0.781626 0.304697
0.853738 0.000976
0.850311 0.025043
0.829575 0.040700
0.813481 0.071217
0.807844 0.087708
0.825224 0.089990
0.791083 0.113066
0.790365 0.132550
0.747686 0.163037
0.772338 0.169492
0.784202 0.189295
0.797066 0.206895
0.772449 0.257402
0.806683 0.252063
0.862157 0.001025
0.845139 0.000166
0.865140 0.025377
0.845642 0.041479
0.838528 0.058292
0.831252 0.074604
0.821410 0.106235
0.807623 0.122166
0.804064 0.140556
0.783163 0.153751
0.792534 0.177376
0.808650 0.193838
0.816320 0.224428
0.787228 0.218399
0.793789 0.262783
0.879579 0.000863
0.880007 0.025967
0.860902 0.043351
0.854233 0.060868
0.846909 0.078730
0.843312 0.095579
0.836597 0.112855
0.823970 0.125853
0.819411 0.147217
0.799255 0.157556
0.809693 0.174714
0.823903 0.208805
0.835791 0.227088
0.852717 0.308417
0.888236 0.000381
0.870849 0.000635
0.893982 0.025417
0.876016 0.043943
0.870133 0.064665
0.861928 0.080977
0.858977 0.100726
0.853319 0.117287
0.846720 0.132137
0.834324 0.140446
0.823559 0.166547
0.840263 0.180900
0.868897 0.236358
0.840026 0.284597
0.806919 0.304938
0.896971 0.000703
0.908046 0.024997
0.891658 0.042552
0.885338 0.060940
0.882287 0.077989
0.875632 0.094312
0.875870 0.111474
0.868228 0.126887
0.862366 0.143991
0.853642 0.159380
0.838789 0.160218
0.824199 0.188944
0.851819 0.226934
0.822196 0.241887
0.905667 0.000373
0.914445 0.000171
0.922263 0.027915
0.906065 0.045336
0.902015 0.063986
0.899333 0.082568
0.892797 0.098852
0.890770 0.120359
0.885027 0.137015
0.876772 0.152284
0.874838 0.170862
0.859247 0.175766
0.842175 0.208135
0.878626 0.285085
0.800925 0.289126
0.923187 0.000467
0.935938 0.022286
0.920510 0.047892
0.914776 0.070071
0.911402 0.094572
0.905298 0.111848
0.905123 0.133186
0.897629 0.151379
0.894029 0.169414
0.885101 0.188967
0.872486 0.197853
0.881097 0.229265
0.863479 0.212843
0.846647 0.250866
0.932181 0.000162
0.947550 0.032668
0.933002 0.042405
0.928861 0.065760
0.924486 0.085303
0.920066 0.114116
0.920960 0.137461
0.913283 0.156254
0.910511 0.177717
0.898895 0.192355
0.908510 0.216010
0.892220 0.214535
0.854305 0.194531
0.865187 0.255085
0.818389 0.278822
0.941201 0.000649
0.951649 0.049971
0.942829 0.063357
0.939022 0.089672
0.934985 0.106637
0.932192 0.125900
0.926184 0.164966
0.927304 0.189284
0.916844 0.199495
0.924378 0.224901
0.914946 0.242391
0.897531 0.234808
0.899498 0.257570
0.822662 0.298032
0.950287 0.000517
0.957963 0.021937
0.965186 0.035857
0.949586 0.079085
0.952388 0.104885
0.947528 0.124836
0.934655 0.147801
0.939333 0.176544
0.946077 0.198242
0.937475 0.213600
0.940048 0.232593
0.918839 0.264811
0.930610 0.278205
0.863059 0.269849
0.906939 0.281687
0.959468 0.000792
0.975962 0.022299
0.960412 0.063568
0.963241 0.091803
0.965788 0.156841
0.964714 0.195737
0.956005 0.179335
0.957493 0.236245
0.956721 0.263336
0.943212 0.261724
0.930570 0.250074
0.921379 0.294768
0.884463 0.257570
0.897026 0.322382
0.968489 0.000666
0.987473 0.000105
0.981803 0.038655
0.973560 0.109213
0.963297 0.119412
0.955454 0.138926
0.957807 0.213366
0.969917 0.224644
0.969467 0.248899
0.961015 0.283031
0.971417 0.318317
0.970447 0.347580
0.890267 0.320082
0.892271 0.282421
0.835006 0.304212
0.977631 0.000048
0.972212 0.052716
0.973070 0.079434
0.984142 0.124474
0.973585 0.139170
0.948416 0.157909
0.975916 0.266738
0.973497 0.291339
0.999900 0.260979
0.960354 0.309591
0.998441 0.325857
0.943247 0.290321
0.907640 0.306288
0.822122 0.261806
0.999383 0.000294
0.999765 0.036631
0.980655 0.065972
0.983277 0.093036
0.999037 0.105235
0.990261 0.180361
0.999886 0.141743
0.999645 0.155167
0.988421 0.320352
0.999795 0.276307
0.994716 0.346835
0.986432 0.347075
0.948359 0.332284
0.999983 0.233420
0.857739 0.289184
0.998708 0.000918
0.999740 0.047580
0.999986 0.069569
0.999727 0.093144
0.999905 0.116897
0.970957 0.173237
0.985988 0.243055
0.990412 0.294812
0.999038 0.256953
0.999523 0.204992
0.999420 0.302641
0.941631 0.308390
0.839531 0.262258
0.934806 0.326087
0.999848 0.016348
0.999919 0.026418
0.999397 0.058427
0.999769 0.080708
0.982893 0.154168
0.999711 0.129384
0.990971 0.208261
0.977664 0.202495
0.999680 0.222112
0.999373 0.169265
0.999775 0.184864
0.921090 0.318015
0.958701 0.338173
0.861473 0.307999
0.882171 0.307878
