0.000413 0.024905
0.000894 0.055781
0.000712 0.089529
0.000088 0.125309
0.000329 0.140478
0.000383 0.289230
0.000260 0.181082
0.000644 0.195440
0.000546 0.311063
0.018373 0.336061
0.088697 0.325959
0.031755 0.320819
0.058614 0.343326
0.115050 0.296182
0.000226 0.014649
0.000685 0.034982
0.000762 0.066641
0.017844 0.087186
0.031633 0.178931
0.000541 0.213293
0.000684 0.167955
0.001645 0.281650
0.000273 0.241809
0.000615 0.253946
0.004776 0.329094
0.017344 0.308739
0.068057 0.310190
0.076348 0.324556
0.129936 0.273490
0.001408 0.000080
0.000604 0.045150
0.000284 0.077659
0.000155 0.101217
0.001045 0.113192
0.017274 0.178015
0.000972 0.154647
0.009508 0.272941
0.000523 0.226204
0.025411 0.281547
0.036857 0.293608
0.056061 0.310211
0.044953 0.335951
0.113201 0.317841
0.000838 0.000788
0.020671 0.030159
0.020857 0.059993
0.018862 0.111641
0.013979 0.143863
0.027279 0.201835
0.043017 0.168104
0.020917 0.238215
0.020460 0.254167
0.042275 0.238222
0.037219 0.261014
0.049662 0.296030
0.028545 0.338107
0.063956 0.346550
0.151100 0.298463
0.014799 0.000344
0.041234 0.047465
0.026179 0.043197
0.030595 0.098854
0.022920 0.129851
0.012031 0.206837
0.044555 0.194253
0.032582 0.221939
0.054343 0.244959
0.083643 0.236908
0.053434 0.268627
0.116332 0.270330
0.063257 0.279305
0.142054 0.315962
0.033374 0.000176
0.024375 0.000445
0.044183 0.063616
0.029169 0.070835
0.026500 0.156858
0.036569 0.118817
0.038729 0.142101
0.055068 0.156729
0.047597 0.209064
0.060176 0.221634
0.075339 0.220897
0.069254 0.250683
0.099813 0.270517
0.086185 0.296824
0.182607 0.279572
0.042468 0.000063
0.032587 0.023260
0.040640 0.083733
0.047250 0.104242
0.050947 0.126188
0.062114 0.144205
0.057367 0.179879
0.073542 0.180558
0.067045 0.200237
0.092572 0.211969
0.082181 0.261246
0.079160 0.280698
0.098986 0.249885
0.105233 0.319753
0.051695 0.000558
0.045227 0.027172
0.055340 0.042732
0.060330 0.061704
0.056487 0.084442
0.063043 0.103529
0.066989 0.124806
0.077932 0.154175
0.086103 0.167033
0.084335 0.193457
0.100683 0.229251
0.111935 0.217311
0.115800 0.245790
0.157566 0.225717
0.149388 0.276413
0.060716 0.000383
0.060340 0.023334
0.070712 0.044884
0.070731 0.074629
0.076073 0.093952
0.081370 0.115580
0.082798 0.137593
0.097870 0.146186
0.101192 0.173722
0.100481 0.193988
0.118059 0.193152
0.133450 0.249951
0.102042 0.295270
0.142884 0.230953
0.069704 0.000258
0.078508 0.000965
0.075554 0.027881
0.082718 0.054228
0.086155 0.069504
0.091104 0.087382
0.094109 0.105714
0.099322 0.123951
0.110086 0.155143
0.118609 0.172149
0.134299 0.178011
0.127827 0.231348
0.172882 0.237563
0.161802 0.258850
0.177857 0.306116
0.087197 0.000250
0.089128 0.025604
0.094754 0.041710
0.101462 0.061897
0.107234 0.081313
0.110348 0.098531
0.116813 0.113564
0.114706 0.133121
0.126387 0.145904
0.147678 0.170515
0.125762 0.208574
0.158255 0.181412
0.148889 0.211693
0.176683 0.315810
0.096223 0.000479
0.113804 0.000441
0.103857 0.024811
0.111492 0.044868
0.118797 0.061259
0.122975 0.078022
0.129756 0.094616
0.131993 0.117143
0.140103 0.131528
0.139456 0.153138
0.170099 0.157408
0.140433 0.194931
0.190981 0.209234
0.174485 0.263260
0.162799 0.308653
0.104968 0.000247
0.117525 0.027238
0.128761 0.041096
0.136296 0.056826
0.139606 0.073824
0.150835 0.083212
0.144166 0.101211
0.155621 0.110712
0.157068 0.130370
0.156321 0.148195
0.174856 0.178650
0.163288 0.197981
0.181267 0.227402
0.144557 0.263752
0.122549 0.000278
0.148552 0.000886
0.132566 0.025195
0.148266 0.041266
0.153432 0.057972
0.165216 0.072548
0.165378 0.093091
0.172478 0.114253
0.173939 0.132664
0.187361 0.136867
0.184611 0.157068
0.185748 0.186587
0.208509 0.204599
0.201975 0.249642
0.204452 0.278380
0.131260 0.000046
0.147404 0.024606
0.166630 0.040313
0.171043 0.056452
0.180874 0.074553
0.180441 0.095007
0.188999 0.110899
0.200512 0.121968
0.202232 0.144292
0.196794 0.166446
0.202242 0.185136
0.175487 0.211602
0.215760 0.218416
0.221414 0.235548
0.139922 0.000506
0.182718 0.000721
0.162803 0.024988
0.184575 0.041724
0.195023 0.079906
0.200169 0.094902
0.211472 0.106459
0.218720 0.139579
0.214519 0.161793
0.232295 0.148712
0.221080 0.176316
0.223053 0.194838
0.234015 0.251397
0.214222 0.257670
0.188810 0.264434
0.157268 0.000544
0.178553 0.024920
0.189506 0.059040
0.210564 0.073462
0.218938 0.088284
0.228235 0.105853
0.217389 0.125365
0.246677 0.136202
0.236633 0.165261
0.239641 0.183520
0.251629 0.195896
0.199732 0.229494
0.208990 0.306554
0.199477 0.299264
0.165765 0.000272
0.193943 0.024250
0.200027 0.040532
0.205995 0.057770
0.229619 0.074027
0.237798 0.090225
0.235143 0.122931
0.265830 0.134894
0.253307 0.153408
0.256664 0.171998
0.267707 0.184855
0.237480 0.208079
0.237882 0.225398
0.224558 0.273541
0.218510 0.298218
0.174348 0.000166
0.216382 0.040927
0.223334 0.058589
0.246918 0.072596
0.256334 0.089268
0.246995 0.105119
0.270425 0.150757
0.290351 0.147084
0.276964 0.165893
0.279571 0.196301
0.261324 0.209555
0.251735 0.229833
0.249687 0.251930
0.260242 0.302915
0.191231 0.000379
0.209851 0.024733
0.232385 0.041265
0.240929 0.056457
0.274330 0.087229
0.266813 0.103927
0.254286 0.120344
0.305632 0.138077
0.297526 0.161314
0.316206 0.203926
0.300592 0.188999
0.268042 0.254822
0.267898 0.235454
0.266302 0.285014
0.269397 0.315473
0.199732 0.000870
0.225119 0.024729
0.249162 0.038898
0.263984 0.072819
0.285827 0.098651
0.274888 0.118443
0.285404 0.131898
0.315621 0.153115
0.288308 0.178948
0.295171 0.207426
0.275553 0.216472
0.285034 0.249674
0.239141 0.278881
0.238765 0.298316
0.208205 0.000791
0.258208 0.000137
0.240485 0.024322
0.257589 0.055998
0.295047 0.082580
0.305241 0.096510
0.292512 0.112840
0.305538 0.122282
0.334171 0.158349
0.312311 0.170350
0.317319 0.232396
0.305606 0.220004
0.288437 0.228442
0.288602 0.281907
0.255831 0.270330
0.216655 0.000168
0.256693 0.023686
0.265958 0.040212
0.282893 0.070996
0.312723 0.080639
0.315620 0.107850
0.323570 0.124718
0.327273 0.141367
0.335315 0.174531
0.332068 0.194969
0.335045 0.224428
0.303396 0.243523
0.308934 0.263310
0.245819 0.309074
0.224983 0.000275
0.291296 0.000254
0.272564 0.024321
0.274934 0.057059
0.301218 0.065664
0.326261 0.093498
0.334013 0.110998
0.344563 0.126050
0.345258 0.141706
0.381899 0.161381
0.348962 0.181546
0.318520 0.184372
0.322872 0.245730
0.348612 0.233498
0.285487 0.265150
0.233230 0.000459
0.288199 0.023531
0.282240 0.039453
0.291834 0.053008
0.329880 0.077754
0.345111 0.095167
0.350886 0.110475
0.362685 0.139661
0.352205 0.157333
0.371074 0.195669
0.334473 0.211507
0.373643 0.228808
0.280444 0.306800
0.307000 0.279577
0.241597 0.000173
0.315940 0.000297
0.299300 0.034833
0.309472 0.047048
0.316703 0.063035
0.347092 0.080534
0.367747 0.104201
0.364624 0.121363
0.364330 0.165835
0.397619 0.165435
0.366211 0.181559
0.352284 0.200513
0.366107 0.239610
0.294314 0.302367
0.330902 0.261379
0.249843 0.000073
0.307713 0.022687
0.326485 0.045854
0.333433 0.061765
0.350737 0.065258
0.364733 0.089230
0.385513 0.113341
0.378721 0.147245
0.402466 0.149510
0.402840 0.179882
0.358836 0.215013
0.391404 0.231620
0.318242 0.307680
0.348366 0.249621
0.266498 0.000233
0.340464 0.000261
0.319587 0.031177
0.345874 0.049527
0.363841 0.052594
0.365943 0.071652
0.384489 0.097074
0.379313 0.129794
0.394582 0.134700
0.418785 0.158199
0.417357 0.188507
0.377419 0.211862
0.413912 0.229086
0.343346 0.268095
0.405361 0.239253
0.274790 0.000189
0.330938 0.022721
0.340461 0.034808
0.379090 0.060905
0.379819 0.080351
0.398907 0.086025
0.424473 0.120051
0.401731 0.118302
0.412861 0.131875
0.423594 0.144081
0.384649 0.181651
0.323889 0.280174
0.444191 0.289582
0.331678 0.299805
0.283010 0.000309
0.364982 0.000209
0.378194 0.042408
0.360172 0.037116
0.395744 0.054909
0.418849 0.089458
0.403399 0.101734
0.443148 0.105416
0.441393 0.121232
0.437600 0.163420
0.423144 0.173784
0.424043 0.201154
0.411170 0.210750
0.396375 0.196387
0.351002 0.281518
0.299449 0.000034
0.349605 0.023208
0.393713 0.039819
0.413374 0.044098
0.395185 0.070228
0.414039 0.074994
0.420727 0.105789
0.437292 0.138923
0.449962 0.151270
0.439199 0.184862
0.434228 0.211567
0.460265 0.245404
0.303624 0.306646
0.369417 0.255138
0.307739 0.000619
0.366326 0.024037
0.407231 0.030007
0.412877 0.060358
0.432210 0.064673
0.479945 0.095221
0.461237 0.118389
0.436382 0.092999
0.461820 0.102287
0.448091 0.196563
0.473912 0.196684
0.460786 0.208329
0.449503 0.220755
0.432019 0.244967
0.392157 0.213167
0.324078 0.000638
0.380403 0.025842
0.419720 0.022356
0.428536 0.035623
0.453410 0.061731
0.436257 0.078359
0.479481 0.111059
0.490306 0.139828
0.464726 0.159972
0.452745 0.172875
0.463730 0.184275
0.453081 0.232677
0.351673 0.297909
0.389596 0.253036
0.332284 0.000469
0.405518 0.000536
0.394932 0.022195
0.437916 0.022116
0.430360 0.051344
0.454924 0.074839
0.456558 0.088811
0.477950 0.127701
0.455294 0.132938
0.478469 0.170118
0.487048 0.184728
0.408382 0.253808
0.443206 0.253438
0.369338 0.263772
0.373678 0.292337
0.348651 0.000757
0.457128 0.023158
0.448774 0.048700
0.475419 0.080621
0.493937 0.086878
0.505332 0.131674
0.485377 0.154634
0.469489 0.143046
0.478112 0.238558
0.431019 0.227350
0.473583 0.223712
0.477036 0.260508
0.405347 0.304458
0.342013 0.306118
0.356833 0.000293
0.413562 0.000793
0.478241 0.000370
0.474426 0.024244
0.446009 0.034266
0.509212 0.080702
0.496114 0.118230
0.498731 0.102274
0.494569 0.202308
0.503320 0.160352
0.430395 0.275238
0.486470 0.248737
0.405082 0.264806
0.426928 0.261734
0.499783 0.294604
0.373126 0.000144
0.462151 0.000556
0.464762 0.037574
0.470255 0.051430
0.533263 0.134250
0.536847 0.149353
0.511187 0.146220
0.507068 0.188996
0.495858 0.232632
0.417744 0.285671
0.398087 0.273773
0.380643 0.295676
0.373443 0.278084
0.451762 0.267090
0.381138 0.000506
0.454122 0.000213
0.486277 0.000596
0.507351 0.023748
0.530816 0.058457
0.550891 0.194682
0.527760 0.187380
0.522709 0.172755
0.641386 0.571921
0.406091 0.329792
0.438470 0.353373
0.933645 0.309288
0.588982 0.325746
0.389061 0.314409
0.419972 0.304222
0.421640 0.001182
0.470218 0.000747
0.613815 0.035609
0.488177 0.057490
0.482938 0.037649
0.525806 0.203384
0.512205 0.208919
0.501804 0.173961
0.511422 0.261062
0.483165 0.211983
0.444744 0.308913
0.417580 0.321632
0.436453 0.301800
0.394588 0.285626
0.397394 0.000175
0.437897 0.000034
0.510391 0.000847
0.491436 0.024230
0.645992 0.553428
0.516911 0.094593
0.613888 0.309139
0.505444 0.221711
0.449410 0.279216
0.495644 0.268507
0.926940 0.338340
0.640952 0.298130
0.646359 0.319282
0.437495 0.356078
0.372412 0.306971
0.534411 0.000938
0.502369 0.001152
0.429725 0.000682
0.134944 0.306344
0.508714 0.057751
0.520655 0.125181
0.471560 0.270517
0.652244 0.561372
0.572503 0.309588
0.475226 0.365520
0.918709 0.320579
0.597563 0.320576
0.463836 0.360906
0.472319 0.334243
0.598714 0.000664
0.550532 0.000116
0.389197 0.000107
0.494276 0.000775
0.545357 0.023492
0.494592 0.070279
0.516022 0.110608
0.545950 0.179056
0.536387 0.267641
0.495904 0.320867
0.473946 0.280954
0.461368 0.320035
0.516784 0.329725
0.452859 0.341809
0.555829 0.326793
0.590677 0.000877
0.518402 0.000898
0.446021 0.000628
0.510560 0.036704
0.473080 0.066297
0.920408 0.333281
0.405348 0.334394
0.471554 0.307048
0.485350 0.342530
0.634069 0.565395
0.445235 0.328644
0.485150 0.359331
0.576225 0.328663
0.548879 0.298393
0.614828 0.000142
0.566595 0.001052
0.525610 0.024071
0.526437 0.000154
0.519441 0.069577
0.523101 0.044874
0.532525 0.086729
0.524536 0.158397
0.545904 0.164596
0.507496 0.245934
0.534188 0.255292
0.485426 0.314140
0.556378 0.318400
0.505464 0.346043
0.580173 0.276055
0.630987 0.000896
0.542466 0.000596
0.554661 0.036043
0.535086 0.034269
0.496779 0.043947
0.533799 0.103247
0.552628 0.141475
0.562126 0.155840
0.568168 0.170304
0.523342 0.227153
0.474519 0.296355
0.547970 0.282473
0.515293 0.342942
0.525338 0.318212
0.639012 0.000795
0.558610 0.000390
0.581811 0.023986
0.574036 0.037618
0.564336 0.051308
0.538926 0.118341
0.556063 0.125030
0.570663 0.139636
0.567979 0.185384
0.523456 0.242350
0.555357 0.268579
0.567806 0.280363
0.514674 0.306621
0.543063 0.242578
0.523891 0.298114
0.655202 0.000045
0.601263 0.024023
0.592318 0.035779
0.564200 0.024558
0.544438 0.049647
0.538143 0.073157
0.550061 0.096104
0.557253 0.109262
0.583236 0.163017
0.558688 0.219342
0.560607 0.255812
0.539243 0.222459
0.530017 0.279471
0.495782 0.286094
0.663375 0.000061
0.574653 0.000714
0.621339 0.023297
0.553957 0.063695
0.587478 0.051538
0.575985 0.062413
0.554241 0.080080
0.569918 0.091721
0.575805 0.123514
0.595103 0.175532
0.568057 0.201710
0.558650 0.236431
0.617354 0.279336
0.604893 0.310555
0.630814 0.315735
0.679426 0.000929
0.582632 0.000045
0.606744 0.000958
0.606102 0.047349
0.571228 0.076269
0.590255 0.099310
0.574548 0.107178
0.587180 0.146942
0.603292 0.160347
0.586958 0.189689
0.543157 0.207285
0.573282 0.250560
0.578610 0.306905
0.546215 0.316696
0.687543 0.001005
0.622934 0.000139
0.640663 0.024149
0.626767 0.053359
0.593301 0.067949
0.588422 0.083218
0.593824 0.116126
0.592087 0.132905
0.609710 0.145118
0.624785 0.158142
0.577546 0.217314
0.590590 0.206267
0.592301 0.226979
0.604367 0.242827
0.660479 0.317846
0.703894 0.000496
0.651304 0.035261
0.641935 0.065517
0.631184 0.036281
0.609442 0.061986
0.608941 0.078766
0.607237 0.093763
0.609947 0.127362
0.628404 0.193993
0.616575 0.173716
0.607785 0.219049
0.591188 0.268769
0.510983 0.273516
0.601392 0.295186
0.711964 0.000498
0.647075 0.000551
0.660325 0.023389
0.644468 0.049899
0.625189 0.070031
0.625661 0.087021
0.610175 0.108658
0.626054 0.121453
0.627101 0.140491
0.637386 0.208435
0.606495 0.190533
0.618714 0.236213
0.576016 0.235926
0.592597 0.253185
0.607986 0.263840
0.720118 0.000914
0.673401 0.029035
0.664160 0.045478
0.659076 0.062461
0.645074 0.079878
0.627213 0.104395
0.644035 0.113975
0.644827 0.146794
0.634977 0.177760
0.614774 0.205290
0.665250 0.279385
0.624826 0.261356
0.601684 0.283179
0.570223 0.296620
0.736491 0.000071
0.671373 0.000846
0.686777 0.024161
0.681111 0.044161
0.676302 0.060896
0.667642 0.076877
0.642396 0.095631
0.644060 0.131060
0.643496 0.163140
0.648018 0.190054
0.670453 0.223215
0.679601 0.209715
0.640742 0.272466
0.632877 0.289788
0.681444 0.317761
0.744791 0.000720
0.703594 0.023936
0.696695 0.038882
0.694429 0.056747
0.686764 0.074339
0.659957 0.089694
0.659288 0.107264
0.665010 0.157966
0.659134 0.174781
0.658459 0.205648
0.629223 0.223529
0.586815 0.297847
0.688055 0.259139
0.661726 0.295786
0.753011 0.000972
0.695657 0.000701
0.719434 0.024940
0.711456 0.041494
0.707085 0.064086
0.680183 0.090891
0.675723 0.106342
0.662441 0.124847
0.663677 0.141559
0.677615 0.176102
0.650020 0.223204
0.670801 0.240025
0.633028 0.246694
0.711310 0.311139
0.673582 0.320055
0.761272 0.000615
0.737796 0.023581
0.728293 0.037143
0.720533 0.055714
0.701422 0.080885
0.696947 0.096777
0.680217 0.124381
0.684410 0.160194
0.670340 0.191881
0.709873 0.218190
0.639460 0.284427
0.649394 0.260894
0.738057 0.308445
0.717784 0.287580
0.769510 0.001031
0.728249 0.000357
0.754645 0.024320
0.738013 0.053148
0.718790 0.078591
0.713229 0.097785
0.693355 0.112554
0.681659 0.141944
0.696369 0.180721
0.648309 0.239781
0.709433 0.196808
0.689425 0.240119
0.707603 0.250053
0.693699 0.311652
0.700011 0.288179
0.786006 0.000774
0.774042 0.023700
0.745514 0.038124
0.731470 0.069512
0.729038 0.092655
0.711922 0.117690
0.700064 0.129619
0.700256 0.146174
0.692327 0.198431
0.734020 0.233966
0.731945 0.251621
0.666095 0.255874
0.704762 0.267727
0.678432 0.272205
0.794405 0.000152
0.791093 0.024599
0.765193 0.036072
0.757656 0.050868
0.743533 0.083671
0.727785 0.110476
0.742744 0.120166
0.727188 0.129352
0.702843 0.163676
0.720009 0.159988
0.693063 0.221599
0.716535 0.235401
0.746244 0.277799
0.786122 0.276146
0.734743 0.291179
0.802766 0.000302
0.798623 0.041666
0.776405 0.053539
0.748754 0.067170
0.760084 0.084389
0.745250 0.101838
0.760015 0.117606
0.717235 0.141633
0.749613 0.185149
0.755828 0.229815
0.750325 0.250495
0.724450 0.266154
0.721321 0.312120
0.683619 0.293314
0.819591 0.001111
0.777714 0.000635
0.806451 0.025013
0.782778 0.039261
0.784877 0.065166
0.765025 0.067356
0.762425 0.101206
0.745354 0.138944
0.734337 0.173349
0.716577 0.179878
0.733021 0.193925
0.770633 0.218330
0.788254 0.242892
0.764976 0.301569
0.753983 0.306730
0.828070 0.000677
0.821156 0.025322
0.814437 0.042470
0.801491 0.057506
0.790994 0.090757
0.776672 0.081385
0.760521 0.136172
0.764530 0.155776
0.736120 0.151201
0.764223 0.182408
0.742726 0.216424
0.774808 0.201138
0.769587 0.283406
0.757519 0.265872
0.836604 0.000560
0.811075 0.000397
0.836640 0.023845
0.822613 0.057702
0.797935 0.074427
0.806008 0.103701
0.778772 0.101459
0.777107 0.119857
0.776630 0.139763
0.725293 0.208451
0.753981 0.204264
0.770416 0.239690
0.802776 0.234142
0.791555 0.309602
0.785304 0.307294
0.853877 0.000611
0.851874 0.025022
0.831170 0.040933
0.815313 0.071503
0.810269 0.088234
0.827267 0.090589
0.793269 0.113521
0.792489 0.133377
0.750286 0.163699
0.774775 0.170289
0.787118 0.190511
0.799750 0.208763
0.775542 0.259413
0.809516 0.254660
0.862326 0.000419
0.845203 0.000471
0.866590 0.025206
0.847485 0.041555
0.840215 0.058534
0.833171 0.075029
0.823396 0.106891
0.809775 0.122594
0.806333 0.141375
0.785451 0.154307
0.794770 0.178662
0.811143 0.195174
0.818823 0.226073
0.789939 0.220202
0.796891 0.265376
0.879652 0.000513
0.881361 0.026053
0.862308 0.043542
0.855856 0.061156
0.848718 0.079128
0.845114 0.096168
0.838770 0.113600
0.826067 0.126919
0.821531 0.148177
0.801817 0.158610
0.811992 0.175919
0.826120 0.210515
0.838051 0.229473
0.854957 0.311841
0.888299 0.000674
0.870964 0.000437
0.895769 0.025283
0.877457 0.044182
0.871871 0.064934
0.863887 0.081418
0.860603 0.101344
0.855181 0.117954
0.849009 0.133117
0.836648 0.141488
0.825937 0.167495
0.842570 0.182560
0.871475 0.239117
0.842960 0.287607
0.810986 0.307888
0.897062 0.000909
0.909231 0.024809
0.893096 0.042343
0.887167 0.061143
0.883521 0.078508
0.877143 0.094894
0.877277 0.112235
0.870274 0.128165
0.864172 0.145079
0.855790 0.160574
0.841144 0.161035
0.826872 0.190637
0.854250 0.229172
0.824837 0.244218
0.905769 0.000050
0.914521 0.000500
0.923441 0.028170
0.907375 0.045197
0.903149 0.063925
0.900524 0.082989
0.894429 0.099497
0.891873 0.121310
0.886690 0.138312
0.878946 0.153671
0.877061 0.172559
0.861153 0.177145
0.844205 0.209875
0.881164 0.288708
0.804059 0.291612
0.923260 0.000376
0.936876 0.022342
0.921877 0.048443
0.915796 0.070648
0.912642 0.095688
0.906299 0.112689
0.906149 0.134354
0.898285 0.152571
0.895748 0.171273
0.886292 0.190933
0.874471 0.199995
0.883054 0.231402
0.865870 0.215147
0.848985 0.253127
0.932201 0.001032
0.948284 0.032797
0.933822 0.042614
0.929660 0.066061
0.925222 0.085653
0.920992 0.115124
0.921956 0.139105
0.914217 0.157723
0.911645 0.179899
0.900827 0.194904
0.910013 0.218742
0.893967 0.216739
0.856689 0.196309
0.867769 0.257629
0.821357 0.281405
0.941232 0.000555
0.952135 0.050090
0.943802 0.064050
0.940149 0.090352
0.935798 0.107200
0.932676 0.127082
0.926971 0.166910
0.928154 0.191567
0.917641 0.202392
0.925438 0.227942
0.915986 0.245606
0.899639 0.238272
0.901887 0.260442
0.825351 0.301119
0.950321 0.000533
0.958835 0.021760
0.965740 0.035914
0.950246 0.079238
0.953102 0.105415
0.948686 0.125917
0.935414 0.149003
0.939607 0.178318
0.946624 0.200193
0.938610 0.216386
0.940884 0.235367
0.920356 0.268096
0.932443 0.281631
0.865486 0.272552
0.908972 0.285361
0.959490 0.000265
0.976975 0.022327
0.960988 0.064375
0.963618 0.092502
0.966086 0.158095
0.964664 0.197354
0.956876 0.181239
0.958767 0.239212
0.957310 0.267469
0.944503 0.265392
0.931993 0.253059
0.923298 0.296970
0.886684 0.260790
0.897891 0.327178
0.968507 0.000819
0.987518 0.000451
0.981895 0.038703
0.974210 0.110266
0.963694 0.121344
0.955742 0.141108
0.958401 0.216769
0.970689 0.227732
0.969823 0.251702
0.962534 0.286402
0.972634 0.322926
0.972285 0.351747
0.890517 0.324030
0.894571 0.285884
0.838008 0.307319
0.977632 0.000155
0.972566 0.053063
0.972965 0.079681
0.984500 0.125411
0.974099 0.140305
0.949195 0.159561
0.976709 0.270696
0.975718 0.295350
0.999624 0.261898
0.961715 0.312904
0.999847 0.329448
0.944246 0.293510
0.908098 0.308490
0.825072 0.264346
0.999816 0.000269
0.999220 0.036678
0.980706 0.066495
0.983036 0.093537
0.999896 0.105177
0.990521 0.182078
0.999687 0.141838
0.999651 0.155209
0.990364 0.324477
0.999412 0.277738
0.994908 0.350279
0.989125 0.352280
0.952590 0.337528
0.999414 0.233423
0.860466 0.292123
0.998373 0.000207
0.999380 0.047644
0.999215 0.069625
0.999015 0.093099
0.999384 0.116862
0.971607 0.174860
0.986537 0.245977
0.991401 0.298658
0.999098 0.256008
0.999600 0.204730
0.999398 0.302313
0.944515 0.310299
0.842108 0.264726
0.939948 0.330246
0.999313 0.016344
0.999692 0.026444
0.999899 0.058490
0.999986 0.080767
0.982908 0.155704
0.999324 0.129576
0.990782 0.209840
0.977431 0.204450
0.999080 0.222357
0.999861 0.169113
0.999746 0.184925
0.920034 0.318594
0.961664 0.343927
0.863560 0.312009
0.883938 0.311386
