0.001081 0.024983
0.000830 0.056107
0.000820 0.089605
0.000562 0.125584
0.001041 0.140253
0.000093 0.291802
0.000663 0.181220
0.000206 0.195053
0.000591 0.320521
0.010819 0.346204
0.084417 0.333565
0.028419 0.330915
0.055002 0.352215
0.108991 0.305222
0.000500 0.014640
0.000036 0.035189
0.000070 0.066908
0.017831 0.088248
0.032250 0.184999
0.000146 0.213524
0.000840 0.167846
0.000093 0.279953
0.000314 0.242144
0.000186 0.253430
0.002741 0.336515
0.014742 0.320016
0.064165 0.319657
0.072359 0.336063
0.124867 0.284092
0.001059 0.000541
0.000045 0.045508
0.000251 0.077726
0.000225 0.101402
0.000396 0.113639
0.016799 0.182115
0.000694 0.154990
0.005761 0.278954
0.000823 0.227314
0.024023 0.289269
0.032974 0.302328
0.050748 0.322194
0.041616 0.346428
0.109297 0.327534
0.000157 0.000489
0.019346 0.028791
0.020294 0.060540
0.017931 0.113404
0.014614 0.147697
0.026749 0.207032
0.041935 0.170848
0.019818 0.246320
0.017473 0.262322
0.038846 0.245508
0.035034 0.269847
0.045551 0.304879
0.022722 0.349367
0.060246 0.356879
0.140569 0.306789
0.014416 0.000235
0.038439 0.048785
0.024501 0.043111
0.029582 0.098927
0.023019 0.132360
0.012020 0.211515
0.043436 0.199822
0.031266 0.228460
0.051669 0.252405
0.079445 0.244448
0.050519 0.278038
0.111845 0.277483
0.058469 0.287798
0.135015 0.327557
0.033217 0.000723
0.024075 0.001183
0.042906 0.064502
0.028389 0.071506
0.026690 0.161157
0.035178 0.121318
0.038117 0.146549
0.054461 0.160341
0.045377 0.216855
0.056593 0.229898
0.072374 0.226702
0.065346 0.257663
0.093493 0.278413
0.079920 0.306066
0.174909 0.288098
0.042326 0.001026
0.031529 0.021920
0.039862 0.084710
0.045674 0.106810
0.047660 0.129983
0.059381 0.147175
0.055421 0.185305
0.071878 0.184805
0.062696 0.206614
0.088116 0.217084
0.077978 0.270110
0.074794 0.289887
0.093589 0.257047
0.100965 0.330229
0.051431 0.000668
0.043750 0.027617
0.053832 0.042819
0.058442 0.062325
0.054477 0.085961
0.059824 0.106334
0.064900 0.127007
0.074989 0.158822
0.083379 0.170893
0.080111 0.198459
0.095736 0.236668
0.106125 0.220941
0.109629 0.253645
0.151701 0.231325
0.142598 0.287036
0.060545 0.001137
0.057939 0.022834
0.069324 0.045175
0.067254 0.076323
0.072322 0.095040
0.077813 0.116969
0.078822 0.139875
0.093943 0.149236
0.098021 0.178423
0.095458 0.199288
0.113719 0.196698
0.126997 0.255203
0.095618 0.304484
0.137988 0.235506
0.069512 0.000042
0.078204 0.000112
0.071494 0.027903
0.079716 0.055995
0.082554 0.071251
0.087691 0.088637
0.090146 0.107165
0.095079 0.126777
0.106518 0.158241
0.113186 0.175613
0.128257 0.181730
0.121142 0.236653
0.166229 0.243461
0.155090 0.264644
0.168388 0.315042
0.087097 0.000836
0.085026 0.025411
0.090545 0.041750
0.098271 0.062103
0.103172 0.082385
0.105772 0.100341
0.111047 0.116804
0.110299 0.135666
0.121098 0.148662
0.142235 0.171803
0.119894 0.214051
0.152531 0.184411
0.142511 0.215692
0.169768 0.324716
0.096030 0.000357
0.113548 0.000301
0.099741 0.025259
0.107566 0.045521
0.114485 0.062288
0.118242 0.079089
0.123415 0.097094
0.127407 0.118457
0.133662 0.135472
0.134452 0.156150
0.163142 0.159318
0.134316 0.198430
0.183354 0.213350
0.167441 0.271578
0.155021 0.320413
0.104797 0.000037
0.113335 0.028349
0.125228 0.041987
0.131633 0.058946
0.134375 0.076133
0.144681 0.085377
0.138153 0.103611
0.149415 0.113655
0.151137 0.131544
0.149552 0.150830
0.168793 0.179945
0.155284 0.201421
0.174070 0.232906
0.136656 0.271559
0.122229 0.000406
0.148227 0.000238
0.128261 0.025814
0.143192 0.041847
0.148199 0.058969
0.158884 0.074141
0.158815 0.095475
0.166356 0.116198
0.167613 0.134995
0.181591 0.138986
0.178013 0.159149
0.179166 0.190362
0.200962 0.206833
0.193248 0.255065
0.195883 0.285130
0.130968 0.001082
0.143119 0.025496
0.161474 0.041288
0.165446 0.057528
0.174463 0.076133
0.174091 0.096619
0.182917 0.112171
0.193537 0.123916
0.196140 0.147169
0.189306 0.170386
0.196327 0.187999
0.167448 0.215365
0.209390 0.222493
0.213429 0.239441
0.139599 0.000203
0.182468 0.000401
0.158430 0.025729
0.179211 0.042501
0.189240 0.081166
0.193857 0.096842
0.205137 0.108202
0.211550 0.141272
0.207237 0.163258
0.225740 0.150486
0.213514 0.178703
0.216465 0.198111
0.225833 0.256455
0.204185 0.262857
0.180060 0.269887
0.156918 0.000445
0.173910 0.025538
0.183349 0.060531
0.204492 0.074484
0.213202 0.090288
0.221913 0.107076
0.211201 0.126794
0.239763 0.137665
0.228767 0.167049
0.232248 0.185117
0.244155 0.198239
0.192329 0.233853
0.197705 0.313846
0.189618 0.305707
0.165487 0.000853
0.189440 0.024810
0.194550 0.041780
0.200280 0.059197
0.223602 0.075362
0.231659 0.091583
0.228900 0.124589
0.259212 0.136298
0.246633 0.154953
0.249284 0.173292
0.260194 0.187305
0.230001 0.210998
0.229067 0.229116
0.215397 0.279676
0.207526 0.305273
0.174057 0.000597
0.210834 0.042470
0.217993 0.059444
0.240589 0.073358
0.249798 0.090309
0.240986 0.106219
0.263856 0.152584
0.283240 0.147605
0.269143 0.167346
0.271909 0.198774
0.253113 0.213110
0.242644 0.233789
0.240779 0.254863
0.248896 0.308373
0.191038 0.000660
0.205151 0.025360
0.227282 0.041454
0.235057 0.057485
0.268013 0.087512
0.260633 0.104732
0.247777 0.121121
0.299549 0.138923
0.290265 0.162100
0.307725 0.205187
0.293544 0.190115
0.256730 0.259799
0.259944 0.239456
0.256630 0.290353
0.258537 0.320036
0.199510 0.000398
0.219777 0.025004
0.243848 0.039184
0.258108 0.073509
0.279885 0.098848
0.268079 0.118668
0.279069 0.132072
0.309397 0.153801
0.280477 0.180085
0.286397 0.206914
0.267407 0.218854
0.276547 0.251841
0.229782 0.284414
0.228070 0.305011
0.207942 0.000616
0.258024 0.000373
0.235245 0.024662
0.251410 0.056892
0.289287 0.082851
0.299231 0.096927
0.285455 0.113651
0.299629 0.122407
0.328954 0.157859
0.305699 0.169557
0.308860 0.232112
0.296117 0.220249
0.279760 0.231382
0.277578 0.285009
0.245799 0.275346
0.216312 0.000129
0.251718 0.024415
0.260306 0.040677
0.276896 0.071474
0.306965 0.081203
0.309586 0.108026
0.317325 0.124279
0.320547 0.140926
0.328921 0.174027
0.325336 0.193115
0.324982 0.224258
0.292594 0.245221
0.299148 0.266626
0.235348 0.315100
0.224719 0.000166
0.291160 0.000436
0.267326 0.024913
0.268670 0.057434
0.295417 0.066352
0.320857 0.093767
0.328247 0.110351
0.338666 0.125626
0.339823 0.140167
0.376706 0.159070
0.342128 0.180721
0.310632 0.184112
0.312332 0.247187
0.337495 0.230610
0.276257 0.268049
0.233085 0.000821
0.283191 0.023783
0.276930 0.039889
0.286070 0.053948
0.324388 0.078220
0.339822 0.094604
0.346131 0.109340
0.356966 0.138633
0.345844 0.156476
0.364645 0.192915
0.325767 0.210113
0.366473 0.225158
0.268692 0.312127
0.294691 0.283771
0.241432 0.000079
0.315778 0.000496
0.293955 0.035174
0.304011 0.047681
0.311530 0.063284
0.342442 0.079922
0.363624 0.103330
0.359244 0.120344
0.359648 0.163210
0.392826 0.162762
0.358476 0.180661
0.344121 0.199835
0.356045 0.234014
0.283098 0.306725
0.317773 0.262438
0.249609 0.000478
0.302342 0.022961
0.320592 0.045895
0.328178 0.061980
0.345740 0.065187
0.359520 0.088825
0.381229 0.111614
0.374005 0.145448
0.398911 0.146673
0.396812 0.177650
0.351472 0.211487
0.384196 0.227123
0.305879 0.313054
0.335727 0.247462
0.266343 0.000207
0.340375 0.000726
0.314491 0.030714
0.340538 0.049574
0.359451 0.052657
0.361510 0.071323
0.380149 0.095667
0.373667 0.127744
0.389541 0.132627
0.414324 0.156587
0.412206 0.185530
0.370843 0.207690
0.409293 0.222607
0.331069 0.266532
0.398916 0.231425
0.274610 0.000537
0.325905 0.022896
0.335705 0.035043
0.375055 0.060567
0.375760 0.079744
0.395177 0.085130
0.422031 0.118211
0.398535 0.116874
0.408876 0.130340
0.420736 0.141633
0.379448 0.178880
0.313190 0.283178
0.440917 0.280118
0.316991 0.303079
0.282858 0.001063
0.364855 0.000412
0.374055 0.042499
0.356143 0.037494
0.391936 0.054872
0.415032 0.088388
0.399696 0.100551
0.440897 0.103589
0.439251 0.119052
0.434392 0.160472
0.420217 0.171215
0.419946 0.198809
0.405207 0.205225
0.390796 0.193424
0.336433 0.278841
0.299328 0.000252
0.344628 0.023328
0.389371 0.039115
0.409463 0.043665
0.391723 0.069665
0.411391 0.074236
0.417590 0.104269
0.435053 0.137122
0.449047 0.149226
0.435606 0.181732
0.430908 0.207161
0.460354 0.240061
0.295084 0.311708
0.358665 0.248290
0.307573 0.001011
0.361354 0.024274
0.404495 0.029467
0.409368 0.059221
0.429291 0.063523
0.478732 0.093305
0.459833 0.116570
0.433271 0.091512
0.460598 0.100637
0.445438 0.192933
0.473928 0.193082
0.460638 0.203576
0.448195 0.214715
0.427788 0.236157
0.386038 0.210871
0.323932 0.000131
0.375948 0.025131
0.417115 0.022865
0.425850 0.035676
0.451632 0.061174
0.433144 0.076557
0.478747 0.109101
0.490869 0.137425
0.463497 0.157880
0.450454 0.170314
0.462191 0.181995
0.450523 0.226886
0.333656 0.298748
0.377466 0.244110
0.332150 0.000319
0.405410 0.000483
0.391300 0.022989
0.435929 0.022282
0.427832 0.050450
0.453150 0.073968
0.454318 0.087633
0.476047 0.125843
0.451966 0.131618
0.477262 0.167685
0.487479 0.181304
0.404032 0.244088
0.437835 0.243661
0.354734 0.258583
0.355509 0.287492
0.348550 0.000875
0.455938 0.023389
0.447124 0.048164
0.474390 0.079599
0.494148 0.085611
0.504422 0.128984
0.484333 0.153159
0.469641 0.140408
0.476055 0.231008
0.426192 0.221807
0.471908 0.218549
0.475581 0.249803
0.398973 0.288689
0.327060 0.309637
0.356713 0.000439
0.413428 0.000204
0.478245 0.000769
0.473379 0.024047
0.444197 0.033902
0.509462 0.078903
0.495227 0.115775
0.499386 0.100883
0.495142 0.198760
0.503207 0.157076
0.421989 0.267171
0.488585 0.239490
0.399133 0.254605
0.422052 0.253465
0.502226 0.284158
0.372994 0.000229
0.462190 0.000791
0.463239 0.037154
0.469000 0.050856
0.534362 0.131664
0.539305 0.147306
0.513348 0.143555
0.509152 0.185233
0.496373 0.225989
0.413933 0.273129
0.387471 0.262840
0.378332 0.281849
0.360066 0.268016
0.450131 0.257214
0.381033 0.000325
0.454136 0.000407
0.486276 0.000529
0.507427 0.023599
0.532441 0.057465
0.555489 0.191569
0.530688 0.185007
0.524605 0.170732
0.644850 0.545772
0.402261 0.308849
0.435665 0.330138
0.946167 0.280626
0.589858 0.325673
0.384581 0.299544
0.419362 0.291334
0.421513 0.000896
0.470246 0.000020
0.616721 0.035466
0.487193 0.056611
0.482152 0.036895
0.529475 0.201169
0.514457 0.203957
0.503529 0.171397
0.516459 0.252702
0.484039 0.208027
0.441267 0.298902
0.419000 0.309720
0.429078 0.290586
0.385848 0.272774
0.397339 0.000248
0.437885 0.000944
0.510420 0.000293
0.491293 0.024286
0.648003 0.531556
0.518152 0.092868
0.629360 0.302426
0.506727 0.216419
0.447505 0.269051
0.496070 0.260107
0.935127 0.329574
0.657769 0.287458
0.659866 0.317054
0.434369 0.335624
0.360554 0.300189
0.534492 0.000644
0.502378 0.000535
0.429704 0.000722
0.129287 0.317479
0.508121 0.056878
0.521161 0.123694
0.470115 0.261027
0.654407 0.535857
0.562130 0.296492
0.474072 0.342758
0.911713 0.305779
0.601918 0.320906
0.463712 0.338563
0.473450 0.315894
0.598798 0.000624
0.550578 0.000411
0.389146 0.000569
0.494282 0.000493
0.546679 0.023542
0.495155 0.068909
0.516356 0.109021
0.548627 0.176794
0.540196 0.261613
0.495392 0.305473
0.475397 0.272484
0.458827 0.304359
0.521265 0.314669
0.449343 0.322607
0.552074 0.318965
0.590773 0.000645
0.518464 0.000521
0.446053 0.000493
0.511050 0.036836
0.472078 0.065700
0.920012 0.330699
0.401778 0.317505
0.471184 0.291786
0.487508 0.323241
0.636197 0.540821
0.437093 0.312706
0.485522 0.337810
0.576798 0.320690
0.550926 0.288135
0.614847 0.000198
0.566632 0.001347
0.525312 0.023913
0.526505 0.000410
0.520734 0.068543
0.523855 0.044700
0.533035 0.085528
0.526068 0.155698
0.548847 0.162622
0.510357 0.238638
0.537031 0.245728
0.486472 0.301994
0.551599 0.298031
0.505941 0.327945
0.586845 0.269210
0.631067 0.000358
0.542523 0.000098
0.556419 0.035499
0.536381 0.033816
0.496464 0.042949
0.535401 0.102477
0.554390 0.139537
0.565962 0.153825
0.570816 0.168838
0.525657 0.220848
0.473292 0.282831
0.551490 0.268880
0.518476 0.325466
0.532689 0.305348
0.639130 0.000592
0.558634 0.000615
0.584460 0.023928
0.576190 0.037779
0.566532 0.050998
0.541175 0.116830
0.558453 0.123371
0.573738 0.139010
0.572395 0.184182
0.525089 0.236179
0.561267 0.261822
0.573128 0.268854
0.517082 0.294641
0.547497 0.235443
0.528303 0.286548
0.655282 0.000196
0.604305 0.024566
0.594384 0.035746
0.566407 0.024568
0.546612 0.048907
0.539765 0.071894
0.551123 0.094480
0.559513 0.107507
0.587013 0.161906
0.562546 0.215641
0.566860 0.248259
0.543843 0.219869
0.531492 0.276704
0.494760 0.273989
0.663415 0.000721
0.574683 0.000840
0.624642 0.023887
0.556126 0.063121
0.590424 0.051625
0.578931 0.062080
0.556126 0.079365
0.572214 0.091297
0.577847 0.123349
0.599563 0.174318
0.572772 0.201068
0.563096 0.232120
0.627219 0.276332
0.609223 0.307713
0.641874 0.318300
0.679546 0.000006
0.582735 0.000414
0.606821 0.000265
0.608971 0.047616
0.573150 0.075717
0.592936 0.098829
0.577828 0.106650
0.590878 0.145806
0.607712 0.159785
0.590062 0.188377
0.546483 0.204705
0.580697 0.246468
0.585523 0.304161
0.544764 0.310439
0.687621 0.000475
0.622951 0.000307
0.643651 0.024230
0.629778 0.053600
0.596454 0.068304
0.590777 0.082931
0.596853 0.115504
0.595889 0.131818
0.614211 0.144701
0.629552 0.157872
0.583255 0.215281
0.597044 0.205097
0.598610 0.225890
0.611277 0.239421
0.674380 0.321984
0.703980 0.000940
0.654274 0.035659
0.646028 0.065763
0.634439 0.037028
0.612586 0.062469
0.612073 0.078665
0.610702 0.093658
0.613808 0.127253
0.632681 0.193668
0.621373 0.173470
0.613619 0.218501
0.599717 0.260651
0.517822 0.265307
0.611354 0.282571
0.712148 0.000254
0.647208 0.000903
0.664112 0.024271
0.648071 0.050210
0.629456 0.070468
0.629596 0.086837
0.613707 0.108552
0.630363 0.121192
0.631502 0.139898
0.643377 0.208496
0.610439 0.189326
0.625750 0.235618
0.582183 0.232115
0.598400 0.248597
0.615482 0.258849
0.720320 0.000164
0.677280 0.029145
0.668078 0.045660
0.663726 0.062730
0.649816 0.080426
0.630948 0.104346
0.648575 0.113646
0.650235 0.147602
0.639810 0.177922
0.620745 0.205011
0.677066 0.279945
0.631515 0.257587
0.610979 0.274092
0.571264 0.284727
0.736629 0.000465
0.671518 0.000409
0.691256 0.025158
0.685273 0.043925
0.681646 0.061241
0.672328 0.076341
0.646810 0.095955
0.648377 0.130522
0.648871 0.163256
0.653958 0.190683
0.677986 0.224682
0.686558 0.211207
0.650420 0.265299
0.637352 0.282451
0.694997 0.323212
0.744882 0.000488
0.707747 0.024480
0.701340 0.040106
0.699338 0.057202
0.691523 0.074659
0.665373 0.089770
0.664408 0.107263
0.670286 0.158326
0.664530 0.175777
0.664179 0.206515
0.636097 0.223267
0.593113 0.284533
0.696037 0.260596
0.675259 0.295731
0.753151 0.000583
0.695784 0.000329
0.723882 0.025231
0.716682 0.041638
0.712105 0.064474
0.685287 0.091308
0.681396 0.106600
0.667489 0.125056
0.668786 0.141748
0.683269 0.176833
0.656194 0.222841
0.678137 0.240819
0.639750 0.244411
0.721280 0.315528
0.685884 0.326052
0.761385 0.000166
0.741956 0.023829
0.733507 0.037563
0.725686 0.056363
0.706775 0.081366
0.702437 0.097302
0.685550 0.124599
0.690152 0.161168
0.676197 0.193415
0.717310 0.220695
0.653687 0.278471
0.658935 0.257377
0.746650 0.313443
0.726263 0.290959
0.769689 0.000470
0.728420 0.001073
0.759213 0.024998
0.743042 0.054240
0.724019 0.079448
0.718427 0.099045
0.699161 0.112998
0.686553 0.142419
0.702413 0.182873
0.657350 0.240083
0.716355 0.199553
0.698590 0.242694
0.716071 0.252970
0.706765 0.314605
0.709486 0.290645
0.786252 0.000406
0.777957 0.023146
0.750818 0.038129
0.736391 0.070300
0.734156 0.093568
0.717813 0.118568
0.705663 0.129963
0.705694 0.146752
0.698967 0.199650
0.742297 0.237458
0.740680 0.255966
0.675181 0.256664
0.712966 0.271577
0.688200 0.274978
0.794601 0.000204
0.795517 0.024844
0.770553 0.036676
0.762417 0.051802
0.749162 0.084976
0.733411 0.111524
0.748747 0.121316
0.733273 0.130752
0.708511 0.165336
0.725656 0.161132
0.700552 0.223759
0.724182 0.237473
0.754536 0.282418
0.794954 0.282304
0.744299 0.296009
0.802962 0.000096
0.803077 0.042302
0.781749 0.054162
0.753593 0.068062
0.766004 0.085285
0.750777 0.102732
0.765614 0.119572
0.722999 0.142779
0.755963 0.187128
0.763454 0.233090
0.758333 0.254847
0.732512 0.271419
0.730994 0.316912
0.693410 0.295675
0.819823 0.000906
0.777899 0.000058
0.810601 0.025452
0.787183 0.038632
0.790685 0.065506
0.770156 0.067932
0.767827 0.102402
0.750628 0.140441
0.740885 0.174626
0.722900 0.180713
0.739723 0.195880
0.777988 0.222287
0.795775 0.247760
0.773896 0.307684
0.763366 0.311207
0.828314 0.000185
0.825148 0.025811
0.819268 0.043032
0.805856 0.058323
0.795856 0.092234
0.782394 0.081693
0.766018 0.137873
0.771281 0.158109
0.741848 0.153138
0.771578 0.184991
0.749664 0.219073
0.780981 0.204037
0.777268 0.288687
0.765479 0.270929
0.836810 0.000673
0.811319 0.001125
0.840369 0.024121
0.827389 0.058459
0.803332 0.076345
0.811390 0.105294
0.784155 0.102770
0.782729 0.121375
0.782212 0.141489
0.733067 0.210608
0.761865 0.205945
0.777682 0.244164
0.809364 0.237603
0.800637 0.316684
0.793930 0.313447
0.854066 0.000504
0.855914 0.025054
0.835314 0.041257
0.820120 0.072093
0.816342 0.089413
0.832908 0.092167
0.798734 0.115118
0.798010 0.135525
0.756637 0.165495
0.781483 0.172396
0.794267 0.194024
0.806645 0.213157
0.783268 0.264362
0.816305 0.260894
0.862720 0.000717
0.845410 0.000714
0.870458 0.024921
0.851912 0.041595
0.844551 0.059229
0.838110 0.075895
0.828591 0.108988
0.815390 0.124128
0.812296 0.143824
0.791549 0.156484
0.800407 0.181166
0.817271 0.198768
0.824990 0.229769
0.796411 0.224544
0.804511 0.271944
0.879823 0.000371
0.884387 0.026117
0.866268 0.043991
0.860323 0.061921
0.853441 0.079970
0.849544 0.097735
0.844144 0.115661
0.831377 0.129858
0.826685 0.151142
0.808418 0.161724
0.817854 0.178752
0.831735 0.214316
0.843939 0.235208
0.859392 0.320911
0.888481 0.000535
0.871208 0.000057
0.899801 0.024790
0.880899 0.044841
0.875951 0.065247
0.869068 0.082577
0.864968 0.102842
0.860126 0.119589
0.854893 0.135896
0.842406 0.144565
0.831792 0.170116
0.848316 0.186925
0.877437 0.245829
0.850075 0.294472
0.820665 0.314930
0.897229 0.000037
0.912815 0.024372
0.896380 0.041868
0.891714 0.061472
0.886859 0.079916
0.881082 0.096247
0.880758 0.114061
0.875328 0.131464
0.868430 0.148031
0.861612 0.163779
0.846704 0.163387
0.834156 0.194880
0.860417 0.234626
0.831775 0.249658
0.905932 0.000664
0.914741 0.000694
0.925781 0.028578
0.910728 0.044658
0.905637 0.063546
0.903445 0.083801
0.898077 0.101027
0.894607 0.123723
0.890758 0.141437
0.884031 0.157999
0.882514 0.176859
0.865848 0.181047
0.849450 0.213766
0.885792 0.296595
0.811551 0.297542
0.923488 0.000239
0.938993 0.022233
0.924670 0.050241
0.917978 0.072384
0.916198 0.098384
0.908683 0.115031
0.908816 0.137237
0.900111 0.155975
0.899735 0.175891
0.888960 0.195493
0.879147 0.205633
0.887876 0.236176
0.871842 0.220810
0.855032 0.257789
0.932339 0.000093
0.949784 0.033215
0.936395 0.042883
0.931471 0.066746
0.927036 0.086875
0.923500 0.117500
0.924144 0.143393
0.916393 0.161413
0.914424 0.184980
0.905305 0.201385
0.913432 0.225396
0.897545 0.221818
0.862268 0.200616
0.874348 0.263615
0.828405 0.287732
0.941319 0.000814
0.953225 0.049830
0.945629 0.065458
0.942523 0.092536
0.937657 0.108449
0.934137 0.130103
0.929059 0.171737
0.930519 0.197140
0.919780 0.209778
0.927820 0.235036
0.918132 0.252957
0.904215 0.246533
0.906784 0.266776
0.831604 0.309027
0.950371 0.000725
0.960813 0.021132
0.966783 0.036323
0.951923 0.080290
0.954794 0.106980
0.950986 0.128495
0.937528 0.152118
0.940453 0.182629
0.947450 0.204924
0.941167 0.222694
0.943355 0.242079
0.922768 0.273814
0.936417 0.285429
0.871521 0.279151
0.911628 0.290630
0.959468 0.000747
0.979070 0.022535
0.962625 0.066547
0.964328 0.094882
0.966441 0.161472
0.964148 0.200809
0.958659 0.185600
0.961491 0.246155
0.960801 0.276062
0.947991 0.271696
0.935665 0.259009
0.926436 0.298197
0.891700 0.268249
0.897043 0.341790
0.968479 0.000328
0.987624 0.000564
0.982036 0.039010
0.975740 0.112157
0.964713 0.125977
0.956063 0.146475
0.959555 0.224978
0.973085 0.235126
0.970660 0.258262
0.968485 0.293570
0.977124 0.334003
0.977919 0.362923
0.887381 0.335002
0.897837 0.292201
0.845170 0.315212
0.977611 0.000525
0.973497 0.053487
0.972636 0.080683
0.984803 0.127642
0.975129 0.142881
0.950629 0.164052
0.979897 0.280249
0.982263 0.304271
0.999925 0.264707
0.967394 0.320549
0.999687 0.332460
0.951502 0.299440
0.901896 0.309922
0.832234 0.270641
0.999152 0.000066
0.998909 0.036927
0.981561 0.067672
0.982359 0.095259
0.999056 0.105086
0.990761 0.185898
0.998965 0.142356
0.999962 0.155361
0.996469 0.334252
0.999729 0.279521
0.996526 0.358449
0.996239 0.365590
0.963520 0.351653
0.999656 0.233571
0.867140 0.298599
0.998947 0.001307
0.999517 0.047933
0.999232 0.069819
0.998878 0.093015
0.999176 0.116638
0.973419 0.179006
0.987639 0.251852
0.995510 0.307279
0.999494 0.253703
0.999419 0.203847
0.999547 0.301385
0.956431 0.315501
0.848692 0.271086
0.955303 0.342724
0.999772 0.016254
0.999857 0.026559
0.999149 0.058644
0.999017 0.081001
0.983541 0.159851
0.999361 0.129908
0.991054 0.214450
0.976232 0.209034
0.999444 0.222966
0.999841 0.168896
0.999768 0.185079
0.920545 0.319745
0.969819 0.359909
0.868834 0.322456
0.885823 0.319268
