0.000343 0.025257
0.000496 0.056530
0.000402 0.090022
0.000233 0.126995
0.000723 0.139788
0.000583 0.296846
0.000094 0.181468
0.000178 0.194807
0.001146 0.334861
0.001565 0.360741
0.077294 0.346955
0.022941 0.348004
0.049173 0.369205
0.099667 0.319223
0.000928 0.014584
0.000867 0.035686
0.000025 0.067425
0.017958 0.089247
0.032238 0.193893
0.000454 0.212460
0.000719 0.168121
0.000180 0.278287
0.000339 0.241772
0.000424 0.252758
0.000583 0.344950
0.007556 0.335504
0.058305 0.335732
0.066136 0.356458
0.116074 0.302162
0.000393 0.000346
0.000239 0.045949
0.000768 0.078246
0.000635 0.101878
0.000823 0.114349
0.014134 0.188262
0.000183 0.154895
0.002831 0.290871
0.000615 0.228338
0.022469 0.303977
0.023948 0.317306
0.040822 0.342834
0.034657 0.364540
0.103137 0.344727
0.001125 0.000346
0.018385 0.027484
0.018840 0.060522
0.016400 0.116591
0.015222 0.154943
0.025555 0.214861
0.039795 0.175730
0.016725 0.255895
0.014076 0.273727
0.032398 0.256618
0.031962 0.284129
0.038417 0.320230
0.011559 0.367517
0.053663 0.372822
0.123889 0.318575
0.013896 0.000776
0.035115 0.050046
0.022659 0.043007
0.028394 0.101047
0.022066 0.137511
0.010740 0.219023
0.041987 0.207829
0.027015 0.238877
0.046653 0.265232
0.071313 0.256036
0.043286 0.291596
0.103811 0.289563
0.050442 0.303651
0.123473 0.346299
0.032940 0.000500
0.023639 0.001094
0.041730 0.066063
0.026707 0.074598
0.025701 0.169418
0.032772 0.124784
0.036502 0.154078
0.053609 0.168996
0.041619 0.230425
0.051026 0.244360
0.067221 0.236066
0.059121 0.269518
0.085015 0.292665
0.069445 0.322733
0.159805 0.302348
0.042003 0.000694
0.031030 0.020786
0.037799 0.086651
0.041845 0.111204
0.043634 0.137030
0.055419 0.150348
0.052215 0.192974
0.067464 0.190200
0.056384 0.217654
0.079561 0.226527
0.071163 0.285227
0.068913 0.305386
0.085286 0.270258
0.092302 0.349062
0.051114 0.000180
0.041138 0.031329
0.050906 0.043173
0.056189 0.062314
0.051660 0.089606
0.056089 0.112365
0.060792 0.131078
0.069181 0.165805
0.078118 0.177053
0.071379 0.207513
0.088360 0.248474
0.096881 0.228144
0.101525 0.267125
0.141666 0.242582
0.131535 0.303970
0.060290 0.000773
0.054074 0.022488
0.066903 0.045306
0.061683 0.078504
0.066200 0.098216
0.071375 0.120292
0.072437 0.143226
0.085674 0.153384
0.091029 0.186870
0.088292 0.208088
0.106173 0.203424
0.117859 0.264520
0.085788 0.319157
0.128184 0.245844
0.069267 0.000318
0.078139 0.000107
0.065617 0.028707
0.075152 0.058875
0.077868 0.074479
0.081576 0.090951
0.083212 0.110428
0.086204 0.132304
0.099153 0.164303
0.104828 0.180399
0.118369 0.187897
0.110248 0.246058
0.153082 0.256302
0.141363 0.273424
0.151886 0.329072
0.087019 0.000440
0.079307 0.024418
0.084115 0.041982
0.091808 0.062474
0.094836 0.083247
0.098011 0.103797
0.101100 0.122426
0.101749 0.139132
0.110470 0.153147
0.133483 0.174937
0.111695 0.224126
0.142971 0.190804
0.130832 0.222615
0.156531 0.338839
0.095846 0.001064
0.113225 0.000346
0.093655 0.025258
0.100170 0.045963
0.106761 0.063076
0.109835 0.081715
0.112041 0.101280
0.118759 0.121821
0.122207 0.139720
0.124466 0.162823
0.150821 0.163512
0.124435 0.205517
0.170748 0.219462
0.151138 0.285821
0.140941 0.340747
0.104615 0.000760
0.106428 0.028601
0.118235 0.043883
0.122803 0.061775
0.124998 0.079094
0.134875 0.090359
0.126896 0.106911
0.138259 0.119273
0.139809 0.133947
0.139293 0.153799
0.157946 0.182639
0.143229 0.207643
0.162761 0.242701
0.124587 0.283260
0.121860 0.000003
0.147794 0.000250
0.120053 0.025014
0.134224 0.042907
0.138647 0.061461
0.146595 0.077570
0.146941 0.099686
0.155733 0.119872
0.155871 0.139550
0.171026 0.142426
0.166927 0.162023
0.166978 0.199835
0.185979 0.211433
0.177586 0.262173
0.180949 0.295484
0.130452 0.000614
0.135448 0.026033
0.151614 0.042662
0.155678 0.059923
0.162219 0.079675
0.162599 0.098605
0.170857 0.115074
0.180040 0.128802
0.183988 0.153288
0.176585 0.177799
0.184989 0.193976
0.153718 0.220260
0.195877 0.229049
0.197277 0.247925
0.139125 0.000289
0.182049 0.000661
0.150471 0.025859
0.168456 0.043410
0.178137 0.083098
0.181518 0.099824
0.193048 0.112172
0.199211 0.145939
0.193872 0.165965
0.213952 0.153939
0.199566 0.183719
0.204239 0.204156
0.208369 0.265839
0.188038 0.271457
0.165641 0.278100
0.156441 0.000790
0.165428 0.026238
0.171837 0.063514
0.192765 0.077316
0.200831 0.093731
0.210301 0.110601
0.199593 0.128499
0.226648 0.141606
0.215182 0.170612
0.218986 0.188506
0.229582 0.202061
0.179417 0.241477
0.178550 0.326894
0.170357 0.316045
0.164948 0.000304
0.180590 0.025700
0.184169 0.043246
0.188354 0.061549
0.211294 0.077919
0.219574 0.093817
0.216776 0.128166
0.246584 0.138823
0.232903 0.158375
0.234597 0.175998
0.244262 0.190619
0.215999 0.215467
0.211660 0.235176
0.198735 0.288877
0.189464 0.317018
0.173503 0.000659
0.200201 0.044360
0.206793 0.061027
0.228730 0.075777
0.237277 0.092241
0.228956 0.109575
0.251626 0.155120
0.269111 0.148912
0.254065 0.170552
0.255030 0.202615
0.235865 0.219280
0.227101 0.239908
0.222983 0.260225
0.227503 0.317343
0.190519 0.000251
0.195194 0.026406
0.216818 0.041239
0.223184 0.058967
0.256122 0.088721
0.248724 0.106504
0.235930 0.124100
0.287172 0.140833
0.275312 0.164102
0.290313 0.205945
0.279711 0.190512
0.236270 0.269400
0.243878 0.245228
0.238519 0.297317
0.238472 0.328104
0.199039 0.000187
0.209737 0.025728
0.233294 0.039890
0.246538 0.074916
0.268578 0.099973
0.254857 0.120962
0.266923 0.133166
0.296922 0.154068
0.265396 0.180818
0.269290 0.206323
0.250705 0.223190
0.258350 0.255862
0.212264 0.292579
0.207482 0.315983
0.207469 0.000429
0.257671 0.000126
0.225249 0.024856
0.239810 0.058592
0.277549 0.084115
0.286884 0.098490
0.272690 0.116066
0.287173 0.123879
0.317520 0.155525
0.291914 0.167888
0.290181 0.230210
0.277002 0.220896
0.261816 0.235482
0.254940 0.290504
0.226934 0.284425
0.215851 0.000416
0.242044 0.024988
0.249792 0.041253
0.265347 0.072670
0.296582 0.082199
0.297941 0.108920
0.306009 0.125047
0.308074 0.139620
0.314146 0.170855
0.311132 0.188746
0.303219 0.223407
0.271827 0.248114
0.277385 0.272539
0.215356 0.325253
0.224291 0.000679
0.290769 0.000072
0.257618 0.025402
0.256655 0.058069
0.284839 0.067474
0.310637 0.094738
0.317367 0.109912
0.327340 0.123987
0.328714 0.138288
0.366859 0.155366
0.329581 0.176960
0.294540 0.183466
0.291320 0.248431
0.317549 0.224209
0.257126 0.274531
0.232698 0.001127
0.273886 0.024040
0.266894 0.040250
0.275182 0.055197
0.314485 0.078731
0.329977 0.094285
0.337531 0.107734
0.346768 0.137494
0.334471 0.154648
0.353421 0.185612
0.309110 0.205069
0.352021 0.214660
0.247044 0.322785
0.270563 0.291203
0.241027 0.000705
0.315491 0.000569
0.284004 0.036617
0.293578 0.048628
0.301889 0.063873
0.333710 0.079341
0.356391 0.102397
0.348872 0.119098
0.350812 0.157285
0.385377 0.154979
0.344734 0.174174
0.326982 0.195722
0.332592 0.221365
0.260566 0.313505
0.290511 0.264764
0.249346 0.001005
0.292491 0.023337
0.310730 0.045689
0.318294 0.062237
0.336898 0.064308
0.349760 0.087766
0.374040 0.109422
0.365059 0.140478
0.392230 0.141083
0.387308 0.170253
0.335486 0.205184
0.368810 0.218462
0.284772 0.327250
0.310145 0.243282
0.265828 0.001086
0.340137 0.001011
0.304906 0.030889
0.330964 0.049257
0.351442 0.053600
0.353507 0.070885
0.372675 0.093438
0.364174 0.123532
0.380936 0.128894
0.405666 0.152369
0.402801 0.175339
0.357128 0.196358
0.401313 0.205935
0.310089 0.264336
0.384251 0.215142
0.274200 0.000779
0.317342 0.023289
0.326837 0.035784
0.368192 0.060112
0.368901 0.078459
0.388782 0.083766
0.417743 0.116141
0.393143 0.114102
0.402244 0.126538
0.415733 0.137049
0.367311 0.171993
0.292107 0.288723
0.438526 0.260399
0.291353 0.309071
0.282490 0.000387
0.364666 0.000676
0.366170 0.041967
0.347994 0.038120
0.385115 0.054193
0.409018 0.087017
0.393066 0.099354
0.437952 0.101339
0.435367 0.115531
0.429189 0.152748
0.415281 0.163911
0.412914 0.188387
0.392454 0.191933
0.378324 0.185143
0.313925 0.280721
0.299085 0.000416
0.336241 0.024231
0.382104 0.038171
0.402273 0.043120
0.385441 0.069212
0.406995 0.072305
0.412449 0.102340
0.431124 0.133455
0.446842 0.144647
0.428475 0.172078
0.428337 0.194045
0.456493 0.227600
0.276660 0.323556
0.339956 0.236295
0.307268 0.000689
0.352856 0.024617
0.398928 0.028011
0.403451 0.057990
0.424494 0.062568
0.476856 0.091246
0.457263 0.114232
0.427896 0.089529
0.458896 0.098789
0.441184 0.182697
0.474844 0.181457
0.459185 0.190452
0.444484 0.198685
0.419074 0.219890
0.375501 0.201113
0.323755 0.000832
0.368212 0.025061
0.412678 0.023796
0.421135 0.035300
0.448387 0.060132
0.429233 0.074623
0.477565 0.106509
0.491084 0.133584
0.461640 0.152000
0.445529 0.162868
0.459212 0.172951
0.445023 0.215662
0.308794 0.302191
0.355650 0.230892
0.331931 0.000336
0.405208 0.000117
0.384784 0.024172
0.432042 0.023125
0.423611 0.048857
0.449914 0.073440
0.449954 0.086731
0.473464 0.122355
0.448327 0.128864
0.475841 0.161565
0.489131 0.170662
0.397766 0.225660
0.432561 0.227770
0.324921 0.253850
0.325898 0.286953
0.348345 0.001106
0.454210 0.023699
0.443524 0.047550
0.472609 0.077821
0.493669 0.083468
0.503687 0.124490
0.484002 0.148653
0.469253 0.135633
0.472717 0.214859
0.418628 0.207560
0.466110 0.202789
0.476980 0.228078
0.382386 0.265242
0.304596 0.318354
0.356495 0.000209
0.413334 0.000427
0.478263 0.000158
0.472525 0.023576
0.441471 0.033455
0.510366 0.076299
0.493345 0.112034
0.501100 0.098021
0.497671 0.185971
0.502527 0.148305
0.413288 0.248840
0.495662 0.225700
0.385925 0.239107
0.414397 0.235366
0.506585 0.264919
0.372805 0.000231
0.462095 0.000446
0.460995 0.036476
0.467104 0.050411
0.536491 0.127710
0.543713 0.143474
0.517151 0.138247
0.513836 0.175296
0.496365 0.210679
0.396987 0.252068
0.364039 0.239560
0.362380 0.269829
0.337684 0.260215
0.444112 0.236200
0.380904 0.000931
0.453973 0.000309
0.486298 0.000882
0.507965 0.023686
0.535635 0.055723
0.564178 0.181136
0.537547 0.175884
0.528233 0.163912
0.649799 0.499355
0.385751 0.281095
0.426285 0.302410
0.970332 0.239985
0.593297 0.320975
0.368577 0.280772
0.404088 0.269954
0.421479 0.000494
0.470188 0.000263
0.621941 0.034821
0.485123 0.055329
0.480473 0.036412
0.537125 0.191285
0.518074 0.188660
0.505573 0.163026
0.520445 0.236451
0.485882 0.196909
0.442196 0.278350
0.408830 0.299060
0.420168 0.266961
0.366983 0.254947
0.397162 0.000281
0.437832 0.000102
0.510507 0.000268
0.491280 0.024592
0.650486 0.485936
0.519664 0.090243
0.660116 0.300613
0.509490 0.202910
0.444120 0.250850
0.499182 0.239626
0.948715 0.319771
0.686129 0.288197
0.677793 0.313893
0.425046 0.311723
0.336824 0.285411
0.534615 0.000716
0.502388 0.000685
0.429652 0.000495
0.119095 0.336554
0.507948 0.055591
0.521735 0.121059
0.462680 0.242035
0.660502 0.487736
0.565817 0.287953
0.470809 0.309381
0.906459 0.293730
0.609139 0.318286
0.461683 0.305830
0.470749 0.289492
0.598973 0.000779
0.550675 0.000371
0.389098 0.000635
0.494296 0.000404
0.549317 0.023231
0.495200 0.067182
0.517103 0.106143
0.552775 0.170249
0.541871 0.244022
0.503553 0.281848
0.481753 0.252179
0.454234 0.278254
0.525763 0.297660
0.449697 0.298242
0.552547 0.317552
0.590954 0.000795
0.518594 0.000009
0.445883 0.000327
0.512625 0.037288
0.470339 0.064912
0.921952 0.334130
0.389889 0.292979
0.464722 0.272729
0.494183 0.297930
0.640253 0.494488
0.420832 0.288689
0.487681 0.310285
0.584475 0.310060
0.557671 0.261555
0.615013 0.000269
0.566760 0.000241
0.525782 0.024340
0.526673 0.001047
0.522829 0.066380
0.525431 0.043867
0.534332 0.083733
0.528041 0.149464
0.553744 0.156411
0.510015 0.224171
0.541853 0.227800
0.486444 0.277981
0.550071 0.277725
0.508208 0.305564
0.599586 0.264242
0.631192 0.000370
0.542605 0.000340
0.559962 0.034343
0.538715 0.032710
0.496581 0.041071
0.537360 0.101353
0.557947 0.135500
0.572590 0.149410
0.576014 0.164212
0.529627 0.204341
0.467201 0.258854
0.556505 0.245324
0.524639 0.309512
0.542759 0.292007
0.639323 0.000885
0.558721 0.000349
0.589508 0.023805
0.580615 0.037629
0.570904 0.049800
0.545676 0.114146
0.563085 0.120739
0.580155 0.137366
0.581655 0.178018
0.527720 0.220908
0.571018 0.245649
0.585523 0.253137
0.512351 0.277098
0.555756 0.221073
0.528710 0.271430
0.655557 0.000487
0.609993 0.024422
0.598800 0.035053
0.570721 0.024073
0.550490 0.046983
0.543303 0.069652
0.552844 0.091749
0.564059 0.104668
0.594208 0.158963
0.571001 0.202077
0.574924 0.229992
0.550648 0.208998
0.532322 0.260196
0.495673 0.251209
0.663605 0.000493
0.574806 0.000025
0.630787 0.024043
0.560159 0.062179
0.596602 0.051252
0.584276 0.061275
0.559637 0.078414
0.576587 0.091155
0.582073 0.122335
0.608542 0.170695
0.583008 0.194302
0.572273 0.217607
0.648283 0.277053
0.617853 0.307506
0.667081 0.312809
0.679849 0.000006
0.582863 0.000321
0.607002 0.000742
0.614036 0.047820
0.577231 0.074811
0.598773 0.097727
0.583601 0.106240
0.598644 0.144466
0.616805 0.157261
0.597428 0.182702
0.553286 0.192841
0.594987 0.237087
0.602911 0.307077
0.545859 0.318699
0.687840 0.000459
0.623078 0.000423
0.649412 0.024209
0.634767 0.053739
0.602282 0.068444
0.595427 0.082644
0.602559 0.114239
0.603565 0.129906
0.622519 0.143685
0.639542 0.156781
0.594416 0.203497
0.610932 0.196403
0.611481 0.215634
0.626655 0.226513
0.693820 0.327680
0.704098 0.000932
0.659946 0.035346
0.653595 0.066244
0.640347 0.038379
0.619602 0.062735
0.618138 0.078751
0.617125 0.093376
0.621510 0.127254
0.642165 0.188878
0.631201 0.171819
0.626950 0.209929
0.613182 0.249800
0.522380 0.250014
0.628614 0.284745
0.712250 0.000545
0.647418 0.000128
0.670205 0.024998
0.654909 0.050739
0.637468 0.071148
0.637430 0.087068
0.620706 0.109344
0.639099 0.121772
0.640801 0.139274
0.656822 0.203057
0.619586 0.184325
0.641880 0.227921
0.593226 0.217035
0.608336 0.231578
0.634453 0.245844
0.720467 0.000437
0.684122 0.027907
0.675083 0.045562
0.671358 0.062657
0.658483 0.081308
0.637933 0.103837
0.657102 0.114072
0.660434 0.148412
0.650052 0.176022
0.633058 0.198605
0.698225 0.282708
0.649088 0.249855
0.626581 0.264152
0.582658 0.271643
0.736847 0.001100
0.671720 0.000696
0.698962 0.025754
0.692043 0.042742
0.690487 0.060951
0.680542 0.075814
0.654928 0.096872
0.657227 0.130604
0.659721 0.163578
0.666576 0.189103
0.694025 0.222940
0.701291 0.210583
0.666519 0.253330
0.649027 0.288070
0.717643 0.334422
0.745107 0.001090
0.714889 0.025386
0.709440 0.040658
0.707681 0.057860
0.700087 0.075631
0.674848 0.091100
0.673825 0.107950
0.680774 0.159816
0.675456 0.176476
0.677564 0.204697
0.651810 0.215982
0.604698 0.276007
0.715684 0.259264
0.697304 0.305669
0.753338 0.001050
0.695917 0.000767
0.731163 0.024983
0.725907 0.041318
0.721395 0.065084
0.694028 0.091662
0.690918 0.108453
0.676480 0.125838
0.678055 0.142564
0.694782 0.178194
0.671024 0.217495
0.697666 0.237817
0.657327 0.234811
0.740250 0.325739
0.703881 0.336417
0.761588 0.000998
0.748985 0.024104
0.742309 0.038524
0.734616 0.056699
0.716132 0.082101
0.711291 0.098550
0.695066 0.126730
0.700770 0.162857
0.689044 0.193866
0.732496 0.223977
0.679288 0.273961
0.682652 0.247043
0.764679 0.322549
0.744239 0.295055
0.769802 0.001020
0.728663 0.000851
0.767422 0.024866
0.752375 0.054878
0.732719 0.081265
0.727849 0.102120
0.709330 0.115400
0.696423 0.144376
0.713850 0.185764
0.676870 0.233032
0.730381 0.203524
0.718920 0.243485
0.734910 0.255972
0.728716 0.320651
0.728864 0.294802
0.786568 0.000658
0.784995 0.022761
0.760138 0.038246
0.745531 0.071965
0.743997 0.095295
0.728163 0.121644
0.715048 0.132543
0.714757 0.149282
0.712338 0.200564
0.757643 0.242313
0.756518 0.262053
0.698222 0.256490
0.732116 0.276093
0.713814 0.277964
0.795053 0.001131
0.803328 0.024426
0.779065 0.038031
0.771300 0.053231
0.759263 0.087385
0.743730 0.114346
0.759513 0.124500
0.743729 0.134395
0.718470 0.169012
0.735848 0.164636
0.716794 0.225936
0.739678 0.239637
0.770198 0.289076
0.809383 0.293453
0.763303 0.303372
0.803429 0.000932
0.810961 0.042951
0.790867 0.054575
0.762984 0.069702
0.776982 0.087560
0.760898 0.105235
0.776254 0.123886
0.732720 0.145946
0.766608 0.191143
0.776301 0.238162
0.772907 0.260744
0.749374 0.278181
0.752921 0.327321
0.712623 0.303401
0.820276 0.000031
0.778174 0.000394
0.818020 0.025885
0.795524 0.037733
0.801180 0.066701
0.780163 0.068779
0.777982 0.104743
0.760224 0.144777
0.752086 0.178192
0.734547 0.183843
0.751445 0.199047
0.790457 0.228646
0.808788 0.256286
0.790653 0.317822
0.780708 0.318877
0.828672 0.001139
0.832327 0.025808
0.827402 0.043643
0.815397 0.059530
0.806101 0.095578
0.792870 0.082838
0.776306 0.142810
0.782310 0.162632
0.752332 0.158520
0.784916 0.190587
0.762291 0.223699
0.791901 0.209672
0.791673 0.297665
0.780730 0.278566
0.837205 0.000921
0.811874 0.000852
0.847206 0.024773
0.835975 0.059573
0.813341 0.080231
0.821209 0.108379
0.794110 0.105662
0.793334 0.125474
0.792616 0.145432
0.747492 0.214947
0.775294 0.209790
0.790886 0.251574
0.821360 0.244382
0.816196 0.328369
0.808297 0.323692
0.854269 0.000753
0.862573 0.025049
0.843578 0.041524
0.829119 0.073343
0.827071 0.091792
0.843516 0.095267
0.808777 0.119416
0.808752 0.139417
0.768038 0.169435
0.794260 0.176788
0.806999 0.201943
0.819034 0.219632
0.797357 0.271911
0.827892 0.269580
0.862886 0.000200
0.845706 0.000997
0.876979 0.025000
0.858697 0.041608
0.852845 0.060458
0.846840 0.077308
0.838208 0.113999
0.825868 0.128321
0.822807 0.148075
0.803374 0.161545
0.810630 0.184804
0.827558 0.204816
0.835988 0.236553
0.806957 0.231969
0.817867 0.282253
0.880144 0.000738
0.889915 0.026094
0.873412 0.044545
0.868207 0.063494
0.862320 0.081392
0.857293 0.100633
0.852775 0.120593
0.841250 0.135376
0.835919 0.157404
0.820075 0.168244
0.828914 0.184945
0.841604 0.220363
0.853914 0.244454
0.862189 0.339746
0.888748 0.000570
0.871526 0.000516
0.904236 0.023968
0.887233 0.046095
0.882545 0.065262
0.877371 0.084511
0.872459 0.105158
0.868875 0.123015
0.864422 0.140434
0.852027 0.150384
0.842060 0.176616
0.857624 0.193712
0.884279 0.255704
0.859191 0.303910
0.834076 0.328704
0.897438 0.000066
0.919362 0.023611
0.901344 0.040820
0.898003 0.061716
0.893838 0.081777
0.888704 0.098897
0.886821 0.117131
0.883226 0.136968
0.875174 0.153874
0.872141 0.170782
0.855663 0.168969
0.846593 0.201947
0.869384 0.243397
0.843780 0.258080
0.906114 0.000335
0.914979 0.000984
0.929516 0.030157
0.916604 0.043119
0.911083 0.062470
0.908798 0.085669
0.904141 0.103470
0.899989 0.127630
0.897591 0.146128
0.890206 0.167353
0.890697 0.185131
0.873282 0.188635
0.858792 0.220889
0.882379 0.309449
0.823188 0.306664
0.923763 0.000320
0.942350 0.021002
0.928057 0.054727
0.920661 0.076593
0.922612 0.102954
0.912823 0.119868
0.914946 0.141414
0.905815 0.162742
0.907069 0.184571
0.894232 0.201767
0.886311 0.215865
0.894661 0.242124
0.880097 0.230482
0.863805 0.263051
0.932548 0.000923
0.952245 0.033006
0.940518 0.043483
0.934553 0.068450
0.930556 0.089279
0.928532 0.122580
0.927414 0.150487
0.920641 0.167888
0.919264 0.193433
0.911435 0.210992
0.918010 0.235298
0.901509 0.228063
0.870329 0.207910
0.881411 0.270688
0.840081 0.297469
0.941502 0.000474
0.955653 0.051026
0.948020 0.066634
0.944783 0.096650
0.940440 0.112365
0.937694 0.135517
0.932114 0.179234
0.934462 0.206158
0.924970 0.221006
0.931040 0.242717
0.922277 0.259122
0.907006 0.254863
0.910564 0.271934
0.841845 0.322208
0.950510 0.000305
0.963361 0.020361
0.967005 0.037404
0.953627 0.083258
0.957338 0.113543
0.952352 0.132509
0.941142 0.157494
0.942707 0.190245
0.948624 0.213391
0.945035 0.228628
0.946839 0.247641
0.927802 0.278464
0.942148 0.293978
0.875884 0.287947
0.921704 0.291756
0.959519 0.000279
0.980212 0.023016
0.965095 0.068660
0.965055 0.100298
0.967279 0.167566
0.963781 0.206893
0.960883 0.191728
0.967307 0.251616
0.975204 0.289663
0.952089 0.277138
0.939836 0.263259
0.938852 0.307015
0.894314 0.275621
0.890988 0.360956
0.968546 0.001091
0.987750 0.000250
0.982133 0.040553
0.977002 0.115146
0.966435 0.133103
0.956321 0.153221
0.961992 0.231947
0.981504 0.240219
0.977191 0.270806
0.979405 0.305273
0.985726 0.353144
0.993358 0.390109
0.886282 0.360624
0.893488 0.295116
0.855750 0.329961
0.977670 0.000215
0.974035 0.054658
0.972837 0.083439
0.984043 0.131757
0.976101 0.147875
0.951596 0.173349
0.992704 0.292244
0.994536 0.319571
0.999768 0.267129
0.975962 0.337056
0.999102 0.333142
0.963730 0.314772
0.885868 0.323966
0.843709 0.280451
0.999703 0.000472
0.998797 0.037277
0.984110 0.069602
0.982270 0.098904
0.999058 0.105094
0.991424 0.194136
0.999751 0.143132
0.999182 0.155327
0.999884 0.345273
0.999986 0.280115
0.998999 0.367278
0.998529 0.377611
0.973498 0.374120
0.999139 0.234287
0.871310 0.308529
0.999210 0.000512
0.999906 0.048210
0.999120 0.070301
0.998977 0.092998
0.999758 0.116694
0.976573 0.186411
0.991495 0.258868
0.999822 0.315687
0.999371 0.251800
0.999836 0.202744
0.999302 0.298949
0.968826 0.327873
0.858971 0.281969
0.975503 0.361631
0.999183 0.016146
0.999370 0.026741
0.999755 0.058914
0.999400 0.081627
0.985466 0.166869
0.998842 0.130089
0.992225 0.219287
0.973690 0.216263
0.999807 0.222722
0.998975 0.169129
0.998995 0.184710
0.928730 0.333249
0.979031 0.393054
0.876948 0.346777
0.888761 0.340630
