0.000183 0.025278
0.000311 0.056577
0.000280 0.090082
0.000410 0.127135
0.000250 0.139773
0.000387 0.297445
0.000594 0.181472
0.000155 0.194831
0.001055 0.335006
0.002124 0.361514
0.076529 0.348405
0.022686 0.350039
0.048447 0.371051
0.098652 0.320605
0.000696 0.014590
0.000745 0.035723
0.000280 0.067458
0.017836 0.089367
0.032045 0.194730
0.000252 0.212149
0.000282 0.168137
0.000898 0.278019
0.000043 0.241796
0.000268 0.252798
0.000468 0.345437
0.007189 0.336546
0.057587 0.337482
0.065473 0.358540
0.115080 0.303951
0.000576 0.000046
0.000936 0.045985
0.000666 0.078317
0.000174 0.101953
0.000643 0.114395
0.013841 0.188920
0.000894 0.154819
0.002298 0.292539
0.000185 0.228418
0.022259 0.305614
0.022998 0.318930
0.039873 0.344952
0.033749 0.366405
0.102329 0.346632
0.001041 0.001017
0.018463 0.027449
0.018786 0.060552
0.016227 0.116977
0.015182 0.155643
0.025508 0.215519
0.039438 0.176414
0.016192 0.256727
0.013789 0.274763
0.031789 0.257769
0.031641 0.285563
0.037754 0.321998
0.010262 0.369231
0.053047 0.374496
0.122233 0.319594
0.013857 0.000433
0.034942 0.050275
0.022574 0.042980
0.028225 0.101547
0.021765 0.138116
0.010599 0.219681
0.041787 0.208647
0.026447 0.239810
0.046101 0.266668
0.070529 0.257182
0.042535 0.292913
0.102965 0.290797
0.049647 0.305528
0.122323 0.348410
0.032927 0.000338
0.023628 0.000899
0.041595 0.066166
0.026505 0.074864
0.025386 0.170399
0.032398 0.125098
0.036178 0.154814
0.053488 0.170048
0.041226 0.231715
0.050551 0.245887
0.066718 0.237078
0.058626 0.270874
0.084326 0.294217
0.068296 0.324629
0.158056 0.303706
0.041989 0.000564
0.031150 0.020753
0.037536 0.086819
0.041230 0.111647
0.043124 0.137778
0.054986 0.150685
0.051780 0.193756
0.066973 0.190779
0.055799 0.218863
0.078697 0.227611
0.070470 0.286817
0.068372 0.307009
0.084504 0.271684
0.091271 0.351041
0.051102 0.000895
0.040700 0.031874
0.050505 0.043421
0.055952 0.062206
0.051343 0.090091
0.055695 0.112975
0.060119 0.131580
0.068603 0.166416
0.077632 0.177695
0.070427 0.208538
0.087718 0.249678
0.095958 0.229069
0.100840 0.268527
0.140623 0.243789
0.130411 0.305572
0.060257 0.000422
0.053573 0.022298
0.066627 0.045387
0.061091 0.078584
0.065605 0.098617
0.070756 0.120571
0.071805 0.143761
0.084746 0.153906
0.090165 0.187931
0.087633 0.209042
0.105325 0.204283
0.117006 0.265545
0.084860 0.320679
0.127025 0.247075
0.069238 0.000755
0.078125 0.001006
0.065191 0.028800
0.074638 0.059154
0.077404 0.074805
0.080897 0.091312
0.082535 0.110724
0.085225 0.132906
0.098211 0.165038
0.104045 0.180856
0.117500 0.188581
0.109110 0.247099
0.151558 0.257763
0.139778 0.274311
0.150078 0.330461
0.086988 0.000240
0.078850 0.024197
0.083571 0.041957
0.091087 0.062478
0.093971 0.083307
0.097152 0.104151
0.100090 0.122904
0.100826 0.139524
0.109309 0.153653
0.132640 0.175551
0.110930 0.225308
0.141992 0.191572
0.129621 0.223501
0.155025 0.340306
0.095811 0.000717
0.113202 0.000154
0.093127 0.025182
0.099453 0.045867
0.106024 0.063071
0.108959 0.082066
0.110859 0.101615
0.117711 0.122284
0.121014 0.140066
0.123266 0.163642
0.149606 0.164124
0.123454 0.206355
0.169305 0.220168
0.149197 0.287334
0.139473 0.342925
0.104587 0.000611
0.105826 0.028556
0.117440 0.043999
0.121864 0.061935
0.124001 0.079321
0.133823 0.090921
0.125666 0.107116
0.137096 0.119791
0.138550 0.134377
0.138271 0.153954
0.156791 0.183043
0.142119 0.208363
0.161496 0.243648
0.123364 0.284382
0.121851 0.000820
0.147754 0.000722
0.119224 0.024845
0.133286 0.042986
0.137653 0.061665
0.145266 0.077880
0.145745 0.100181
0.154674 0.120256
0.154623 0.140101
0.169859 0.142766
0.165764 0.162384
0.165503 0.200975
0.184232 0.212061
0.175773 0.262826
0.179261 0.296471
0.130439 0.000527
0.134585 0.026019
0.150479 0.042794
0.154632 0.060163
0.160873 0.080054
0.161387 0.098772
0.169556 0.115407
0.178611 0.129367
0.182572 0.153964
0.175162 0.178638
0.183630 0.194644
0.152299 0.220832
0.194189 0.229658
0.195412 0.248937
0.139092 0.000258
0.182010 0.000510
0.149572 0.025791
0.167238 0.043535
0.176875 0.083293
0.180139 0.100122
0.191624 0.112661
0.197848 0.146384
0.192391 0.166396
0.212560 0.154293
0.198000 0.184288
0.202820 0.204822
0.206282 0.266853
0.186341 0.272419
0.164025 0.278949
0.156367 0.000501
0.164496 0.026258
0.170558 0.063773
0.191485 0.077651
0.199319 0.094087
0.208967 0.111034
0.198202 0.128706
0.225181 0.142041
0.213611 0.171082
0.217436 0.188925
0.227902 0.202503
0.177921 0.242205
0.176504 0.328318
0.168134 0.317027
0.164904 0.000751
0.179555 0.025766
0.182978 0.043402
0.186960 0.061726
0.209817 0.078160
0.218145 0.094044
0.215327 0.128581
0.245132 0.139102
0.231333 0.158741
0.232897 0.176358
0.242400 0.190934
0.214401 0.215983
0.209703 0.235814
0.196782 0.289770
0.187532 0.318228
0.173440 0.000303
0.198990 0.044542
0.205432 0.061189
0.227351 0.076053
0.235864 0.092463
0.227540 0.109969
0.250234 0.155286
0.267503 0.149050
0.252328 0.170958
0.252910 0.202978
0.233773 0.219965
0.225391 0.240528
0.220908 0.260723
0.225083 0.318238
0.190489 0.000178
0.194017 0.026506
0.215553 0.041264
0.221769 0.059075
0.254760 0.088932
0.247360 0.106633
0.234583 0.124525
0.285634 0.141010
0.273525 0.164343
0.288228 0.205827
0.278014 0.190415
0.233981 0.270382
0.241828 0.245792
0.236473 0.297976
0.236270 0.329081
0.198997 0.000455
0.208564 0.025798
0.232045 0.040047
0.245170 0.075067
0.267275 0.100151
0.253335 0.121297
0.265548 0.133347
0.295459 0.153972
0.263675 0.180910
0.267283 0.206218
0.248676 0.223594
0.256008 0.256399
0.210219 0.293365
0.205039 0.317109
0.207401 0.000567
0.257642 0.000782
0.224110 0.024835
0.238443 0.058743
0.276236 0.084262
0.285474 0.098671
0.271307 0.116304
0.285691 0.124061
0.316120 0.155102
0.290226 0.167722
0.287789 0.230046
0.274633 0.220952
0.259626 0.235746
0.252317 0.291235
0.224754 0.285350
0.215787 0.000311
0.240897 0.024997
0.248612 0.041347
0.264055 0.072764
0.295419 0.082314
0.296586 0.108992
0.304724 0.125099
0.306686 0.139468
0.312265 0.170356
0.309316 0.188140
0.300557 0.223232
0.269542 0.248420
0.274821 0.273313
0.213015 0.326395
0.224239 0.000577
0.290748 0.000255
0.256532 0.025437
0.255333 0.058123
0.283691 0.067610
0.309394 0.094810
0.316134 0.109890
0.326065 0.123667
0.327386 0.138086
0.365829 0.154852
0.328118 0.176369
0.292597 0.183403
0.288901 0.248531
0.315500 0.223661
0.254813 0.275244
0.232648 0.001066
0.272825 0.024106
0.265740 0.040317
0.273917 0.055339
0.313352 0.078769
0.328823 0.094266
0.336541 0.107577
0.345598 0.137299
0.333156 0.154400
0.351999 0.184479
0.307125 0.204340
0.350181 0.213316
0.244817 0.323995
0.267951 0.292123
0.240951 0.000272
0.315457 0.000453
0.282894 0.036836
0.292386 0.048773
0.300737 0.064004
0.332660 0.079303
0.355564 0.102257
0.347608 0.118985
0.349707 0.156506
0.384547 0.153842
0.343112 0.173101
0.324916 0.194954
0.329748 0.220120
0.258068 0.314189
0.287486 0.265213
0.249292 0.000651
0.291408 0.023433
0.309651 0.045676
0.317153 0.062304
0.335891 0.064191
0.348699 0.087649
0.373307 0.109220
0.364100 0.139736
0.391453 0.140343
0.386339 0.169090
0.333663 0.204420
0.367132 0.217698
0.282562 0.328880
0.307477 0.243007
0.265779 0.001070
0.340100 0.000623
0.303800 0.030970
0.329916 0.049264
0.350552 0.053735
0.352616 0.070883
0.371830 0.093205
0.363170 0.123014
0.379994 0.128435
0.404654 0.151662
0.401817 0.173881
0.355474 0.195121
0.400320 0.203996
0.307996 0.264157
0.382609 0.213531
0.274173 0.000620
0.316390 0.023376
0.325799 0.035841
0.367452 0.060047
0.368090 0.078302
0.388163 0.083627
0.417302 0.115947
0.392526 0.113779
0.401596 0.126045
0.415164 0.136459
0.365788 0.170999
0.289769 0.289401
0.437751 0.258270
0.288692 0.309708
0.282454 0.000290
0.364648 0.000502
0.365266 0.041881
0.347044 0.038211
0.384392 0.054055
0.408420 0.086872
0.392361 0.099187
0.437686 0.101059
0.434930 0.115134
0.428645 0.151645
0.414726 0.162902
0.412115 0.186824
0.391160 0.190246
0.376763 0.183904
0.311754 0.281293
0.299052 0.000839
0.335347 0.024381
0.381344 0.038184
0.401522 0.043075
0.384807 0.069147
0.406536 0.072053
0.411956 0.102131
0.430641 0.132940
0.446581 0.144018
0.427648 0.170759
0.428128 0.192266
0.456149 0.225757
0.274457 0.324918
0.337691 0.235712
0.307234 0.000596
0.351980 0.024682
0.398293 0.027854
0.402858 0.057911
0.423973 0.062466
0.476765 0.091033
0.456928 0.114012
0.427303 0.089377
0.458750 0.098563
0.440712 0.181167
0.475091 0.179912
0.459007 0.188704
0.444006 0.196836
0.417949 0.218270
0.374223 0.199820
0.323730 0.000689
0.367367 0.025153
0.412220 0.023891
0.420613 0.035261
0.448063 0.060054
0.428970 0.074536
0.477493 0.106192
0.491027 0.133062
0.461439 0.151115
0.444937 0.161767
0.458875 0.171516
0.444379 0.213997
0.306369 0.302674
0.353137 0.229932
0.331902 0.000545
0.405196 0.000376
0.384044 0.024231
0.431614 0.023227
0.423147 0.048740
0.449596 0.073387
0.449448 0.086692
0.473272 0.121878
0.448115 0.128415
0.475641 0.160704
0.489398 0.169213
0.396917 0.223875
0.431912 0.226158
0.321880 0.253571
0.323256 0.287147
0.348325 0.000728
0.453973 0.023718
0.443080 0.047546
0.472438 0.077648
0.493518 0.083242
0.503736 0.123912
0.484072 0.147898
0.469107 0.135084
0.472491 0.212839
0.417814 0.205517
0.465444 0.200739
0.477377 0.225818
0.380452 0.262763
0.302144 0.319072
0.356475 0.000412
0.413325 0.000419
0.478261 0.000863
0.472479 0.023602
0.441204 0.033405
0.510460 0.076049
0.493148 0.111565
0.501295 0.097612
0.497923 0.184216
0.502497 0.147092
0.412629 0.246924
0.496045 0.224196
0.384205 0.237497
0.413430 0.233468
0.506546 0.262267
0.372788 0.000006
0.462072 0.000017
0.460775 0.036498
0.466870 0.050419
0.536758 0.127189
0.544182 0.142910
0.517513 0.137550
0.514324 0.173838
0.496090 0.208505
0.394704 0.249755
0.361355 0.237191
0.359553 0.269024
0.335329 0.259796
0.443031 0.233981
0.380885 0.000554
0.453949 0.000472
0.486298 0.000809
0.508034 0.023771
0.536013 0.055566
0.565194 0.179579
0.538332 0.174445
0.528573 0.162725
0.650294 0.494287
0.383663 0.278905
0.425144 0.300471
0.972405 0.236086
0.593750 0.319723
0.366223 0.279302
0.401993 0.267842
0.421473 0.000110
0.470174 0.000167
0.622536 0.034795
0.484932 0.055249
0.480278 0.036513
0.537908 0.189890
0.518437 0.186745
0.505749 0.161690
0.520718 0.234527
0.485988 0.195418
0.441749 0.275948
0.406730 0.298323
0.419289 0.264226
0.364442 0.253015
0.397143 0.000340
0.437824 0.000595
0.510517 0.000492
0.491285 0.024687
0.650732 0.480299
0.519789 0.089959
0.663576 0.300652
0.509900 0.201077
0.443448 0.248921
0.499451 0.237242
0.949581 0.318778
0.688570 0.288642
0.679424 0.313600
0.423851 0.309613
0.333903 0.283434
0.534625 0.000281
0.502396 0.000563
0.429651 0.000345
0.117923 0.338548
0.507988 0.055545
0.521831 0.120626
0.462009 0.239998
0.661267 0.482250
0.566985 0.287460
0.470583 0.306652
0.906582 0.293801
0.609729 0.317490
0.461067 0.303099
0.470513 0.287021
0.598996 0.000697
0.550683 0.000648
0.389083 0.000464
0.494305 0.000665
0.549624 0.023251
0.495114 0.067042
0.517240 0.105796
0.553251 0.169166
0.541990 0.241930
0.504254 0.279699
0.482711 0.249673
0.453504 0.275612
0.526538 0.296291
0.449589 0.296375
0.552641 0.317146
0.590961 0.000621
0.518598 0.000859
0.445861 0.000929
0.512812 0.037408
0.470121 0.064844
0.922821 0.334036
0.388379 0.290515
0.464270 0.270681
0.494895 0.295864
0.640702 0.489174
0.418792 0.285997
0.488000 0.308085
0.585808 0.308873
0.559302 0.259179
0.615042 0.000438
0.566773 0.000126
0.525979 0.024469
0.526676 0.001085
0.523059 0.066123
0.525684 0.043823
0.534537 0.083515
0.528197 0.148559
0.554327 0.155333
0.509988 0.222256
0.542320 0.225746
0.486214 0.275102
0.550859 0.276480
0.508529 0.304043
0.601182 0.264552
0.631209 0.000151
0.542605 0.000137
0.560405 0.034224
0.538952 0.032613
0.496591 0.040960
0.537491 0.101207
0.558426 0.134945
0.573272 0.148750
0.576619 0.163311
0.529971 0.202365
0.466509 0.256047
0.557396 0.242997
0.525556 0.308868
0.544503 0.291173
0.639344 0.000837
0.558733 0.000184
0.590033 0.023829
0.581137 0.037609
0.571424 0.049714
0.546201 0.113788
0.563631 0.120387
0.581011 0.137026
0.582740 0.176812
0.528010 0.218756
0.572341 0.244340
0.587139 0.252248
0.512035 0.275617
0.556665 0.219654
0.528886 0.270801
0.655577 0.000358
0.610634 0.024397
0.599360 0.034993
0.571229 0.024054
0.550888 0.046788
0.543711 0.069449
0.553000 0.091503
0.564554 0.104298
0.595053 0.158409
0.571840 0.200161
0.575998 0.228203
0.551068 0.207236
0.532998 0.257836
0.495639 0.248947
0.663636 0.000076
0.574814 0.000430
0.631540 0.024052
0.560651 0.062084
0.597301 0.051250
0.584853 0.061217
0.560083 0.078308
0.577072 0.091101
0.582649 0.122121
0.609595 0.169884
0.584152 0.193019
0.573484 0.215711
0.650649 0.277289
0.618486 0.307456
0.670181 0.311608
0.679869 0.000891
0.582868 0.000097
0.607034 0.000388
0.614613 0.047838
0.577731 0.074698
0.599544 0.097573
0.584239 0.106199
0.599596 0.144196
0.617892 0.156723
0.598434 0.181571
0.554062 0.191078
0.596466 0.236417
0.604808 0.307455
0.546753 0.319895
0.687864 0.000271
0.623108 0.000249
0.650064 0.024261
0.635350 0.053785
0.602913 0.068437
0.595948 0.082568
0.603232 0.114063
0.604418 0.129642
0.623483 0.143460
0.640775 0.156458
0.595759 0.201735
0.612558 0.194985
0.612904 0.214184
0.628426 0.225359
0.696052 0.328191
0.704121 0.000578
0.660602 0.035303
0.654457 0.066318
0.641019 0.038517
0.620477 0.062763
0.618875 0.078800
0.617891 0.093376
0.622406 0.127152
0.643572 0.187899
0.632424 0.171234
0.628700 0.208628
0.614840 0.249402
0.522384 0.248080
0.630408 0.285462
0.712265 0.000368
0.647431 0.000705
0.670829 0.025058
0.655697 0.050828
0.638359 0.071224
0.638313 0.087140
0.621539 0.109414
0.640106 0.121778
0.641943 0.139210
0.658491 0.201856
0.620807 0.183302
0.643774 0.227062
0.594297 0.215414
0.609616 0.230063
0.636503 0.245111
0.720486 0.001083
0.684861 0.027722
0.675854 0.045556
0.672168 0.062608
0.659472 0.081389
0.638695 0.103735
0.658066 0.114115
0.661581 0.148320
0.651417 0.175468
0.634690 0.197423
0.700274 0.282979
0.651289 0.249915
0.628272 0.263775
0.584140 0.270997
0.736873 0.000762
0.671750 0.000365
0.699776 0.025756
0.692753 0.042650
0.691398 0.060834
0.681413 0.075797
0.655834 0.096957
0.658312 0.130677
0.661038 0.163469
0.668110 0.188565
0.696069 0.222335
0.703201 0.210170
0.668168 0.252909
0.650619 0.289193
0.719739 0.335529
0.745121 0.000904
0.715666 0.025466
0.710311 0.040724
0.708587 0.057922
0.701059 0.075755
0.675861 0.091270
0.674870 0.108040
0.682033 0.159919
0.676825 0.176305
0.679422 0.204081
0.653716 0.214761
0.606063 0.275709
0.718001 0.259084
0.699450 0.307249
0.753354 0.000919
0.695936 0.000556
0.731933 0.024956
0.726860 0.041324
0.722435 0.065145
0.694987 0.091702
0.691974 0.108700
0.677471 0.125912
0.679092 0.142626
0.696199 0.178232
0.672938 0.216635
0.700350 0.237473
0.659639 0.234036
0.742339 0.327013
0.705856 0.337081
0.761613 0.000869
0.749748 0.024198
0.743278 0.038665
0.735594 0.056752
0.717148 0.082207
0.712221 0.098681
0.696107 0.127012
0.701999 0.162958
0.690757 0.193631
0.734370 0.224098
0.681725 0.273629
0.685300 0.246631
0.766709 0.323645
0.746432 0.295586
0.769826 0.000880
0.728673 0.000596
0.768243 0.024834
0.753415 0.054936
0.733684 0.081512
0.728914 0.102470
0.710453 0.115683
0.697575 0.144618
0.715247 0.185914
0.679115 0.232118
0.732067 0.203789
0.721384 0.243362
0.737342 0.256236
0.730828 0.321430
0.731059 0.295460
0.786619 0.000125
0.785758 0.022882
0.761094 0.038307
0.746586 0.072194
0.745117 0.095477
0.729334 0.122059
0.716107 0.132924
0.715818 0.149641
0.714051 0.200531
0.759494 0.242766
0.758382 0.262547
0.700844 0.256809
0.734472 0.276449
0.716826 0.278235
0.795091 0.001065
0.804184 0.024386
0.779904 0.038261
0.772280 0.053447
0.760393 0.087610
0.744916 0.114689
0.760702 0.124895
0.744870 0.134832
0.719635 0.169355
0.736950 0.165025
0.718761 0.225875
0.741682 0.239769
0.771989 0.289660
0.810868 0.294633
0.765409 0.304139
0.803503 0.000513
0.811807 0.043092
0.791893 0.054663
0.764055 0.069966
0.778178 0.087823
0.762035 0.105577
0.777448 0.124348
0.733769 0.146341
0.767868 0.191571
0.777721 0.238666
0.774618 0.261236
0.751521 0.278744
0.755454 0.328539
0.714774 0.304597
0.820298 0.000263
0.778205 0.000495
0.818859 0.025958
0.796469 0.037781
0.802297 0.066875
0.781304 0.068937
0.779105 0.105049
0.761299 0.145285
0.753342 0.178670
0.735867 0.184266
0.752785 0.199312
0.791805 0.229279
0.810223 0.257186
0.792715 0.318942
0.782565 0.319836
0.828735 0.000835
0.833083 0.025760
0.828207 0.043736
0.816519 0.059669
0.807308 0.095997
0.794013 0.082999
0.777442 0.143442
0.783463 0.163160
0.753509 0.159143
0.786339 0.191226
0.763822 0.224148
0.793132 0.210277
0.793340 0.298518
0.782552 0.279206
0.837237 0.000807
0.811934 0.000376
0.847961 0.024792
0.836878 0.059674
0.814421 0.080658
0.822295 0.108668
0.795193 0.106020
0.794475 0.125964
0.793779 0.145927
0.749227 0.215346
0.776711 0.210214
0.792400 0.252340
0.822654 0.245199
0.817820 0.329652
0.809813 0.324830
0.854319 0.000055
0.863244 0.025009
0.844461 0.041603
0.830089 0.073543
0.828249 0.092119
0.844593 0.095617
0.809894 0.119919
0.809947 0.139850
0.769373 0.169935
0.795583 0.177330
0.808394 0.202882
0.820333 0.220279
0.798964 0.272580
0.829079 0.270272
0.862901 0.000689
0.845728 0.000717
0.877572 0.025018
0.859383 0.041654
0.853749 0.060584
0.847731 0.077512
0.839227 0.114533
0.827004 0.128825
0.823890 0.148482
0.804663 0.162069
0.811698 0.185283
0.828571 0.205422
0.837110 0.237345
0.808092 0.232775
0.819319 0.283177
0.880164 0.000653
0.890553 0.026066
0.874064 0.044569
0.868950 0.063687
0.863264 0.081604
0.858146 0.100960
0.853662 0.121199
0.842364 0.135983
0.836960 0.158093
0.821289 0.168954
0.830112 0.185799
0.842570 0.221038
0.854732 0.245303
0.862225 0.342096
0.888769 0.000382
0.871535 0.000321
0.904617 0.023877
0.887973 0.046240
0.883256 0.065339
0.878152 0.084734
0.873189 0.105371
0.869783 0.123434
0.865350 0.140841
0.853030 0.151002
0.843174 0.177435
0.858522 0.194251
0.884690 0.256421
0.859491 0.304809
0.835110 0.330511
0.897450 0.000362
0.919902 0.023481
0.901933 0.040703
0.898533 0.061766
0.894615 0.081870
0.889525 0.099220
0.887468 0.117474
0.884013 0.137568
0.875926 0.154511
0.873219 0.171548
0.856612 0.169599
0.847701 0.202713
0.870027 0.244169
0.844846 0.258913
0.906137 0.000115
0.914995 0.000552
0.930001 0.030528
0.917231 0.042925
0.911822 0.062316
0.909347 0.085985
0.904833 0.103761
0.900577 0.128072
0.898292 0.146680
0.890720 0.168253
0.891462 0.186026
0.874032 0.189428
0.859721 0.221752
0.882200 0.311264
0.824342 0.307532
0.923776 0.000580
0.942674 0.020850
0.928356 0.055188
0.920909 0.077070
0.923182 0.103461
0.913245 0.120382
0.915588 0.141803
0.906511 0.163363
0.907895 0.185467
0.894878 0.202330
0.887009 0.216812
0.895231 0.242547
0.880651 0.231367
0.864316 0.263415
0.932561 0.000726
0.952467 0.032870
0.940758 0.043637
0.934924 0.068744
0.931020 0.089489
0.928980 0.123212
0.927689 0.151215
0.921110 0.168523
0.919775 0.194361
0.911928 0.211732
0.918279 0.236136
0.901852 0.228360
0.871089 0.208678
0.881546 0.271098
0.841154 0.298410
0.941514 0.000215
0.955938 0.051445
0.948364 0.066764
0.945023 0.096970
0.940731 0.112871
0.938081 0.136187
0.932376 0.179889
0.934697 0.206904
0.925549 0.221871
0.931311 0.243261
0.923071 0.259407
0.906935 0.255156
0.910907 0.272298
0.842896 0.323495
0.950526 0.000623
0.963573 0.020340
0.966986 0.037499
0.953770 0.083585
0.957622 0.114472
0.952415 0.132968
0.941552 0.158093
0.943016 0.191005
0.948764 0.214059
0.945170 0.228786
0.946909 0.248254
0.929324 0.279167
0.943281 0.295211
0.875735 0.288653
0.923715 0.292563
0.959538 0.000367
0.980197 0.023094
0.965292 0.068867
0.965084 0.100737
0.967462 0.168142
0.963909 0.207303
0.961152 0.192108
0.967804 0.252913
0.975964 0.290954
0.952496 0.278332
0.940560 0.264143
0.940464 0.308472
0.894334 0.276082
0.890202 0.362601
0.968577 0.000625
0.987771 0.001011
0.982185 0.040751
0.977085 0.115534
0.966670 0.133874
0.956515 0.153768
0.962091 0.231617
0.983220 0.239976
0.977668 0.272845
0.979605 0.306280
0.986560 0.355410
0.994878 0.393442
0.886606 0.363786
0.892937 0.295737
0.856713 0.331746
0.977688 0.000358
0.974013 0.054973
0.972872 0.083787
0.983976 0.132267
0.976181 0.148602
0.951726 0.174332
0.994111 0.292933
0.995677 0.321572
0.999843 0.267252
0.976427 0.339284
0.999200 0.333305
0.964125 0.316125
0.884870 0.326190
0.844669 0.281338
0.999297 0.000167
0.999288 0.037284
0.984259 0.069871
0.982350 0.099211
0.999165 0.105127
0.991673 0.195153
0.999995 0.143154
0.999272 0.155316
0.999744 0.345787
0.999472 0.280080
0.999284 0.367589
0.998703 0.378809
0.974181 0.376736
0.999650 0.234390
0.871057 0.309867
0.999409 0.000325
0.998873 0.048217
0.999329 0.070335
0.999084 0.093020
0.999871 0.116735
0.976840 0.187079
0.992138 0.259649
0.999706 0.315744
0.999977 0.251480
0.999955 0.202670
0.999804 0.298806
0.969009 0.329206
0.859685 0.283000
0.977018 0.363783
0.999553 0.016139
0.999838 0.026748
0.999663 0.058918
0.999507 0.081700
0.985602 0.167479
0.998947 0.130083
0.992347 0.219037
0.973613 0.216666
0.999304 0.222594
0.999082 0.169138
0.999339 0.184533
0.929283 0.334868
0.979990 0.396454
0.877619 0.349898
0.889732 0.343223
