0.000896 0.025291
0.000349 0.056627
0.000924 0.090149
0.000369 0.127256
0.000863 0.139767
0.000060 0.298165
0.000411 0.181469
0.000790 0.194878
0.000662 0.334913
0.002688 0.362422
0.075767 0.349850
0.022537 0.352119
0.047699 0.372884
0.097635 0.321961
0.000029 0.014604
0.000235 0.035764
0.000086 0.067522
0.017684 0.089498
0.031804 0.195544
0.000638 0.211854
0.000476 0.168145
0.000850 0.277835
0.000721 0.241807
0.000123 0.252867
0.000127 0.346131
0.006995 0.337433
0.056857 0.339224
0.064818 0.360576
0.114072 0.305693
0.000646 0.000300
0.000836 0.046019
0.000253 0.078419
0.000893 0.101999
0.000170 0.114457
0.013563 0.189594
0.000730 0.154736
0.001680 0.294160
0.000384 0.228457
0.022044 0.307217
0.022091 0.320522
0.038985 0.347024
0.032824 0.368248
0.101486 0.348538
0.000666 0.001145
0.018551 0.027422
0.018757 0.060610
0.016047 0.117369
0.015136 0.156308
0.025477 0.216146
0.039060 0.177118
0.015605 0.257538
0.013501 0.275781
0.031220 0.258908
0.031311 0.286961
0.037140 0.323767
0.008974 0.370895
0.052473 0.376163
0.120610 0.320587
0.013811 0.000982
0.034796 0.050553
0.022488 0.042950
0.028039 0.102077
0.021428 0.138725
0.010457 0.220296
0.041573 0.209471
0.025877 0.240684
0.045553 0.268109
0.069787 0.258311
0.041830 0.294211
0.102115 0.292004
0.048878 0.307420
0.121201 0.350528
0.032913 0.000342
0.023607 0.000315
0.041445 0.066285
0.026305 0.075100
0.025038 0.171384
0.032001 0.125418
0.035832 0.155530
0.053336 0.171095
0.040836 0.232956
0.050103 0.247394
0.066226 0.238098
0.058183 0.272248
0.083669 0.295754
0.067144 0.326527
0.156301 0.305008
0.041967 0.000041
0.031308 0.020715
0.037273 0.086970
0.040592 0.112071
0.042570 0.138520
0.054528 0.151053
0.051326 0.194536
0.066504 0.191384
0.055231 0.220074
0.077868 0.228691
0.069786 0.288388
0.067842 0.308605
0.083740 0.273094
0.090229 0.352993
0.051093 0.000703
0.040251 0.032406
0.050122 0.043697
0.055717 0.062101
0.051016 0.090588
0.055276 0.113551
0.059381 0.132088
0.068040 0.166987
0.077184 0.178339
0.069502 0.209560
0.087105 0.250869
0.095057 0.230013
0.100168 0.269906
0.139597 0.244966
0.129325 0.307122
0.060229 0.000242
0.053066 0.022076
0.066357 0.045464
0.060491 0.078639
0.065014 0.099010
0.070159 0.120822
0.071176 0.144342
0.083842 0.154461
0.089307 0.189042
0.086998 0.209989
0.104470 0.205161
0.116177 0.266564
0.083955 0.322184
0.125864 0.248298
0.069209 0.000571
0.078101 0.000854
0.064803 0.028888
0.074120 0.059419
0.076934 0.075124
0.080211 0.091694
0.081878 0.111000
0.084268 0.133498
0.097260 0.165788
0.103296 0.181312
0.116676 0.189267
0.107975 0.248129
0.150029 0.259219
0.138203 0.275185
0.148277 0.331823
0.086962 0.000052
0.078406 0.023963
0.083056 0.041915
0.090383 0.062472
0.093143 0.083353
0.096292 0.104491
0.099110 0.123345
0.099929 0.139934
0.108181 0.154172
0.131818 0.176208
0.110186 0.226496
0.141023 0.192334
0.128432 0.224424
0.153516 0.341753
0.095764 0.000055
0.113185 0.000452
0.092619 0.025095
0.098770 0.045747
0.105319 0.063058
0.108103 0.082417
0.109715 0.101912
0.116653 0.122758
0.119848 0.140422
0.122061 0.164465
0.148412 0.164766
0.122484 0.207196
0.167847 0.220900
0.147266 0.288830
0.138032 0.345079
0.104543 0.000148
0.105266 0.028515
0.116654 0.044091
0.120944 0.062066
0.123018 0.079525
0.132767 0.091471
0.124452 0.107293
0.135955 0.120273
0.137297 0.134852
0.137247 0.154092
0.155646 0.183461
0.141040 0.209090
0.160209 0.244563
0.122162 0.285476
0.121832 0.000695
0.147723 0.000563
0.118439 0.024679
0.132370 0.043053
0.136681 0.061840
0.143951 0.078163
0.144584 0.100694
0.153634 0.120635
0.153385 0.140660
0.168695 0.143098
0.164608 0.162767
0.164004 0.202101
0.182492 0.212711
0.173934 0.263465
0.177552 0.297429
0.130423 0.000124
0.133729 0.026004
0.149340 0.042918
0.153591 0.060387
0.159535 0.080417
0.160192 0.098937
0.168276 0.115735
0.177214 0.129921
0.181155 0.154633
0.173736 0.179474
0.182258 0.195297
0.150894 0.221439
0.192476 0.230245
0.193550 0.249950
0.139061 0.000803
0.181951 0.000066
0.148674 0.025719
0.166018 0.043669
0.175613 0.083482
0.178773 0.100418
0.190188 0.113149
0.196481 0.146797
0.190917 0.166867
0.211139 0.154639
0.196429 0.184852
0.201379 0.205481
0.204181 0.267849
0.184645 0.273390
0.162397 0.279802
0.156288 0.000591
0.163564 0.026271
0.169284 0.064008
0.190222 0.077977
0.197800 0.094443
0.207629 0.111454
0.196789 0.128928
0.223714 0.142461
0.212011 0.171563
0.215853 0.189347
0.226210 0.202952
0.176408 0.242903
0.174466 0.329725
0.165907 0.317977
0.164873 0.000609
0.178511 0.025824
0.181779 0.043561
0.185563 0.061881
0.208334 0.078388
0.216702 0.094268
0.213860 0.128990
0.243667 0.139378
0.229767 0.159099
0.231188 0.176721
0.240536 0.191238
0.212783 0.216517
0.207749 0.236450
0.194790 0.290646
0.185597 0.319423
0.173392 0.000194
0.197779 0.044723
0.204059 0.061349
0.225958 0.076322
0.234448 0.092689
0.226113 0.110348
0.248827 0.155435
0.265896 0.149186
0.250571 0.171365
0.250754 0.203334
0.231647 0.220655
0.223663 0.241144
0.218818 0.261190
0.222665 0.319120
0.190465 0.000771
0.192838 0.026599
0.214281 0.041308
0.220345 0.059176
0.253388 0.089153
0.245986 0.106740
0.233223 0.124946
0.284064 0.141168
0.271718 0.164580
0.286123 0.205681
0.276272 0.190303
0.231687 0.271324
0.239720 0.246351
0.234419 0.298647
0.234080 0.330066
0.198947 0.000299
0.207382 0.025863
0.230790 0.040221
0.243788 0.075214
0.265956 0.100332
0.251802 0.121620
0.264170 0.133527
0.293983 0.153846
0.261944 0.181019
0.265256 0.206096
0.246621 0.223970
0.253615 0.256961
0.208155 0.294142
0.202570 0.318224
0.207354 0.000403
0.257595 0.000633
0.222973 0.024819
0.237058 0.058885
0.274927 0.084400
0.284066 0.098844
0.269927 0.116514
0.284205 0.124229
0.314700 0.154647
0.288507 0.167551
0.285351 0.229923
0.272212 0.221005
0.257408 0.235976
0.249698 0.292003
0.222555 0.286251
0.215741 0.000161
0.239738 0.025011
0.247424 0.041447
0.262761 0.072847
0.294246 0.082433
0.295222 0.109050
0.303424 0.125113
0.305294 0.139313
0.310349 0.169837
0.307460 0.187508
0.297899 0.223050
0.267282 0.248736
0.272281 0.274112
0.210660 0.327542
0.224164 0.000137
0.290722 0.000128
0.255441 0.025480
0.254014 0.058179
0.282542 0.067755
0.308125 0.094868
0.314890 0.109860
0.324794 0.123318
0.326045 0.137865
0.364822 0.154285
0.326626 0.175761
0.290629 0.183342
0.286495 0.248659
0.313468 0.223181
0.252482 0.275933
0.232574 0.000729
0.271766 0.024185
0.264574 0.040391
0.272638 0.055493
0.312214 0.078806
0.327655 0.094239
0.335547 0.107412
0.344413 0.137063
0.331815 0.154128
0.350522 0.183305
0.305108 0.203619
0.348298 0.211934
0.242635 0.325206
0.265398 0.293076
0.240901 0.000990
0.315413 0.000544
0.281784 0.037053
0.291194 0.048932
0.299567 0.064150
0.331594 0.079266
0.354726 0.102092
0.346321 0.118869
0.348571 0.155681
0.383683 0.152660
0.341450 0.171989
0.322840 0.194137
0.326905 0.218953
0.255602 0.314878
0.284506 0.265699
0.249221 0.000525
0.290329 0.023538
0.308568 0.045670
0.316004 0.062383
0.334876 0.064084
0.347648 0.087536
0.372582 0.109003
0.363144 0.138952
0.390665 0.139558
0.385367 0.167881
0.331864 0.203641
0.365506 0.216954
0.280353 0.330423
0.304870 0.242782
0.265724 0.000746
0.340060 0.000991
0.302685 0.031049
0.328870 0.049289
0.349669 0.053873
0.351725 0.070897
0.370976 0.092967
0.362159 0.122472
0.379044 0.127952
0.403636 0.150896
0.400836 0.172399
0.353801 0.193962
0.399291 0.202089
0.305931 0.263991
0.381015 0.211995
0.274132 0.000107
0.315430 0.023466
0.324748 0.035882
0.366716 0.059980
0.367266 0.078142
0.387564 0.083487
0.416871 0.115734
0.391900 0.113435
0.400970 0.125526
0.414590 0.135836
0.364254 0.169975
0.287448 0.290097
0.436779 0.256235
0.286070 0.310359
0.282424 0.000157
0.364622 0.000934
0.364356 0.041794
0.346089 0.038305
0.383678 0.053913
0.407828 0.086716
0.391662 0.098986
0.437428 0.100757
0.434492 0.114723
0.428103 0.150485
0.414160 0.161850
0.411296 0.185237
0.389908 0.188568
0.375177 0.182630
0.309589 0.281885
0.299025 0.000687
0.334462 0.024526
0.380596 0.038216
0.400789 0.043024
0.384190 0.069076
0.406083 0.071804
0.411476 0.101906
0.430153 0.132377
0.446320 0.143347
0.426819 0.169412
0.427877 0.190485
0.455901 0.223815
0.272290 0.326260
0.335349 0.235280
0.307185 0.000156
0.351121 0.024741
0.397664 0.027696
0.402278 0.057838
0.423449 0.062363
0.476698 0.090809
0.456582 0.113776
0.426699 0.089234
0.458619 0.098312
0.440244 0.179566
0.475362 0.178362
0.458839 0.186919
0.443524 0.195043
0.416766 0.216663
0.372919 0.198547
0.323691 0.000205
0.366527 0.025249
0.411759 0.023980
0.420087 0.035225
0.447748 0.059985
0.428736 0.074461
0.477435 0.105852
0.490949 0.132474
0.461241 0.150177
0.444343 0.160611
0.458550 0.170009
0.443738 0.212220
0.303938 0.303185
0.350536 0.229039
0.331874 0.000421
0.405181 0.000263
0.383301 0.024267
0.431187 0.023327
0.422680 0.048639
0.449296 0.073324
0.448944 0.086655
0.473102 0.121362
0.447931 0.127912
0.475417 0.159805
0.489675 0.167734
0.395992 0.222139
0.431177 0.224527
0.318938 0.253312
0.320708 0.287353
0.348295 0.000020
0.453730 0.023738
0.442627 0.047552
0.472266 0.077485
0.493355 0.083013
0.503810 0.123284
0.484145 0.147081
0.468939 0.134516
0.472270 0.210788
0.416986 0.203414
0.464806 0.198709
0.477730 0.223602
0.378500 0.260289
0.299629 0.319700
0.356453 0.000312
0.413316 0.000066
0.478253 0.000757
0.472431 0.023649
0.440949 0.033352
0.510551 0.075798
0.492964 0.111065
0.501487 0.097181
0.498152 0.182444
0.502487 0.145822
0.411940 0.245115
0.496266 0.222598
0.382460 0.235891
0.412387 0.231632
0.506463 0.259568
0.372779 0.000431
0.462067 0.000711
0.460556 0.036534
0.466619 0.050433
0.537042 0.126617
0.544642 0.142282
0.517857 0.136805
0.514792 0.172308
0.495749 0.206227
0.392419 0.247460
0.358752 0.234996
0.356621 0.268259
0.332987 0.259405
0.441916 0.231795
0.380863 0.000849
0.453933 0.000338
0.486297 0.000398
0.508100 0.023876
0.536401 0.055429
0.566217 0.177970
0.539096 0.172937
0.528898 0.161459
0.650783 0.489126
0.381580 0.276849
0.423964 0.298607
0.974368 0.232350
0.594149 0.318400
0.363809 0.277875
0.399931 0.265803
0.421468 0.000796
0.470161 0.000005
0.623137 0.034781
0.484763 0.055180
0.480086 0.036640
0.538663 0.188478
0.518799 0.184851
0.505920 0.160283
0.521053 0.232588
0.486049 0.193891
0.441032 0.273635
0.404625 0.297561
0.418345 0.261565
0.361841 0.251150
0.397128 0.000130
0.437809 0.000504
0.510526 0.000335
0.491286 0.024799
0.651003 0.474644
0.519914 0.089659
0.666978 0.300631
0.510326 0.199199
0.442733 0.247006
0.499690 0.234908
0.950320 0.317873
0.690911 0.289045
0.681064 0.313329
0.422618 0.307446
0.330986 0.281434
0.534631 0.000544
0.502408 0.000072
0.429647 0.000565
0.116753 0.340512
0.508033 0.055525
0.521946 0.120136
0.461445 0.237976
0.661924 0.476762
0.568110 0.286912
0.470435 0.304090
0.906806 0.294019
0.610353 0.316727
0.460389 0.300559
0.470387 0.284628
0.599029 0.000308
0.550690 0.000591
0.389061 0.000159
0.494310 0.000557
0.549939 0.023283
0.495022 0.066906
0.517388 0.105431
0.553739 0.168007
0.542164 0.239935
0.504792 0.277732
0.483530 0.247215
0.452695 0.273048
0.527427 0.295012
0.449328 0.294630
0.552642 0.316691
0.590971 0.000136
0.518604 0.000715
0.445850 0.000749
0.512988 0.037545
0.469889 0.064780
0.923880 0.333936
0.386890 0.288082
0.463983 0.268582
0.495562 0.293938
0.641238 0.483813
0.416696 0.283333
0.488326 0.305961
0.587146 0.307677
0.560991 0.257035
0.615071 0.000342
0.566781 0.000267
0.526201 0.024605
0.526682 0.000843
0.523292 0.065870
0.525952 0.043801
0.534758 0.083281
0.528351 0.147586
0.554931 0.154156
0.510060 0.220212
0.542783 0.223693
0.485946 0.272232
0.551781 0.275336
0.508890 0.302656
0.602808 0.264935
0.631222 0.000195
0.542606 0.001038
0.560861 0.034109
0.539193 0.032524
0.496596 0.040877
0.537609 0.101044
0.558928 0.134340
0.573940 0.148020
0.577226 0.162303
0.530286 0.200409
0.465898 0.253209
0.558337 0.240797
0.526538 0.308264
0.546356 0.290367
0.639372 0.000502
0.558742 0.000112
0.590545 0.023864
0.581663 0.037596
0.571947 0.049646
0.546736 0.113399
0.564185 0.120000
0.581908 0.136623
0.583828 0.175500
0.528319 0.216523
0.573733 0.243188
0.588782 0.251496
0.511928 0.274199
0.557602 0.218290
0.529261 0.270300
0.655599 0.000570
0.611280 0.024382
0.599936 0.034947
0.571739 0.024047
0.551284 0.046608
0.544120 0.069261
0.553148 0.091266
0.565041 0.103902
0.595909 0.157775
0.572613 0.198236
0.577160 0.226548
0.551442 0.205421
0.533859 0.255588
0.495542 0.246818
0.663651 0.000911
0.574826 0.000336
0.632304 0.024073
0.561151 0.061989
0.597996 0.051266
0.585427 0.061169
0.560544 0.078200
0.577560 0.091028
0.583250 0.121869
0.610662 0.168960
0.585275 0.191687
0.574726 0.213825
0.652973 0.277545
0.619159 0.307330
0.673228 0.310396
0.679895 0.000914
0.582872 0.000775
0.607063 0.000259
0.615196 0.047860
0.578239 0.074584
0.600337 0.097404
0.584880 0.106139
0.600565 0.143860
0.618995 0.156108
0.599485 0.180342
0.554848 0.189292
0.597954 0.235856
0.606650 0.307699
0.547748 0.320924
0.687887 0.000615
0.623127 0.000039
0.650714 0.024331
0.635948 0.053840
0.603545 0.068428
0.596467 0.082478
0.603915 0.113868
0.605267 0.129347
0.624466 0.143175
0.642033 0.156059
0.597145 0.199987
0.614177 0.193566
0.614315 0.212798
0.630177 0.224375
0.698358 0.328702
0.704151 0.000194
0.661261 0.035271
0.655321 0.066397
0.641691 0.038653
0.621361 0.062800
0.619621 0.078850
0.618667 0.093380
0.623311 0.127005
0.645063 0.186848
0.633673 0.170524
0.630478 0.207401
0.616547 0.249111
0.522409 0.246205
0.632242 0.286095
0.712286 0.000395
0.647454 0.000646
0.671445 0.025119
0.656486 0.050922
0.639246 0.071300
0.639194 0.087214
0.622383 0.109466
0.641115 0.121747
0.643099 0.139121
0.660172 0.200593
0.622071 0.182175
0.645653 0.226310
0.595360 0.213939
0.610940 0.228719
0.638496 0.244547
0.720497 0.001021
0.685593 0.027545
0.676627 0.045553
0.672982 0.062558
0.660471 0.081468
0.639456 0.103627
0.659030 0.114138
0.662736 0.148166
0.652839 0.174818
0.636369 0.196221
0.702285 0.283213
0.653483 0.250143
0.629973 0.263477
0.585593 0.270422
0.736907 0.000089
0.671774 0.000366
0.700580 0.025765
0.693463 0.042579
0.692302 0.060711
0.682284 0.075785
0.656742 0.097033
0.659416 0.130738
0.662394 0.163291
0.669672 0.187955
0.698128 0.221721
0.705157 0.209713
0.669814 0.252627
0.652186 0.290219
0.721761 0.336569
0.745144 0.000387
0.716438 0.025552
0.711171 0.040813
0.709490 0.057988
0.702035 0.075874
0.676870 0.091429
0.675916 0.108122
0.683317 0.159974
0.678244 0.176051
0.681346 0.203412
0.655610 0.213573
0.607461 0.275417
0.720279 0.258958
0.701598 0.308845
0.753380 0.000455
0.695970 0.000038
0.732700 0.024948
0.727791 0.041356
0.723473 0.065208
0.695949 0.091745
0.693047 0.108941
0.678468 0.125967
0.680141 0.142664
0.697652 0.178218
0.674867 0.215816
0.703065 0.237197
0.661969 0.233397
0.744408 0.328285
0.707861 0.337632
0.761649 0.000402
0.750514 0.024316
0.744245 0.038820
0.736571 0.056825
0.718162 0.082323
0.713152 0.098812
0.697151 0.127277
0.703243 0.163018
0.692537 0.193335
0.736282 0.224159
0.684110 0.273294
0.687885 0.246397
0.768707 0.324763
0.748637 0.296170
0.769869 0.000416
0.728690 0.000557
0.769049 0.024812
0.754448 0.055014
0.734654 0.081771
0.729982 0.102816
0.711584 0.115947
0.698733 0.144840
0.716686 0.186005
0.681344 0.231294
0.733786 0.204008
0.723841 0.243236
0.739817 0.256519
0.732898 0.322226
0.733223 0.296174
0.786646 0.000812
0.786519 0.023040
0.762034 0.038381
0.747643 0.072431
0.746232 0.095659
0.730513 0.122468
0.717182 0.133292
0.716912 0.149994
0.715835 0.200471
0.761388 0.243207
0.760274 0.263014
0.703387 0.257203
0.736820 0.276804
0.719778 0.278525
0.795140 0.000708
0.805028 0.024353
0.780730 0.038501
0.773253 0.053685
0.761521 0.087828
0.746105 0.115029
0.761889 0.125293
0.746014 0.135265
0.720835 0.169658
0.738059 0.165388
0.720734 0.225757
0.743749 0.239886
0.773787 0.290230
0.812325 0.295796
0.767492 0.304911
0.803569 0.000371
0.812640 0.043250
0.792927 0.054769
0.765123 0.070252
0.779363 0.088088
0.763170 0.105931
0.778635 0.124799
0.734831 0.146729
0.769168 0.191984
0.779161 0.239157
0.776366 0.261704
0.753718 0.279296
0.757954 0.329747
0.716922 0.305815
0.820340 0.000073
0.778234 0.000383
0.819691 0.026041
0.797410 0.037856
0.803401 0.067060
0.782447 0.069117
0.780222 0.105367
0.762373 0.145779
0.754613 0.179146
0.737207 0.184681
0.754148 0.199546
0.793159 0.229892
0.811656 0.258070
0.794814 0.320068
0.784386 0.320822
0.828813 0.000221
0.833827 0.025712
0.828993 0.043833
0.817637 0.059817
0.808512 0.096423
0.795150 0.083170
0.778568 0.144073
0.784610 0.163688
0.754691 0.159747
0.787749 0.191857
0.765401 0.224570
0.794373 0.210868
0.795010 0.299334
0.784403 0.279810
0.837285 0.000362
0.811981 0.000637
0.848708 0.024796
0.837766 0.059771
0.815482 0.081075
0.823372 0.108944
0.796266 0.106381
0.795596 0.126449
0.794938 0.146428
0.751007 0.215708
0.778120 0.210620
0.793932 0.253089
0.823921 0.246018
0.819428 0.330960
0.811301 0.325979
0.854339 0.000432
0.863903 0.024958
0.845315 0.041695
0.831045 0.073757
0.829419 0.092457
0.845635 0.095963
0.811004 0.120411
0.811129 0.140284
0.770725 0.170442
0.796873 0.177876
0.809777 0.203818
0.821603 0.220924
0.800580 0.273218
0.830220 0.270904
0.862920 0.000633
0.845767 0.000110
0.878133 0.025036
0.860064 0.041710
0.854635 0.060709
0.848599 0.077728
0.840227 0.115043
0.828125 0.129323
0.824955 0.148885
0.805938 0.162572
0.812742 0.185782
0.829550 0.206012
0.838186 0.238127
0.809228 0.233574
0.820750 0.284055
0.880191 0.000234
0.891179 0.026035
0.874685 0.044585
0.869663 0.063881
0.864186 0.081833
0.858998 0.101292
0.854539 0.121802
0.843473 0.136590
0.837997 0.158774
0.822483 0.169647
0.831285 0.186678
0.843492 0.221712
0.855451 0.246085
0.862250 0.344471
0.888792 0.000870
0.871545 0.000767
0.905001 0.023780
0.888714 0.046387
0.883965 0.065440
0.878912 0.084965
0.873900 0.105576
0.870679 0.123851
0.866254 0.141229
0.854019 0.151615
0.844273 0.178254
0.859385 0.194738
0.885072 0.257057
0.859635 0.305703
0.836062 0.332393
0.897469 0.000167
0.920399 0.023332
0.902539 0.040594
0.899045 0.061829
0.895374 0.081936
0.890326 0.099546
0.888105 0.117815
0.884785 0.138170
0.876689 0.155136
0.874268 0.172286
0.857552 0.170208
0.848737 0.203482
0.870591 0.244870
0.845809 0.259725
0.906152 0.000919
0.915009 0.000240
0.930499 0.030934
0.917846 0.042737
0.912567 0.062158
0.909873 0.086327
0.905526 0.104064
0.901145 0.128523
0.898974 0.147258
0.891229 0.169090
0.892202 0.186891
0.874771 0.190201
0.860612 0.222615
0.882244 0.313172
0.825471 0.308382
0.923789 0.000404
0.942976 0.020713
0.928644 0.055619
0.921148 0.077529
0.923718 0.103965
0.913655 0.120874
0.916192 0.142182
0.907180 0.163939
0.908707 0.186313
0.895523 0.202873
0.887676 0.217681
0.895782 0.242938
0.881115 0.232180
0.864713 0.263757
0.932577 0.000157
0.952673 0.032731
0.940961 0.043813
0.935299 0.069067
0.931503 0.089691
0.929390 0.123842
0.927943 0.151939
0.921567 0.169130
0.920277 0.195275
0.912377 0.212394
0.918495 0.236940
0.902198 0.228568
0.871823 0.209429
0.881598 0.271500
0.842140 0.299343
0.941522 0.000626
0.956213 0.051894
0.948729 0.066905
0.945288 0.097268
0.941030 0.113358
0.938451 0.136880
0.932630 0.180491
0.934865 0.207561
0.926103 0.222656
0.931637 0.243819
0.923927 0.259715
0.906862 0.255419
0.911291 0.272740
0.843918 0.324757
0.950543 0.000325
0.963782 0.020339
0.966973 0.037587
0.953919 0.083919
0.957917 0.115399
0.952490 0.133432
0.941971 0.158703
0.943333 0.191719
0.948881 0.214625
0.945238 0.228983
0.947075 0.248992
0.930945 0.279922
0.944465 0.296400
0.875568 0.289361
0.925702 0.293509
0.959562 0.000103
0.980176 0.023185
0.965475 0.069099
0.965096 0.101130
0.967663 0.168692
0.964050 0.207556
0.961437 0.192380
0.968185 0.254417
0.976466 0.292113
0.952961 0.279506
0.941455 0.265102
0.941980 0.309971
0.894438 0.276590
0.889560 0.364262
0.968615 0.000449
0.987788 0.000693
0.982244 0.040935
0.977167 0.115927
0.966918 0.134644
0.956757 0.154295
0.962020 0.231319
0.984996 0.239867
0.977928 0.274844
0.979603 0.307257
0.987357 0.357682
0.996237 0.396698
0.886883 0.367020
0.892522 0.296478
0.857666 0.333592
0.977720 0.000150
0.973988 0.055312
0.972897 0.084151
0.983928 0.132781
0.976267 0.149373
0.951881 0.175266
0.995486 0.293478
0.996817 0.323680
0.999379 0.267339
0.976756 0.341542
0.999510 0.333599
0.964403 0.317419
0.883985 0.328457
0.845523 0.282176
0.999336 0.001076
0.999048 0.037282
0.984364 0.070160
0.982429 0.099494
0.999598 0.105183
0.991979 0.196091
0.999361 0.143163
0.999611 0.155302
0.999729 0.346237
0.999518 0.279999
0.999686 0.367980
0.998884 0.380156
0.974883 0.379453
0.999432 0.234486
0.870788 0.311296
0.999837 0.000133
0.998966 0.048224
0.999936 0.070385
0.999519 0.093058
0.999745 0.116768
0.977096 0.187673
0.992682 0.260435
0.999882 0.315663
0.999050 0.251354
0.998884 0.202621
0.999420 0.298767
0.969050 0.330580
0.860300 0.283984
0.978348 0.366033
0.999872 0.016133
0.999330 0.026751
0.999974 0.058923
0.999967 0.081806
0.985717 0.168056
0.999367 0.130070
0.992508 0.218555
0.973588 0.216905
0.999631 0.222428
0.999474 0.169145
0.999953 0.184285
0.929659 0.336391
0.981096 0.399641
0.878208 0.352989
0.890794 0.345720
