0.000598 0.025477
0.000647 0.056839
0.000446 0.090587
0.000761 0.127825
0.000350 0.140000
0.000671 0.301964
0.000774 0.181149
0.000031 0.195490
0.000666 0.332372
0.005531 0.374105
0.070001 0.361376
0.022349 0.369584
0.041571 0.387713
0.089356 0.332401
0.000243 0.014852
0.000271 0.035865
0.000064 0.067912
0.016179 0.090867
0.028908 0.201268
0.000657 0.210369
0.000163 0.168014
0.000365 0.276276
0.000300 0.241987
0.000901 0.253689
0.000769 0.349836
0.007811 0.342415
0.050926 0.352765
0.059991 0.375679
0.105021 0.317868
0.001365 0.000973
0.000515 0.046182
0.000348 0.078770
0.000700 0.102348
0.000061 0.114523
0.012014 0.195401
0.000722 0.154009
0.000537 0.297324
0.000277 0.228425
0.020763 0.317595
0.016505 0.331673
0.034262 0.361837
0.024712 0.383217
0.093936 0.363699
0.000646 0.000269
0.019234 0.026961
0.018569 0.061652
0.014065 0.120509
0.014715 0.160806
0.025930 0.221081
0.036121 0.182680
0.009588 0.264086
0.011293 0.283769
0.028452 0.267592
0.028519 0.296619
0.034574 0.337440
0.000751 0.381089
0.049561 0.389069
0.108635 0.329415
0.013367 0.000454
0.033673 0.054084
0.020888 0.042510
0.025993 0.105688
0.018103 0.143732
0.009461 0.223609
0.040068 0.216595
0.022388 0.246147
0.041286 0.279620
0.065067 0.267008
0.038377 0.304141
0.094713 0.300757
0.043838 0.322220
0.113159 0.367088
0.032566 0.000418
0.023299 0.000008
0.039708 0.068688
0.024743 0.076225
0.021732 0.178777
0.028918 0.128841
0.033063 0.161099
0.050835 0.179012
0.038001 0.241918
0.046953 0.258848
0.062190 0.247089
0.056052 0.283687
0.078819 0.307468
0.058086 0.341036
0.142291 0.313605
0.041773 0.000324
0.033387 0.020105
0.035433 0.087906
0.036088 0.114735
0.037026 0.144228
0.049888 0.155598
0.047720 0.200633
0.063660 0.197429
0.051145 0.230068
0.072551 0.236806
0.064265 0.300335
0.063642 0.320241
0.077690 0.283736
0.081859 0.367716
0.051013 0.000534
0.037094 0.035215
0.048486 0.045191
0.054259 0.061759
0.047949 0.094699
0.050854 0.117230
0.052005 0.136050
0.063671 0.170495
0.074896 0.183866
0.063487 0.217250
0.082585 0.260208
0.088595 0.237773
0.094179 0.280164
0.131848 0.252623
0.122391 0.318243
0.060114 0.000722
0.049544 0.020510
0.064579 0.044937
0.055529 0.078950
0.060136 0.101648
0.065804 0.122899
0.065839 0.149623
0.077914 0.159757
0.083262 0.199662
0.082467 0.217252
0.097621 0.212463
0.109869 0.274213
0.077141 0.333703
0.116721 0.256901
0.068935 0.000461
0.077880 0.000512
0.062079 0.029195
0.070323 0.061051
0.072840 0.077504
0.074417 0.094669
0.076887 0.113216
0.077279 0.137622
0.090044 0.172261
0.098470 0.185510
0.111168 0.194978
0.098710 0.255703
0.138184 0.270421
0.126467 0.281937
0.134230 0.342503
0.086740 0.000414
0.074463 0.021995
0.079556 0.040827
0.085678 0.062193
0.087831 0.082836
0.089588 0.106699
0.092183 0.126026
0.093631 0.143806
0.100918 0.158870
0.125498 0.181970
0.104770 0.235674
0.133070 0.197757
0.119608 0.232923
0.141285 0.352614
0.095558 0.000213
0.113017 0.000461
0.088815 0.024145
0.094225 0.044558
0.100298 0.063092
0.101953 0.084718
0.102449 0.103043
0.108474 0.126563
0.111603 0.144174
0.112959 0.170874
0.138877 0.170310
0.114440 0.213837
0.155984 0.228083
0.132893 0.300190
0.127267 0.361245
0.104290 0.001001
0.101835 0.028466
0.110726 0.044229
0.114420 0.062510
0.115936 0.080278
0.124487 0.095093
0.115817 0.108642
0.127698 0.122863
0.127675 0.139628
0.128576 0.155735
0.146740 0.187051
0.132463 0.214839
0.148855 0.250805
0.112964 0.293872
0.121701 0.000250
0.147522 0.000092
0.113953 0.023376
0.125906 0.043160
0.129791 0.062492
0.134062 0.079677
0.136433 0.105453
0.145262 0.123743
0.143613 0.145287
0.159263 0.145738
0.155178 0.166447
0.151665 0.209617
0.169592 0.218210
0.158563 0.268431
0.162997 0.304376
0.130350 0.000684
0.127653 0.025882
0.140654 0.043406
0.145505 0.061686
0.149205 0.082620
0.151073 0.100151
0.158728 0.118087
0.167175 0.133725
0.170102 0.159575
0.162405 0.185676
0.170993 0.199974
0.139575 0.228363
0.178304 0.234324
0.179147 0.257896
0.138944 0.000406
0.181574 0.000333
0.141995 0.025149
0.156481 0.044683
0.165647 0.084575
0.168542 0.102415
0.178765 0.116460
0.185400 0.149102
0.179560 0.171724
0.198831 0.157152
0.183692 0.189076
0.188809 0.210241
0.187408 0.274886
0.170637 0.281331
0.149380 0.286955
0.156065 0.000053
0.156178 0.026242
0.159552 0.065243
0.180795 0.080036
0.186100 0.097359
0.197151 0.113797
0.185161 0.131371
0.211974 0.145101
0.198223 0.175255
0.201876 0.192642
0.212199 0.206624
0.164075 0.247606
0.158234 0.340449
0.148475 0.325138
0.164614 0.000169
0.169982 0.026074
0.172064 0.044720
0.174719 0.062539
0.196963 0.079893
0.204997 0.096018
0.201860 0.131781
0.231371 0.141213
0.217420 0.161583
0.217091 0.179136
0.225694 0.192987
0.198689 0.221463
0.192042 0.241742
0.177368 0.297524
0.169846 0.328845
0.173183 0.000969
0.188250 0.045965
0.192914 0.062676
0.214584 0.078032
0.222907 0.094411
0.214562 0.112472
0.236752 0.156263
0.253093 0.150029
0.235348 0.173990
0.232808 0.206433
0.213796 0.226364
0.208790 0.246226
0.201799 0.264073
0.203808 0.326175
0.190125 0.000609
0.183780 0.027232
0.204267 0.041919
0.209105 0.060020
0.242090 0.090643
0.234593 0.106940
0.221728 0.127435
0.270521 0.141455
0.256636 0.165940
0.269393 0.204837
0.260914 0.189577
0.213435 0.277275
0.221930 0.251264
0.217590 0.305279
0.217178 0.337336
0.198466 0.000508
0.198141 0.026185
0.220810 0.041747
0.232449 0.076155
0.254597 0.101539
0.239134 0.123054
0.252774 0.134247
0.281718 0.151811
0.247435 0.182439
0.248754 0.204794
0.230038 0.226084
0.234058 0.262330
0.191363 0.300721
0.182753 0.327035
0.206924 0.000189
0.257206 0.000366
0.214242 0.025048
0.225595 0.059917
0.264215 0.084912
0.272684 0.099577
0.258526 0.116878
0.272486 0.124679
0.302654 0.150270
0.273789 0.165630
0.265278 0.230821
0.251854 0.221759
0.239774 0.237742
0.229827 0.299126
0.204550 0.292639
0.215439 0.000193
0.230395 0.025481
0.237588 0.042052
0.252061 0.073284
0.284276 0.083470
0.284022 0.108912
0.292348 0.123451
0.293643 0.137484
0.294428 0.165349
0.291900 0.182181
0.278007 0.221445
0.250517 0.252130
0.253656 0.280783
0.192041 0.336431
0.223781 0.000961
0.290534 0.000172
0.246513 0.025822
0.243373 0.058891
0.272914 0.069042
0.297139 0.094655
0.304386 0.108837
0.314787 0.119609
0.314870 0.134752
0.357513 0.147794
0.313565 0.171473
0.274542 0.183110
0.267886 0.251160
0.297064 0.221968
0.234141 0.280295
0.232185 0.000339
0.263184 0.024954
0.254812 0.040879
0.261856 0.057035
0.303192 0.078947
0.317844 0.093406
0.327524 0.105091
0.334248 0.133099
0.319831 0.150720
0.337547 0.174340
0.288267 0.199695
0.332790 0.200590
0.226040 0.334484
0.247288 0.301383
0.240530 0.000473
0.315219 0.000279
0.272754 0.038303
0.281787 0.050580
0.289716 0.065352
0.322675 0.078762
0.347475 0.099557
0.335412 0.117444
0.338867 0.147418
0.374690 0.142691
0.327085 0.163196
0.306722 0.187326
0.305187 0.211898
0.236910 0.320950
0.262446 0.270227
0.248931 0.000838
0.281655 0.024478
0.299749 0.045910
0.306757 0.062975
0.326573 0.063636
0.339447 0.086615
0.366888 0.105739
0.354982 0.131700
0.384090 0.131285
0.376490 0.158363
0.318478 0.197561
0.353885 0.210862
0.261988 0.338665
0.285370 0.241868
0.265511 0.000152
0.339901 0.000859
0.293625 0.031362
0.320529 0.049883
0.342830 0.054909
0.344556 0.071298
0.363881 0.090408
0.353076 0.116547
0.370811 0.122503
0.395499 0.143132
0.392497 0.161182
0.340415 0.188165
0.389692 0.188947
0.289012 0.263875
0.369730 0.201796
0.273861 0.000144
0.307414 0.023981
0.316052 0.035534
0.360940 0.059311
0.360465 0.076462
0.383030 0.081785
0.413464 0.112264
0.386346 0.109193
0.396617 0.119751
0.409394 0.129633
0.351926 0.162068
0.269825 0.295667
0.424228 0.243609
0.266338 0.315884
0.282191 0.000371
0.364411 0.001180
0.356900 0.041374
0.338182 0.039062
0.378233 0.052960
0.403073 0.084499
0.386166 0.095484
0.435600 0.097028
0.430967 0.110197
0.423502 0.139932
0.408687 0.152146
0.403632 0.173341
0.380353 0.176853
0.362229 0.172980
0.292099 0.287116
0.298704 0.000703
0.327591 0.025177
0.374928 0.038805
0.395618 0.042096
0.379519 0.068082
0.402687 0.069970
0.407677 0.098922
0.426434 0.125490
0.443965 0.136066
0.420254 0.158811
0.423692 0.178076
0.455634 0.206541
0.256726 0.336121
0.314779 0.235137
0.306929 0.000271
0.344427 0.025017
0.392789 0.026715
0.397871 0.057083
0.419187 0.061646
0.476710 0.088074
0.453694 0.110085
0.421234 0.087760
0.458112 0.094815
0.436700 0.165688
0.477532 0.166793
0.457481 0.171835
0.439539 0.183509
0.405562 0.203527
0.361696 0.189778
0.323456 0.000884
0.359978 0.026085
0.407788 0.024560
0.415848 0.035092
0.445435 0.059287
0.427659 0.073475
0.477109 0.101858
0.489336 0.124349
0.459991 0.140914
0.439255 0.150270
0.456357 0.156811
0.438281 0.196497
0.283934 0.307444
0.325776 0.223605
0.331679 0.000213
0.405127 0.000668
0.377324 0.024283
0.428104 0.024176
0.418948 0.048180
0.447610 0.072238
0.445132 0.085808
0.472322 0.115378
0.446932 0.121428
0.473133 0.151482
0.491946 0.155197
0.386152 0.209305
0.422223 0.210202
0.298190 0.251089
0.301376 0.288600
0.348086 0.000547
0.451841 0.023944
0.438481 0.047534
0.470480 0.076183
0.492055 0.080587
0.505034 0.115571
0.484384 0.138720
0.467185 0.128546
0.469952 0.194851
0.409876 0.186964
0.460200 0.184910
0.477700 0.207713
0.361905 0.242394
0.277473 0.321880
0.356265 0.000542
0.413300 0.000277
0.478231 0.000509
0.472109 0.024494
0.439327 0.032700
0.511211 0.073332
0.492246 0.105461
0.503049 0.092630
0.499774 0.168695
0.502947 0.133640
0.404047 0.234039
0.493961 0.205945
0.367634 0.223044
0.401266 0.218890
0.507834 0.240783
0.372528 0.000304
0.462028 0.000208
0.458613 0.036618
0.463919 0.050246
0.540152 0.119396
0.547639 0.134345
0.519782 0.128488
0.517785 0.158290
0.492880 0.187394
0.375248 0.231190
0.341433 0.222667
0.333150 0.262703
0.315889 0.256760
0.433775 0.215548
0.380716 0.000194
0.453895 0.000821
0.486302 0.000021
0.508597 0.024894
0.539969 0.054956
0.574398 0.165319
0.543926 0.159646
0.531632 0.150207
0.654715 0.444214
0.364996 0.263141
0.412124 0.284291
0.985535 0.212502
0.594851 0.305285
0.343478 0.265351
0.384250 0.252148
0.421428 0.000993
0.470118 0.000085
0.628123 0.035067
0.484184 0.054645
0.478863 0.037692
0.544432 0.177161
0.522032 0.171156
0.507198 0.147535
0.526638 0.218297
0.484462 0.180459
0.429486 0.259154
0.390384 0.287064
0.407971 0.244448
0.340202 0.240151
0.397019 0.000458
0.437693 0.000220
0.510545 0.000586
0.491192 0.025624
0.654417 0.429204
0.521267 0.085857
0.688465 0.295172
0.513319 0.184232
0.437223 0.232627
0.503048 0.218557
0.955586 0.316160
0.708868 0.289179
0.696139 0.314648
0.410736 0.286435
0.308936 0.266075
0.534643 0.000405
0.502441 0.000433
0.429614 0.000991
0.107724 0.355293
0.508501 0.055797
0.523914 0.113516
0.458990 0.222019
0.663195 0.432748
0.574763 0.280010
0.470734 0.285744
0.909846 0.297849
0.616245 0.314777
0.454037 0.283660
0.471696 0.267929
0.599199 0.000487
0.550697 0.000204
0.388904 0.000281
0.494336 0.000119
0.552556 0.024106
0.494357 0.065470
0.518728 0.100868
0.558154 0.157215
0.545970 0.228382
0.505124 0.266143
0.482426 0.230202
0.444824 0.255375
0.537015 0.287026
0.444432 0.282198
0.550777 0.314197
0.591057 0.000855
0.518605 0.000533
0.445769 0.000692
0.513868 0.038576
0.467530 0.064005
0.934575 0.337713
0.376329 0.269142
0.465079 0.251906
0.499595 0.282444
0.648252 0.439226
0.398529 0.264503
0.490944 0.289357
0.596503 0.297406
0.574624 0.245225
0.615252 0.000531
0.566832 0.000583
0.527885 0.025314
0.526603 0.000811
0.525339 0.064015
0.528293 0.043965
0.537098 0.080420
0.530171 0.137150
0.560525 0.142058
0.513879 0.201001
0.547616 0.209059
0.482947 0.251406
0.561450 0.268411
0.513477 0.292945
0.616254 0.267703
0.631391 0.000959
0.542605 0.001008
0.564828 0.033679
0.541084 0.032039
0.496648 0.040619
0.538516 0.098352
0.563713 0.126728
0.578547 0.138809
0.582264 0.151542
0.532151 0.186046
0.462690 0.232217
0.566916 0.227670
0.536666 0.301363
0.562854 0.282837
0.639517 0.000252
0.558800 0.000267
0.594611 0.024632
0.586170 0.037978
0.576070 0.049650
0.551639 0.108463
0.569264 0.114551
0.590930 0.130529
0.592762 0.163710
0.531693 0.199260
0.586174 0.237999
0.602356 0.248030
0.518658 0.263600
0.566788 0.209633
0.537369 0.267584
0.655725 0.000732
0.616510 0.024715
0.605176 0.035044
0.575861 0.024785
0.554530 0.045725
0.547630 0.068133
0.554162 0.089050
0.568821 0.099144
0.602843 0.150040
0.576815 0.185124
0.588747 0.217798
0.555199 0.192280
0.544517 0.242549
0.494618 0.235205
0.663862 0.000845
0.574906 0.000347
0.638467 0.024904
0.565268 0.061091
0.603398 0.051877
0.590111 0.060864
0.564734 0.077112
0.581842 0.089423
0.588815 0.117433
0.619650 0.159328
0.593623 0.182537
0.585204 0.201124
0.668891 0.279969
0.628889 0.302735
0.694184 0.301793
0.680029 0.000319
0.582986 0.000300
0.607201 0.000526
0.620072 0.048309
0.582548 0.073578
0.607186 0.094906
0.590353 0.103719
0.609019 0.137948
0.628512 0.148788
0.609231 0.170001
0.561956 0.176422
0.610745 0.233695
0.619664 0.303685
0.555854 0.319095
0.688156 0.000858
0.623320 0.000712
0.655761 0.025440
0.641391 0.054529
0.609029 0.068283
0.600609 0.081125
0.609619 0.110613
0.612134 0.124809
0.633502 0.137513
0.652837 0.150058
0.609809 0.189546
0.626543 0.185556
0.625269 0.205665
0.643446 0.221927
0.718409 0.333166
0.704369 0.000589
0.666666 0.035778
0.662317 0.067286
0.647008 0.039803
0.628316 0.063419
0.625643 0.078804
0.625087 0.092966
0.631077 0.123300
0.658327 0.178594
0.644235 0.161855
0.644630 0.202946
0.631669 0.248427
0.525530 0.235504
0.649626 0.287608
0.712520 0.000304
0.647668 0.000629
0.676524 0.025837
0.662726 0.051835
0.646188 0.071742
0.646301 0.087278
0.629496 0.108435
0.649480 0.119309
0.652597 0.135948
0.672995 0.192477
0.633314 0.172175
0.659951 0.224466
0.604469 0.207710
0.622534 0.223002
0.653235 0.243637
0.720701 0.000878
0.691423 0.026791
0.682976 0.045569
0.679971 0.062379
0.668941 0.081836
0.645911 0.102286
0.666842 0.112820
0.672507 0.143983
0.665444 0.167171
0.649657 0.189289
0.718301 0.283190
0.670346 0.254468
0.644087 0.261681
0.596054 0.266271
0.737153 0.000995
0.671914 0.000276
0.706890 0.026357
0.699375 0.042589
0.699463 0.060065
0.689603 0.075798
0.664233 0.096982
0.668957 0.129173
0.675270 0.158853
0.683104 0.182796
0.713250 0.219541
0.720672 0.206742
0.682485 0.252688
0.662676 0.292494
0.736814 0.342557
0.745361 0.000398
0.722706 0.026462
0.717721 0.042267
0.716768 0.058941
0.709902 0.076452
0.685090 0.091948
0.684594 0.107856
0.694913 0.157550
0.691633 0.171637
0.697053 0.199033
0.669397 0.208216
0.619765 0.272230
0.736339 0.260136
0.720192 0.320746
0.753601 0.000229
0.696278 0.000005
0.738919 0.025498
0.734575 0.042327
0.731631 0.066012
0.703877 0.092014
0.702567 0.110115
0.687272 0.124732
0.689753 0.141023
0.710471 0.176086
0.689194 0.213008
0.723067 0.237833
0.679732 0.232544
0.760328 0.337500
0.725058 0.340071
0.761897 0.000703
0.756630 0.025415
0.751652 0.040233
0.744411 0.058305
0.726263 0.083522
0.720952 0.099767
0.706139 0.127860
0.714054 0.161286
0.708349 0.190346
0.752062 0.223708
0.702067 0.269471
0.705942 0.248375
0.783247 0.334231
0.765593 0.302750
0.770141 0.000112
0.728888 0.000849
0.774936 0.024802
0.762331 0.056627
0.742532 0.084223
0.738604 0.105310
0.721271 0.116926
0.708530 0.144556
0.729635 0.184453
0.697978 0.229061
0.748677 0.204719
0.741984 0.243292
0.759165 0.259873
0.749017 0.328521
0.749245 0.302983
0.786933 0.000288
0.792459 0.025203
0.769079 0.039075
0.755874 0.074515
0.754826 0.097257
0.740327 0.124853
0.726652 0.134597
0.727471 0.151370
0.732741 0.199879
0.777296 0.246627
0.775587 0.266551
0.720291 0.261789
0.753967 0.280279
0.740541 0.281734
0.795321 0.000015
0.810901 0.024300
0.786907 0.040396
0.780726 0.056372
0.770338 0.089615
0.755610 0.117174
0.771293 0.128359
0.755581 0.137990
0.732266 0.169694
0.748155 0.166571
0.735422 0.224286
0.761090 0.240884
0.787900 0.295291
0.822208 0.304764
0.782958 0.311344
0.803708 0.000345
0.818649 0.044911
0.801131 0.056222
0.773369 0.073060
0.788395 0.090422
0.772010 0.108889
0.787770 0.127950
0.744411 0.148758
0.781476 0.194152
0.791919 0.242511
0.791502 0.265327
0.771876 0.284414
0.775989 0.338883
0.734599 0.314859
0.820589 0.000102
0.778505 0.000733
0.825741 0.026947
0.804294 0.038841
0.811644 0.068949
0.791399 0.071282
0.788788 0.108184
0.771031 0.148699
0.765738 0.181776
0.749215 0.186644
0.766274 0.200146
0.804481 0.233603
0.822426 0.264307
0.811450 0.329204
0.797303 0.329205
0.829034 0.000746
0.839254 0.025392
0.834707 0.044389
0.826004 0.061491
0.817344 0.099994
0.803932 0.085109
0.787221 0.148511
0.794046 0.167306
0.764625 0.163174
0.798908 0.196079
0.779782 0.226846
0.804942 0.214855
0.807375 0.305053
0.799452 0.284334
0.837479 0.000156
0.812167 0.000069
0.853750 0.024593
0.844347 0.060556
0.822988 0.083963
0.831320 0.111059
0.804364 0.109324
0.803687 0.129929
0.803936 0.150356
0.766912 0.217338
0.789385 0.212802
0.806506 0.258088
0.832294 0.251742
0.832023 0.343510
0.821869 0.336113
0.854520 0.000495
0.868496 0.024630
0.850690 0.042630
0.838021 0.075888
0.838115 0.095230
0.852722 0.098553
0.819361 0.123730
0.819747 0.143609
0.782007 0.174075
0.806223 0.181721
0.819970 0.210396
0.830264 0.226057
0.813250 0.278057
0.837116 0.274239
0.863107 0.001024
0.845947 0.000600
0.881922 0.025755
0.865402 0.042563
0.860832 0.061694
0.854761 0.079639
0.847379 0.118261
0.836303 0.132875
0.832895 0.152268
0.815710 0.165703
0.820409 0.189904
0.836236 0.209764
0.844566 0.242900
0.818295 0.239316
0.830444 0.290148
0.880333 0.000531
0.895112 0.026360
0.879231 0.044672
0.874569 0.065284
0.870472 0.083985
0.865639 0.104221
0.861186 0.126113
0.851704 0.141387
0.845654 0.163829
0.831256 0.174309
0.839323 0.193405
0.849255 0.226310
0.858220 0.249516
0.863078 0.363277
0.888910 0.000195
0.871724 0.000067
0.908525 0.023136
0.894133 0.047610
0.889194 0.066859
0.884551 0.087107
0.879224 0.107043
0.877367 0.126725
0.872597 0.143728
0.861206 0.156381
0.852054 0.183924
0.864875 0.196818
0.889196 0.261377
0.859489 0.313745
0.842371 0.349851
0.897551 0.000171
0.923798 0.021805
0.907360 0.040320
0.903044 0.062691
0.900424 0.081477
0.895733 0.102036
0.892731 0.120155
0.890314 0.142690
0.882851 0.159386
0.881138 0.176889
0.864483 0.173811
0.854993 0.209449
0.873808 0.248511
0.849990 0.265826
0.906293 0.000317
0.915130 0.000976
0.934701 0.034048
0.921861 0.041658
0.917607 0.061226
0.913133 0.089954
0.910828 0.106837
0.904529 0.132259
0.903517 0.152511
0.895696 0.173352
0.897122 0.191810
0.880138 0.195515
0.866229 0.228429
0.887743 0.329634
0.833552 0.315625
0.923928 0.000500
0.944386 0.020261
0.930941 0.058030
0.922700 0.080030
0.927354 0.107692
0.916628 0.123596
0.919667 0.144541
0.910889 0.167027
0.914021 0.190077
0.899822 0.206416
0.891380 0.221681
0.900357 0.246330
0.882582 0.236381
0.866089 0.267305
0.932681 0.001038
0.953803 0.032239
0.942606 0.046040
0.937908 0.072644
0.935517 0.091423
0.931829 0.128253
0.929526 0.157234
0.924570 0.172753
0.923848 0.201209
0.914773 0.215916
0.919281 0.244025
0.905682 0.228774
0.876401 0.214213
0.882025 0.276803
0.847260 0.307562
0.941638 0.000843
0.957991 0.054629
0.951646 0.068230
0.948162 0.100137
0.943810 0.116327
0.940677 0.142904
0.934368 0.183147
0.934590 0.210495
0.929668 0.228169
0.936741 0.249939
0.930763 0.264966
0.908342 0.260078
0.915859 0.279897
0.851436 0.334829
0.950739 0.000318
0.965357 0.020965
0.967238 0.038610
0.955411 0.086929
0.960836 0.121741
0.953729 0.136644
0.945412 0.163459
0.945541 0.195683
0.949708 0.217975
0.946561 0.234955
0.954413 0.256538
0.941246 0.286278
0.952932 0.302206
0.877648 0.297159
0.935979 0.302476
0.959852 0.000439
0.980011 0.024538
0.967034 0.071950
0.964962 0.103648
0.969482 0.171609
0.962897 0.205389
0.963437 0.190305
0.969152 0.265950
0.974976 0.298657
0.959194 0.285768
0.952368 0.272114
0.944096 0.324954
0.899779 0.284342
0.888312 0.378122
0.968891 0.000624
0.988057 0.000056
0.982744 0.042282
0.977978 0.118704
0.969177 0.140076
0.959678 0.157385
0.960791 0.236776
0.992343 0.244785
0.973964 0.285814
0.977044 0.316044
0.991509 0.374130
0.999087 0.418038
0.888757 0.392031
0.894018 0.305104
0.865927 0.350258
0.978115 0.000627
0.974539 0.057523
0.973390 0.087980
0.984631 0.136273
0.977638 0.155820
0.953327 0.179605
0.998572 0.292795
0.997655 0.330388
0.999071 0.267822
0.975975 0.358186
0.999901 0.337029
0.967396 0.330523
0.880114 0.346743
0.849354 0.287574
0.999291 0.001408
0.999437 0.037297
0.984306 0.073029
0.983150 0.101370
0.999288 0.105473
0.996570 0.194727
0.999174 0.143137
0.999496 0.155135
0.999934 0.349120
0.999365 0.279713
0.999033 0.370520
0.999666 0.396280
0.983338 0.403908
0.999513 0.235501
0.872112 0.325274
0.999271 0.001066
0.999200 0.048292
0.999496 0.070486
0.998892 0.093380
0.999561 0.117183
0.978845 0.188014
0.989976 0.263875
0.999847 0.315333
0.999496 0.250521
0.999132 0.201455
0.999633 0.301296
0.968109 0.344235
0.864476 0.291071
0.983111 0.387648
0.999394 0.016259
0.998866 0.026891
0.999860 0.058958
0.999945 0.082242
0.986898 0.170975
0.999048 0.129749
0.999222 0.209848
0.969743 0.217110
0.999583 0.222996
0.999377 0.168647
0.999472 0.182593
0.929596 0.342100
0.996168 0.417463
0.880989 0.375607
0.899002 0.363317
