0.000480 0.025499
0.000729 0.056874
0.000062 0.090636
0.000503 0.127915
0.000185 0.140087
0.000081 0.303513
0.000163 0.181040
0.000685 0.195521
0.000410 0.331882
0.005264 0.377774
0.068735 0.364301
0.021965 0.373821
0.040270 0.391584
0.087321 0.335062
0.000282 0.014897
0.000238 0.035853
0.000616 0.067945
0.015838 0.091320
0.028235 0.202546
0.000855 0.210166
0.000524 0.167991
0.000759 0.276068
0.000069 0.242030
0.000085 0.253886
0.000697 0.350475
0.007663 0.343993
0.049482 0.356125
0.058893 0.379348
0.102465 0.320449
0.001615 0.000355
0.000659 0.046188
0.000523 0.078804
0.000519 0.102387
0.000671 0.114455
0.011745 0.196962
0.001060 0.153873
0.000658 0.296868
0.000266 0.228443
0.020599 0.319252
0.015561 0.333858
0.033666 0.365049
0.022480 0.387362
0.092005 0.367424
0.000468 0.000868
0.019347 0.026700
0.018367 0.061845
0.013468 0.121158
0.014641 0.161905
0.026179 0.222604
0.035705 0.183936
0.007929 0.265610
0.010975 0.285726
0.028228 0.269496
0.027881 0.298609
0.034555 0.340691
0.001376 0.381482
0.049188 0.392067
0.105870 0.332233
0.013275 0.000155
0.033341 0.054923
0.020319 0.042361
0.025313 0.106047
0.017248 0.144891
0.009296 0.224083
0.039993 0.218504
0.021930 0.247358
0.040226 0.282342
0.064049 0.269129
0.038153 0.306512
0.092685 0.302751
0.042934 0.325552
0.111370 0.370928
0.032431 0.000459
0.023210 0.000421
0.039293 0.069611
0.024272 0.076443
0.020950 0.180367
0.028454 0.129945
0.032642 0.162642
0.050072 0.180888
0.037320 0.244154
0.046089 0.261583
0.061037 0.249622
0.055682 0.286545
0.077572 0.310267
0.056034 0.344273
0.138923 0.315328
0.041695 0.000156
0.033842 0.020108
0.035024 0.088206
0.035391 0.115265
0.035672 0.145537
0.048675 0.157136
0.047045 0.202044
0.063157 0.199147
0.050230 0.232675
0.071449 0.238615
0.062725 0.303159
0.062510 0.322833
0.076063 0.286192
0.079902 0.371252
0.050983 0.000599
0.036488 0.035600
0.048343 0.045115
0.054034 0.061753
0.047055 0.095676
0.049645 0.118131
0.050201 0.136931
0.062527 0.171292
0.074496 0.185378
0.062334 0.218959
0.081342 0.262532
0.087124 0.239659
0.092332 0.282519
0.129948 0.253969
0.120928 0.320903
0.060069 0.000729
0.048983 0.020615
0.064243 0.044489
0.054436 0.079182
0.058964 0.102191
0.064752 0.123838
0.064414 0.150760
0.076811 0.161081
0.081988 0.202470
0.081326 0.219024
0.096028 0.214226
0.108161 0.275918
0.075466 0.336523
0.114465 0.258575
0.068897 0.000839
0.077852 0.000554
0.061279 0.029244
0.069605 0.061359
0.071722 0.078068
0.072999 0.095142
0.075623 0.113992
0.075621 0.138480
0.088398 0.173937
0.097460 0.186827
0.109891 0.196510
0.096303 0.257418
0.135499 0.272994
0.123823 0.283624
0.130819 0.345323
0.086724 0.000165
0.073343 0.021620
0.078798 0.040429
0.084713 0.062098
0.086716 0.082475
0.088058 0.107115
0.090608 0.126646
0.092112 0.144826
0.099532 0.160132
0.123821 0.183287
0.103478 0.237760
0.130952 0.198962
0.117598 0.235190
0.138213 0.355220
0.095527 0.000215
0.112976 0.000600
0.087908 0.023898
0.093198 0.044363
0.099019 0.063230
0.100555 0.085117
0.101101 0.103081
0.106620 0.127400
0.109761 0.145320
0.110965 0.172319
0.136393 0.171500
0.112274 0.215415
0.153049 0.230136
0.129613 0.302796
0.124681 0.364957
0.104198 0.000136
0.101055 0.028527
0.109314 0.044211
0.113027 0.062559
0.114436 0.080275
0.122636 0.095735
0.114017 0.109254
0.125819 0.123283
0.125449 0.140754
0.126292 0.156563
0.144555 0.187992
0.130133 0.216147
0.145755 0.252121
0.110599 0.296087
0.121678 0.001076
0.147505 0.000454
0.113192 0.023021
0.124464 0.043134
0.128296 0.062573
0.131830 0.080021
0.134649 0.106750
0.143027 0.124659
0.141247 0.146423
0.156799 0.146459
0.152693 0.167367
0.148653 0.210949
0.166704 0.219464
0.154745 0.269673
0.159217 0.306011
0.130340 0.000583
0.126487 0.025840
0.138810 0.043365
0.143597 0.061972
0.146758 0.083034
0.148870 0.100363
0.156454 0.118571
0.164854 0.134504
0.167454 0.160601
0.159636 0.186992
0.168060 0.201124
0.136603 0.230651
0.174724 0.235225
0.175712 0.259835
0.138934 0.000229
0.181524 0.000805
0.140631 0.024981
0.154310 0.044828
0.163228 0.084709
0.166187 0.102698
0.176052 0.116998
0.182573 0.149493
0.176817 0.172992
0.195605 0.157714
0.180497 0.190063
0.185378 0.211208
0.183409 0.276428
0.166982 0.283256
0.146307 0.288845
0.156047 0.000127
0.154468 0.026210
0.157369 0.065532
0.178559 0.080373
0.183409 0.098062
0.194636 0.114055
0.182329 0.132132
0.209033 0.145554
0.194651 0.175929
0.198153 0.193442
0.208574 0.207513
0.161101 0.248655
0.154189 0.343112
0.144433 0.327178
0.164595 0.000310
0.167985 0.026083
0.169743 0.044863
0.172230 0.062630
0.194392 0.080190
0.202096 0.096415
0.198918 0.132294
0.228171 0.141466
0.214331 0.162041
0.213376 0.179502
0.221999 0.193224
0.194824 0.222791
0.188076 0.243185
0.172807 0.299346
0.165856 0.331306
0.173119 0.000699
0.185964 0.046113
0.190169 0.063003
0.211779 0.078305
0.219969 0.094719
0.211711 0.112731
0.233475 0.156397
0.249882 0.150101
0.231207 0.174322
0.228309 0.207414
0.209330 0.227832
0.204823 0.247569
0.197556 0.264793
0.199322 0.328015
0.190044 0.000029
0.181745 0.027355
0.201878 0.042014
0.206417 0.060272
0.239194 0.090753
0.231648 0.106898
0.218676 0.127703
0.266892 0.141209
0.252737 0.166088
0.265464 0.205077
0.256901 0.189633
0.209058 0.278478
0.217726 0.252728
0.213291 0.307338
0.213143 0.338798
0.198382 0.000185
0.195994 0.026187
0.218389 0.042051
0.229603 0.076295
0.251501 0.101657
0.235902 0.123019
0.249716 0.134066
0.278519 0.151066
0.243566 0.182876
0.244731 0.204549
0.226053 0.226479
0.229442 0.263882
0.187301 0.302603
0.178102 0.329247
0.206840 0.000659
0.257143 0.000300
0.212152 0.025234
0.222750 0.060184
0.261360 0.084821
0.269694 0.099502
0.255458 0.116635
0.269602 0.124498
0.299500 0.149179
0.269891 0.165001
0.260373 0.231538
0.246841 0.222161
0.235677 0.238486
0.225319 0.300981
0.200116 0.294071
0.215380 0.000119
0.228117 0.025706
0.235096 0.042104
0.249220 0.073349
0.281566 0.083635
0.281110 0.108689
0.289390 0.122567
0.290474 0.136749
0.290478 0.164302
0.288018 0.181033
0.273505 0.221057
0.246705 0.253261
0.249486 0.282350
0.187637 0.338456
0.223678 0.000102
0.290485 0.000649
0.244260 0.025902
0.240657 0.059122
0.270310 0.069256
0.294224 0.094349
0.301585 0.108262
0.312265 0.118448
0.311911 0.133563
0.355712 0.145967
0.310110 0.170827
0.270649 0.183161
0.263360 0.252162
0.292904 0.222169
0.229822 0.281157
0.232121 0.000160
0.261026 0.025180
0.252342 0.040944
0.259075 0.057370
0.300987 0.078832
0.315219 0.092933
0.325466 0.104034
0.331536 0.131636
0.316564 0.149556
0.334280 0.172579
0.284093 0.199454
0.329007 0.198285
0.221891 0.336555
0.243196 0.303399
0.240476 0.000293
0.315172 0.000394
0.270446 0.038484
0.279454 0.050986
0.287184 0.065487
0.320395 0.078447
0.345490 0.098537
0.332595 0.116835
0.336451 0.145244
0.371872 0.140362
0.323518 0.161411
0.302973 0.185995
0.300187 0.210480
0.232365 0.322585
0.257361 0.271376
0.248838 0.000340
0.279414 0.024714
0.297515 0.046020
0.304455 0.062910
0.324493 0.063522
0.337326 0.086235
0.365462 0.104344
0.352646 0.129846
0.382425 0.128774
0.373817 0.156425
0.315249 0.196369
0.350774 0.209270
0.257125 0.339864
0.280444 0.241558
0.265479 0.000179
0.339837 0.000363
0.291365 0.031389
0.318426 0.049967
0.341136 0.055030
0.342703 0.071273
0.362073 0.089442
0.350445 0.114525
0.368538 0.120654
0.393424 0.141016
0.390156 0.158797
0.337271 0.187446
0.386978 0.186366
0.284253 0.264467
0.367123 0.199521
0.273806 0.000752
0.305300 0.024089
0.313885 0.035370
0.359491 0.059006
0.358784 0.075740
0.381766 0.080974
0.412517 0.110722
0.384739 0.107677
0.395565 0.117807
0.407789 0.127933
0.348754 0.160457
0.265724 0.296763
0.421039 0.241120
0.261522 0.317136
0.282144 0.000156
0.364348 0.000944
0.354992 0.041350
0.336087 0.039245
0.376910 0.052748
0.401835 0.083528
0.384748 0.094059
0.435135 0.095581
0.430085 0.108547
0.422217 0.137381
0.406950 0.149557
0.401385 0.170778
0.377749 0.174528
0.359032 0.171065
0.287883 0.288509
0.298598 0.000880
0.325907 0.025291
0.373535 0.038853
0.394466 0.041656
0.378297 0.067576
0.401922 0.069421
0.406580 0.097728
0.425646 0.123150
0.443184 0.133768
0.418683 0.156550
0.422150 0.175693
0.455211 0.202440
0.253106 0.338370
0.309702 0.235220
0.306884 0.000803
0.342759 0.025115
0.391529 0.026590
0.396731 0.056654
0.418137 0.061512
0.476817 0.086888
0.453048 0.108333
0.419721 0.087006
0.458102 0.093364
0.435818 0.162497
0.477829 0.164114
0.456939 0.168067
0.438445 0.181179
0.402596 0.200313
0.358612 0.187861
0.323373 0.000519
0.358428 0.026294
0.406702 0.024666
0.414842 0.035055
0.444831 0.058841
0.427520 0.072865
0.476949 0.100418
0.488688 0.121481
0.459745 0.138268
0.437737 0.147747
0.455733 0.153664
0.436577 0.193200
0.278987 0.308165
0.319216 0.222551
0.331630 0.000428
0.405119 0.000018
0.375799 0.024347
0.427415 0.024445
0.418062 0.048043
0.447379 0.071697
0.444244 0.085209
0.472138 0.113400
0.446607 0.119181
0.472668 0.149193
0.492465 0.151912
0.383360 0.206325
0.419529 0.206608
0.293253 0.250230
0.296132 0.288650
0.348015 0.000259
0.451492 0.023989
0.437232 0.047369
0.469841 0.075603
0.491823 0.079594
0.505415 0.112883
0.484348 0.136347
0.466798 0.126546
0.469303 0.191396
0.408052 0.183619
0.458777 0.182161
0.477333 0.204578
0.357403 0.238810
0.271880 0.321967
0.356225 0.000913
0.413295 0.000146
0.478233 0.000595
0.472042 0.024721
0.438992 0.032467
0.511332 0.072388
0.492334 0.103511
0.503453 0.091012
0.500398 0.165547
0.503076 0.130191
0.401448 0.231601
0.493302 0.201643
0.363585 0.219909
0.398087 0.216092
0.509192 0.237167
0.372478 0.001058
0.462030 0.000173
0.458101 0.036416
0.463110 0.049937
0.541180 0.116840
0.548180 0.131784
0.519962 0.125847
0.518347 0.154657
0.492945 0.183579
0.371529 0.228060
0.337438 0.220399
0.328073 0.261307
0.312592 0.255951
0.432071 0.212052
0.380696 0.000250
0.453911 0.000236
0.486299 0.000375
0.508759 0.025108
0.540962 0.054798
0.576477 0.162800
0.544855 0.156417
0.532600 0.147595
0.655906 0.432761
0.360883 0.260000
0.408776 0.280409
0.986365 0.210088
0.595122 0.301087
0.338362 0.261654
0.380292 0.249384
0.421416 0.000500
0.470123 0.000967
0.629402 0.035175
0.484109 0.054353
0.478641 0.037771
0.546128 0.174419
0.523055 0.168095
0.507471 0.144242
0.528447 0.215563
0.483496 0.176973
0.426502 0.256129
0.387622 0.282738
0.404940 0.241369
0.334870 0.238229
0.396991 0.000362
0.437678 0.001077
0.510534 0.000739
0.491129 0.025688
0.655448 0.417106
0.521788 0.084243
0.692312 0.292670
0.513632 0.180956
0.436033 0.229488
0.504683 0.215054
0.956792 0.317098
0.713358 0.288650
0.700100 0.315120
0.407061 0.280818
0.303798 0.263286
0.534642 0.000158
0.502437 0.000702
0.429597 0.000399
0.105617 0.358787
0.508681 0.055689
0.524794 0.111154
0.458093 0.218207
0.663333 0.421454
0.575900 0.277688
0.470738 0.280862
0.910562 0.299035
0.617622 0.314222
0.452294 0.279324
0.471996 0.264283
0.599214 0.001088
0.550696 0.000552
0.388860 0.001059
0.494340 0.000580
0.553259 0.024377
0.494233 0.064809
0.518999 0.098993
0.559429 0.154575
0.547397 0.226541
0.505167 0.263583
0.480914 0.226432
0.442763 0.251553
0.539581 0.285212
0.443527 0.278725
0.550711 0.313858
0.591078 0.000375
0.518593 0.000873
0.445750 0.000834
0.514038 0.038652
0.466874 0.063502
0.936495 0.339878
0.373891 0.264507
0.465254 0.248269
0.500573 0.280054
0.649798 0.427764
0.393648 0.260457
0.491635 0.284864
0.598562 0.294923
0.577919 0.242892
0.615297 0.000776
0.566846 0.001051
0.528135 0.025357
0.526572 0.001063
0.525931 0.063415
0.528845 0.043887
0.537821 0.079264
0.530949 0.134026
0.562042 0.138866
0.515029 0.196756
0.549370 0.206377
0.482154 0.247095
0.564053 0.266981
0.514987 0.289939
0.619431 0.267694
0.631434 0.000575
0.542626 0.000121
0.565845 0.033590
0.541524 0.031909
0.496695 0.040480
0.538833 0.097072
0.565007 0.124084
0.579508 0.135688
0.583671 0.148760
0.532714 0.182820
0.461778 0.228186
0.569203 0.225267
0.539773 0.298828
0.567023 0.280355
0.639546 0.000570
0.558814 0.000268
0.595634 0.024857
0.587415 0.038101
0.577062 0.049646
0.553059 0.106581
0.570857 0.112356
0.593694 0.128455
0.595110 0.161354
0.532848 0.196274
0.589339 0.237232
0.605719 0.247294
0.521413 0.261056
0.569481 0.208091
0.539851 0.266878
0.655787 0.000726
0.617783 0.024891
0.606599 0.035095
0.576901 0.025029
0.555348 0.045508
0.548664 0.067781
0.554420 0.088125
0.569783 0.097300
0.604490 0.147888
0.577796 0.182979
0.591915 0.216457
0.556812 0.190055
0.547450 0.240052
0.494875 0.233420
0.663923 0.000545
0.574924 0.000233
0.639958 0.025215
0.566254 0.060717
0.604720 0.052014
0.591363 0.060637
0.565889 0.076640
0.583105 0.088606
0.590283 0.115511
0.621930 0.157178
0.595712 0.181212
0.587895 0.198862
0.672015 0.280568
0.631971 0.300963
0.698986 0.300272
0.680054 0.000156
0.583009 0.000125
0.607249 0.000243
0.621370 0.048469
0.583670 0.073147
0.609006 0.093722
0.591874 0.102237
0.611347 0.135830
0.631043 0.146812
0.611811 0.168277
0.563987 0.173967
0.614145 0.233350
0.622703 0.301929
0.556782 0.315896
0.688239 0.000082
0.623377 0.000764
0.657038 0.025721
0.642963 0.054714
0.610629 0.068123
0.601675 0.080515
0.611087 0.109064
0.613964 0.122924
0.636154 0.135206
0.655705 0.148253
0.613141 0.188187
0.629545 0.184862
0.627973 0.204904
0.646644 0.222229
0.722697 0.334243
0.704437 0.000055
0.668084 0.036056
0.664106 0.067525
0.648329 0.040073
0.629956 0.063550
0.627150 0.078487
0.626754 0.092489
0.633152 0.121578
0.661416 0.177313
0.646911 0.159807
0.648001 0.203285
0.635816 0.248260
0.527033 0.233746
0.654824 0.287212
0.712595 0.000441
0.647702 0.000148
0.677886 0.025995
0.664272 0.052080
0.647930 0.071704
0.648176 0.086905
0.631350 0.107479
0.651759 0.117923
0.655001 0.134251
0.675814 0.191814
0.636243 0.170353
0.663336 0.224760
0.606998 0.207236
0.625575 0.222404
0.656710 0.243815
0.720802 0.000068
0.692875 0.026783
0.684588 0.045507
0.681867 0.062389
0.671214 0.081741
0.647776 0.101612
0.668951 0.111843
0.675097 0.142219
0.668501 0.165271
0.652519 0.188764
0.722525 0.282730
0.674349 0.255553
0.647793 0.260953
0.598405 0.264934
0.737216 0.000594
0.671949 0.000915
0.708478 0.026645
0.700958 0.042638
0.701276 0.060084
0.691624 0.075758
0.666236 0.096579
0.671580 0.127833
0.679052 0.157268
0.686537 0.182203
0.716335 0.220063
0.723978 0.206653
0.685431 0.252813
0.664757 0.291417
0.740927 0.343868
0.745421 0.000282
0.724333 0.026744
0.719318 0.042709
0.718663 0.059339
0.711898 0.076446
0.687267 0.091736
0.686947 0.107330
0.698163 0.156176
0.695326 0.170536
0.700462 0.198798
0.672436 0.208159
0.623235 0.271316
0.739892 0.260804
0.724694 0.322723
0.753658 0.000906
0.696325 0.001317
0.740501 0.025825
0.736169 0.042697
0.733628 0.066318
0.705958 0.091956
0.705253 0.109996
0.689847 0.123685
0.692631 0.139884
0.713814 0.175363
0.692201 0.213359
0.727224 0.238598
0.683754 0.233001
0.764263 0.339470
0.729493 0.341196
0.761965 0.000851
0.758113 0.025678
0.753349 0.040620
0.746415 0.058865
0.728312 0.083808
0.723069 0.099859
0.708729 0.127330
0.717038 0.160270
0.712310 0.190037
0.755761 0.223828
0.706232 0.268039
0.709797 0.249229
0.786550 0.336666
0.769417 0.304733
0.770191 0.000610
0.728957 0.000386
0.776346 0.024848
0.764204 0.057252
0.744528 0.084868
0.740817 0.105744
0.723949 0.116755
0.711306 0.143636
0.733011 0.183743
0.701672 0.229479
0.752527 0.204965
0.745949 0.243722
0.763317 0.260948
0.753345 0.329843
0.753051 0.304624
0.786971 0.000405
0.793842 0.025764
0.770760 0.039289
0.757805 0.075023
0.756898 0.097670
0.742932 0.125020
0.729307 0.134207
0.730684 0.151016
0.737307 0.200005
0.780989 0.247589
0.779077 0.267591
0.723729 0.262901
0.757635 0.281368
0.745052 0.282704
0.795334 0.000646
0.811999 0.024327
0.788312 0.040833
0.782491 0.057171
0.772461 0.090144
0.757991 0.117415
0.773652 0.128979
0.758182 0.138267
0.735597 0.169023
0.751230 0.166320
0.738533 0.224225
0.765065 0.241301
0.791101 0.296928
0.824051 0.307053
0.786394 0.313012
0.803730 0.000020
0.819922 0.045379
0.802999 0.056683
0.775343 0.073781
0.790487 0.091081
0.774126 0.109529
0.789954 0.128589
0.747239 0.148740
0.785039 0.194255
0.795322 0.243248
0.795232 0.266398
0.776146 0.286030
0.779844 0.341140
0.739320 0.316374
0.820607 0.000734
0.778608 0.000323
0.826893 0.027238
0.805703 0.039048
0.813502 0.069494
0.793486 0.071924
0.790785 0.108877
0.773310 0.149011
0.768834 0.181863
0.752569 0.186596
0.769608 0.200031
0.807360 0.234069
0.824668 0.265616
0.815162 0.331515
0.800086 0.331319
0.829050 0.000341
0.840433 0.025413
0.835961 0.044416
0.827851 0.062023
0.819203 0.100884
0.805987 0.085784
0.789343 0.149278
0.796617 0.167789
0.767386 0.163506
0.801783 0.196767
0.783593 0.227259
0.807732 0.215591
0.809823 0.306506
0.802848 0.285674
0.837497 0.000538
0.812169 0.000046
0.854760 0.024628
0.845853 0.060787
0.824558 0.084543
0.833056 0.111685
0.806243 0.110043
0.805515 0.130662
0.806101 0.151162
0.771090 0.217584
0.792167 0.212984
0.809420 0.258950
0.833816 0.252691
0.835170 0.347374
0.824239 0.339137
0.854549 0.000859
0.869447 0.024623
0.851670 0.042844
0.839559 0.076472
0.839965 0.095833
0.854224 0.099131
0.821263 0.124389
0.821635 0.144280
0.784871 0.174649
0.808446 0.182263
0.822178 0.211520
0.831980 0.227247
0.816045 0.279535
0.838399 0.275008
0.863163 0.000609
0.845983 0.001006
0.882795 0.026079
0.866648 0.042847
0.862098 0.061933
0.856137 0.080058
0.848926 0.118890
0.838107 0.133595
0.834754 0.153136
0.818096 0.166188
0.822263 0.190710
0.837726 0.210251
0.845631 0.243426
0.820484 0.240450
0.832293 0.291784
0.880361 0.000816
0.895745 0.026646
0.880413 0.044748
0.875650 0.065560
0.871687 0.084484
0.867134 0.105038
0.862643 0.126963
0.853428 0.142473
0.847257 0.164905
0.833230 0.175165
0.840923 0.194598
0.850391 0.227014
0.858784 0.249914
0.863578 0.367696
0.888930 0.000025
0.871751 0.000162
0.909400 0.023094
0.895217 0.047877
0.890194 0.067270
0.885874 0.087668
0.880515 0.107377
0.878836 0.127232
0.873852 0.144161
0.862742 0.157431
0.853596 0.184893
0.865862 0.196922
0.890709 0.262846
0.860301 0.316286
0.843981 0.354619
0.897547 0.000742
0.924647 0.021564
0.908340 0.040351
0.904100 0.062942
0.901427 0.081154
0.896810 0.102517
0.893773 0.120563
0.891433 0.143537
0.884178 0.160122
0.882279 0.177746
0.865953 0.174297
0.856300 0.210665
0.874897 0.249522
0.850825 0.267380
0.906284 0.000151
0.915123 0.000369
0.935698 0.034462
0.922506 0.041482
0.918397 0.061221
0.913760 0.091059
0.912024 0.107556
0.905074 0.133123
0.904383 0.153682
0.896908 0.173910
0.898032 0.192370
0.881264 0.196593
0.867357 0.229396
0.889266 0.333569
0.835406 0.317968
0.923964 0.000036
0.944516 0.020320
0.931661 0.058496
0.922978 0.080261
0.928263 0.108450
0.917344 0.123927
0.920326 0.144749
0.911356 0.167467
0.914931 0.190131
0.900524 0.207108
0.891897 0.222232
0.901650 0.247578
0.882952 0.237199
0.866935 0.268758
0.932753 0.000072
0.954034 0.032352
0.943297 0.046877
0.938338 0.073744
0.936291 0.091890
0.932456 0.129118
0.929954 0.158114
0.925112 0.173320
0.924570 0.202205
0.915307 0.216796
0.919588 0.246319
0.906858 0.229207
0.877150 0.214911
0.882692 0.278803
0.848387 0.309935
0.941730 0.000534
0.958366 0.054796
0.952169 0.068534
0.948856 0.101236
0.944564 0.116964
0.941054 0.144284
0.934721 0.183379
0.934608 0.211281
0.930463 0.229935
0.938251 0.251884
0.931907 0.267013
0.909427 0.262323
0.917221 0.282400
0.853417 0.337488
0.950834 0.000715
0.965681 0.021167
0.967370 0.039031
0.955765 0.087588
0.961618 0.122916
0.954065 0.137106
0.946083 0.164256
0.945844 0.196579
0.950415 0.219305
0.947688 0.237359
0.957310 0.257720
0.941682 0.287754
0.953967 0.303366
0.879530 0.299893
0.936545 0.304821
0.959916 0.000558
0.980056 0.024972
0.967499 0.072784
0.964943 0.104481
0.969655 0.171719
0.962137 0.205048
0.963746 0.189402
0.969379 0.267465
0.974605 0.300615
0.960771 0.286544
0.954763 0.272835
0.942121 0.329957
0.901989 0.287155
0.889168 0.381987
0.968949 0.000300
0.988101 0.000101
0.982806 0.042628
0.978196 0.119267
0.969659 0.140974
0.960263 0.157461
0.961507 0.239250
0.991717 0.245965
0.973014 0.287024
0.976616 0.318881
0.991954 0.377712
0.998769 0.422598
0.889147 0.396442
0.895206 0.307602
0.868195 0.354631
0.978201 0.000352
0.974983 0.057756
0.973681 0.089051
0.985077 0.136753
0.978194 0.156744
0.953316 0.179677
0.999475 0.291900
0.997383 0.330311
0.999574 0.267823
0.975606 0.361662
0.999741 0.337677
0.968350 0.335158
0.880147 0.350975
0.850280 0.288929
0.998999 0.001393
0.999381 0.037308
0.984268 0.073743
0.983345 0.101898
0.999003 0.105558
0.998900 0.191477
0.999986 0.142963
0.999804 0.154914
0.999870 0.350223
0.999597 0.279854
0.998982 0.370580
0.999582 0.400740
0.986068 0.409850
0.999870 0.235442
0.873821 0.329043
0.999507 0.000360
0.999414 0.048353
0.999777 0.070432
0.999611 0.093430
0.999281 0.117260
0.978923 0.187420
0.987288 0.263826
0.999959 0.315409
0.999329 0.250541
0.999441 0.201308
0.999538 0.302102
0.967941 0.348317
0.866147 0.292916
0.983690 0.393365
0.999432 0.016300
0.999534 0.026916
0.999339 0.059000
0.999606 0.082261
0.987376 0.170870
0.999389 0.129571
0.998598 0.209540
0.967844 0.218840
0.999697 0.223765
0.999692 0.168148
0.999441 0.182010
0.929941 0.342090
0.999794 0.420437
0.881513 0.380941
0.899955 0.367604
