0.000201 0.025492
0.000400 0.056890
0.000351 0.090432
0.000403 0.128125
0.000645 0.140272
0.000115 0.307964
0.000235 0.180862
0.000688 0.194983
0.000687 0.329764
0.001598 0.393650
0.064112 0.377345
0.020731 0.390976
0.036123 0.408389
0.079917 0.348290
0.001057 0.015001
0.000483 0.035697
0.000299 0.067953
0.014914 0.093406
0.027763 0.208713
0.000413 0.210423
0.000156 0.168000
0.000987 0.276241
0.000608 0.242581
0.001034 0.254240
0.000131 0.352904
0.003525 0.353948
0.042912 0.372467
0.053873 0.396962
0.090862 0.330925
0.000398 0.001191
0.000562 0.046144
0.000125 0.078764
0.000189 0.102534
0.000780 0.114048
0.011084 0.204443
0.000503 0.153765
0.000323 0.297099
0.000266 0.228813
0.018827 0.323575
0.012473 0.340353
0.031375 0.378398
0.014149 0.407388
0.084225 0.383910
0.000686 0.000470
0.019409 0.024743
0.017579 0.060633
0.011982 0.123456
0.014744 0.167626
0.027300 0.231574
0.035380 0.189331
0.000805 0.268788
0.011299 0.293473
0.027129 0.276090
0.024518 0.306638
0.033717 0.354495
0.001052 0.383160
0.046884 0.404651
0.094530 0.347565
0.013033 0.000826
0.032892 0.056445
0.018739 0.042093
0.022532 0.106425
0.014024 0.148345
0.009594 0.225652
0.041196 0.226583
0.020048 0.253468
0.035053 0.292787
0.058927 0.278327
0.038279 0.317194
0.083957 0.311617
0.039076 0.337952
0.104240 0.386919
0.032061 0.000421
0.022863 0.000970
0.038675 0.072232
0.021960 0.076630
0.018446 0.186284
0.028091 0.134420
0.032560 0.170642
0.049073 0.189145
0.033595 0.254732
0.040809 0.273140
0.055330 0.261211
0.052805 0.298187
0.072086 0.322929
0.048956 0.356591
0.126098 0.322014
0.041321 0.000083
0.033269 0.021176
0.033562 0.089754
0.033347 0.117483
0.031747 0.150795
0.045300 0.164385
0.045059 0.207892
0.061113 0.205806
0.046452 0.244285
0.065621 0.245841
0.054554 0.315442
0.056667 0.333795
0.068270 0.296302
0.072395 0.387828
0.050664 0.000828
0.033460 0.037980
0.046443 0.044933
0.052212 0.061268
0.043121 0.099764
0.046004 0.122809
0.044816 0.140715
0.058238 0.175494
0.071747 0.192146
0.057498 0.225991
0.074182 0.272918
0.080197 0.247461
0.083452 0.291900
0.119906 0.259752
0.111903 0.334352
0.059716 0.000196
0.047414 0.022512
0.062927 0.044086
0.051579 0.081002
0.056048 0.105107
0.060426 0.130240
0.058751 0.154261
0.073087 0.165575
0.076658 0.211446
0.074806 0.228143
0.089980 0.221178
0.098922 0.282588
0.067928 0.350085
0.103751 0.265527
0.068715 0.000779
0.077756 0.000448
0.057471 0.029829
0.066867 0.062434
0.066383 0.080726
0.068566 0.096391
0.070372 0.118042
0.069091 0.142274
0.080981 0.180696
0.091906 0.193595
0.103338 0.203747
0.085633 0.264966
0.124536 0.282838
0.112180 0.291703
0.115468 0.358867
0.086647 0.000655
0.069272 0.020395
0.076313 0.038625
0.080352 0.061501
0.081685 0.081380
0.082213 0.108271
0.084112 0.129354
0.084284 0.148806
0.093194 0.165064
0.115229 0.187761
0.096027 0.245686
0.121509 0.204798
0.109271 0.243870
0.125570 0.367701
0.095340 0.001061
0.112755 0.000141
0.084721 0.022577
0.088741 0.044406
0.093308 0.064702
0.094537 0.087370
0.095483 0.102938
0.098842 0.130199
0.101049 0.149663
0.102758 0.177391
0.125482 0.174291
0.102818 0.221977
0.140140 0.237372
0.114618 0.312529
0.113461 0.380941
0.103990 0.000703
0.097390 0.028507
0.103573 0.044260
0.107640 0.062397
0.108317 0.080387
0.115709 0.097818
0.106433 0.113907
0.117168 0.125445
0.116329 0.143206
0.115922 0.161931
0.134576 0.192347
0.119645 0.221135
0.133008 0.258063
0.098933 0.307043
0.121569 0.001066
0.147501 0.001133
0.109418 0.021511
0.117907 0.043205
0.122223 0.062729
0.123195 0.082346
0.127461 0.111811
0.133195 0.129961
0.131328 0.150779
0.145310 0.149668
0.141130 0.170318
0.136060 0.215403
0.153657 0.223578
0.139839 0.275431
0.143136 0.314474
0.130237 0.000054
0.122568 0.026026
0.132539 0.043020
0.136059 0.063168
0.136905 0.084922
0.139256 0.100970
0.146495 0.120032
0.154016 0.136809
0.155995 0.163492
0.147833 0.190822
0.153577 0.207110
0.123304 0.239732
0.159412 0.238787
0.160910 0.268769
0.138905 0.001019
0.181429 0.000499
0.136064 0.023921
0.146535 0.045321
0.153169 0.084986
0.156050 0.102876
0.164700 0.118170
0.169494 0.150934
0.163987 0.176864
0.181530 0.159647
0.166695 0.194190
0.170569 0.214279
0.167832 0.283952
0.151484 0.290877
0.133851 0.297828
0.156050 0.000147
0.148670 0.026082
0.149329 0.067327
0.168484 0.081282
0.172065 0.100367
0.183064 0.114713
0.170544 0.134898
0.195849 0.146576
0.179742 0.177086
0.182986 0.197431
0.192522 0.211487
0.149684 0.254176
0.136843 0.356338
0.128857 0.339719
0.164572 0.000331
0.161516 0.025654
0.161122 0.044588
0.162940 0.062772
0.184105 0.080850
0.189311 0.097429
0.186433 0.133438
0.214191 0.141238
0.200241 0.162809
0.195981 0.180844
0.206107 0.194557
0.177868 0.228487
0.171190 0.250379
0.155010 0.308744
0.148344 0.343780
0.173028 0.000218
0.176754 0.045836
0.178667 0.063739
0.199883 0.078419
0.206780 0.094772
0.199460 0.113009
0.218705 0.156662
0.235479 0.149849
0.213033 0.174622
0.209298 0.212430
0.191929 0.234514
0.188243 0.253137
0.179890 0.270002
0.180363 0.336033
0.189800 0.000743
0.174460 0.027477
0.191949 0.041840
0.194776 0.060863
0.226075 0.089314
0.218353 0.106633
0.204545 0.127797
0.250049 0.139290
0.235652 0.166963
0.248727 0.208034
0.240105 0.190874
0.191308 0.284733
0.202392 0.259559
0.194050 0.316901
0.195567 0.344223
0.198250 0.000751
0.187893 0.025326
0.208071 0.042744
0.216986 0.076069
0.237040 0.100761
0.221658 0.121972
0.234618 0.131823
0.263949 0.147762
0.225773 0.184876
0.227735 0.204805
0.209280 0.229041
0.211095 0.271433
0.171343 0.312104
0.160280 0.338876
0.206641 0.000500
0.256929 0.000844
0.203222 0.025872
0.210744 0.060698
0.247832 0.083207
0.255008 0.097700
0.241000 0.115107
0.256464 0.122767
0.285552 0.146166
0.252267 0.162934
0.239493 0.235741
0.226581 0.224670
0.218917 0.243711
0.206682 0.308278
0.181951 0.300336
0.215057 0.000957
0.218653 0.026304
0.224633 0.041902
0.235989 0.072934
0.268229 0.082526
0.266910 0.106458
0.276225 0.118217
0.275293 0.132962
0.274066 0.161163
0.270973 0.177465
0.254362 0.220091
0.230309 0.258700
0.231572 0.288684
0.169620 0.346801
0.223447 0.000477
0.290051 0.000534
0.234671 0.025819
0.228389 0.059134
0.258006 0.068471
0.280549 0.091046
0.288456 0.104426
0.300626 0.112793
0.297625 0.128191
0.345919 0.139507
0.295142 0.169137
0.254731 0.183224
0.244572 0.257696
0.274473 0.222947
0.211529 0.285804
0.231818 0.000277
0.251390 0.025823
0.241892 0.040964
0.247012 0.057154
0.290442 0.076546
0.301666 0.089588
0.315540 0.097175
0.318493 0.126316
0.302049 0.144257
0.319945 0.166699
0.266388 0.199911
0.312063 0.192249
0.203048 0.344299
0.224293 0.310703
0.240201 0.000563
0.314851 0.000674
0.260013 0.039064
0.268633 0.051574
0.275806 0.064763
0.309738 0.075163
0.336444 0.092428
0.320058 0.112837
0.325836 0.138629
0.359418 0.131123
0.309015 0.156441
0.287011 0.182512
0.280299 0.204407
0.211598 0.329293
0.236875 0.275912
0.248533 0.000433
0.268936 0.025468
0.287156 0.045871
0.293803 0.060594
0.315308 0.061555
0.326188 0.082384
0.358608 0.096851
0.340851 0.122707
0.374339 0.118532
0.360812 0.149613
0.299569 0.193579
0.332799 0.202269
0.236069 0.345087
0.256891 0.239849
0.265244 0.000816
0.339566 0.000779
0.281452 0.031398
0.308559 0.048504
0.332872 0.053662
0.333681 0.068843
0.353732 0.083383
0.338172 0.105440
0.357360 0.112542
0.382597 0.132794
0.378526 0.149565
0.324529 0.184324
0.374703 0.177156
0.261754 0.269080
0.356130 0.189698
0.273537 0.000074
0.295328 0.024468
0.304592 0.034284
0.352302 0.055503
0.351114 0.069842
0.374413 0.074508
0.407511 0.102826
0.376072 0.100905
0.389995 0.108618
0.399253 0.121832
0.332854 0.154466
0.248265 0.298322
0.411510 0.229760
0.238110 0.321200
0.281819 0.000920
0.364083 0.000177
0.345981 0.040449
0.325987 0.039130
0.371078 0.050186
0.395261 0.077119
0.377963 0.086787
0.431053 0.087233
0.425569 0.099544
0.415477 0.128831
0.397729 0.139434
0.390357 0.160354
0.364620 0.165751
0.344861 0.164406
0.270738 0.292969
0.298333 0.000246
0.318089 0.025573
0.366592 0.037179
0.389601 0.038351
0.371954 0.062836
0.398615 0.064238
0.399818 0.091086
0.422163 0.113331
0.438244 0.123628
0.411402 0.149318
0.414326 0.167351
0.450059 0.188207
0.234872 0.348270
0.289423 0.233171
0.306635 0.000131
0.335179 0.025606
0.385168 0.025570
0.390839 0.052200
0.413485 0.060343
0.478247 0.077621
0.450741 0.097479
0.413516 0.080450
0.457926 0.084164
0.431210 0.152519
0.478368 0.152469
0.453775 0.154808
0.433184 0.170789
0.390944 0.188629
0.343099 0.179307
0.323118 0.000704
0.351537 0.026440
0.401730 0.024022
0.410717 0.033252
0.441372 0.053451
0.426632 0.067175
0.475626 0.092215
0.486456 0.109336
0.457438 0.127181
0.429361 0.137954
0.450919 0.141840
0.426280 0.185797
0.259251 0.308836
0.293291 0.216980
0.331361 0.000223
0.405111 0.000249
0.368538 0.024334
0.424052 0.024805
0.414066 0.046017
0.446963 0.066446
0.440473 0.079329
0.469608 0.104412
0.443553 0.109312
0.472150 0.139463
0.494657 0.138799
0.371324 0.195439
0.408430 0.194091
0.270135 0.246726
0.270910 0.287229
0.347681 0.001052
0.450126 0.022845
0.430420 0.044439
0.466010 0.069927
0.491104 0.072037
0.507704 0.100147
0.484532 0.126421
0.465617 0.116786
0.468575 0.179236
0.400259 0.173475
0.450801 0.171480
0.478700 0.195543
0.335087 0.226391
0.250787 0.322478
0.355849 0.000505
0.413277 0.000397
0.478218 0.000595
0.471752 0.024488
0.437134 0.030205
0.511353 0.065124
0.493728 0.092826
0.505136 0.080888
0.504598 0.153914
0.503012 0.115756
0.389637 0.218085
0.494102 0.188612
0.345118 0.208153
0.384900 0.205133
0.516875 0.221523
0.372261 0.000486
0.462039 0.000162
0.455996 0.033599
0.459438 0.045635
0.546553 0.105381
0.551561 0.122135
0.519955 0.114948
0.520462 0.140744
0.497321 0.172845
0.357642 0.217419
0.317814 0.212758
0.309970 0.255573
0.301038 0.252689
0.424023 0.201087
0.380518 0.001047
0.453907 0.000291
0.486281 0.000002
0.509712 0.024439
0.545354 0.050811
0.586940 0.155354
0.550275 0.145639
0.538446 0.138623
0.662051 0.381182
0.341267 0.244720
0.396346 0.262304
0.979391 0.208350
0.601543 0.280332
0.318001 0.243964
0.360503 0.234694
0.421356 0.000471
0.470145 0.000569
0.635467 0.034263
0.482434 0.050576
0.477963 0.036263
0.555167 0.164413
0.529259 0.156584
0.508897 0.131068
0.535650 0.207141
0.478826 0.165313
0.416629 0.240939
0.376526 0.259792
0.393402 0.229731
0.312892 0.229678
0.396847 0.000652
0.437533 0.000055
0.510503 0.000455
0.490872 0.024467
0.659994 0.359277
0.525457 0.073293
0.709000 0.282858
0.513700 0.169989
0.429835 0.217214
0.512817 0.202635
0.959697 0.326355
0.730359 0.289415
0.720431 0.308932
0.388853 0.257055
0.280391 0.256916
0.534711 0.001176
0.502428 0.000806
0.429462 0.000867
0.096691 0.373222
0.509927 0.051254
0.530396 0.100521
0.450598 0.203620
0.666402 0.367682
0.585345 0.263565
0.469901 0.255628
0.914709 0.309889
0.626038 0.300871
0.442899 0.257194
0.472445 0.249217
0.599317 0.000211
0.550761 0.000220
0.388712 0.001151
0.494347 0.000913
0.556653 0.024697
0.493545 0.058373
0.519587 0.088035
0.567049 0.145657
0.554334 0.220508
0.508195 0.251915
0.477603 0.210789
0.432723 0.234523
0.548923 0.274991
0.443196 0.259029
0.554959 0.306066
0.591163 0.000597
0.518621 0.000144
0.445672 0.000201
0.515600 0.036624
0.464859 0.057477
0.943745 0.353428
0.358867 0.247353
0.464005 0.233659
0.507109 0.267765
0.653614 0.374787
0.373601 0.244165
0.496401 0.261977
0.608171 0.284866
0.592184 0.231521
0.615468 0.000676
0.566923 0.000622
0.528713 0.024508
0.526634 0.001107
0.529051 0.057393
0.531239 0.040800
0.541033 0.071089
0.535433 0.120956
0.568836 0.129170
0.518549 0.186124
0.558628 0.198381
0.480562 0.229362
0.573332 0.256642
0.521970 0.269176
0.631687 0.264212
0.631612 0.000336
0.542745 0.000825
0.570214 0.031663
0.543355 0.029896
0.496990 0.037781
0.540786 0.088574
0.569984 0.112919
0.585225 0.123011
0.591193 0.139375
0.537637 0.171168
0.456158 0.216155
0.579297 0.215826
0.553876 0.285693
0.581636 0.270507
0.639724 0.000572
0.558871 0.000130
0.600633 0.024704
0.593637 0.037214
0.581612 0.047118
0.559847 0.097363
0.580465 0.101509
0.606265 0.121898
0.605869 0.156637
0.539688 0.190048
0.603009 0.233479
0.620276 0.243021
0.533461 0.249938
0.581837 0.202940
0.548206 0.262109
0.655992 0.000511
0.623598 0.024566
0.613121 0.033778
0.581837 0.024908
0.558852 0.042139
0.554683 0.063295
0.555843 0.081006
0.573917 0.086308
0.611302 0.141687
0.584797 0.178301
0.605731 0.211485
0.565723 0.184927
0.559430 0.228087
0.499214 0.225094
0.664077 0.000828
0.574976 0.000054
0.646228 0.025389
0.570374 0.056268
0.610778 0.050146
0.597637 0.056501
0.571316 0.071397
0.589961 0.082512
0.596463 0.107644
0.631562 0.152415
0.606081 0.178264
0.600274 0.191769
0.687371 0.280727
0.641291 0.292948
0.718640 0.297776
0.680306 0.000814
0.583092 0.000590
0.607418 0.001057
0.628046 0.047558
0.588757 0.067354
0.617952 0.085224
0.600181 0.092799
0.623183 0.129860
0.642409 0.141841
0.622976 0.166370
0.573333 0.166116
0.629585 0.231084
0.635269 0.295705
0.554656 0.298435
0.688446 0.000886
0.623589 0.000419
0.663383 0.025687
0.651240 0.053870
0.619043 0.064759
0.606703 0.074633
0.617409 0.100469
0.622888 0.114410
0.648662 0.127091
0.669121 0.144114
0.627138 0.185187
0.643334 0.184844
0.640122 0.203322
0.660448 0.224173
0.736719 0.336872
0.704794 0.000363
0.674875 0.036592
0.672900 0.066849
0.654653 0.039644
0.637466 0.061203
0.634676 0.074201
0.635319 0.087565
0.642023 0.114156
0.673668 0.175786
0.658541 0.155939
0.662689 0.206782
0.654976 0.246226
0.533675 0.226519
0.675630 0.282136
0.712987 0.000580
0.647858 0.000233
0.684290 0.025837
0.671747 0.051930
0.656381 0.068872
0.657582 0.082020
0.639795 0.100053
0.663036 0.110402
0.665882 0.126946
0.686951 0.192699
0.648821 0.167622
0.677881 0.226112
0.618982 0.206170
0.639294 0.220595
0.671198 0.244097
0.721132 0.000737
0.699765 0.026836
0.691808 0.043998
0.690818 0.060872
0.682467 0.078465
0.657660 0.095955
0.680154 0.105204
0.686375 0.136300
0.680436 0.161110
0.663898 0.189314
0.742691 0.281959
0.690861 0.258647
0.663989 0.254921
0.609642 0.256267
0.737529 0.000887
0.672208 0.000253
0.716220 0.027279
0.708653 0.041939
0.709770 0.059468
0.701986 0.073571
0.675934 0.091292
0.684288 0.120129
0.695550 0.153567
0.700178 0.183435
0.728147 0.223766
0.735573 0.208242
0.698035 0.252318
0.674348 0.286983
0.760769 0.350110
0.745638 0.000506
0.731993 0.027189
0.726716 0.043414
0.728076 0.060384
0.721509 0.074827
0.698039 0.088093
0.698720 0.102461
0.712022 0.151397
0.709696 0.170100
0.712382 0.200377
0.685097 0.209782
0.640135 0.266710
0.756291 0.263176
0.740990 0.325567
0.753902 0.000214
0.696681 0.000071
0.747607 0.027175
0.743557 0.043920
0.742841 0.067048
0.716209 0.089806
0.718241 0.106351
0.702637 0.117058
0.705761 0.133958
0.727312 0.174979
0.703456 0.215669
0.743537 0.241623
0.699533 0.234599
0.780784 0.347985
0.748687 0.348935
0.762163 0.000809
0.764134 0.026375
0.760339 0.042000
0.755895 0.060606
0.738055 0.083287
0.733681 0.097735
0.721773 0.122422
0.730411 0.156751
0.727771 0.192095
0.768986 0.226869
0.720830 0.261382
0.724471 0.250700
0.801757 0.348095
0.783588 0.313952
0.770459 0.000233
0.729246 0.000864
0.782097 0.025242
0.772515 0.059370
0.753985 0.086285
0.751702 0.105193
0.737376 0.113891
0.725523 0.138132
0.746033 0.183015
0.716189 0.231889
0.767662 0.208148
0.761540 0.246090
0.776995 0.265422
0.773335 0.334173
0.768525 0.310521
0.787131 0.000667
0.798779 0.026905
0.777536 0.040355
0.766176 0.076230
0.766745 0.098085
0.755821 0.123613
0.742026 0.130398
0.745550 0.147622
0.754126 0.202239
0.792551 0.252912
0.791017 0.273183
0.738462 0.265567
0.772102 0.286345
0.762359 0.287417
0.795443 0.000491
0.815558 0.024357
0.793508 0.043012
0.789982 0.060027
0.781894 0.092062
0.769305 0.116215
0.784863 0.129643
0.770832 0.136547
0.749483 0.166424
0.765802 0.165021
0.749797 0.225396
0.778392 0.243664
0.802389 0.305886
0.832081 0.318735
0.799407 0.321801
0.803798 0.000485
0.824587 0.047579
0.809670 0.058416
0.784038 0.075913
0.799036 0.093424
0.783675 0.110351
0.799878 0.130036
0.760791 0.146739
0.800029 0.192877
0.807498 0.247333
0.807479 0.272780
0.791445 0.293129
0.793503 0.353926
0.759677 0.319303
0.820679 0.000603
0.778783 0.000486
0.829895 0.028196
0.810479 0.039633
0.820588 0.071208
0.801724 0.074149
0.799258 0.110687
0.784646 0.148120
0.782162 0.180834
0.765896 0.185532
0.783305 0.199844
0.817582 0.233738
0.832902 0.271546
0.830310 0.342965
0.812721 0.340803
0.829120 0.000504
0.844056 0.025532
0.840096 0.043967
0.834684 0.063799
0.826272 0.103831
0.814130 0.089006
0.799478 0.150276
0.809244 0.166717
0.781209 0.163399
0.814858 0.198043
0.797541 0.230583
0.818399 0.217700
0.817846 0.315127
0.813690 0.293015
0.837538 0.000643
0.812240 0.000497
0.858304 0.025491
0.851446 0.061653
0.830655 0.086363
0.839938 0.114525
0.814251 0.112600
0.813950 0.132829
0.815702 0.152298
0.786288 0.219282
0.802079 0.212447
0.818669 0.261580
0.841472 0.256418
0.849349 0.366322
0.835466 0.355627
0.854641 0.000275
0.872415 0.024756
0.855219 0.043107
0.845484 0.078732
0.846026 0.097384
0.860285 0.100776
0.829111 0.126403
0.829545 0.144933
0.796751 0.175003
0.818336 0.181120
0.831002 0.212941
0.839139 0.230923
0.826803 0.288797
0.846709 0.281811
0.863273 0.000053
0.846068 0.000166
0.885879 0.026964
0.870786 0.043894
0.866377 0.062566
0.861693 0.081173
0.854954 0.120764
0.845278 0.135532
0.842825 0.155168
0.828666 0.166239
0.831081 0.191944
0.845646 0.210394
0.852180 0.244774
0.829347 0.245035
0.841282 0.302111
0.880541 0.000527
0.898273 0.027609
0.885216 0.045477
0.879659 0.066452
0.875755 0.085990
0.872006 0.108531
0.867520 0.129101
0.859074 0.145359
0.853153 0.167483
0.841018 0.177227
0.847308 0.196087
0.856964 0.228633
0.866061 0.254048
0.866442 0.385477
0.889088 0.000081
0.871906 0.000257
0.912241 0.023186
0.898751 0.048965
0.892459 0.068866
0.890893 0.089369
0.885751 0.107961
0.883776 0.128097
0.877549 0.144727
0.868710 0.159667
0.859010 0.186470
0.870105 0.196834
0.897663 0.271520
0.869688 0.329575
0.851980 0.375451
0.897599 0.000651
0.928011 0.022378
0.911315 0.040103
0.908439 0.063500
0.905493 0.080107
0.900789 0.102837
0.898349 0.121251
0.894610 0.144784
0.887756 0.161430
0.885154 0.181349
0.871624 0.174800
0.863562 0.213842
0.883441 0.258525
0.860691 0.274676
0.906258 0.000926
0.915024 0.000096
0.938931 0.035271
0.924873 0.041083
0.921110 0.061383
0.916515 0.095035
0.916343 0.109951
0.907078 0.135609
0.907276 0.155066
0.900885 0.176416
0.901598 0.194154
0.886178 0.200945
0.873838 0.233695
0.892439 0.348713
0.845120 0.332055
0.924007 0.000223
0.945385 0.020623
0.935570 0.060491
0.923628 0.079965
0.932665 0.109876
0.920163 0.124588
0.922714 0.143206
0.912914 0.168359
0.917813 0.190825
0.903673 0.210859
0.895256 0.226447
0.906975 0.254613
0.888668 0.243038
0.876410 0.277664
0.933062 0.000296
0.955364 0.032686
0.946329 0.051170
0.939673 0.078404
0.937784 0.093262
0.935411 0.131664
0.931483 0.158533
0.926881 0.175351
0.926751 0.205902
0.919063 0.222876
0.922405 0.257169
0.913103 0.236245
0.880596 0.216750
0.887687 0.288751
0.857458 0.320925
0.942051 0.000856
0.960624 0.055082
0.953554 0.069972
0.950531 0.105480
0.946989 0.120057
0.941884 0.147819
0.936741 0.186913
0.937121 0.218974
0.933171 0.239780
0.940310 0.260888
0.933848 0.277019
0.914802 0.274189
0.924927 0.293519
0.863714 0.349275
0.951293 0.000453
0.966571 0.020938
0.967969 0.040493
0.956732 0.088326
0.964484 0.125603
0.953860 0.137020
0.947411 0.165085
0.946621 0.203074
0.954598 0.226428
0.950267 0.245772
0.965964 0.255707
0.936638 0.296019
0.951915 0.312689
0.890333 0.314530
0.935449 0.315905
0.960295 0.000108
0.980762 0.025817
0.968805 0.075701
0.965468 0.108178
0.967656 0.171053
0.962525 0.208758
0.964435 0.190896
0.973766 0.272399
0.976563 0.314946
0.960717 0.293447
0.953939 0.275345
0.932307 0.348509
0.908983 0.299626
0.898723 0.398615
0.969192 0.000719
0.988198 0.000037
0.983125 0.043663
0.979324 0.120249
0.970599 0.141759
0.960542 0.154315
0.969981 0.243384
0.984739 0.243730
0.977561 0.293451
0.974908 0.334360
0.993231 0.389004
0.997646 0.445182
0.890525 0.407547
0.900170 0.320221
0.877296 0.373895
0.978292 0.000291
0.977539 0.058976
0.974693 0.092104
0.987280 0.135659
0.979583 0.155051
0.951106 0.179781
0.999608 0.291257
0.998116 0.329898
0.999580 0.267482
0.976884 0.373964
0.999918 0.342763
0.972287 0.357672
0.886430 0.366404
0.859639 0.297564
0.999712 0.000949
0.999162 0.037213
0.984304 0.075898
0.984433 0.103862
0.999832 0.105415
0.999897 0.190487
0.999628 0.141948
0.999779 0.153705
0.998161 0.358670
0.999894 0.279864
0.995292 0.371011
0.999847 0.413201
0.991495 0.434320
0.999436 0.235160
0.886084 0.344672
0.999673 0.000185
0.999193 0.048437
0.999324 0.070184
0.999207 0.093279
0.999106 0.117047
0.977484 0.190431
0.979487 0.261377
0.999369 0.316050
0.999713 0.250594
0.999577 0.202110
0.999726 0.303842
0.969305 0.367083
0.877266 0.302436
0.986992 0.413462
0.999429 0.016368
0.999971 0.026833
0.999737 0.059237
0.999229 0.082160
0.988068 0.168334
0.999288 0.128700
0.999721 0.214636
0.965881 0.228618
0.998960 0.225499
0.999560 0.166654
0.999100 0.180062
0.928957 0.341517
0.999902 0.424954
0.883256 0.405056
0.897760 0.387681
