0.000974 0.025492
0.001033 0.056902
0.000633 0.090380
0.000115 0.128135
0.000401 0.140284
0.000903 0.308295
0.000032 0.180881
0.000507 0.194889
0.000685 0.329627
0.001195 0.395295
0.063684 0.378703
0.020401 0.392920
0.035601 0.410090
0.079295 0.349911
0.000807 0.015010
0.000365 0.035682
0.000657 0.067958
0.014914 0.093521
0.027925 0.209475
0.000493 0.210467
0.000718 0.167996
0.000770 0.276429
0.000128 0.242673
0.000845 0.254301
0.000837 0.352973
0.003029 0.355320
0.042182 0.374363
0.053338 0.399025
0.089689 0.332056
0.000516 0.001110
0.000791 0.046134
0.001030 0.078747
0.000988 0.102547
0.000566 0.114040
0.011053 0.205251
0.000284 0.153796
0.000036 0.297171
0.000271 0.228854
0.018389 0.324019
0.012163 0.340819
0.030861 0.379896
0.013358 0.409198
0.083449 0.385758
0.000197 0.000013
0.019335 0.024458
0.017592 0.060383
0.012027 0.123675
0.014831 0.168278
0.027357 0.232675
0.035302 0.189947
0.001020 0.268702
0.011420 0.294080
0.026739 0.276672
0.024027 0.307522
0.033331 0.355934
0.001269 0.383435
0.046450 0.406124
0.093426 0.349399
0.013002 0.000448
0.032967 0.056534
0.018633 0.042090
0.022384 0.106540
0.013779 0.148594
0.009801 0.225782
0.041297 0.227369
0.019683 0.254169
0.034440 0.293755
0.058265 0.279341
0.038229 0.318453
0.083064 0.312654
0.038503 0.339181
0.103520 0.388700
0.032051 0.000158
0.022848 0.000744
0.038655 0.072331
0.021760 0.076523
0.018247 0.186881
0.028101 0.134793
0.032592 0.171545
0.049246 0.190027
0.033109 0.255863
0.040124 0.274334
0.054712 0.262385
0.052299 0.299325
0.071530 0.324389
0.048366 0.357828
0.124913 0.322764
0.041306 0.000504
0.033009 0.021249
0.033471 0.089834
0.033128 0.117674
0.031473 0.151406
0.045120 0.165094
0.044790 0.208545
0.060868 0.206400
0.046023 0.245463
0.064810 0.246591
0.053619 0.316796
0.055972 0.335053
0.067417 0.297386
0.071671 0.389782
0.050615 0.000492
0.033091 0.038272
0.046126 0.045043
0.051869 0.061213
0.042765 0.100216
0.045814 0.123258
0.044429 0.141182
0.057941 0.175973
0.071325 0.192838
0.056938 0.226747
0.073276 0.274046
0.079360 0.248257
0.082548 0.292817
0.118595 0.260621
0.110625 0.335982
0.059645 0.000014
0.047203 0.022622
0.062813 0.044304
0.051391 0.081283
0.055973 0.105513
0.060009 0.130945
0.058217 0.154601
0.072758 0.165923
0.076115 0.212002
0.073963 0.229292
0.089306 0.221857
0.097804 0.283262
0.067078 0.351745
0.102502 0.266420
0.068677 0.000579
0.077728 0.001041
0.057148 0.029942
0.066526 0.062549
0.065790 0.081018
0.068305 0.096567
0.069873 0.118401
0.068570 0.142731
0.080170 0.181286
0.091145 0.194337
0.102505 0.204489
0.084523 0.265792
0.123353 0.283755
0.110870 0.292661
0.113731 0.360333
0.086624 0.000424
0.068916 0.020308
0.076098 0.038395
0.079855 0.061396
0.081145 0.081356
0.081644 0.108354
0.083485 0.129566
0.083388 0.149184
0.092398 0.165491
0.114202 0.188130
0.094920 0.246416
0.120518 0.205417
0.108326 0.244602
0.124426 0.369233
0.095325 0.000862
0.112756 0.000649
0.084459 0.022427
0.088296 0.044517
0.092784 0.064973
0.093924 0.087710
0.094888 0.102935
0.098003 0.130434
0.100030 0.149983
0.101834 0.177825
0.124365 0.174403
0.101886 0.222684
0.138761 0.237872
0.112896 0.313504
0.112354 0.382777
0.103969 0.000071
0.097036 0.028486
0.103052 0.044279
0.107109 0.062331
0.107618 0.080436
0.115008 0.098059
0.105540 0.114464
0.116168 0.125723
0.115346 0.143242
0.114737 0.162502
0.133409 0.192775
0.118582 0.221669
0.131916 0.258810
0.097627 0.308327
0.121562 0.000621
0.147505 0.001078
0.108966 0.021409
0.117211 0.043220
0.121601 0.062700
0.122331 0.082641
0.126726 0.112224
0.132219 0.130608
0.130218 0.151170
0.144071 0.149949
0.139859 0.170564
0.134775 0.215856
0.152165 0.223949
0.138462 0.276108
0.141496 0.315637
0.130229 0.001234
0.122173 0.026137
0.131967 0.043012
0.135329 0.063233
0.135933 0.085116
0.138197 0.101080
0.145423 0.120104
0.152752 0.136880
0.154780 0.163659
0.146659 0.190966
0.151886 0.207772
0.121998 0.240386
0.157889 0.239141
0.159333 0.269776
0.138893 0.000582
0.181416 0.000009
0.135615 0.023815
0.145836 0.045434
0.152158 0.085011
0.154931 0.102855
0.163487 0.118248
0.168026 0.151058
0.162484 0.177131
0.180072 0.159786
0.165275 0.194588
0.169171 0.214520
0.166396 0.284948
0.149968 0.291639
0.132549 0.298883
0.156050 0.001071
0.148216 0.026129
0.148566 0.067521
0.167380 0.081351
0.170849 0.100501
0.181703 0.114820
0.169314 0.135041
0.194415 0.146606
0.178250 0.177105
0.181585 0.197900
0.190825 0.211944
0.148641 0.254905
0.135097 0.357951
0.127343 0.341332
0.164569 0.000190
0.161065 0.025551
0.160345 0.044509
0.162079 0.062715
0.183040 0.080845
0.187920 0.097440
0.185106 0.133449
0.212763 0.141135
0.198710 0.162782
0.194096 0.181070
0.204505 0.194800
0.176198 0.229108
0.169530 0.251212
0.153466 0.309915
0.146483 0.345311
0.173020 0.000700
0.175873 0.045762
0.177520 0.063719
0.198637 0.078319
0.205346 0.094648
0.198164 0.112953
0.217182 0.156696
0.233942 0.149835
0.211233 0.174640
0.207387 0.212918
0.190339 0.235273
0.186665 0.253651
0.178183 0.270758
0.178325 0.336836
0.189801 0.000583
0.173857 0.027439
0.190969 0.041794
0.193513 0.060807
0.224625 0.089014
0.216903 0.106561
0.202977 0.127779
0.248245 0.139087
0.233887 0.167176
0.246824 0.208349
0.238401 0.191014
0.189547 0.285564
0.200973 0.260206
0.191937 0.317871
0.193614 0.344880
0.198250 0.000621
0.187206 0.025119
0.207010 0.042753
0.215604 0.075945
0.235468 0.100537
0.220138 0.121852
0.232892 0.131556
0.262367 0.147468
0.223857 0.185112
0.225934 0.204934
0.207504 0.229471
0.209239 0.272264
0.169807 0.313219
0.158559 0.339869
0.206646 0.000060
0.256901 0.000696
0.202355 0.025856
0.209492 0.060600
0.246337 0.082929
0.253310 0.097411
0.239458 0.114961
0.255022 0.122558
0.284058 0.146056
0.250393 0.162836
0.237264 0.236208
0.224583 0.224920
0.217129 0.244391
0.204729 0.308931
0.180140 0.301039
0.215050 0.000829
0.217712 0.026248
0.223576 0.041817
0.234543 0.072769
0.266647 0.082215
0.265237 0.106115
0.274873 0.117822
0.273593 0.132627
0.272405 0.160950
0.269091 0.177142
0.252296 0.220114
0.228459 0.259238
0.229600 0.289405
0.167765 0.347753
0.223423 0.000062
0.290028 0.000399
0.233672 0.025715
0.227054 0.058946
0.256630 0.068199
0.278985 0.090526
0.286981 0.103974
0.299356 0.112203
0.295957 0.127710
0.344643 0.138952
0.293567 0.168906
0.253069 0.183124
0.242813 0.258352
0.272477 0.223037
0.209552 0.286508
0.231792 0.000854
0.250335 0.025777
0.240800 0.040912
0.245740 0.056936
0.289146 0.076114
0.299984 0.089202
0.314372 0.096379
0.316941 0.125977
0.300490 0.143711
0.318312 0.166206
0.264452 0.199901
0.310173 0.191805
0.201123 0.345096
0.222138 0.311367
0.240149 0.000275
0.314786 0.000085
0.258880 0.039076
0.267402 0.051467
0.274558 0.064599
0.308464 0.074646
0.335514 0.091661
0.318709 0.112317
0.324628 0.138197
0.358191 0.130166
0.307452 0.156114
0.285269 0.182223
0.278362 0.203739
0.209381 0.329942
0.234896 0.276350
0.248514 0.000239
0.267783 0.025452
0.285953 0.045707
0.292581 0.060166
0.314290 0.061163
0.324774 0.081780
0.357749 0.096071
0.339448 0.122027
0.373335 0.117651
0.359382 0.148934
0.297666 0.193452
0.330578 0.201503
0.233793 0.345665
0.254311 0.239728
0.265218 0.000763
0.339509 0.000375
0.280374 0.031311
0.307386 0.048134
0.331859 0.053292
0.332639 0.068381
0.352751 0.082643
0.336849 0.104700
0.356001 0.111835
0.381231 0.132055
0.377186 0.148655
0.323201 0.183860
0.373420 0.176250
0.259412 0.269580
0.354957 0.188721
0.273524 0.000477
0.294169 0.024412
0.303579 0.034023
0.351412 0.054862
0.350204 0.069015
0.373457 0.073659
0.406912 0.102114
0.374989 0.100308
0.389344 0.107696
0.398274 0.121320
0.330935 0.153831
0.246405 0.298261
0.410795 0.228406
0.235451 0.321625
0.281766 0.000695
0.364059 0.000180
0.344912 0.040158
0.324806 0.038935
0.370465 0.049614
0.394343 0.076324
0.377212 0.086051
0.430307 0.086296
0.424963 0.098578
0.414604 0.128136
0.396653 0.138579
0.389122 0.159287
0.363125 0.164895
0.343336 0.163750
0.268986 0.293303
0.298319 0.000123
0.317154 0.025469
0.365714 0.036780
0.389100 0.037850
0.371192 0.062109
0.398187 0.063362
0.398875 0.090386
0.421681 0.112538
0.437609 0.122690
0.410515 0.148758
0.413435 0.166562
0.449444 0.187011
0.232770 0.349205
0.287340 0.232926
0.306617 0.001020
0.334315 0.025571
0.384379 0.025318
0.390103 0.051486
0.412952 0.060120
0.478487 0.076329
0.450485 0.096276
0.412909 0.079550
0.457854 0.083065
0.430674 0.151831
0.478499 0.151373
0.453498 0.153858
0.432620 0.169690
0.389842 0.187584
0.341298 0.178456
0.323058 0.000132
0.350714 0.026279
0.401170 0.023796
0.410268 0.032803
0.440902 0.052486
0.426479 0.066281
0.475470 0.091251
0.486367 0.108270
0.456991 0.126195
0.428352 0.137023
0.450214 0.140743
0.425026 0.185509
0.257277 0.308827
0.290790 0.216276
0.331323 0.000037
0.405109 0.000567
0.367688 0.024167
0.423639 0.024630
0.413543 0.045607
0.446935 0.065550
0.440081 0.078451
0.469133 0.103512
0.443085 0.108412
0.472161 0.138554
0.494895 0.137764
0.369985 0.194539
0.407333 0.193083
0.267721 0.246586
0.268249 0.286778
0.347645 0.001012
0.449909 0.022465
0.429594 0.043835
0.465527 0.069092
0.491050 0.070998
0.508082 0.098906
0.484569 0.125496
0.465493 0.115864
0.468699 0.178216
0.399396 0.172654
0.450006 0.170476
0.479070 0.194847
0.332542 0.225283
0.248728 0.322530
0.355794 0.000848
0.413263 0.000011
0.478216 0.000113
0.471696 0.024207
0.436874 0.029763
0.511332 0.064109
0.493881 0.091651
0.505316 0.079623
0.505125 0.152931
0.502958 0.114419
0.388435 0.216416
0.494389 0.187710
0.343271 0.207077
0.383564 0.204111
0.517689 0.219758
0.372228 0.000214
0.462038 0.000497
0.455769 0.033036
0.458979 0.044828
0.547208 0.104413
0.552139 0.121426
0.520034 0.114011
0.520751 0.139579
0.497885 0.172067
0.356286 0.216286
0.315519 0.212094
0.308193 0.255092
0.299639 0.252506
0.423106 0.200314
0.380490 0.000965
0.453902 0.000096
0.486280 0.001250
0.509773 0.024092
0.545816 0.049947
0.588197 0.154799
0.551079 0.144924
0.539100 0.137896
0.662639 0.374929
0.338911 0.242911
0.395044 0.260153
0.978324 0.208718
0.602710 0.278057
0.316130 0.242101
0.358061 0.232505
0.421340 0.000028
0.470142 0.000298
0.636211 0.033936
0.482075 0.049868
0.477920 0.035827
0.556158 0.163653
0.530069 0.155672
0.509154 0.129893
0.536320 0.206377
0.478405 0.164567
0.415764 0.239074
0.375376 0.257433
0.392403 0.228459
0.310615 0.228650
0.396839 0.000187
0.437520 0.000642
0.510504 0.000311
0.490840 0.024125
0.660568 0.353088
0.525972 0.071919
0.710934 0.281979
0.513824 0.169085
0.429099 0.215977
0.513688 0.201561
0.959904 0.327530
0.731895 0.289870
0.722940 0.307557
0.387202 0.254661
0.277807 0.256493
0.534733 0.001119
0.502428 0.000645
0.429445 0.000730
0.095677 0.374658
0.510082 0.050297
0.531026 0.099587
0.449648 0.202282
0.666603 0.361465
0.586886 0.261431
0.469810 0.252726
0.915322 0.311980
0.627216 0.298560
0.441781 0.254521
0.472570 0.247516
0.599321 0.000864
0.550773 0.000901
0.388696 0.001030
0.494343 0.000518
0.557060 0.024491
0.493489 0.057278
0.519695 0.086849
0.568122 0.145007
0.555092 0.219927
0.508746 0.250563
0.477568 0.209160
0.431543 0.232517
0.549697 0.273502
0.443191 0.256647
0.555606 0.304324
0.591174 0.000522
0.518630 0.001255
0.445656 0.000429
0.515848 0.036104
0.464786 0.056441
0.944489 0.354901
0.356540 0.246011
0.463761 0.231943
0.508036 0.266098
0.654205 0.368645
0.371841 0.242374
0.497213 0.259213
0.609330 0.283658
0.593659 0.230145
0.615485 0.000505
0.566933 0.000479
0.528806 0.024214
0.526657 0.000763
0.529413 0.056358
0.531537 0.040122
0.541349 0.069971
0.535907 0.119793
0.569631 0.128646
0.518958 0.185534
0.559638 0.197656
0.480678 0.227284
0.574072 0.255022
0.522666 0.266209
0.632964 0.263624
0.631633 0.000085
0.542762 0.000568
0.570704 0.031164
0.543602 0.029386
0.497013 0.037196
0.541002 0.087538
0.570432 0.112001
0.586116 0.122027
0.592120 0.138629
0.538387 0.170241
0.455503 0.215089
0.580363 0.214865
0.555365 0.284257
0.582830 0.269778
0.639753 0.000195
0.558877 0.000241
0.601233 0.024458
0.594371 0.036854
0.582157 0.046429
0.560645 0.096553
0.581700 0.100540
0.607517 0.121608
0.607062 0.156545
0.540525 0.189628
0.604477 0.232976
0.621860 0.242488
0.534677 0.248697
0.583160 0.202412
0.548812 0.261246
0.656015 0.000406
0.624296 0.024326
0.613852 0.033380
0.582428 0.024677
0.559241 0.041399
0.555459 0.062463
0.556043 0.080095
0.574330 0.085125
0.612042 0.141346
0.585763 0.178060
0.607189 0.210952
0.566670 0.184584
0.560638 0.226677
0.499887 0.223958
0.664116 0.000503
0.574980 0.000290
0.646937 0.025197
0.570822 0.055405
0.611508 0.049562
0.598402 0.055667
0.571932 0.070510
0.590789 0.081758
0.597198 0.107246
0.632592 0.152260
0.607307 0.178014
0.601649 0.191149
0.689591 0.280518
0.641987 0.291978
0.720636 0.297866
0.680338 0.000725
0.583098 0.000163
0.607432 0.001027
0.628895 0.047123
0.589303 0.066301
0.619008 0.084175
0.601283 0.091887
0.624650 0.129755
0.643661 0.141701
0.624202 0.166481
0.574321 0.165464
0.631265 0.230758
0.636471 0.295080
0.554227 0.296711
0.688477 0.000768
0.623617 0.000849
0.664189 0.025494
0.652285 0.053455
0.620040 0.064064
0.607272 0.073673
0.618043 0.099735
0.623898 0.113782
0.650011 0.126754
0.670625 0.144087
0.628587 0.184959
0.644915 0.184906
0.641466 0.203166
0.661824 0.224265
0.738390 0.336820
0.704825 0.000269
0.675673 0.036445
0.673981 0.066483
0.655435 0.039284
0.638385 0.060480
0.635634 0.073493
0.636402 0.086927
0.642927 0.113732
0.674988 0.175823
0.659792 0.155919
0.664272 0.207061
0.656840 0.245893
0.534289 0.225692
0.677388 0.281143
0.713013 0.000492
0.647877 0.000039
0.685031 0.025664
0.672673 0.051634
0.657379 0.068209
0.658696 0.081292
0.640761 0.099275
0.664293 0.109794
0.667099 0.126550
0.688110 0.192806
0.650155 0.167645
0.679484 0.226081
0.620362 0.206017
0.640774 0.220374
0.672757 0.243986
0.721162 0.000629
0.700584 0.026754
0.692635 0.043617
0.691854 0.060378
0.683842 0.077775
0.658814 0.095288
0.681512 0.104534
0.687550 0.136113
0.681676 0.161037
0.665131 0.189391
0.744924 0.282109
0.692501 0.258957
0.665567 0.254225
0.611043 0.255106
0.737572 0.000476
0.672233 0.000121
0.717119 0.027192
0.709561 0.041699
0.710786 0.059116
0.703258 0.073005
0.677007 0.090484
0.685701 0.119557
0.697136 0.153599
0.701495 0.183708
0.729432 0.224000
0.736667 0.208400
0.699508 0.252145
0.675370 0.287106
0.762693 0.350636
0.745670 0.000373
0.732871 0.027104
0.727562 0.043285
0.729228 0.060228
0.722665 0.074412
0.699290 0.087462
0.700069 0.101862
0.713364 0.151246
0.710971 0.170410
0.713473 0.200536
0.686458 0.209849
0.641892 0.266045
0.758115 0.263358
0.742529 0.325797
0.753925 0.000612
0.696693 0.000437
0.748412 0.027210
0.744411 0.043950
0.743927 0.066918
0.717438 0.089354
0.719666 0.105760
0.704032 0.116511
0.707022 0.133541
0.728584 0.175184
0.704567 0.215724
0.745218 0.241786
0.701046 0.234561
0.782376 0.349027
0.750768 0.349501
0.762183 0.000755
0.764752 0.026342
0.761084 0.042045
0.756992 0.060586
0.739216 0.082927
0.734951 0.097229
0.723177 0.121911
0.731731 0.156679
0.729238 0.192479
0.770091 0.227288
0.722015 0.260910
0.725955 0.250520
0.803513 0.349520
0.784864 0.315007
0.770476 0.000212
0.729294 0.000523
0.782630 0.025263
0.773451 0.059410
0.755113 0.086170
0.753000 0.104844
0.738918 0.113475
0.727080 0.137759
0.747199 0.183215
0.717655 0.232004
0.769006 0.208594
0.763030 0.246288
0.778053 0.265818
0.775292 0.334631
0.769860 0.311029
0.787150 0.000118
0.799169 0.026859
0.778172 0.040413
0.767136 0.076170
0.767932 0.097856
0.757305 0.123393
0.743380 0.130065
0.746974 0.147360
0.755497 0.202517
0.793374 0.253550
0.792047 0.273855
0.740093 0.265716
0.773598 0.286851
0.763785 0.287978
0.795461 0.000053
0.815854 0.024332
0.793995 0.043238
0.790796 0.060175
0.782969 0.092075
0.770606 0.115887
0.786155 0.129463
0.772191 0.136168
0.750693 0.166389
0.767175 0.165047
0.750834 0.225468
0.779475 0.243870
0.803426 0.306926
0.833217 0.320154
0.800687 0.323074
0.803807 0.000399
0.825017 0.047821
0.810262 0.058508
0.785002 0.075969
0.799949 0.093492
0.784794 0.110169
0.801011 0.129993
0.762173 0.146574
0.801328 0.192645
0.808429 0.247903
0.808453 0.273637
0.792755 0.293734
0.794757 0.355609
0.761471 0.319569
0.820695 0.000456
0.778798 0.000078
0.830058 0.028237
0.810899 0.039661
0.821259 0.071254
0.802565 0.074270
0.800216 0.110672
0.785879 0.147889
0.783323 0.180819
0.766963 0.185502
0.784491 0.199889
0.818371 0.233593
0.833845 0.272325
0.832013 0.344418
0.814278 0.341900
0.829146 0.000951
0.844278 0.025481
0.840383 0.043869
0.835301 0.063847
0.827026 0.103941
0.814942 0.089270
0.800620 0.150187
0.810594 0.166387
0.782704 0.163369
0.816173 0.198102
0.798620 0.231125
0.819217 0.217889
0.818751 0.316316
0.814613 0.293809
0.837559 0.000254
0.812248 0.000424
0.858603 0.025581
0.851886 0.061668
0.831286 0.086444
0.840669 0.114676
0.815132 0.112738
0.814962 0.132884
0.816752 0.152120
0.787422 0.219496
0.802765 0.212297
0.819424 0.261912
0.842649 0.257091
0.850870 0.368388
0.836832 0.357562
0.854646 0.000197
0.872612 0.024731
0.855548 0.043043
0.846050 0.078895
0.846498 0.097405
0.860890 0.100772
0.829941 0.126442
0.830443 0.144705
0.797870 0.174925
0.819313 0.180730
0.831957 0.212883
0.840004 0.231206
0.828098 0.289981
0.847977 0.282869
0.863276 0.000837
0.846078 0.000540
0.886044 0.026923
0.871081 0.043923
0.866709 0.062538
0.862220 0.081213
0.855562 0.120756
0.846016 0.135558
0.843722 0.155083
0.829782 0.166018
0.832029 0.191910
0.846742 0.210454
0.853291 0.245110
0.830267 0.245660
0.842553 0.303481
0.880547 0.000452
0.898544 0.027596
0.885589 0.045544
0.879981 0.066492
0.876126 0.086102
0.872374 0.108828
0.867952 0.129116
0.859558 0.145419
0.853803 0.167486
0.841779 0.177292
0.848038 0.196014
0.857931 0.228852
0.867259 0.254825
0.866746 0.387210
0.889097 0.000367
0.871914 0.000100
0.912447 0.023157
0.899054 0.049099
0.892575 0.069001
0.891311 0.089401
0.886220 0.107862
0.884180 0.128007
0.877848 0.144640
0.869374 0.159610
0.859611 0.186414
0.870724 0.196891
0.898336 0.272585
0.870993 0.331100
0.852919 0.377611
0.897616 0.000218
0.928277 0.022601
0.911538 0.040036
0.908773 0.063454
0.905895 0.080082
0.901151 0.102650
0.898840 0.121185
0.894778 0.144725
0.888043 0.161451
0.885461 0.181762
0.872284 0.174735
0.864557 0.214088
0.884584 0.259808
0.862211 0.275471
0.906269 0.000780
0.915029 0.000707
0.939164 0.035417
0.925189 0.041130
0.921480 0.061267
0.916835 0.095196
0.916680 0.110082
0.907265 0.135713
0.907533 0.154897
0.901145 0.176753
0.902078 0.194485
0.886859 0.201454
0.874800 0.234398
0.892698 0.350157
0.846432 0.333822
0.924011 0.000861
0.945552 0.020630
0.935965 0.060664
0.923628 0.079838
0.933115 0.109755
0.920367 0.124588
0.922823 0.142947
0.913114 0.168380
0.918111 0.191218
0.904210 0.211446
0.895881 0.227150
0.907394 0.255369
0.889642 0.243894
0.877746 0.278758
0.933066 0.000874
0.955538 0.032678
0.946524 0.051525
0.939809 0.078778
0.937815 0.093319
0.935611 0.131762
0.931439 0.158462
0.927077 0.175628
0.926906 0.206351
0.919560 0.223650
0.922803 0.258220
0.913782 0.237332
0.881183 0.217028
0.888335 0.289889
0.858805 0.322105
0.942070 0.000539
0.960969 0.055170
0.953666 0.070134
0.950627 0.105562
0.947115 0.120284
0.941881 0.148016
0.937042 0.187743
0.937462 0.220102
0.933286 0.240856
0.940159 0.261876
0.934065 0.278040
0.915217 0.275485
0.925819 0.294637
0.864894 0.350500
0.951316 0.000231
0.966619 0.020828
0.968008 0.040508
0.956804 0.088256
0.964730 0.125583
0.953671 0.136869
0.947514 0.165170
0.946627 0.203926
0.954662 0.226954
0.949798 0.246444
0.966063 0.255525
0.936406 0.297200
0.951531 0.314019
0.891403 0.316314
0.935408 0.317371
0.960316 0.000920
0.980854 0.025754
0.968792 0.075897
0.965563 0.108288
0.967363 0.171109
0.962853 0.209409
0.964356 0.191418
0.974227 0.273936
0.976750 0.316746
0.960373 0.294614
0.953155 0.276022
0.931345 0.350186
0.909147 0.300772
0.900165 0.400228
0.969234 0.000135
0.988209 0.001034
0.983154 0.043643
0.979453 0.120092
0.970640 0.141672
0.960489 0.154038
0.971053 0.242855
0.984412 0.242799
0.978325 0.294484
0.974662 0.336050
0.993268 0.389790
0.997424 0.447112
0.890682 0.408544
0.900634 0.321892
0.878099 0.376009
0.978318 0.000072
0.977771 0.059202
0.974641 0.092194
0.987497 0.135340
0.979534 0.154714
0.950898 0.180043
0.999903 0.291301
0.998340 0.330031
0.999322 0.267433
0.977323 0.375339
0.999007 0.343274
0.972687 0.359820
0.887535 0.367790
0.861036 0.298755
0.999791 0.000943
0.999259 0.037176
0.984278 0.076035
0.984542 0.103873
0.999305 0.105355
0.999691 0.190660
0.998977 0.141907
0.999808 0.153660
0.997927 0.359695
0.999446 0.279818
0.994762 0.371148
0.999907 0.413821
0.991525 0.437327
0.999632 0.235225
0.887603 0.346186
0.999519 0.000771
0.999854 0.048421
0.999558 0.070157
0.999358 0.093225
0.999693 0.116925
0.977415 0.191110
0.979698 0.261274
0.999482 0.316273
0.999965 0.250657
0.999832 0.202267
0.999871 0.303996
0.969410 0.369104
0.878550 0.303621
0.987429 0.415152
0.999683 0.016347
0.999049 0.026814
0.999710 0.059247
0.999441 0.082132
0.987810 0.168276
0.999602 0.128607
0.999938 0.214761
0.966388 0.229189
0.998996 0.225444
0.999823 0.166631
0.999497 0.180055
0.928701 0.341486
0.999033 0.425229
0.883258 0.407627
0.897326 0.389811
