0.000345 0.025475
0.000156 0.056947
0.001041 0.090261
0.000045 0.128136
0.000781 0.140301
0.000598 0.309036
0.000806 0.180925
0.000098 0.194685
0.000410 0.329280
0.000607 0.398356
0.062847 0.381343
0.019408 0.396889
0.034381 0.413382
0.078097 0.353235
0.000427 0.014995
0.000722 0.035644
0.000818 0.067973
0.015003 0.093616
0.028273 0.211038
0.000771 0.210525
0.000587 0.167975
0.000632 0.276937
0.000918 0.242732
0.000424 0.254438
0.000392 0.352912
0.002044 0.358487
0.040749 0.378117
0.052349 0.403141
0.087474 0.334329
0.000805 0.000856
0.000624 0.046112
0.000429 0.078697
0.000061 0.102596
0.000159 0.114044
0.011024 0.206782
0.000339 0.153864
0.000924 0.297190
0.000602 0.228918
0.017327 0.325056
0.011508 0.341704
0.029556 0.382897
0.011829 0.412274
0.081913 0.389501
0.000199 0.000072
0.019136 0.023844
0.017699 0.059939
0.012236 0.124130
0.015074 0.169527
0.027352 0.234867
0.035021 0.191186
0.000917 0.268337
0.011603 0.295067
0.025671 0.277783
0.023001 0.309337
0.032350 0.358779
0.001789 0.384315
0.045447 0.409225
0.091350 0.353071
0.012918 0.000443
0.033172 0.056780
0.018422 0.042040
0.022243 0.106866
0.013389 0.149042
0.010321 0.226071
0.041321 0.228870
0.018781 0.255472
0.033255 0.295607
0.056875 0.281407
0.037998 0.321046
0.081278 0.314790
0.037208 0.341666
0.102113 0.392335
0.032036 0.000988
0.022810 0.000389
0.038583 0.072509
0.021448 0.076276
0.017875 0.188082
0.028067 0.135471
0.032596 0.173301
0.049664 0.191725
0.032124 0.258011
0.038793 0.276673
0.053517 0.264606
0.051174 0.301535
0.070436 0.327360
0.047245 0.360313
0.122629 0.324339
0.041263 0.000816
0.032526 0.021318
0.033363 0.089897
0.032695 0.118010
0.030953 0.152688
0.044788 0.166396
0.044130 0.209869
0.060343 0.207553
0.045111 0.247691
0.063083 0.248090
0.051849 0.319499
0.054591 0.337665
0.065750 0.299589
0.070251 0.393730
0.050519 0.000767
0.032427 0.038741
0.045538 0.045249
0.051148 0.061152
0.042139 0.101118
0.045514 0.124018
0.043674 0.142167
0.057436 0.176890
0.070443 0.194164
0.055822 0.228233
0.071461 0.276280
0.077659 0.249819
0.080841 0.294594
0.115919 0.262556
0.108013 0.339226
0.059548 0.000084
0.046738 0.022695
0.062611 0.044829
0.050994 0.081926
0.055882 0.106357
0.059194 0.132204
0.057150 0.155329
0.072115 0.166552
0.075096 0.212954
0.072278 0.231592
0.087841 0.223184
0.095596 0.284598
0.065338 0.355173
0.100036 0.268298
0.068599 0.000341
0.077642 0.000418
0.056611 0.030188
0.065809 0.062809
0.064644 0.081566
0.067879 0.096968
0.068911 0.119007
0.067679 0.143651
0.078612 0.182328
0.089592 0.195758
0.100798 0.205860
0.082380 0.267409
0.120991 0.285502
0.108290 0.294619
0.110259 0.363185
0.086568 0.000308
0.068195 0.020180
0.075650 0.037868
0.078894 0.061151
0.080106 0.081317
0.080542 0.108525
0.082285 0.129888
0.081678 0.149905
0.090775 0.166274
0.112143 0.188820
0.092581 0.247797
0.118569 0.206515
0.106396 0.245967
0.122344 0.372406
0.095288 0.001013
0.112760 0.000971
0.083953 0.022143
0.087441 0.044816
0.091836 0.065594
0.092759 0.088396
0.093772 0.102960
0.096348 0.130882
0.098028 0.150520
0.099959 0.178659
0.122207 0.174601
0.100121 0.224125
0.136060 0.238765
0.109525 0.315506
0.110294 0.386552
0.103952 0.000919
0.096382 0.028459
0.102081 0.044326
0.106078 0.062194
0.106190 0.080524
0.113607 0.098594
0.103710 0.115467
0.114196 0.126255
0.113364 0.143257
0.112327 0.163506
0.131032 0.193544
0.116541 0.222791
0.129940 0.260351
0.095112 0.310915
0.121550 0.000219
0.147499 0.000661
0.108093 0.021257
0.115910 0.043235
0.120392 0.062631
0.120619 0.083194
0.125268 0.112947
0.130355 0.131859
0.127918 0.151907
0.141672 0.150432
0.137361 0.171064
0.132303 0.216771
0.149230 0.224717
0.135842 0.277501
0.138294 0.318112
0.130199 0.000755
0.121372 0.026424
0.130856 0.043019
0.133919 0.063304
0.134048 0.085444
0.136058 0.101359
0.143291 0.120189
0.150212 0.136896
0.152409 0.163932
0.144443 0.191077
0.148554 0.208986
0.119577 0.241513
0.155005 0.239850
0.156231 0.271771
0.138871 0.000077
0.181407 0.000864
0.134715 0.023635
0.144488 0.045711
0.150194 0.085055
0.152689 0.102825
0.161073 0.118413
0.165116 0.151274
0.159462 0.177645
0.177254 0.160016
0.162537 0.195342
0.166578 0.214966
0.163688 0.287050
0.147054 0.293164
0.129960 0.301035
0.156044 0.000578
0.147370 0.026298
0.147061 0.067871
0.165208 0.081484
0.168447 0.100682
0.178948 0.115069
0.166893 0.135220
0.191595 0.146646
0.175362 0.177146
0.178961 0.198807
0.187496 0.212876
0.146657 0.256398
0.131776 0.361259
0.124397 0.344534
0.164558 0.000673
0.160263 0.025307
0.158853 0.044333
0.160404 0.062536
0.180925 0.080800
0.185166 0.097410
0.182481 0.133424
0.210018 0.140947
0.195719 0.162697
0.190447 0.181599
0.201435 0.195329
0.173027 0.230363
0.166389 0.252862
0.150605 0.312314
0.142833 0.348440
0.172996 0.000927
0.174200 0.045610
0.175328 0.063631
0.196190 0.078070
0.202515 0.094353
0.195614 0.112770
0.214253 0.156798
0.230949 0.149853
0.207815 0.174714
0.203723 0.213784
0.187334 0.236804
0.183676 0.254609
0.174972 0.272293
0.174262 0.338393
0.189809 0.000690
0.172781 0.027329
0.189115 0.041683
0.191015 0.060604
0.221743 0.088398
0.214042 0.106361
0.199873 0.127765
0.244758 0.138723
0.230465 0.167690
0.242940 0.208858
0.235077 0.191246
0.186152 0.287271
0.198214 0.261369
0.187733 0.319724
0.189689 0.346329
0.198259 0.000863
0.185994 0.024618
0.204962 0.042712
0.212860 0.075641
0.232386 0.100056
0.217148 0.121630
0.229503 0.131093
0.259247 0.146929
0.220102 0.185596
0.222370 0.205210
0.203995 0.230426
0.205600 0.273881
0.166821 0.315471
0.155187 0.341793
0.206652 0.000334
0.256829 0.000299
0.200753 0.025730
0.207036 0.060285
0.243397 0.082342
0.249944 0.096847
0.236499 0.114705
0.252196 0.122168
0.281091 0.145936
0.246746 0.162700
0.232847 0.237106
0.220737 0.225344
0.213552 0.245760
0.200899 0.310125
0.176639 0.302447
0.215031 0.000836
0.215905 0.026021
0.221525 0.041578
0.231703 0.072352
0.263446 0.081544
0.261887 0.105427
0.272270 0.117113
0.270227 0.132055
0.269174 0.160547
0.265318 0.176483
0.248220 0.220258
0.224709 0.260229
0.225666 0.290915
0.164121 0.349748
0.223399 0.000424
0.289973 0.000041
0.231711 0.025419
0.224422 0.058450
0.253892 0.067576
0.275852 0.089480
0.284032 0.103122
0.296878 0.111083
0.292591 0.126818
0.342006 0.137884
0.290460 0.168347
0.249760 0.182833
0.239566 0.259638
0.268531 0.223272
0.205623 0.288056
0.231744 0.000512
0.248236 0.025567
0.238641 0.040739
0.243230 0.056416
0.286493 0.075186
0.296583 0.088505
0.312009 0.094883
0.313764 0.125407
0.297393 0.142624
0.314995 0.165317
0.260533 0.199789
0.306410 0.190870
0.197495 0.346739
0.217881 0.312654
0.240109 0.000379
0.314722 0.000446
0.256642 0.039024
0.264945 0.051150
0.272086 0.064262
0.305831 0.073599
0.333731 0.090117
0.316049 0.111255
0.322175 0.137387
0.355823 0.128286
0.304260 0.155520
0.281778 0.181593
0.274609 0.202411
0.205119 0.331205
0.231127 0.277202
0.248479 0.000641
0.265515 0.025318
0.283510 0.045257
0.290142 0.059263
0.312245 0.060312
0.321867 0.080571
0.355951 0.094600
0.336585 0.120715
0.371273 0.116054
0.356562 0.147577
0.293764 0.193238
0.326179 0.199950
0.229240 0.346863
0.249295 0.239541
0.265142 0.000310
0.339413 0.000287
0.278219 0.031030
0.304973 0.047305
0.329777 0.052459
0.330571 0.067451
0.350745 0.081203
0.334215 0.103457
0.353202 0.110555
0.378449 0.130666
0.374514 0.146921
0.320567 0.182822
0.370933 0.174438
0.254944 0.270532
0.352597 0.186843
0.273465 0.000028
0.291807 0.024183
0.301542 0.033357
0.349590 0.053475
0.348338 0.067392
0.371491 0.072056
0.405707 0.100859
0.372782 0.099234
0.388065 0.105954
0.396336 0.120341
0.327072 0.152551
0.242792 0.298124
0.409394 0.225624
0.230263 0.322532
0.281667 0.001094
0.364017 0.000396
0.342718 0.039438
0.322410 0.038411
0.369276 0.048285
0.392378 0.074771
0.375737 0.084688
0.428681 0.084501
0.423693 0.096768
0.412776 0.126849
0.394521 0.137062
0.386698 0.157233
0.360169 0.163266
0.340360 0.162434
0.265538 0.293874
0.298292 0.000030
0.315224 0.025098
0.363871 0.035908
0.388135 0.036786
0.369655 0.060636
0.397239 0.061534
0.396917 0.089079
0.420633 0.111164
0.436344 0.120984
0.408697 0.147739
0.411692 0.165023
0.448339 0.184771
0.228608 0.350757
0.283227 0.232593
0.306539 0.000631
0.332544 0.025378
0.382755 0.024718
0.388590 0.050029
0.411870 0.059664
0.478932 0.073780
0.449921 0.094033
0.411690 0.077814
0.457665 0.080993
0.429632 0.150626
0.478858 0.149410
0.453075 0.152232
0.431521 0.167596
0.387720 0.185549
0.337740 0.176888
0.322986 0.001016
0.348984 0.025815
0.400014 0.023248
0.409339 0.031760
0.439924 0.050421
0.426157 0.064420
0.475203 0.089381
0.486268 0.106316
0.456005 0.124440
0.426357 0.135283
0.448774 0.138696
0.422594 0.184991
0.253424 0.308829
0.285952 0.214907
0.331258 0.000695
0.405093 0.000037
0.365976 0.023678
0.422756 0.024118
0.412388 0.044715
0.446836 0.063647
0.439317 0.076701
0.468110 0.101775
0.442130 0.106733
0.472144 0.136891
0.495362 0.136032
0.367241 0.192870
0.405186 0.191221
0.263151 0.246483
0.263080 0.285750
0.347517 0.000068
0.449398 0.021558
0.427949 0.042506
0.464560 0.067458
0.490985 0.068950
0.508924 0.096618
0.484621 0.123792
0.465249 0.114241
0.468988 0.176327
0.397636 0.171057
0.448593 0.168592
0.479833 0.193487
0.327568 0.223213
0.244636 0.322574
0.355714 0.000305
0.413239 0.000227
0.478213 0.000230
0.471542 0.023458
0.436303 0.028815
0.511326 0.062113
0.494117 0.089453
0.505689 0.077161
0.506185 0.151152
0.502824 0.111937
0.386108 0.213128
0.494981 0.186087
0.339792 0.204965
0.380936 0.202165
0.519228 0.216228
0.372198 0.000461
0.462038 0.000904
0.455319 0.031778
0.457967 0.043106
0.548557 0.102748
0.553418 0.120246
0.520331 0.112324
0.521426 0.137521
0.498932 0.170599
0.353668 0.213930
0.310896 0.210798
0.304609 0.254161
0.296729 0.252252
0.421301 0.198927
0.380406 0.000182
0.453893 0.000101
0.486257 0.000958
0.509813 0.023238
0.546732 0.048047
0.590726 0.153799
0.552771 0.143767
0.540332 0.136583
0.663716 0.362051
0.334193 0.239336
0.392435 0.255709
0.976514 0.209504
0.605150 0.273520
0.312554 0.238646
0.353117 0.227999
0.421311 0.000160
0.470143 0.000547
0.637771 0.033135
0.481274 0.048358
0.477845 0.034782
0.558055 0.162349
0.531714 0.154105
0.509752 0.127763
0.537592 0.204841
0.477627 0.163323
0.414097 0.235387
0.373054 0.252966
0.390488 0.225908
0.306024 0.226607
0.396826 0.000109
0.437449 0.000531
0.510509 0.000814
0.490758 0.023328
0.661750 0.340925
0.526996 0.069292
0.714724 0.280266
0.514238 0.167377
0.427694 0.213523
0.515383 0.199550
0.960301 0.329890
0.734896 0.290819
0.727951 0.304795
0.384261 0.250049
0.272739 0.255690
0.534815 0.000082
0.502430 0.000968
0.429385 0.001093
0.093588 0.377452
0.510380 0.048205
0.532188 0.097940
0.447840 0.199718
0.666911 0.348876
0.589925 0.256997
0.469553 0.247124
0.916633 0.316581
0.629466 0.293795
0.439522 0.249129
0.473005 0.243966
0.599329 0.000366
0.550806 0.000216
0.388639 0.000801
0.494336 0.000438
0.557912 0.023879
0.493444 0.054940
0.520036 0.084634
0.570375 0.143903
0.556561 0.218764
0.509913 0.247726
0.477601 0.205937
0.429260 0.228500
0.551146 0.270290
0.443108 0.251807
0.556841 0.300366
0.591197 0.000792
0.518649 0.000969
0.445632 0.000887
0.516362 0.034929
0.464733 0.054284
0.945624 0.357407
0.351631 0.243528
0.463213 0.228316
0.509942 0.262562
0.655543 0.356198
0.368451 0.238691
0.498998 0.253602
0.611634 0.281047
0.596490 0.227372
0.615518 0.000915
0.566958 0.000485
0.529044 0.023474
0.526698 0.001210
0.530114 0.054191
0.532177 0.038632
0.541989 0.067748
0.536798 0.117713
0.571272 0.127842
0.519868 0.184474
0.561580 0.196181
0.481109 0.222976
0.575573 0.251727
0.524017 0.260061
0.635497 0.262365
0.631677 0.000888
0.542807 0.000134
0.571723 0.029974
0.544160 0.028176
0.497049 0.035897
0.541406 0.085533
0.571310 0.110397
0.588009 0.120358
0.594002 0.137273
0.539941 0.168570
0.454241 0.212909
0.582441 0.213020
0.558379 0.281439
0.585169 0.268217
0.639798 0.000554
0.558899 0.000710
0.602461 0.023803
0.595847 0.035967
0.583276 0.044812
0.562299 0.095152
0.584158 0.098828
0.609939 0.121254
0.609443 0.156484
0.542198 0.188718
0.607357 0.231919
0.625010 0.241423
0.537024 0.246145
0.585759 0.201292
0.549949 0.259210
0.656062 0.000697
0.625766 0.023710
0.615330 0.032436
0.583651 0.024057
0.560039 0.039744
0.557011 0.060726
0.556487 0.078381
0.575157 0.083013
0.613548 0.140792
0.587715 0.177597
0.610041 0.209875
0.568482 0.183866
0.563030 0.223894
0.501287 0.221523
0.664193 0.000483
0.574997 0.000378
0.648413 0.024651
0.571728 0.053520
0.613046 0.048203
0.599967 0.053881
0.573185 0.068704
0.592432 0.080357
0.598773 0.106783
0.634652 0.152047
0.609771 0.177446
0.604369 0.189948
0.694087 0.280150
0.643548 0.289830
0.724430 0.298138
0.680423 0.000384
0.583109 0.000797
0.607485 0.000076
0.630644 0.046025
0.590369 0.064137
0.621117 0.082202
0.603566 0.090340
0.627661 0.129809
0.646166 0.141592
0.626672 0.166725
0.576249 0.164246
0.634579 0.230065
0.638787 0.293856
0.553458 0.293498
0.688568 0.000540
0.623659 0.000442
0.665876 0.024970
0.654440 0.052407
0.622017 0.062583
0.608408 0.071700
0.619287 0.098561
0.625914 0.112789
0.652664 0.126401
0.673615 0.144190
0.631433 0.184490
0.648108 0.184974
0.644144 0.202797
0.664419 0.224267
0.742007 0.336498
0.704892 0.000952
0.677296 0.035968
0.676195 0.065609
0.657063 0.038323
0.640291 0.058796
0.637618 0.072078
0.638617 0.085778
0.644711 0.113201
0.677642 0.175896
0.662277 0.155977
0.667384 0.207424
0.660154 0.245172
0.535431 0.223989
0.680773 0.279212
0.713071 0.001133
0.647915 0.000692
0.686548 0.025196
0.674592 0.050828
0.659383 0.066749
0.660921 0.079918
0.642725 0.098002
0.666747 0.108864
0.669537 0.126050
0.690401 0.192865
0.652791 0.167735
0.682723 0.225838
0.623155 0.205642
0.643692 0.219856
0.675988 0.243645
0.721232 0.000313
0.702281 0.026481
0.694329 0.042691
0.693958 0.059162
0.686660 0.076301
0.661085 0.094147
0.684204 0.103392
0.689861 0.136006
0.684160 0.161018
0.667608 0.189449
0.749300 0.282465
0.695646 0.259759
0.668565 0.253169
0.613850 0.252770
0.737624 0.000768
0.672273 0.000279
0.718942 0.026868
0.711411 0.041088
0.712890 0.058155
0.705846 0.071695
0.679095 0.088933
0.688454 0.118746
0.700139 0.153849
0.704044 0.184188
0.732058 0.224261
0.738804 0.208604
0.702531 0.251749
0.677447 0.287281
0.766260 0.351574
0.745747 0.000881
0.734634 0.026817
0.729268 0.042853
0.731587 0.059653
0.725010 0.073444
0.701756 0.086179
0.702705 0.100786
0.715922 0.151147
0.713356 0.171088
0.715574 0.200717
0.689168 0.209802
0.645258 0.264627
0.761612 0.263725
0.745506 0.326428
0.753984 0.000034
0.696743 0.001059
0.750021 0.027157
0.746128 0.043903
0.746146 0.066457
0.719906 0.088387
0.722427 0.104633
0.706731 0.115716
0.709381 0.132958
0.730983 0.175622
0.706756 0.215631
0.748474 0.242031
0.703927 0.234321
0.785444 0.351219
0.754923 0.350323
0.762254 0.000175
0.765998 0.026164
0.762570 0.042021
0.759202 0.060355
0.741568 0.082020
0.737498 0.096165
0.725842 0.121078
0.734203 0.156736
0.732036 0.193202
0.772108 0.228032
0.724219 0.260255
0.728952 0.250020
0.807007 0.352511
0.787312 0.317145
0.770506 0.000911
0.729384 0.000567
0.783649 0.025226
0.775345 0.059316
0.757404 0.085754
0.755587 0.104048
0.741923 0.112701
0.730026 0.137283
0.749380 0.183697
0.720522 0.232098
0.771479 0.209420
0.765796 0.246626
0.779955 0.266556
0.778997 0.335664
0.772243 0.311909
0.787170 0.001146
0.799851 0.026644
0.779385 0.040414
0.769108 0.075893
0.770337 0.097213
0.760193 0.123041
0.745954 0.129589
0.749573 0.147029
0.757972 0.202991
0.794912 0.254809
0.794064 0.275220
0.743286 0.265987
0.776562 0.287846
0.766231 0.289137
0.795484 0.000331
0.816381 0.024243
0.794962 0.043595
0.792442 0.060319
0.785147 0.091893
0.773160 0.115192
0.788695 0.128993
0.774750 0.135438
0.752863 0.166477
0.769630 0.165220
0.752804 0.225472
0.781534 0.244184
0.805499 0.308976
0.835688 0.322987
0.803240 0.325852
0.803826 0.000600
0.825838 0.048266
0.811396 0.058580
0.786933 0.075934
0.801796 0.093437
0.787069 0.109658
0.803259 0.129784
0.764768 0.146425
0.803637 0.192215
0.810169 0.249082
0.810389 0.275410
0.795242 0.294821
0.797208 0.358976
0.764608 0.320204
0.820736 0.000027
0.778821 0.000380
0.830320 0.028272
0.811698 0.039652
0.822558 0.071234
0.804255 0.074410
0.802183 0.110491
0.788168 0.147455
0.785331 0.180948
0.768798 0.185529
0.786606 0.199989
0.819846 0.233388
0.835836 0.273968
0.835458 0.347422
0.817475 0.344146
0.829191 0.000527
0.844610 0.025316
0.840869 0.043631
0.836469 0.063814
0.828569 0.103964
0.816545 0.089664
0.802807 0.149964
0.813116 0.165742
0.785514 0.163341
0.818615 0.198258
0.800550 0.232261
0.820638 0.218308
0.820756 0.318775
0.816495 0.295299
0.837589 0.000798
0.812266 0.000424
0.859123 0.025725
0.852636 0.061607
0.832542 0.086479
0.842145 0.114758
0.816908 0.112878
0.817006 0.132848
0.818805 0.151619
0.789384 0.219900
0.803908 0.211970
0.820956 0.262680
0.845188 0.258662
0.853830 0.372403
0.839623 0.361369
0.854656 0.000010
0.872972 0.024644
0.856151 0.042860
0.847142 0.079116
0.847370 0.097333
0.862058 0.100586
0.831591 0.126326
0.832281 0.144100
0.799937 0.174784
0.821106 0.179949
0.833865 0.212820
0.841769 0.231806
0.830889 0.292363
0.850600 0.285070
0.863284 0.000192
0.846107 0.000032
0.886288 0.026750
0.871605 0.043899
0.867293 0.062387
0.863205 0.081218
0.856767 0.120518
0.847491 0.135458
0.845526 0.154741
0.831948 0.165489
0.833810 0.191844
0.849047 0.210795
0.855669 0.245983
0.832131 0.247024
0.845243 0.306249
0.880559 0.000712
0.899042 0.027479
0.886221 0.045617
0.880533 0.066492
0.876851 0.086294
0.873064 0.109320
0.868831 0.128986
0.860524 0.145390
0.855187 0.167361
0.843247 0.177370
0.849542 0.195897
0.859932 0.229432
0.869676 0.256495
0.867333 0.390551
0.889124 0.000705
0.871930 0.000911
0.912792 0.023032
0.899617 0.049357
0.892816 0.069223
0.892043 0.089328
0.887071 0.107543
0.884956 0.127678
0.878471 0.144383
0.870767 0.159365
0.860918 0.186226
0.872102 0.197100
0.899637 0.274768
0.873536 0.334108
0.854803 0.381845
0.897642 0.000809
0.928707 0.023052
0.911912 0.039869
0.909300 0.063271
0.906636 0.080048
0.901824 0.102159
0.899787 0.120946
0.895032 0.144570
0.888712 0.161507
0.886208 0.182608
0.873699 0.174578
0.866602 0.214622
0.886804 0.262345
0.865171 0.277021
0.906297 0.000581
0.915053 0.000804
0.939599 0.035784
0.925842 0.041288
0.922270 0.060887
0.917474 0.095289
0.917252 0.110247
0.907593 0.135820
0.908040 0.154558
0.901637 0.177427
0.903148 0.195251
0.888357 0.202511
0.876823 0.235991
0.893522 0.353119
0.849176 0.337359
0.924025 0.000239
0.945908 0.020630
0.936668 0.060966
0.923584 0.079511
0.933934 0.109353
0.920691 0.124515
0.922923 0.142516
0.913543 0.168422
0.918744 0.192165
0.905440 0.212736
0.897266 0.228651
0.908080 0.256796
0.891647 0.245627
0.880327 0.280944
0.933056 0.000197
0.955891 0.032667
0.946848 0.052048
0.940057 0.079359
0.937818 0.093378
0.935878 0.131839
0.931166 0.158468
0.927514 0.176243
0.927175 0.207293
0.920521 0.225136
0.923597 0.260200
0.915040 0.239492
0.882540 0.217745
0.889695 0.292235
0.861541 0.324404
0.942098 0.000838
0.961724 0.055346
0.953884 0.070387
0.950824 0.105416
0.947301 0.120575
0.941851 0.148433
0.937660 0.189593
0.938040 0.222358
0.933435 0.242891
0.940002 0.263831
0.934707 0.279998
0.915862 0.278088
0.927351 0.296845
0.867177 0.352900
0.951338 0.000719
0.966687 0.020615
0.968062 0.040442
0.956945 0.088110
0.965171 0.125385
0.953272 0.136565
0.947768 0.165515
0.946529 0.205577
0.954330 0.227821
0.948578 0.247839
0.965733 0.255723
0.936620 0.299778
0.950976 0.316790
0.893300 0.319880
0.935488 0.320654
0.960377 0.000374
0.980987 0.025569
0.968700 0.076166
0.965734 0.108231
0.966900 0.171407
0.963473 0.210622
0.964110 0.192345
0.974973 0.277538
0.977013 0.320311
0.959838 0.297002
0.951827 0.277578
0.929753 0.353243
0.909180 0.302916
0.903092 0.403323
0.969276 0.000695
0.988251 0.000444
0.983184 0.043528
0.979682 0.119610
0.970710 0.141513
0.960429 0.153780
0.972981 0.241652
0.984330 0.240794
0.979631 0.296639
0.974149 0.339222
0.993295 0.391262
0.996743 0.450174
0.891019 0.410600
0.901677 0.325468
0.879628 0.380194
0.978354 0.000388
0.978188 0.059656
0.974423 0.092224
0.987891 0.134706
0.979327 0.154277
0.950616 0.180698
0.999746 0.291365
0.998798 0.330411
0.999574 0.267352
0.978321 0.378476
0.998905 0.343631
0.973303 0.363508
0.889794 0.370510
0.863802 0.301218
0.999237 0.000676
0.999751 0.037116
0.984229 0.076236
0.984723 0.103678
0.999233 0.105141
0.999910 0.191050
0.999987 0.141917
0.999602 0.153677
0.997611 0.361540
0.999738 0.279709
0.994017 0.371541
0.999891 0.414902
0.991808 0.443491
0.999380 0.235418
0.890503 0.348997
0.999462 0.000452
0.999202 0.048396
0.999529 0.070093
0.999029 0.093093
0.999826 0.116748
0.977518 0.192330
0.980450 0.261562
0.999815 0.316884
0.999273 0.250814
0.999802 0.202414
0.999758 0.304231
0.969151 0.373113
0.880946 0.306076
0.988429 0.418405
0.999695 0.016309
0.999673 0.026754
0.998867 0.059250
0.999832 0.082045
0.987040 0.168519
0.999720 0.128448
0.999898 0.214716
0.967554 0.229846
0.999696 0.225150
0.999931 0.166658
0.999747 0.180096
0.928481 0.341753
0.998679 0.425712
0.883198 0.412606
0.896545 0.393933
