0.001037 0.025463
0.000893 0.056983
0.000057 0.090172
0.000415 0.128122
0.000558 0.140308
0.000459 0.309858
0.000699 0.181010
0.000456 0.194581
0.000684 0.329042
0.000349 0.401117
0.062005 0.383909
0.017959 0.400919
0.032926 0.416534
0.076873 0.356649
0.001075 0.014955
0.001321 0.035605
0.000008 0.068002
0.015188 0.093562
0.028586 0.212617
0.000322 0.210544
0.000150 0.167923
0.000370 0.277336
0.000209 0.242735
0.000062 0.254497
0.000876 0.352896
0.000968 0.361859
0.039354 0.381783
0.051501 0.407197
0.085446 0.336631
0.000544 0.000764
0.000832 0.046102
0.000902 0.078673
0.000695 0.102626
0.000312 0.114053
0.011036 0.208132
0.000131 0.153946
0.000533 0.297133
0.000662 0.228945
0.015985 0.326388
0.010683 0.342729
0.027880 0.385838
0.010353 0.414642
0.080386 0.393327
0.000574 0.001117
0.018828 0.023224
0.017847 0.059591
0.012570 0.124562
0.015389 0.170654
0.027176 0.237018
0.034574 0.192420
0.000020 0.267824
0.011679 0.295760
0.024213 0.278828
0.021941 0.311262
0.031054 0.361600
0.002402 0.385533
0.044277 0.412532
0.089466 0.356719
0.012857 0.000331
0.033374 0.057127
0.018150 0.041897
0.022232 0.107281
0.013130 0.149451
0.010979 0.226406
0.041050 0.230283
0.017667 0.256606
0.032176 0.297387
0.055390 0.283550
0.037535 0.323747
0.079439 0.317013
0.035677 0.344256
0.100756 0.396058
0.032018 0.000634
0.022779 0.000217
0.038430 0.072724
0.021213 0.076032
0.017529 0.189299
0.027938 0.136068
0.032500 0.174973
0.050077 0.193289
0.031158 0.259992
0.037576 0.278960
0.052381 0.266659
0.049902 0.303693
0.069332 0.330404
0.046135 0.362861
0.120426 0.326038
0.041209 0.000095
0.032128 0.021340
0.033320 0.089851
0.032269 0.118295
0.030434 0.154050
0.044430 0.167535
0.043302 0.211195
0.059747 0.208724
0.044103 0.249744
0.061230 0.249610
0.050272 0.322190
0.053226 0.340429
0.064139 0.301870
0.068839 0.397697
0.050437 0.000538
0.031871 0.038995
0.045060 0.045345
0.050436 0.061172
0.041613 0.102002
0.045272 0.124575
0.042886 0.143207
0.056989 0.177735
0.069534 0.195408
0.054749 0.229652
0.069673 0.278484
0.075942 0.251364
0.079271 0.296321
0.113242 0.264700
0.105402 0.342390
0.059452 0.000233
0.046243 0.022615
0.062451 0.045400
0.050519 0.082697
0.055791 0.107213
0.058374 0.133230
0.056030 0.156130
0.071455 0.167110
0.074188 0.213796
0.070652 0.233818
0.086185 0.224494
0.093480 0.285938
0.063510 0.358745
0.097682 0.270245
0.068530 0.000212
0.077560 0.000033
0.056227 0.030475
0.065066 0.063137
0.063579 0.082047
0.067537 0.097395
0.067970 0.119478
0.066950 0.144546
0.077175 0.183176
0.088062 0.197079
0.099065 0.207061
0.080346 0.268965
0.118648 0.287153
0.105819 0.296636
0.106845 0.365958
0.086511 0.000002
0.067460 0.020116
0.075154 0.037220
0.078009 0.060855
0.079121 0.081242
0.079489 0.108720
0.081127 0.130067
0.080120 0.150568
0.089165 0.166972
0.110108 0.189469
0.090181 0.249080
0.116655 0.207365
0.104439 0.247271
0.120512 0.375723
0.095233 0.000438
0.112787 0.000207
0.083428 0.021876
0.086613 0.045212
0.091001 0.066310
0.091681 0.089031
0.092797 0.103033
0.094742 0.131319
0.096136 0.150929
0.098069 0.179488
0.120152 0.174807
0.098488 0.225626
0.133457 0.239612
0.106357 0.317622
0.108441 0.390458
0.103938 0.000281
0.095770 0.028476
0.101173 0.044389
0.105078 0.062069
0.104741 0.080569
0.112212 0.099201
0.101856 0.116258
0.112322 0.126720
0.111368 0.143254
0.109878 0.164292
0.128621 0.194189
0.114602 0.224011
0.128174 0.261914
0.092772 0.313514
0.121547 0.000728
0.147463 0.000003
0.107308 0.021182
0.114766 0.043222
0.119233 0.062579
0.118917 0.083658
0.123797 0.113551
0.128592 0.133011
0.125492 0.152606
0.139402 0.150810
0.134941 0.171592
0.129979 0.217685
0.146444 0.225544
0.133363 0.278950
0.135178 0.320760
0.130177 0.000833
0.120599 0.026766
0.129787 0.043021
0.132559 0.063312
0.132234 0.085659
0.133877 0.101702
0.141165 0.120203
0.147683 0.136765
0.150137 0.164133
0.142405 0.190995
0.145363 0.209993
0.117423 0.242509
0.152356 0.240581
0.153208 0.273726
0.138858 0.000379
0.181387 0.000739
0.133836 0.023454
0.143191 0.046030
0.148288 0.085085
0.150446 0.102805
0.158677 0.118592
0.162270 0.151445
0.156466 0.178179
0.174588 0.160192
0.159944 0.196051
0.164229 0.215383
0.161159 0.289265
0.144257 0.294723
0.127391 0.303245
0.156015 0.000910
0.146546 0.026528
0.145557 0.068166
0.163102 0.081612
0.166102 0.100746
0.176192 0.115353
0.164526 0.135289
0.188858 0.146688
0.172593 0.177213
0.176543 0.199639
0.184248 0.213837
0.144778 0.257895
0.128700 0.364682
0.121549 0.347635
0.164528 0.000549
0.159489 0.024993
0.157413 0.044108
0.158752 0.062271
0.178818 0.080726
0.182470 0.097332
0.179911 0.133361
0.207433 0.140814
0.192847 0.162599
0.187004 0.182223
0.198546 0.195887
0.170062 0.231626
0.163489 0.254472
0.147967 0.314758
0.139290 0.351643
0.172951 0.000209
0.172629 0.045454
0.173266 0.063502
0.193806 0.077772
0.199751 0.094032
0.193129 0.112489
0.211479 0.156954
0.228077 0.149934
0.204624 0.174837
0.200283 0.214486
0.184518 0.238338
0.180874 0.255494
0.172029 0.273805
0.170234 0.339918
0.189829 0.000082
0.171831 0.027208
0.187404 0.041556
0.188577 0.060297
0.218904 0.087802
0.211251 0.106087
0.196837 0.127788
0.241464 0.138417
0.227179 0.168304
0.238974 0.209189
0.231865 0.191405
0.182930 0.288994
0.195530 0.262357
0.183584 0.321490
0.185779 0.347979
0.198277 0.000349
0.184977 0.024051
0.203027 0.042600
0.210159 0.075270
0.229400 0.099566
0.214228 0.121426
0.226245 0.130751
0.256183 0.146440
0.216456 0.186085
0.218861 0.205495
0.200544 0.231489
0.202055 0.275428
0.163901 0.317751
0.151856 0.343642
0.206662 0.000028
0.256781 0.000452
0.199351 0.025519
0.204648 0.059829
0.240540 0.081736
0.246656 0.096344
0.233736 0.114495
0.249472 0.121820
0.278142 0.145909
0.243245 0.162606
0.228495 0.237952
0.217095 0.225645
0.209976 0.247121
0.197183 0.311182
0.173288 0.303855
0.215018 0.000362
0.214221 0.025666
0.219561 0.041248
0.228942 0.071828
0.260216 0.080863
0.258583 0.104779
0.269798 0.116497
0.266917 0.131602
0.266057 0.160138
0.261536 0.175792
0.244257 0.220526
0.220905 0.261105
0.221760 0.292523
0.160566 0.351906
0.223372 0.000395
0.289937 0.000458
0.229821 0.025014
0.221859 0.057822
0.251184 0.066871
0.272732 0.088489
0.281087 0.102369
0.294497 0.110044
0.289191 0.125991
0.339283 0.136846
0.287401 0.167651
0.246453 0.182435
0.236663 0.260853
0.264658 0.223594
0.201749 0.289775
0.231707 0.000151
0.246178 0.025193
0.236523 0.040459
0.240758 0.055821
0.283792 0.074219
0.293201 0.087941
0.309620 0.093555
0.310492 0.124916
0.294322 0.141512
0.311621 0.164563
0.256534 0.199591
0.302689 0.189777
0.194159 0.348464
0.213759 0.313905
0.240080 0.000923
0.314653 0.000430
0.254450 0.038842
0.262523 0.050715
0.269654 0.063934
0.303087 0.072582
0.332035 0.088585
0.313443 0.110169
0.319677 0.136569
0.353533 0.126469
0.300949 0.154966
0.278277 0.180851
0.270953 0.201107
0.201116 0.332465
0.227575 0.278034
0.248439 0.000180
0.263287 0.025027
0.281026 0.044662
0.287739 0.058336
0.310187 0.059415
0.318886 0.079425
0.354047 0.093246
0.333642 0.119466
0.369166 0.114648
0.353792 0.146215
0.289747 0.193038
0.321910 0.198355
0.224709 0.348134
0.244512 0.239405
0.265100 0.000842
0.339335 0.000157
0.276043 0.030602
0.302471 0.046409
0.327627 0.051553
0.328543 0.066585
0.348686 0.079845
0.331564 0.102493
0.350300 0.109417
0.375648 0.129371
0.371868 0.145322
0.317962 0.181630
0.368561 0.172603
0.250815 0.271417
0.350196 0.185027
0.273414 0.000766
0.289383 0.023809
0.299479 0.032518
0.347745 0.052008
0.346418 0.065880
0.369454 0.070671
0.404494 0.099807
0.370546 0.098304
0.386815 0.104357
0.394427 0.119393
0.323224 0.151268
0.239360 0.298035
0.407868 0.222733
0.225331 0.323528
0.281586 0.000889
0.363946 0.000652
0.340457 0.038568
0.319971 0.037756
0.368146 0.046761
0.390272 0.073292
0.374304 0.083489
0.426942 0.082825
0.422374 0.095147
0.410848 0.125683
0.392430 0.135797
0.384353 0.155310
0.357273 0.161763
0.337504 0.161095
0.262112 0.294313
0.298258 0.000375
0.313206 0.024527
0.361890 0.034989
0.387222 0.035669
0.368101 0.059208
0.396152 0.059710
0.394910 0.087896
0.419495 0.110036
0.435121 0.119507
0.406847 0.146827
0.410034 0.163526
0.447419 0.182678
0.224487 0.351840
0.279178 0.232511
0.306442 0.000680
0.330720 0.025024
0.381058 0.024012
0.387021 0.048623
0.410777 0.059264
0.479261 0.071399
0.449262 0.092051
0.410422 0.076254
0.457411 0.079172
0.428651 0.149591
0.479342 0.147762
0.452856 0.150894
0.430458 0.165659
0.385680 0.183517
0.334289 0.175498
0.322851 0.000163
0.347143 0.025168
0.398761 0.022608
0.408353 0.030598
0.438908 0.048283
0.425837 0.062533
0.475026 0.087637
0.486239 0.104579
0.454940 0.122973
0.424432 0.133726
0.447344 0.136870
0.420318 0.184375
0.249693 0.308871
0.281276 0.213666
0.331143 0.001108
0.405071 0.000585
0.364249 0.022988
0.421783 0.023447
0.411062 0.043810
0.446634 0.061679
0.438573 0.075044
0.467024 0.100114
0.441189 0.105183
0.472051 0.135443
0.495810 0.134734
0.364398 0.191313
0.403067 0.189482
0.258967 0.246571
0.258178 0.284645
0.347440 0.000538
0.448750 0.020540
0.426329 0.041114
0.463618 0.065956
0.491010 0.067031
0.509858 0.094610
0.484639 0.122286
0.465037 0.112944
0.469291 0.174570
0.395822 0.169462
0.447432 0.166855
0.480597 0.192068
0.322834 0.221333
0.240542 0.322502
0.355643 0.000084
0.413197 0.000153
0.478205 0.000449
0.471333 0.022531
0.435645 0.027879
0.511400 0.060257
0.494243 0.087520
0.506080 0.074880
0.507244 0.149598
0.502649 0.109714
0.383878 0.209983
0.495594 0.184603
0.336588 0.202844
0.378330 0.200297
0.520632 0.212736
0.372158 0.000244
0.462041 0.000218
0.454894 0.030425
0.456800 0.041403
0.549959 0.101419
0.554833 0.119360
0.520814 0.110873
0.522238 0.135820
0.499860 0.169164
0.351196 0.211446
0.306238 0.209496
0.300886 0.253219
0.293757 0.252090
0.419534 0.197620
0.380372 0.000641
0.453885 0.000169
0.486231 0.000801
0.509744 0.022227
0.547649 0.046043
0.593246 0.152937
0.554527 0.142923
0.541452 0.135442
0.664695 0.348838
0.329590 0.235933
0.389820 0.251108
0.975304 0.210207
0.607606 0.268998
0.309137 0.235691
0.348182 0.223589
0.421267 0.000009
0.470144 0.000385
0.639416 0.032190
0.480392 0.046837
0.477785 0.033570
0.559822 0.161299
0.533362 0.152857
0.510437 0.125927
0.538814 0.203266
0.476923 0.162311
0.412475 0.231958
0.370626 0.248771
0.388605 0.223380
0.301272 0.224669
0.396809 0.000126
0.437386 0.000744
0.510518 0.000940
0.490644 0.022423
0.662928 0.328874
0.527966 0.066946
0.718313 0.278547
0.514874 0.165741
0.426472 0.211015
0.516980 0.197686
0.960713 0.332299
0.737934 0.291633
0.732910 0.302386
0.381724 0.245646
0.267868 0.254917
0.534854 0.000664
0.502436 0.000438
0.429300 0.000644
0.091421 0.380198
0.510654 0.046016
0.533205 0.096588
0.446214 0.197231
0.667257 0.336047
0.592762 0.252492
0.469054 0.241836
0.918074 0.321543
0.631427 0.288896
0.437388 0.243777
0.473773 0.240234
0.599345 0.000583
0.550834 0.000362
0.388583 0.000255
0.494335 0.000245
0.558783 0.023012
0.493510 0.052514
0.520574 0.082656
0.572735 0.143037
0.557948 0.217596
0.511129 0.244600
0.477728 0.202780
0.427240 0.224636
0.552540 0.266840
0.442856 0.246784
0.557954 0.295843
0.591233 0.000235
0.518680 0.001128
0.445577 0.000176
0.516906 0.033642
0.464791 0.052146
0.946282 0.359322
0.346562 0.241143
0.462567 0.224438
0.511876 0.258825
0.656947 0.343591
0.365073 0.234907
0.500885 0.247914
0.613878 0.278147
0.599126 0.224606
0.615560 0.000135
0.566998 0.000550
0.529368 0.022532
0.526755 0.000933
0.530768 0.052020
0.532886 0.037047
0.542689 0.065638
0.537626 0.115974
0.572967 0.127275
0.520908 0.183438
0.563404 0.194643
0.481793 0.218505
0.577217 0.248462
0.525382 0.253764
0.637997 0.261004
0.631771 0.001048
0.542842 0.000616
0.572796 0.028596
0.544800 0.026734
0.497076 0.034518
0.541785 0.083668
0.572203 0.109076
0.589976 0.119050
0.595908 0.136084
0.541535 0.167085
0.453063 0.210617
0.584428 0.211307
0.561479 0.278657
0.587494 0.266331
0.639853 0.000709
0.558931 0.000519
0.603757 0.022936
0.597343 0.034924
0.584431 0.042984
0.564040 0.094023
0.586541 0.097388
0.612299 0.121149
0.611807 0.156521
0.543870 0.187641
0.610121 0.230799
0.628136 0.240365
0.539305 0.243452
0.588293 0.200044
0.551076 0.256774
0.656134 0.000209
0.627317 0.022940
0.616828 0.031328
0.584952 0.023269
0.560863 0.037978
0.558518 0.059030
0.557001 0.076893
0.576025 0.081316
0.615113 0.140361
0.589656 0.177100
0.612800 0.208773
0.570186 0.183040
0.565429 0.221198
0.502734 0.218872
0.664257 0.001059
0.575019 0.000465
0.649986 0.023928
0.572654 0.051532
0.614705 0.046695
0.601571 0.052083
0.574482 0.066991
0.594037 0.079156
0.600503 0.106676
0.636715 0.151900
0.612229 0.176746
0.607025 0.188789
0.698455 0.279873
0.645474 0.287356
0.727744 0.298440
0.680488 0.000583
0.583130 0.000945
0.607519 0.000753
0.632430 0.044697
0.591402 0.062077
0.623198 0.080470
0.605917 0.089157
0.630746 0.130129
0.648676 0.141653
0.629176 0.166928
0.578116 0.163126
0.637828 0.229316
0.641049 0.292768
0.552855 0.290499
0.688646 0.000138
0.623688 0.000885
0.667685 0.024281
0.656671 0.051140
0.623943 0.061116
0.609547 0.069778
0.620549 0.097766
0.627929 0.112111
0.655261 0.126383
0.676563 0.144426
0.634214 0.183986
0.651328 0.184939
0.646807 0.202329
0.666804 0.224024
0.745937 0.335927
0.704999 0.000134
0.678954 0.035270
0.678453 0.064649
0.658779 0.037101
0.642266 0.056929
0.639673 0.070771
0.640863 0.084860
0.646485 0.113040
0.680316 0.175916
0.664733 0.156091
0.670405 0.207509
0.662887 0.244391
0.536488 0.222211
0.684004 0.277538
0.713156 0.000806
0.647985 0.000893
0.688115 0.024576
0.676592 0.049789
0.661377 0.065238
0.663115 0.078754
0.644723 0.097173
0.669112 0.108314
0.671977 0.125868
0.692644 0.192673
0.655378 0.167816
0.686001 0.225384
0.625991 0.205156
0.646568 0.219216
0.679424 0.243180
0.721278 0.000438
0.704057 0.026075
0.696078 0.041569
0.696094 0.057706
0.689539 0.074818
0.663287 0.093343
0.686815 0.102535
0.692137 0.136178
0.686660 0.161105
0.670092 0.189357
0.753529 0.282810
0.698595 0.260867
0.671380 0.252660
0.616577 0.250476
0.737661 0.000040
0.672328 0.000506
0.720817 0.026349
0.713307 0.040317
0.715091 0.056883
0.708457 0.070233
0.681091 0.087575
0.691074 0.118353
0.702942 0.154276
0.706501 0.184517
0.734750 0.224253
0.740886 0.208640
0.705610 0.251310
0.679727 0.287062
0.769490 0.352403
0.745863 0.000477
0.736427 0.026370
0.730996 0.042186
0.733999 0.058738
0.727361 0.072346
0.704130 0.084966
0.705218 0.099925
0.718329 0.151251
0.715554 0.171753
0.717596 0.200685
0.691845 0.209507
0.648466 0.263117
0.764808 0.264120
0.748368 0.327317
0.754029 0.000239
0.696819 0.000528
0.751624 0.026917
0.747846 0.043691
0.748413 0.065735
0.722337 0.087408
0.725040 0.103667
0.709290 0.115329
0.711543 0.132695
0.733190 0.176026
0.708928 0.215284
0.751531 0.242213
0.706617 0.233892
0.788428 0.353550
0.759071 0.350784
0.762286 0.000247
0.767243 0.025831
0.764049 0.041820
0.761429 0.059865
0.743922 0.080927
0.740009 0.095133
0.728291 0.120529
0.736438 0.157005
0.734652 0.193803
0.773896 0.228593
0.726263 0.259978
0.732031 0.249410
0.810436 0.355652
0.789698 0.319302
0.770540 0.000438
0.729461 0.000739
0.784605 0.025111
0.777277 0.058983
0.759697 0.085134
0.758096 0.103207
0.744756 0.112064
0.732694 0.137147
0.751383 0.184221
0.723290 0.232035
0.773690 0.210106
0.768234 0.246893
0.781634 0.267248
0.782475 0.336898
0.774304 0.312581
0.787204 0.000459
0.800451 0.026317
0.780534 0.040257
0.771148 0.075403
0.772726 0.096369
0.762886 0.122847
0.748307 0.129369
0.751830 0.146957
0.760136 0.203320
0.796424 0.256025
0.796109 0.276609
0.746329 0.266208
0.779506 0.288855
0.768172 0.290367
0.795515 0.000844
0.816846 0.024107
0.795953 0.043791
0.794125 0.060236
0.787343 0.091432
0.775573 0.114496
0.791105 0.128431
0.777030 0.134816
0.754720 0.166717
0.771689 0.165511
0.754640 0.225271
0.783554 0.244357
0.807644 0.310981
0.838370 0.325758
0.805840 0.328903
0.803861 0.000087
0.826619 0.048623
0.812489 0.058471
0.788860 0.075690
0.803681 0.093116
0.789352 0.109001
0.805427 0.129441
0.767120 0.146539
0.805595 0.191866
0.811871 0.250279
0.812443 0.277237
0.797640 0.295810
0.799632 0.362220
0.767137 0.321007
0.820762 0.000712
0.778856 0.000233
0.830527 0.028243
0.812466 0.039540
0.823822 0.071056
0.805984 0.074397
0.804211 0.110130
0.790131 0.147106
0.786914 0.181275
0.770267 0.185644
0.788403 0.200073
0.821288 0.233372
0.837956 0.275694
0.838918 0.350530
0.820733 0.346458
0.829240 0.000832
0.844805 0.025063
0.841259 0.043312
0.837566 0.063598
0.830168 0.103707
0.818144 0.089840
0.804781 0.149728
0.815340 0.165183
0.788017 0.163347
0.820777 0.198513
0.802272 0.233430
0.821832 0.218802
0.823038 0.321288
0.818519 0.296669
0.837643 0.001003
0.812295 0.000970
0.859509 0.025805
0.853229 0.061403
0.833792 0.086298
0.843646 0.114503
0.818695 0.112829
0.819023 0.132627
0.820759 0.150989
0.791032 0.220265
0.804833 0.211626
0.822618 0.263583
0.847883 0.260481
0.856649 0.376214
0.842470 0.365044
0.854666 0.000761
0.873278 0.024532
0.856673 0.042605
0.848205 0.079157
0.848193 0.097094
0.863180 0.100126
0.833226 0.125921
0.834159 0.143361
0.801768 0.174689
0.822669 0.179271
0.835752 0.212927
0.843535 0.232510
0.833932 0.294744
0.853224 0.287337
0.863287 0.000174
0.846126 0.001063
0.886462 0.026513
0.872072 0.043763
0.867784 0.062089
0.864103 0.081085
0.857973 0.119960
0.848988 0.135143
0.847337 0.154247
0.834013 0.164902
0.835409 0.191847
0.851446 0.211480
0.858125 0.247108
0.834064 0.248512
0.848048 0.309004
0.880573 0.000133
0.899474 0.027283
0.886721 0.045587
0.880964 0.066351
0.877557 0.086423
0.873744 0.109646
0.869777 0.128653
0.861539 0.145199
0.856698 0.167136
0.844643 0.177425
0.851091 0.195913
0.861931 0.230239
0.871981 0.258248
0.867897 0.393783
0.889152 0.000147
0.871949 0.000213
0.913090 0.022817
0.900115 0.049573
0.893109 0.069346
0.892637 0.089051
0.887820 0.107072
0.885743 0.127143
0.879174 0.144022
0.872261 0.159011
0.862382 0.185986
0.873637 0.197454
0.900934 0.277044
0.875900 0.337047
0.856663 0.385988
0.897689 0.000576
0.929001 0.023446
0.912177 0.039640
0.909633 0.062953
0.907275 0.079982
0.902434 0.101538
0.900675 0.120553
0.895209 0.144401
0.889596 0.161636
0.887160 0.183489
0.875257 0.174421
0.868656 0.215244
0.888836 0.264749
0.867838 0.278498
0.906345 0.000768
0.915113 0.000120
0.940013 0.036200
0.926470 0.041490
0.923075 0.060305
0.918104 0.095089
0.917689 0.110286
0.907848 0.135803
0.908553 0.154328
0.902165 0.178067
0.904356 0.196109
0.890014 0.203616
0.878890 0.237798
0.894856 0.356450
0.852021 0.340854
0.924047 0.000855
0.946241 0.020608
0.937242 0.061220
0.923494 0.079050
0.934620 0.108803
0.920928 0.124337
0.922919 0.142253
0.914016 0.168508
0.919448 0.193218
0.906838 0.214155
0.898764 0.230221
0.908573 0.258126
0.893618 0.247319
0.882654 0.283116
0.933045 0.000991
0.956236 0.032665
0.947138 0.052278
0.940244 0.079668
0.937730 0.093363
0.935993 0.131788
0.930694 0.158738
0.928023 0.176924
0.927391 0.208278
0.921394 0.226483
0.924356 0.262088
0.916112 0.241546
0.884114 0.218705
0.891165 0.294740
0.864231 0.326599
0.942094 0.000532
0.962530 0.055470
0.954077 0.070483
0.951053 0.104930
0.947430 0.120659
0.941827 0.148948
0.938278 0.191563
0.938458 0.224550
0.933552 0.244750
0.940250 0.265759
0.935631 0.281927
0.916314 0.280780
0.928450 0.299039
0.869309 0.355252
0.951341 0.000659
0.966735 0.020443
0.968097 0.040248
0.957067 0.087980
0.965535 0.125062
0.952919 0.136320
0.948074 0.166105
0.946277 0.207105
0.953463 0.228616
0.947359 0.249351
0.964946 0.256681
0.937723 0.302651
0.950785 0.319692
0.894847 0.323340
0.935762 0.324435
0.960401 0.000859
0.981103 0.025331
0.968543 0.076233
0.965861 0.107872
0.966633 0.171938
0.963879 0.211640
0.963764 0.192976
0.975483 0.281444
0.977168 0.323818
0.959591 0.299383
0.951094 0.279323
0.928750 0.355817
0.908987 0.304926
0.905877 0.406264
0.969315 0.000413
0.988284 0.000221
0.983170 0.043256
0.979863 0.118992
0.970773 0.141394
0.960440 0.153931
0.974467 0.240752
0.984966 0.238826
0.980588 0.298841
0.973607 0.342106
0.993275 0.392657
0.995690 0.452275
0.891363 0.412735
0.902994 0.329349
0.881110 0.384287
0.978392 0.000060
0.978521 0.060035
0.974082 0.092080
0.988242 0.134186
0.979030 0.154185
0.950500 0.181453
0.999986 0.291478
0.999251 0.330938
0.999637 0.267263
0.979407 0.382130
0.998753 0.343829
0.973575 0.366407
0.892062 0.373243
0.866395 0.303758
0.999266 0.000811
0.999409 0.037074
0.984210 0.076360
0.984859 0.103212
0.999582 0.104926
0.999135 0.191210
0.999281 0.141981
0.999180 0.153760
0.997527 0.363015
0.999106 0.279550
0.993781 0.372047
0.999718 0.415832
0.992484 0.449778
0.999162 0.235673
0.893207 0.351427
0.999435 0.000709
0.999666 0.048337
0.999377 0.070025
0.999725 0.092890
0.999858 0.116624
0.977963 0.193222
0.981348 0.262535
0.999773 0.317407
0.999183 0.251211
0.999914 0.202441
0.999935 0.304555
0.968255 0.377046
0.883061 0.308657
0.989564 0.421511
0.999894 0.016270
0.999794 0.026707
0.999714 0.059215
0.999993 0.081962
0.985957 0.169237
0.999953 0.128349
0.999975 0.214490
0.968655 0.229983
0.999328 0.224889
0.999326 0.166724
0.999961 0.180140
0.928633 0.342585
0.998306 0.426256
0.883216 0.417296
0.895962 0.397912
