0.000747 0.025470
0.000321 0.057027
0.000668 0.090153
0.000853 0.128106
0.000458 0.140316
0.000427 0.310132
0.000610 0.181035
0.000635 0.194503
0.000658 0.329030
0.000326 0.402397
0.061568 0.385179
0.017085 0.402936
0.032130 0.418058
0.076218 0.358380
0.000748 0.014943
0.001193 0.035599
0.001297 0.068011
0.015301 0.093475
0.028699 0.213402
0.000099 0.210535
0.000575 0.167900
0.000353 0.277600
0.000560 0.242717
0.000721 0.254505
0.000933 0.352979
0.000419 0.363529
0.038672 0.383577
0.051129 0.409189
0.084502 0.337798
0.000634 0.000223
0.000542 0.046111
0.000375 0.078673
0.000172 0.102645
0.000478 0.114055
0.011045 0.208732
0.000509 0.153976
0.000440 0.297088
0.000475 0.228944
0.015220 0.327170
0.010181 0.343356
0.026920 0.387260
0.009624 0.415603
0.079620 0.395275
0.000242 0.001065
0.018673 0.022927
0.017926 0.059473
0.012771 0.124773
0.015548 0.171156
0.027008 0.238074
0.034295 0.193027
0.000925 0.267738
0.011650 0.296013
0.023340 0.279323
0.021406 0.312260
0.030285 0.363012
0.002729 0.386210
0.043641 0.414246
0.088599 0.358524
0.012821 0.000069
0.033462 0.057331
0.018002 0.041794
0.022255 0.107496
0.013037 0.149654
0.011349 0.226606
0.040785 0.230961
0.017037 0.257098
0.031683 0.298265
0.054610 0.284659
0.037205 0.325135
0.078478 0.318156
0.034821 0.345609
0.100102 0.397938
0.032028 0.000505
0.022780 0.000076
0.038317 0.072864
0.021107 0.075932
0.017355 0.189901
0.027835 0.136351
0.032406 0.175774
0.050242 0.194006
0.030682 0.260921
0.037016 0.280090
0.051830 0.267628
0.049211 0.304769
0.068761 0.331957
0.045561 0.364174
0.119347 0.326939
0.041202 0.000224
0.032004 0.021337
0.033310 0.089800
0.032068 0.118428
0.030157 0.154756
0.044218 0.168047
0.042835 0.211846
0.059410 0.209339
0.043548 0.250707
0.060262 0.250386
0.049573 0.323529
0.052548 0.341873
0.063356 0.303049
0.068125 0.399673
0.050394 0.000360
0.031661 0.039024
0.044878 0.045317
0.050103 0.061212
0.041383 0.102424
0.045158 0.124784
0.042463 0.143740
0.056762 0.178130
0.069077 0.195996
0.054244 0.230323
0.068798 0.279577
0.075085 0.252140
0.078534 0.297176
0.111931 0.265822
0.104120 0.343925
0.059405 0.000405
0.045997 0.022523
0.062388 0.045679
0.050243 0.083133
0.055718 0.107632
0.057949 0.133656
0.055434 0.156551
0.071102 0.167368
0.073779 0.214210
0.069881 0.234876
0.085287 0.225150
0.092471 0.286619
0.062552 0.360583
0.096573 0.271220
0.068503 0.000366
0.077542 0.000434
0.056079 0.030628
0.064692 0.063334
0.063089 0.082254
0.067381 0.097596
0.067497 0.119676
0.066622 0.144968
0.076509 0.183529
0.087330 0.197698
0.098204 0.207602
0.079371 0.269716
0.117493 0.287951
0.104644 0.297669
0.105189 0.367333
0.086497 0.000637
0.067089 0.020102
0.074890 0.036844
0.077607 0.060686
0.078646 0.081174
0.078983 0.108828
0.080547 0.130105
0.079408 0.150872
0.088384 0.167295
0.109113 0.189787
0.089003 0.249690
0.115708 0.207685
0.103467 0.247928
0.119672 0.377433
0.095207 0.001002
0.112794 0.000357
0.083164 0.021735
0.086202 0.045436
0.090615 0.066695
0.091171 0.089308
0.092373 0.103088
0.093965 0.131540
0.095252 0.151090
0.097130 0.179913
0.119161 0.174926
0.097718 0.226406
0.132200 0.240054
0.104887 0.318732
0.107584 0.392450
0.103937 0.000128
0.095472 0.028489
0.100729 0.044418
0.104585 0.062013
0.104020 0.080565
0.111521 0.099526
0.100933 0.116558
0.111444 0.126915
0.110373 0.143264
0.108650 0.164599
0.127419 0.194466
0.113665 0.224661
0.127339 0.262686
0.091678 0.314810
0.121541 0.000128
0.147454 0.001014
0.106946 0.021148
0.114255 0.043197
0.118672 0.062571
0.118069 0.083845
0.123047 0.113815
0.127742 0.133538
0.124233 0.152949
0.138319 0.150963
0.133767 0.171868
0.128878 0.218134
0.145135 0.225983
0.132164 0.279696
0.133649 0.322135
0.130172 0.000304
0.120218 0.026936
0.129268 0.043010
0.131895 0.063299
0.131352 0.085713
0.132771 0.101885
0.140102 0.120186
0.146434 0.136659
0.149046 0.164210
0.141448 0.190906
0.143849 0.210400
0.116442 0.243005
0.151122 0.240962
0.151730 0.274685
0.138849 0.000319
0.181376 0.000644
0.133410 0.023354
0.142558 0.046196
0.147351 0.085093
0.149328 0.102796
0.157491 0.118684
0.160883 0.151514
0.154998 0.178465
0.173317 0.160263
0.158703 0.196396
0.163127 0.215587
0.159942 0.290398
0.142886 0.295526
0.126116 0.304368
0.155984 0.000493
0.146136 0.026655
0.144799 0.068296
0.162078 0.081672
0.164957 0.100736
0.174831 0.115501
0.163364 0.135300
0.187530 0.146718
0.171253 0.177259
0.175399 0.200014
0.182650 0.214333
0.143864 0.258629
0.127256 0.366440
0.120162 0.349132
0.164504 0.000495
0.159098 0.024795
0.156708 0.043962
0.157923 0.062108
0.177765 0.080683
0.181151 0.097284
0.178654 0.133325
0.206200 0.140777
0.191462 0.162555
0.185371 0.182562
0.197165 0.196166
0.168646 0.232254
0.162125 0.255257
0.146698 0.315984
0.137564 0.353270
0.172933 0.000251
0.171876 0.045366
0.172282 0.063432
0.192641 0.077610
0.198400 0.093873
0.191915 0.112313
0.210146 0.157051
0.226688 0.149994
0.203103 0.174912
0.198650 0.214777
0.183164 0.239098
0.179526 0.255921
0.170652 0.274535
0.168245 0.340686
0.189833 0.001063
0.171397 0.027134
0.186598 0.041474
0.187388 0.060113
0.217508 0.087525
0.209891 0.105925
0.195356 0.127813
0.239894 0.138281
0.225581 0.168639
0.236978 0.209289
0.230302 0.191457
0.181383 0.289840
0.194208 0.262793
0.181543 0.322358
0.183850 0.348881
0.198284 0.001008
0.184529 0.023737
0.202104 0.042512
0.208834 0.075064
0.227944 0.099332
0.212796 0.121326
0.224679 0.130629
0.254671 0.146206
0.214674 0.186325
0.217130 0.205640
0.198846 0.232048
0.200323 0.276174
0.162449 0.318903
0.150191 0.344547
0.206663 0.000336
0.256760 0.000237
0.198724 0.025376
0.203483 0.059560
0.239146 0.081434
0.245054 0.096128
0.232432 0.114408
0.248155 0.121661
0.276671 0.145914
0.241552 0.162559
0.226349 0.238358
0.215354 0.225746
0.208198 0.247792
0.195372 0.311669
0.171662 0.304558
0.215010 0.000291
0.213422 0.025436
0.218610 0.041044
0.227595 0.071532
0.258600 0.080540
0.256968 0.104482
0.268607 0.116217
0.265286 0.131411
0.264538 0.159919
0.259645 0.175435
0.242333 0.220702
0.218995 0.261503
0.219823 0.293361
0.158827 0.353056
0.223363 0.000382
0.289905 0.000315
0.228901 0.024773
0.220608 0.057476
0.249845 0.066500
0.271185 0.088034
0.279616 0.102034
0.293346 0.109552
0.287482 0.125589
0.337897 0.136331
0.285888 0.167254
0.244798 0.182206
0.235320 0.261416
0.262753 0.223786
0.199847 0.290684
0.231701 0.000303
0.245160 0.024954
0.235480 0.040276
0.239534 0.055510
0.282440 0.073739
0.291541 0.087713
0.308419 0.092958
0.308823 0.124680
0.292798 0.140936
0.309922 0.164234
0.254507 0.199477
0.300849 0.189143
0.192585 0.349351
0.211770 0.314522
0.240066 0.000805
0.314621 0.000316
0.253370 0.038705
0.261334 0.050466
0.268456 0.063780
0.301676 0.072102
0.331210 0.087831
0.312160 0.109618
0.318417 0.136131
0.352405 0.125593
0.299245 0.154691
0.276522 0.180429
0.269135 0.200470
0.199211 0.333112
0.225859 0.278446
0.248423 0.000013
0.262178 0.024840
0.279775 0.044326
0.286564 0.057879
0.309156 0.058967
0.317381 0.078895
0.353058 0.092611
0.332141 0.118867
0.368107 0.114003
0.352421 0.145530
0.287703 0.192934
0.319841 0.197541
0.222462 0.348794
0.242217 0.239344
0.265078 0.000679
0.339310 0.000758
0.274943 0.030357
0.301191 0.045960
0.326531 0.051095
0.327546 0.066198
0.347641 0.079203
0.330222 0.102092
0.348816 0.108884
0.374258 0.128750
0.370559 0.144579
0.316671 0.180979
0.367420 0.171668
0.248893 0.271828
0.348974 0.184124
0.273361 0.000369
0.288158 0.023588
0.298447 0.032055
0.346825 0.051271
0.345443 0.065183
0.368405 0.070082
0.403886 0.099346
0.369424 0.097887
0.386197 0.103616
0.393481 0.118921
0.321324 0.150632
0.237721 0.298032
0.407006 0.221248
0.222985 0.324059
0.281529 0.000355
0.363889 0.000140
0.339301 0.038103
0.318735 0.037399
0.367605 0.045955
0.389183 0.072586
0.373600 0.082955
0.426058 0.082032
0.421712 0.094415
0.409853 0.125142
0.391404 0.135251
0.383215 0.154403
0.355849 0.161060
0.336126 0.160410
0.260388 0.294491
0.298222 0.000846
0.312172 0.024176
0.360840 0.034549
0.386785 0.035113
0.367316 0.058535
0.395556 0.058839
0.393908 0.087346
0.418904 0.109551
0.434536 0.118852
0.405921 0.146399
0.409247 0.162790
0.447030 0.181665
0.222432 0.352215
0.277178 0.232566
0.306401 0.000655
0.329774 0.024791
0.380178 0.023644
0.386213 0.047975
0.410233 0.059110
0.479360 0.070309
0.448889 0.091168
0.409756 0.075566
0.457261 0.078382
0.428188 0.149114
0.479626 0.147047
0.452826 0.150302
0.429940 0.164751
0.384681 0.182481
0.332619 0.174862
0.322816 0.000574
0.346179 0.024795
0.398085 0.022275
0.407841 0.030006
0.438391 0.047230
0.425683 0.061609
0.474980 0.086828
0.486236 0.103786
0.454396 0.122342
0.423508 0.133022
0.446647 0.136047
0.419249 0.183968
0.247875 0.308912
0.278976 0.213120
0.331088 0.001088
0.405043 0.000113
0.363383 0.022590
0.421268 0.023070
0.410331 0.043389
0.446480 0.060707
0.438206 0.074279
0.466468 0.099317
0.440733 0.104445
0.471972 0.134798
0.496026 0.134228
0.362941 0.190551
0.402006 0.188630
0.257025 0.246661
0.255860 0.284103
0.347373 0.000172
0.448366 0.020012
0.425532 0.040436
0.463165 0.065278
0.491065 0.066150
0.510347 0.093716
0.484636 0.121608
0.464956 0.112420
0.469435 0.173711
0.394895 0.168650
0.446945 0.166029
0.480979 0.191294
0.320579 0.220456
0.238490 0.322410
0.355623 0.000523
0.413179 0.000530
0.478197 0.000693
0.471198 0.022028
0.435279 0.027445
0.511476 0.059414
0.494264 0.086668
0.506281 0.073840
0.507771 0.148893
0.502545 0.108701
0.382804 0.208486
0.495917 0.183874
0.335076 0.201764
0.377021 0.199368
0.521278 0.211028
0.372137 0.000796
0.462041 0.000943
0.454703 0.029736
0.456152 0.040624
0.550678 0.100868
0.555579 0.119017
0.521117 0.110231
0.522692 0.135094
0.500282 0.168429
0.350027 0.210158
0.303902 0.208827
0.298950 0.252733
0.292275 0.252026
0.418656 0.196942
0.380350 0.000663
0.453881 0.000556
0.486227 0.000729
0.509660 0.021697
0.548114 0.045061
0.594493 0.152554
0.555412 0.142596
0.541972 0.134926
0.665171 0.342180
0.327370 0.234337
0.388514 0.248770
0.974952 0.210478
0.608795 0.266755
0.307472 0.234437
0.345745 0.221499
0.421253 0.000347
0.470141 0.000156
0.640268 0.031693
0.479935 0.046123
0.477756 0.032931
0.560655 0.160855
0.534179 0.152336
0.510800 0.125114
0.539431 0.202458
0.476596 0.161852
0.411667 0.230411
0.369353 0.246743
0.387652 0.222139
0.298804 0.223771
0.396800 0.001056
0.437346 0.000579
0.510521 0.000825
0.490571 0.021949
0.663500 0.322821
0.528416 0.065914
0.720010 0.277672
0.515267 0.164927
0.425967 0.209709
0.517726 0.196791
0.960940 0.333538
0.739506 0.291911
0.735376 0.301444
0.380560 0.243514
0.265532 0.254536
0.534884 0.000151
0.502440 0.000930
0.429239 0.000519
0.090315 0.381581
0.510779 0.044949
0.533665 0.096017
0.445486 0.195989
0.667512 0.329527
0.594063 0.250254
0.468704 0.239266
0.918847 0.324083
0.632295 0.286402
0.436420 0.241142
0.474277 0.238334
0.599362 0.000047
0.550851 0.000101
0.388560 0.000513
0.494335 0.000645
0.559231 0.022510
0.493587 0.051314
0.520918 0.081761
0.573940 0.142682
0.558614 0.217012
0.511735 0.242900
0.477805 0.201244
0.426377 0.222824
0.553250 0.265063
0.442658 0.244194
0.558456 0.293395
0.591246 0.000899
0.518688 0.001053
0.445556 0.001211
0.517187 0.032996
0.464851 0.051134
0.946463 0.360081
0.344018 0.239939
0.462208 0.222431
0.512837 0.256910
0.657601 0.337259
0.363352 0.233005
0.501805 0.245046
0.614971 0.276596
0.600357 0.223233
0.615577 0.000441
0.567019 0.000293
0.529551 0.022018
0.526789 0.000207
0.531073 0.050984
0.533268 0.036274
0.543084 0.064659
0.538026 0.115233
0.573825 0.127049
0.521477 0.182878
0.564267 0.193848
0.482221 0.216246
0.578116 0.246860
0.526100 0.250606
0.639239 0.260298
0.631805 0.000920
0.542878 0.000018
0.573355 0.027877
0.545152 0.025972
0.497087 0.033840
0.541972 0.082804
0.572669 0.108513
0.590957 0.118514
0.596865 0.135546
0.542337 0.166390
0.452510 0.209425
0.585378 0.210509
0.563050 0.277266
0.588656 0.265223
0.639884 0.000571
0.558949 0.000387
0.604436 0.022448
0.598098 0.034387
0.585018 0.042046
0.564940 0.093547
0.587689 0.096754
0.613475 0.121169
0.612978 0.156552
0.544712 0.187019
0.611445 0.230210
0.629696 0.239831
0.540444 0.242037
0.589538 0.199359
0.551667 0.255423
0.656162 0.000638
0.628126 0.022520
0.617584 0.030746
0.585638 0.022838
0.561287 0.037120
0.559242 0.058250
0.557288 0.076254
0.576486 0.080637
0.615924 0.140176
0.590612 0.176819
0.614143 0.208206
0.571003 0.182567
0.566638 0.219889
0.503464 0.217476
0.664292 0.001002
0.575037 0.000235
0.650812 0.023515
0.573126 0.050548
0.615582 0.045938
0.602381 0.051241
0.575151 0.066214
0.594823 0.078642
0.601427 0.106717
0.637747 0.151830
0.613446 0.176336
0.608321 0.188226
0.700542 0.279771
0.646571 0.286013
0.729111 0.298583
0.680526 0.000407
0.583143 0.000824
0.607550 0.000346
0.633323 0.043993
0.591908 0.061147
0.624220 0.079712
0.607106 0.088686
0.632303 0.130357
0.649933 0.141728
0.630443 0.166994
0.579029 0.162595
0.639433 0.228918
0.642179 0.292267
0.552641 0.289024
0.688669 0.000542
0.623695 0.000577
0.668640 0.023889
0.657808 0.050463
0.624880 0.060443
0.610119 0.068879
0.621204 0.097494
0.628941 0.111870
0.656542 0.126461
0.678013 0.144568
0.635580 0.183718
0.652940 0.184875
0.648128 0.202053
0.667927 0.223825
0.747971 0.335574
0.705032 0.000179
0.679801 0.034856
0.679586 0.064183
0.659667 0.036428
0.643269 0.055988
0.640717 0.070193
0.641985 0.084499
0.647374 0.113071
0.681656 0.175890
0.665948 0.156145
0.671876 0.207452
0.664061 0.243984
0.537005 0.221295
0.685555 0.276842
0.713221 0.000268
0.648019 0.000790
0.688938 0.024208
0.677616 0.049217
0.662363 0.064517
0.664191 0.078278
0.645729 0.096929
0.670263 0.108166
0.673198 0.125863
0.693739 0.192474
0.656649 0.167834
0.687640 0.225103
0.627421 0.204866
0.647999 0.218845
0.681215 0.242918
0.721306 0.000262
0.704978 0.025807
0.696974 0.040945
0.697168 0.056925
0.690988 0.074119
0.664360 0.093080
0.688075 0.102209
0.693267 0.136337
0.687919 0.161166
0.671331 0.189252
0.755580 0.282950
0.699990 0.261538
0.672732 0.252608
0.617878 0.249363
0.737673 0.000935
0.672377 0.001017
0.721772 0.026006
0.714268 0.039870
0.716224 0.056158
0.709757 0.069487
0.682055 0.086998
0.692326 0.118290
0.704277 0.154527
0.707701 0.184609
0.736108 0.224162
0.741905 0.208595
0.707150 0.251079
0.680976 0.286727
0.771004 0.352794
0.745894 0.000379
0.737338 0.026077
0.731868 0.041762
0.735214 0.058171
0.728521 0.071778
0.705267 0.084418
0.706416 0.099584
0.719483 0.151349
0.716594 0.172050
0.718585 0.200586
0.693163 0.209274
0.650042 0.262345
0.766267 0.264331
0.749760 0.327851
0.754062 0.000910
0.696875 0.000311
0.752422 0.026715
0.748704 0.043513
0.749554 0.065290
0.723521 0.086940
0.726283 0.103267
0.710515 0.115274
0.712562 0.132667
0.734223 0.176190
0.710016 0.215033
0.752962 0.242297
0.707889 0.233625
0.789919 0.354765
0.761139 0.350913
0.762307 0.000088
0.767871 0.025594
0.764787 0.041641
0.762545 0.059529
0.745080 0.080342
0.741232 0.094666
0.729431 0.120357
0.737468 0.157194
0.735887 0.194039
0.774718 0.228793
0.727242 0.259966
0.733603 0.249091
0.812110 0.357255
0.790894 0.320378
0.770565 0.000592
0.729496 0.000678
0.785062 0.025009
0.778259 0.058726
0.760823 0.084772
0.759296 0.102805
0.746086 0.111813
0.733912 0.137184
0.752327 0.184474
0.724628 0.231960
0.774710 0.210384
0.769323 0.247007
0.782421 0.267588
0.784155 0.337596
0.775252 0.312837
0.787221 0.000669
0.800718 0.026121
0.781094 0.040104
0.772188 0.075086
0.773892 0.095899
0.764133 0.122815
0.749392 0.129343
0.752834 0.147007
0.761118 0.203422
0.797211 0.256614
0.797170 0.277308
0.747774 0.266287
0.780980 0.289378
0.768992 0.291019
0.795538 0.000422
0.817050 0.024034
0.796466 0.043808
0.794985 0.060106
0.788435 0.091106
0.776699 0.114165
0.792233 0.128136
0.778048 0.134563
0.755543 0.166868
0.772579 0.165681
0.755512 0.225098
0.784589 0.244391
0.808762 0.311970
0.839761 0.327104
0.807172 0.330505
0.803872 0.001082
0.826999 0.048755
0.813027 0.058340
0.789817 0.075487
0.804635 0.092858
0.790475 0.108640
0.806456 0.129238
0.768205 0.146692
0.806464 0.191734
0.812750 0.250873
0.813552 0.278162
0.798837 0.296300
0.800853 0.363750
0.768197 0.321473
0.820789 0.000221
0.778870 0.000421
0.830620 0.028223
0.812842 0.039442
0.824450 0.070906
0.806871 0.074329
0.805236 0.109896
0.790969 0.146976
0.787555 0.181498
0.770884 0.185721
0.789198 0.200100
0.822030 0.233455
0.839054 0.276575
0.840632 0.352112
0.822362 0.347636
0.829267 0.000385
0.844867 0.024921
0.841431 0.043120
0.838095 0.063419
0.830987 0.103473
0.818949 0.089837
0.805663 0.149622
0.816326 0.164954
0.789138 0.163357
0.821753 0.198695
0.803096 0.234014
0.822369 0.219080
0.824275 0.322544
0.819607 0.297322
0.837662 0.000888
0.812304 0.000817
0.859666 0.025822
0.853478 0.061239
0.834415 0.086111
0.844407 0.114245
0.819587 0.112737
0.819998 0.132462
0.821684 0.150654
0.791778 0.220436
0.805253 0.211457
0.823525 0.264079
0.849249 0.261459
0.857998 0.378024
0.843902 0.366818
0.854683 0.000275
0.873427 0.024459
0.856906 0.042453
0.848735 0.079092
0.848603 0.096905
0.863730 0.099786
0.834036 0.125610
0.835103 0.142970
0.802595 0.174663
0.823368 0.179002
0.836682 0.213071
0.844400 0.232918
0.835529 0.295928
0.854496 0.288478
0.863290 0.000700
0.846147 0.000675
0.886537 0.026371
0.872295 0.043646
0.868001 0.061879
0.864525 0.080949
0.858581 0.119561
0.849750 0.134907
0.848237 0.153979
0.835004 0.164613
0.836137 0.191895
0.852653 0.211954
0.859331 0.247750
0.835066 0.249289
0.849460 0.310364
0.880579 0.000363
0.899648 0.027161
0.886930 0.045519
0.881137 0.066214
0.877904 0.086452
0.874096 0.109737
0.870288 0.128421
0.862081 0.145059
0.857498 0.167019
0.845314 0.177465
0.851875 0.195998
0.862896 0.230731
0.873044 0.259132
0.868175 0.395386
0.889161 0.000837
0.871956 0.000093
0.913217 0.022681
0.900334 0.049651
0.893282 0.069359
0.892884 0.088829
0.888163 0.106782
0.886160 0.126801
0.879566 0.143807
0.873044 0.158822
0.863167 0.185866
0.874443 0.197687
0.901607 0.278223
0.876994 0.338494
0.857564 0.388036
0.897704 0.000464
0.929100 0.023617
0.912261 0.039495
0.909731 0.062741
0.907551 0.079916
0.902722 0.101191
0.901095 0.120299
0.895285 0.144321
0.890140 0.161744
0.887710 0.183947
0.876086 0.174360
0.869661 0.215593
0.889752 0.265879
0.869006 0.279205
0.906366 0.000580
0.915133 0.000259
0.940222 0.036407
0.926754 0.041595
0.923458 0.059941
0.918411 0.094890
0.917863 0.110261
0.907948 0.135750
0.908819 0.154283
0.902465 0.178366
0.905000 0.196550
0.890882 0.204183
0.879901 0.238760
0.895683 0.358326
0.853459 0.342576
0.924069 0.000353
0.946392 0.020591
0.937482 0.061334
0.923439 0.078756
0.934908 0.108508
0.921030 0.124211
0.922908 0.142193
0.914272 0.168584
0.919829 0.193738
0.907574 0.214897
0.899523 0.231009
0.908762 0.258772
0.894553 0.248128
0.883685 0.284198
0.933037 0.000497
0.956400 0.032667
0.947292 0.052275
0.940304 0.079706
0.937645 0.093323
0.936011 0.131732
0.930414 0.158979
0.928308 0.177281
0.927481 0.208778
0.921783 0.227093
0.924713 0.263034
0.916567 0.242516
0.884961 0.219280
0.891950 0.296072
0.865525 0.327650
0.942088 0.000304
0.962949 0.055499
0.954161 0.070447
0.951184 0.104601
0.947487 0.120639
0.941832 0.149254
0.938581 0.192541
0.938613 0.225608
0.933627 0.245615
0.940576 0.266716
0.936185 0.282922
0.916505 0.282188
0.928835 0.300143
0.870312 0.356421
0.951335 0.000543
0.966760 0.020372
0.968119 0.040113
0.957115 0.087922
0.965681 0.124888
0.952778 0.136240
0.948234 0.166477
0.946107 0.207813
0.952903 0.229054
0.946892 0.250154
0.964491 0.257393
0.938558 0.304185
0.950841 0.321177
0.895494 0.324993
0.935965 0.326489
0.960405 0.000347
0.981157 0.025195
0.968463 0.076173
0.965910 0.107618
0.966568 0.172278
0.963945 0.212061
0.963563 0.193157
0.975654 0.283405
0.977226 0.325546
0.959592 0.300551
0.951017 0.280247
0.928482 0.356930
0.908873 0.305905
0.907122 0.407676
0.969328 0.000267
0.988293 0.000943
0.983153 0.043074
0.979932 0.118655
0.970789 0.141345
0.960462 0.154141
0.974992 0.240585
0.985505 0.237935
0.980930 0.299943
0.973326 0.343459
0.993242 0.393322
0.995024 0.453078
0.891535 0.413844
0.903778 0.331388
0.881860 0.386287
0.978402 0.000391
0.978676 0.060168
0.973894 0.091953
0.988389 0.133978
0.978858 0.154264
0.950491 0.181841
0.999625 0.291504
0.999474 0.331254
0.999622 0.267219
0.979948 0.384092
0.998651 0.343866
0.973567 0.367634
0.893193 0.374628
0.867587 0.305045
0.999356 0.000701
0.999666 0.037057
0.984226 0.076387
0.984926 0.102883
0.999840 0.104831
0.999440 0.191262
0.999858 0.142080
0.999750 0.153849
0.997552 0.363611
0.999203 0.279445
0.993825 0.372314
0.999590 0.416239
0.992968 0.452920
0.999286 0.235838
0.894527 0.352497
0.999355 0.000240
0.999821 0.048307
0.999434 0.069973
0.999325 0.092813
0.999805 0.116592
0.978296 0.193520
0.981759 0.263231
0.999769 0.317632
0.999233 0.251410
0.999389 0.202426
0.999035 0.304681
0.967660 0.378942
0.884010 0.309998
0.990153 0.422996
0.999799 0.016260
0.998995 0.026692
0.999561 0.059193
0.999783 0.081936
0.985313 0.169758
0.999607 0.128330
0.999798 0.214405
0.969090 0.229932
0.999665 0.224709
0.999914 0.166790
0.999350 0.180141
0.928833 0.343235
0.998125 0.426521
0.883319 0.419482
0.895780 0.399876
