0.000560 0.025494
0.000235 0.057084
0.000028 0.090128
0.000410 0.128046
0.000060 0.140330
0.000129 0.310700
0.000479 0.181081
0.000475 0.194404
0.000091 0.329109
0.000378 0.404776
0.060636 0.387734
0.015135 0.406924
0.030473 0.421003
0.074761 0.361865
0.000117 0.014912
0.000977 0.035597
0.000722 0.068066
0.015546 0.093227
0.028786 0.214933
0.000125 0.210492
0.000997 0.167854
0.000540 0.277954
0.000174 0.242552
0.000171 0.254446
0.000834 0.353447
0.000981 0.365399
0.037349 0.387084
0.050464 0.413084
0.082749 0.340173
0.000988 0.000121
0.000571 0.046139
0.000043 0.078699
0.000467 0.102660
0.000750 0.114048
0.011019 0.209765
0.000333 0.154067
0.000943 0.296984
0.000562 0.228895
0.013553 0.328954
0.008980 0.344921
0.024820 0.389954
0.008154 0.417227
0.078083 0.399243
0.000427 0.000872
0.018362 0.022383
0.018072 0.059300
0.013213 0.125165
0.015843 0.172039
0.026528 0.240121
0.033656 0.194215
0.000598 0.267600
0.011447 0.296407
0.021393 0.280282
0.020357 0.314323
0.028512 0.365857
0.003382 0.387560
0.042306 0.417737
0.087007 0.362077
0.012763 0.000612
0.033585 0.057747
0.017681 0.041532
0.022293 0.107884
0.012911 0.150051
0.012135 0.227056
0.040006 0.232260
0.015731 0.257907
0.030810 0.300045
0.052987 0.286960
0.036345 0.327986
0.076440 0.320496
0.032950 0.348444
0.098859 0.401694
0.032051 0.000376
0.022782 0.000195
0.038028 0.073214
0.020893 0.075797
0.016980 0.191086
0.027568 0.136893
0.032141 0.177317
0.050420 0.195280
0.029817 0.262682
0.036015 0.282333
0.050763 0.269479
0.047722 0.306953
0.067554 0.335128
0.044342 0.366894
0.117217 0.328848
0.041187 0.000044
0.031905 0.021339
0.033287 0.089687
0.031696 0.118700
0.029569 0.156191
0.043704 0.168968
0.041841 0.213085
0.058638 0.210665
0.042347 0.252515
0.058265 0.251982
0.048360 0.326195
0.051190 0.344877
0.061841 0.305499
0.066662 0.403591
0.050310 0.000055
0.031380 0.038895
0.044623 0.045080
0.049510 0.061334
0.040975 0.103204
0.044915 0.125097
0.041558 0.144802
0.056257 0.178876
0.068162 0.197102
0.053326 0.231561
0.067102 0.281755
0.073387 0.253727
0.077150 0.298896
0.109423 0.268103
0.101643 0.346878
0.059318 0.001026
0.045536 0.022276
0.062292 0.046201
0.049612 0.084104
0.055477 0.108413
0.057046 0.134361
0.054158 0.157400
0.070306 0.167848
0.073056 0.215075
0.068451 0.236837
0.083384 0.226486
0.090575 0.288028
0.060530 0.364353
0.094527 0.273122
0.068437 0.000360
0.077488 0.000739
0.055837 0.030964
0.063958 0.063806
0.062208 0.082589
0.067070 0.097921
0.066530 0.120026
0.065967 0.145727
0.075278 0.184107
0.085962 0.198852
0.096526 0.208601
0.077497 0.271162
0.115236 0.289510
0.102442 0.299791
0.102047 0.370107
0.086439 0.000377
0.066308 0.020113
0.074335 0.036022
0.076890 0.060301
0.077715 0.080957
0.078018 0.109060
0.079350 0.130094
0.078119 0.151411
0.086906 0.167895
0.107195 0.190422
0.086780 0.250847
0.113839 0.208125
0.101573 0.249296
0.118107 0.380944
0.095178 0.000341
0.112810 0.000489
0.082633 0.021476
0.085373 0.045926
0.089876 0.067488
0.090193 0.089748
0.091654 0.103224
0.092477 0.132000
0.093636 0.151330
0.095295 0.180808
0.117249 0.175204
0.096266 0.228028
0.129799 0.241028
0.102228 0.321061
0.105974 0.396482
0.103942 0.000885
0.094897 0.028553
0.099838 0.044469
0.103607 0.061907
0.102606 0.080489
0.110168 0.100194
0.099125 0.116964
0.109843 0.127222
0.108420 0.143329
0.106229 0.165049
0.125056 0.194946
0.111851 0.226026
0.125710 0.264181
0.089638 0.317375
0.121531 0.000807
0.147387 0.000594
0.106325 0.021080
0.113352 0.043103
0.117578 0.062607
0.116386 0.084113
0.121501 0.114292
0.126089 0.134491
0.121655 0.153638
0.136257 0.151218
0.131506 0.172433
0.126805 0.219002
0.142733 0.226901
0.129827 0.281229
0.130649 0.324958
0.130163 0.000882
0.119482 0.027231
0.128263 0.042940
0.130588 0.063256
0.129641 0.085699
0.130534 0.102232
0.137979 0.120113
0.143987 0.136400
0.146966 0.164315
0.139636 0.190699
0.141027 0.211002
0.114654 0.244075
0.148827 0.241764
0.148847 0.276564
0.138830 0.000391
0.181342 0.000250
0.132575 0.023107
0.141323 0.046525
0.145495 0.085095
0.147110 0.102764
0.155153 0.118864
0.158206 0.151626
0.152162 0.179075
0.170908 0.160382
0.156332 0.197086
0.161016 0.216002
0.157555 0.292674
0.140169 0.297192
0.123599 0.306633
0.155922 0.000232
0.145296 0.026924
0.143273 0.068527
0.160089 0.081778
0.162729 0.100639
0.172180 0.115791
0.161093 0.135312
0.184969 0.146809
0.168665 0.177370
0.173216 0.200661
0.179506 0.215366
0.142067 0.260050
0.124552 0.370063
0.117470 0.352014
0.164443 0.000581
0.158276 0.024315
0.155322 0.043581
0.156242 0.061731
0.175658 0.080593
0.178586 0.097195
0.176217 0.133263
0.203853 0.140762
0.188800 0.162490
0.182289 0.183265
0.194509 0.196700
0.165912 0.233484
0.159549 0.256791
0.144196 0.318414
0.134217 0.356579
0.172888 0.000862
0.170412 0.045153
0.170392 0.063300
0.190371 0.077273
0.195776 0.093580
0.189555 0.111907
0.207575 0.157275
0.224000 0.150137
0.200180 0.175067
0.195553 0.215252
0.180528 0.240577
0.176900 0.256770
0.168063 0.275917
0.164353 0.342274
0.189833 0.000539
0.170572 0.026981
0.185065 0.041270
0.185085 0.059704
0.214780 0.087034
0.207263 0.105570
0.192496 0.127884
0.236905 0.138029
0.222463 0.169339
0.233001 0.209384
0.227272 0.191515
0.178410 0.291464
0.191605 0.263585
0.177566 0.324113
0.180083 0.350824
0.198295 0.000436
0.183692 0.023098
0.200349 0.042286
0.206256 0.074620
0.225108 0.098909
0.209992 0.121123
0.221684 0.130478
0.251682 0.145744
0.211193 0.186787
0.213728 0.205940
0.195516 0.233187
0.196960 0.277613
0.159539 0.321228
0.146839 0.346339
0.206662 0.000336
0.256722 0.000629
0.197607 0.025076
0.201217 0.058977
0.236430 0.080846
0.241950 0.095780
0.229975 0.114266
0.245613 0.121366
0.273735 0.145928
0.238278 0.162435
0.222138 0.239144
0.212038 0.225850
0.204692 0.249105
0.191846 0.312590
0.168496 0.305964
0.215002 0.000657
0.211935 0.024907
0.216776 0.040574
0.224969 0.070892
0.255389 0.079956
0.253843 0.103962
0.266297 0.115694
0.262079 0.131081
0.261575 0.159436
0.255878 0.174706
0.238631 0.221118
0.215195 0.262243
0.216004 0.295084
0.155432 0.355504
0.223352 0.000152
0.289865 0.000299
0.227129 0.024233
0.218182 0.056761
0.247212 0.065740
0.268133 0.087234
0.276676 0.101447
0.291124 0.108613
0.284058 0.124785
0.335094 0.135308
0.282892 0.166378
0.241490 0.181715
0.232788 0.262414
0.259011 0.224212
0.196152 0.292562
0.231692 0.000804
0.243162 0.024391
0.233442 0.039831
0.237115 0.054895
0.279764 0.072822
0.288323 0.087366
0.306010 0.091895
0.305432 0.124193
0.289784 0.139724
0.306525 0.163655
0.250413 0.199266
0.297220 0.187676
0.189575 0.351156
0.207967 0.315745
0.240036 0.000188
0.314560 0.000150
0.251247 0.038343
0.259021 0.049937
0.266094 0.063505
0.298793 0.071218
0.329578 0.086364
0.309633 0.108501
0.315893 0.135169
0.350162 0.123922
0.295755 0.154118
0.273010 0.179479
0.265474 0.199236
0.195576 0.334479
0.222506 0.279267
0.248403 0.000817
0.259978 0.024391
0.277266 0.043611
0.284286 0.057006
0.307099 0.058107
0.314366 0.077942
0.351023 0.091426
0.329089 0.117729
0.366000 0.112804
0.349701 0.144147
0.283574 0.192706
0.315838 0.195895
0.218021 0.350129
0.237818 0.239222
0.265019 0.000696
0.339210 0.000339
0.272717 0.029814
0.298585 0.045106
0.324308 0.050219
0.325583 0.065551
0.345535 0.077998
0.327490 0.101386
0.345799 0.107857
0.371532 0.127544
0.367970 0.143205
0.314111 0.179582
0.365238 0.169757
0.245347 0.272566
0.346481 0.182292
0.273278 0.001009
0.285668 0.023099
0.296376 0.031091
0.345017 0.049848
0.343478 0.063922
0.366230 0.069132
0.402672 0.098525
0.367185 0.097133
0.384958 0.102255
0.391595 0.117974
0.317595 0.149381
0.234601 0.298146
0.405031 0.218219
0.218567 0.325187
0.281462 0.000269
0.363822 0.000732
0.336941 0.037204
0.316228 0.036705
0.366574 0.044329
0.386973 0.071241
0.372213 0.082022
0.424306 0.080532
0.420410 0.093114
0.407825 0.124135
0.389392 0.134310
0.381007 0.152699
0.353047 0.159745
0.333462 0.158992
0.256890 0.294792
0.298126 0.000233
0.310046 0.023402
0.358603 0.033796
0.385942 0.034082
0.365718 0.057306
0.394271 0.057253
0.391943 0.086314
0.417706 0.108712
0.433438 0.117694
0.404092 0.145573
0.407782 0.161340
0.446387 0.179667
0.218329 0.352705
0.273233 0.232852
0.306301 0.000541
0.327789 0.024283
0.378338 0.022969
0.384540 0.046860
0.409161 0.058938
0.479405 0.068384
0.448052 0.089628
0.408339 0.074413
0.456917 0.077076
0.427321 0.148196
0.480266 0.145789
0.452925 0.149206
0.428930 0.163048
0.382708 0.180337
0.329407 0.173675
0.322720 0.000038
0.344178 0.024037
0.396622 0.021668
0.406795 0.028909
0.437346 0.045262
0.425383 0.059858
0.474985 0.085365
0.486228 0.102347
0.453326 0.121261
0.421756 0.131768
0.445309 0.134583
0.417253 0.182854
0.244340 0.309041
0.274415 0.212214
0.330901 0.000085
0.405003 0.000831
0.361660 0.021772
0.420187 0.022313
0.408737 0.042696
0.446052 0.058861
0.437478 0.072915
0.465348 0.097807
0.439869 0.103033
0.471757 0.133646
0.496437 0.133448
0.359974 0.189023
0.399861 0.186912
0.253427 0.246870
0.251572 0.283112
0.347287 0.001086
0.447445 0.019039
0.423948 0.039218
0.462313 0.064095
0.491271 0.064592
0.511339 0.092150
0.484620 0.120392
0.464864 0.111613
0.469683 0.171977
0.393006 0.166974
0.446142 0.164431
0.481758 0.189524
0.316305 0.218795
0.234392 0.322102
0.355553 0.000981
0.413115 0.001003
0.478177 0.000349
0.470863 0.021051
0.434448 0.026735
0.511720 0.057942
0.494238 0.085205
0.506687 0.072014
0.508808 0.147594
0.502306 0.106872
0.380751 0.205657
0.496620 0.182374
0.332182 0.199548
0.374356 0.197475
0.522457 0.207738
0.372092 0.000204
0.462047 0.000264
0.454414 0.028446
0.454734 0.039373
0.552142 0.099958
0.557118 0.118503
0.521815 0.109101
0.523682 0.133863
0.501057 0.166878
0.347855 0.207525
0.299236 0.207441
0.294915 0.251733
0.289356 0.251900
0.416885 0.195447
0.380314 0.000233
0.453871 0.000584
0.486219 0.000343
0.509440 0.020680
0.549059 0.043262
0.596945 0.151875
0.557169 0.142075
0.542949 0.133982
0.666148 0.328916
0.323166 0.231437
0.385928 0.244078
0.974734 0.210807
0.611012 0.262359
0.304203 0.232396
0.340958 0.217655
0.421191 0.001092
0.470131 0.000771
0.642020 0.030721
0.479020 0.044903
0.477693 0.031698
0.562218 0.160093
0.535783 0.151458
0.511532 0.123676
0.540743 0.200793
0.475996 0.160945
0.410039 0.227724
0.366658 0.242754
0.385698 0.219727
0.293659 0.222171
0.396757 0.000356
0.437252 0.000126
0.510539 0.000347
0.490383 0.021043
0.664586 0.310452
0.529234 0.064174
0.723214 0.275915
0.516178 0.163276
0.425225 0.206954
0.519076 0.195006
0.961463 0.336110
0.742725 0.292123
0.740228 0.300132
0.378327 0.239388
0.261114 0.253787
0.534912 0.000826
0.502452 0.000154
0.429171 0.000103
0.088076 0.384431
0.511009 0.043004
0.534515 0.095069
0.444213 0.193456
0.668333 0.316333
0.596372 0.245849
0.467916 0.234186
0.920477 0.329123
0.633893 0.281369
0.434744 0.235999
0.475378 0.234483
0.599388 0.000231
0.550873 0.000499
0.388508 0.000253
0.494337 0.000746
0.560137 0.021446
0.493819 0.049044
0.521739 0.080165
0.576368 0.142101
0.559911 0.215844
0.512892 0.239246
0.477923 0.198299
0.424980 0.219543
0.554745 0.261477
0.442154 0.238869
0.559340 0.288186
0.591299 0.000298
0.518718 0.000216
0.445473 0.000565
0.517796 0.031778
0.465007 0.049311
0.946630 0.361284
0.338981 0.237432
0.461447 0.218385
0.514723 0.253022
0.658673 0.324646
0.359816 0.229247
0.503469 0.239255
0.617113 0.273351
0.602633 0.220514
0.615638 0.000344
0.567066 0.000303
0.529952 0.020950
0.526811 0.000815
0.531641 0.049109
0.534089 0.034857
0.543998 0.062903
0.538823 0.113997
0.575535 0.126660
0.522703 0.181576
0.565894 0.192221
0.483220 0.211795
0.580080 0.243728
0.527652 0.244340
0.641712 0.258867
0.631891 0.000675
0.542913 0.000315
0.574514 0.026478
0.545892 0.024445
0.497114 0.032625
0.542368 0.081242
0.573659 0.107561
0.592861 0.117628
0.598773 0.134573
0.543939 0.165057
0.451490 0.206966
0.587167 0.209038
0.566195 0.274453
0.590965 0.262643
0.639950 0.000564
0.558989 0.000104
0.605876 0.021417
0.599630 0.033386
0.586206 0.040259
0.566787 0.092742
0.589888 0.095624
0.615845 0.121309
0.615287 0.156596
0.546421 0.185584
0.613954 0.228952
0.632819 0.238726
0.542774 0.239048
0.591981 0.197854
0.552950 0.252503
0.656235 0.000462
0.629801 0.021658
0.619099 0.029589
0.587097 0.021982
0.562160 0.035595
0.560611 0.056919
0.557932 0.075209
0.577477 0.079607
0.617615 0.139840
0.592484 0.176168
0.616755 0.207020
0.572583 0.181480
0.569072 0.217348
0.504892 0.214585
0.664401 0.001026
0.575079 0.000670
0.652521 0.022638
0.574091 0.048700
0.617428 0.044538
0.604007 0.049783
0.576533 0.064887
0.596365 0.077791
0.603381 0.106904
0.639808 0.151665
0.615841 0.175387
0.610832 0.187137
0.704506 0.279643
0.648933 0.283198
0.731215 0.298901
0.680616 0.000628
0.583177 0.000667
0.607594 0.000153
0.635083 0.042623
0.592908 0.059586
0.626219 0.078430
0.609488 0.087933
0.635418 0.130889
0.652452 0.141933
0.633012 0.167028
0.580823 0.161578
0.642608 0.228071
0.644426 0.291166
0.552441 0.286018
0.688739 0.000311
0.623725 0.000402
0.670654 0.023064
0.660108 0.049126
0.626698 0.059320
0.611274 0.067286
0.622597 0.097151
0.630979 0.111539
0.659072 0.126718
0.680847 0.144850
0.638257 0.183152
0.656144 0.184646
0.650738 0.201406
0.670074 0.223328
0.752045 0.334819
0.705084 0.000370
0.681539 0.033971
0.681832 0.063371
0.661485 0.035064
0.645285 0.054226
0.642826 0.069238
0.644202 0.083968
0.649167 0.113294
0.684327 0.175746
0.668344 0.156207
0.674729 0.207170
0.666142 0.243151
0.538071 0.219415
0.688499 0.275736
0.713292 0.000081
0.648096 0.000763
0.690702 0.023381
0.679699 0.048075
0.664301 0.063249
0.666291 0.077560
0.647739 0.096756
0.672510 0.108082
0.675636 0.125959
0.695855 0.191873
0.659132 0.167791
0.690872 0.224504
0.630289 0.204185
0.650866 0.217994
0.684882 0.242378
0.721366 0.000636
0.706884 0.025132
0.698801 0.039621
0.699307 0.055350
0.693867 0.072877
0.666453 0.092823
0.690488 0.101733
0.695521 0.136732
0.690450 0.161284
0.673791 0.188934
0.759521 0.283127
0.702612 0.263061
0.675360 0.252818
0.620314 0.247211
0.737738 0.000590
0.672493 0.000347
0.723681 0.025165
0.716191 0.038880
0.718534 0.054612
0.712318 0.068053
0.683927 0.086070
0.694704 0.118357
0.706828 0.155057
0.710050 0.184629
0.738807 0.223851
0.743889 0.208393
0.710182 0.250592
0.683677 0.285571
0.773895 0.353576
0.745956 0.000467
0.739176 0.025389
0.733621 0.040766
0.737626 0.056889
0.730774 0.070674
0.707427 0.083491
0.708682 0.099075
0.721711 0.151577
0.718579 0.172515
0.720536 0.200234
0.695730 0.208670
0.653206 0.260810
0.768894 0.264773
0.752443 0.329015
0.754141 0.000293
0.696950 0.000416
0.754016 0.026187
0.750410 0.043030
0.751823 0.064286
0.725789 0.086092
0.728628 0.102651
0.712857 0.115385
0.714503 0.132767
0.736150 0.176406
0.712215 0.214429
0.755596 0.242479
0.710289 0.233033
0.792954 0.357277
0.765241 0.351058
0.762345 0.000679
0.769160 0.025000
0.766257 0.041136
0.764772 0.058711
0.747310 0.079166
0.743578 0.093879
0.731555 0.120188
0.739356 0.157625
0.738193 0.194358
0.776248 0.229037
0.729140 0.260145
0.736792 0.248469
0.815355 0.360474
0.793342 0.322496
0.770620 0.000039
0.729577 0.000980
0.785952 0.024717
0.780251 0.058049
0.762984 0.084003
0.761546 0.102094
0.748542 0.111458
0.736108 0.137410
0.754112 0.184917
0.727189 0.231764
0.776615 0.210802
0.771262 0.247209
0.783963 0.268272
0.787462 0.339133
0.777077 0.313207
0.787257 0.000180
0.801224 0.025681
0.782205 0.039653
0.774280 0.074336
0.776118 0.094927
0.766384 0.122871
0.751374 0.129411
0.754614 0.147232
0.762921 0.203499
0.798904 0.257755
0.799403 0.278699
0.750467 0.266359
0.783957 0.290489
0.770440 0.292432
0.795576 0.001004
0.817441 0.023842
0.797540 0.043652
0.796736 0.059668
0.790573 0.090313
0.778743 0.113564
0.794284 0.127551
0.779826 0.134189
0.757002 0.167174
0.774118 0.166026
0.757177 0.224635
0.786768 0.244370
0.811112 0.313932
0.842569 0.329694
0.809920 0.333796
0.803925 0.000691
0.827751 0.048887
0.814099 0.057907
0.791697 0.074931
0.806541 0.092177
0.792628 0.107901
0.808358 0.128810
0.770203 0.147157
0.808035 0.191562
0.814624 0.252033
0.815973 0.280019
0.801282 0.297337
0.803341 0.366556
0.770008 0.322508
0.820834 0.000277
0.778905 0.000876
0.830811 0.028129
0.813600 0.039135
0.825710 0.070483
0.808689 0.074069
0.807269 0.109356
0.792343 0.146813
0.788578 0.182021
0.771936 0.185877
0.790627 0.200111
0.823608 0.233817
0.841296 0.278348
0.843982 0.355315
0.825576 0.350018
0.829311 0.000292
0.844923 0.024567
0.841750 0.042628
0.839131 0.062910
0.832640 0.102814
0.820568 0.089648
0.807190 0.149449
0.818048 0.164612
0.791112 0.163377
0.823514 0.199189
0.804743 0.235163
0.823372 0.219694
0.826890 0.325025
0.821947 0.298599
0.837715 0.000861
0.812342 0.000600
0.859881 0.025786
0.853918 0.060774
0.835654 0.085514
0.845944 0.113489
0.821344 0.112442
0.821840 0.132064
0.823411 0.150000
0.793203 0.220775
0.806086 0.211144
0.825516 0.265137
0.851943 0.263508
0.860565 0.381406
0.846755 0.370228
0.854703 0.001096
0.873702 0.024284
0.857317 0.042087
0.849812 0.078760
0.849459 0.096381
0.864825 0.098883
0.835629 0.124797
0.836975 0.142205
0.804081 0.174655
0.824630 0.178651
0.838508 0.213560
0.846058 0.233856
0.838810 0.298277
0.856896 0.290751
0.863301 0.000770
0.846189 0.000441
0.886698 0.026071
0.872739 0.043314
0.868399 0.061324
0.865337 0.080498
0.859809 0.118552
0.851302 0.134294
0.849999 0.153480
0.836894 0.164090
0.837467 0.192108
0.855022 0.213140
0.861607 0.249152
0.837142 0.250875
0.852226 0.313032
0.880594 0.000604
0.899928 0.026888
0.887290 0.045267
0.881407 0.065787
0.878589 0.086405
0.874855 0.109761
0.871394 0.127861
0.863249 0.144728
0.859157 0.166847
0.846603 0.177608
0.853444 0.196352
0.864696 0.231884
0.874920 0.260887
0.868728 0.398632
0.889187 0.000924
0.871965 0.000214
0.913468 0.022340
0.900699 0.049714
0.893682 0.069257
0.893293 0.088214
0.888811 0.106104
0.887074 0.125985
0.880438 0.143321
0.874663 0.158472
0.864805 0.185669
0.876072 0.198270
0.903046 0.280661
0.879005 0.341373
0.859253 0.392102
0.897744 0.000235
0.929217 0.023847
0.912337 0.039116
0.909813 0.062210
0.908011 0.079685
0.903281 0.100444
0.901899 0.119689
0.895457 0.144180
0.891445 0.162069
0.888926 0.184914
0.877816 0.174305
0.871581 0.216361
0.891350 0.267990
0.870945 0.280550
0.906414 0.000805
0.915192 0.000147
0.940639 0.036741
0.927222 0.041745
0.924137 0.059078
0.919007 0.094329
0.918139 0.110132
0.908114 0.135565
0.909383 0.154347
0.903168 0.178919
0.906323 0.197411
0.892639 0.205341
0.881796 0.240741
0.897537 0.362516
0.856323 0.345956
0.924113 0.000308
0.946608 0.020517
0.937878 0.061543
0.923324 0.078015
0.935372 0.107960
0.921244 0.123914
0.922942 0.142215
0.914835 0.168827
0.920652 0.194673
0.909048 0.216412
0.900997 0.232550
0.909072 0.260087
0.896251 0.249655
0.885442 0.286360
0.933030 0.000483
0.956669 0.032649
0.947654 0.052038
0.940348 0.079534
0.937390 0.093170
0.936016 0.131606
0.929846 0.159642
0.928946 0.178002
0.927634 0.209774
0.922451 0.228191
0.925382 0.265018
0.917311 0.244345
0.886710 0.220602
0.893623 0.298913
0.867965 0.329655
0.942072 0.000626
0.963794 0.055469
0.954290 0.070175
0.951471 0.103865
0.947609 0.120526
0.941902 0.149951
0.939181 0.194384
0.938852 0.227645
0.933862 0.247250
0.941676 0.268637
0.937422 0.285050
0.916926 0.285161
0.929343 0.302386
0.872204 0.358765
0.951309 0.000983
0.966757 0.020245
0.968167 0.039796
0.957162 0.087804
0.965886 0.124592
0.952594 0.136202
0.948537 0.167309
0.945744 0.209123
0.951753 0.230111
0.946468 0.251850
0.963651 0.259134
0.940639 0.307369
0.951257 0.324151
0.896573 0.328106
0.936512 0.330817
0.960388 0.000388
0.981235 0.024909
0.968316 0.075834
0.965972 0.107061
0.966575 0.173053
0.963758 0.212741
0.963149 0.193278
0.975831 0.287207
0.977341 0.328951
0.959821 0.302820
0.951487 0.282172
0.928371 0.358912
0.908737 0.307859
0.909151 0.410378
0.969337 0.000849
0.988315 0.000027
0.983104 0.042663
0.980011 0.118001
0.970797 0.141274
0.960536 0.154750
0.975569 0.241022
0.986857 0.236401
0.981317 0.302140
0.972758 0.346058
0.993094 0.394549
0.993506 0.454626
0.891903 0.416204
0.905576 0.335612
0.883437 0.390155
0.978422 0.000532
0.978982 0.060285
0.973510 0.091614
0.988599 0.133754
0.978548 0.154629
0.950528 0.182594
0.999770 0.291560
0.999925 0.331991
0.999967 0.267057
0.980978 0.388100
0.998398 0.343836
0.973301 0.369842
0.895451 0.377421
0.869713 0.307627
0.999255 0.000030
0.999084 0.037041
0.984317 0.076346
0.985070 0.102082
0.999838 0.104695
0.999700 0.191285
0.998917 0.142256
0.998923 0.154004
0.997655 0.364570
0.999672 0.279110
0.994101 0.372827
0.999294 0.416900
0.994131 0.458899
0.999300 0.236289
0.897179 0.354457
0.999030 0.000564
0.999269 0.048257
0.999038 0.069888
0.999644 0.092635
0.999705 0.116522
0.979129 0.193820
0.982381 0.264891
0.999870 0.318267
0.999965 0.252133
0.999855 0.202300
0.999138 0.304962
0.966420 0.382494
0.885711 0.312782
0.991280 0.425805
0.999678 0.016233
0.999935 0.026667
0.999146 0.059117
0.999377 0.081822
0.983915 0.170996
0.999624 0.128312
0.998980 0.214112
0.969643 0.229762
0.999916 0.224460
0.999643 0.166836
0.999869 0.180052
0.929458 0.345027
0.997831 0.427019
0.883797 0.423439
0.895717 0.403794
