0.000035 0.025546
0.000478 0.057193
0.000980 0.090252
0.000051 0.127808
0.000176 0.140270
0.000329 0.311482
0.000250 0.181039
0.001201 0.194215
0.000118 0.329141
0.000924 0.409103
0.057830 0.394515
0.010317 0.416409
0.026772 0.427795
0.070016 0.370500
0.000839 0.014843
0.000728 0.035669
0.000630 0.068130
0.015964 0.092437
0.028083 0.218339
0.000666 0.210246
0.000136 0.167679
0.000252 0.278645
0.000748 0.241939
0.000496 0.253957
0.000515 0.355756
0.001602 0.368263
0.034371 0.395517
0.048837 0.422219
0.079021 0.346407
0.000949 0.000949
0.000437 0.046264
0.000064 0.078845
0.000741 0.102712
0.000184 0.114037
0.010405 0.211333
0.000958 0.154205
0.000579 0.296854
0.000641 0.228582
0.009162 0.334225
0.005143 0.350223
0.019157 0.395584
0.003853 0.421195
0.074220 0.409466
0.000884 0.001011
0.017578 0.021660
0.018291 0.058937
0.013977 0.126039
0.016046 0.173537
0.024648 0.244802
0.032051 0.196974
0.000492 0.267547
0.010453 0.297563
0.016329 0.282373
0.018193 0.319855
0.022975 0.373230
0.004793 0.390321
0.038948 0.426311
0.083602 0.370458
0.012659 0.000528
0.033464 0.058291
0.016922 0.040687
0.021808 0.108311
0.012607 0.150858
0.013964 0.228675
0.037078 0.235268
0.012739 0.258964
0.029286 0.304983
0.048825 0.293177
0.033253 0.335513
0.070563 0.326568
0.027823 0.356044
0.096199 0.410709
0.032057 0.000035
0.022805 0.000034
0.037080 0.074133
0.020039 0.075629
0.015699 0.193666
0.026605 0.138161
0.031226 0.180994
0.049676 0.197495
0.028327 0.266935
0.034097 0.287723
0.048307 0.273884
0.043504 0.312935
0.063987 0.343480
0.040751 0.374249
0.111883 0.334306
0.041131 0.000981
0.032128 0.021674
0.032915 0.089621
0.030830 0.119626
0.027837 0.159551
0.041882 0.170872
0.039714 0.215461
0.056127 0.214594
0.038957 0.256459
0.053238 0.256190
0.046184 0.332879
0.047668 0.352847
0.058458 0.312142
0.062681 0.413101
0.050190 0.000314
0.031233 0.037955
0.044370 0.043760
0.048425 0.061612
0.040081 0.104564
0.043981 0.125671
0.039061 0.147134
0.054508 0.180665
0.065839 0.199480
0.051694 0.233983
0.063297 0.287215
0.069272 0.258118
0.074105 0.303432
0.104190 0.273492
0.096061 0.353542
0.059128 0.000384
0.044791 0.021629
0.062166 0.047270
0.047819 0.086935
0.054225 0.109701
0.054386 0.135737
0.050684 0.159158
0.067516 0.168800
0.071716 0.217543
0.065582 0.240775
0.078518 0.230050
0.086498 0.292025
0.054926 0.374215
0.090421 0.277297
0.068295 0.001078
0.077376 0.000792
0.055299 0.032151
0.062191 0.065373
0.060568 0.082866
0.066183 0.097950
0.063958 0.120893
0.063792 0.146983
0.072602 0.185074
0.083166 0.201300
0.092915 0.211177
0.073164 0.274562
0.110045 0.293382
0.097823 0.305460
0.095669 0.377550
0.086349 0.000579
0.064292 0.020245
0.073098 0.033959
0.075516 0.059072
0.075328 0.079980
0.075906 0.109596
0.075954 0.129783
0.075457 0.152287
0.083779 0.169190
0.103023 0.192087
0.082489 0.253450
0.109477 0.208624
0.097405 0.253264
0.114612 0.390110
0.095136 0.000147
0.112810 0.000784
0.081586 0.020936
0.083244 0.047001
0.087979 0.069197
0.087704 0.090109
0.090421 0.103526
0.089159 0.133242
0.090464 0.151509
0.091131 0.183345
0.112848 0.176108
0.093090 0.232348
0.124659 0.244101
0.097262 0.327427
0.102229 0.406630
0.103940 0.001023
0.093503 0.028940
0.097489 0.044410
0.101165 0.061426
0.099468 0.079887
0.107092 0.101605
0.094917 0.117132
0.106829 0.127528
0.104091 0.143741
0.100794 0.165548
0.119791 0.195942
0.107727 0.229547
0.121588 0.267468
0.085131 0.323447
0.121463 0.000851
0.147196 0.000365
0.105161 0.020844
0.111495 0.042650
0.114903 0.062967
0.112399 0.084171
0.117390 0.115367
0.122156 0.136436
0.115393 0.155468
0.131642 0.151774
0.126521 0.173672
0.122324 0.220932
0.138007 0.229191
0.124315 0.285266
0.123670 0.332225
0.130084 0.000984
0.117766 0.027553
0.125942 0.042397
0.127419 0.063037
0.125723 0.084978
0.125057 0.102564
0.132877 0.119764
0.138396 0.135813
0.142422 0.164355
0.135435 0.190563
0.135270 0.211415
0.110961 0.247589
0.143883 0.244004
0.142156 0.281081
0.138734 0.000632
0.181204 0.000968
0.130683 0.022175
0.138462 0.047251
0.140972 0.085103
0.141816 0.102536
0.149709 0.119138
0.152248 0.151811
0.146042 0.180654
0.165618 0.160627
0.151029 0.198942
0.155821 0.217165
0.151429 0.298016
0.133396 0.301698
0.117603 0.312191
0.155741 0.000156
0.143050 0.027612
0.139549 0.069016
0.155500 0.081857
0.157564 0.100165
0.166247 0.116356
0.155804 0.135552
0.179235 0.147198
0.162743 0.177623
0.168190 0.201606
0.171976 0.218263
0.137610 0.263250
0.118790 0.379735
0.111341 0.358704
0.164239 0.000235
0.155867 0.022682
0.152107 0.041989
0.151948 0.060539
0.170482 0.080352
0.172732 0.097194
0.170772 0.133257
0.198584 0.140962
0.182762 0.162529
0.175590 0.184917
0.188258 0.197813
0.159432 0.236173
0.153755 0.260520
0.137791 0.324083
0.126626 0.365229
0.172678 0.000234
0.166853 0.044358
0.165992 0.063123
0.185108 0.076417
0.189778 0.093082
0.184101 0.110847
0.201567 0.157847
0.217668 0.150419
0.193291 0.175274
0.188662 0.216075
0.174156 0.243724
0.170412 0.259176
0.162278 0.278883
0.155379 0.346952
0.189771 0.000077
0.168597 0.026718
0.181508 0.040443
0.179839 0.058639
0.208506 0.086227
0.201395 0.104723
0.186174 0.128097
0.230139 0.137334
0.214974 0.171017
0.223608 0.209341
0.220338 0.191504
0.171520 0.294805
0.185393 0.265574
0.168533 0.328959
0.171335 0.356265
0.198228 0.000310
0.181628 0.021640
0.196395 0.041499
0.200429 0.073450
0.218460 0.098280
0.203382 0.120558
0.214949 0.130465
0.244368 0.144532
0.202990 0.187690
0.205699 0.206842
0.187778 0.235715
0.189351 0.280949
0.152223 0.327139
0.138345 0.351054
0.206608 0.000248
0.256624 0.000444
0.195234 0.024445
0.195949 0.057653
0.230040 0.079607
0.234817 0.095379
0.224489 0.114071
0.239719 0.120632
0.266519 0.145684
0.230702 0.161711
0.212313 0.241071
0.204752 0.225717
0.196640 0.252069
0.183532 0.314936
0.160935 0.309586
0.214970 0.000875
0.208721 0.023459
0.212593 0.039299
0.218844 0.069293
0.247701 0.079006
0.246851 0.103068
0.260759 0.114449
0.254475 0.130352
0.254542 0.157950
0.246739 0.172927
0.230379 0.222365
0.206381 0.264070
0.207094 0.299347
0.147491 0.362349
0.223318 0.000135
0.289680 0.000421
0.223163 0.022924
0.212642 0.055255
0.241089 0.063967
0.260873 0.085907
0.269378 0.100299
0.285947 0.106411
0.275606 0.122663
0.328030 0.132791
0.275615 0.164023
0.233364 0.180557
0.226725 0.263932
0.250088 0.225229
0.187894 0.297179
0.231662 0.000265
0.238468 0.023007
0.228792 0.038587
0.231322 0.053676
0.273430 0.071072
0.281030 0.086933
0.299999 0.089763
0.296819 0.122839
0.282650 0.136338
0.298298 0.162400
0.240279 0.199156
0.288451 0.183108
0.182320 0.355740
0.199630 0.318721
0.240020 0.000054
0.314414 0.001238
0.246193 0.037357
0.253752 0.048853
0.260370 0.063108
0.291485 0.069544
0.325287 0.083108
0.303551 0.105702
0.309723 0.132268
0.344545 0.120283
0.286918 0.152325
0.264369 0.176710
0.256006 0.196435
0.187155 0.338469
0.214312 0.281296
0.248334 0.001203
0.254613 0.023275
0.271133 0.042078
0.279093 0.055292
0.302117 0.056458
0.307051 0.076135
0.345771 0.089038
0.321378 0.115339
0.360925 0.110179
0.342974 0.140547
0.273358 0.192088
0.306368 0.192027
0.207218 0.353054
0.227822 0.238867
0.264874 0.000648
0.338928 0.000672
0.267093 0.028676
0.292000 0.043630
0.318657 0.048674
0.320687 0.064711
0.340342 0.075475
0.320464 0.099636
0.338184 0.105328
0.365243 0.124648
0.361665 0.140320
0.307774 0.175789
0.360376 0.164714
0.238001 0.273628
0.339965 0.177311
0.273067 0.000932
0.279421 0.022077
0.291272 0.029062
0.340822 0.047014
0.338563 0.061444
0.360243 0.068022
0.399718 0.096945
0.361716 0.095594
0.381718 0.099605
0.386879 0.115569
0.308813 0.146476
0.227595 0.299205
0.399057 0.210671
0.209292 0.328275
0.281381 0.001165
0.363675 0.000450
0.330750 0.035797
0.309827 0.035671
0.364232 0.040794
0.381490 0.068305
0.368811 0.080494
0.420371 0.077295
0.417549 0.090875
0.402773 0.121960
0.384598 0.132479
0.375830 0.148970
0.346249 0.156822
0.327169 0.155030
0.247888 0.295501
0.297838 0.000197
0.304567 0.021683
0.352111 0.033288
0.383943 0.032456
0.361467 0.055143
0.390791 0.054714
0.387489 0.084062
0.414872 0.107254
0.431179 0.115504
0.399848 0.143358
0.404904 0.157812
0.445451 0.174518
0.208447 0.353693
0.263992 0.234254
0.306107 0.000862
0.322224 0.023199
0.373304 0.022180
0.379913 0.045593
0.406726 0.059424
0.478710 0.065300
0.445447 0.087114
0.404230 0.073052
0.455936 0.075538
0.425488 0.145704
0.482238 0.143076
0.453961 0.146429
0.426512 0.159297
0.377785 0.174545
0.322162 0.170805
0.322563 0.000263
0.338837 0.022673
0.392229 0.020887
0.404071 0.027363
0.434682 0.041929
0.424503 0.056606
0.475505 0.082836
0.486035 0.099652
0.451040 0.119249
0.418003 0.129366
0.442388 0.131826
0.412965 0.177953
0.236168 0.309679
0.263171 0.211111
0.330667 0.000224
0.404815 0.000463
0.357458 0.020408
0.417247 0.021091
0.404144 0.042411
0.444355 0.055548
0.435664 0.070745
0.462632 0.094832
0.438007 0.099959
0.470983 0.131258
0.497354 0.132224
0.352532 0.185032
0.394382 0.182408
0.245595 0.247090
0.243421 0.281719
0.347033 0.000057
0.444300 0.017834
0.419826 0.037810
0.460582 0.062311
0.492257 0.062198
0.513647 0.089587
0.484637 0.118050
0.465160 0.110722
0.469856 0.167350
0.388212 0.162438
0.444913 0.160316
0.484093 0.183284
0.306589 0.214848
0.224489 0.320636
0.355332 0.000297
0.412859 0.000445
0.478122 0.000535
0.469403 0.019659
0.431939 0.026331
0.512848 0.055786
0.493985 0.082945
0.507608 0.069356
0.511207 0.144600
0.501666 0.103469
0.376344 0.199350
0.498996 0.177948
0.325290 0.193758
0.367217 0.192323
0.524887 0.200494
0.372005 0.000252
0.462000 0.000601
0.454704 0.026350
0.450666 0.038757
0.555797 0.098545
0.561003 0.117945
0.523730 0.107071
0.526441 0.131624
0.502711 0.162240
0.343400 0.201239
0.287871 0.203882
0.284241 0.249217
0.282366 0.251363
0.411985 0.190717
0.380220 0.000934
0.453833 0.000256
0.486203 0.000157
0.508711 0.019218
0.551504 0.040795
0.602715 0.150564
0.561362 0.140981
0.545207 0.131839
0.669336 0.298308
0.314289 0.226254
0.380038 0.232870
0.976041 0.210701
0.614944 0.252370
0.296126 0.229490
0.329657 0.210170
0.420947 0.001050
0.470050 0.001055
0.646649 0.029249
0.477148 0.043807
0.477410 0.029795
0.565645 0.158555
0.539500 0.149712
0.513113 0.120867
0.544954 0.196137
0.474899 0.158020
0.405867 0.222842
0.358846 0.232790
0.380740 0.214109
0.280056 0.219459
0.396645 0.000762
0.437035 0.000411
0.510581 0.000271
0.489639 0.019682
0.667049 0.276272
0.530891 0.061829
0.730556 0.272308
0.518961 0.158831
0.424900 0.199164
0.521414 0.189788
0.963366 0.343108
0.749814 0.290906
0.750651 0.299887
0.372394 0.229997
0.252033 0.252250
0.534939 0.000583
0.502480 0.000048
0.428994 0.001083
0.082459 0.392470
0.511543 0.040257
0.536529 0.093722
0.441943 0.186592
0.674346 0.284495
0.600191 0.235360
0.466406 0.221812
0.924356 0.339792
0.636556 0.268679
0.431905 0.224273
0.477694 0.224248
0.599472 0.000777
0.550959 0.000572
0.388361 0.000243
0.494348 0.000461
0.562645 0.019691
0.494570 0.045119
0.524281 0.077402
0.582323 0.141084
0.563263 0.212775
0.515135 0.229769
0.477345 0.191826
0.422652 0.213633
0.559109 0.252864
0.440829 0.225267
0.560901 0.274006
0.591385 0.000260
0.518720 0.000573
0.445367 0.000642
0.519616 0.029972
0.465188 0.046465
0.947002 0.363796
0.326915 0.230309
0.459742 0.208857
0.519291 0.242803
0.658879 0.295549
0.350429 0.220497
0.505909 0.224507
0.621978 0.264946
0.607284 0.213818
0.615785 0.000993
0.567252 0.000736
0.530763 0.019189
0.526779 0.000306
0.532822 0.046310
0.536431 0.033128
0.547110 0.059987
0.540991 0.112135
0.579540 0.125681
0.526236 0.176645
0.569378 0.188148
0.486451 0.202017
0.585726 0.236196
0.532065 0.229405
0.647652 0.254863
0.632018 0.000386
0.542968 0.000692
0.577671 0.024314
0.547819 0.021997
0.497242 0.031172
0.543707 0.078536
0.576528 0.106100
0.596937 0.116046
0.603408 0.132573
0.547811 0.161882
0.449442 0.200504
0.590865 0.206012
0.573627 0.267004
0.596380 0.254268
0.640153 0.000518
0.559116 0.000948
0.609920 0.019518
0.603621 0.032415
0.589272 0.037536
0.571436 0.091409
0.594913 0.093509
0.621978 0.121880
0.620749 0.156275
0.550937 0.180881
0.619424 0.225047
0.640635 0.235466
0.549209 0.230885
0.597815 0.193258
0.556863 0.244348
0.656366 0.000083
0.634324 0.020132
0.622833 0.027696
0.591302 0.020732
0.564580 0.034143
0.563640 0.055516
0.559981 0.074036
0.580389 0.078662
0.622231 0.138995
0.596922 0.173931
0.622948 0.203653
0.576420 0.177913
0.575147 0.211410
0.507844 0.207105
0.664578 0.000925
0.575291 0.000755
0.657130 0.020750
0.576668 0.045614
0.622413 0.042687
0.608005 0.048201
0.580167 0.063173
0.600165 0.076647
0.608760 0.107399
0.644825 0.150923
0.621467 0.172361
0.616570 0.184720
0.713934 0.279965
0.654922 0.274556
0.734726 0.299468
0.680838 0.000021
0.583265 0.000598
0.607686 0.000851
0.639187 0.040564
0.595432 0.057794
0.630982 0.076561
0.615301 0.086720
0.642871 0.132182
0.658791 0.142526
0.639586 0.166465
0.585212 0.159145
0.650355 0.225623
0.648317 0.287856
0.553701 0.277401
0.688959 0.000551
0.623853 0.000712
0.676100 0.021253
0.665879 0.046794
0.631022 0.058416
0.614307 0.064950
0.626700 0.097012
0.636145 0.111173
0.665259 0.127378
0.687317 0.145195
0.644527 0.181646
0.663764 0.183463
0.656900 0.199237
0.675378 0.222059
0.761184 0.334010
0.705311 0.000430
0.686014 0.032297
0.687153 0.062644
0.666113 0.032561
0.650265 0.051515
0.648132 0.068178
0.649457 0.083560
0.653755 0.114252
0.690714 0.174737
0.674057 0.155805
0.681374 0.205960
0.671052 0.240906
0.541350 0.214424
0.695103 0.273173
0.713444 0.000481
0.648275 0.000071
0.695702 0.021356
0.684953 0.046294
0.668885 0.061756
0.671177 0.077046
0.652637 0.097602
0.677909 0.108573
0.681676 0.126265
0.700523 0.189480
0.664828 0.167033
0.698243 0.223443
0.637285 0.201893
0.658196 0.215253
0.693905 0.241075
0.721566 0.000229
0.711924 0.023121
0.703392 0.036772
0.704387 0.052270
0.700631 0.071034
0.671424 0.093405
0.695872 0.101190
0.701146 0.137587
0.696705 0.161212
0.679720 0.187708
0.768254 0.282908
0.708444 0.266753
0.681833 0.253708
0.625386 0.241984
0.737939 0.000287
0.672733 0.000273
0.728470 0.022603
0.720800 0.036496
0.724275 0.051179
0.718246 0.065450
0.688406 0.084982
0.699937 0.118930
0.712534 0.156096
0.715559 0.183877
0.744906 0.222853
0.748304 0.207531
0.717171 0.249025
0.691225 0.281105
0.780988 0.356024
0.746105 0.000186
0.743932 0.023329
0.737965 0.037926
0.743193 0.053735
0.735760 0.068665
0.712119 0.082355
0.713612 0.098609
0.726937 0.151797
0.723142 0.172596
0.725292 0.198774
0.701513 0.206796
0.661926 0.256512
0.774114 0.265754
0.757603 0.330996
0.754324 0.000297
0.697121 0.000884
0.758003 0.024336
0.754572 0.041304
0.757105 0.061835
0.730709 0.084713
0.733633 0.102035
0.718127 0.116241
0.718985 0.133377
0.740224 0.176150
0.717878 0.212846
0.760809 0.243105
0.715426 0.231635
0.801197 0.363872
0.775091 0.351552
0.762509 0.000137
0.772567 0.022934
0.769792 0.039215
0.770131 0.056353
0.752008 0.076770
0.748612 0.092902
0.736099 0.120292
0.743251 0.158513
0.742796 0.194222
0.779772 0.229091
0.733784 0.261110
0.744602 0.247147
0.822773 0.368181
0.800102 0.327322
0.770777 0.000209
0.729767 0.000755
0.788276 0.023392
0.785231 0.055752
0.767463 0.082286
0.766077 0.101104
0.753404 0.111289
0.740335 0.138187
0.758060 0.185362
0.732674 0.231335
0.780960 0.211244
0.775298 0.247713
0.788305 0.270049
0.796009 0.343340
0.782119 0.313518
0.787418 0.000137
0.802640 0.024232
0.785069 0.037860
0.779167 0.072211
0.780716 0.092865
0.770497 0.123414
0.755328 0.129810
0.758035 0.147973
0.766889 0.203146
0.803974 0.260451
0.805726 0.281921
0.755890 0.266062
0.791747 0.293707
0.773824 0.296831
0.795754 0.000481
0.818362 0.022820
0.800475 0.042026
0.801155 0.057793
0.795233 0.088122
0.782459 0.112451
0.797979 0.126276
0.782894 0.133823
0.759862 0.167511
0.777065 0.166594
0.761130 0.223235
0.793072 0.244088
0.817573 0.318820
0.849069 0.335553
0.817262 0.341917
0.804113 0.000004
0.829693 0.048193
0.816760 0.055895
0.795945 0.072921
0.810871 0.090014
0.797004 0.106317
0.811925 0.127993
0.774332 0.148767
0.811520 0.191632
0.820098 0.254725
0.823138 0.284596
0.807922 0.300654
0.809961 0.371904
0.774052 0.325092
0.820962 0.000541
0.779081 0.000133
0.831449 0.027449
0.815629 0.037583
0.828899 0.068760
0.813271 0.072788
0.811747 0.107960
0.794302 0.146802
0.790251 0.183312
0.774119 0.186030
0.793767 0.199883
0.828287 0.235746
0.846755 0.282698
0.851508 0.363434
0.833069 0.355860
0.829421 0.000756
0.844908 0.023200
0.842661 0.040576
0.841656 0.060772
0.836522 0.100441
0.824526 0.088391
0.809761 0.149258
0.821196 0.164350
0.794743 0.163386
0.827170 0.201240
0.809283 0.237852
0.825779 0.221444
0.833685 0.330864
0.828505 0.301954
0.837838 0.001016
0.812481 0.000345
0.859884 0.025198
0.855057 0.058705
0.838688 0.082699
0.849704 0.110750
0.825322 0.111446
0.825603 0.131183
0.826951 0.148840
0.797004 0.221858
0.808704 0.210663
0.831343 0.267960
0.857843 0.268829
0.866302 0.388386
0.853630 0.378018
0.854804 0.000240
0.874176 0.023710
0.858159 0.040722
0.852739 0.076630
0.851997 0.094244
0.867648 0.095591
0.839325 0.122265
0.841286 0.140847
0.807048 0.174807
0.827403 0.178906
0.842851 0.215814
0.849546 0.236739
0.846765 0.304003
0.861781 0.296211
0.863344 0.000236
0.846289 0.000016
0.887290 0.025337
0.873881 0.041870
0.869366 0.059099
0.867424 0.078058
0.862889 0.115368
0.855194 0.132264
0.853897 0.152996
0.841000 0.163452
0.840374 0.193347
0.860156 0.216943
0.865931 0.252872
0.842539 0.254745
0.858152 0.319428
0.880640 0.000657
0.900275 0.026190
0.888008 0.043919
0.881879 0.063770
0.880283 0.085429
0.877154 0.108912
0.874484 0.126369
0.866516 0.143950
0.863245 0.167233
0.849522 0.178568
0.857204 0.198278
0.868106 0.235409
0.878000 0.265130
0.869958 0.407286
0.889255 0.000208
0.871993 0.001156
0.914191 0.021320
0.901159 0.049101
0.894852 0.068103
0.894077 0.085725
0.890469 0.103925
0.889999 0.123546
0.882931 0.141922
0.878699 0.158114
0.868758 0.185727
0.879629 0.200323
0.907307 0.286906
0.883257 0.348803
0.862485 0.401963
0.897815 0.000528
0.929236 0.023832
0.912134 0.037638
0.909723 0.060313
0.908740 0.078412
0.904816 0.098395
0.903886 0.117786
0.896391 0.143986
0.895627 0.163464
0.892038 0.187769
0.882082 0.174777
0.875579 0.218486
0.894120 0.272813
0.873591 0.283614
0.906536 0.000452
0.915349 0.000284
0.941510 0.036784
0.927635 0.041434
0.925071 0.056298
0.920395 0.092313
0.918720 0.109425
0.908654 0.134756
0.911048 0.154990
0.905462 0.180194
0.909326 0.199186
0.896505 0.208299
0.885190 0.245520
0.902542 0.374790
0.863130 0.353999
0.924269 0.000733
0.946414 0.020163
0.938511 0.061924
0.923205 0.075188
0.936077 0.107421
0.922239 0.123269
0.923868 0.142858
0.916556 0.170032
0.922991 0.195864
0.912050 0.219989
0.903924 0.235987
0.910092 0.264184
0.899229 0.253088
0.888132 0.291783
0.933077 0.000164
0.956800 0.032362
0.948913 0.050404
0.940109 0.077887
0.936408 0.092347
0.936240 0.131550
0.929137 0.161660
0.930944 0.179697
0.927987 0.212153
0.923602 0.230613
0.927034 0.271012
0.918597 0.248731
0.890698 0.224580
0.898273 0.306640
0.873007 0.334277
0.942024 0.000159
0.965628 0.054884
0.954347 0.068404
0.952152 0.102265
0.948106 0.120269
0.942493 0.151755
0.940812 0.197861
0.939485 0.232394
0.935133 0.251441
0.946586 0.273623
0.940777 0.291452
0.919151 0.293446
0.930098 0.308321
0.876578 0.364914
0.951201 0.000809
0.966475 0.019938
0.968348 0.038841
0.956834 0.087284
0.965846 0.124549
0.952698 0.136949
0.948912 0.169123
0.945493 0.212129
0.950775 0.234023
0.949000 0.256576
0.962970 0.264300
0.946801 0.315041
0.953785 0.330615
0.898462 0.334767
0.939290 0.341197
0.960313 0.000140
0.981449 0.024046
0.968049 0.073860
0.966014 0.106168
0.967080 0.175032
0.961982 0.213960
0.962537 0.193122
0.975595 0.295507
0.978209 0.336814
0.961362 0.308007
0.955806 0.287300
0.929802 0.364422
0.909865 0.313072
0.911110 0.416385
0.969289 0.001019
0.988361 0.000073
0.982982 0.041370
0.979834 0.116927
0.970584 0.141141
0.960728 0.156426
0.974810 0.246409
0.989839 0.234229
0.981131 0.307620
0.971757 0.352908
0.991897 0.396632
0.991090 0.461019
0.893140 0.423616
0.910321 0.346333
0.888055 0.398688
0.978450 0.000779
0.979828 0.059653
0.972694 0.090431
0.988383 0.134402
0.978227 0.156039
0.950585 0.184216
0.999398 0.291592
0.999705 0.332981
0.999268 0.266692
0.982970 0.397218
0.997758 0.343589
0.971829 0.375397
0.901111 0.384263
0.873500 0.313788
0.999030 0.000338
0.999889 0.036987
0.984823 0.075872
0.985475 0.099667
0.999020 0.104557
0.999527 0.190839
0.999378 0.142955
0.999146 0.154524
0.997556 0.366419
0.999605 0.278666
0.994859 0.373750
0.998437 0.417539
0.995752 0.468459
0.999731 0.237746
0.903629 0.359746
0.999612 0.000383
0.999445 0.048068
0.999355 0.069627
0.999456 0.092445
0.999630 0.116432
0.981447 0.193518
0.982572 0.269590
0.999935 0.319407
0.999106 0.253301
0.999612 0.201948
0.999011 0.305884
0.964976 0.389163
0.889149 0.320252
0.993240 0.432645
0.999229 0.016140
0.999877 0.026612
0.999308 0.058853
0.999273 0.081547
0.980605 0.174415
0.999373 0.128402
0.999838 0.213020
0.969546 0.230070
0.999783 0.224164
0.999531 0.166667
0.999823 0.179399
0.932207 0.352692
0.997864 0.428504
0.886499 0.430812
0.897944 0.413364
