0.000112 0.025244
0.001110 0.057062
0.000783 0.090313
0.000661 0.127091
0.000520 0.139577
0.000637 0.313337
0.000307 0.180473
0.000302 0.193373
0.000278 0.327295
0.000095 0.412964
0.047629 0.429795
0.000993 0.455006
0.010670 0.452673
0.054010 0.403655
0.000170 0.014366
0.000716 0.035570
0.000126 0.067813
0.013587 0.087165
0.025500 0.223022
0.000489 0.207045
0.001037 0.166796
0.000766 0.280825
0.000988 0.240054
0.000051 0.251875
0.000255 0.365069
0.000852 0.377212
0.028272 0.436110
0.039119 0.459540
0.065841 0.376453
0.000568 0.001212
0.000412 0.046283
0.000956 0.078633
0.000901 0.102159
0.000935 0.113520
0.000880 0.217941
0.000765 0.155003
0.000313 0.296910
0.000878 0.227824
0.000087 0.340414
0.000634 0.352938
0.008566 0.432799
0.000787 0.436987
0.064227 0.448307
0.000615 0.000489
0.017158 0.020831
0.015926 0.055088
0.009671 0.124624
0.012278 0.176347
0.026616 0.255692
0.026456 0.209621
0.000582 0.268377
0.012741 0.316954
0.012215 0.291346
0.018666 0.346947
0.008340 0.402811
0.000261 0.394375
0.022558 0.461555
0.071455 0.404376
0.012296 0.000419
0.030403 0.053382
0.015610 0.037668
0.015784 0.105327
0.006959 0.148205
0.018627 0.237550
0.036201 0.243162
0.011009 0.265996
0.027355 0.327190
0.041710 0.323648
0.021388 0.368605
0.052360 0.359596
0.020679 0.384442
0.083354 0.444910
0.031430 0.000796
0.022268 0.000370
0.034501 0.073833
0.018315 0.070230
0.013784 0.198041
0.024473 0.138219
0.029064 0.190975
0.045306 0.202040
0.030205 0.291111
0.029354 0.306793
0.044609 0.296194
0.033185 0.348572
0.052358 0.387067
0.027098 0.406895
0.089275 0.368035
0.040311 0.000606
0.031867 0.019215
0.028927 0.086639
0.026764 0.119365
0.024320 0.164781
0.034940 0.177401
0.042113 0.219212
0.055322 0.229649
0.030760 0.271507
0.045380 0.270474
0.040457 0.366382
0.036420 0.388527
0.050995 0.338580
0.050474 0.452449
0.049313 0.000820
0.030816 0.034062
0.042510 0.041041
0.042603 0.059301
0.031834 0.105940
0.039832 0.124545
0.030863 0.151486
0.049651 0.186700
0.060650 0.209929
0.049021 0.244706
0.055510 0.312728
0.059371 0.278853
0.064901 0.328684
0.094183 0.294133
0.076755 0.385080
0.058565 0.000625
0.044401 0.020790
0.057761 0.049374
0.042923 0.094099
0.050832 0.106573
0.042968 0.139055
0.042719 0.162205
0.056181 0.169653
0.070870 0.224457
0.058077 0.259729
0.069842 0.244082
0.075585 0.312444
0.040258 0.417568
0.076516 0.291711
0.067647 0.000093
0.076685 0.000641
0.055297 0.033766
0.054719 0.066900
0.048847 0.081830
0.063280 0.095584
0.053941 0.121532
0.055732 0.147732
0.064135 0.189135
0.077403 0.209566
0.085331 0.230641
0.062162 0.295531
0.091123 0.313811
0.083374 0.334423
0.081136 0.415762
0.085866 0.000632
0.059993 0.018780
0.069869 0.029726
0.069779 0.058073
0.067539 0.076724
0.068905 0.110853
0.064535 0.132551
0.068094 0.155028
0.072340 0.172786
0.091921 0.199621
0.073830 0.264615
0.097088 0.217086
0.085709 0.276065
0.101418 0.429350
0.094669 0.000421
0.112149 0.000226
0.079241 0.016689
0.074802 0.041365
0.079959 0.066041
0.075955 0.089182
0.084732 0.101518
0.079229 0.134943
0.082159 0.152563
0.078908 0.191166
0.098064 0.182939
0.085525 0.251006
0.114358 0.253752
0.081112 0.355294
0.091414 0.445309
0.103490 0.000089
0.089363 0.028522
0.091334 0.041971
0.090741 0.056347
0.089510 0.076715
0.097187 0.101443
0.081396 0.119160
0.095582 0.128074
0.095873 0.145395
0.087268 0.170132
0.106608 0.199893
0.099803 0.242105
0.106048 0.281426
0.066740 0.347562
0.120758 0.000161
0.147006 0.000609
0.099376 0.019031
0.105403 0.043199
0.103724 0.064900
0.101202 0.084836
0.104119 0.116506
0.110209 0.140749
0.101834 0.163325
0.116743 0.155524
0.114634 0.175342
0.109339 0.229703
0.123667 0.235726
0.108453 0.303454
0.109572 0.363177
0.129648 0.000469
0.110954 0.025601
0.118794 0.038499
0.116225 0.057747
0.115141 0.075834
0.111554 0.097666
0.118434 0.119327
0.123586 0.134878
0.129514 0.166998
0.120248 0.193912
0.119578 0.213186
0.099160 0.263441
0.129654 0.258149
0.125413 0.299397
0.138337 0.000193
0.181160 0.000606
0.124531 0.017549
0.128799 0.049670
0.127788 0.088571
0.125091 0.104108
0.135558 0.118653
0.136427 0.150074
0.132774 0.185752
0.148660 0.160186
0.137633 0.204584
0.135082 0.222540
0.127836 0.316491
0.111257 0.325441
0.097794 0.336959
0.155703 0.000706
0.130890 0.030411
0.129152 0.070425
0.141036 0.080103
0.141328 0.099919
0.150946 0.116817
0.139677 0.136070
0.163489 0.146654
0.145799 0.177057
0.151017 0.206575
0.151840 0.231088
0.120273 0.277045
0.105698 0.420968
0.092883 0.392263
0.164101 0.000776
0.145393 0.019175
0.144254 0.035338
0.140477 0.056225
0.156025 0.082867
0.156123 0.098423
0.154258 0.133942
0.179893 0.141977
0.164195 0.162866
0.156958 0.187825
0.167060 0.203165
0.140578 0.244716
0.136131 0.277095
0.113484 0.342410
0.107594 0.406396
0.172639 0.000521
0.154366 0.045833
0.150593 0.065942
0.168659 0.074944
0.171388 0.091654
0.165885 0.110848
0.182363 0.159651
0.195871 0.150142
0.171122 0.177213
0.165014 0.222322
0.154927 0.254514
0.151849 0.271132
0.145688 0.292931
0.128868 0.379394
0.189527 0.000468
0.157431 0.026945
0.169514 0.038234
0.163615 0.056789
0.188777 0.086587
0.182658 0.103119
0.169761 0.127888
0.208540 0.133104
0.191044 0.173557
0.197070 0.212727
0.197124 0.192747
0.147489 0.307793
0.166245 0.278567
0.143004 0.351092
0.140860 0.384247
0.197892 0.000311
0.170505 0.020244
0.184094 0.041857
0.183431 0.072780
0.198051 0.100720
0.182670 0.118312
0.193327 0.130362
0.219977 0.143295
0.181040 0.190598
0.181407 0.211392
0.168197 0.240782
0.170412 0.295073
0.126903 0.352188
0.107879 0.382362
0.206361 0.000676
0.256563 0.000228
0.183606 0.026166
0.177590 0.057826
0.207125 0.080621
0.211754 0.096665
0.203389 0.115874
0.219390 0.118369
0.243037 0.140047
0.208088 0.157789
0.185934 0.252458
0.185522 0.230668
0.173479 0.261111
0.152771 0.330782
0.138064 0.331339
0.214705 0.000864
0.197007 0.021973
0.199977 0.038837
0.199832 0.069235
0.221751 0.081463
0.226045 0.101016
0.235437 0.112417
0.232628 0.130229
0.231483 0.154179
0.220691 0.169026
0.208237 0.229085
0.191872 0.276512
0.183340 0.311089
0.120072 0.394217
0.223059 0.000335
0.289507 0.000711
0.211259 0.024780
0.194067 0.055016
0.222877 0.063607
0.236596 0.085333
0.246743 0.098097
0.264390 0.103084
0.249830 0.117383
0.303714 0.125334
0.250070 0.160254
0.207219 0.179212
0.206848 0.265226
0.223454 0.227617
0.164608 0.314699
0.231411 0.000823
0.225502 0.024580
0.215473 0.040858
0.210970 0.056534
0.251431 0.074594
0.259988 0.088571
0.276097 0.086951
0.270791 0.116528
0.260929 0.129764
0.271294 0.156489
0.213194 0.205274
0.257917 0.173359
0.150642 0.378633
0.176961 0.335136
0.239835 0.000490
0.314230 0.001067
0.230266 0.040572
0.237780 0.053119
0.237968 0.068075
0.268192 0.070235
0.306372 0.082130
0.282590 0.103605
0.284341 0.124551
0.323810 0.111189
0.260235 0.143503
0.237689 0.173285
0.223441 0.187808
0.158206 0.355257
0.190715 0.288894
0.248266 0.000492
0.239747 0.022005
0.251596 0.045264
0.259759 0.058114
0.281615 0.057856
0.285513 0.073742
0.325648 0.093479
0.297671 0.110301
0.341409 0.106825
0.320635 0.125683
0.240633 0.191613
0.270749 0.185485
0.169018 0.365400
0.200866 0.245596
0.264875 0.001065
0.338902 0.000141
0.248992 0.031593
0.269921 0.044336
0.300814 0.052165
0.300919 0.067302
0.322351 0.074935
0.295633 0.091854
0.311344 0.100738
0.349001 0.119133
0.334918 0.131357
0.282130 0.168804
0.341686 0.148148
0.224079 0.271780
0.311695 0.157317
0.273092 0.000936
0.261138 0.022239
0.272164 0.028903
0.327014 0.049943
0.316614 0.059855
0.337361 0.074150
0.390033 0.098820
0.342950 0.091105
0.364361 0.097528
0.367448 0.110428
0.279975 0.142271
0.208469 0.301417
0.386143 0.186554
0.185583 0.343496
0.281269 0.000196
0.363357 0.000681
0.307117 0.037769
0.286880 0.040262
0.350931 0.038047
0.358393 0.067078
0.355150 0.082866
0.409304 0.078579
0.410414 0.092971
0.385743 0.114384
0.367355 0.125476
0.356243 0.136504
0.322139 0.145167
0.298443 0.139451
0.220654 0.293688
0.297761 0.000804
0.286722 0.024237
0.329629 0.034257
0.373282 0.041460
0.341239 0.057180
0.378870 0.066398
0.372400 0.081483
0.404412 0.107699
0.423013 0.112961
0.385901 0.130986
0.396396 0.142425
0.450870 0.150348
0.178333 0.355248
0.240600 0.242016
0.305999 0.000372
0.301736 0.024855
0.359133 0.025957
0.358045 0.053000
0.397522 0.068350
0.473280 0.071718
0.435491 0.087386
0.387904 0.085374
0.454724 0.083761
0.418813 0.131155
0.489533 0.131837
0.458091 0.131516
0.416888 0.149589
0.355836 0.157131
0.296331 0.156798
0.322478 0.000181
0.317981 0.024661
0.374258 0.026116
0.390165 0.030818
0.421459 0.046340
0.415816 0.061171
0.474117 0.086050
0.481286 0.098616
0.446792 0.110526
0.403415 0.123782
0.434595 0.125987
0.398733 0.157165
0.213397 0.313017
0.228187 0.209949
0.330704 0.000586
0.404447 0.000971
0.338014 0.025903
0.405210 0.028131
0.385013 0.051744
0.438903 0.066455
0.427472 0.076113
0.454904 0.098646
0.430203 0.101875
0.467384 0.121753
0.502573 0.120222
0.325892 0.166069
0.375211 0.164100
0.218253 0.250894
0.230041 0.282349
0.347080 0.000296
0.436234 0.030075
0.401456 0.047287
0.455883 0.067452
0.496630 0.070206
0.519622 0.092713
0.488039 0.112836
0.467511 0.107184
0.464483 0.155090
0.374763 0.145318
0.440554 0.135796
0.490091 0.149067
0.266104 0.204051
0.195231 0.319782
0.355195 0.000479
0.412716 0.000960
0.477912 0.000300
0.464207 0.027652
0.417849 0.029060
0.519681 0.065870
0.495476 0.085900
0.512142 0.079761
0.520645 0.126506
0.502763 0.101077
0.361239 0.171896
0.511526 0.155429
0.296424 0.176332
0.341358 0.171072
0.537674 0.171471
0.371620 0.000629
0.461505 0.000627
0.450167 0.034093
0.439734 0.046957
0.567454 0.100198
0.574451 0.116496
0.531750 0.104957
0.536722 0.120540
0.504229 0.140346
0.325846 0.185017
0.253729 0.198272
0.256081 0.239828
0.259343 0.247148
0.392968 0.173565
0.379949 0.000330
0.453317 0.000022
0.486090 0.000047
0.510708 0.029681
0.560693 0.051478
0.621586 0.138868
0.578328 0.130664
0.559599 0.122212
0.685003 0.219303
0.279112 0.220058
0.361413 0.200058
0.980192 0.218953
0.616265 0.226485
0.265078 0.222761
0.289579 0.191456
0.420970 0.000676
0.469723 0.000071
0.664726 0.037511
0.478728 0.058069
0.476088 0.039625
0.582505 0.143681
0.549623 0.132874
0.515573 0.111015
0.559116 0.168823
0.475830 0.139726
0.392089 0.196103
0.325170 0.196982
0.361214 0.196296
0.243730 0.217007
0.396249 0.000023
0.437177 0.001246
0.510479 0.000843
0.485033 0.029205
0.685017 0.160145
0.540491 0.069895
0.763349 0.279502
0.531121 0.138836
0.415954 0.169951
0.525585 0.155087
0.972333 0.368708
0.774242 0.291002
0.776124 0.313008
0.336913 0.199179
0.237146 0.261000
0.534927 0.000764
0.502382 0.000221
0.429116 0.000701
0.065049 0.430818
0.514795 0.049426
0.546535 0.096180
0.427318 0.157631
0.703934 0.225620
0.612213 0.196784
0.472318 0.189545
0.934842 0.359309
0.626683 0.238171
0.416756 0.188284
0.483329 0.182464
0.599810 0.000331
0.551191 0.000868
0.388168 0.000063
0.494283 0.000156
0.575133 0.029681
0.495789 0.055560
0.533652 0.084073
0.604269 0.130238
0.577673 0.188654
0.522840 0.202101
0.468385 0.163719
0.404446 0.196867
0.582988 0.229173
0.433074 0.182640
0.557324 0.227490
0.591743 0.000509
0.518607 0.000325
0.445207 0.000010
0.525710 0.036675
0.457918 0.051032
0.958813 0.387646
0.286061 0.206948
0.459910 0.180567
0.525586 0.194878
0.636242 0.255732
0.307880 0.198907
0.499304 0.188000
0.618528 0.249699
0.621870 0.183479
0.616000 0.000371
0.567420 0.000927
0.535827 0.028155
0.526733 0.000071
0.535963 0.055709
0.548045 0.039462
0.558790 0.066079
0.552625 0.109148
0.593212 0.122252
0.543805 0.151537
0.581343 0.169681
0.494911 0.170641
0.592770 0.209517
0.534411 0.189418
0.654681 0.227443
0.632230 0.000376
0.543077 0.000288
0.592065 0.029094
0.558044 0.028641
0.497862 0.036204
0.555136 0.081822
0.593409 0.106984
0.610089 0.110412
0.620529 0.122302
0.561429 0.144818
0.439681 0.173311
0.606078 0.183049
0.595458 0.236975
0.601790 0.226571
0.640234 0.000543
0.559319 0.001026
0.626115 0.028190
0.621462 0.042970
0.604027 0.044668
0.584216 0.095287
0.613937 0.098905
0.640625 0.117685
0.637489 0.142174
0.568047 0.156844
0.634312 0.200540
0.654091 0.213997
0.564673 0.199104
0.614294 0.165757
0.566657 0.210336
0.656338 0.000167
0.652255 0.027848
0.639816 0.032741
0.608512 0.028770
0.576505 0.043781
0.577295 0.069855
0.572313 0.085516
0.598912 0.086486
0.639517 0.130162
0.614486 0.152974
0.641301 0.184487
0.594424 0.158357
0.591116 0.180708
0.515679 0.172628
0.664429 0.000769
0.575534 0.000997
0.672696 0.025098
0.590123 0.053602
0.639709 0.054238
0.623949 0.060829
0.592105 0.070516
0.615236 0.083169
0.629515 0.108139
0.656309 0.138565
0.639006 0.155876
0.633529 0.168949
0.746690 0.304841
0.661143 0.249236
0.755035 0.301855
0.680745 0.000102
0.583658 0.000185
0.607912 0.000274
0.654720 0.049854
0.608346 0.066751
0.650667 0.085096
0.631631 0.090196
0.661711 0.126234
0.678675 0.134291
0.658982 0.151965
0.600898 0.143870
0.667264 0.208685
0.649365 0.248148
0.568631 0.233795
0.688847 0.000359
0.624093 0.000948
0.692577 0.025776
0.686186 0.054481
0.649702 0.068845
0.631692 0.074210
0.646384 0.098744
0.654823 0.110843
0.685321 0.121965
0.704780 0.134004
0.651781 0.165965
0.691633 0.156072
0.665227 0.175485
0.706763 0.203491
0.781241 0.335875
0.705044 0.000109
0.699069 0.040293
0.701584 0.073772
0.681566 0.037753
0.668564 0.059170
0.668144 0.074010
0.665850 0.089408
0.672604 0.117374
0.709009 0.159264
0.696405 0.143556
0.707817 0.189073
0.697018 0.217922
0.553179 0.182267
0.720543 0.271231
0.713179 0.000297
0.648281 0.000304
0.708814 0.026226
0.702582 0.058705
0.684584 0.070081
0.685930 0.086077
0.670251 0.102647
0.695952 0.108588
0.702879 0.122022
0.720945 0.173340
0.673204 0.147347
0.724719 0.214076
0.657975 0.190660
0.676762 0.196427
0.731194 0.239591
0.721341 0.000698
0.724480 0.025580
0.715283 0.041715
0.719965 0.057982
0.718523 0.073448
0.685684 0.099588
0.710249 0.098909
0.721072 0.131470
0.717928 0.148444
0.702048 0.177662
0.798512 0.287392
0.737134 0.279499
0.731552 0.257953
0.634733 0.213688
0.737760 0.000310
0.672573 0.000343
0.739698 0.025477
0.730955 0.041122
0.740182 0.054953
0.733039 0.068864
0.704282 0.087351
0.715942 0.113955
0.731113 0.150746
0.735680 0.176451
0.769072 0.220578
0.768641 0.204524
0.747078 0.253946
0.729953 0.279293
0.810108 0.360376
0.746005 0.000400
0.754868 0.025045
0.748532 0.039384
0.756644 0.057802
0.748494 0.071543
0.725790 0.086785
0.728524 0.100560
0.744993 0.144459
0.740656 0.161809
0.744415 0.191457
0.729530 0.194815
0.679065 0.236890
0.795242 0.271881
0.775747 0.326546
0.754165 0.000195
0.696928 0.000344
0.768341 0.026823
0.764109 0.044972
0.771194 0.065304
0.743026 0.086076
0.746711 0.100443
0.732727 0.113647
0.735212 0.128914
0.756943 0.171066
0.749250 0.208778
0.786719 0.246802
0.743387 0.222034
0.830683 0.386360
0.810814 0.355839
0.762377 0.000434
0.781301 0.024104
0.778356 0.042089
0.783042 0.058757
0.761666 0.078816
0.761808 0.093884
0.750528 0.116334
0.759544 0.154774
0.760464 0.187608
0.798735 0.232950
0.758636 0.258750
0.771800 0.246285
0.851631 0.396797
0.824574 0.338371
0.770599 0.000329
0.729463 0.001079
0.795203 0.024016
0.798325 0.056694
0.777202 0.082704
0.777356 0.101119
0.765089 0.110286
0.753634 0.132483
0.774574 0.183074
0.759502 0.234095
0.801752 0.213761
0.801233 0.253978
0.811140 0.281732
0.826329 0.356143
0.808934 0.311567
0.787188 0.000030
0.809298 0.025182
0.792959 0.040846
0.789811 0.074412
0.790595 0.092832
0.781289 0.122374
0.768002 0.129177
0.773567 0.144116
0.786161 0.203309
0.823171 0.272683
0.828012 0.290724
0.779924 0.270167
0.818162 0.305993
0.789823 0.312982
0.795607 0.000564
0.823004 0.019305
0.808113 0.040404
0.812535 0.059925
0.804685 0.088739
0.791468 0.110994
0.806998 0.122968
0.793445 0.133065
0.774815 0.164164
0.792567 0.167198
0.785808 0.221559
0.814151 0.250549
0.839758 0.336110
0.870058 0.364114
0.844163 0.367931
0.803915 0.000421
0.837752 0.044570
0.825580 0.055438
0.806213 0.073859
0.819959 0.092348
0.806916 0.106554
0.820597 0.130092
0.788009 0.150474
0.827607 0.192378
0.838130 0.266503
0.845238 0.300425
0.828755 0.319279
0.838016 0.392183
0.795011 0.331722
0.820890 0.000558
0.778871 0.001250
0.834708 0.028427
0.822280 0.038270
0.836121 0.068313
0.823012 0.075750
0.822351 0.109420
0.805374 0.144830
0.804916 0.183962
0.789262 0.186217
0.810650 0.200310
0.844944 0.246385
0.860900 0.301053
0.868758 0.397128
0.860850 0.379003
0.829532 0.000720
0.845843 0.018198
0.849678 0.035842
0.847155 0.057481
0.844866 0.098456
0.834478 0.089391
0.820609 0.147447
0.831946 0.164976
0.809659 0.163273
0.840564 0.210792
0.829692 0.247480
0.833870 0.227871
0.853209 0.348997
0.849719 0.320262
0.837885 0.000714
0.812270 0.001267
0.861855 0.020872
0.860681 0.053353
0.848474 0.077741
0.856985 0.105916
0.835619 0.114103
0.836456 0.132788
0.838334 0.150062
0.815966 0.229950
0.822965 0.211728
0.848155 0.282431
0.871492 0.286328
0.889396 0.415720
0.875179 0.411799
0.855327 0.000585
0.876648 0.019035
0.863133 0.036774
0.862440 0.070387
0.860827 0.087263
0.874516 0.091758
0.849757 0.122756
0.854050 0.142062
0.820035 0.176230
0.840960 0.183282
0.853660 0.223205
0.859545 0.245665
0.864835 0.327695
0.881071 0.316701
0.863941 0.000991
0.846578 0.000162
0.891253 0.019341
0.878426 0.034410
0.875784 0.049832
0.877077 0.067771
0.871878 0.111335
0.864647 0.128513
0.863072 0.157947
0.849318 0.166638
0.852134 0.199576
0.869586 0.229111
0.875690 0.266668
0.859604 0.267618
0.872398 0.345225
0.881344 0.000695
0.904605 0.022233
0.892167 0.036925
0.888939 0.056574
0.885126 0.080910
0.886374 0.105537
0.881786 0.125549
0.873050 0.146932
0.873247 0.171732
0.858374 0.183456
0.866960 0.208084
0.879288 0.246973
0.893917 0.280684
0.871252 0.439387
0.889971 0.000779
0.872639 0.000930
0.918444 0.017500
0.903625 0.043830
0.900735 0.062628
0.900012 0.079090
0.897740 0.097368
0.897897 0.121100
0.888746 0.139443
0.886933 0.160915
0.875944 0.190073
0.883019 0.208833
0.920555 0.307528
0.902686 0.380321
0.874806 0.437676
0.898574 0.000606
0.933603 0.021197
0.913797 0.034842
0.914837 0.055291
0.915333 0.074265
0.912456 0.093608
0.911310 0.112631
0.901450 0.147820
0.903871 0.169028
0.896724 0.200559
0.891423 0.180206
0.888434 0.227158
0.905666 0.297236
0.886939 0.299209
0.907151 0.001098
0.916076 0.000393
0.943793 0.037253
0.927809 0.034451
0.930091 0.049093
0.926855 0.083718
0.925660 0.104457
0.912222 0.131542
0.915191 0.154475
0.909227 0.190023
0.916683 0.208919
0.904365 0.221985
0.893671 0.261035
0.931483 0.407898
0.885627 0.379609
0.925126 0.000391
0.948119 0.018341
0.942855 0.056215
0.928696 0.065800
0.939718 0.110885
0.926936 0.124329
0.927865 0.145459
0.920644 0.178144
0.930578 0.202555
0.918066 0.231716
0.913878 0.253973
0.922759 0.289122
0.908537 0.271919
0.901746 0.316090
0.933918 0.000511
0.958010 0.029839
0.955836 0.046170
0.942600 0.075031
0.940615 0.092804
0.941834 0.132214
0.931437 0.165522
0.936947 0.187235
0.932338 0.224324
0.930291 0.248547
0.940231 0.297377
0.927962 0.270163
0.898476 0.243662
0.911101 0.327919
0.888750 0.358081
0.942776 0.000788
0.970286 0.052209
0.957064 0.063045
0.955357 0.100060
0.953697 0.118453
0.945454 0.153361
0.946920 0.213177
0.942957 0.253765
0.941883 0.277145
0.952147 0.296661
0.951129 0.314184
0.936149 0.319407
0.940529 0.341281
0.897855 0.397404
0.951904 0.000673
0.966615 0.018561
0.971278 0.036307
0.955856 0.081685
0.967292 0.123917
0.956317 0.141264
0.949749 0.171520
0.945150 0.236016
0.963591 0.256086
0.955059 0.268768
0.969198 0.284803
0.954740 0.343025
0.969073 0.353439
0.913029 0.361572
0.954309 0.365005
0.960727 0.000075
0.982044 0.020446
0.970512 0.069958
0.970139 0.106642
0.962804 0.179305
0.961387 0.222556
0.966038 0.205232
0.983983 0.312967
0.994376 0.361907
0.966111 0.326658
0.969465 0.303827
0.940429 0.412303
0.926572 0.347706
0.922818 0.437226
0.969640 0.000364
0.988850 0.000515
0.985448 0.037523
0.984959 0.116616
0.971152 0.141345
0.966905 0.160505
0.979326 0.262764
0.983230 0.241141
0.984974 0.339398
0.982744 0.390952
0.991722 0.399699
0.991263 0.471940
0.895632 0.459279
0.926371 0.376218
0.899904 0.425085
0.978804 0.000041
0.984641 0.057188
0.969796 0.087673
0.986332 0.136149
0.982673 0.160481
0.953737 0.193595
0.999695 0.292214
0.999925 0.333470
0.999574 0.264470
0.985806 0.429239
0.999115 0.346354
0.958364 0.404675
0.922200 0.430175
0.892141 0.329860
0.998972 0.000177
0.999682 0.037103
0.983145 0.077218
0.983004 0.097004
0.999170 0.104854
0.998886 0.189789
0.998790 0.141990
0.999304 0.154016
0.999439 0.370446
0.999824 0.277598
0.999738 0.379963
0.996808 0.422928
0.995375 0.476781
0.999848 0.240413
0.920228 0.389957
0.999297 0.000797
0.999288 0.048099
0.999976 0.070276
0.999471 0.092937
0.999887 0.116504
0.978681 0.197913
0.987556 0.286779
0.999783 0.319117
0.999930 0.252983
0.999926 0.201975
0.999527 0.305490
0.975923 0.414595
0.902933 0.346651
0.999272 0.442286
0.999375 0.015696
0.999193 0.026402
0.999531 0.059293
0.999523 0.081641
0.980491 0.178864
0.999890 0.128311
0.999710 0.214031
0.968275 0.239077
0.999756 0.225877
0.999840 0.166100
0.999337 0.177993
0.942955 0.394615
0.995550 0.443829
0.897544 0.457713
0.920816 0.448750
