0.000631 0.025196
0.000274 0.057048
0.000456 0.090349
0.000927 0.127179
0.000223 0.139377
0.000885 0.312669
0.000380 0.180511
0.000132 0.193255
0.000360 0.327234
0.000052 0.413807
0.046707 0.438702
0.000779 0.459180
0.004930 0.460875
0.053420 0.412202
0.000916 0.014258
0.000758 0.035506
0.000952 0.067767
0.013275 0.085108
0.025592 0.224826
0.001143 0.206622
0.000151 0.166990
0.000519 0.281271
0.000114 0.240562
0.000208 0.251997
0.000377 0.365541
0.000803 0.378083
0.027506 0.445603
0.036794 0.467581
0.064359 0.380987
0.000635 0.000555
0.000101 0.046140
0.000423 0.078486
0.000590 0.101911
0.000744 0.113238
0.000451 0.217896
0.001086 0.155978
0.000191 0.297083
0.000541 0.228522
0.000384 0.339903
0.000413 0.352849
0.007772 0.441818
0.000074 0.436990
0.063753 0.456427
0.000737 0.000745
0.016182 0.020057
0.015075 0.053255
0.010133 0.124054
0.013294 0.177047
0.028051 0.257082
0.025310 0.211860
0.000988 0.267996
0.014423 0.319713
0.012724 0.293050
0.019621 0.351727
0.006685 0.410869
0.001000 0.394289
0.020210 0.469803
0.070851 0.413404
0.012018 0.001066
0.029837 0.051294
0.015668 0.036478
0.016124 0.103744
0.005240 0.147521
0.020114 0.240042
0.035811 0.242914
0.012833 0.267416
0.027915 0.331459
0.041346 0.329658
0.019941 0.373841
0.053068 0.367433
0.019941 0.391786
0.080368 0.452572
0.031369 0.000029
0.022128 0.000415
0.034813 0.072317
0.019569 0.068674
0.015489 0.199819
0.025313 0.137744
0.029959 0.192575
0.045179 0.203373
0.030437 0.292862
0.028752 0.311223
0.044573 0.299972
0.034476 0.355283
0.052673 0.396840
0.025208 0.415318
0.087452 0.375288
0.040358 0.000373
0.031415 0.017316
0.029471 0.086146
0.026711 0.119737
0.024418 0.164398
0.034624 0.178838
0.043600 0.221132
0.056644 0.231739
0.029013 0.276665
0.044003 0.273332
0.040191 0.374095
0.035821 0.397740
0.049230 0.344300
0.048906 0.462414
0.049303 0.000631
0.030358 0.033455
0.042024 0.040630
0.041684 0.058432
0.031529 0.105052
0.040590 0.124087
0.029996 0.151996
0.048986 0.187353
0.059800 0.211534
0.049663 0.247774
0.054582 0.317931
0.059035 0.282682
0.064901 0.334257
0.093839 0.300109
0.075776 0.393180
0.058424 0.000715
0.043721 0.021930
0.056363 0.049895
0.042639 0.095140
0.051709 0.106173
0.041798 0.139928
0.042307 0.162343
0.055665 0.169930
0.070878 0.226241
0.056943 0.263863
0.069259 0.246379
0.075638 0.316409
0.038203 0.426461
0.075795 0.295217
0.067487 0.000482
0.076570 0.000232
0.054881 0.033885
0.054780 0.066792
0.048389 0.081212
0.062673 0.094827
0.054414 0.121845
0.055436 0.147043
0.062941 0.191114
0.077989 0.211064
0.085024 0.234492
0.060927 0.301399
0.089449 0.318829
0.082082 0.341410
0.079299 0.424398
0.085807 0.000369
0.059760 0.017963
0.069894 0.029616
0.068531 0.057505
0.065782 0.077372
0.068167 0.111867
0.063182 0.134054
0.067377 0.155605
0.070681 0.173125
0.090296 0.201849
0.073212 0.267462
0.095651 0.218579
0.084621 0.280909
0.098958 0.438561
0.094649 0.000630
0.112094 0.000411
0.078620 0.017075
0.073674 0.041972
0.079396 0.065636
0.075638 0.088658
0.082566 0.101795
0.078288 0.135652
0.082532 0.153310
0.077548 0.191317
0.096475 0.183878
0.085059 0.255998
0.113632 0.256282
0.080230 0.362030
0.090220 0.452274
0.103444 0.000058
0.088729 0.029123
0.090206 0.041921
0.089186 0.056275
0.087665 0.077793
0.095686 0.102164
0.080436 0.119012
0.093072 0.128462
0.094796 0.146609
0.086134 0.170936
0.105059 0.201087
0.099518 0.246050
0.104827 0.285257
0.065354 0.355098
0.120757 0.000687
0.147111 0.001105
0.098624 0.019110
0.104247 0.044352
0.101238 0.066314
0.099898 0.085539
0.101639 0.115995
0.108393 0.140463
0.099925 0.164151
0.114848 0.156317
0.112635 0.176392
0.108405 0.230413
0.123065 0.238189
0.107424 0.308247
0.107909 0.369004
0.129715 0.000841
0.109338 0.025956
0.117443 0.038223
0.113877 0.057730
0.113378 0.074606
0.109977 0.096257
0.115135 0.120413
0.120481 0.135188
0.127583 0.167802
0.118747 0.193938
0.117630 0.214626
0.098217 0.266394
0.129287 0.262566
0.124178 0.302790
0.138440 0.000880
0.181209 0.000369
0.124131 0.017479
0.127677 0.050056
0.124656 0.089125
0.122113 0.105368
0.133073 0.118846
0.132924 0.151010
0.131150 0.187805
0.145692 0.160231
0.135301 0.204986
0.133140 0.223901
0.125091 0.320559
0.108900 0.329866
0.095347 0.344697
0.155712 0.000414
0.129568 0.031316
0.126837 0.070359
0.137789 0.080365
0.137986 0.099913
0.148217 0.117282
0.136703 0.135967
0.160963 0.147725
0.144335 0.176905
0.148865 0.209371
0.149087 0.233468
0.118234 0.280408
0.105107 0.428424
0.090478 0.400813
0.164112 0.000733
0.143881 0.019860
0.143263 0.035367
0.139212 0.056042
0.153030 0.084072
0.152583 0.098958
0.151351 0.134918
0.177024 0.143433
0.161655 0.163755
0.154698 0.188776
0.164878 0.204612
0.138531 0.247337
0.134167 0.280885
0.110197 0.348354
0.105686 0.415242
0.172709 0.000125
0.152625 0.046087
0.148240 0.067510
0.165819 0.073808
0.168690 0.091781
0.162926 0.111808
0.179561 0.161316
0.193158 0.150650
0.168207 0.179168
0.162476 0.224245
0.153191 0.257992
0.150890 0.273532
0.144784 0.296611
0.125230 0.385983
0.189594 0.000574
0.156700 0.026574
0.167989 0.037398
0.161085 0.056760
0.185764 0.087370
0.178589 0.103157
0.167057 0.128839
0.206088 0.134114
0.188478 0.174039
0.194148 0.215001
0.194360 0.195001
0.144944 0.312447
0.164948 0.282233
0.138215 0.355617
0.136960 0.390503
0.197988 0.000897
0.169289 0.020086
0.182692 0.041349
0.180926 0.072550
0.194898 0.102143
0.180267 0.118853
0.190018 0.132014
0.216457 0.144800
0.178785 0.192391
0.179005 0.213507
0.167348 0.242579
0.168167 0.298815
0.122071 0.358519
0.102941 0.388310
0.206451 0.000254
0.256584 0.000433
0.182324 0.025453
0.175110 0.057231
0.203135 0.081434
0.208637 0.098264
0.199873 0.117528
0.216314 0.119811
0.240075 0.140900
0.205177 0.158895
0.183266 0.255220
0.183799 0.232907
0.170020 0.264579
0.149096 0.333470
0.135054 0.336399
0.214758 0.000446
0.195553 0.021094
0.198867 0.037530
0.197106 0.068525
0.218077 0.081597
0.223042 0.101008
0.231215 0.114078
0.229416 0.131420
0.229060 0.155121
0.217469 0.169185
0.205375 0.231013
0.191049 0.278366
0.180515 0.313681
0.116387 0.401852
0.223032 0.000148
0.289565 0.000353
0.209835 0.024224
0.191155 0.054314
0.219603 0.063262
0.233023 0.086217
0.243360 0.099777
0.259587 0.104724
0.246323 0.118168
0.300429 0.126302
0.246183 0.160105
0.203320 0.180286
0.205031 0.266357
0.221917 0.229985
0.161429 0.318642
0.231336 0.000703
0.223728 0.024592
0.213907 0.041142
0.208029 0.056549
0.248111 0.075267
0.256755 0.088677
0.273169 0.087171
0.267592 0.116568
0.257368 0.130733
0.266878 0.157634
0.210188 0.207279
0.253865 0.174020
0.144411 0.383766
0.174596 0.337982
0.239763 0.000666
0.314458 0.000559
0.228474 0.039962
0.235330 0.053565
0.234458 0.068827
0.266084 0.070178
0.304915 0.082308
0.279667 0.104784
0.279990 0.126388
0.321419 0.111105
0.256251 0.145484
0.234824 0.174670
0.218460 0.188419
0.154277 0.358568
0.188090 0.291722
0.248221 0.000740
0.238071 0.021477
0.249301 0.045322
0.256361 0.058764
0.277920 0.056714
0.282881 0.073488
0.322596 0.094284
0.294467 0.110747
0.338078 0.107594
0.316605 0.126025
0.234322 0.192277
0.266337 0.184252
0.164086 0.368717
0.198611 0.247690
0.264937 0.000978
0.338977 0.000182
0.247055 0.032198
0.267338 0.043699
0.298581 0.051211
0.297873 0.066747
0.319529 0.074793
0.289962 0.091109
0.306618 0.101337
0.346989 0.120530
0.330447 0.131755
0.278032 0.170483
0.336809 0.148331
0.226073 0.271495
0.306797 0.157158
0.273196 0.000460
0.258738 0.021459
0.270519 0.028453
0.326062 0.049460
0.312975 0.059085
0.334804 0.073395
0.387084 0.099127
0.339754 0.090511
0.360557 0.096895
0.363265 0.110296
0.276410 0.143743
0.207069 0.302912
0.382301 0.184159
0.182142 0.346029
0.281344 0.000217
0.363558 0.000740
0.305879 0.037752
0.284779 0.040597
0.348319 0.037697
0.355222 0.065835
0.352997 0.082670
0.407080 0.078163
0.409561 0.092213
0.381575 0.113066
0.364074 0.126727
0.352324 0.137197
0.317973 0.144606
0.293290 0.139808
0.219252 0.292737
0.297860 0.000668
0.284860 0.024386
0.327520 0.033355
0.370777 0.042640
0.337503 0.055876
0.377166 0.067442
0.369774 0.080239
0.402275 0.107567
0.419333 0.113566
0.381880 0.131634
0.393294 0.140543
0.449496 0.149200
0.173506 0.354326
0.236092 0.244470
0.306125 0.000701
0.299756 0.024324
0.358380 0.025319
0.356118 0.050676
0.394417 0.066897
0.472515 0.069210
0.434732 0.086185
0.387086 0.085440
0.453078 0.081576
0.416242 0.131953
0.488711 0.130994
0.456083 0.131949
0.415074 0.148292
0.351975 0.156634
0.291699 0.155941
0.322625 0.000598
0.315683 0.024976
0.372908 0.027370
0.388077 0.029650
0.418943 0.045034
0.414657 0.059186
0.473098 0.083819
0.481357 0.097067
0.444534 0.110101
0.399617 0.125364
0.433070 0.125592
0.394473 0.156625
0.208664 0.311974
0.224075 0.210588
0.330875 0.000187
0.404538 0.000066
0.337814 0.024785
0.403019 0.029673
0.382459 0.051672
0.438297 0.064755
0.424142 0.073743
0.451698 0.098481
0.428316 0.101099
0.467970 0.121605
0.503387 0.118906
0.320511 0.163781
0.371279 0.160918
0.216883 0.252284
0.229017 0.282238
0.347140 0.000116
0.435236 0.029141
0.399852 0.046826
0.454369 0.064401
0.497330 0.068353
0.520716 0.090467
0.487626 0.113178
0.467583 0.105896
0.461996 0.154579
0.372558 0.145299
0.439088 0.136465
0.489752 0.148530
0.261452 0.205778
0.192172 0.320968
0.355301 0.000985
0.412784 0.000780
0.477947 0.000205
0.465042 0.028115
0.417353 0.028045
0.520878 0.063888
0.494486 0.083717
0.513471 0.076788
0.522415 0.126203
0.501079 0.098670
0.356699 0.169309
0.511491 0.154372
0.294082 0.176196
0.338304 0.169534
0.538903 0.165531
0.371877 0.000600
0.461571 0.000789
0.449070 0.031721
0.436790 0.046553
0.569977 0.099257
0.577258 0.113520
0.534640 0.103761
0.537877 0.119348
0.505613 0.139117
0.321278 0.182095
0.247782 0.199111
0.255221 0.239294
0.256797 0.247608
0.390261 0.170851
0.380108 0.000916
0.453424 0.000785
0.486126 0.000271
0.511959 0.029162
0.562580 0.050501
0.623501 0.135881
0.579867 0.130324
0.563471 0.122523
0.684525 0.208702
0.273509 0.219591
0.355943 0.196009
0.981400 0.220623
0.621012 0.221658
0.261985 0.223706
0.285399 0.189835
0.420991 0.000378
0.469751 0.000585
0.665615 0.035991
0.478667 0.055758
0.475432 0.039523
0.585011 0.142296
0.549776 0.130867
0.516508 0.109637
0.557698 0.165683
0.474972 0.139154
0.391226 0.193967
0.319263 0.195328
0.355042 0.193459
0.239781 0.218951
0.396350 0.000149
0.437243 0.000375
0.510454 0.000953
0.484495 0.029061
0.683049 0.161099
0.542993 0.066978
0.769172 0.281749
0.531577 0.137069
0.412770 0.169095
0.526619 0.150905
0.972285 0.375188
0.780389 0.291497
0.776905 0.313956
0.330464 0.192495
0.236567 0.263594
0.534831 0.000734
0.502359 0.000625
0.429133 0.000332
0.064445 0.438222
0.515047 0.048428
0.548009 0.093122
0.426921 0.153988
0.708646 0.226017
0.614398 0.195445
0.472878 0.184917
0.938256 0.366809
0.626447 0.236359
0.413777 0.182992
0.484114 0.178965
0.599748 0.000966
0.551095 0.001087
0.388296 0.000822
0.494276 0.000584
0.577343 0.029192
0.497176 0.053334
0.535226 0.081858
0.608372 0.126945
0.578624 0.185856
0.523379 0.196521
0.468347 0.164023
0.402559 0.193751
0.582364 0.225485
0.430614 0.178107
0.557718 0.218666
0.591670 0.000463
0.518568 0.000907
0.445325 0.000142
0.525972 0.035507
0.458311 0.049300
0.961818 0.391040
0.281896 0.206510
0.458725 0.178744
0.520014 0.190932
0.630276 0.251514
0.298692 0.196600
0.497117 0.185162
0.618041 0.248704
0.623282 0.181584
0.615953 0.000501
0.567386 0.000443
0.538031 0.028304
0.526685 0.000399
0.536715 0.052946
0.549357 0.037529
0.560556 0.063300
0.554266 0.107327
0.594029 0.121638
0.546135 0.151365
0.581933 0.166113
0.494984 0.166043
0.590921 0.202144
0.534204 0.185222
0.658423 0.226956
0.632048 0.000245
0.542993 0.000119
0.594361 0.028422
0.560440 0.028079
0.497913 0.034161
0.557711 0.078507
0.595778 0.103812
0.611110 0.109108
0.623114 0.120269
0.563043 0.141029
0.438909 0.171185
0.607598 0.179887
0.597857 0.237129
0.601574 0.221539
0.640093 0.000606
0.559266 0.000531
0.627966 0.027141
0.624274 0.041696
0.606133 0.042816
0.586410 0.093135
0.616411 0.095862
0.642334 0.113209
0.638480 0.140776
0.571096 0.153841
0.634372 0.199668
0.656396 0.212805
0.562297 0.195421
0.614683 0.163426
0.564210 0.207467
0.656202 0.000283
0.653747 0.026159
0.642115 0.030867
0.610402 0.027832
0.578765 0.042334
0.579210 0.067442
0.575454 0.083116
0.602256 0.084518
0.641133 0.127093
0.617526 0.148070
0.645444 0.183190
0.595765 0.157376
0.591831 0.176939
0.516161 0.168814
0.664234 0.000488
0.575476 0.000681
0.673213 0.023007
0.592247 0.052431
0.640315 0.052896
0.625533 0.059177
0.594039 0.068280
0.616771 0.079390
0.632194 0.105168
0.656596 0.135611
0.640849 0.154434
0.634950 0.166255
0.751450 0.309618
0.663704 0.243153
0.756215 0.305429
0.680603 0.000270
0.583594 0.000298
0.607855 0.000113
0.656024 0.048367
0.610507 0.063780
0.652802 0.082683
0.633075 0.087813
0.663234 0.123208
0.680968 0.131257
0.662094 0.152642
0.601216 0.141924
0.675302 0.206264
0.652409 0.235951
0.566795 0.223816
0.688738 0.000879
0.623996 0.000227
0.692595 0.023478
0.687621 0.052678
0.651906 0.066048
0.635323 0.072031
0.648713 0.095633
0.657937 0.108944
0.690114 0.119791
0.710311 0.130842
0.653200 0.166394
0.699862 0.152481
0.669633 0.175152
0.709502 0.200304
0.783879 0.337697
0.704992 0.000125
0.699153 0.039537
0.702134 0.072586
0.682563 0.036122
0.670073 0.056177
0.669727 0.071542
0.667603 0.086715
0.675691 0.116102
0.713070 0.160705
0.700790 0.140722
0.708241 0.186969
0.697779 0.216347
0.553173 0.178413
0.722735 0.271323
0.713130 0.000517
0.648140 0.000325
0.708381 0.024359
0.704331 0.057177
0.686000 0.067860
0.687151 0.084410
0.672561 0.100761
0.699587 0.106351
0.706803 0.119202
0.724766 0.171090
0.671798 0.144991
0.730082 0.215762
0.666653 0.190490
0.680395 0.194311
0.734837 0.241299
0.721294 0.000220
0.723734 0.023961
0.715125 0.040297
0.721468 0.055470
0.719707 0.072002
0.687258 0.098349
0.712805 0.097358
0.726344 0.130174
0.723660 0.145739
0.701907 0.180027
0.800904 0.291564
0.743367 0.284867
0.736267 0.259759
0.633924 0.212149
0.737655 0.000285
0.672432 0.000190
0.738845 0.024452
0.731018 0.039859
0.741236 0.053412
0.734556 0.068217
0.706226 0.085949
0.720403 0.112049
0.736773 0.150632
0.740852 0.175314
0.774695 0.221431
0.774266 0.204050
0.750065 0.256323
0.732620 0.279659
0.813969 0.362674
0.745923 0.001065
0.754140 0.023420
0.748559 0.038368
0.758759 0.057729
0.750210 0.070777
0.727998 0.085734
0.731703 0.099977
0.751063 0.144225
0.746561 0.161144
0.748457 0.191452
0.734243 0.195972
0.679284 0.234571
0.797417 0.273523
0.777214 0.327597
0.754112 0.000595
0.696832 0.000702
0.767314 0.026321
0.764037 0.044321
0.773016 0.065394
0.745051 0.085634
0.750336 0.100289
0.737143 0.114026
0.741113 0.128517
0.762083 0.169943
0.755052 0.211292
0.792155 0.248344
0.746492 0.222101
0.837419 0.389703
0.814488 0.355478
0.762344 0.000601
0.780558 0.024189
0.778554 0.042117
0.784876 0.059105
0.763957 0.079205
0.764965 0.094792
0.754487 0.116459
0.765284 0.153936
0.766458 0.186939
0.802730 0.234268
0.765112 0.260860
0.776804 0.247584
0.856717 0.402288
0.825306 0.339105
0.770580 0.000832
0.729458 0.000698
0.794546 0.024399
0.799860 0.058374
0.779692 0.083506
0.780575 0.102602
0.769031 0.111659
0.758563 0.132075
0.780119 0.182223
0.764344 0.235852
0.806714 0.214154
0.805950 0.256730
0.814185 0.285175
0.832011 0.360580
0.812004 0.312927
0.787144 0.000180
0.808568 0.026050
0.793159 0.041103
0.792712 0.075443
0.793441 0.094373
0.785318 0.123148
0.772346 0.130446
0.778707 0.144618
0.791213 0.203107
0.827375 0.273255
0.833082 0.292831
0.783649 0.272213
0.822311 0.307969
0.795083 0.313445
0.795513 0.000208
0.822108 0.021381
0.808193 0.042380
0.814502 0.061798
0.807512 0.090943
0.794897 0.112678
0.810023 0.124055
0.796970 0.134605
0.780208 0.164105
0.797315 0.167653
0.790933 0.222634
0.817842 0.253028
0.844959 0.339223
0.875694 0.370386
0.848244 0.373769
0.803784 0.000070
0.838895 0.046747
0.827766 0.058008
0.808437 0.075767
0.822876 0.095830
0.810123 0.108117
0.823431 0.131143
0.792415 0.151483
0.831086 0.192913
0.842655 0.268461
0.848980 0.303523
0.831213 0.322910
0.842054 0.396032
0.800459 0.334875
0.820691 0.000987
0.778813 0.001005
0.834212 0.030777
0.821736 0.040352
0.837462 0.071218
0.824839 0.078788
0.825902 0.111736
0.808819 0.145617
0.809117 0.183628
0.793885 0.186500
0.814142 0.200021
0.848078 0.248331
0.866084 0.305016
0.871801 0.403598
0.866408 0.384154
0.829294 0.000773
0.844184 0.021296
0.850622 0.037830
0.848000 0.060979
0.847282 0.100835
0.836922 0.090994
0.823816 0.148160
0.833962 0.164976
0.812712 0.162635
0.843402 0.211710
0.834393 0.249455
0.836318 0.229679
0.857601 0.352604
0.855100 0.323278
0.837826 0.000788
0.811986 0.000274
0.860883 0.023568
0.861567 0.056858
0.850340 0.080383
0.859057 0.107043
0.838737 0.115955
0.839336 0.133647
0.841565 0.150426
0.819857 0.230920
0.825428 0.211868
0.852438 0.285510
0.874691 0.289170
0.895372 0.421231
0.878756 0.418352
0.855247 0.000684
0.876806 0.021133
0.863960 0.039149
0.864759 0.071941
0.862639 0.088558
0.875826 0.094523
0.852591 0.123982
0.856872 0.142780
0.823043 0.176601
0.843890 0.183829
0.855634 0.224773
0.864041 0.247358
0.869045 0.332140
0.883146 0.320319
0.863805 0.000930
0.846569 0.000422
0.892681 0.021090
0.879022 0.036127
0.876862 0.051847
0.878703 0.069804
0.873098 0.112036
0.866925 0.128988
0.865020 0.159146
0.851072 0.167050
0.854786 0.200455
0.872468 0.231567
0.878340 0.270599
0.863329 0.270241
0.876684 0.349604
0.881222 0.000870
0.906223 0.024297
0.892940 0.038116
0.889955 0.058534
0.885367 0.082485
0.888114 0.106497
0.882826 0.125822
0.874852 0.147353
0.875931 0.172222
0.861510 0.183589
0.869368 0.210040
0.882225 0.248497
0.896705 0.283608
0.873260 0.444882
0.890007 0.000138
0.872474 0.000700
0.920666 0.019098
0.904389 0.046427
0.902265 0.065696
0.900152 0.081029
0.898502 0.097931
0.898376 0.122324
0.890118 0.139962
0.888527 0.161246
0.878428 0.191080
0.884774 0.210426
0.921974 0.314155
0.906394 0.386857
0.877343 0.444339
0.898728 0.000345
0.936235 0.021618
0.914937 0.037158
0.915857 0.057029
0.915740 0.075497
0.912995 0.095145
0.911634 0.113198
0.901724 0.148820
0.905405 0.170553
0.898378 0.202543
0.893719 0.182201
0.891712 0.229431
0.907119 0.300622
0.888652 0.301315
0.907346 0.000854
0.916186 0.000177
0.944441 0.038351
0.928490 0.034429
0.931053 0.049859
0.928098 0.084616
0.926171 0.104900
0.912259 0.132350
0.916306 0.156177
0.910233 0.192517
0.917949 0.211053
0.905999 0.224383
0.895703 0.264160
0.936043 0.411659
0.890285 0.384134
0.925216 0.000431
0.950335 0.019439
0.944610 0.057056
0.930274 0.067468
0.939091 0.113302
0.925940 0.125988
0.927847 0.145968
0.921321 0.180277
0.931492 0.204658
0.918566 0.234282
0.915746 0.257378
0.923205 0.292065
0.910507 0.276103
0.905770 0.321255
0.934033 0.000658
0.958807 0.030691
0.958143 0.046905
0.942441 0.075668
0.940920 0.095301
0.941971 0.133724
0.930676 0.167655
0.936310 0.188460
0.933199 0.225699
0.929209 0.250740
0.941345 0.302336
0.927551 0.272569
0.900322 0.246431
0.914572 0.332300
0.892072 0.363233
0.942883 0.000596
0.972433 0.053142
0.957973 0.064626
0.955831 0.101040
0.953558 0.119885
0.944704 0.154807
0.945965 0.216174
0.944503 0.257618
0.943934 0.281879
0.954430 0.299714
0.954845 0.320409
0.936907 0.324969
0.943184 0.345543
0.902508 0.403919
0.951963 0.001036
0.967697 0.018729
0.972512 0.036889
0.956049 0.081346
0.967307 0.125173
0.955628 0.142766
0.948183 0.172540
0.944017 0.240157
0.964236 0.259743
0.954983 0.271552
0.967602 0.286625
0.956426 0.347175
0.972582 0.359268
0.914943 0.367993
0.956278 0.371806
0.960845 0.000650
0.983044 0.020948
0.971627 0.070167
0.969873 0.107443
0.961438 0.181184
0.959856 0.224194
0.964869 0.207242
0.984394 0.318351
0.997864 0.365821
0.966941 0.329731
0.968761 0.307257
0.944856 0.423432
0.925789 0.353344
0.926814 0.445152
0.969747 0.000928
0.989045 0.000407
0.986964 0.038255
0.985661 0.117291
0.969509 0.143410
0.966089 0.162269
0.981090 0.264865
0.982920 0.242616
0.982144 0.344997
0.985406 0.398977
0.993674 0.400710
0.994808 0.473528
0.896516 0.459977
0.930412 0.382052
0.901058 0.430339
0.978941 0.000514
0.986065 0.058972
0.969257 0.088806
0.985420 0.136513
0.981469 0.161885
0.953724 0.196251
0.999890 0.292183
0.999518 0.333010
0.999120 0.264378
0.983653 0.434022
0.999371 0.346281
0.956143 0.410723
0.925225 0.440024
0.895600 0.334951
0.998807 0.000447
0.999249 0.037055
0.984978 0.078561
0.983618 0.096865
0.999121 0.104549
0.999292 0.190084
0.999116 0.142291
0.999077 0.154020
0.999621 0.371342
0.999789 0.276993
0.999617 0.382939
0.999047 0.421620
0.992435 0.470164
0.999133 0.239594
0.921992 0.396036
0.999384 0.000610
0.999123 0.048140
0.999904 0.070556
0.999569 0.092973
0.999587 0.116536
0.977760 0.198193
0.986406 0.288223
0.999065 0.319251
0.999150 0.252532
0.999528 0.201977
0.999687 0.305688
0.978863 0.421388
0.904654 0.350981
0.999928 0.442131
0.998797 0.015583
0.999716 0.026273
0.999355 0.059440
0.999722 0.081765
0.979102 0.180951
0.999294 0.128687
0.999294 0.213913
0.965169 0.239625
0.999466 0.225870
0.999914 0.166115
0.999931 0.178232
0.944782 0.399917
0.993781 0.450884
0.900730 0.464347
0.922920 0.454991
