0.000282 0.025239
0.000559 0.057387
0.000297 0.090571
0.000806 0.126867
0.000642 0.138487
0.000456 0.311767
0.000755 0.180752
0.000135 0.193138
0.000286 0.327046
0.000759 0.413507
0.044603 0.453949
0.000366 0.461562
0.000477 0.475761
0.051290 0.426486
0.000781 0.014092
0.000090 0.035576
0.001039 0.067897
0.013663 0.082373
0.025477 0.229413
0.000589 0.206205
0.000386 0.167765
0.000345 0.281373
0.000313 0.240860
0.000473 0.252506
0.000548 0.366062
0.000006 0.379706
0.027460 0.461213
0.032879 0.478730
0.062639 0.388770
0.000933 0.000190
0.000490 0.046162
0.001145 0.078463
0.001213 0.101836
0.001166 0.112964
0.000351 0.217891
0.000123 0.157401
0.000122 0.297166
0.000887 0.229125
0.000006 0.339799
0.000262 0.352574
0.006937 0.452952
0.000597 0.436553
0.062077 0.470395
0.001350 0.001058
0.015019 0.019536
0.013637 0.052515
0.012114 0.123116
0.015479 0.178831
0.030818 0.259976
0.025140 0.215031
0.000551 0.267138
0.015321 0.323619
0.011856 0.296061
0.019918 0.358384
0.004035 0.423569
0.000391 0.393347
0.019430 0.480449
0.070408 0.426743
0.011689 0.000632
0.028685 0.049187
0.016000 0.035368
0.016870 0.101154
0.000853 0.147592
0.019107 0.244923
0.036359 0.242142
0.015106 0.267500
0.026582 0.339863
0.042497 0.337316
0.018202 0.381724
0.053587 0.379684
0.018677 0.402204
0.076964 0.466159
0.031476 0.000502
0.022005 0.000920
0.034776 0.070350
0.021467 0.067244
0.016527 0.201470
0.024212 0.137521
0.031400 0.195668
0.044259 0.206848
0.031953 0.295869
0.029540 0.316855
0.045253 0.305191
0.035945 0.365943
0.052486 0.410193
0.023261 0.428639
0.086764 0.386938
0.040570 0.000701
0.031744 0.014976
0.029454 0.086295
0.026626 0.120813
0.022529 0.164407
0.033734 0.179447
0.045111 0.224711
0.057700 0.235805
0.026713 0.282605
0.042552 0.276975
0.037951 0.387519
0.034883 0.411135
0.047363 0.353434
0.044836 0.478081
0.049363 0.001233
0.030097 0.032102
0.042046 0.039956
0.040221 0.058326
0.031586 0.104593
0.040481 0.123204
0.027152 0.152029
0.048182 0.187867
0.059358 0.213161
0.051311 0.253807
0.054174 0.325716
0.059381 0.288609
0.066350 0.341563
0.094065 0.308594
0.075032 0.405501
0.058383 0.000890
0.044747 0.023441
0.054541 0.049517
0.041693 0.096102
0.051885 0.106871
0.039868 0.141849
0.042119 0.162534
0.054487 0.170957
0.072649 0.229826
0.055689 0.269099
0.069333 0.250706
0.075440 0.323301
0.034287 0.439564
0.075719 0.300223
0.067499 0.000563
0.076575 0.000888
0.055690 0.033746
0.054617 0.067004
0.047625 0.081004
0.060687 0.093967
0.055732 0.123038
0.053895 0.148176
0.062037 0.195707
0.077856 0.214193
0.086841 0.240910
0.059900 0.310082
0.089587 0.328180
0.079813 0.349652
0.079406 0.438774
0.085744 0.000830
0.059085 0.016872
0.070094 0.029426
0.067322 0.056354
0.063522 0.078088
0.066613 0.113661
0.062225 0.136231
0.066163 0.157119
0.068722 0.175224
0.088531 0.204768
0.072602 0.272891
0.095316 0.223670
0.084528 0.287552
0.097065 0.452774
0.094619 0.001131
0.112074 0.000330
0.078650 0.018011
0.072556 0.043841
0.078066 0.066549
0.076315 0.087822
0.078476 0.102588
0.076432 0.137975
0.081703 0.155500
0.076458 0.191235
0.095382 0.186162
0.085202 0.262578
0.114290 0.260619
0.080926 0.372463
0.089659 0.462336
0.103459 0.000590
0.088446 0.029280
0.088851 0.041724
0.088527 0.055763
0.085433 0.080036
0.094126 0.103280
0.079528 0.119715
0.090810 0.130280
0.094170 0.148444
0.084449 0.173989
0.105038 0.204121
0.100627 0.250916
0.103732 0.291304
0.064116 0.365512
0.120764 0.000322
0.147081 0.000971
0.098428 0.018173
0.103290 0.045560
0.097259 0.067584
0.098098 0.085746
0.098327 0.116042
0.105421 0.140650
0.099229 0.166268
0.113660 0.158683
0.110971 0.179005
0.107941 0.232446
0.123026 0.242993
0.108316 0.316488
0.106263 0.378854
0.129746 0.000436
0.108651 0.026315
0.115511 0.037682
0.111477 0.057256
0.111363 0.074504
0.108845 0.094974
0.111632 0.122352
0.118947 0.136597
0.125873 0.170943
0.117052 0.194855
0.116383 0.218201
0.099200 0.272178
0.129717 0.269174
0.124221 0.306920
0.138455 0.000448
0.181169 0.000637
0.123498 0.018326
0.126169 0.050379
0.121025 0.089343
0.118922 0.108676
0.130352 0.119466
0.128649 0.153458
0.132034 0.190551
0.142362 0.160437
0.132760 0.206581
0.131981 0.226697
0.122215 0.327066
0.106869 0.335523
0.093238 0.355786
0.155558 0.001081
0.128796 0.032028
0.125227 0.068244
0.134165 0.081343
0.133706 0.100846
0.145210 0.119077
0.133821 0.136851
0.156972 0.150195
0.143043 0.177884
0.147199 0.214857
0.146454 0.237768
0.116906 0.285191
0.105673 0.439741
0.089384 0.415049
0.163986 0.000736
0.141573 0.019748
0.141890 0.035964
0.138383 0.056566
0.150144 0.085516
0.148769 0.101223
0.148294 0.137415
0.172817 0.146329
0.158717 0.167111
0.151473 0.192605
0.161972 0.206890
0.136756 0.251495
0.132749 0.287937
0.108041 0.356483
0.105492 0.428956
0.172653 0.000424
0.151267 0.045125
0.145896 0.070051
0.162679 0.073050
0.165367 0.091056
0.159718 0.114128
0.175283 0.164978
0.189385 0.152191
0.164990 0.183027
0.160333 0.228609
0.152053 0.261052
0.149641 0.278827
0.144806 0.301697
0.121384 0.396061
0.189594 0.000116
0.156108 0.025872
0.166502 0.037400
0.158492 0.057622
0.182908 0.088209
0.173281 0.103996
0.163440 0.130967
0.202627 0.136624
0.184863 0.176425
0.191886 0.220368
0.191730 0.200134
0.141909 0.319210
0.165933 0.288898
0.133035 0.363387
0.134194 0.400034
0.198158 0.001021
0.168038 0.019433
0.181609 0.040027
0.178566 0.073033
0.190508 0.104024
0.177461 0.120391
0.184921 0.135264
0.212117 0.148297
0.175700 0.195640
0.175916 0.218547
0.167217 0.245857
0.165901 0.304236
0.117770 0.369326
0.098111 0.397430
0.206599 0.000101
0.256752 0.000554
0.181740 0.025081
0.173064 0.056033
0.198141 0.083296
0.205029 0.100214
0.195198 0.119405
0.211300 0.121456
0.236576 0.142426
0.200849 0.162563
0.181329 0.260182
0.181940 0.237753
0.168449 0.270197
0.145721 0.337803
0.130564 0.344026
0.214949 0.001096
0.194892 0.020410
0.198307 0.036526
0.194601 0.068079
0.213853 0.080450
0.219482 0.100089
0.226428 0.116077
0.224764 0.133402
0.225510 0.158466
0.213987 0.171372
0.202662 0.234556
0.191432 0.280268
0.178327 0.317424
0.112696 0.414325
0.223170 0.000854
0.289762 0.000282
0.209456 0.023359
0.188719 0.053233
0.216513 0.063290
0.229556 0.087170
0.238491 0.100847
0.253888 0.105557
0.242353 0.120214
0.296205 0.127108
0.241055 0.162361
0.197998 0.183267
0.202151 0.270065
0.222268 0.234363
0.158353 0.324103
0.231454 0.001060
0.222651 0.024614
0.213021 0.042360
0.205164 0.055808
0.244689 0.075706
0.252953 0.087594
0.269393 0.087423
0.264223 0.117817
0.254012 0.131659
0.262056 0.162532
0.206055 0.211660
0.248877 0.179597
0.136799 0.390772
0.172895 0.340193
0.239937 0.000287
0.314601 0.000512
0.227919 0.039284
0.232564 0.054746
0.230458 0.069804
0.264055 0.069936
0.303585 0.082695
0.276117 0.105508
0.274898 0.129026
0.318645 0.110513
0.252274 0.148815
0.231911 0.179330
0.211698 0.191809
0.149987 0.365861
0.185857 0.295236
0.248339 0.000551
0.236977 0.021797
0.247694 0.046116
0.252153 0.060174
0.274386 0.055342
0.280969 0.072250
0.318574 0.092725
0.290761 0.111806
0.334681 0.107659
0.310404 0.126093
0.227439 0.195589
0.259913 0.186628
0.156157 0.372915
0.196226 0.251621
0.265132 0.000274
0.339114 0.000230
0.245952 0.032901
0.264274 0.042666
0.294951 0.049469
0.293993 0.066651
0.316527 0.074169
0.284454 0.088968
0.300888 0.100513
0.342696 0.121285
0.326683 0.131593
0.272903 0.174686
0.329036 0.150122
0.230452 0.272042
0.299895 0.159936
0.273363 0.000811
0.256480 0.022085
0.269785 0.028014
0.323944 0.047350
0.310351 0.058165
0.332425 0.070811
0.382130 0.097984
0.335009 0.089507
0.356473 0.094775
0.357593 0.108497
0.271244 0.146180
0.207560 0.304427
0.373866 0.185438
0.180199 0.350009
0.281479 0.000429
0.364022 0.000250
0.306654 0.038313
0.283648 0.040853
0.344504 0.035905
0.351847 0.063273
0.349937 0.080100
0.404146 0.075182
0.409544 0.090250
0.375571 0.109741
0.359626 0.127469
0.345588 0.139445
0.311611 0.144542
0.287789 0.140775
0.218823 0.291498
0.298012 0.000895
0.283136 0.024746
0.326116 0.032136
0.368292 0.042892
0.335436 0.055264
0.374504 0.066401
0.366935 0.078759
0.399306 0.105740
0.413544 0.112501
0.375322 0.130255
0.391001 0.140370
0.444930 0.151328
0.168024 0.356339
0.232220 0.247703
0.306360 0.000883
0.297984 0.023922
0.357668 0.024671
0.354836 0.047800
0.391762 0.062984
0.471566 0.063907
0.434009 0.082285
0.386705 0.083114
0.450771 0.076835
0.411827 0.132539
0.486883 0.128821
0.453532 0.129260
0.410158 0.147972
0.346581 0.156673
0.284736 0.158042
0.322767 0.000385
0.315123 0.024626
0.374081 0.027665
0.387273 0.026541
0.417021 0.039492
0.413142 0.055967
0.470180 0.078959
0.481023 0.092536
0.442083 0.109911
0.395210 0.124757
0.430870 0.120862
0.388938 0.157611
0.203000 0.312267
0.221538 0.214290
0.330889 0.000097
0.404648 0.000460
0.339886 0.022537
0.400587 0.029372
0.381100 0.050244
0.436855 0.059942
0.419966 0.068899
0.448137 0.095418
0.425557 0.097194
0.467602 0.119372
0.503894 0.115683
0.313817 0.163799
0.366874 0.161940
0.216327 0.253633
0.230163 0.285309
0.347426 0.000126
0.433943 0.026395
0.397592 0.044227
0.452110 0.058554
0.497144 0.063204
0.520551 0.085988
0.485661 0.111726
0.465229 0.102285
0.458787 0.154783
0.368463 0.147395
0.436553 0.138360
0.487485 0.149928
0.256353 0.208348
0.190398 0.323117
0.355777 0.000710
0.412747 0.000523
0.477960 0.000081
0.464391 0.026723
0.418538 0.025229
0.523354 0.058173
0.492229 0.077705
0.513999 0.070678
0.520084 0.123024
0.499816 0.092798
0.352176 0.173500
0.508242 0.154923
0.295136 0.178454
0.333815 0.171860
0.536828 0.162707
0.372228 0.001033
0.461685 0.000577
0.448347 0.026794
0.434107 0.043355
0.569791 0.093780
0.580155 0.105200
0.536249 0.097874
0.539051 0.113939
0.506118 0.135921
0.312745 0.180909
0.240900 0.201645
0.256573 0.241536
0.254623 0.250536
0.384606 0.171513
0.380330 0.000672
0.453577 0.000796
0.486103 0.000165
0.513165 0.025440
0.564595 0.042560
0.625377 0.133253
0.579763 0.127357
0.566142 0.119418
0.694333 0.202868
0.271573 0.221460
0.349810 0.195323
0.981536 0.222711
0.622442 0.214994
0.259271 0.228391
0.280521 0.191529
0.420912 0.000365
0.469825 0.000902
0.664982 0.032667
0.479935 0.050735
0.474179 0.036834
0.587560 0.143203
0.548223 0.127438
0.516700 0.103381
0.556871 0.164708
0.472382 0.138934
0.389304 0.194228
0.309322 0.198452
0.345957 0.190589
0.235583 0.223831
0.396610 0.000214
0.437286 0.000013
0.510439 0.000175
0.484976 0.025468
0.684325 0.164448
0.544517 0.059625
0.771666 0.285607
0.531982 0.134428
0.408449 0.169133
0.526231 0.148234
0.973023 0.386590
0.785925 0.294527
0.775324 0.315688
0.323720 0.189338
0.241422 0.266527
0.534716 0.000873
0.502345 0.000320
0.429087 0.000124
0.063875 0.450333
0.514643 0.043654
0.549720 0.084983
0.428325 0.152727
0.716816 0.224210
0.613654 0.199613
0.470434 0.183769
0.943366 0.376508
0.625468 0.236005
0.411419 0.183048
0.484941 0.180611
0.599458 0.000527
0.550933 0.000105
0.388489 0.000454
0.494235 0.000677
0.579388 0.024234
0.498906 0.046516
0.535719 0.075025
0.611091 0.121833
0.578712 0.186917
0.522857 0.192009
0.469320 0.170301
0.399093 0.192533
0.584513 0.220199
0.428880 0.177465
0.552673 0.209572
0.591411 0.000582
0.518577 0.000193
0.445477 0.001136
0.526198 0.030342
0.457190 0.042629
0.967644 0.397386
0.280358 0.210176
0.454664 0.181018
0.508707 0.189330
0.620195 0.244509
0.290224 0.198696
0.495189 0.185832
0.615709 0.247272
0.627905 0.182642
0.615643 0.000692
0.567149 0.000167
0.540548 0.025477
0.526653 0.000473
0.537339 0.044791
0.550752 0.032470
0.562025 0.056711
0.555537 0.102206
0.593768 0.117774
0.549522 0.150929
0.578808 0.165892
0.494555 0.162531
0.589360 0.195704
0.532892 0.184020
0.667786 0.228382
0.631723 0.000752
0.542856 0.000145
0.595577 0.025477
0.563593 0.025271
0.498748 0.028517
0.560214 0.072691
0.597510 0.096834
0.610066 0.104213
0.626213 0.114445
0.562563 0.136585
0.440544 0.172990
0.608291 0.181211
0.601150 0.233038
0.598034 0.215048
0.639710 0.000505
0.559058 0.000964
0.628116 0.022611
0.626218 0.036250
0.607520 0.036897
0.588295 0.085313
0.618050 0.087022
0.645891 0.105602
0.641546 0.142770
0.572898 0.153144
0.636563 0.196993
0.656472 0.208086
0.556461 0.188794
0.615766 0.163845
0.560341 0.203431
0.655720 0.000826
0.653547 0.021782
0.641742 0.027536
0.611650 0.023511
0.581035 0.037526
0.579683 0.058918
0.577281 0.075269
0.603656 0.077354
0.644897 0.122931
0.620877 0.147685
0.652108 0.186349
0.599029 0.159784
0.592583 0.179176
0.515680 0.170518
0.663916 0.000722
0.575292 0.000407
0.672032 0.020064
0.594015 0.045833
0.639673 0.045345
0.625489 0.052550
0.596166 0.062483
0.618408 0.068696
0.632351 0.095998
0.659019 0.136210
0.645034 0.156627
0.635680 0.169609
0.758868 0.314849
0.671155 0.236304
0.754759 0.309170
0.680424 0.000995
0.583404 0.000996
0.607559 0.000709
0.654695 0.042164
0.611081 0.054151
0.653902 0.073260
0.633452 0.079714
0.665840 0.122086
0.686494 0.136020
0.669136 0.159118
0.602262 0.140706
0.680429 0.209384
0.653075 0.224685
0.566205 0.214698
0.688578 0.000325
0.623684 0.000609
0.690751 0.020546
0.687912 0.046973
0.653985 0.057896
0.638886 0.064626
0.651001 0.088192
0.662047 0.103845
0.697145 0.120673
0.717800 0.133262
0.657717 0.173796
0.706517 0.156519
0.678686 0.173200
0.718691 0.202075
0.788654 0.338117
0.704982 0.000420
0.698529 0.036497
0.702838 0.066942
0.682005 0.032898
0.671366 0.047814
0.670906 0.064130
0.670553 0.079423
0.681207 0.114477
0.716210 0.168219
0.701370 0.142525
0.714581 0.186755
0.706703 0.221571
0.551415 0.178968
0.730209 0.270513
0.713161 0.000123
0.647709 0.000373
0.706817 0.021763
0.706918 0.052249
0.687069 0.061843
0.688520 0.077627
0.674851 0.095163
0.703965 0.100176
0.711652 0.115873
0.728904 0.174060
0.677639 0.146285
0.734844 0.220436
0.671367 0.189051
0.691194 0.183479
0.739100 0.242011
0.721353 0.000782
0.721873 0.021653
0.714064 0.036469
0.723755 0.050498
0.720523 0.067137
0.690060 0.094148
0.718422 0.092516
0.733969 0.130755
0.727831 0.148239
0.699850 0.179064
0.802911 0.299287
0.751215 0.291600
0.738432 0.260505
0.633478 0.210752
0.737756 0.000764
0.672130 0.000359
0.736857 0.022515
0.730958 0.036792
0.742484 0.050020
0.736725 0.064722
0.708611 0.080631
0.728136 0.109006
0.741245 0.155314
0.744660 0.181314
0.778011 0.224970
0.777617 0.206077
0.751563 0.257402
0.734245 0.278478
0.820560 0.364822
0.745957 0.000629
0.752570 0.020793
0.748528 0.036252
0.761413 0.056026
0.752586 0.067632
0.731141 0.080736
0.737765 0.095940
0.758972 0.147193
0.753330 0.166877
0.751564 0.196078
0.737213 0.202066
0.681485 0.231953
0.802189 0.276019
0.779105 0.332019
0.754310 0.000380
0.696765 0.000673
0.765948 0.025329
0.763507 0.041096
0.774891 0.064133
0.748639 0.082715
0.755839 0.097830
0.744383 0.113173
0.749313 0.130942
0.767306 0.174092
0.759884 0.216510
0.796788 0.249923
0.745997 0.225377
0.847049 0.392795
0.818206 0.355338
0.762541 0.000317
0.779700 0.023079
0.778146 0.040860
0.786642 0.057515
0.767088 0.077837
0.770027 0.093833
0.760466 0.114700
0.773067 0.155728
0.769594 0.191384
0.808021 0.236862
0.770914 0.263740
0.779737 0.248124
0.864217 0.410227
0.826082 0.341288
0.770835 0.000170
0.729535 0.001166
0.793765 0.022894
0.801220 0.059191
0.782962 0.082749
0.785432 0.102756
0.775522 0.112952
0.765858 0.132161
0.785322 0.183690
0.766362 0.238233
0.813138 0.217099
0.811810 0.262232
0.820688 0.289330
0.840946 0.366985
0.814265 0.318288
0.787359 0.000189
0.807063 0.024915
0.792719 0.039470
0.795433 0.075130
0.796876 0.094859
0.791855 0.124256
0.780205 0.132411
0.786518 0.146752
0.796580 0.205800
0.833627 0.274646
0.841704 0.295356
0.784140 0.274003
0.831541 0.310344
0.800346 0.316209
0.795714 0.000429
0.820973 0.022723
0.807393 0.043912
0.816867 0.061903
0.811498 0.093081
0.800840 0.114005
0.815035 0.126871
0.802910 0.136806
0.786593 0.167245
0.804611 0.170701
0.794907 0.225896
0.825774 0.256747
0.852822 0.345197
0.881814 0.378139
0.853343 0.380319
0.804060 0.000066
0.840274 0.048792
0.830695 0.059539
0.810862 0.077136
0.827234 0.100452
0.814679 0.110051
0.828652 0.133642
0.800059 0.154397
0.838843 0.195814
0.850592 0.271981
0.854078 0.309186
0.836856 0.329542
0.847554 0.401282
0.806313 0.340784
0.820997 0.000283
0.779075 0.000801
0.832622 0.032079
0.821161 0.041808
0.839078 0.074253
0.826028 0.081804
0.831116 0.116047
0.815263 0.147086
0.816211 0.184900
0.800282 0.189908
0.819612 0.200319
0.855848 0.250690
0.873456 0.312008
0.876365 0.413600
0.873481 0.391568
0.829516 0.001136
0.842555 0.022893
0.851087 0.038682
0.849191 0.063568
0.850264 0.104095
0.840791 0.092932
0.831215 0.150871
0.838860 0.166675
0.819151 0.163221
0.849110 0.213731
0.841108 0.252656
0.842488 0.232632
0.862927 0.357994
0.861936 0.327913
0.838000 0.000116
0.812381 0.001098
0.858714 0.024033
0.862547 0.059249
0.853124 0.083392
0.863348 0.109667
0.844443 0.119488
0.844308 0.137212
0.848420 0.152721
0.826103 0.233248
0.831887 0.214146
0.858627 0.290139
0.878326 0.293575
0.903752 0.428237
0.883606 0.427067
0.855214 0.000218
0.875172 0.022529
0.865164 0.041259
0.867692 0.073983
0.866077 0.090791
0.879113 0.098661
0.857788 0.127307
0.862110 0.146506
0.830461 0.178769
0.850429 0.186112
0.859862 0.227966
0.870825 0.250390
0.874565 0.339585
0.884956 0.325253
0.863720 0.001049
0.846625 0.000451
0.893277 0.022653
0.879404 0.036398
0.877922 0.053776
0.881901 0.071791
0.876242 0.114689
0.871907 0.132880
0.869077 0.163302
0.855538 0.169925
0.860421 0.202223
0.876340 0.233952
0.881708 0.275151
0.867510 0.272582
0.881105 0.355790
0.881094 0.001049
0.907158 0.026043
0.894107 0.038542
0.892127 0.059976
0.886277 0.085576
0.892521 0.110286
0.886195 0.128337
0.879356 0.149807
0.881236 0.175149
0.867917 0.185598
0.872606 0.213581
0.885104 0.251162
0.898586 0.289246
0.877916 0.451404
0.889889 0.000368
0.872347 0.000846
0.921661 0.021046
0.904153 0.050657
0.904542 0.069526
0.901380 0.084739
0.901311 0.099891
0.901613 0.125551
0.893667 0.142833
0.892157 0.163772
0.882198 0.194052
0.887095 0.213460
0.926340 0.322308
0.910945 0.396887
0.880760 0.453921
0.898635 0.000254
0.938580 0.022186
0.915537 0.040154
0.918467 0.059764
0.917015 0.078493
0.916058 0.097954
0.913458 0.115996
0.904646 0.152217
0.907513 0.172876
0.900094 0.205888
0.896539 0.185750
0.893810 0.232067
0.909260 0.306091
0.890274 0.306205
0.907283 0.000302
0.915955 0.000597
0.944189 0.040444
0.929521 0.035040
0.931484 0.051722
0.930268 0.089242
0.927643 0.107425
0.913223 0.136949
0.918316 0.159398
0.912293 0.196134
0.918505 0.213502
0.907485 0.225953
0.896682 0.267710
0.941216 0.420768
0.895843 0.391872
0.924927 0.000464
0.952587 0.020536
0.946277 0.058874
0.931647 0.069112
0.938701 0.118929
0.926025 0.129872
0.928763 0.147122
0.921867 0.184030
0.933446 0.205936
0.918967 0.238282
0.916825 0.261828
0.924977 0.297596
0.914036 0.283085
0.909192 0.326440
0.933841 0.000274
0.959179 0.033514
0.959998 0.049058
0.942737 0.078929
0.942108 0.100103
0.941494 0.137251
0.930562 0.169936
0.936924 0.190239
0.934032 0.227916
0.928474 0.252537
0.939054 0.310530
0.928652 0.277034
0.902352 0.249371
0.922869 0.341462
0.896101 0.370492
0.942701 0.000998
0.973091 0.055100
0.958434 0.067660
0.955731 0.104331
0.953340 0.123466
0.943712 0.158215
0.945736 0.218875
0.947829 0.262317
0.944833 0.289648
0.958373 0.303399
0.957499 0.330324
0.937974 0.334227
0.944759 0.350788
0.908573 0.414249
0.951810 0.000283
0.968876 0.019113
0.972859 0.037145
0.956122 0.084313
0.967996 0.129274
0.954420 0.146273
0.946558 0.174178
0.945239 0.244995
0.967299 0.261511
0.956933 0.275375
0.967447 0.287750
0.959033 0.353181
0.976978 0.366790
0.917695 0.376937
0.957962 0.381603
0.960763 0.000674
0.983784 0.021822
0.971348 0.073099
0.968537 0.111434
0.960733 0.183665
0.960728 0.227658
0.965330 0.210562
0.984278 0.325790
0.999720 0.363542
0.969156 0.335590
0.970468 0.311467
0.952273 0.438827
0.925484 0.360258
0.935582 0.460199
0.969697 0.000523
0.989032 0.001165
0.988211 0.039462
0.983431 0.120532
0.968981 0.148706
0.963807 0.165426
0.981843 0.267499
0.979739 0.243497
0.978588 0.351500
0.987691 0.411842
0.999497 0.404278
0.998727 0.470144
0.899899 0.461896
0.936479 0.390005
0.902529 0.438758
0.978879 0.001027
0.986879 0.062353
0.967142 0.092623
0.982249 0.140341
0.979990 0.163677
0.953207 0.199039
0.999434 0.292155
0.999721 0.333227
0.999456 0.264207
0.980605 0.439977
0.999658 0.345525
0.955654 0.422745
0.929475 0.449356
0.897260 0.343295
0.999429 0.000436
0.999533 0.036827
0.985311 0.082796
0.982727 0.099971
0.999803 0.105327
0.999834 0.189948
0.999169 0.142720
0.999537 0.154307
0.998993 0.373694
0.999965 0.277238
0.999495 0.385996
0.999889 0.420233
0.988891 0.461404
0.999609 0.238451
0.923721 0.406939
0.999377 0.000871
0.998903 0.048233
0.999199 0.070865
0.999670 0.093606
0.999914 0.117128
0.977834 0.199162
0.982808 0.290197
0.999575 0.318993
0.999931 0.251628
0.999071 0.201667
0.999083 0.305195
0.983724 0.430694
0.907361 0.357755
0.999460 0.440504
0.999578 0.015230
0.999584 0.025936
0.999950 0.059394
0.999398 0.082333
0.977229 0.183451
0.999238 0.129530
0.999275 0.213533
0.961867 0.240980
0.999311 0.225804
0.999242 0.166103
0.999331 0.178070
0.948785 0.406962
0.992009 0.460893
0.904354 0.469490
0.924201 0.465222
