0.000341 0.025274
0.001045 0.057456
0.000349 0.090645
0.000989 0.126693
0.000008 0.138162
0.000042 0.311720
0.000627 0.180840
0.000959 0.193151
0.000930 0.326954
0.000636 0.413017
0.044223 0.457601
0.000007 0.462641
0.001192 0.476381
0.050567 0.429818
0.000947 0.014068
0.000696 0.035604
0.000336 0.067965
0.013799 0.081932
0.025334 0.230469
0.000869 0.206160
0.001048 0.167961
0.000291 0.281313
0.000188 0.240874
0.000066 0.252755
0.000700 0.366152
0.000422 0.379923
0.027207 0.465016
0.031817 0.481658
0.062267 0.391293
0.001223 0.000392
0.000059 0.046149
0.000538 0.078580
0.000200 0.101867
0.000361 0.112925
0.000986 0.217864
0.000383 0.157503
0.000496 0.297128
0.000496 0.229111
0.000551 0.339827
0.000557 0.352539
0.006295 0.455601
0.000352 0.436650
0.061604 0.473827
0.000485 0.000214
0.015059 0.019643
0.013185 0.052807
0.012517 0.122833
0.016032 0.179526
0.031783 0.260803
0.025224 0.215873
0.000853 0.267085
0.015463 0.324545
0.011475 0.296959
0.019913 0.359942
0.003103 0.426769
0.000039 0.393142
0.018919 0.482607
0.070125 0.429616
0.011671 0.000289
0.028396 0.048780
0.016103 0.035239
0.016831 0.100709
0.001161 0.147744
0.018399 0.246255
0.037026 0.242063
0.015390 0.267369
0.026015 0.342053
0.042829 0.338998
0.017918 0.383705
0.053131 0.382594
0.018392 0.404433
0.076208 0.469729
0.031485 0.000022
0.021978 0.000463
0.034687 0.070452
0.021588 0.067159
0.016405 0.201760
0.023481 0.137683
0.031709 0.196491
0.043914 0.207910
0.032624 0.297127
0.030056 0.318115
0.045451 0.306435
0.036076 0.368597
0.052274 0.413168
0.022956 0.431646
0.086602 0.389976
0.040633 0.000484
0.032141 0.014937
0.029226 0.086365
0.026700 0.120990
0.021771 0.164524
0.033430 0.179352
0.045388 0.225687
0.057976 0.236967
0.026156 0.283553
0.042450 0.277810
0.037065 0.390965
0.034703 0.414073
0.047014 0.355635
0.043903 0.481751
0.049401 0.000258
0.030204 0.031445
0.042063 0.039718
0.040004 0.058338
0.031409 0.105084
0.040300 0.123166
0.026094 0.151997
0.048089 0.187983
0.059647 0.213714
0.051736 0.255224
0.054123 0.327632
0.059671 0.290126
0.066615 0.343210
0.094014 0.310344
0.074649 0.408535
0.058441 0.000091
0.044981 0.023644
0.054172 0.049339
0.041440 0.096185
0.051556 0.107351
0.039369 0.142153
0.041802 0.162687
0.054025 0.171514
0.073381 0.230903
0.055699 0.270278
0.069687 0.251834
0.075310 0.324903
0.033404 0.442436
0.075775 0.301442
0.067545 0.000894
0.076595 0.000539
0.056279 0.033584
0.054550 0.066928
0.047099 0.081233
0.060156 0.093960
0.055621 0.123699
0.053166 0.148835
0.061973 0.197131
0.077603 0.215190
0.087392 0.242549
0.059975 0.311975
0.089835 0.330589
0.079101 0.351198
0.079770 0.442284
0.085702 0.001090
0.059062 0.016788
0.070194 0.029390
0.067234 0.056359
0.063220 0.078140
0.066238 0.114007
0.061956 0.136779
0.065963 0.157701
0.068348 0.176094
0.088336 0.205402
0.072544 0.274394
0.095283 0.225133
0.084710 0.289011
0.097022 0.456242
0.094589 0.000015
0.112096 0.000180
0.078846 0.018080
0.072467 0.044044
0.077525 0.066844
0.076244 0.087994
0.077564 0.102907
0.076058 0.138868
0.081302 0.156395
0.076478 0.191520
0.095299 0.187202
0.085340 0.263916
0.114694 0.261746
0.081126 0.374817
0.089695 0.464793
0.103471 0.000312
0.088644 0.029040
0.088634 0.041548
0.088575 0.055638
0.085142 0.080358
0.093880 0.103465
0.079497 0.120097
0.090559 0.130961
0.094094 0.149137
0.084089 0.174949
0.105154 0.205176
0.101025 0.251934
0.103398 0.292910
0.063719 0.367568
0.120786 0.000688
0.147055 0.000629
0.098549 0.017789
0.103208 0.045646
0.096676 0.067645
0.097883 0.085833
0.097731 0.116186
0.104782 0.140914
0.099249 0.166954
0.113426 0.159356
0.110739 0.179916
0.107993 0.233333
0.122996 0.244286
0.108719 0.318322
0.105995 0.381495
0.129738 0.000760
0.108724 0.026218
0.115224 0.037604
0.111245 0.057314
0.111280 0.074541
0.108798 0.095194
0.111014 0.122817
0.119115 0.137182
0.125687 0.172175
0.116672 0.195364
0.116373 0.219124
0.099691 0.273724
0.130124 0.270686
0.124520 0.307669
0.138441 0.000531
0.181166 0.000716
0.123313 0.018489
0.125917 0.050439
0.120778 0.089266
0.118297 0.109402
0.130002 0.119640
0.127905 0.154053
0.132674 0.191295
0.141864 0.160489
0.132382 0.207371
0.131957 0.227458
0.121977 0.328809
0.106569 0.336993
0.092850 0.358158
0.155516 0.000343
0.128840 0.032139
0.125237 0.067555
0.133619 0.081753
0.133064 0.101045
0.144868 0.119565
0.133523 0.137306
0.156140 0.150954
0.142918 0.178341
0.147035 0.216404
0.146252 0.239011
0.116824 0.286211
0.106103 0.442428
0.089449 0.418622
0.163963 0.000503
0.141195 0.019603
0.141763 0.036097
0.138554 0.056874
0.149860 0.086042
0.148344 0.101851
0.147866 0.138107
0.171925 0.147160
0.158202 0.168227
0.150785 0.194095
0.161496 0.207607
0.136721 0.252764
0.132841 0.289719
0.108081 0.357897
0.106009 0.432141
0.172648 0.000374
0.151413 0.044828
0.145565 0.070595
0.162425 0.073211
0.164773 0.090753
0.159324 0.114588
0.174412 0.165896
0.188662 0.152736
0.164576 0.184182
0.160110 0.229869
0.152138 0.261582
0.149502 0.280173
0.145087 0.302745
0.120790 0.398790
0.189597 0.000672
0.155799 0.025808
0.166313 0.037794
0.158177 0.057971
0.182453 0.088399
0.172202 0.104260
0.162842 0.131438
0.201932 0.137247
0.184066 0.177352
0.191564 0.221867
0.191167 0.201635
0.141311 0.320806
0.166512 0.290281
0.132458 0.365164
0.134011 0.402404
0.198167 0.000940
0.167898 0.019395
0.181529 0.039813
0.178249 0.073268
0.189608 0.104364
0.176950 0.120730
0.183916 0.135988
0.211438 0.149235
0.175158 0.196670
0.175170 0.219860
0.167137 0.246959
0.165506 0.305446
0.117552 0.371942
0.097455 0.400012
0.206626 0.000534
0.256818 0.000621
0.181735 0.025248
0.172909 0.055873
0.197282 0.083895
0.204432 0.100592
0.194357 0.119745
0.210196 0.121625
0.235886 0.142666
0.199879 0.163687
0.181173 0.261611
0.181607 0.239147
0.168477 0.271566
0.145305 0.339136
0.129752 0.345900
0.215001 0.000413
0.195000 0.020571
0.198410 0.036670
0.194267 0.068273
0.212863 0.080230
0.218756 0.099930
0.225553 0.116399
0.223757 0.133912
0.224658 0.159380
0.213497 0.172280
0.202441 0.235636
0.192004 0.280633
0.178268 0.318467
0.112143 0.417430
0.223239 0.000204
0.289800 0.000410
0.209646 0.023500
0.188443 0.053182
0.216009 0.063478
0.229012 0.087448
0.237595 0.101016
0.253089 0.105420
0.241611 0.120776
0.295304 0.126970
0.239999 0.163204
0.196917 0.184165
0.201930 0.271293
0.222643 0.235493
0.157960 0.325556
0.231570 0.000690
0.222737 0.024826
0.213118 0.042752
0.204647 0.055631
0.244255 0.075852
0.252488 0.087659
0.268449 0.087828
0.263663 0.117841
0.253422 0.131839
0.261218 0.164052
0.205241 0.212943
0.247794 0.181515
0.135649 0.392405
0.172971 0.340810
0.239997 0.000425
0.314609 0.000132
0.228126 0.039339
0.232089 0.055026
0.229741 0.070144
0.263816 0.069960
0.303188 0.082869
0.275330 0.105426
0.273917 0.129261
0.317989 0.110270
0.251632 0.149435
0.231263 0.180702
0.210279 0.192898
0.149496 0.367784
0.185837 0.295861
0.248407 0.000118
0.237108 0.022037
0.247617 0.046589
0.251488 0.060678
0.273866 0.055273
0.280822 0.071947
0.317705 0.092251
0.290060 0.111883
0.334154 0.107412
0.309288 0.125715
0.226267 0.196823
0.258662 0.188390
0.154427 0.373719
0.196091 0.252915
0.265147 0.000698
0.339154 0.000701
0.246019 0.033020
0.263794 0.042521
0.294300 0.049296
0.293599 0.066770
0.316027 0.073886
0.283951 0.088668
0.299867 0.100101
0.341589 0.121245
0.326236 0.131289
0.271984 0.175858
0.327406 0.150672
0.231691 0.272566
0.298235 0.160622
0.273383 0.000249
0.256370 0.022401
0.269873 0.027843
0.323191 0.046911
0.310126 0.058230
0.332061 0.070267
0.381159 0.097425
0.334076 0.089346
0.355853 0.094116
0.356457 0.108052
0.269872 0.146840
0.208472 0.304394
0.371915 0.186593
0.179855 0.350933
0.281511 0.001078
0.364078 0.000610
0.307086 0.038450
0.283683 0.040760
0.343813 0.035592
0.351461 0.062841
0.349244 0.079285
0.403566 0.074500
0.409673 0.089740
0.374446 0.109031
0.358772 0.127454
0.344124 0.140013
0.310233 0.144373
0.287012 0.140978
0.219074 0.291043
0.298061 0.000301
0.283111 0.024767
0.326189 0.031722
0.367892 0.042684
0.335556 0.055486
0.373825 0.066065
0.366587 0.078721
0.398483 0.105011
0.412449 0.112043
0.373986 0.129435
0.390743 0.140505
0.444028 0.152198
0.167100 0.357117
0.232070 0.248589
0.306377 0.000199
0.297878 0.024037
0.357935 0.024744
0.354717 0.047389
0.391657 0.062308
0.471276 0.062807
0.433917 0.081064
0.386862 0.082512
0.450476 0.075733
0.411024 0.132347
0.486320 0.128170
0.453185 0.128009
0.408919 0.148368
0.345474 0.156694
0.282910 0.159041
0.322759 0.000094
0.315169 0.024256
0.374492 0.027505
0.387384 0.025671
0.416793 0.038136
0.412915 0.055376
0.469210 0.077934
0.480739 0.091336
0.441868 0.109817
0.394285 0.123907
0.430381 0.119288
0.388048 0.158060
0.202129 0.312837
0.221617 0.215610
0.330886 0.001019
0.404657 0.000536
0.340441 0.022134
0.400424 0.028743
0.381093 0.049808
0.436458 0.059008
0.419524 0.068054
0.447717 0.094347
0.425047 0.096090
0.467231 0.118497
0.503683 0.114419
0.313013 0.164064
0.366081 0.163157
0.216281 0.254330
0.230620 0.286390
0.347476 0.000085
0.433809 0.025976
0.397168 0.043597
0.451797 0.057425
0.496888 0.061963
0.520102 0.084879
0.485060 0.110819
0.464373 0.101065
0.458578 0.154748
0.367474 0.147811
0.435768 0.138074
0.486303 0.149682
0.255508 0.209172
0.190578 0.323895
0.355871 0.000296
0.412727 0.000708
0.477939 0.000365
0.463990 0.026071
0.418658 0.024445
0.523975 0.056952
0.491558 0.076140
0.513745 0.069384
0.518905 0.121581
0.499721 0.091287
0.351771 0.175591
0.507452 0.154795
0.295626 0.179427
0.332861 0.173000
0.535342 0.162620
0.372262 0.000241
0.461711 0.000203
0.448324 0.025971
0.433987 0.042621
0.568918 0.092026
0.580479 0.103223
0.536051 0.095925
0.539026 0.111983
0.505801 0.134731
0.310864 0.181750
0.240131 0.202859
0.257618 0.242642
0.254536 0.251826
0.383188 0.172878
0.380349 0.000049
0.453600 0.000206
0.486072 0.000102
0.513192 0.024416
0.564621 0.040250
0.625996 0.132585
0.579786 0.126406
0.566157 0.117874
0.697856 0.203344
0.272065 0.222271
0.348973 0.196193
0.981415 0.223039
0.621536 0.214043
0.259138 0.229623
0.278980 0.192546
0.420878 0.000680
0.469839 0.000164
0.664640 0.031850
0.480529 0.049931
0.474072 0.036207
0.588149 0.143351
0.547670 0.126286
0.516428 0.101266
0.557018 0.164466
0.471487 0.138825
0.388709 0.194496
0.307248 0.200119
0.343922 0.190813
0.235384 0.225141
0.396640 0.000465
0.437298 0.000271
0.510428 0.001084
0.485102 0.024583
0.686221 0.163333
0.544323 0.057905
0.771271 0.286446
0.531970 0.133557
0.407611 0.169313
0.525647 0.147900
0.973918 0.389263
0.786882 0.295393
0.774881 0.316284
0.322734 0.190385
0.243494 0.267258
0.534690 0.000410
0.502328 0.000899
0.429083 0.000734
0.063635 0.453376
0.514394 0.042580
0.549758 0.082882
0.428131 0.153141
0.718310 0.223733
0.612629 0.201080
0.468915 0.185108
0.944237 0.378262
0.625754 0.235561
0.411164 0.184148
0.484865 0.182087
0.599370 0.000669
0.550898 0.000165
0.388514 0.000526
0.494194 0.000470
0.579509 0.022505
0.498962 0.044908
0.535320 0.073120
0.611287 0.120934
0.578406 0.187587
0.522341 0.191510
0.469097 0.171529
0.398030 0.192759
0.585536 0.219192
0.428414 0.178150
0.549530 0.209050
0.591332 0.000346
0.518578 0.000409
0.445498 0.000404
0.526248 0.028979
0.456505 0.041098
0.969188 0.399504
0.280515 0.212171
0.453076 0.182319
0.506263 0.189947
0.618263 0.243625
0.289768 0.200933
0.495302 0.187532
0.613752 0.247675
0.628937 0.182907
0.615513 0.000439
0.567065 0.000002
0.540663 0.024354
0.526644 0.000479
0.537270 0.042911
0.550877 0.031461
0.561772 0.055279
0.555453 0.100839
0.593747 0.116876
0.550053 0.150158
0.577861 0.166289
0.494225 0.161838
0.589457 0.195622
0.531701 0.184651
0.670249 0.228624
0.631665 0.000756
0.542827 0.000005
0.595363 0.024446
0.563963 0.024308
0.498808 0.027293
0.560250 0.071442
0.597711 0.095385
0.609967 0.103106
0.627209 0.112961
0.562139 0.135614
0.440956 0.174420
0.608646 0.181999
0.601456 0.231361
0.596581 0.214108
0.639654 0.000434
0.558902 0.000045
0.627619 0.021018
0.626000 0.034706
0.607429 0.035341
0.588256 0.083062
0.618057 0.085166
0.646789 0.104439
0.642684 0.143212
0.572930 0.152840
0.637672 0.196080
0.656572 0.206711
0.554705 0.187356
0.616319 0.164021
0.559513 0.202821
0.655637 0.000291
0.653127 0.020623
0.641152 0.026741
0.611519 0.022040
0.581152 0.036526
0.579274 0.056651
0.577029 0.073137
0.603474 0.075510
0.646034 0.122260
0.621609 0.148196
0.653404 0.187949
0.600046 0.160355
0.592906 0.180095
0.515762 0.171786
0.663858 0.000137
0.575203 0.000862
0.671602 0.019586
0.593913 0.043981
0.639346 0.043278
0.625216 0.051064
0.596146 0.061275
0.618642 0.066196
0.632022 0.094244
0.659750 0.136704
0.646262 0.157108
0.635769 0.170462
0.760325 0.316167
0.673590 0.236137
0.753903 0.309271
0.680388 0.000052
0.583303 0.000273
0.607405 0.000004
0.653830 0.040461
0.610457 0.051710
0.654013 0.071226
0.633379 0.077799
0.666626 0.122284
0.687865 0.137008
0.669544 0.159560
0.602971 0.140217
0.681154 0.211286
0.652309 0.222639
0.566891 0.214512
0.688571 0.000612
0.623599 0.000880
0.690246 0.020226
0.688017 0.045764
0.654364 0.056019
0.639243 0.062879
0.651566 0.086869
0.663124 0.103165
0.698453 0.121391
0.719191 0.134345
0.657898 0.175516
0.708032 0.157228
0.679898 0.173151
0.721135 0.203806
0.789711 0.337707
0.704992 0.001134
0.698547 0.035677
0.703103 0.065591
0.681714 0.032115
0.671523 0.045936
0.671005 0.062460
0.671210 0.078245
0.682615 0.114476
0.717231 0.169550
0.701381 0.142878
0.717412 0.187739
0.709326 0.223458
0.550146 0.179265
0.732172 0.270472
0.713176 0.000960
0.647637 0.000603
0.706325 0.021494
0.707609 0.051203
0.687309 0.060619
0.688852 0.076452
0.675280 0.094436
0.704630 0.099264
0.712761 0.115633
0.730413 0.175223
0.679185 0.145630
0.734833 0.221907
0.671054 0.190270
0.693916 0.182281
0.739676 0.242161
0.721385 0.000149
0.721498 0.021462
0.713875 0.035672
0.724435 0.049693
0.720665 0.065919
0.690782 0.093816
0.719757 0.091834
0.735108 0.131278
0.728203 0.149266
0.700674 0.178345
0.803589 0.300817
0.752822 0.292702
0.738186 0.260555
0.634090 0.211001
0.737817 0.000665
0.672105 0.000181
0.736598 0.022324
0.731086 0.036209
0.742910 0.049440
0.737214 0.063721
0.708992 0.079667
0.729331 0.109035
0.741711 0.156721
0.745033 0.183435
0.778292 0.225992
0.777890 0.207068
0.751890 0.257551
0.734614 0.277983
0.822487 0.364725
0.746018 0.000711
0.752319 0.020461
0.748650 0.035891
0.762044 0.055413
0.753083 0.066701
0.731649 0.079398
0.738953 0.095091
0.759818 0.148641
0.754287 0.168685
0.752210 0.197683
0.737360 0.203748
0.683137 0.231488
0.803636 0.276718
0.779871 0.333252
0.754379 0.000660
0.696778 0.000383
0.765882 0.025193
0.763408 0.040315
0.775292 0.063668
0.749504 0.081817
0.756819 0.097108
0.745361 0.113220
0.750337 0.132291
0.767994 0.175841
0.760954 0.217756
0.797570 0.250415
0.745683 0.226875
0.848782 0.393210
0.818962 0.355728
0.762611 0.000734
0.779638 0.022852
0.778132 0.040613
0.786934 0.056791
0.767659 0.077218
0.771227 0.093325
0.761385 0.114248
0.774038 0.156846
0.769575 0.193318
0.809155 0.237757
0.771632 0.264375
0.779981 0.248225
0.865984 0.412116
0.826400 0.341899
0.770875 0.000760
0.729598 0.000297
0.793803 0.022495
0.801513 0.059097
0.783658 0.082170
0.786367 0.102307
0.776791 0.113151
0.766823 0.132514
0.785869 0.184886
0.766234 0.238928
0.814238 0.218309
0.812859 0.263785
0.822224 0.290215
0.842837 0.368167
0.814957 0.319636
0.787398 0.000361
0.807062 0.024610
0.792713 0.038882
0.795795 0.074713
0.797562 0.094337
0.793119 0.124343
0.781586 0.133054
0.787797 0.147717
0.797322 0.207194
0.834477 0.275467
0.843118 0.295975
0.783898 0.274173
0.833775 0.310796
0.801079 0.317123
0.795822 0.000758
0.821020 0.022669
0.807170 0.043842
0.817313 0.061482
0.812407 0.093083
0.802112 0.113734
0.816286 0.127463
0.804137 0.137305
0.787426 0.168733
0.805970 0.172249
0.795392 0.226852
0.827302 0.257672
0.854179 0.346797
0.882726 0.379811
0.854271 0.381185
0.804167 0.000180
0.840631 0.048716
0.831161 0.059502
0.811318 0.077055
0.828326 0.101001
0.815746 0.110148
0.830049 0.134274
0.801621 0.155676
0.840674 0.197106
0.852043 0.273041
0.854652 0.310770
0.838318 0.331043
0.848851 0.402635
0.807239 0.342211
0.821088 0.000851
0.779152 0.000130
0.832248 0.031967
0.821155 0.041778
0.839261 0.074664
0.826039 0.082123
0.832276 0.116907
0.816947 0.147535
0.817733 0.185837
0.801338 0.191573
0.820706 0.201048
0.857613 0.251165
0.874704 0.313800
0.877316 0.415969
0.874921 0.393413
0.829625 0.000708
0.842391 0.022473
0.851112 0.038340
0.849554 0.063512
0.850800 0.104547
0.841527 0.093099
0.833258 0.151773
0.840328 0.167621
0.820817 0.164056
0.850363 0.214461
0.842131 0.253459
0.843851 0.233470
0.863580 0.359342
0.862685 0.329046
0.838021 0.000119
0.812588 0.000401
0.858270 0.023387
0.862719 0.058987
0.853788 0.083642
0.864267 0.110175
0.845966 0.120232
0.845656 0.138205
0.850419 0.153699
0.827194 0.234126
0.833375 0.215164
0.859620 0.291400
0.878888 0.294538
0.905764 0.429657
0.884424 0.428829
0.855233 0.000087
0.874591 0.022252
0.865360 0.041304
0.868128 0.074164
0.866861 0.091119
0.880041 0.099380
0.859189 0.128218
0.863695 0.147769
0.832500 0.179998
0.852168 0.187040
0.860743 0.228857
0.872087 0.251356
0.875617 0.341555
0.885830 0.326532
0.863758 0.000485
0.846653 0.000269
0.893072 0.022444
0.879475 0.035880
0.878062 0.053724
0.882725 0.071702
0.877236 0.115576
0.873216 0.134277
0.870434 0.164648
0.856876 0.171172
0.861856 0.202778
0.877056 0.234142
0.882716 0.276070
0.868094 0.272956
0.881820 0.357320
0.881127 0.000262
0.907123 0.025913
0.894396 0.038209
0.892590 0.059755
0.886490 0.086154
0.893816 0.111481
0.887275 0.129170
0.880592 0.150929
0.882691 0.176125
0.869527 0.186440
0.873114 0.214517
0.885997 0.252169
0.899021 0.290551
0.878763 0.452595
0.889865 0.000126
0.872401 0.000168
0.921303 0.021171
0.903918 0.051263
0.904959 0.069926
0.901836 0.085395
0.902195 0.100410
0.902750 0.126351
0.894571 0.143836
0.893072 0.164813
0.883059 0.195121
0.887615 0.214315
0.927367 0.323572
0.912014 0.399012
0.881551 0.456272
0.898609 0.000379
0.938499 0.022161
0.915305 0.040418
0.919052 0.060168
0.917730 0.079221
0.917064 0.098424
0.914167 0.116826
0.905637 0.153541
0.907905 0.173655
0.900484 0.206764
0.897221 0.186655
0.894073 0.232656
0.909930 0.307765
0.891064 0.307863
0.907254 0.001068
0.915888 0.000576
0.943990 0.040873
0.929550 0.034964
0.931504 0.052068
0.930824 0.090304
0.928225 0.108396
0.913534 0.138409
0.918853 0.160453
0.912938 0.197043
0.918804 0.214227
0.908056 0.226158
0.897084 0.268536
0.942430 0.423709
0.896852 0.393853
0.924874 0.000370
0.952777 0.020615
0.946454 0.059232
0.931851 0.069311
0.938897 0.120408
0.926402 0.130611
0.929204 0.147692
0.921902 0.185115
0.934101 0.206251
0.919338 0.239354
0.917042 0.263083
0.925872 0.299081
0.915066 0.284611
0.909489 0.327437
0.933772 0.000709
0.958882 0.034293
0.960023 0.049763
0.942836 0.079808
0.942615 0.101257
0.941790 0.138079
0.930684 0.170567
0.937628 0.190882
0.934074 0.228780
0.928794 0.253055
0.938576 0.312256
0.929564 0.278022
0.903102 0.250189
0.924598 0.343890
0.897054 0.372184
0.942595 0.000306
0.972881 0.055661
0.958435 0.068245
0.955762 0.105510
0.953675 0.124564
0.943781 0.159200
0.946003 0.219248
0.948209 0.263364
0.944568 0.291579
0.958886 0.304367
0.957365 0.331850
0.938448 0.336195
0.944682 0.352420
0.909924 0.416700
0.951743 0.000125
0.968738 0.019297
0.972670 0.037230
0.956192 0.085338
0.968380 0.130586
0.954541 0.147072
0.946751 0.174980
0.945550 0.246144
0.968154 0.261229
0.957083 0.276234
0.967559 0.288134
0.959481 0.355036
0.978045 0.368687
0.918599 0.378940
0.958038 0.383514
0.960688 0.001198
0.983535 0.022071
0.971213 0.074203
0.968537 0.112858
0.961055 0.184452
0.961542 0.228264
0.966033 0.211248
0.984458 0.326991
0.999822 0.362768
0.969954 0.336890
0.971160 0.312180
0.953627 0.441911
0.925726 0.362062
0.937502 0.463372
0.969652 0.001048
0.988983 0.000180
0.987961 0.040023
0.982926 0.121664
0.969477 0.150194
0.963585 0.166512
0.982116 0.267856
0.979029 0.243561
0.978278 0.352943
0.988276 0.414421
0.999070 0.404334
0.999644 0.468671
0.901145 0.462702
0.937699 0.391708
0.903119 0.441221
0.978830 0.001009
0.986527 0.063233
0.967024 0.093745
0.981842 0.141675
0.980223 0.164306
0.953383 0.199658
0.999661 0.292145
0.999532 0.333266
0.999574 0.264065
0.979148 0.441575
0.999765 0.345539
0.955591 0.426275
0.930826 0.451533
0.897555 0.344964
0.999403 0.000066
0.999806 0.036812
0.984646 0.084166
0.982322 0.101451
0.999781 0.105578
0.999193 0.189860
0.999937 0.142693
0.999449 0.154346
0.999223 0.374212
0.999081 0.277310
0.999940 0.386848
0.999856 0.419969
0.987031 0.460629
0.999355 0.238365
0.924434 0.409734
0.999434 0.000752
0.999941 0.048357
0.999499 0.070997
0.999288 0.093819
0.999743 0.117227
0.978169 0.199609
0.982255 0.290943
0.999521 0.318692
0.998925 0.251477
0.999701 0.201543
0.999616 0.304976
0.984545 0.432063
0.908172 0.359238
0.999522 0.439756
0.999731 0.015158
0.999920 0.025903
0.999805 0.059393
0.999336 0.082475
0.977224 0.183864
0.999657 0.129746
0.999611 0.213449
0.961565 0.241701
0.999255 0.225831
0.999151 0.166118
0.999743 0.178014
0.949814 0.408841
0.992891 0.463162
0.905403 0.469866
0.924583 0.467220
