0.000669 0.025280
0.000238 0.057611
0.001034 0.090760
0.000731 0.126468
0.000463 0.137830
0.000731 0.311703
0.000258 0.180969
0.000659 0.193199
0.000191 0.326735
0.000295 0.411988
0.044032 0.462710
0.000765 0.463468
0.002407 0.477056
0.049496 0.434559
0.000293 0.014005
0.000156 0.035615
0.000621 0.068055
0.013874 0.081543
0.025011 0.231970
0.000265 0.206113
0.000281 0.168356
0.000664 0.281231
0.000870 0.240823
0.000298 0.253062
0.000478 0.366231
0.000075 0.380430
0.026810 0.470229
0.030428 0.486529
0.061787 0.395359
0.001141 0.000623
0.000709 0.046099
0.000645 0.078748
0.000660 0.101910
0.000302 0.112894
0.000928 0.217853
0.000808 0.157698
0.000634 0.296986
0.000636 0.229065
0.000506 0.339926
0.000166 0.352560
0.005129 0.459050
0.000602 0.436649
0.061017 0.478685
0.000078 0.001291
0.015341 0.019870
0.012616 0.053365
0.012781 0.122257
0.016851 0.180912
0.033367 0.262019
0.025395 0.217201
0.000508 0.267168
0.015943 0.325880
0.011125 0.298318
0.020026 0.362235
0.001325 0.430874
0.000324 0.393193
0.017672 0.485894
0.069551 0.433624
0.011667 0.000780
0.028094 0.048182
0.016303 0.035268
0.016451 0.100241
0.000741 0.147821
0.017438 0.248215
0.038228 0.242187
0.015780 0.267321
0.025253 0.345247
0.043119 0.341497
0.017627 0.386690
0.052122 0.386737
0.017856 0.407636
0.075005 0.474947
0.031472 0.000832
0.021951 0.000602
0.034683 0.070899
0.021545 0.067009
0.016186 0.202251
0.022316 0.138080
0.032264 0.197727
0.043377 0.209538
0.033712 0.299213
0.030985 0.319981
0.045672 0.308219
0.036206 0.372486
0.051926 0.417449
0.022582 0.435698
0.086121 0.394454
0.040680 0.000380
0.032847 0.015189
0.028797 0.086541
0.026939 0.121222
0.020675 0.164846
0.033127 0.179310
0.045802 0.227160
0.058483 0.238753
0.025318 0.284733
0.042312 0.279186
0.035678 0.396053
0.034455 0.418191
0.046502 0.358908
0.042937 0.487002
0.049436 0.000603
0.030432 0.030462
0.041951 0.039510
0.039801 0.058168
0.030993 0.106179
0.040164 0.123476
0.024581 0.152012
0.048021 0.188360
0.060261 0.214796
0.052306 0.257065
0.053932 0.330496
0.060153 0.292419
0.066768 0.345690
0.093836 0.312725
0.073891 0.413065
0.058488 0.000744
0.045232 0.023763
0.053623 0.049186
0.041172 0.096254
0.050961 0.108238
0.038772 0.142457
0.041087 0.163005
0.053253 0.172595
0.074548 0.232674
0.055985 0.272078
0.070463 0.253520
0.075189 0.327079
0.032327 0.446312
0.075914 0.303341
0.067616 0.000300
0.076594 0.000037
0.057301 0.033421
0.054387 0.066664
0.046233 0.081658
0.059484 0.094157
0.055194 0.125067
0.051927 0.149971
0.061859 0.199347
0.077198 0.216817
0.088073 0.245019
0.060316 0.314560
0.090211 0.334098
0.078072 0.353511
0.080322 0.447369
0.085640 0.000815
0.059177 0.016678
0.070506 0.029368
0.067195 0.056645
0.062957 0.078214
0.065831 0.114509
0.061496 0.137683
0.065709 0.158684
0.067772 0.177599
0.088245 0.206445
0.072613 0.276705
0.095110 0.227162
0.085120 0.291039
0.097133 0.461352
0.094540 0.001045
0.112145 0.001130
0.079152 0.018011
0.072557 0.044148
0.076713 0.067234
0.075839 0.088736
0.076421 0.103477
0.075643 0.140372
0.080737 0.157979
0.076599 0.192337
0.095291 0.189094
0.085625 0.265807
0.115381 0.263559
0.081284 0.378132
0.089720 0.468442
0.103503 0.000741
0.089192 0.028643
0.088393 0.041261
0.088715 0.055577
0.085061 0.080602
0.093525 0.103577
0.079526 0.120829
0.090264 0.132106
0.093923 0.150517
0.083707 0.176323
0.105260 0.207076
0.101649 0.253519
0.102872 0.295463
0.063055 0.370425
0.120840 0.000630
0.147059 0.000728
0.098827 0.017265
0.103110 0.045667
0.096251 0.067661
0.097865 0.086054
0.096982 0.116494
0.104078 0.141438
0.099242 0.168060
0.112982 0.160389
0.110466 0.181383
0.108237 0.234879
0.122915 0.246217
0.109287 0.320664
0.105582 0.385435
0.129736 0.000490
0.108885 0.026032
0.115024 0.037661
0.111086 0.057719
0.111424 0.074607
0.108813 0.095942
0.110236 0.123589
0.119417 0.138189
0.125531 0.174242
0.116211 0.196373
0.116494 0.220436
0.100468 0.276021
0.130981 0.272879
0.125020 0.308679
0.138437 0.000262
0.181177 0.000556
0.123118 0.018678
0.125797 0.050482
0.120826 0.089073
0.117442 0.110235
0.129664 0.119880
0.126929 0.155007
0.133615 0.192532
0.141264 0.160708
0.131867 0.208886
0.131985 0.228672
0.122057 0.331456
0.106166 0.339406
0.092289 0.361594
0.155510 0.000148
0.129109 0.032422
0.125483 0.066699
0.133063 0.082397
0.132414 0.101301
0.144586 0.120252
0.133303 0.138061
0.155212 0.152252
0.142842 0.179068
0.146896 0.218809
0.146209 0.241008
0.116774 0.287627
0.106875 0.446377
0.089584 0.423887
0.163969 0.000087
0.140983 0.019421
0.141793 0.036330
0.139146 0.057333
0.149563 0.086983
0.147993 0.102750
0.147488 0.139078
0.170907 0.148473
0.157576 0.170023
0.149894 0.196601
0.161084 0.208907
0.136933 0.254935
0.133257 0.292300
0.108358 0.359708
0.107122 0.436661
0.172663 0.000992
0.151981 0.044498
0.145210 0.071321
0.162437 0.073566
0.164181 0.090357
0.159054 0.115158
0.173428 0.167110
0.187911 0.153619
0.164225 0.186021
0.160027 0.231821
0.152551 0.262485
0.149517 0.282073
0.145750 0.304231
0.120201 0.403113
0.189616 0.000163
0.155345 0.025759
0.166180 0.038451
0.157898 0.058549
0.181890 0.088790
0.170849 0.104656
0.162331 0.132084
0.201114 0.138195
0.183045 0.178856
0.191212 0.224184
0.190395 0.204033
0.140604 0.323157
0.167518 0.292060
0.131952 0.367591
0.133924 0.405851
0.198190 0.001091
0.167868 0.019507
0.181529 0.039570
0.177981 0.073527
0.188467 0.104864
0.176431 0.121242
0.182812 0.137004
0.210733 0.150596
0.174664 0.198462
0.174200 0.221765
0.166958 0.248905
0.165068 0.307250
0.117561 0.375732
0.096748 0.404133
0.206666 0.000564
0.256870 0.000714
0.181746 0.025493
0.172871 0.055838
0.196404 0.084863
0.203810 0.101211
0.193428 0.120329
0.208849 0.121833
0.235013 0.143014
0.198627 0.165348
0.181085 0.263816
0.181333 0.241283
0.168558 0.273643
0.145050 0.341297
0.128845 0.348660
0.215065 0.000065
0.195354 0.020968
0.198752 0.037027
0.193947 0.068770
0.211471 0.080134
0.217840 0.099919
0.224516 0.116860
0.222407 0.134715
0.223559 0.160629
0.213050 0.173836
0.202511 0.237413
0.193194 0.281402
0.178629 0.320154
0.111550 0.421984
0.223301 0.000902
0.289852 0.000171
0.210071 0.023890
0.188184 0.053353
0.215402 0.063880
0.228361 0.087945
0.236512 0.101491
0.252264 0.105233
0.240592 0.121653
0.294045 0.126767
0.238707 0.164472
0.195648 0.185578
0.202362 0.273219
0.223266 0.237247
0.157674 0.327871
0.231679 0.000774
0.223053 0.025178
0.213554 0.043250
0.203992 0.055462
0.243850 0.076157
0.252110 0.088147
0.267186 0.088670
0.262925 0.117667
0.252593 0.132197
0.260082 0.166350
0.204360 0.214965
0.246312 0.184275
0.134461 0.394953
0.173497 0.341986
0.240108 0.000070
0.314605 0.000624
0.228614 0.039576
0.231568 0.055407
0.228890 0.070805
0.263751 0.070064
0.302471 0.083129
0.274236 0.105195
0.272714 0.129496
0.317039 0.109966
0.250776 0.150325
0.230233 0.182610
0.208463 0.194632
0.149188 0.370422
0.186297 0.296867
0.248454 0.001145
0.237514 0.022312
0.247710 0.047519
0.250872 0.061522
0.273314 0.055357
0.280660 0.071557
0.316650 0.091782
0.289150 0.111903
0.333585 0.106911
0.308146 0.125052
0.224658 0.198851
0.257422 0.191662
0.152469 0.375112
0.196381 0.254960
0.265182 0.000782
0.339212 0.000600
0.246337 0.033224
0.263446 0.042459
0.293708 0.049304
0.293519 0.066892
0.315512 0.073328
0.283661 0.088474
0.298644 0.099586
0.340128 0.121257
0.325741 0.130892
0.271046 0.177686
0.325350 0.151589
0.233785 0.273605
0.295862 0.161429
0.273397 0.000264
0.256575 0.022767
0.270180 0.027555
0.322113 0.046465
0.309967 0.058443
0.331576 0.069712
0.380028 0.096466
0.333011 0.089260
0.355188 0.093146
0.354976 0.107627
0.267906 0.147879
0.210195 0.304267
0.369234 0.188716
0.179186 0.352139
0.281568 0.000759
0.364119 0.000649
0.307691 0.038648
0.283855 0.040517
0.343013 0.035480
0.351397 0.062402
0.348318 0.078203
0.402861 0.073709
0.409906 0.089067
0.373121 0.108368
0.357776 0.127636
0.342351 0.140993
0.308393 0.144113
0.286272 0.141449
0.219749 0.290407
0.298113 0.000879
0.283427 0.024743
0.326603 0.031102
0.367500 0.042269
0.335919 0.055759
0.372921 0.065619
0.366465 0.078945
0.397232 0.103902
0.411184 0.111531
0.372454 0.128338
0.390375 0.140733
0.442907 0.153431
0.166188 0.358134
0.232462 0.250238
0.306383 0.000207
0.298043 0.024438
0.358695 0.025124
0.354620 0.046919
0.391803 0.061668
0.470783 0.061342
0.433776 0.079260
0.387233 0.081741
0.450276 0.074212
0.410151 0.131989
0.485433 0.127223
0.452675 0.126165
0.407268 0.149151
0.344111 0.156807
0.280242 0.160734
0.322755 0.000364
0.315177 0.023584
0.374870 0.027340
0.387601 0.024582
0.416447 0.036765
0.412690 0.054564
0.467753 0.076678
0.480237 0.089704
0.441771 0.109739
0.392957 0.122561
0.429591 0.117178
0.387010 0.158672
0.201264 0.313711
0.222012 0.217755
0.330880 0.000562
0.404662 0.000858
0.341255 0.021816
0.400584 0.027789
0.381196 0.049247
0.435835 0.058011
0.419318 0.067203
0.447315 0.092758
0.424496 0.094617
0.466580 0.117153
0.503035 0.112373
0.312491 0.164375
0.365049 0.165068
0.216371 0.255805
0.231361 0.287970
0.347568 0.000024
0.433778 0.025817
0.396756 0.042920
0.451697 0.056080
0.496447 0.060301
0.519167 0.083209
0.484126 0.109177
0.463164 0.099162
0.458608 0.154511
0.366153 0.148266
0.434528 0.137177
0.484199 0.148957
0.254706 0.210782
0.191354 0.325126
0.355946 0.000120
0.412706 0.000580
0.477869 0.000269
0.463549 0.025223
0.418516 0.023504
0.524658 0.055443
0.490406 0.073989
0.513014 0.067605
0.517154 0.119357
0.499462 0.089160
0.351641 0.178844
0.506370 0.154180
0.295989 0.181233
0.331610 0.174705
0.532713 0.162078
0.372243 0.000772
0.461730 0.000160
0.448393 0.025272
0.434070 0.041974
0.567434 0.089567
0.580741 0.100730
0.535432 0.093050
0.538676 0.109111
0.505137 0.132913
0.308658 0.183759
0.239617 0.205179
0.259791 0.244642
0.254750 0.254244
0.381269 0.175347
0.380336 0.000938
0.453619 0.000600
0.485989 0.000027
0.513025 0.023409
0.564210 0.037486
0.627034 0.131412
0.579985 0.125125
0.565979 0.115361
0.702569 0.204757
0.273284 0.223820
0.348172 0.198046
0.981389 0.223399
0.619910 0.213413
0.259320 0.231378
0.276682 0.194304
0.420856 0.001008
0.469814 0.000915
0.664027 0.030906
0.481417 0.049197
0.474054 0.035734
0.589032 0.143345
0.546709 0.124460
0.515820 0.098223
0.557377 0.163583
0.469991 0.138646
0.387792 0.194979
0.304605 0.203106
0.340962 0.192055
0.235867 0.227126
0.396645 0.000652
0.437308 0.000218
0.510395 0.000763
0.484907 0.023880
0.689308 0.160593
0.543669 0.055653
0.770413 0.287659
0.531744 0.132178
0.406595 0.169702
0.524521 0.147243
0.975722 0.392774
0.788174 0.296439
0.774161 0.317055
0.321650 0.193021
0.246869 0.268412
0.534660 0.000667
0.502247 0.000584
0.429089 0.000110
0.063247 0.457885
0.513981 0.041589
0.549377 0.080019
0.427342 0.153946
0.719520 0.223855
0.610924 0.203104
0.466208 0.187612
0.945238 0.380515
0.626649 0.234916
0.410907 0.185942
0.484164 0.184490
0.599222 0.000917
0.550780 0.000516
0.388513 0.000994
0.494116 0.000037
0.579376 0.020213
0.498684 0.042990
0.534339 0.070354
0.611596 0.119988
0.577261 0.188488
0.521206 0.191670
0.468480 0.172934
0.396531 0.193301
0.586246 0.218351
0.427456 0.179389
0.544755 0.208756
0.591247 0.000919
0.518554 0.000084
0.445513 0.000367
0.526240 0.027502
0.455461 0.039503
0.971278 0.403008
0.281203 0.215808
0.450612 0.184542
0.502982 0.191634
0.615643 0.242741
0.290060 0.205095
0.495233 0.190833
0.610427 0.248509
0.629841 0.183013
0.615358 0.000607
0.566925 0.000952
0.540359 0.022776
0.526612 0.000066
0.536857 0.040723
0.550746 0.030650
0.560843 0.053471
0.555053 0.099114
0.593765 0.115849
0.550408 0.148464
0.576683 0.166696
0.493401 0.160738
0.589512 0.196186
0.529572 0.186053
0.673097 0.228700
0.631628 0.000098
0.542737 0.000244
0.594667 0.023067
0.563980 0.022966
0.498591 0.026171
0.559882 0.069750
0.597852 0.093674
0.610183 0.101949
0.628870 0.111101
0.561515 0.134156
0.441344 0.176931
0.609390 0.182889
0.601564 0.229189
0.594245 0.213327
0.639628 0.001026
0.558721 0.000583
0.626640 0.018751
0.625049 0.032955
0.606997 0.033488
0.587878 0.080055
0.617864 0.083061
0.647926 0.103294
0.644293 0.143393
0.573051 0.151900
0.639237 0.194992
0.657317 0.205453
0.552474 0.186379
0.617148 0.163914
0.558100 0.203125
0.655641 0.000779
0.652430 0.019083
0.640196 0.025715
0.610863 0.020034
0.580827 0.035645
0.578329 0.053651
0.576317 0.070202
0.603102 0.073220
0.647581 0.121446
0.622715 0.148608
0.655476 0.190607
0.601334 0.160701
0.593373 0.180703
0.515728 0.173350
0.663853 0.001012
0.575003 0.000839
0.670980 0.018959
0.593323 0.041742
0.638686 0.040982
0.624769 0.049577
0.595628 0.059974
0.618825 0.063317
0.631642 0.092497
0.660560 0.137258
0.648087 0.157341
0.635915 0.170824
0.762191 0.317774
0.677190 0.236994
0.752705 0.308955
0.680401 0.000496
0.583149 0.000400
0.607192 0.000956
0.652367 0.038424
0.609025 0.048712
0.654155 0.069255
0.633376 0.075613
0.667700 0.122485
0.689709 0.137157
0.668768 0.159388
0.604191 0.139219
0.682594 0.213839
0.651168 0.220058
0.567697 0.214708
0.688594 0.000629
0.623483 0.000742
0.689633 0.019908
0.688323 0.044747
0.654883 0.054004
0.639432 0.060947
0.652376 0.085620
0.664613 0.102814
0.700293 0.122098
0.721045 0.135540
0.657997 0.177189
0.710678 0.157401
0.680551 0.174023
0.723710 0.206495
0.790995 0.336909
0.705034 0.000876
0.698758 0.034822
0.703431 0.064244
0.681278 0.031207
0.671562 0.044022
0.671002 0.060778
0.671933 0.077364
0.684577 0.114481
0.719250 0.170873
0.702105 0.142739
0.721467 0.189943
0.712036 0.226487
0.547599 0.178992
0.734305 0.270827
0.713235 0.000800
0.647591 0.001129
0.705676 0.021216
0.708526 0.050180
0.687612 0.059581
0.689322 0.075690
0.675841 0.094042
0.705493 0.098716
0.714409 0.115442
0.733216 0.176672
0.680428 0.144002
0.734212 0.224446
0.671121 0.193094
0.696782 0.182946
0.740068 0.242859
0.721431 0.000574
0.721178 0.021338
0.713822 0.034912
0.725426 0.049020
0.720750 0.064734
0.691825 0.094080
0.721438 0.091639
0.736325 0.131992
0.728764 0.150476
0.703064 0.177548
0.804657 0.302576
0.755228 0.294273
0.737276 0.260468
0.635491 0.212346
0.737869 0.000931
0.672118 0.000799
0.736465 0.022132
0.731385 0.035565
0.743670 0.048919
0.737805 0.062639
0.709364 0.079129
0.730387 0.109680
0.742417 0.158471
0.745590 0.186420
0.778738 0.227632
0.778405 0.208805
0.752853 0.257969
0.735195 0.277716
0.825471 0.364410
0.746112 0.000529
0.752120 0.020165
0.748909 0.035451
0.763063 0.054485
0.753686 0.065538
0.732039 0.077958
0.740166 0.094427
0.760403 0.150949
0.755409 0.170977
0.753519 0.200213
0.737690 0.205935
0.686597 0.230876
0.805653 0.277878
0.781166 0.334899
0.754484 0.000970
0.696817 0.000344
0.766073 0.024912
0.763417 0.039363
0.775939 0.062983
0.750546 0.080789
0.757812 0.096467
0.746134 0.113743
0.751257 0.134582
0.768869 0.178411
0.762718 0.219576
0.798629 0.251442
0.745971 0.229641
0.850859 0.393924
0.819905 0.356659
0.762743 0.000074
0.779725 0.022568
0.778334 0.040364
0.787425 0.055538
0.768237 0.076386
0.772734 0.092884
0.762212 0.113957
0.774841 0.158686
0.769460 0.196388
0.810657 0.239389
0.772559 0.265460
0.780429 0.248673
0.868411 0.414815
0.827058 0.342573
0.770978 0.000385
0.729677 0.000210
0.794053 0.022011
0.802080 0.058797
0.784538 0.081218
0.787355 0.101765
0.778140 0.113759
0.767552 0.133265
0.786490 0.187097
0.765949 0.240241
0.815482 0.220356
0.813935 0.266221
0.824100 0.291503
0.845317 0.369666
0.816178 0.321339
0.787494 0.000316
0.807469 0.024387
0.792934 0.037963
0.796296 0.073868
0.798528 0.093321
0.794471 0.124508
0.782901 0.134260
0.789104 0.149467
0.798198 0.209657
0.835039 0.277028
0.844403 0.296958
0.783629 0.274477
0.836653 0.311466
0.801886 0.318308
0.795983 0.000053
0.821318 0.022445
0.806986 0.043414
0.817997 0.060642
0.813720 0.092877
0.803566 0.113121
0.817907 0.128245
0.805448 0.138232
0.788301 0.171116
0.807499 0.174943
0.796061 0.228439
0.828848 0.259062
0.855537 0.349084
0.883786 0.382230
0.855401 0.382073
0.804378 0.000664
0.841224 0.048189
0.831767 0.059300
0.812000 0.076534
0.830031 0.101409
0.817266 0.110165
0.832010 0.135225
0.803511 0.157979
0.842759 0.199427
0.853551 0.274717
0.854960 0.313258
0.840383 0.332991
0.850846 0.404535
0.808238 0.344165
0.821241 0.000717
0.779235 0.000897
0.831929 0.031748
0.821302 0.041586
0.839500 0.074977
0.826155 0.082213
0.833891 0.117941
0.819132 0.148453
0.819583 0.187571
0.802534 0.194444
0.821976 0.202733
0.859614 0.251933
0.876054 0.316311
0.878546 0.419381
0.876865 0.396239
0.829752 0.000488
0.842237 0.021671
0.851173 0.037537
0.850143 0.063133
0.851607 0.104903
0.842532 0.093020
0.835967 0.153266
0.842271 0.169336
0.822882 0.165785
0.851744 0.215790
0.843078 0.254712
0.845338 0.234960
0.864068 0.361482
0.863027 0.330642
0.838073 0.000197
0.812808 0.000879
0.857771 0.022370
0.862996 0.058183
0.854815 0.083543
0.865482 0.110659
0.848285 0.121113
0.847659 0.139511
0.853304 0.155355
0.828246 0.235714
0.834986 0.216963
0.860790 0.293399
0.879552 0.295884
0.908768 0.431748
0.885335 0.431240
0.855270 0.000556
0.873733 0.021678
0.865548 0.041066
0.868624 0.074135
0.867969 0.091408
0.881435 0.100184
0.861326 0.129354
0.866153 0.149589
0.835146 0.182374
0.854424 0.188674
0.861680 0.230424
0.873633 0.253048
0.877012 0.344414
0.887612 0.328563
0.863853 0.000065
0.846695 0.000008
0.892535 0.021817
0.879590 0.034890
0.878191 0.053309
0.883860 0.071287
0.878706 0.116821
0.875058 0.136251
0.872591 0.166701
0.858754 0.173276
0.863767 0.203743
0.878021 0.234422
0.884422 0.277583
0.868739 0.273596
0.882832 0.359729
0.881197 0.000450
0.906945 0.025461
0.894782 0.037538
0.892979 0.059150
0.886731 0.086694
0.895612 0.113077
0.888875 0.130246
0.882405 0.152793
0.884859 0.177690
0.871750 0.187868
0.873652 0.216047
0.887746 0.253971
0.899793 0.292298
0.879826 0.454075
0.889880 0.000578
0.872506 0.000380
0.920530 0.021162
0.903655 0.051686
0.905392 0.070229
0.902413 0.085979
0.903349 0.100987
0.904471 0.127391
0.895833 0.145271
0.894362 0.166471
0.884383 0.197055
0.888520 0.215783
0.928530 0.325065
0.913625 0.401758
0.882483 0.459601
0.898595 0.000422
0.937918 0.022058
0.914747 0.040449
0.919568 0.060482
0.918886 0.080108
0.918384 0.098768
0.915279 0.117901
0.907144 0.155677
0.908622 0.175174
0.901276 0.208174
0.898463 0.188189
0.894663 0.233731
0.910955 0.310418
0.892597 0.310414
0.907218 0.000588
0.915862 0.000347
0.943555 0.041228
0.929341 0.034636
0.931419 0.052256
0.931676 0.091420
0.929171 0.109986
0.914041 0.140576
0.919929 0.162245
0.914141 0.198577
0.919741 0.215579
0.909244 0.226686
0.898130 0.269971
0.944169 0.428265
0.898168 0.396754
0.924827 0.000499
0.952698 0.020739
0.946498 0.059737
0.932153 0.069568
0.939470 0.122459
0.927054 0.131471
0.930124 0.148844
0.922142 0.186877
0.935211 0.207073
0.920140 0.240999
0.917472 0.265221
0.927365 0.301173
0.916581 0.286596
0.909677 0.328938
0.933678 0.000223
0.958070 0.035295
0.959846 0.050837
0.942946 0.080869
0.943449 0.102765
0.942744 0.139364
0.931088 0.171820
0.939006 0.192010
0.934178 0.230283
0.929600 0.254068
0.938375 0.314495
0.931261 0.279231
0.904596 0.251539
0.926458 0.347426
0.898520 0.374728
0.942472 0.000408
0.972631 0.056554
0.958401 0.069027
0.955988 0.107424
0.954545 0.126356
0.944243 0.160708
0.946553 0.219826
0.948340 0.264980
0.944133 0.294307
0.959399 0.305937
0.956932 0.333330
0.939420 0.338679
0.944583 0.355270
0.911872 0.420131
0.951646 0.001070
0.968183 0.019743
0.972327 0.037397
0.956332 0.086724
0.969060 0.132768
0.955153 0.148247
0.947474 0.176535
0.945759 0.247809
0.969294 0.260631
0.956948 0.277485
0.967622 0.288855
0.960140 0.358099
0.979711 0.371597
0.920048 0.381915
0.958060 0.386031
0.960545 0.000343
0.982934 0.022549
0.971198 0.075895
0.968908 0.115096
0.961913 0.185883
0.962847 0.228800
0.967296 0.212133
0.984781 0.328207
0.999076 0.362213
0.971153 0.338518
0.972206 0.313075
0.955135 0.446213
0.926211 0.365025
0.939719 0.467294
0.969566 0.000077
0.988928 0.000906
0.987194 0.041147
0.982808 0.123487
0.970447 0.152545
0.963589 0.168345
0.982741 0.268311
0.978422 0.243643
0.978176 0.355151
0.988933 0.417473
0.999069 0.403758
0.998860 0.467660
0.903080 0.464013
0.939258 0.394239
0.904097 0.445008
0.978762 0.000569
0.985720 0.064597
0.967357 0.095335
0.981956 0.143723
0.981133 0.165559
0.953991 0.200789
0.999759 0.292119
0.999134 0.333246
0.999356 0.263931
0.976141 0.444275
0.999864 0.345662
0.955369 0.431667
0.933201 0.455052
0.898205 0.347080
0.999288 0.001260
0.999140 0.036781
0.983480 0.086245
0.982026 0.103924
0.999294 0.105831
0.999277 0.189682
0.999580 0.142580
0.999831 0.154360
0.999648 0.374973
0.998981 0.277488
0.999310 0.387240
0.999997 0.419730
0.983356 0.459593
0.999670 0.238331
0.925930 0.413774
0.999504 0.000740
0.998843 0.048471
0.999660 0.071205
0.999927 0.094147
0.999610 0.117460
0.978930 0.200440
0.981858 0.292303
0.999588 0.318145
0.999948 0.251103
0.999353 0.201434
0.999902 0.304715
0.985532 0.433713
0.909365 0.361246
0.999698 0.439332
0.998965 0.015104
0.999114 0.025913
0.999428 0.059435
0.999524 0.082624
0.977709 0.184399
0.999184 0.129891
0.999748 0.213349
0.961207 0.243073
0.999281 0.225884
0.999748 0.166162
0.999164 0.177975
0.951239 0.411704
0.995059 0.467076
0.907347 0.470367
0.925664 0.469650
