0.000787 0.025246
0.000794 0.057693
0.000901 0.090822
0.000633 0.126132
0.000146 0.137268
0.000180 0.312204
0.001096 0.181309
0.000796 0.193324
0.000383 0.326103
0.000329 0.409259
0.046059 0.477034
0.000300 0.465888
0.005741 0.482878
0.047176 0.448685
0.000326 0.014117
0.000740 0.035411
0.000297 0.068383
0.014302 0.081433
0.023568 0.237127
0.000210 0.206127
0.000635 0.169417
0.000873 0.281277
0.000093 0.240590
0.000632 0.253760
0.000367 0.366119
0.000686 0.380292
0.027829 0.484301
0.028113 0.504114
0.061283 0.408153
0.000657 0.000333
0.000801 0.045696
0.000131 0.079140
0.000486 0.101935
0.000969 0.112992
0.000625 0.218088
0.000457 0.158511
0.000124 0.296064
0.000110 0.229099
0.000327 0.339781
0.000057 0.352597
0.003893 0.462889
0.000150 0.436946
0.059848 0.491900
0.000218 0.000897
0.016819 0.020243
0.012438 0.054965
0.011723 0.119895
0.019313 0.187966
0.037994 0.265742
0.025703 0.222145
0.000878 0.267921
0.019230 0.330223
0.013069 0.303262
0.021507 0.369411
0.000854 0.429560
0.000680 0.394068
0.012789 0.497335
0.067730 0.444866
0.011542 0.000996
0.028482 0.047544
0.016769 0.037249
0.015518 0.100388
0.000102 0.147830
0.018120 0.253214
0.040974 0.245658
0.018959 0.269882
0.023720 0.353796
0.041791 0.350105
0.017966 0.395291
0.049164 0.398279
0.015122 0.416903
0.069957 0.489549
0.031105 0.000303
0.021740 0.000072
0.036222 0.072737
0.022655 0.065890
0.016865 0.205563
0.019469 0.139584
0.034561 0.201848
0.041991 0.215207
0.035822 0.304985
0.033684 0.326579
0.045954 0.313564
0.037345 0.384169
0.052096 0.429858
0.023584 0.445794
0.083032 0.407055
0.040518 0.000140
0.034857 0.015952
0.028462 0.088465
0.028325 0.123652
0.018187 0.168516
0.033784 0.181086
0.046959 0.231677
0.060651 0.244834
0.023634 0.287815
0.041098 0.285195
0.032615 0.410689
0.034396 0.429625
0.045305 0.369816
0.041388 0.500992
0.049411 0.000976
0.031070 0.029724
0.042024 0.040346
0.039348 0.057588
0.030506 0.109037
0.041578 0.127397
0.022512 0.153766
0.048653 0.192859
0.061796 0.220767
0.053419 0.261513
0.052376 0.339676
0.060837 0.299309
0.065507 0.354288
0.093531 0.320616
0.071142 0.427014
0.058521 0.000644
0.047666 0.024737
0.053662 0.049672
0.041546 0.097514
0.050047 0.111426
0.037867 0.143639
0.037635 0.164869
0.051530 0.176727
0.077978 0.239657
0.057985 0.278968
0.073525 0.259997
0.076282 0.333299
0.031812 0.456470
0.076723 0.310842
0.067608 0.000724
0.076522 0.000168
0.060033 0.035164
0.053641 0.066484
0.045768 0.083104
0.058669 0.096190
0.055252 0.130899
0.049147 0.155052
0.060805 0.205260
0.076709 0.222624
0.089440 0.253155
0.062603 0.322066
0.091042 0.344571
0.076362 0.363485
0.081728 0.462096
0.085543 0.000145
0.060971 0.017547
0.073401 0.030173
0.067839 0.058646
0.063534 0.079488
0.065996 0.117493
0.061767 0.142432
0.064385 0.162726
0.065903 0.183741
0.088760 0.211260
0.073700 0.284307
0.094262 0.232226
0.087383 0.296277
0.097263 0.476347
0.094485 0.000559
0.112480 0.000629
0.080009 0.017682
0.073984 0.045214
0.076240 0.069591
0.074566 0.092707
0.075508 0.106361
0.075731 0.145602
0.079329 0.164428
0.076609 0.197555
0.095792 0.196236
0.087191 0.272510
0.117913 0.270964
0.081010 0.388013
0.089556 0.479170
0.103625 0.000426
0.092990 0.028943
0.088499 0.041650
0.089116 0.057360
0.086321 0.080967
0.091767 0.102853
0.079407 0.124941
0.089144 0.136472
0.093089 0.156533
0.083584 0.180523
0.104921 0.215355
0.104338 0.260141
0.102727 0.305473
0.061229 0.379965
0.121108 0.000206
0.147251 0.000198
0.100930 0.016990
0.103385 0.046056
0.097404 0.068700
0.099662 0.087387
0.095338 0.118451
0.104058 0.143746
0.098824 0.173065
0.111626 0.164208
0.110158 0.185863
0.110183 0.241108
0.123075 0.252224
0.110985 0.325582
0.103755 0.397120
0.129872 0.000970
0.110706 0.026956
0.116383 0.039886
0.111460 0.060469
0.112706 0.075800
0.108921 0.100581
0.109278 0.127336
0.119367 0.141500
0.125816 0.180935
0.116447 0.201064
0.117241 0.225066
0.102946 0.283126
0.134828 0.280236
0.126014 0.313107
0.138561 0.000417
0.181360 0.000323
0.124491 0.019721
0.127606 0.050452
0.121109 0.088864
0.115659 0.112360
0.128966 0.121373
0.124832 0.159323
0.135317 0.196989
0.139436 0.163221
0.130632 0.215110
0.132136 0.234642
0.124691 0.339211
0.104935 0.348461
0.090808 0.373671
0.155770 0.000896
0.130797 0.033999
0.127702 0.066235
0.133780 0.083567
0.131807 0.103356
0.144221 0.123229
0.133813 0.140385
0.155025 0.157635
0.143041 0.181672
0.147212 0.226769
0.146709 0.248023
0.117051 0.292388
0.109191 0.458357
0.089574 0.439650
0.164229 0.000004
0.142605 0.019711
0.143293 0.037802
0.142709 0.057739
0.148684 0.090581
0.147704 0.105781
0.148470 0.141610
0.170599 0.152914
0.156869 0.176516
0.148638 0.205173
0.161968 0.214739
0.138241 0.263442
0.135618 0.300432
0.109057 0.365942
0.112145 0.449510
0.172895 0.000222
0.155558 0.044756
0.145163 0.073633
0.164046 0.074883
0.164800 0.090283
0.159893 0.117721
0.173453 0.169849
0.188921 0.157183
0.164421 0.192333
0.161962 0.238755
0.156009 0.267636
0.151803 0.288211
0.150179 0.310186
0.120600 0.417446
0.189811 0.000510
0.155719 0.025346
0.168194 0.039101
0.158217 0.060822
0.181114 0.091301
0.169301 0.105849
0.163492 0.135001
0.200854 0.142090
0.181513 0.183869
0.191852 0.232883
0.189823 0.212685
0.140159 0.330112
0.172368 0.297549
0.130704 0.374648
0.133130 0.414267
0.198311 0.000461
0.169514 0.021263
0.183618 0.039002
0.179483 0.073422
0.186901 0.107273
0.177097 0.123963
0.182725 0.140591
0.210632 0.155071
0.176059 0.205254
0.173956 0.227898
0.168012 0.257055
0.165644 0.314055
0.117389 0.387866
0.095391 0.417647
0.206782 0.000015
0.256945 0.000602
0.183132 0.024659
0.174047 0.056954
0.196861 0.088710
0.203585 0.104645
0.193160 0.123961
0.207997 0.123699
0.234032 0.145423
0.197404 0.170370
0.182634 0.270781
0.183667 0.248771
0.169645 0.281359
0.146949 0.348607
0.127728 0.357269
0.215161 0.000952
0.198023 0.022353
0.201181 0.038089
0.195009 0.071121
0.209842 0.081630
0.217348 0.101674
0.223794 0.119452
0.219845 0.138233
0.222781 0.163983
0.213777 0.180060
0.206300 0.244185
0.198019 0.287205
0.183293 0.325750
0.110559 0.435213
0.223437 0.000479
0.289939 0.000379
0.212273 0.025119
0.188802 0.054912
0.215325 0.065445
0.227956 0.089707
0.234910 0.105573
0.250789 0.107511
0.238578 0.125480
0.290859 0.129176
0.238151 0.169339
0.195345 0.190255
0.210638 0.278784
0.226040 0.243895
0.158935 0.335380
0.231786 0.000805
0.225537 0.025591
0.217202 0.044178
0.203966 0.055415
0.243585 0.077987
0.251440 0.091026
0.266446 0.091050
0.261642 0.119012
0.251587 0.135080
0.256862 0.174090
0.205898 0.222278
0.243620 0.190527
0.132712 0.404792
0.178565 0.346230
0.240203 0.000522
0.314642 0.000973
0.232157 0.040918
0.231740 0.057172
0.228317 0.073927
0.265605 0.071594
0.300540 0.083897
0.272813 0.105836
0.271651 0.132434
0.315263 0.110906
0.248920 0.154495
0.227904 0.187555
0.206476 0.200988
0.150811 0.375900
0.191159 0.302645
0.248588 0.000195
0.240001 0.022395
0.249399 0.051217
0.251487 0.064863
0.273474 0.056179
0.280221 0.071218
0.316272 0.092928
0.287547 0.113436
0.333989 0.106078
0.308493 0.125005
0.221172 0.205929
0.258758 0.203073
0.151735 0.383890
0.200650 0.261038
0.265254 0.000397
0.339341 0.000720
0.248817 0.035016
0.265344 0.043204
0.294173 0.051110
0.295625 0.066965
0.316445 0.072558
0.284203 0.088965
0.297684 0.100962
0.338269 0.123598
0.324760 0.132526
0.272586 0.184618
0.321570 0.156150
0.243482 0.278393
0.291441 0.164062
0.273499 0.000218
0.259097 0.023398
0.272259 0.027412
0.321918 0.046548
0.310917 0.058878
0.330930 0.070544
0.378501 0.094723
0.333011 0.090367
0.354848 0.092116
0.352262 0.109276
0.264839 0.151359
0.217026 0.304639
0.361760 0.197403
0.177463 0.355658
0.281677 0.001123
0.363965 0.000532
0.308871 0.038912
0.284424 0.039820
0.341491 0.037923
0.355525 0.063440
0.346731 0.077466
0.402612 0.073946
0.410609 0.089753
0.371399 0.110689
0.356900 0.131757
0.340613 0.146213
0.304497 0.145781
0.286489 0.146219
0.225088 0.290712
0.298135 0.000341
0.286638 0.024297
0.329291 0.029646
0.368813 0.042164
0.337255 0.055264
0.371923 0.065077
0.368885 0.081696
0.394545 0.102595
0.409576 0.113236
0.371845 0.128591
0.389186 0.142181
0.439545 0.155277
0.166454 0.360203
0.238317 0.257844
0.306360 0.000230
0.300862 0.027279
0.361071 0.026769
0.354305 0.046903
0.392818 0.062106
0.468512 0.058830
0.432610 0.076857
0.388677 0.081198
0.450109 0.071637
0.409606 0.132160
0.482890 0.125333
0.449669 0.123991
0.403885 0.151883
0.342609 0.159513
0.275085 0.167106
0.322906 0.000203
0.315934 0.022653
0.375090 0.028109
0.388018 0.024850
0.415626 0.038971
0.412151 0.053137
0.464696 0.076392
0.478601 0.087943
0.441903 0.111292
0.389906 0.120957
0.425817 0.114878
0.384711 0.159311
0.202081 0.316468
0.224269 0.225534
0.331103 0.000450
0.404652 0.000733
0.344556 0.023049
0.402780 0.027384
0.382069 0.049665
0.433380 0.058316
0.420051 0.068358
0.445557 0.090681
0.424686 0.093794
0.464801 0.114378
0.498482 0.107357
0.313343 0.166285
0.362628 0.168617
0.219458 0.262585
0.235721 0.292687
0.347705 0.000171
0.433680 0.028194
0.396686 0.043375
0.453560 0.054699
0.495354 0.058870
0.514962 0.079250
0.481128 0.104556
0.460818 0.095347
0.458269 0.153199
0.363933 0.150098
0.430364 0.134976
0.477093 0.146953
0.256691 0.219118
0.197544 0.327865
0.355872 0.000928
0.412828 0.000711
0.477706 0.000017
0.464394 0.024956
0.417564 0.023513
0.522353 0.053826
0.484928 0.071377
0.507858 0.064546
0.513252 0.114516
0.496254 0.085455
0.352460 0.187886
0.502044 0.150752
0.294458 0.187003
0.328837 0.179216
0.523589 0.156488
0.372016 0.000394
0.461592 0.000126
0.448147 0.026010
0.434320 0.043332
0.564439 0.086411
0.580320 0.097514
0.532346 0.087541
0.535242 0.103849
0.502105 0.128526
0.307143 0.191968
0.240341 0.214376
0.270521 0.253187
0.259241 0.264264
0.376887 0.182080
0.380166 0.000485
0.453453 0.000581
0.485753 0.000870
0.509822 0.024783
0.560495 0.036813
0.629491 0.126794
0.580501 0.122746
0.565623 0.108977
0.708724 0.207065
0.278918 0.233601
0.347124 0.204886
0.983702 0.226147
0.618577 0.215511
0.261712 0.238482
0.273015 0.200567
0.421078 0.000477
0.469672 0.000460
0.661688 0.033648
0.481857 0.050483
0.472596 0.038183
0.590841 0.141903
0.542860 0.119369
0.513041 0.094377
0.558415 0.157976
0.463687 0.138879
0.384961 0.197123
0.302035 0.213827
0.331831 0.200587
0.242836 0.234776
0.396482 0.000609
0.437269 0.000221
0.509919 0.000778
0.480538 0.025710
0.694899 0.155834
0.540254 0.053550
0.767838 0.290861
0.529381 0.128154
0.404860 0.170582
0.519834 0.143682
0.981028 0.399860
0.791997 0.298012
0.772225 0.318312
0.320620 0.204748
0.259394 0.272607
0.534178 0.000387
0.501880 0.000639
0.429206 0.000771
0.062217 0.471656
0.511894 0.043267
0.544811 0.076678
0.424079 0.155263
0.715051 0.228755
0.608228 0.204943
0.457258 0.193589
0.947597 0.385688
0.628309 0.233516
0.410399 0.189628
0.477118 0.189397
0.598728 0.000272
0.550230 0.000810
0.388331 0.000898
0.493822 0.000352
0.575727 0.020668
0.495807 0.040770
0.529231 0.066979
0.612490 0.119437
0.568000 0.187838
0.514752 0.198654
0.465883 0.175422
0.394197 0.195240
0.576441 0.223801
0.421806 0.182296
0.533432 0.205254
0.590772 0.000085
0.518034 0.000052
0.445348 0.000533
0.522880 0.027896
0.453535 0.040394
0.973134 0.414983
0.288644 0.230647
0.444607 0.192925
0.494535 0.198913
0.608211 0.243747
0.296354 0.219861
0.488153 0.203207
0.602559 0.246479
0.627953 0.182509
0.615062 0.000909
0.566127 0.000981
0.536800 0.020842
0.526035 0.000905
0.532173 0.039011
0.546648 0.033710
0.554838 0.052334
0.552630 0.098327
0.593236 0.114704
0.548886 0.141739
0.573607 0.165831
0.489058 0.156789
0.586113 0.193732
0.524717 0.191468
0.677158 0.231125
0.631813 0.000492
0.542211 0.000306
0.589830 0.024293
0.559002 0.021505
0.495534 0.026558
0.557182 0.068798
0.596849 0.092937
0.612067 0.102316
0.633020 0.108756
0.560008 0.129665
0.440792 0.183283
0.611654 0.182565
0.602375 0.230070
0.586291 0.212271
0.639745 0.000037
0.558130 0.000667
0.623921 0.019502
0.619163 0.035492
0.604638 0.034469
0.584858 0.078375
0.615755 0.082912
0.648825 0.102505
0.645014 0.140100
0.573850 0.146804
0.639534 0.192804
0.663285 0.210646
0.549397 0.188815
0.617691 0.160820
0.550459 0.208841
0.655946 0.000221
0.650887 0.020498
0.636852 0.026959
0.605697 0.020376
0.575546 0.037401
0.573548 0.051655
0.573161 0.067158
0.602681 0.073257
0.649208 0.119787
0.625223 0.145444
0.664069 0.194641
0.601332 0.158120
0.592678 0.175443
0.512403 0.172370
0.664168 0.001089
0.574468 0.000774
0.670260 0.020736
0.589589 0.042242
0.634827 0.043749
0.622963 0.052316
0.591635 0.061818
0.617119 0.064628
0.631033 0.092922
0.661443 0.137638
0.653179 0.157170
0.636426 0.166690
0.764624 0.320779
0.687279 0.242296
0.750605 0.305323
0.680662 0.000960
0.582642 0.000764
0.606851 0.000139
0.648567 0.039529
0.603534 0.049266
0.653967 0.072822
0.633965 0.076617
0.669856 0.121638
0.692005 0.132432
0.666650 0.159304
0.607255 0.134717
0.688347 0.217903
0.647463 0.218764
0.564337 0.213857
0.688836 0.000855
0.623455 0.001034
0.689138 0.021881
0.689441 0.049079
0.655787 0.055515
0.638637 0.062119
0.653291 0.087013
0.666579 0.105983
0.705043 0.120953
0.724588 0.135297
0.661287 0.175022
0.715868 0.156952
0.681576 0.177798
0.722352 0.211095
0.793125 0.334571
0.705310 0.000378
0.699280 0.037397
0.702900 0.067325
0.680376 0.033828
0.670731 0.047086
0.670441 0.063903
0.671636 0.080528
0.688037 0.114063
0.723182 0.173939
0.707071 0.142008
0.726651 0.195522
0.707461 0.244697
0.538115 0.172193
0.735308 0.276257
0.713518 0.000021
0.647804 0.001158
0.705022 0.021977
0.709443 0.052640
0.687010 0.064143
0.690208 0.080706
0.676737 0.095876
0.708129 0.100903
0.718904 0.115160
0.741556 0.178102
0.677055 0.141024
0.731869 0.235948
0.681431 0.201096
0.697729 0.192367
0.737128 0.251377
0.721633 0.000785
0.721508 0.022348
0.715354 0.037177
0.727453 0.051870
0.719569 0.068544
0.693493 0.098290
0.724757 0.095096
0.739959 0.132074
0.731475 0.152273
0.706577 0.176620
0.806910 0.305006
0.760483 0.299598
0.728237 0.260975
0.638960 0.222866
0.738109 0.000865
0.672438 0.000635
0.737131 0.022154
0.732245 0.036601
0.746545 0.050913
0.738047 0.065560
0.709334 0.083852
0.731844 0.113371
0.745868 0.160774
0.748277 0.193851
0.781702 0.235184
0.783458 0.214880
0.758478 0.263492
0.736319 0.282104
0.833540 0.363100
0.746361 0.000488
0.752931 0.020824
0.749433 0.035658
0.766291 0.054187
0.754673 0.066308
0.731125 0.080104
0.741474 0.096685
0.761992 0.156221
0.759349 0.174720
0.758190 0.209950
0.742246 0.211724
0.699012 0.232166
0.808051 0.284064
0.785912 0.338033
0.754787 0.000361
0.697052 0.000356
0.768157 0.023212
0.764571 0.038756
0.778342 0.064007
0.751399 0.082636
0.758462 0.099195
0.747476 0.117514
0.753602 0.141256
0.772980 0.184254
0.766376 0.226075
0.800796 0.258107
0.752622 0.239049
0.854417 0.399584
0.820542 0.360647
0.763125 0.000469
0.781500 0.022388
0.780041 0.040602
0.789772 0.052972
0.767843 0.078002
0.774433 0.096036
0.762854 0.116223
0.776637 0.163351
0.770616 0.203661
0.813107 0.247977
0.774679 0.270813
0.783910 0.254173
0.873050 0.421663
0.828105 0.342665
0.771272 0.000362
0.729823 0.000274
0.796450 0.020771
0.804914 0.058286
0.785112 0.080923
0.787874 0.104022
0.778965 0.119030
0.767963 0.135669
0.789166 0.194273
0.765016 0.247876
0.816626 0.227718
0.813147 0.273821
0.825290 0.296787
0.848305 0.373407
0.819786 0.324512
0.787890 0.000425
0.810926 0.025209
0.794888 0.035563
0.797544 0.072338
0.800605 0.091837
0.795720 0.126856
0.783682 0.139726
0.791321 0.155410
0.800538 0.218389
0.833698 0.283116
0.844463 0.299252
0.784821 0.277493
0.840029 0.314577
0.803115 0.319817
0.796389 0.000231
0.823453 0.020908
0.808293 0.041272
0.820891 0.058293
0.816481 0.094161
0.804135 0.112645
0.818924 0.130964
0.805597 0.142837
0.790517 0.176769
0.808565 0.183059
0.798624 0.236085
0.828746 0.263864
0.855882 0.353799
0.886217 0.389546
0.857637 0.385388
0.804758 0.000807
0.843598 0.046056
0.834731 0.059270
0.814014 0.074221
0.834467 0.102499
0.820187 0.112239
0.834947 0.138800
0.806640 0.165166
0.843080 0.207939
0.854652 0.280437
0.855147 0.321104
0.844871 0.337424
0.858210 0.408450
0.809420 0.348835
0.821453 0.000298
0.779562 0.000944
0.833629 0.032798
0.823245 0.041787
0.841208 0.074203
0.827892 0.081430
0.836770 0.120730
0.821483 0.152636
0.821798 0.192839
0.804416 0.203085
0.822840 0.210463
0.861572 0.256833
0.877419 0.322247
0.881470 0.429488
0.881984 0.405211
0.829848 0.000103
0.841488 0.020474
0.852019 0.035056
0.851969 0.062029
0.853973 0.104509
0.845587 0.091186
0.839252 0.157978
0.843519 0.174572
0.824654 0.171995
0.852490 0.222173
0.843921 0.260699
0.845764 0.242602
0.865298 0.368757
0.862218 0.334931
0.838296 0.000524
0.813069 0.000763
0.857654 0.021613
0.864339 0.055471
0.858263 0.080629
0.868288 0.109806
0.853488 0.122648
0.851579 0.142347
0.857725 0.160704
0.827917 0.243421
0.834733 0.224331
0.864746 0.299982
0.880568 0.300624
0.917777 0.439074
0.886828 0.438736
0.855545 0.000265
0.872027 0.021233
0.865991 0.039412
0.870105 0.072098
0.870734 0.091503
0.885624 0.101317
0.866309 0.130723
0.870926 0.153364
0.838217 0.191166
0.856739 0.194915
0.862324 0.238787
0.877287 0.260746
0.880695 0.351508
0.893678 0.335712
0.864116 0.000337
0.846897 0.000717
0.889724 0.019801
0.880534 0.033145
0.878500 0.050902
0.885914 0.070250
0.881672 0.118432
0.878810 0.139618
0.877026 0.172693
0.861181 0.179280
0.867043 0.208425
0.880950 0.239466
0.888754 0.284953
0.869909 0.277541
0.886726 0.368397
0.881423 0.000262
0.904971 0.023881
0.895027 0.036326
0.891393 0.056804
0.886758 0.085563
0.899214 0.114409
0.892913 0.131203
0.887252 0.158010
0.890450 0.184424
0.876403 0.193270
0.873875 0.223090
0.894055 0.260935
0.902088 0.297595
0.882768 0.458584
0.890092 0.000512
0.872849 0.000234
0.918356 0.020553
0.904628 0.050800
0.905479 0.070292
0.902951 0.084908
0.904747 0.100518
0.909575 0.129912
0.899733 0.147435
0.898388 0.170587
0.888531 0.206087
0.892245 0.223670
0.929535 0.331031
0.918380 0.407867
0.883691 0.465594
0.898751 0.000740
0.935227 0.021409
0.912883 0.039518
0.917875 0.060185
0.920680 0.080518
0.919934 0.097795
0.918450 0.117887
0.912063 0.161314
0.913177 0.182201
0.905566 0.214618
0.903955 0.195854
0.898061 0.240987
0.913556 0.318089
0.896879 0.316772
0.907384 0.000151
0.916082 0.000270
0.941515 0.040625
0.927259 0.033951
0.929967 0.050718
0.934564 0.092610
0.932167 0.113750
0.917041 0.146074
0.926269 0.167615
0.919961 0.206240
0.926762 0.222393
0.913642 0.232279
0.903414 0.277155
0.945018 0.438322
0.901521 0.405141
0.924966 0.000385
0.950669 0.021647
0.945016 0.060876
0.932569 0.069758
0.942980 0.126443
0.928494 0.134117
0.934372 0.153233
0.926330 0.193080
0.939509 0.212980
0.923003 0.246518
0.919392 0.274514
0.930374 0.306216
0.919658 0.291960
0.909983 0.335584
0.933782 0.000218
0.954817 0.036854
0.958938 0.053321
0.943887 0.081497
0.945870 0.104960
0.947079 0.144292
0.935325 0.178678
0.944217 0.196520
0.937276 0.236274
0.933300 0.260102
0.943001 0.321114
0.937510 0.282204
0.910095 0.256315
0.928225 0.356373
0.902812 0.383463
0.942625 0.000846
0.973035 0.058606
0.958454 0.071200
0.957955 0.112877
0.958629 0.131590
0.947965 0.165228
0.949905 0.224853
0.948707 0.270764
0.945398 0.300936
0.960474 0.311814
0.956573 0.335026
0.944698 0.344458
0.946770 0.365354
0.916876 0.428168
0.951664 0.001130
0.965784 0.021791
0.970987 0.037591
0.956870 0.089966
0.971187 0.140966
0.959464 0.153157
0.951685 0.182852
0.946754 0.251813
0.972083 0.260756
0.957449 0.281468
0.967541 0.290624
0.962767 0.367638
0.982976 0.379812
0.924106 0.392433
0.959196 0.393248
0.960664 0.000986
0.980831 0.024887
0.972012 0.079706
0.970863 0.120834
0.966335 0.192545
0.965368 0.231003
0.970717 0.215060
0.984532 0.329766
0.999626 0.360281
0.972784 0.342849
0.974792 0.315561
0.957327 0.463977
0.928113 0.375749
0.944102 0.477815
0.969575 0.000483
0.988601 0.000574
0.983755 0.045598
0.986964 0.129308
0.972340 0.161012
0.964866 0.174407
0.984764 0.270732
0.980166 0.245363
0.977914 0.360969
0.988242 0.423358
0.999882 0.401312
0.998900 0.467356
0.906016 0.468432
0.943216 0.403978
0.906407 0.454814
0.978606 0.000257
0.983898 0.069195
0.969567 0.099436
0.986617 0.149636
0.986088 0.171632
0.958106 0.207180
0.999406 0.291414
0.999337 0.333126
0.999861 0.263698
0.967655 0.454971
0.999622 0.346149
0.954915 0.443959
0.940797 0.467000
0.901505 0.352308
0.998988 0.000856
0.998844 0.036713
0.982731 0.091248
0.984212 0.110380
0.999025 0.105534
0.999959 0.189881
0.999505 0.141961
0.999436 0.154112
0.999980 0.374420
0.999658 0.277660
0.999076 0.387722
0.999316 0.419198
0.975779 0.460258
0.999026 0.238679
0.933573 0.424283
0.998697 0.001223
0.999734 0.048477
0.999598 0.071270
0.999914 0.094001
0.999103 0.117345
0.983232 0.204352
0.982405 0.296584
0.999821 0.317050
0.999921 0.250967
0.999141 0.201652
0.999953 0.304302
0.989794 0.441281
0.911693 0.366063
0.999807 0.440304
0.999718 0.015678
0.999274 0.026329
0.999801 0.059534
0.999968 0.082537
0.981764 0.186761
0.999536 0.129810
0.999724 0.213642
0.960222 0.248591
0.999569 0.226359
0.999338 0.165984
0.999970 0.178239
0.954745 0.418674
0.998891 0.473013
0.916004 0.475193
0.932072 0.476963
