0.000614 0.025233
0.000236 0.057696
0.000606 0.090782
0.000240 0.126158
0.000778 0.137266
0.000179 0.312226
0.001010 0.181362
0.000721 0.193343
0.000417 0.326058
0.000256 0.409104
0.046284 0.478316
0.000126 0.466133
0.006191 0.483722
0.047082 0.449995
0.001193 0.014150
0.000360 0.035355
0.000970 0.068410
0.014492 0.081378
0.023418 0.237679
0.001022 0.206127
0.000054 0.169585
0.000698 0.281331
0.000105 0.240613
0.000243 0.253807
0.000196 0.366056
0.000663 0.380211
0.027967 0.485672
0.027939 0.505511
0.061357 0.409225
0.000480 0.000234
0.000445 0.045655
0.001036 0.079144
0.000906 0.101902
0.000150 0.113007
0.000557 0.218123
0.000210 0.158555
0.000143 0.296007
0.000018 0.229147
0.000169 0.339712
0.000250 0.352577
0.004028 0.462794
0.000111 0.436941
0.059728 0.493073
0.000719 0.000740
0.016997 0.020222
0.012511 0.055114
0.011728 0.119771
0.019545 0.188752
0.038316 0.266137
0.025660 0.222728
0.000587 0.268002
0.019550 0.330651
0.013410 0.303835
0.021687 0.370081
0.000600 0.428886
0.000553 0.394039
0.012560 0.498209
0.067666 0.445814
0.011538 0.000704
0.028583 0.047598
0.016759 0.037393
0.015713 0.100471
0.000426 0.147841
0.018462 0.253567
0.041016 0.246246
0.019426 0.270355
0.023599 0.354414
0.041560 0.350949
0.018111 0.395901
0.049049 0.399247
0.014818 0.417706
0.069430 0.490764
0.031081 0.000586
0.021736 0.000742
0.036402 0.072950
0.022969 0.065923
0.017071 0.206132
0.019340 0.139677
0.034762 0.202273
0.041918 0.215864
0.035830 0.305377
0.033871 0.327292
0.046033 0.314109
0.037555 0.385217
0.052306 0.430886
0.023756 0.446638
0.082738 0.408099
0.040510 0.000252
0.035032 0.015956
0.028577 0.088740
0.028479 0.124091
0.018077 0.169109
0.033943 0.181390
0.047037 0.232116
0.060877 0.245441
0.023561 0.288110
0.040985 0.285864
0.032550 0.411842
0.034468 0.430581
0.045293 0.370858
0.041061 0.502056
0.049398 0.000697
0.031125 0.029769
0.042189 0.040358
0.039322 0.057716
0.030667 0.109149
0.041808 0.127869
0.022602 0.154080
0.048822 0.193548
0.061843 0.221533
0.053522 0.261959
0.052248 0.340538
0.060803 0.299904
0.065346 0.355129
0.093575 0.321547
0.070983 0.428227
0.058494 0.000529
0.048076 0.024899
0.053970 0.049784
0.041671 0.097828
0.050094 0.111747
0.037792 0.143856
0.037271 0.165117
0.051514 0.177056
0.078236 0.240418
0.058174 0.279723
0.073727 0.260783
0.076493 0.333981
0.031919 0.457364
0.076808 0.311674
0.067594 0.000291
0.076519 0.000861
0.060199 0.035451
0.053646 0.066671
0.046027 0.083284
0.058700 0.096496
0.055526 0.131404
0.049080 0.155653
0.060708 0.205698
0.076747 0.223197
0.089601 0.253927
0.062860 0.322849
0.091071 0.345549
0.076344 0.364624
0.081896 0.463337
0.085544 0.000320
0.061218 0.017787
0.073820 0.030283
0.067984 0.058892
0.063701 0.079738
0.066066 0.117930
0.062014 0.143098
0.064211 0.163217
0.065835 0.184402
0.088804 0.211790
0.073799 0.285052
0.094256 0.232694
0.087636 0.296715
0.097196 0.477572
0.094483 0.000252
0.112510 0.000328
0.080146 0.017732
0.074162 0.045483
0.076414 0.070003
0.074606 0.092994
0.075665 0.106771
0.075911 0.146129
0.079204 0.165120
0.076594 0.198171
0.095874 0.196876
0.087375 0.273280
0.118198 0.271794
0.080993 0.388938
0.089591 0.480045
0.103636 0.000752
0.093460 0.029111
0.088614 0.041822
0.089140 0.057672
0.086422 0.081141
0.091591 0.102798
0.079400 0.125462
0.089100 0.136936
0.093065 0.157077
0.083617 0.181040
0.104867 0.216188
0.104664 0.260881
0.102932 0.306584
0.061152 0.380940
0.121127 0.000949
0.147272 0.000783
0.101221 0.017084
0.103502 0.046202
0.097639 0.068919
0.099937 0.087614
0.095260 0.118707
0.104162 0.144046
0.098795 0.173718
0.111589 0.164594
0.110180 0.186270
0.110388 0.241803
0.123210 0.252807
0.111198 0.326012
0.103557 0.398126
0.129885 0.000732
0.111033 0.027206
0.116618 0.040274
0.111608 0.060685
0.112895 0.076032
0.108923 0.101121
0.109294 0.127765
0.119368 0.141834
0.125913 0.181480
0.116621 0.201572
0.117339 0.225606
0.103163 0.283816
0.135227 0.281040
0.126053 0.313744
0.138573 0.000882
0.181380 0.000478
0.124813 0.019881
0.127901 0.050557
0.121044 0.089008
0.115597 0.112666
0.128906 0.121657
0.124802 0.159786
0.135438 0.197427
0.139301 0.163537
0.130670 0.215674
0.132228 0.235443
0.125020 0.339869
0.104847 0.349369
0.090715 0.374932
0.155804 0.000731
0.130983 0.034101
0.127992 0.066352
0.134020 0.083650
0.131805 0.103690
0.144217 0.123655
0.133968 0.140659
0.155133 0.158212
0.143108 0.181979
0.147354 0.227508
0.146782 0.248685
0.117161 0.292961
0.109335 0.459347
0.089574 0.441017
0.164241 0.000893
0.142877 0.019836
0.143592 0.037976
0.143074 0.057702
0.148662 0.090974
0.147719 0.106138
0.148720 0.141906
0.170719 0.153342
0.156975 0.177181
0.148692 0.205940
0.162168 0.215351
0.138370 0.264282
0.135884 0.301268
0.109074 0.366676
0.112618 0.450619
0.172905 0.000622
0.156032 0.044846
0.145293 0.073904
0.164249 0.075069
0.164976 0.090397
0.160035 0.118121
0.173671 0.170138
0.189265 0.157652
0.164505 0.192953
0.162306 0.239490
0.156471 0.268303
0.152198 0.288912
0.150772 0.310936
0.120724 0.418714
0.189840 0.000580
0.155988 0.025276
0.168658 0.038996
0.158385 0.061072
0.181180 0.091587
0.169348 0.105978
0.163719 0.135438
0.201037 0.142558
0.181494 0.184384
0.192101 0.233816
0.190015 0.213536
0.140245 0.330718
0.173007 0.298189
0.130617 0.375375
0.132962 0.414794
0.198329 0.000349
0.169780 0.021455
0.184083 0.038982
0.179862 0.073431
0.186935 0.107595
0.177281 0.124315
0.182911 0.141012
0.210797 0.155606
0.176407 0.205839
0.174217 0.228522
0.168398 0.257871
0.165889 0.314823
0.117314 0.389018
0.095274 0.418820
0.206791 0.001065
0.256953 0.001018
0.183477 0.024429
0.174257 0.057072
0.197090 0.089144
0.203648 0.105104
0.193322 0.124442
0.208206 0.124013
0.234155 0.145837
0.197560 0.170920
0.183061 0.271443
0.184171 0.249580
0.169969 0.282201
0.147260 0.349330
0.127726 0.358122
0.215167 0.000915
0.198397 0.022468
0.201539 0.038195
0.195343 0.071361
0.210017 0.081864
0.217531 0.101919
0.223947 0.119841
0.219818 0.138698
0.222994 0.164339
0.214001 0.180732
0.206948 0.244872
0.198472 0.287925
0.183950 0.326259
0.110443 0.436347
0.223445 0.000838
0.289941 0.000161
0.212599 0.025220
0.189035 0.055046
0.215497 0.065535
0.228114 0.089893
0.234967 0.106100
0.250753 0.108024
0.238632 0.125990
0.290698 0.129718
0.238460 0.169983
0.195585 0.190694
0.211790 0.279236
0.226473 0.244588
0.159180 0.336015
0.231796 0.000306
0.225932 0.025595
0.217683 0.044252
0.204232 0.055403
0.243649 0.078252
0.251380 0.091346
0.266686 0.091195
0.261712 0.119478
0.251780 0.135545
0.256673 0.174941
0.206443 0.223018
0.243642 0.191034
0.132611 0.405726
0.179350 0.346506
0.240209 0.000435
0.314653 0.000928
0.232696 0.041028
0.231912 0.057413
0.228440 0.074223
0.265841 0.071933
0.300541 0.084035
0.272933 0.106146
0.271804 0.132989
0.315272 0.111233
0.248926 0.155070
0.227978 0.188088
0.206622 0.201657
0.151125 0.376392
0.191817 0.303380
0.248594 0.000670
0.240386 0.022423
0.249649 0.051515
0.251700 0.065229
0.273653 0.056242
0.280316 0.071330
0.316437 0.093244
0.287551 0.113836
0.334229 0.106265
0.308771 0.125307
0.221201 0.206629
0.259207 0.204014
0.151759 0.384735
0.201193 0.261598
0.265258 0.000188
0.339348 0.000674
0.249153 0.035261
0.265663 0.043271
0.294300 0.051353
0.295918 0.067085
0.316720 0.072795
0.284317 0.089124
0.297879 0.101421
0.338339 0.124069
0.324730 0.132987
0.273124 0.185394
0.321421 0.156734
0.244654 0.278967
0.291387 0.164491
0.273509 0.000291
0.259364 0.023455
0.272525 0.027455
0.322273 0.046656
0.311155 0.058913
0.331074 0.070824
0.378453 0.094908
0.333283 0.090588
0.354953 0.092338
0.352214 0.109727
0.264937 0.151730
0.217788 0.304798
0.361105 0.198312
0.177472 0.356116
0.281681 0.001032
0.363953 0.000451
0.308962 0.038928
0.284475 0.039812
0.341418 0.038294
0.356134 0.063828
0.346728 0.077639
0.402786 0.074281
0.410617 0.090208
0.371366 0.111249
0.356938 0.132423
0.340715 0.146838
0.304350 0.146207
0.286664 0.146975
0.225891 0.291013
0.298137 0.001014
0.287056 0.024178
0.329546 0.029495
0.369098 0.042370
0.337415 0.055308
0.371995 0.065193
0.369191 0.082108
0.394471 0.102786
0.409513 0.113707
0.372075 0.128959
0.389082 0.142430
0.439163 0.155286
0.166547 0.360464
0.239175 0.258615
0.306363 0.000133
0.301212 0.027541
0.361107 0.026798
0.354268 0.047079
0.392865 0.062356
0.468221 0.058924
0.432470 0.077143
0.388804 0.081401
0.449936 0.071717
0.409701 0.132380
0.482692 0.125317
0.449277 0.124223
0.403713 0.152152
0.342695 0.160074
0.274971 0.167794
0.322927 0.001092
0.316164 0.022725
0.375186 0.028161
0.388091 0.025123
0.415670 0.039444
0.412063 0.053284
0.464539 0.076802
0.478441 0.088223
0.441891 0.111622
0.389762 0.121119
0.425389 0.115064
0.384505 0.159320
0.202508 0.316807
0.224618 0.226291
0.331131 0.000333
0.404651 0.000180
0.344986 0.023272
0.402955 0.027481
0.382170 0.049952
0.433148 0.058612
0.420011 0.068828
0.445212 0.090937
0.424854 0.094179
0.464686 0.114385
0.497923 0.107228
0.313475 0.166738
0.362477 0.168750
0.220065 0.263255
0.236439 0.293194
0.347700 0.000566
0.433594 0.028393
0.396685 0.043531
0.453641 0.054853
0.495238 0.059201
0.514531 0.079246
0.480838 0.104492
0.460637 0.095432
0.458058 0.153151
0.363912 0.150435
0.429968 0.135025
0.476494 0.146899
0.257269 0.220035
0.198379 0.328002
0.355852 0.000646
0.412837 0.000509
0.477702 0.000846
0.464436 0.024947
0.417634 0.023680
0.521776 0.054041
0.484272 0.071634
0.507244 0.064727
0.513052 0.114374
0.495840 0.085533
0.352468 0.188551
0.501533 0.150484
0.294308 0.187435
0.328662 0.179613
0.522779 0.155978
0.372009 0.000205
0.461568 0.000849
0.448010 0.026059
0.434270 0.043554
0.564303 0.086647
0.580161 0.097684
0.532025 0.087543
0.534742 0.103820
0.501739 0.128285
0.307286 0.192593
0.240507 0.215164
0.271792 0.254061
0.260094 0.265184
0.376579 0.182472
0.380159 0.000379
0.453412 0.000108
0.485732 0.000559
0.509246 0.024988
0.560043 0.037165
0.629535 0.126482
0.580393 0.122722
0.565634 0.108735
0.708645 0.206760
0.279455 0.234877
0.347039 0.205390
0.984034 0.226741
0.618649 0.215663
0.262087 0.239319
0.273101 0.201149
0.421083 0.000211
0.469638 0.000093
0.661507 0.034304
0.481658 0.050876
0.472179 0.038540
0.590816 0.141751
0.542489 0.119101
0.512798 0.094724
0.558413 0.157390
0.462946 0.138982
0.384745 0.197286
0.302400 0.214625
0.331096 0.201477
0.243801 0.235625
0.396469 0.000230
0.437265 0.001017
0.509874 0.000591
0.479943 0.025834
0.695035 0.155945
0.539906 0.053964
0.767681 0.290985
0.529080 0.127880
0.404772 0.170591
0.519382 0.143327
0.981283 0.400306
0.792272 0.298137
0.772158 0.318447
0.320727 0.205836
0.260806 0.273186
0.534099 0.000134
0.501842 0.000460
0.429216 0.000638
0.062169 0.472837
0.511513 0.043589
0.544213 0.077047
0.423874 0.155248
0.714466 0.229392
0.608057 0.204756
0.456539 0.193841
0.947819 0.385999
0.628300 0.233236
0.410340 0.189721
0.476289 0.189610
0.598709 0.000189
0.550174 0.000618
0.388320 0.000849
0.493792 0.000359
0.575146 0.021377
0.495423 0.040701
0.528727 0.067457
0.612410 0.119539
0.566908 0.187525
0.514006 0.199353
0.465629 0.175600
0.394150 0.195328
0.575052 0.224298
0.421103 0.182390
0.532605 0.204555
0.590754 0.000442
0.517998 0.000370
0.445312 0.000508
0.522219 0.028029
0.453363 0.040617
0.972862 0.416068
0.289754 0.232288
0.444212 0.193719
0.493663 0.199443
0.607539 0.244037
0.297176 0.221272
0.487218 0.204128
0.602005 0.245885
0.627674 0.182566
0.615079 0.000380
0.566126 0.000766
0.536358 0.020920
0.525905 0.000512
0.531503 0.039086
0.545984 0.034151
0.554186 0.052785
0.552331 0.098696
0.593051 0.114756
0.548642 0.141215
0.573219 0.165647
0.488609 0.156439
0.585575 0.193096
0.524381 0.191799
0.677270 0.231608
0.631806 0.000984
0.542159 0.000949
0.589285 0.024871
0.558132 0.021631
0.495043 0.026497
0.556887 0.069341
0.596637 0.093342
0.612123 0.102631
0.633081 0.108864
0.559867 0.129362
0.440664 0.183560
0.611718 0.182441
0.602397 0.230362
0.585358 0.212078
0.639750 0.000365
0.558075 0.000001
0.623770 0.020417
0.618661 0.036226
0.604383 0.035026
0.584449 0.079045
0.615421 0.083490
0.648711 0.102589
0.644563 0.139700
0.573810 0.146331
0.639377 0.192540
0.663829 0.211419
0.549168 0.188988
0.617539 0.160511
0.549607 0.209256
0.655961 0.000195
0.650819 0.021279
0.636547 0.027479
0.605102 0.020961
0.574875 0.037702
0.573046 0.052286
0.572848 0.067622
0.602639 0.073950
0.649080 0.119841
0.625303 0.145003
0.664817 0.194557
0.600963 0.157793
0.592404 0.174700
0.512004 0.171989
0.664191 0.000903
0.574416 0.000074
0.670272 0.021400
0.589198 0.042854
0.634435 0.044613
0.622720 0.053130
0.591168 0.062535
0.616757 0.065597
0.630850 0.093293
0.661508 0.137690
0.653434 0.157414
0.636432 0.166331
0.764519 0.321082
0.687971 0.242790
0.750318 0.304913
0.680688 0.000362
0.582618 0.000095
0.606855 0.001178
0.648332 0.040155
0.603111 0.050269
0.653816 0.073673
0.633969 0.077320
0.670036 0.121668
0.691875 0.132289
0.667034 0.159657
0.607334 0.134362
0.688596 0.217970
0.647122 0.218877
0.563750 0.213526
0.688849 0.000636
0.623465 0.000695
0.689144 0.022498
0.689507 0.049889
0.655725 0.056167
0.638557 0.062739
0.653181 0.087517
0.666489 0.106566
0.705215 0.121026
0.724570 0.135276
0.661766 0.174796
0.715670 0.157265
0.681844 0.178007
0.722035 0.211333
0.793216 0.334497
0.705312 0.000375
0.699243 0.037975
0.702755 0.068027
0.680342 0.034534
0.670681 0.047883
0.670379 0.064716
0.671432 0.081144
0.688045 0.114261
0.723019 0.174400
0.707241 0.142315
0.726613 0.195650
0.706587 0.247126
0.537243 0.171322
0.735069 0.276947
0.713520 0.001276
0.647835 0.000723
0.705038 0.022383
0.709405 0.053251
0.686817 0.065024
0.690226 0.081545
0.676707 0.096176
0.708335 0.101240
0.719121 0.115326
0.741925 0.178222
0.676777 0.141239
0.731674 0.237091
0.682738 0.201427
0.697492 0.192922
0.736552 0.252482
0.721645 0.000188
0.721496 0.022683
0.715531 0.037718
0.727561 0.052515
0.719401 0.069297
0.693410 0.098792
0.725006 0.095460
0.740401 0.132101
0.731624 0.152516
0.706239 0.176584
0.806949 0.305151
0.760511 0.300157
0.726916 0.261248
0.639080 0.224007
0.738112 0.000621
0.672461 0.000470
0.737185 0.022338
0.732273 0.037054
0.746798 0.051419
0.737988 0.066237
0.709276 0.084496
0.732162 0.113739
0.746054 0.160916
0.748394 0.194465
0.781953 0.236059
0.784085 0.215398
0.758786 0.264354
0.736306 0.282750
0.833956 0.362951
0.746371 0.000235
0.753080 0.021111
0.749394 0.035959
0.766506 0.054530
0.754770 0.066710
0.731034 0.080673
0.741671 0.097062
0.762354 0.156498
0.759751 0.175079
0.758241 0.211025
0.742601 0.212444
0.699826 0.232708
0.807772 0.285022
0.786346 0.338218
0.754793 0.000747
0.697061 0.000142
0.768324 0.023146
0.764675 0.038941
0.778563 0.064514
0.751393 0.083151
0.758557 0.099696
0.747825 0.117919
0.753878 0.141776
0.773417 0.184684
0.766298 0.226781
0.800815 0.259040
0.753097 0.239774
0.854595 0.400373
0.820432 0.360904
0.763125 0.000187
0.781724 0.022524
0.780133 0.040762
0.789976 0.053085
0.767748 0.078565
0.774491 0.096601
0.763022 0.116594
0.776964 0.163657
0.770794 0.203974
0.813136 0.249052
0.774605 0.271425
0.784281 0.254959
0.873178 0.422117
0.827867 0.342630
0.771299 0.000723
0.729830 0.000802
0.796750 0.020653
0.805140 0.058448
0.785031 0.081314
0.787921 0.104505
0.779013 0.119677
0.768125 0.135809
0.789430 0.194816
0.764779 0.248820
0.816580 0.228391
0.812851 0.274380
0.825109 0.297543
0.848102 0.373738
0.820023 0.324750
0.787912 0.000994
0.811267 0.025367
0.795014 0.035505
0.797564 0.072571
0.800713 0.091978
0.795827 0.127215
0.783764 0.140292
0.791594 0.155838
0.800695 0.219153
0.833631 0.283673
0.844447 0.299353
0.785152 0.278068
0.839880 0.314930
0.803131 0.319880
0.796398 0.000682
0.823718 0.020732
0.808483 0.041223
0.821126 0.058329
0.816572 0.094590
0.804003 0.112769
0.818704 0.131254
0.805471 0.143281
0.790730 0.177066
0.808440 0.183620
0.798791 0.237010
0.828550 0.264410
0.855814 0.354072
0.886409 0.390142
0.857782 0.385895
0.804791 0.000235
0.843831 0.046070
0.835065 0.059477
0.814114 0.074323
0.834633 0.102766
0.820253 0.112678
0.834893 0.139139
0.806819 0.165600
0.842816 0.208686
0.854636 0.281018
0.855322 0.321654
0.845025 0.337788
0.858903 0.408654
0.809497 0.349208
0.821458 0.000645
0.779582 0.000736
0.833909 0.033069
0.823455 0.041979
0.841373 0.074241
0.827981 0.081599
0.836779 0.121058
0.821390 0.152954
0.821802 0.193149
0.804491 0.203657
0.822746 0.211131
0.861628 0.257588
0.877427 0.322659
0.881696 0.430376
0.882419 0.405959
0.829862 0.001229
0.841385 0.020437
0.852145 0.034956
0.852109 0.062084
0.854021 0.104495
0.845756 0.091097
0.839156 0.158272
0.843271 0.174916
0.824541 0.172415
0.852483 0.222902
0.844057 0.261552
0.845646 0.243471
0.865641 0.369376
0.862380 0.335331
0.838330 0.000210
0.813080 0.000502
0.857712 0.021642
0.864474 0.055402
0.858510 0.080413
0.868392 0.109616
0.853569 0.122774
0.851641 0.142559
0.857669 0.161133
0.827817 0.244316
0.834516 0.225104
0.865184 0.300577
0.880534 0.301193
0.918521 0.439797
0.886958 0.439518
0.855559 0.000742
0.872002 0.021266
0.866060 0.039294
0.870287 0.071861
0.870827 0.091570
0.885951 0.101390
0.866456 0.130783
0.870957 0.153585
0.838176 0.191849
0.856639 0.195505
0.862349 0.239760
0.877590 0.261643
0.880967 0.352051
0.893933 0.336391
0.864136 0.000675
0.846931 0.000473
0.889478 0.019667
0.880721 0.033206
0.878574 0.050713
0.885993 0.070288
0.881734 0.118447
0.878951 0.139789
0.877112 0.173190
0.861113 0.179666
0.867149 0.208989
0.881150 0.240373
0.888834 0.285791
0.869974 0.278091
0.887101 0.369226
0.881428 0.000819
0.904674 0.023742
0.895000 0.036376
0.891161 0.056630
0.886672 0.085352
0.899435 0.114314
0.893163 0.131181
0.887559 0.158403
0.890827 0.185182
0.876622 0.193804
0.873756 0.223901
0.894399 0.261648
0.902207 0.298242
0.883007 0.459101
0.890126 0.001018
0.872852 0.000726
0.918262 0.020448
0.904819 0.050766
0.905437 0.070256
0.902979 0.084706
0.904779 0.100363
0.910009 0.130140
0.900036 0.147469
0.898734 0.170890
0.888764 0.207054
0.892495 0.224663
0.929517 0.331850
0.918708 0.408335
0.883770 0.465718
0.898789 0.000514
0.935090 0.021292
0.912799 0.039400
0.917630 0.060207
0.920681 0.080405
0.919947 0.097687
0.918679 0.117553
0.912446 0.161740
0.913614 0.182859
0.905951 0.215379
0.904382 0.196702
0.898304 0.241997
0.913815 0.318652
0.896997 0.317166
0.907405 0.000051
0.916113 0.000529
0.941388 0.040579
0.927042 0.033998
0.929817 0.050616
0.934791 0.092743
0.932444 0.113884
0.917428 0.146436
0.926879 0.167964
0.920503 0.207133
0.927495 0.223187
0.913852 0.233065
0.903801 0.277992
0.944568 0.438625
0.901779 0.405846
0.925007 0.000169
0.950465 0.021734
0.944838 0.060878
0.932511 0.069688
0.943308 0.126601
0.928586 0.134394
0.934690 0.153503
0.926857 0.193642
0.939923 0.213632
0.923159 0.247117
0.919573 0.275520
0.930397 0.306689
0.919805 0.292610
0.910172 0.336397
0.933820 0.000348
0.954686 0.036980
0.958881 0.053450
0.944054 0.081339
0.946025 0.104982
0.947305 0.144658
0.935812 0.179459
0.944646 0.197028
0.937819 0.236965
0.933556 0.260946
0.943677 0.321845
0.938010 0.282659
0.910448 0.256845
0.928305 0.356975
0.903113 0.384295
0.942682 0.000732
0.973072 0.058646
0.958492 0.071318
0.958140 0.113237
0.958951 0.131900
0.948324 0.165578
0.950400 0.225693
0.948994 0.271281
0.945737 0.301462
0.960553 0.312406
0.956663 0.335192
0.945240 0.345043
0.947117 0.366132
0.917138 0.428703
0.951718 0.001019
0.965714 0.021940
0.970863 0.037575
0.956933 0.090250
0.971325 0.141664
0.959887 0.153634
0.952130 0.183465
0.947051 0.252105
0.972304 0.261080
0.957858 0.281887
0.967643 0.290714
0.963017 0.368366
0.982939 0.380394
0.924366 0.393465
0.959478 0.393932
0.960705 0.000873
0.980800 0.025095
0.971992 0.079866
0.970945 0.121184
0.966736 0.193300
0.965463 0.231571
0.970912 0.215459
0.984404 0.329944
0.999962 0.359949
0.972740 0.343340
0.974982 0.315796
0.957470 0.466272
0.928282 0.376666
0.944608 0.479370
0.969583 0.000251
0.988530 0.000783
0.983535 0.045928
0.987316 0.129769
0.972320 0.161757
0.964969 0.174955
0.984814 0.271136
0.980450 0.245774
0.977785 0.361282
0.988002 0.423844
0.999805 0.401277
0.998957 0.467857
0.905943 0.468934
0.943582 0.405033
0.906506 0.455449
0.978589 0.001116
0.983903 0.069525
0.969594 0.099791
0.987014 0.150051
0.986409 0.172191
0.958528 0.207937
0.999852 0.291272
0.999431 0.333121
0.999956 0.263712
0.967465 0.455779
0.999840 0.346185
0.954908 0.444329
0.941151 0.467878
0.901802 0.352850
0.999647 0.000529
0.998968 0.036722
0.982938 0.091497
0.984421 0.110709
0.999292 0.105431
0.999046 0.189923
0.999803 0.141885
0.999382 0.154070
0.999677 0.374319
0.999519 0.277671
0.999168 0.387727
0.999628 0.419104
0.976103 0.460957
0.999187 0.238763
0.934392 0.425051
0.999090 0.001451
0.999095 0.048428
0.999029 0.071220
0.999015 0.093955
0.999249 0.117246
0.983671 0.204854
0.982483 0.296865
0.999247 0.317024
0.998978 0.251003
0.999331 0.201708
0.999601 0.304291
0.990487 0.442251
0.911808 0.366426
0.999006 0.440508
0.999817 0.015756
0.999958 0.026417
0.999502 0.059511
0.999012 0.082514
0.982042 0.187147
0.998971 0.129736
0.999946 0.213706
0.960333 0.249162
0.999726 0.226442
0.999613 0.165933
0.998653 0.178262
0.955055 0.419081
0.998595 0.472253
0.916769 0.475813
0.932389 0.478029
