0.000524 0.025205
0.000886 0.057682
0.001040 0.090685
0.000239 0.126250
0.000578 0.137291
0.000297 0.312236
0.000858 0.181581
0.000428 0.193394
0.000407 0.325820
0.000252 0.408646
0.046781 0.481933
0.000529 0.466510
0.007786 0.486273
0.046911 0.453788
0.000692 0.014285
0.000730 0.035268
0.000262 0.068512
0.015274 0.081175
0.022953 0.239359
0.000109 0.206086
0.000196 0.169904
0.000056 0.281501
0.000443 0.240779
0.000591 0.254000
0.000402 0.365919
0.000313 0.379842
0.028086 0.489782
0.027353 0.509036
0.061714 0.412176
0.000876 0.000572
0.000837 0.045560
0.000221 0.079178
0.000771 0.101778
0.000395 0.113016
0.000476 0.218239
0.000439 0.158681
0.000193 0.295861
0.000192 0.229303
0.000369 0.339523
0.000311 0.352461
0.004392 0.462420
0.000990 0.436899
0.059326 0.496627
0.000619 0.000764
0.017644 0.020277
0.012769 0.055556
0.012098 0.119529
0.020202 0.190998
0.039101 0.267435
0.025442 0.224593
0.001158 0.268209
0.020363 0.331903
0.014360 0.305636
0.022180 0.372050
0.000255 0.427483
0.000211 0.393801
0.012273 0.500265
0.067648 0.448475
0.011538 0.000569
0.028944 0.047729
0.016702 0.037600
0.016632 0.100758
0.000065 0.147923
0.019489 0.254640
0.040944 0.248158
0.020723 0.271914
0.023218 0.356004
0.040926 0.353384
0.018612 0.397408
0.048896 0.401988
0.013968 0.419997
0.068007 0.494211
0.031070 0.000069
0.021741 0.000674
0.036900 0.073683
0.024053 0.066268
0.017765 0.208097
0.019147 0.139955
0.035284 0.203538
0.041791 0.217987
0.035684 0.306444
0.034399 0.329468
0.046418 0.315834
0.038222 0.388235
0.053085 0.433715
0.024147 0.449066
0.081993 0.411019
0.040493 0.000499
0.035698 0.016044
0.029062 0.089582
0.028942 0.125499
0.017830 0.171058
0.034419 0.182388
0.047265 0.233510
0.061570 0.247239
0.023283 0.289029
0.040773 0.287894
0.032587 0.414945
0.034711 0.433231
0.045418 0.373813
0.039710 0.505013
0.049385 0.000623
0.031355 0.029932
0.042813 0.040199
0.039391 0.058247
0.031336 0.109539
0.042523 0.129215
0.023027 0.155116
0.049406 0.195687
0.061914 0.223959
0.053947 0.263411
0.052017 0.343050
0.060661 0.301663
0.064950 0.357565
0.093752 0.324528
0.070731 0.431624
0.058443 0.000688
0.049274 0.025338
0.055100 0.050229
0.042123 0.098976
0.050376 0.112821
0.037591 0.144631
0.036177 0.165917
0.051611 0.177935
0.078913 0.242751
0.058673 0.282019
0.074148 0.263283
0.077151 0.336208
0.032210 0.459935
0.077053 0.314174
0.067539 0.001110
0.076498 0.000481
0.060668 0.036245
0.053812 0.067412
0.047082 0.083911
0.058941 0.097579
0.056567 0.132787
0.049056 0.157423
0.060561 0.207032
0.076921 0.224915
0.090190 0.256156
0.063590 0.325305
0.091105 0.348469
0.076395 0.367993
0.082500 0.466751
0.085558 0.000099
0.061993 0.018584
0.075171 0.030603
0.068485 0.059717
0.064256 0.080595
0.066244 0.119303
0.062811 0.145262
0.063730 0.164795
0.065864 0.186369
0.088915 0.213352
0.074042 0.287334
0.094393 0.234194
0.088377 0.298084
0.096946 0.480878
0.094488 0.000371
0.112565 0.001029
0.080727 0.018027
0.074728 0.046395
0.077071 0.071331
0.074898 0.093727
0.076320 0.108184
0.076686 0.147789
0.078888 0.167213
0.076631 0.200067
0.096228 0.198659
0.087937 0.275695
0.119139 0.274337
0.081022 0.391626
0.089837 0.482446
0.103668 0.000661
0.094855 0.029666
0.089100 0.042391
0.089255 0.058638
0.086731 0.081938
0.091212 0.102801
0.079459 0.127044
0.089227 0.138346
0.093163 0.158586
0.083767 0.182797
0.104790 0.218528
0.105656 0.263106
0.103717 0.309952
0.061089 0.383792
0.121181 0.000007
0.147330 0.000720
0.102154 0.017465
0.103920 0.046797
0.098466 0.069638
0.100878 0.088452
0.095159 0.119500
0.104486 0.145122
0.098790 0.175787
0.111598 0.165719
0.110340 0.187527
0.110909 0.243929
0.123821 0.254587
0.111935 0.327445
0.102990 0.400945
0.129918 0.000284
0.112156 0.027991
0.117349 0.041556
0.112236 0.061186
0.113629 0.076806
0.108928 0.102725
0.109393 0.129035
0.119565 0.142935
0.126278 0.182963
0.117265 0.203126
0.117730 0.227268
0.103759 0.285932
0.136467 0.283568
0.126181 0.315863
0.138599 0.000159
0.181437 0.000776
0.125907 0.020324
0.128904 0.051124
0.120920 0.089742
0.115578 0.113759
0.128817 0.122668
0.124960 0.161123
0.135884 0.198765
0.139098 0.164453
0.131081 0.217226
0.132711 0.237962
0.126002 0.341816
0.104671 0.352071
0.090526 0.378655
0.155897 0.000985
0.131616 0.034259
0.128901 0.066859
0.134782 0.084033
0.131867 0.104720
0.144328 0.125031
0.134569 0.141649
0.155469 0.159974
0.143415 0.182968
0.147976 0.229631
0.147137 0.250609
0.117639 0.294860
0.109682 0.461972
0.089657 0.444864
0.164320 0.000748
0.143693 0.020320
0.144712 0.038479
0.144147 0.057601
0.148767 0.092244
0.147867 0.107304
0.149578 0.142980
0.171116 0.154635
0.157559 0.179165
0.149066 0.208118
0.162845 0.217153
0.138854 0.266713
0.136752 0.303818
0.109144 0.368939
0.113879 0.453741
0.172929 0.000570
0.157635 0.045150
0.145910 0.074755
0.164945 0.075746
0.165513 0.090868
0.160485 0.119438
0.174459 0.171169
0.190430 0.159242
0.164825 0.194825
0.163441 0.241729
0.157894 0.270361
0.153503 0.291151
0.152627 0.313312
0.121028 0.422283
0.189903 0.000740
0.156973 0.025151
0.170285 0.038659
0.159107 0.061838
0.181605 0.092364
0.169581 0.106445
0.164421 0.136883
0.201768 0.144017
0.181550 0.186017
0.193022 0.236570
0.190867 0.216026
0.140598 0.332493
0.175062 0.300210
0.130487 0.377558
0.132422 0.416142
0.198395 0.000123
0.170642 0.022020
0.185738 0.039044
0.181210 0.073607
0.187202 0.108639
0.177834 0.125373
0.183551 0.142360
0.211488 0.157405
0.177618 0.207403
0.175245 0.230384
0.169848 0.260187
0.166801 0.317214
0.117076 0.392290
0.094950 0.422084
0.206858 0.000799
0.256979 0.000410
0.184770 0.023705
0.174965 0.057381
0.197850 0.090460
0.203894 0.106546
0.193938 0.125925
0.209064 0.125035
0.234812 0.147285
0.198287 0.172752
0.184703 0.273430
0.185868 0.252067
0.171255 0.284740
0.148211 0.351531
0.127808 0.360705
0.215203 0.000052
0.199647 0.022818
0.202780 0.038578
0.196568 0.072103
0.210821 0.082626
0.218247 0.102652
0.224611 0.121124
0.220061 0.140231
0.223962 0.165528
0.214790 0.182763
0.209114 0.246860
0.199834 0.289983
0.185961 0.327824
0.110025 0.439562
0.223484 0.000356
0.289955 0.000243
0.213785 0.025566
0.189909 0.055428
0.216154 0.065705
0.228823 0.090573
0.235458 0.107663
0.250973 0.109721
0.239198 0.127684
0.290509 0.131504
0.239756 0.172117
0.196458 0.192016
0.215254 0.280536
0.228087 0.246624
0.160017 0.337801
0.231812 0.000263
0.227262 0.025662
0.219210 0.044470
0.205311 0.055368
0.244054 0.079159
0.251379 0.092479
0.267618 0.091710
0.262245 0.121110
0.252736 0.137139
0.256430 0.177632
0.208364 0.225183
0.244137 0.192692
0.132374 0.408229
0.181926 0.347195
0.240220 0.000621
0.314692 0.000838
0.234441 0.041308
0.232594 0.058156
0.228952 0.075002
0.266503 0.073202
0.300861 0.084645
0.273530 0.107319
0.272527 0.134837
0.315532 0.112455
0.249282 0.156969
0.228661 0.189890
0.207297 0.203690
0.152049 0.378041
0.193874 0.305529
0.248625 0.000904
0.241713 0.022622
0.250492 0.052336
0.252492 0.066336
0.274346 0.056451
0.280929 0.071860
0.316998 0.094376
0.287789 0.115275
0.335094 0.107273
0.309757 0.126545
0.221884 0.208727
0.260753 0.206610
0.151633 0.386686
0.202811 0.263347
0.265270 0.001010
0.339364 0.000172
0.250248 0.036014
0.266636 0.043443
0.294728 0.052087
0.296898 0.067700
0.317571 0.073937
0.284794 0.089862
0.298740 0.103071
0.338729 0.125703
0.324763 0.134623
0.275085 0.187808
0.321245 0.158522
0.248312 0.280797
0.291623 0.166091
0.273525 0.000482
0.260130 0.023638
0.273411 0.027579
0.323572 0.047084
0.312011 0.059110
0.331779 0.071810
0.378350 0.096045
0.334271 0.091418
0.355395 0.093437
0.352311 0.111377
0.265636 0.152969
0.220208 0.305401
0.359273 0.200997
0.177669 0.357542
0.281701 0.000660
0.363932 0.001101
0.309287 0.039167
0.284736 0.039888
0.341349 0.039366
0.357875 0.065257
0.346930 0.078348
0.403456 0.075637
0.410488 0.092012
0.371289 0.113122
0.357045 0.134520
0.341151 0.148688
0.304272 0.147633
0.287299 0.149443
0.228575 0.292187
0.298171 0.000816
0.288342 0.023786
0.330306 0.028938
0.369917 0.043107
0.338005 0.055862
0.372364 0.065805
0.369977 0.083469
0.394410 0.103698
0.409233 0.115332
0.372909 0.130324
0.388778 0.143311
0.437992 0.155275
0.166769 0.361380
0.241926 0.260802
0.306379 0.000899
0.302182 0.028201
0.361064 0.026750
0.354271 0.047798
0.392962 0.063357
0.467295 0.059674
0.432128 0.078576
0.389169 0.082346
0.449113 0.072349
0.410055 0.133338
0.482117 0.125586
0.448119 0.125418
0.403361 0.153028
0.343126 0.162117
0.274951 0.169947
0.323044 0.000024
0.317054 0.023081
0.375543 0.028144
0.388413 0.025975
0.415953 0.040720
0.411734 0.054197
0.464006 0.078462
0.477897 0.089571
0.441849 0.112747
0.389476 0.121884
0.424197 0.115972
0.383862 0.159469
0.204296 0.317963
0.225950 0.228458
0.331163 0.000801
0.404628 0.000841
0.346390 0.023946
0.403320 0.027710
0.382446 0.051016
0.432538 0.059683
0.419631 0.070532
0.444017 0.092244
0.425436 0.095822
0.464352 0.114868
0.496280 0.107424
0.313863 0.168507
0.362153 0.169119
0.222231 0.265147
0.238976 0.294816
0.347667 0.000033
0.433251 0.028743
0.396626 0.043927
0.453414 0.055652
0.494664 0.060529
0.513214 0.079880
0.479923 0.105063
0.459924 0.096330
0.457216 0.153280
0.364042 0.151697
0.428888 0.135590
0.474873 0.146953
0.259349 0.222658
0.201035 0.328451
0.355812 0.000228
0.412842 0.000386
0.477641 0.000966
0.464159 0.024786
0.418045 0.024227
0.520005 0.055088
0.482273 0.072813
0.505507 0.065906
0.512621 0.114408
0.494750 0.086279
0.352441 0.190250
0.499921 0.149922
0.294044 0.188673
0.328239 0.180763
0.520592 0.154937
0.372027 0.000911
0.461428 0.000305
0.447435 0.026006
0.434072 0.044178
0.563822 0.087920
0.579498 0.098825
0.531024 0.088245
0.533108 0.104310
0.500537 0.127866
0.307766 0.194147
0.241179 0.217256
0.275862 0.256552
0.263030 0.267658
0.375761 0.183432
0.380171 0.000588
0.453306 0.000263
0.485685 0.000320
0.507334 0.025392
0.558619 0.038303
0.629433 0.126091
0.579749 0.123056
0.565599 0.108666
0.708306 0.205502
0.281198 0.238678
0.346882 0.206661
0.984957 0.228820
0.618794 0.215703
0.263443 0.241798
0.273839 0.202892
0.421077 0.000476
0.469551 0.000491
0.661098 0.036214
0.480970 0.052200
0.470729 0.039568
0.590471 0.141488
0.541487 0.118757
0.512146 0.096473
0.558225 0.155732
0.460649 0.139380
0.384184 0.197575
0.303768 0.216588
0.329294 0.203945
0.246812 0.238147
0.396458 0.000938
0.437230 0.000163
0.509742 0.000668
0.478271 0.025975
0.695093 0.156699
0.538773 0.055779
0.767152 0.291151
0.528178 0.127349
0.404539 0.170606
0.518134 0.142377
0.981820 0.401528
0.792613 0.298688
0.771969 0.319021
0.321139 0.209013
0.265336 0.275300
0.533978 0.000277
0.501709 0.000301
0.429219 0.000438
0.062133 0.476015
0.510113 0.044454
0.542483 0.078785
0.423474 0.155180
0.713271 0.231416
0.607468 0.203965
0.454596 0.194266
0.948418 0.386678
0.628255 0.232057
0.410124 0.189804
0.473858 0.190070
0.598713 0.000303
0.550045 0.000202
0.388297 0.000233
0.493734 0.000131
0.573304 0.023674
0.494130 0.040518
0.527347 0.069570
0.611812 0.120059
0.563685 0.186464
0.511720 0.201019
0.464864 0.176181
0.394014 0.195421
0.571040 0.224755
0.419023 0.182503
0.530221 0.202193
0.590700 0.000799
0.517818 0.000684
0.445257 0.000464
0.520087 0.028191
0.452616 0.041042
0.971850 0.419141
0.293275 0.237246
0.443178 0.195818
0.490810 0.200827
0.605682 0.244868
0.299657 0.225523
0.484635 0.206089
0.600200 0.243958
0.626935 0.182897
0.615156 0.000220
0.566184 0.000902
0.535016 0.021424
0.525662 0.000873
0.529469 0.039434
0.543900 0.035358
0.552341 0.054664
0.551324 0.100247
0.592318 0.115195
0.547877 0.139992
0.571917 0.165118
0.487289 0.155541
0.583895 0.191143
0.523281 0.192394
0.677396 0.233038
0.631760 0.000739
0.541974 0.000924
0.587764 0.026701
0.555347 0.022215
0.493348 0.025995
0.555921 0.071559
0.595912 0.095106
0.611958 0.103854
0.632788 0.109628
0.559369 0.128787
0.440336 0.184075
0.611774 0.182128
0.602208 0.230728
0.582352 0.211333
0.639760 0.000236
0.558055 0.000159
0.623346 0.023455
0.617430 0.038448
0.603546 0.036844
0.583136 0.081687
0.614337 0.085778
0.648327 0.103118
0.642896 0.138954
0.573421 0.145127
0.638850 0.191642
0.665128 0.213483
0.548462 0.189215
0.616971 0.159862
0.547251 0.210092
0.656022 0.000363
0.650650 0.023801
0.635756 0.029062
0.603456 0.022851
0.572980 0.038572
0.571593 0.054785
0.571882 0.069639
0.602240 0.076475
0.648619 0.120583
0.625379 0.144089
0.666650 0.194202
0.599609 0.157040
0.591419 0.172607
0.510988 0.170740
0.664253 0.000711
0.574376 0.000811
0.670342 0.023574
0.588044 0.044976
0.633415 0.047276
0.621871 0.055897
0.589721 0.064989
0.615639 0.068887
0.630007 0.094575
0.661593 0.138147
0.653724 0.158509
0.636301 0.165606
0.763965 0.322059
0.689627 0.244315
0.749065 0.303734
0.680708 0.000014
0.582600 0.000623
0.606922 0.000624
0.647695 0.042160
0.601978 0.053897
0.653175 0.076112
0.633821 0.079648
0.670574 0.122339
0.691273 0.132695
0.668731 0.161088
0.607216 0.133780
0.688631 0.218190
0.646196 0.218890
0.562177 0.212406
0.688859 0.000423
0.623487 0.000282
0.689081 0.024537
0.689678 0.052361
0.655311 0.058293
0.638349 0.064775
0.652707 0.089326
0.665967 0.108573
0.705355 0.121978
0.724125 0.135696
0.663087 0.174644
0.714516 0.158633
0.682579 0.178406
0.721546 0.212089
0.793312 0.334545
0.705287 0.000567
0.699072 0.039681
0.702328 0.070094
0.680274 0.036693
0.670617 0.050341
0.670161 0.067210
0.670735 0.083085
0.687789 0.115461
0.722212 0.175923
0.707236 0.143698
0.726441 0.195715
0.703917 0.254451
0.534614 0.168718
0.734030 0.278932
0.713448 0.000130
0.647888 0.001148
0.705008 0.023922
0.709291 0.055190
0.686185 0.067681
0.690228 0.084066
0.676450 0.097247
0.708855 0.102404
0.719452 0.116319
0.742436 0.178850
0.676383 0.142511
0.731059 0.240306
0.685889 0.201990
0.696651 0.193808
0.734636 0.255722
0.721639 0.000216
0.721269 0.023972
0.715967 0.039459
0.727838 0.054635
0.718947 0.071427
0.692980 0.100423
0.725707 0.096504
0.741561 0.132702
0.731741 0.153486
0.704858 0.176300
0.806896 0.305767
0.760061 0.302031
0.722722 0.262116
0.639413 0.227131
0.738106 0.000426
0.672492 0.000823
0.737216 0.023201
0.732306 0.038710
0.747484 0.053140
0.737864 0.068249
0.709092 0.086287
0.733319 0.114983
0.746121 0.161530
0.748388 0.196215
0.782307 0.238521
0.785552 0.216866
0.758989 0.267025
0.736073 0.284696
0.834780 0.362598
0.746364 0.000113
0.753448 0.022337
0.749141 0.037227
0.767045 0.055895
0.755157 0.067987
0.730932 0.082346
0.742468 0.098213
0.763494 0.157290
0.760676 0.176485
0.757781 0.214221
0.743170 0.214712
0.701724 0.234758
0.806552 0.288178
0.787453 0.338778
0.754774 0.000779
0.697048 0.000569
0.768616 0.023343
0.764880 0.039785
0.779181 0.066295
0.751446 0.084698
0.759080 0.101175
0.749067 0.119179
0.754482 0.143358
0.774391 0.186025
0.765616 0.228846
0.800578 0.261973
0.753730 0.241647
0.855003 0.402661
0.819997 0.361398
0.763094 0.000336
0.782309 0.023322
0.780214 0.041513
0.790440 0.053875
0.767597 0.080431
0.774812 0.098300
0.763823 0.117761
0.777951 0.164543
0.771080 0.204592
0.813091 0.252266
0.773812 0.273229
0.785057 0.257234
0.873274 0.423237
0.826758 0.342632
0.771330 0.000089
0.729827 0.000310
0.797648 0.020511
0.805596 0.059221
0.784807 0.082882
0.788289 0.105989
0.779429 0.121556
0.768774 0.136230
0.789931 0.196328
0.763715 0.251586
0.816403 0.230281
0.812026 0.275806
0.824634 0.300081
0.847234 0.374679
0.820671 0.325542
0.787958 0.001218
0.812143 0.026021
0.795169 0.035730
0.797514 0.073721
0.801013 0.092643
0.796349 0.128299
0.784157 0.141939
0.792524 0.156888
0.800924 0.221303
0.833705 0.285253
0.844595 0.299649
0.786192 0.280103
0.839174 0.315978
0.802973 0.320271
0.796414 0.000647
0.824458 0.020408
0.808903 0.041467
0.821572 0.058905
0.816717 0.096115
0.803654 0.113203
0.817934 0.132075
0.805199 0.144416
0.791233 0.177792
0.807971 0.185061
0.798972 0.239725
0.828059 0.266206
0.855695 0.354961
0.886868 0.391671
0.858104 0.387388
0.804837 0.000582
0.844448 0.046500
0.835838 0.060400
0.814241 0.075208
0.834782 0.103751
0.820294 0.114130
0.834521 0.140048
0.807373 0.166548
0.842103 0.210741
0.854524 0.282810
0.855990 0.322909
0.845182 0.338878
0.860782 0.409136
0.809746 0.350340
0.821466 0.000747
0.779622 0.001327
0.834615 0.034008
0.823891 0.042765
0.841631 0.074817
0.827938 0.082634
0.836589 0.122121
0.821031 0.153652
0.821803 0.193848
0.804618 0.205063
0.822467 0.212842
0.861834 0.260029
0.877419 0.323825
0.882260 0.432779
0.883654 0.407994
0.829949 0.000663
0.841098 0.020372
0.852463 0.034836
0.852434 0.062497
0.853836 0.104666
0.845961 0.091179
0.838698 0.158882
0.842437 0.175797
0.824190 0.173409
0.852602 0.225040
0.844622 0.264373
0.845351 0.245926
0.866812 0.371077
0.863296 0.336617
0.838400 0.000603
0.813093 0.000407
0.857815 0.021623
0.864777 0.055472
0.859038 0.080206
0.868449 0.109158
0.853323 0.123211
0.851591 0.143160
0.857238 0.162297
0.827733 0.246906
0.834039 0.227380
0.866316 0.302331
0.880300 0.303075
0.920497 0.441953
0.887406 0.441821
0.855596 0.000726
0.872024 0.021335
0.866236 0.039052
0.870827 0.071332
0.870813 0.092007
0.886736 0.101695
0.866531 0.131054
0.870724 0.154215
0.838023 0.193590
0.856274 0.197166
0.862486 0.242516
0.878431 0.264357
0.881584 0.353628
0.894146 0.338308
0.864179 0.000069
0.847037 0.000910
0.888914 0.019350
0.881348 0.033572
0.878815 0.050286
0.886194 0.070564
0.881662 0.118593
0.879202 0.140370
0.877123 0.174562
0.860798 0.180638
0.867333 0.210666
0.881500 0.243261
0.888654 0.288207
0.870134 0.279861
0.888043 0.371582
0.881451 0.000026
0.903892 0.023337
0.895076 0.036704
0.890670 0.056266
0.886277 0.084943
0.900015 0.114160
0.893706 0.131181
0.888190 0.159523
0.891748 0.187359
0.877052 0.195311
0.873253 0.226250
0.894985 0.263847
0.902465 0.300444
0.883525 0.460632
0.890229 0.000614
0.872848 0.000634
0.918152 0.020115
0.905379 0.050868
0.905305 0.070114
0.903126 0.084250
0.904872 0.099960
0.911139 0.130792
0.900644 0.147544
0.899538 0.171837
0.889108 0.209796
0.892914 0.227589
0.929435 0.334428
0.919415 0.409678
0.884009 0.465931
0.898943 0.000730
0.934911 0.020908
0.912698 0.038922
0.917124 0.060442
0.920711 0.080088
0.920027 0.097462
0.919181 0.116392
0.913239 0.163027
0.914534 0.184593
0.906820 0.217617
0.905269 0.199083
0.898718 0.245093
0.914698 0.320201
0.897034 0.318256
0.907464 0.001083
0.916233 0.000878
0.941200 0.040499
0.926539 0.034147
0.929509 0.050548
0.935312 0.093193
0.933195 0.114130
0.918440 0.147372
0.928308 0.168875
0.921777 0.209724
0.929263 0.225577
0.914096 0.235357
0.904611 0.280458
0.943037 0.439394
0.902440 0.407831
0.925114 0.000010
0.949998 0.021931
0.944421 0.060740
0.932275 0.069486
0.944038 0.126919
0.928834 0.135083
0.935302 0.154046
0.928079 0.195227
0.940990 0.215377
0.923477 0.249036
0.920136 0.278429
0.930271 0.308298
0.920225 0.294882
0.911029 0.338831
0.933968 0.000116
0.954613 0.037373
0.958738 0.053746
0.944547 0.080701
0.946351 0.104920
0.947612 0.145378
0.936918 0.181663
0.945668 0.198648
0.939349 0.239191
0.933997 0.263709
0.945432 0.324076
0.939201 0.284415
0.911246 0.258633
0.928610 0.358537
0.903866 0.386619
0.942896 0.000323
0.973051 0.058636
0.958630 0.071510
0.958541 0.114090
0.959676 0.132607
0.949074 0.166480
0.951922 0.228378
0.950066 0.272677
0.946714 0.303042
0.960680 0.314097
0.956981 0.335859
0.946619 0.346964
0.948028 0.368082
0.917535 0.430166
0.951943 0.000162
0.965742 0.022195
0.970540 0.037492
0.957129 0.091028
0.971604 0.143369
0.960879 0.154790
0.953326 0.185217
0.947943 0.253109
0.972857 0.262428
0.959394 0.283182
0.968169 0.291093
0.963676 0.370286
0.982496 0.381872
0.924999 0.396309
0.960478 0.395868
0.960873 0.000961
0.981002 0.025579
0.971646 0.080171
0.971057 0.122033
0.967697 0.195572
0.965814 0.233685
0.971441 0.216852
0.984028 0.330653
0.999124 0.359470
0.972500 0.344956
0.975554 0.316438
0.958179 0.473436
0.928725 0.379082
0.946237 0.484569
0.969684 0.000331
0.988475 0.000267
0.983099 0.046642
0.987778 0.130919
0.972134 0.163692
0.965149 0.176559
0.984781 0.272625
0.981214 0.247280
0.977376 0.361920
0.987281 0.425232
0.999956 0.401307
0.999318 0.469500
0.905622 0.470496
0.944643 0.407975
0.906821 0.457087
0.978609 0.001175
0.984008 0.070216
0.969378 0.100767
0.987691 0.151051
0.986935 0.173474
0.959548 0.210140
0.999183 0.291065
0.999834 0.333103
0.999639 0.263795
0.967182 0.457712
0.999718 0.346258
0.955023 0.444986
0.941749 0.469966
0.902536 0.354608
0.999691 0.000136
0.999360 0.036761
0.983506 0.091968
0.984706 0.111363
0.999870 0.105092
0.998794 0.190185
0.999056 0.141712
0.999336 0.153975
1.000000 0.373912
0.999655 0.277739
0.999327 0.387722
0.999108 0.418806
0.977855 0.463366
0.999233 0.239079
0.936642 0.427095
0.999044 0.001575
0.999321 0.048217
0.999407 0.070971
0.999474 0.093705
0.999594 0.116904
0.984829 0.206571
0.982740 0.297617
0.999830 0.317015
0.999690 0.251246
0.999557 0.201904
0.999344 0.304279
0.992654 0.445218
0.912154 0.367491
0.999452 0.440649
0.999494 0.015901
0.999005 0.026564
0.999088 0.059384
0.998777 0.082317
0.982366 0.188523
0.999656 0.129414
0.999927 0.213923
0.961061 0.250965
0.999803 0.226581
0.999585 0.165787
0.999398 0.178355
0.956130 0.420140
0.997835 0.469683
0.918769 0.477533
0.932738 0.481602
