0.000523 0.025197
0.000097 0.057665
0.001006 0.090602
0.000358 0.126269
0.000399 0.137313
0.000829 0.312157
0.000284 0.181809
0.000936 0.193452
0.000098 0.325655
0.000181 0.408065
0.047057 0.485094
0.000861 0.466664
0.009633 0.488762
0.046868 0.457320
0.000343 0.014386
0.000643 0.035193
0.000069 0.068625
0.016186 0.080954
0.022458 0.241024
0.000533 0.206015
0.001015 0.170086
0.000017 0.281578
0.001083 0.241062
0.001129 0.254287
0.000922 0.365782
0.000625 0.379530
0.027702 0.493671
0.026649 0.511716
0.062244 0.414747
0.000277 0.001395
0.000194 0.045527
0.000717 0.079230
0.000322 0.101644
0.000943 0.112997
0.000355 0.218279
0.000102 0.158780
0.000416 0.295737
0.000466 0.229470
0.000566 0.339283
0.000077 0.352317
0.004571 0.462082
0.000900 0.436915
0.058915 0.500256
0.000792 0.000496
0.018450 0.020495
0.013183 0.056072
0.012992 0.119471
0.020731 0.193065
0.039689 0.268956
0.025113 0.226520
0.000102 0.268523
0.020943 0.333099
0.015141 0.307533
0.022574 0.373963
0.000969 0.426988
0.000251 0.393459
0.012394 0.501540
0.067852 0.450900
0.011578 0.000866
0.029434 0.047766
0.016739 0.037502
0.017808 0.101080
0.000259 0.148043
0.020355 0.255892
0.040727 0.250191
0.021711 0.273618
0.022807 0.357242
0.040455 0.355644
0.019127 0.398471
0.048946 0.404535
0.013339 0.422014
0.066885 0.497366
0.031070 0.000636
0.021764 0.000694
0.037324 0.074556
0.025157 0.066872
0.018412 0.210307
0.019167 0.140286
0.035638 0.204750
0.041786 0.220248
0.035408 0.307493
0.034971 0.331667
0.047032 0.317718
0.038846 0.391058
0.053961 0.436186
0.024332 0.451339
0.081504 0.413659
0.040489 0.000903
0.036570 0.016346
0.029653 0.090372
0.029358 0.126940
0.017661 0.173227
0.034850 0.183563
0.047532 0.235094
0.062302 0.248997
0.022807 0.290027
0.040817 0.289950
0.032891 0.417556
0.034996 0.435529
0.045756 0.376410
0.037928 0.507775
0.049416 0.000131
0.031702 0.030158
0.043534 0.039922
0.039761 0.058785
0.032102 0.110239
0.043287 0.130495
0.023486 0.156192
0.050012 0.197778
0.061953 0.226523
0.054633 0.265044
0.052053 0.345449
0.060525 0.303492
0.064712 0.359842
0.093941 0.327709
0.070839 0.434660
0.058411 0.000796
0.050277 0.025649
0.056268 0.050884
0.042691 0.100313
0.050864 0.114154
0.037504 0.145561
0.035136 0.166814
0.051827 0.178774
0.079495 0.245151
0.059067 0.284336
0.074353 0.265929
0.077788 0.338699
0.032422 0.462305
0.077301 0.316611
0.067487 0.001194
0.076478 0.000926
0.061209 0.036890
0.054157 0.068235
0.048425 0.084676
0.059443 0.098954
0.057805 0.134109
0.049190 0.158998
0.060674 0.208574
0.077179 0.226670
0.090956 0.258250
0.064226 0.327893
0.091087 0.351397
0.076547 0.371132
0.083220 0.469671
0.085574 0.000727
0.062884 0.019419
0.076634 0.030935
0.069048 0.060679
0.064819 0.081554
0.066376 0.120686
0.063507 0.147592
0.063399 0.166491
0.066195 0.188270
0.089056 0.214883
0.074249 0.289750
0.094779 0.235897
0.089098 0.299672
0.096715 0.483643
0.094501 0.000830
0.112619 0.000611
0.081657 0.018479
0.075355 0.047344
0.077882 0.072628
0.075370 0.094438
0.077170 0.109876
0.077770 0.149620
0.078738 0.169302
0.076841 0.202059
0.096845 0.200287
0.088535 0.278202
0.120251 0.276936
0.081187 0.394171
0.090257 0.484575
0.103675 0.000339
0.096194 0.030209
0.089795 0.042965
0.089507 0.059591
0.087245 0.083107
0.091155 0.103114
0.079672 0.128618
0.089805 0.139746
0.093550 0.160014
0.084041 0.184820
0.104953 0.220600
0.106643 0.265307
0.104616 0.313256
0.061273 0.386441
0.121215 0.001044
0.147344 0.000451
0.103193 0.017959
0.104389 0.047606
0.099487 0.070406
0.102024 0.089468
0.095268 0.120331
0.104832 0.146514
0.098953 0.177910
0.111753 0.166820
0.110723 0.188901
0.111279 0.246060
0.124754 0.256439
0.112801 0.329186
0.102499 0.403485
0.129926 0.000411
0.113487 0.028679
0.118151 0.042907
0.113142 0.061539
0.114668 0.077618
0.108965 0.104247
0.109545 0.130264
0.120115 0.144212
0.126754 0.184261
0.118068 0.204768
0.118337 0.228944
0.104289 0.288157
0.137838 0.286247
0.126407 0.318216
0.138610 0.000171
0.181492 0.000886
0.127110 0.020575
0.130159 0.052016
0.121103 0.090943
0.115864 0.115108
0.128957 0.123891
0.125439 0.162392
0.136513 0.200175
0.139292 0.165356
0.131913 0.218629
0.133540 0.240501
0.126976 0.343818
0.104667 0.354746
0.090514 0.382174
0.155963 0.000521
0.132422 0.034229
0.129905 0.067623
0.135540 0.084694
0.132091 0.105714
0.144672 0.126459
0.135371 0.142911
0.155836 0.161822
0.143913 0.184044
0.148918 0.231614
0.147811 0.252477
0.118356 0.297017
0.109959 0.464048
0.089903 0.448312
0.164385 0.000613
0.144467 0.020917
0.146151 0.038923
0.145263 0.057584
0.149150 0.093660
0.148213 0.108620
0.150571 0.144352
0.171587 0.155985
0.158543 0.181126
0.149748 0.210147
0.163689 0.218932
0.139597 0.269026
0.137781 0.306381
0.109296 0.371190
0.114875 0.456521
0.172950 0.000932
0.159522 0.045516
0.146912 0.075615
0.165865 0.076584
0.166055 0.091521
0.161002 0.120840
0.175414 0.172453
0.191706 0.161074
0.165255 0.196765
0.164699 0.243982
0.159326 0.272442
0.154952 0.293529
0.154531 0.315785
0.121153 0.425514
0.189966 0.000691
0.158099 0.025194
0.172191 0.038435
0.160158 0.062627
0.182388 0.092966
0.169908 0.107089
0.165193 0.138457
0.202724 0.145533
0.181786 0.187814
0.194173 0.239138
0.192083 0.218428
0.141086 0.334265
0.177266 0.302321
0.130541 0.379644
0.131867 0.417287
0.198475 0.000433
0.171590 0.022561
0.187684 0.039293
0.182792 0.074037
0.187661 0.109787
0.178382 0.126378
0.184302 0.143834
0.212458 0.159498
0.179075 0.208750
0.176569 0.232197
0.171602 0.262282
0.167973 0.319714
0.116814 0.395223
0.094708 0.424970
0.206934 0.000963
0.256990 0.000694
0.186397 0.023036
0.175787 0.057668
0.198693 0.091758
0.204274 0.108047
0.194722 0.127438
0.210198 0.126135
0.235879 0.149009
0.199356 0.174867
0.186829 0.275444
0.187758 0.254588
0.172928 0.287220
0.149172 0.353772
0.127987 0.363285
0.215236 0.001043
0.201192 0.023139
0.204292 0.039005
0.198047 0.072912
0.211918 0.083510
0.219128 0.103400
0.225559 0.122543
0.220794 0.141940
0.225399 0.166923
0.215740 0.184786
0.211544 0.248701
0.201285 0.291756
0.187938 0.329592
0.109522 0.442483
0.223525 0.000737
0.289985 0.000049
0.215333 0.025862
0.190959 0.055880
0.216996 0.065812
0.229858 0.091526
0.236415 0.109147
0.251803 0.111526
0.240337 0.129599
0.290838 0.133388
0.241494 0.174483
0.197495 0.193422
0.218616 0.281792
0.230235 0.248575
0.161053 0.339495
0.231826 0.000077
0.228723 0.025729
0.220880 0.044637
0.206712 0.055402
0.244866 0.080240
0.251806 0.093979
0.268774 0.092508
0.263274 0.122891
0.254170 0.139014
0.256791 0.180504
0.210546 0.227230
0.245292 0.194706
0.132240 0.410178
0.184604 0.347814
0.240215 0.000581
0.314734 0.000821
0.236264 0.041532
0.233557 0.058909
0.229643 0.075623
0.267155 0.074798
0.301648 0.085610
0.274421 0.108744
0.273623 0.136845
0.316141 0.113976
0.250167 0.159082
0.229960 0.192006
0.208206 0.205768
0.152875 0.379913
0.196007 0.307447
0.248653 0.000318
0.243208 0.022924
0.251535 0.053185
0.253559 0.067432
0.275264 0.056830
0.282038 0.072632
0.317606 0.095776
0.288387 0.116957
0.336075 0.108923
0.310906 0.128216
0.223417 0.210816
0.262510 0.208996
0.151238 0.387684
0.204417 0.265259
0.265294 0.000277
0.339374 0.000307
0.251500 0.036771
0.267650 0.043659
0.295270 0.052843
0.298087 0.068681
0.318343 0.075634
0.285548 0.091073
0.299927 0.105021
0.339290 0.127612
0.325000 0.136575
0.277446 0.190324
0.321518 0.160267
0.252178 0.282724
0.292412 0.168152
0.273535 0.001051
0.260887 0.023807
0.274497 0.027657
0.324991 0.047652
0.313044 0.059491
0.332772 0.072954
0.378269 0.098023
0.335393 0.092563
0.355978 0.095158
0.352694 0.113426
0.266843 0.154476
0.222845 0.306150
0.357680 0.203572
0.178048 0.358788
0.281721 0.000977
0.363937 0.000410
0.309759 0.039834
0.285295 0.040129
0.341519 0.040276
0.359285 0.066930
0.347467 0.079306
0.404211 0.077424
0.410091 0.094367
0.371145 0.115147
0.357026 0.136638
0.341642 0.150442
0.304791 0.149152
0.288095 0.152108
0.231663 0.293701
0.298213 0.000883
0.289662 0.023439
0.331139 0.028268
0.370553 0.043854
0.338779 0.057121
0.372970 0.066783
0.370516 0.084993
0.394487 0.105010
0.408659 0.117151
0.373805 0.131994
0.388481 0.144364
0.436921 0.155400
0.167025 0.362375
0.244938 0.262824
0.306437 0.000532
0.303024 0.028675
0.361020 0.026755
0.354573 0.048773
0.393071 0.064680
0.466315 0.061004
0.431911 0.080624
0.389499 0.083754
0.447916 0.073438
0.410374 0.134787
0.481503 0.126480
0.447071 0.127324
0.403206 0.154051
0.343705 0.164685
0.275264 0.172201
0.323086 0.000632
0.318169 0.023618
0.375912 0.027982
0.388912 0.026831
0.416340 0.041730
0.411303 0.055739
0.463187 0.080556
0.477218 0.091504
0.441841 0.114027
0.389353 0.122987
0.423241 0.117282
0.383162 0.159981
0.206903 0.319312
0.227783 0.230443
0.331208 0.000762
0.404597 0.000213
0.347814 0.024665
0.403501 0.027843
0.382687 0.052278
0.432038 0.060930
0.418933 0.072472
0.442748 0.094223
0.426011 0.098072
0.463961 0.116124
0.494764 0.108486
0.314285 0.170875
0.362005 0.169650
0.224910 0.266850
0.242089 0.296529
0.347646 0.000672
0.432790 0.028763
0.396540 0.044143
0.452439 0.056866
0.493619 0.062022
0.511782 0.081394
0.478877 0.106825
0.458861 0.098087
0.456133 0.154002
0.364394 0.153327
0.428074 0.136809
0.473542 0.147404
0.261881 0.225013
0.203867 0.329125
0.355806 0.000242
0.412792 0.000568
0.477537 0.000376
0.463195 0.024558
0.418582 0.024806
0.518390 0.056551
0.480285 0.074332
0.504033 0.067804
0.512343 0.115223
0.493968 0.087624
0.352422 0.191537
0.498179 0.149842
0.294130 0.189938
0.328010 0.181859
0.518868 0.154870
0.372086 0.000685
0.461321 0.000692
0.446673 0.025717
0.433804 0.044812
0.562993 0.089884
0.578524 0.100907
0.529904 0.089880
0.531327 0.105622
0.499167 0.128038
0.308286 0.195325
0.242232 0.218983
0.280332 0.258834
0.266378 0.269826
0.375096 0.184221
0.380210 0.000419
0.453191 0.000354
0.485625 0.000034
0.505269 0.025639
0.557063 0.039566
0.629020 0.126719
0.578589 0.124173
0.565282 0.109675
0.708320 0.204186
0.283372 0.242227
0.346990 0.207635
0.985633 0.231200
0.618807 0.215095
0.265184 0.244132
0.275231 0.204771
0.421019 0.000708
0.469450 0.000593
0.660868 0.037732
0.480252 0.053558
0.469154 0.040557
0.589782 0.141713
0.540722 0.119252
0.511498 0.099004
0.557708 0.154380
0.458341 0.139967
0.383719 0.197546
0.305133 0.218187
0.328205 0.205995
0.249908 0.240536
0.396458 0.001033
0.437158 0.000357
0.509644 0.000227
0.476820 0.026035
0.694596 0.157912
0.537388 0.058097
0.766309 0.291228
0.527291 0.127473
0.404280 0.170704
0.517077 0.141699
0.982224 0.402631
0.791830 0.299682
0.771583 0.319888
0.321514 0.212291
0.270225 0.277814
0.533843 0.000925
0.501628 0.000179
0.429158 0.000860
0.062264 0.478617
0.508406 0.045178
0.541018 0.081131
0.423422 0.155284
0.712965 0.233458
0.606846 0.202866
0.452930 0.194314
0.948828 0.387061
0.628265 0.230325
0.409823 0.189808
0.471563 0.190287
0.598768 0.001059
0.550053 0.000075
0.388314 0.000825
0.493664 0.000546
0.571469 0.025771
0.492583 0.040478
0.526130 0.072135
0.610683 0.121034
0.560600 0.185261
0.509379 0.201947
0.464094 0.176873
0.393765 0.195320
0.567300 0.223418
0.417194 0.182469
0.527883 0.199576
0.590685 0.000451
0.517649 0.000607
0.445191 0.000792
0.517943 0.028140
0.451530 0.041132
0.970937 0.422006
0.296982 0.241987
0.442319 0.197381
0.487648 0.201985
0.603972 0.245418
0.302115 0.229773
0.482503 0.206786
0.598189 0.241777
0.626359 0.183445
0.615228 0.001034
0.566343 0.000712
0.533675 0.022379
0.525576 0.000734
0.527475 0.040105
0.541827 0.036574
0.550732 0.056998
0.550117 0.102382
0.591377 0.116225
0.546994 0.139511
0.570421 0.164763
0.485993 0.154987
0.582133 0.189193
0.521899 0.192400
0.677392 0.234228
0.631682 0.000995
0.541910 0.000463
0.586554 0.028388
0.552598 0.023117
0.491323 0.025288
0.554736 0.074267
0.595076 0.097599
0.611303 0.105534
0.631963 0.111069
0.558686 0.128850
0.440146 0.184235
0.611673 0.181965
0.601742 0.230291
0.579012 0.210322
0.639755 0.000889
0.558163 0.000335
0.622790 0.026194
0.616503 0.040409
0.602553 0.038648
0.581748 0.084826
0.613215 0.088676
0.647983 0.104251
0.641154 0.139295
0.572581 0.144453
0.638103 0.190558
0.665910 0.215242
0.547793 0.189028
0.616310 0.159778
0.545330 0.210302
0.656057 0.000744
0.650445 0.025996
0.635160 0.030245
0.602165 0.024531
0.571391 0.039527
0.570195 0.057626
0.570835 0.072135
0.601242 0.079254
0.648276 0.122345
0.625231 0.144190
0.667689 0.193896
0.598014 0.156834
0.590194 0.170879
0.510310 0.169363
0.664269 0.000785
0.574421 0.000667
0.670387 0.025515
0.586927 0.047277
0.632571 0.049746
0.620789 0.058830
0.588195 0.067483
0.614647 0.072189
0.628804 0.096055
0.661322 0.139272
0.653256 0.160048
0.635947 0.165430
0.763218 0.323028
0.690713 0.245952
0.747164 0.302596
0.680671 0.000267
0.582615 0.000209
0.607027 0.000649
0.647074 0.044054
0.600988 0.057853
0.652313 0.078033
0.633420 0.081905
0.671022 0.124081
0.690510 0.134302
0.670771 0.162821
0.606552 0.134243
0.687626 0.218870
0.645342 0.218472
0.560974 0.211245
0.688818 0.000286
0.623487 0.000065
0.688864 0.026372
0.689825 0.054717
0.654603 0.060360
0.638101 0.066750
0.652150 0.091498
0.665121 0.110964
0.705138 0.123993
0.723327 0.136898
0.663877 0.175298
0.713063 0.160454
0.682958 0.178471
0.721741 0.212982
0.793040 0.335030
0.705227 0.000041
0.698873 0.041099
0.701933 0.071886
0.680189 0.038586
0.670621 0.052672
0.669851 0.069449
0.669979 0.085075
0.687313 0.117541
0.721386 0.177580
0.706755 0.145502
0.726431 0.195553
0.701315 0.261236
0.531899 0.166164
0.732482 0.280696
0.713375 0.000004
0.647903 0.000111
0.704848 0.025553
0.709227 0.057068
0.685532 0.070113
0.690199 0.086471
0.675958 0.098698
0.709280 0.103952
0.719453 0.118091
0.742228 0.179886
0.676403 0.144646
0.730337 0.243220
0.687496 0.202409
0.695825 0.193661
0.732446 0.258723
0.721591 0.000499
0.720771 0.025374
0.716224 0.041125
0.728051 0.056814
0.718588 0.073156
0.692489 0.102396
0.726278 0.097730
0.742186 0.134265
0.731439 0.154784
0.703240 0.175767
0.806715 0.306847
0.758941 0.304340
0.718168 0.262884
0.639764 0.229577
0.738077 0.000189
0.672472 0.000264
0.736963 0.024340
0.732268 0.040510
0.748047 0.054994
0.737890 0.070003
0.708933 0.087919
0.734500 0.116560
0.745486 0.162533
0.747893 0.197826
0.781916 0.240530
0.786071 0.218262
0.758004 0.269634
0.735504 0.286628
0.835160 0.362497
0.746319 0.000816
0.753541 0.023958
0.748686 0.038833
0.767517 0.057594
0.755703 0.069215
0.731078 0.083858
0.743398 0.099493
0.764425 0.158263
0.760964 0.178378
0.756599 0.217191
0.742958 0.216975
0.702830 0.237359
0.805136 0.291392
0.788084 0.339495
0.754707 0.000776
0.696997 0.000293
0.768556 0.024094
0.764893 0.040944
0.779730 0.068202
0.751609 0.086048
0.759886 0.102543
0.750297 0.120618
0.754547 0.145168
0.774614 0.187531
0.764466 0.230726
0.799868 0.264857
0.753185 0.243064
0.855182 0.404571
0.819447 0.361545
0.763005 0.000653
0.782675 0.024684
0.780043 0.042660
0.790654 0.055200
0.767689 0.082314
0.775414 0.099892
0.764975 0.119021
0.778620 0.165523
0.770788 0.204982
0.812946 0.255174
0.772176 0.274874
0.785085 0.259102
0.873061 0.424050
0.825262 0.342886
0.771304 0.000637
0.729799 0.000175
0.798481 0.020827
0.805700 0.060333
0.784691 0.084847
0.788989 0.107405
0.780294 0.123298
0.769445 0.136888
0.789817 0.197816
0.762101 0.254068
0.816210 0.231978
0.811536 0.276993
0.824537 0.302881
0.846253 0.375472
0.821339 0.326507
0.787931 0.000718
0.812762 0.026991
0.794992 0.036548
0.797379 0.075309
0.801330 0.093528
0.797151 0.129329
0.784611 0.143541
0.793470 0.157721
0.800716 0.223294
0.834057 0.286733
0.844993 0.300113
0.786954 0.282413
0.838336 0.317064
0.802411 0.321168
0.796374 0.000050
0.824973 0.020548
0.808993 0.042295
0.821570 0.060143
0.816773 0.097846
0.803498 0.113657
0.817203 0.132790
0.805166 0.145230
0.791399 0.178438
0.807443 0.186282
0.798597 0.242129
0.827823 0.268222
0.855711 0.356097
0.887078 0.392748
0.858214 0.388580
0.804833 0.000123
0.844871 0.047471
0.836087 0.061689
0.814138 0.076782
0.834516 0.104950
0.820219 0.115680
0.834069 0.140798
0.808006 0.167154
0.841653 0.212521
0.854270 0.284694
0.856695 0.323715
0.845041 0.339990
0.862289 0.409499
0.809978 0.351615
0.821449 0.000327
0.779589 0.000560
0.834974 0.035074
0.823964 0.043826
0.841438 0.076109
0.827457 0.084357
0.836252 0.123289
0.820787 0.154013
0.821911 0.194336
0.804614 0.206155
0.822283 0.214141
0.862085 0.262503
0.877401 0.325082
0.882606 0.434658
0.884775 0.409768
0.829980 0.000760
0.840828 0.020518
0.852578 0.034962
0.852563 0.063269
0.853237 0.105266
0.845725 0.091821
0.838248 0.159163
0.841714 0.176567
0.824009 0.174144
0.852922 0.226992
0.845314 0.267407
0.845188 0.247986
0.867965 0.372552
0.864671 0.338128
0.838483 0.000959
0.813084 0.000630
0.857751 0.021440
0.864838 0.055885
0.859253 0.080734
0.868204 0.109072
0.852589 0.123783
0.851422 0.143754
0.856686 0.163320
0.828001 0.249148
0.833912 0.229530
0.866908 0.304114
0.880015 0.305243
0.922024 0.444113
0.887962 0.443855
0.855649 0.000679
0.872156 0.021347
0.866289 0.038953
0.871260 0.071197
0.870416 0.092859
0.887175 0.102232
0.866231 0.131533
0.870218 0.154882
0.838028 0.194941
0.855982 0.198624
0.862662 0.244839
0.879161 0.266991
0.881835 0.355171
0.893663 0.340019
0.864207 0.000166
0.847125 0.000867
0.888553 0.019130
0.881964 0.034024
0.878960 0.050084
0.886390 0.071070
0.881246 0.119064
0.879281 0.141147
0.876914 0.175761
0.860494 0.181428
0.867381 0.212201
0.881416 0.246112
0.888062 0.290347
0.870270 0.281762
0.888606 0.373700
0.881479 0.000349
0.903344 0.023023
0.895513 0.037199
0.890601 0.056214
0.885674 0.085129
0.900432 0.114467
0.893909 0.131377
0.888364 0.160594
0.892315 0.189270
0.877183 0.196598
0.872593 0.228314
0.895032 0.266189
0.902645 0.303004
0.883590 0.461931
0.890302 0.000851
0.872848 0.000155
0.918290 0.019940
0.905900 0.051191
0.905115 0.069988
0.903313 0.084182
0.904904 0.099763
0.911890 0.131359
0.900676 0.147690
0.899845 0.172897
0.888917 0.212176
0.892803 0.230195
0.929317 0.337070
0.919675 0.410968
0.884208 0.466397
0.899042 0.000254
0.935148 0.020628
0.912790 0.038241
0.917081 0.060882
0.920930 0.079972
0.920227 0.097379
0.919307 0.115276
0.913356 0.164400
0.914724 0.185948
0.907171 0.219661
0.905503 0.201133
0.898666 0.248045
0.915697 0.321703
0.896785 0.319455
0.907612 0.000073
0.916389 0.001123
0.941289 0.040404
0.926391 0.034253
0.929459 0.050756
0.935574 0.093570
0.933710 0.114322
0.918972 0.148176
0.929011 0.169714
0.922372 0.212080
0.930171 0.227925
0.913829 0.237350
0.904929 0.282785
0.941542 0.440729
0.902918 0.409668
0.925276 0.000289
0.949881 0.022031
0.944238 0.060425
0.932055 0.069432
0.944250 0.127104
0.928953 0.135434
0.935335 0.154320
0.928466 0.196679
0.941629 0.216783
0.923654 0.251090
0.920778 0.281067
0.930022 0.310272
0.920691 0.297595
0.912222 0.341112
0.934144 0.000231
0.954965 0.037675
0.958652 0.053926
0.944951 0.079941
0.946445 0.104693
0.947396 0.145545
0.937273 0.183485
0.946152 0.200394
0.940315 0.241586
0.933905 0.266734
0.946484 0.326247
0.939892 0.286725
0.911770 0.260783
0.929009 0.359807
0.904437 0.388619
0.943121 0.001032
0.972889 0.058555
0.958830 0.071492
0.958657 0.114614
0.959980 0.133105
0.949150 0.167186
0.953208 0.231009
0.951128 0.273873
0.947444 0.304660
0.960610 0.315612
0.957337 0.336787
0.947495 0.349142
0.948559 0.369515
0.917327 0.431504
0.952102 0.000767
0.966030 0.022090
0.970328 0.037327
0.957340 0.091568
0.971620 0.144413
0.961259 0.155467
0.954129 0.186781
0.948455 0.254533
0.973223 0.264289
0.960954 0.284491
0.968952 0.291923
0.964174 0.371912
0.981772 0.383040
0.925474 0.398604
0.961614 0.397518
0.961052 0.000705
0.981517 0.025819
0.971004 0.080328
0.971091 0.122601
0.968220 0.197768
0.966398 0.236203
0.971930 0.218519
0.983801 0.331632
0.999878 0.358775
0.972217 0.346713
0.976196 0.317011
0.959030 0.480520
0.929053 0.381014
0.947891 0.489629
0.969797 0.000414
0.988485 0.000200
0.983014 0.046924
0.987313 0.131606
0.971824 0.165185
0.965111 0.178076
0.984618 0.274502
0.981899 0.249176
0.977083 0.362194
0.986738 0.426546
0.999684 0.401386
0.999754 0.470767
0.905446 0.472067
0.945543 0.410245
0.907351 0.458438
0.978673 0.001028
0.984150 0.070518
0.968959 0.101471
0.987500 0.151757
0.986857 0.174222
0.960008 0.212154
0.999035 0.290937
0.999469 0.333064
0.999581 0.263961
0.966904 0.459300
0.999537 0.346309
0.955537 0.445694
0.942112 0.471567
0.902971 0.356486
0.999681 0.001123
0.999038 0.036799
0.983837 0.092062
0.984470 0.111472
0.999328 0.104922
0.999047 0.190369
0.999426 0.141430
0.999423 0.153888
0.999714 0.373583
0.999836 0.277814
0.999687 0.387663
0.999838 0.418297
0.979663 0.465841
0.999135 0.239412
0.938365 0.428727
0.999674 0.001316
0.999332 0.048024
0.999378 0.070708
0.999266 0.093517
0.999695 0.116555
0.985673 0.208524
0.983077 0.298455
0.999441 0.317114
0.999583 0.251527
0.999796 0.202017
0.999650 0.304402
0.994807 0.448045
0.912568 0.368613
0.999238 0.440449
0.999981 0.016039
0.998767 0.026688
0.999770 0.059215
0.999138 0.082008
0.981971 0.190056
0.999909 0.128994
0.999616 0.214068
0.962246 0.252992
0.999233 0.226665
0.999588 0.165656
0.999571 0.178352
0.957531 0.421074
0.997006 0.467353
0.920553 0.478977
0.932717 0.485308
