0.000784 0.025254
0.000771 0.057567
0.000292 0.090687
0.000706 0.125867
0.000097 0.137132
0.000942 0.311607
0.001166 0.182204
0.000136 0.193793
0.000178 0.325311
0.000267 0.406191
0.048454 0.490785
0.003013 0.465064
0.013488 0.493513
0.047015 0.465144
0.000611 0.014766
0.001016 0.035303
0.000824 0.068838
0.017997 0.081118
0.021178 0.245494
0.001069 0.205817
0.000560 0.170201
0.000170 0.281734
0.000683 0.242336
0.000567 0.255332
0.000826 0.365451
0.000811 0.379209
0.025983 0.500278
0.024160 0.517815
0.063905 0.420080
0.000387 0.001132
0.000444 0.045741
0.000220 0.079539
0.000795 0.101536
0.000364 0.112925
0.000659 0.218116
0.000219 0.158980
0.000648 0.295314
0.000263 0.230064
0.000523 0.338631
0.000381 0.351691
0.003913 0.461406
0.000147 0.437283
0.058615 0.508714
0.000430 0.000296
0.020883 0.021417
0.015361 0.057419
0.016388 0.119626
0.021701 0.197681
0.041039 0.274130
0.024725 0.231289
0.000613 0.269052
0.021798 0.335928
0.016656 0.313119
0.023382 0.378656
0.000358 0.426274
0.000085 0.392379
0.011364 0.502932
0.068702 0.456556
0.011691 0.000430
0.030845 0.048070
0.017110 0.037472
0.019774 0.101947
0.000567 0.148251
0.021415 0.261014
0.040558 0.255717
0.022662 0.278162
0.021884 0.359266
0.040095 0.360877
0.020049 0.399699
0.049230 0.410610
0.013474 0.425478
0.064419 0.504098
0.031031 0.000360
0.021809 0.001112
0.038598 0.077445
0.027219 0.067839
0.019771 0.216158
0.019395 0.141920
0.036434 0.207802
0.042419 0.225767
0.035028 0.311177
0.037092 0.337276
0.049401 0.323367
0.039699 0.397296
0.055577 0.441421
0.024277 0.456297
0.081625 0.419723
0.040396 0.000141
0.039568 0.018049
0.031418 0.092073
0.030127 0.130463
0.017643 0.179284
0.036154 0.187545
0.048465 0.240580
0.064457 0.253689
0.020583 0.293360
0.042116 0.295474
0.034311 0.422739
0.035912 0.439972
0.047238 0.381169
0.033958 0.515542
0.049594 0.000067
0.032824 0.031701
0.045734 0.040395
0.041968 0.059129
0.033412 0.113898
0.045639 0.134346
0.023544 0.158754
0.051319 0.202445
0.062557 0.233362
0.057600 0.270080
0.053249 0.351280
0.060586 0.309402
0.064693 0.365064
0.094429 0.336115
0.072535 0.441192
0.058524 0.000208
0.052595 0.025688
0.058217 0.053208
0.044590 0.103393
0.052616 0.118699
0.038327 0.148805
0.033332 0.169950
0.052172 0.182003
0.081354 0.251769
0.059686 0.290275
0.074946 0.273184
0.079247 0.346019
0.032979 0.467005
0.078383 0.322415
0.067471 0.000496
0.076427 0.000516
0.063727 0.037924
0.055327 0.069838
0.051990 0.087493
0.061968 0.103629
0.061415 0.139039
0.049374 0.161785
0.061945 0.214395
0.078602 0.231784
0.093970 0.263538
0.065462 0.334787
0.091075 0.359106
0.077038 0.377469
0.084813 0.475066
0.085519 0.000726
0.066637 0.021036
0.080229 0.032182
0.070904 0.063651
0.066417 0.084188
0.067035 0.124099
0.064619 0.153780
0.063815 0.171293
0.067619 0.192928
0.090317 0.219439
0.075374 0.297060
0.097178 0.241340
0.091239 0.305595
0.096986 0.488955
0.094505 0.000428
0.112533 0.000589
0.085499 0.019704
0.077285 0.049318
0.081018 0.075152
0.076932 0.097078
0.079977 0.115089
0.081125 0.155211
0.079572 0.174708
0.078153 0.208030
0.100280 0.204729
0.090713 0.284680
0.124107 0.283818
0.082082 0.400196
0.091343 0.489756
0.103553 0.000958
0.099809 0.031430
0.092418 0.044328
0.091358 0.062114
0.090722 0.086888
0.092743 0.105169
0.080971 0.133323
0.092936 0.143072
0.095611 0.164595
0.085581 0.190867
0.107217 0.225282
0.109542 0.271102
0.106543 0.320907
0.062381 0.391827
0.121224 0.000168
0.147413 0.000141
0.106670 0.019570
0.106076 0.050346
0.102930 0.072577
0.106074 0.091821
0.096664 0.123034
0.106568 0.151523
0.100405 0.183147
0.112863 0.170310
0.113530 0.193308
0.112223 0.251421
0.128390 0.261760
0.115333 0.335454
0.102086 0.409227
0.129956 0.000203
0.117787 0.030253
0.121292 0.045930
0.116709 0.062595
0.118894 0.079480
0.109628 0.107942
0.110486 0.133664
0.123113 0.147991
0.128698 0.187370
0.120959 0.209964
0.121379 0.233526
0.105926 0.294510
0.142431 0.293490
0.127999 0.324658
0.138697 0.000712
0.181479 0.000378
0.130112 0.020773
0.134993 0.054661
0.123835 0.095687
0.118475 0.119635
0.130996 0.128008
0.127560 0.166090
0.139168 0.204207
0.141944 0.168467
0.135501 0.222676
0.136986 0.246429
0.129608 0.349586
0.105637 0.361452
0.091822 0.389588
0.156010 0.000435
0.135540 0.034968
0.133641 0.070745
0.137951 0.087520
0.133973 0.108215
0.146872 0.130099
0.138367 0.147003
0.157811 0.167473
0.146198 0.187473
0.152814 0.236516
0.151598 0.257557
0.121251 0.303363
0.111060 0.467321
0.091243 0.455393
0.164454 0.000040
0.147149 0.022852
0.150933 0.040155
0.149114 0.058228
0.151512 0.097532
0.150253 0.112792
0.153982 0.149006
0.174065 0.160071
0.162698 0.186258
0.152807 0.215203
0.167328 0.224052
0.143198 0.274902
0.141565 0.312640
0.110291 0.376462
0.116685 0.461861
0.172921 0.001015
0.165398 0.046789
0.151317 0.077702
0.169947 0.079268
0.167954 0.094071
0.163278 0.124551
0.179008 0.176549
0.195451 0.166273
0.166984 0.202622
0.168655 0.249781
0.163142 0.277877
0.159456 0.299675
0.159463 0.321859
0.120509 0.432214
0.190040 0.000311
0.161350 0.026056
0.178298 0.038729
0.164008 0.064859
0.185934 0.094092
0.171677 0.109717
0.168479 0.142622
0.206194 0.149658
0.183551 0.193222
0.198374 0.244592
0.196715 0.224668
0.142920 0.339108
0.183537 0.307895
0.131132 0.384204
0.130243 0.420205
0.198570 0.000622
0.174925 0.023716
0.193295 0.040387
0.187461 0.076222
0.189592 0.113243
0.180501 0.128857
0.187449 0.148291
0.216137 0.165849
0.184176 0.212378
0.181149 0.236691
0.176594 0.267054
0.172661 0.326338
0.116081 0.401408
0.094938 0.430939
0.207041 0.000313
0.257058 0.000134
0.191147 0.022426
0.178903 0.058869
0.201622 0.095228
0.206504 0.112326
0.197726 0.131787
0.214218 0.129484
0.239988 0.154312
0.203584 0.181112
0.194055 0.281019
0.193464 0.260791
0.178228 0.293022
0.151684 0.359510
0.128720 0.369394
0.215417 0.000355
0.206182 0.024018
0.209194 0.040139
0.202760 0.075521
0.215902 0.086791
0.221904 0.106030
0.229412 0.126758
0.224629 0.146878
0.230904 0.171480
0.219354 0.189954
0.218712 0.252950
0.206296 0.295025
0.193280 0.335340
0.108357 0.448239
0.223690 0.000862
0.290112 0.000667
0.220567 0.026404
0.194163 0.058093
0.220302 0.066926
0.233939 0.095410
0.240357 0.112982
0.256489 0.116481
0.244971 0.135236
0.294456 0.138375
0.246856 0.180892
0.201059 0.198129
0.227094 0.285103
0.238289 0.253514
0.164922 0.343833
0.231927 0.000188
0.233340 0.025872
0.226119 0.045299
0.210990 0.056402
0.248866 0.083826
0.255159 0.099512
0.272625 0.096200
0.267853 0.127500
0.259012 0.144964
0.261023 0.188436
0.216452 0.232236
0.250989 0.202166
0.132168 0.412862
0.191202 0.349070
0.240255 0.000006
0.314836 0.000983
0.241038 0.042634
0.237790 0.061241
0.232522 0.077285
0.269998 0.079816
0.305160 0.089772
0.277943 0.112808
0.278131 0.142326
0.319338 0.118671
0.254549 0.165173
0.234782 0.198413
0.211303 0.211605
0.154701 0.384657
0.202202 0.311313
0.248674 0.001214
0.247907 0.023844
0.255728 0.056652
0.257960 0.070263
0.278692 0.059741
0.286559 0.075332
0.319786 0.100476
0.291674 0.121807
0.338182 0.114927
0.313940 0.133967
0.230020 0.216155
0.267612 0.215479
0.149916 0.387312
0.209453 0.270913
0.265386 0.000905
0.339413 0.000533
0.256225 0.039019
0.271312 0.045132
0.297587 0.055427
0.302313 0.072240
0.320041 0.081445
0.289156 0.096132
0.303789 0.110685
0.340835 0.133485
0.326549 0.143111
0.283927 0.197360
0.324251 0.164134
0.263461 0.287505
0.296600 0.174566
0.273619 0.000168
0.263961 0.024240
0.278560 0.027797
0.328291 0.049540
0.316637 0.061579
0.335283 0.076368
0.377653 0.105408
0.338159 0.097150
0.357486 0.101563
0.354130 0.119902
0.271640 0.160011
0.230589 0.308234
0.355122 0.210220
0.179906 0.360249
0.281804 0.000302
0.364006 0.000572
0.312142 0.043539
0.288796 0.041624
0.342882 0.041963
0.360975 0.071205
0.350214 0.083091
0.405239 0.083249
0.408224 0.101531
0.369910 0.120545
0.356017 0.141880
0.342370 0.154841
0.308574 0.153119
0.291073 0.159254
0.241622 0.298555
0.298417 0.001112
0.293423 0.023730
0.334253 0.027084
0.371339 0.044917
0.341479 0.062526
0.375680 0.070402
0.371045 0.089258
0.394410 0.109033
0.405608 0.122485
0.375272 0.137519
0.387939 0.147793
0.436393 0.158922
0.168741 0.364668
0.254262 0.267932
0.306634 0.000067
0.305697 0.029679
0.362775 0.028172
0.356949 0.052269
0.393783 0.068642
0.463503 0.065687
0.431190 0.086423
0.389607 0.088623
0.444595 0.077095
0.409793 0.140490
0.479100 0.132725
0.444690 0.134434
0.402970 0.157597
0.344781 0.173525
0.276582 0.177961
0.323075 0.000355
0.321055 0.026260
0.376630 0.027649
0.390208 0.029045
0.416167 0.044363
0.409672 0.060742
0.459667 0.086329
0.474921 0.097145
0.441929 0.118214
0.389332 0.127171
0.421858 0.121914
0.381477 0.164128
0.217024 0.323301
0.234832 0.235270
0.331259 0.000220
0.404472 0.000585
0.350542 0.027188
0.403599 0.028203
0.383450 0.055606
0.430388 0.064340
0.416985 0.076960
0.440410 0.100473
0.425880 0.105344
0.462249 0.122836
0.491318 0.113510
0.316014 0.178891
0.361962 0.173396
0.234044 0.270663
0.252624 0.300387
0.347624 0.000895
0.430885 0.028927
0.396624 0.044389
0.447992 0.060785
0.489298 0.065041
0.507023 0.087420
0.475307 0.114769
0.455519 0.104577
0.453522 0.160368
0.365528 0.158462
0.427185 0.141708
0.471047 0.151391
0.270380 0.230391
0.211755 0.331768
0.355824 0.000280
0.412570 0.000214
0.477345 0.000685
0.458699 0.025728
0.418141 0.026612
0.514888 0.060496
0.475415 0.078660
0.501154 0.073375
0.510690 0.121537
0.492016 0.092156
0.352569 0.193767
0.493217 0.152797
0.296820 0.194283
0.329061 0.185276
0.516380 0.159485
0.372159 0.000750
0.461125 0.000301
0.444500 0.025413
0.432437 0.047679
0.558441 0.096198
0.574865 0.108819
0.525981 0.096087
0.526559 0.111595
0.495061 0.132188
0.311069 0.198669
0.247423 0.222752
0.293779 0.264326
0.276557 0.275615
0.374118 0.186822
0.380280 0.000155
0.453027 0.000599
0.485477 0.000428
0.500618 0.027489
0.552947 0.043318
0.626868 0.132582
0.574113 0.131183
0.561991 0.116146
0.710445 0.203678
0.291753 0.249632
0.348246 0.210244
0.985285 0.236912
0.618135 0.211373
0.271693 0.249619
0.281533 0.211993
0.420596 0.000276
0.469244 0.000016
0.660337 0.038833
0.477972 0.056359
0.465279 0.044039
0.587304 0.145847
0.539743 0.124680
0.508121 0.106011
0.553803 0.154722
0.453879 0.143412
0.382648 0.197249
0.308151 0.222779
0.327884 0.209840
0.258207 0.246038
0.396389 0.000481
0.436768 0.000900
0.509749 0.000077
0.473135 0.028501
0.691054 0.161427
0.532478 0.063433
0.761892 0.292828
0.524992 0.132493
0.402822 0.172415
0.514637 0.142188
0.983775 0.405058
0.783574 0.304631
0.768435 0.323144
0.322060 0.222632
0.283242 0.283891
0.533922 0.000289
0.501689 0.000181
0.428675 0.000434
0.062818 0.483548
0.503519 0.047326
0.538669 0.087447
0.423721 0.158707
0.714352 0.237023
0.605818 0.198872
0.449144 0.194611
0.948660 0.388440
0.629200 0.223449
0.408746 0.191944
0.466945 0.189532
0.599117 0.000520
0.550307 0.000854
0.388326 0.000953
0.493631 0.000092
0.567474 0.027942
0.487781 0.042261
0.522850 0.077160
0.606661 0.126869
0.553443 0.181207
0.503344 0.200697
0.462419 0.178504
0.392475 0.195499
0.558513 0.214839
0.415229 0.182955
0.521566 0.193264
0.590883 0.000433
0.517721 0.000374
0.444915 0.000514
0.513818 0.028482
0.448521 0.041883
0.970930 0.429958
0.307450 0.252219
0.439962 0.199446
0.480193 0.203810
0.598692 0.241912
0.308685 0.240288
0.478753 0.205269
0.594262 0.234830
0.624921 0.186454
0.615386 0.000255
0.566648 0.000674
0.530347 0.026132
0.525742 0.000851
0.522135 0.043916
0.537454 0.040981
0.547707 0.062196
0.546042 0.108861
0.588760 0.122652
0.542685 0.144013
0.565739 0.166694
0.482319 0.157155
0.577326 0.183984
0.515405 0.190566
0.677482 0.234772
0.631587 0.000545
0.542176 0.000601
0.584362 0.030808
0.547912 0.026277
0.485828 0.025152
0.550533 0.080239
0.592313 0.105318
0.608816 0.112169
0.629611 0.117227
0.555428 0.132646
0.439660 0.183720
0.609829 0.183195
0.600299 0.227343
0.570140 0.205755
0.639710 0.000423
0.558542 0.000810
0.620046 0.029448
0.614446 0.043514
0.598896 0.042408
0.578164 0.092042
0.610355 0.096332
0.647008 0.110771
0.638635 0.146403
0.568565 0.147286
0.635432 0.188032
0.666289 0.219396
0.546017 0.186867
0.613820 0.163149
0.541556 0.208068
0.656014 0.000944
0.649229 0.027703
0.634244 0.030018
0.600262 0.027007
0.569069 0.042474
0.566300 0.062310
0.567604 0.077774
0.595687 0.085002
0.648390 0.130795
0.623370 0.150354
0.666242 0.195324
0.593845 0.160558
0.585740 0.170220
0.508727 0.167363
0.664164 0.000040
0.574665 0.000950
0.669728 0.026845
0.584119 0.052302
0.629949 0.053501
0.616592 0.064150
0.583824 0.071460
0.613026 0.078274
0.626127 0.100697
0.657841 0.145912
0.649055 0.165843
0.634516 0.167785
0.760654 0.324818
0.691124 0.250811
0.739831 0.299719
0.680543 0.001171
0.582759 0.000909
0.607219 0.000780
0.645031 0.046532
0.598705 0.065105
0.649787 0.080666
0.631654 0.086122
0.670865 0.132411
0.688492 0.141311
0.672715 0.167424
0.603431 0.141620
0.681233 0.223238
0.642893 0.217097
0.558572 0.207812
0.688695 0.000325
0.623451 0.000554
0.687340 0.027401
0.689767 0.059122
0.652334 0.063204
0.636247 0.069802
0.651054 0.097831
0.662166 0.118355
0.704535 0.131255
0.721918 0.142271
0.660343 0.181171
0.712372 0.165984
0.680602 0.180360
0.722863 0.216091
0.789791 0.338223
0.705069 0.000422
0.697991 0.042671
0.700723 0.075409
0.679217 0.041169
0.670210 0.056702
0.668326 0.073079
0.668168 0.090487
0.686261 0.124320
0.721076 0.182729
0.706222 0.149620
0.726938 0.196732
0.697207 0.273181
0.525831 0.161065
0.725520 0.283636
0.713285 0.000131
0.647880 0.000632
0.703516 0.027379
0.708991 0.060421
0.683841 0.075150
0.690190 0.092640
0.674184 0.104716
0.710229 0.109935
0.719523 0.124702
0.740274 0.183863
0.674885 0.152226
0.727475 0.249505
0.685761 0.207233
0.694344 0.193410
0.725254 0.265283
0.721507 0.000124
0.718749 0.027160
0.715723 0.043776
0.727868 0.061365
0.717841 0.076490
0.692082 0.109328
0.726675 0.103437
0.740857 0.141568
0.729930 0.159044
0.700095 0.176096
0.806249 0.311483
0.753623 0.312426
0.703201 0.265079
0.640106 0.230776
0.737962 0.000133
0.672336 0.000293
0.735125 0.026433
0.731611 0.043692
0.748632 0.058937
0.738442 0.073362
0.708751 0.092844
0.736118 0.122032
0.742472 0.166954
0.745322 0.201866
0.777869 0.243379
0.782979 0.221897
0.750182 0.275044
0.731934 0.291991
0.835696 0.363948
0.746203 0.000824
0.752208 0.027245
0.746736 0.042099
0.768755 0.061756
0.757322 0.072059
0.731581 0.088064
0.744544 0.104704
0.764590 0.162545
0.758659 0.184377
0.752042 0.223053
0.738197 0.222441
0.702264 0.244729
0.802068 0.297559
0.786227 0.343425
0.754494 0.000176
0.696851 0.000208
0.767303 0.026040
0.763757 0.043366
0.780555 0.072242
0.751361 0.088834
0.761211 0.106293
0.751658 0.125912
0.752466 0.151423
0.771834 0.192153
0.761222 0.234784
0.795646 0.270616
0.747351 0.245410
0.854768 0.406904
0.817496 0.361984
0.762801 0.001096
0.782167 0.027749
0.778724 0.045905
0.790067 0.059247
0.768043 0.086429
0.776849 0.104020
0.767510 0.123252
0.777474 0.169397
0.767229 0.206779
0.811985 0.259768
0.765937 0.277569
0.781348 0.261182
0.871692 0.425196
0.821298 0.345275
0.771120 0.000050
0.729714 0.000707
0.798904 0.023032
0.804852 0.063514
0.784530 0.090206
0.790493 0.110877
0.782960 0.128011
0.769057 0.141171
0.786939 0.202548
0.755890 0.258585
0.815222 0.235507
0.811793 0.280066
0.825552 0.309771
0.844286 0.376590
0.823435 0.329639
0.787664 0.000170
0.812476 0.030150
0.793263 0.039195
0.796940 0.079069
0.802015 0.095718
0.798782 0.132251
0.783909 0.148292
0.794576 0.160945
0.798373 0.227961
0.833412 0.290313
0.846003 0.303647
0.785738 0.287792
0.837152 0.320955
0.798590 0.325782
0.796029 0.000756
0.824016 0.023283
0.807466 0.045901
0.820196 0.065001
0.817118 0.102364
0.803991 0.115171
0.816527 0.134882
0.805503 0.147355
0.790070 0.181043
0.805730 0.189730
0.795447 0.246269
0.827544 0.273376
0.855707 0.360214
0.886048 0.393705
0.857192 0.389687
0.804489 0.000013
0.844869 0.051763
0.834459 0.065505
0.813475 0.081169
0.833583 0.108564
0.820346 0.119898
0.834219 0.142922
0.809631 0.169642
0.841197 0.216076
0.853111 0.289666
0.857174 0.326016
0.844643 0.343336
0.864145 0.409786
0.809520 0.356535
0.821228 0.000167
0.779380 0.000442
0.834073 0.038187
0.822921 0.047501
0.839521 0.080793
0.825745 0.089627
0.836286 0.126952
0.821499 0.155219
0.822413 0.195947
0.804189 0.208869
0.821824 0.216424
0.862392 0.267221
0.877327 0.330243
0.882488 0.437059
0.886895 0.413784
0.829817 0.000759
0.839834 0.022924
0.851380 0.036510
0.851896 0.066849
0.851446 0.108990
0.844484 0.095054
0.838547 0.160012
0.841276 0.179055
0.824553 0.176536
0.853537 0.230572
0.846213 0.273845
0.844829 0.251242
0.869484 0.375611
0.868009 0.343853
0.838431 0.001102
0.812909 0.000934
0.856484 0.021522
0.863755 0.057764
0.858990 0.084233
0.867370 0.111627
0.851163 0.126260
0.852197 0.145986
0.855998 0.166029
0.828892 0.252591
0.834062 0.234000
0.864985 0.309295
0.880447 0.311915
0.924002 0.449769
0.889942 0.447088
0.855645 0.000697
0.872155 0.022446
0.865564 0.039371
0.871302 0.072667
0.868709 0.096381
0.886813 0.105207
0.865364 0.133999
0.868970 0.157219
0.838988 0.197688
0.855932 0.201432
0.862547 0.248538
0.880357 0.272650
0.880643 0.359100
0.890897 0.344063
0.864234 0.000853
0.847060 0.000379
0.888174 0.019872
0.882714 0.035193
0.877998 0.050850
0.886729 0.073383
0.879261 0.122273
0.879183 0.144283
0.876032 0.178264
0.860338 0.183425
0.867068 0.214786
0.879672 0.251734
0.886820 0.294690
0.870777 0.287041
0.888212 0.378064
0.881552 0.001056
0.903136 0.022776
0.897786 0.038864
0.891512 0.057709
0.883360 0.088880
0.900154 0.117964
0.892916 0.133108
0.886934 0.163200
0.891800 0.192885
0.876367 0.198698
0.870917 0.231823
0.894658 0.272796
0.903006 0.310172
0.881672 0.463567
0.890502 0.000655
0.872866 0.000893
0.919248 0.020607
0.907176 0.052211
0.903714 0.070454
0.903021 0.085966
0.903695 0.100718
0.911434 0.132666
0.898340 0.149095
0.897739 0.176011
0.886529 0.216452
0.890627 0.234803
0.928919 0.343577
0.919028 0.414651
0.884848 0.469830
0.899295 0.000678
0.936979 0.021281
0.913441 0.036339
0.918507 0.062363
0.921788 0.081242
0.920635 0.097672
0.917461 0.114359
0.910619 0.167879
0.912164 0.188162
0.905526 0.223855
0.903371 0.205187
0.897390 0.253627
0.917535 0.326654
0.896177 0.324540
0.907960 0.000572
0.916799 0.000483
0.942239 0.039582
0.927826 0.034575
0.929955 0.051341
0.935356 0.093330
0.933121 0.115467
0.916679 0.150515
0.927594 0.172059
0.920784 0.216972
0.928646 0.233639
0.911313 0.240859
0.904355 0.288507
0.938213 0.448467
0.903399 0.414316
0.925753 0.000822
0.951711 0.022383
0.944562 0.059015
0.932093 0.070361
0.942220 0.127457
0.927441 0.135011
0.932737 0.155342
0.925086 0.200059
0.940299 0.220053
0.923517 0.256061
0.922180 0.286724
0.930031 0.317226
0.921446 0.305129
0.914819 0.346062
0.934596 0.000621
0.957061 0.037481
0.958861 0.053707
0.945280 0.078592
0.945657 0.103694
0.944761 0.145003
0.934648 0.186043
0.944065 0.204688
0.938654 0.247308
0.931647 0.274843
0.945558 0.331130
0.939994 0.294254
0.912413 0.267495
0.929775 0.362490
0.905473 0.392277
0.943624 0.000546
0.972754 0.058509
0.959649 0.070717
0.957262 0.114921
0.958553 0.134222
0.945967 0.168744
0.953199 0.236034
0.951072 0.276860
0.947872 0.308917
0.959611 0.319014
0.958482 0.339755
0.947593 0.355190
0.947615 0.371981
0.915029 0.434741
0.952546 0.000780
0.967626 0.020355
0.970723 0.036405
0.957530 0.091353
0.970321 0.144919
0.958512 0.156159
0.952851 0.189618
0.946199 0.260279
0.972479 0.270917
0.961308 0.287970
0.970020 0.298145
0.965152 0.375952
0.980307 0.385285
0.926679 0.402093
0.964273 0.400349
0.961351 0.000912
0.983091 0.025343
0.969645 0.080568
0.971203 0.122961
0.967098 0.202713
0.967577 0.242398
0.971947 0.223518
0.983497 0.335264
0.999161 0.358773
0.971474 0.350925
0.977473 0.319015
0.957653 0.496338
0.929145 0.384891
0.952563 0.497471
0.970028 0.000293
0.988697 0.000548
0.983626 0.046211
0.983754 0.131555
0.969908 0.167343
0.963516 0.180971
0.984685 0.280757
0.983266 0.255484
0.978125 0.362689
0.987464 0.429798
0.999085 0.401566
0.999797 0.473129
0.906748 0.475135
0.946414 0.412491
0.909994 0.461548
0.978934 0.000152
0.984141 0.070097
0.968230 0.101617
0.984151 0.152785
0.984504 0.174596
0.957794 0.216841
0.999728 0.291187
0.999253 0.332762
0.999733 0.264514
0.965625 0.463538
0.998973 0.346593
0.958685 0.450089
0.943802 0.476588
0.902264 0.361077
0.999673 0.001184
0.999181 0.036928
0.983093 0.090626
0.982487 0.109854
0.999604 0.104558
0.999597 0.190151
0.999526 0.140706
0.999999 0.153449
0.999761 0.372884
0.999367 0.277793
0.999240 0.387202
0.999727 0.417143
0.981213 0.471722
0.999706 0.239817
0.940428 0.431282
0.998834 0.001033
0.999826 0.047859
0.999125 0.070180
0.999605 0.092947
0.999116 0.116166
0.985848 0.213019
0.984635 0.302891
0.999057 0.317877
0.999510 0.252301
0.999829 0.201560
0.999245 0.305048
0.999167 0.452794
0.913663 0.372345
0.999817 0.438041
0.999804 0.016131
0.999361 0.026791
0.999817 0.058870
0.999528 0.081532
0.978929 0.193271
0.999462 0.128344
0.999555 0.214174
0.964045 0.258704
0.999900 0.226541
0.999602 0.165461
0.999463 0.178180
0.961139 0.422957
0.995546 0.462354
0.926212 0.481647
0.934012 0.492449
