0.000437 0.025650
0.000146 0.057582
0.000855 0.090667
0.000076 0.124868
0.000501 0.136084
0.000166 0.309979
0.000118 0.182138
0.000425 0.194253
0.000427 0.324248
0.000033 0.401819
0.053222 0.494016
0.006096 0.458770
0.014052 0.496333
0.047665 0.472098
0.000785 0.015272
0.000942 0.035677
0.000040 0.068597
0.019247 0.083359
0.021012 0.252910
0.000554 0.206130
0.000099 0.170490
0.000298 0.282092
0.000270 0.242811
0.000595 0.255742
0.000283 0.363909
0.000496 0.377584
0.025381 0.503335
0.023423 0.522524
0.065006 0.424928
0.001622 0.001135
0.000123 0.046436
0.000159 0.079403
0.000319 0.101773
0.000425 0.113172
0.000680 0.218217
0.000800 0.159192
0.000665 0.295356
0.000707 0.230435
0.000098 0.337932
0.000619 0.351184
0.000810 0.454598
0.000750 0.433552
0.058864 0.514602
0.000080 0.000286
0.024631 0.022189
0.018888 0.059896
0.019792 0.120578
0.022569 0.205097
0.045347 0.284515
0.029032 0.238943
0.000115 0.268975
0.023544 0.340604
0.020582 0.322698
0.025238 0.383217
0.000153 0.423527
0.000427 0.391975
0.008813 0.501056
0.068535 0.462730
0.012235 0.000025
0.032824 0.050017
0.018204 0.038255
0.020231 0.102330
0.000166 0.147572
0.023685 0.270424
0.042982 0.264920
0.025862 0.286020
0.021275 0.360567
0.038428 0.368242
0.020699 0.398782
0.049242 0.417444
0.015593 0.426062
0.059449 0.511164
0.031249 0.000290
0.022160 0.000124
0.042173 0.081826
0.030878 0.069955
0.021911 0.223912
0.019726 0.145489
0.039602 0.215638
0.046011 0.232654
0.037265 0.318306
0.040517 0.345185
0.053011 0.332128
0.039468 0.402738
0.055410 0.446405
0.025020 0.458653
0.082578 0.426686
0.040220 0.000149
0.043419 0.022323
0.034810 0.095745
0.032315 0.135968
0.020278 0.186250
0.039015 0.194620
0.049337 0.252177
0.069135 0.262602
0.018457 0.302144
0.045403 0.303693
0.036603 0.427360
0.037706 0.442204
0.049081 0.385107
0.025865 0.524695
0.049447 0.000482
0.035502 0.034270
0.052140 0.041659
0.046069 0.061028
0.036417 0.119305
0.050229 0.141847
0.021474 0.163354
0.056314 0.210294
0.066404 0.243509
0.063727 0.279227
0.055272 0.358520
0.063293 0.319447
0.065353 0.372668
0.097904 0.345310
0.075204 0.447927
0.058455 0.000721
0.059207 0.025104
0.062816 0.056121
0.047895 0.107147
0.053437 0.125355
0.039491 0.155198
0.034009 0.176364
0.053406 0.189556
0.087497 0.263317
0.061982 0.298423
0.080711 0.285426
0.082733 0.355550
0.035595 0.468763
0.083843 0.329293
0.067366 0.000887
0.076408 0.000467
0.069169 0.038972
0.058262 0.074207
0.056788 0.093867
0.067695 0.111359
0.067807 0.148993
0.048970 0.167090
0.065391 0.226683
0.084842 0.242358
0.101845 0.274000
0.068352 0.343014
0.092187 0.369826
0.077924 0.384270
0.085693 0.479637
0.085400 0.000481
0.075320 0.022197
0.085633 0.035280
0.075893 0.069236
0.072373 0.087533
0.070356 0.129414
0.067967 0.164200
0.067442 0.181028
0.071173 0.201569
0.096536 0.229548
0.081128 0.308787
0.104260 0.251214
0.097592 0.317684
0.097253 0.492537
0.094412 0.001026
0.112267 0.000460
0.095276 0.022263
0.081422 0.053540
0.088430 0.080050
0.081080 0.101943
0.085893 0.122440
0.086259 0.164008
0.084304 0.185213
0.081822 0.218933
0.108438 0.214512
0.097185 0.293442
0.132555 0.293826
0.081751 0.406590
0.093557 0.495103
0.103342 0.000844
0.107492 0.034914
0.098177 0.047205
0.097269 0.065463
0.098869 0.092340
0.097931 0.109094
0.084060 0.143818
0.099679 0.148704
0.099615 0.174991
0.090442 0.203578
0.114956 0.233928
0.118275 0.282025
0.109607 0.329412
0.063558 0.396703
0.121145 0.000589
0.147410 0.000456
0.115432 0.022390
0.112480 0.055554
0.110430 0.076290
0.116213 0.094095
0.102105 0.129012
0.113617 0.161072
0.105080 0.193077
0.118415 0.179559
0.122510 0.202955
0.118717 0.260883
0.136399 0.271864
0.119450 0.345773
0.103555 0.416546
0.129946 0.000459
0.125686 0.034441
0.129324 0.048960
0.126167 0.065889
0.128784 0.082737
0.114333 0.114056
0.115420 0.140858
0.130050 0.153911
0.135744 0.193394
0.128613 0.221029
0.130509 0.244595
0.112435 0.304219
0.151887 0.303329
0.133617 0.332052
0.138747 0.000815
0.181453 0.000528
0.136460 0.022628
0.144364 0.058116
0.130711 0.103721
0.126289 0.126300
0.138807 0.136836
0.133764 0.173736
0.146740 0.211391
0.150944 0.176018
0.144552 0.233276
0.144635 0.255449
0.135287 0.355723
0.109857 0.367097
0.096252 0.394970
0.155982 0.000531
0.144324 0.039183
0.144500 0.075740
0.146120 0.092886
0.141452 0.114931
0.155808 0.138105
0.147374 0.155427
0.167746 0.178014
0.154022 0.196053
0.162160 0.245783
0.161968 0.267313
0.128259 0.312602
0.115999 0.470128
0.092373 0.462144
0.164477 0.000887
0.154017 0.024844
0.160863 0.042209
0.159867 0.061222
0.159501 0.102141
0.157562 0.119853
0.164054 0.157947
0.183455 0.167903
0.173230 0.195438
0.160966 0.224071
0.178554 0.234431
0.152041 0.283877
0.150238 0.320564
0.112113 0.382949
0.120236 0.465069
0.172913 0.000626
0.176436 0.048201
0.161699 0.081918
0.181779 0.084430
0.175052 0.100188
0.171862 0.131916
0.190420 0.184504
0.205150 0.174184
0.173268 0.213895
0.178546 0.259528
0.172173 0.286415
0.170858 0.307355
0.167664 0.327019
0.119812 0.436251
0.189996 0.000282
0.168953 0.027812
0.189721 0.040300
0.172991 0.068606
0.195221 0.098940
0.180320 0.115289
0.179239 0.149465
0.216696 0.157365
0.191067 0.202503
0.210688 0.253446
0.208367 0.235360
0.147777 0.344383
0.195904 0.314603
0.133766 0.390886
0.128953 0.424018
0.198544 0.000661
0.182632 0.024713
0.204764 0.043529
0.197923 0.081031
0.197318 0.118670
0.189835 0.134672
0.198087 0.156430
0.225273 0.175366
0.195299 0.220429
0.191249 0.245418
0.186112 0.274730
0.185630 0.331949
0.117425 0.407211
0.097768 0.436218
0.207020 0.001006
0.257174 0.000122
0.199242 0.025641
0.188522 0.062253
0.211147 0.102440
0.214480 0.120910
0.206941 0.140263
0.223940 0.137033
0.248207 0.163106
0.213803 0.190351
0.207738 0.289533
0.205720 0.269217
0.188356 0.300226
0.156986 0.365868
0.131705 0.372907
0.215456 0.000375
0.215424 0.025846
0.221203 0.042726
0.214753 0.081107
0.227104 0.094436
0.229013 0.113609
0.239883 0.135056
0.233835 0.155236
0.241904 0.180769
0.230455 0.198226
0.232128 0.260119
0.220508 0.299106
0.207209 0.342465
0.110412 0.449853
0.223842 0.000528
0.290366 0.000852
0.230722 0.028046
0.203783 0.063578
0.230832 0.071856
0.244239 0.102876
0.247807 0.120892
0.265111 0.126940
0.254163 0.144078
0.302359 0.147758
0.254676 0.191706
0.210417 0.208076
0.242826 0.290423
0.254595 0.262169
0.172862 0.348459
0.232234 0.000124
0.244709 0.028088
0.236478 0.049803
0.219702 0.060704
0.257424 0.090933
0.263102 0.108523
0.279921 0.103428
0.276951 0.137548
0.266989 0.154935
0.274110 0.201044
0.227743 0.241930
0.263455 0.215207
0.133538 0.414162
0.203019 0.348395
0.240482 0.000178
0.315007 0.000493
0.251106 0.046882
0.248651 0.066373
0.242327 0.083378
0.279660 0.088345
0.309947 0.097234
0.284965 0.119670
0.286174 0.151266
0.326029 0.127154
0.263621 0.175283
0.242734 0.207063
0.221214 0.221724
0.160380 0.387052
0.216734 0.316343
0.248825 0.000468
0.258711 0.027738
0.265545 0.062196
0.268086 0.077034
0.286332 0.067332
0.295269 0.081708
0.326355 0.107800
0.298170 0.130584
0.339334 0.122333
0.316346 0.141410
0.240836 0.224816
0.277960 0.226785
0.152214 0.385978
0.223884 0.278502
0.265486 0.000353
0.339445 0.000285
0.267709 0.043606
0.282861 0.049988
0.303684 0.061656
0.311257 0.076971
0.325434 0.088874
0.297530 0.104406
0.309477 0.118751
0.341687 0.142413
0.330219 0.155564
0.289719 0.209816
0.329581 0.172935
0.283322 0.294325
0.304313 0.184323
0.273839 0.000093
0.274189 0.027019
0.287327 0.029570
0.334761 0.052998
0.325623 0.067622
0.338013 0.082163
0.375965 0.114317
0.342541 0.103228
0.358564 0.109298
0.354820 0.129614
0.281336 0.170770
0.244463 0.309196
0.358704 0.225996
0.186745 0.358809
0.282108 0.000271
0.363730 0.000997
0.318091 0.049763
0.298844 0.045108
0.347529 0.045582
0.362366 0.074036
0.355244 0.091497
0.403743 0.094375
0.408235 0.109709
0.370171 0.130192
0.356955 0.152338
0.345918 0.166475
0.313533 0.163851
0.297551 0.170508
0.260849 0.305802
0.298656 0.000327
0.301577 0.026909
0.339325 0.026111
0.372181 0.046920
0.346431 0.067767
0.379412 0.076552
0.371144 0.094182
0.391601 0.113606
0.402848 0.132574
0.373241 0.149387
0.388178 0.156932
0.436442 0.171466
0.175845 0.367142
0.272571 0.276700
0.306905 0.000078
0.314605 0.030949
0.365440 0.031713
0.361461 0.059173
0.394844 0.074752
0.458799 0.073382
0.426996 0.095049
0.386399 0.095139
0.441782 0.083992
0.407306 0.150886
0.473306 0.146330
0.436891 0.144781
0.402745 0.166762
0.345442 0.188392
0.280969 0.187993
0.323116 0.000503
0.326641 0.031160
0.378017 0.026088
0.389309 0.031756
0.412615 0.049650
0.406220 0.065454
0.454079 0.094171
0.470411 0.104637
0.440331 0.126807
0.387868 0.136149
0.420851 0.132485
0.382406 0.178198
0.235225 0.326972
0.248325 0.245530
0.331264 0.000176
0.404316 0.001119
0.352211 0.029788
0.402687 0.027200
0.383373 0.058876
0.425105 0.069765
0.416629 0.082551
0.438437 0.106774
0.420927 0.114890
0.457388 0.136330
0.485276 0.120487
0.318252 0.190426
0.362752 0.184288
0.251683 0.277276
0.271967 0.301313
0.347617 0.000278
0.427745 0.031843
0.396060 0.048368
0.443345 0.065461
0.484770 0.070500
0.501668 0.095574
0.469731 0.124729
0.455193 0.113504
0.449487 0.179271
0.366724 0.166133
0.424272 0.150053
0.465740 0.161442
0.290267 0.242412
0.227635 0.329841
0.355719 0.000616
0.412433 0.000732
0.477466 0.000611
0.455544 0.029148
0.414976 0.029014
0.508189 0.065325
0.471387 0.085131
0.497116 0.078237
0.502837 0.132774
0.483734 0.097397
0.355716 0.204998
0.489905 0.162715
0.304683 0.204262
0.336171 0.198059
0.509647 0.174514
0.371796 0.000487
0.461329 0.000798
0.440261 0.026986
0.428630 0.052496
0.552680 0.102661
0.571330 0.117030
0.517864 0.102397
0.519260 0.120097
0.488805 0.142651
0.321547 0.212990
0.260358 0.231934
0.319808 0.274943
0.297334 0.285900
0.375361 0.197991
0.379937 0.000026
0.453157 0.000113
0.485587 0.000282
0.497944 0.031098
0.549858 0.044730
0.621564 0.141032
0.569814 0.141615
0.555755 0.123703
0.702820 0.211779
0.307264 0.258159
0.351943 0.224930
0.978727 0.239963
0.611829 0.210936
0.287493 0.259580
0.299953 0.230842
0.420567 0.001070
0.469357 0.000282
0.656383 0.039865
0.472418 0.060958
0.459488 0.051909
0.581464 0.152928
0.536492 0.131851
0.499565 0.112827
0.543832 0.164968
0.452011 0.153090
0.382552 0.210326
0.314371 0.232082
0.334051 0.221925
0.272312 0.255098
0.396193 0.000326
0.436813 0.000254
0.510010 0.001062
0.468064 0.033481
0.686530 0.170058
0.526880 0.066920
0.753435 0.296096
0.521458 0.141426
0.398018 0.184895
0.502448 0.149280
0.983901 0.410526
0.764976 0.309164
0.762898 0.326773
0.328573 0.241724
0.304254 0.288544
0.534288 0.000091
0.501878 0.000819
0.428650 0.000521
0.063226 0.486936
0.497537 0.050675
0.533608 0.094666
0.418661 0.173200
0.710187 0.239575
0.595697 0.202438
0.440973 0.209967
0.947927 0.397353
0.626798 0.218832
0.408547 0.207669
0.466510 0.198377
0.598947 0.000390
0.550401 0.000623
0.388062 0.000146
0.493752 0.000869
0.562827 0.026390
0.482846 0.044383
0.517713 0.081976
0.603058 0.137736
0.540110 0.177934
0.492014 0.202317
0.464622 0.181692
0.396285 0.206345
0.540421 0.213601
0.418387 0.194725
0.516939 0.195199
0.590902 0.000877
0.518161 0.000623
0.445026 0.000147
0.513209 0.028630
0.444224 0.045913
0.968193 0.443364
0.329150 0.267942
0.432158 0.208071
0.480338 0.207677
0.587698 0.229023
0.327038 0.254598
0.470395 0.213482
0.583482 0.223037
0.618366 0.198392
0.615092 0.000567
0.566660 0.000655
0.528027 0.029670
0.526271 0.000213
0.514810 0.047146
0.532980 0.045781
0.543887 0.065114
0.537420 0.112835
0.585543 0.133389
0.528971 0.156045
0.559443 0.178029
0.478608 0.179308
0.569602 0.191751
0.497373 0.194600
0.676432 0.241753
0.631382 0.000861
0.542338 0.000883
0.580403 0.028555
0.546288 0.029165
0.482471 0.026766
0.544877 0.081589
0.588613 0.111942
0.607475 0.120975
0.626604 0.125526
0.550690 0.141430
0.432132 0.189627
0.594908 0.190488
0.598712 0.220451
0.566967 0.201342
0.639492 0.000178
0.558502 0.000315
0.613646 0.028210
0.611198 0.043500
0.591865 0.043663
0.573662 0.098588
0.604986 0.101197
0.641628 0.120855
0.635303 0.158287
0.564191 0.157774
0.638473 0.194313
0.657709 0.226286
0.528481 0.193522
0.607291 0.175272
0.530757 0.204966
0.655824 0.000748
0.644618 0.027536
0.629306 0.028754
0.598008 0.028046
0.568681 0.040986
0.560151 0.061446
0.563021 0.083866
0.587870 0.090171
0.645305 0.140412
0.616674 0.160254
0.661808 0.206739
0.591405 0.172503
0.579335 0.183797
0.492544 0.180208
0.663948 0.000175
0.574807 0.000013
0.664873 0.026605
0.580405 0.055246
0.624703 0.052868
0.609268 0.064979
0.577923 0.072895
0.610893 0.085423
0.625748 0.106148
0.650764 0.159545
0.648081 0.179055
0.627706 0.176600
0.747612 0.325732
0.683500 0.260791
0.727647 0.298734
0.680391 0.000401
0.582854 0.000263
0.607041 0.001024
0.639357 0.044933
0.596094 0.068654
0.646154 0.083606
0.628667 0.089696
0.667330 0.142989
0.685377 0.151545
0.666462 0.180109
0.601160 0.155840
0.671406 0.232034
0.643026 0.218790
0.552654 0.205684
0.688607 0.000466
0.623273 0.000501
0.682009 0.027187
0.685842 0.062017
0.648381 0.061469
0.630089 0.070365
0.648215 0.102439
0.658818 0.125525
0.699729 0.138327
0.719952 0.150032
0.648427 0.200656
0.710835 0.176871
0.674866 0.196570
0.711136 0.224617
0.779238 0.345538
0.704982 0.001055
0.692289 0.044054
0.695894 0.080348
0.674860 0.043723
0.666607 0.058680
0.662368 0.076257
0.664903 0.096504
0.681804 0.130315
0.713788 0.191597
0.702947 0.157873
0.722722 0.208065
0.692172 0.279067
0.524761 0.167323
0.704723 0.284999
0.713160 0.000670
0.647673 0.000437
0.698551 0.027618
0.704666 0.062686
0.679152 0.082120
0.686565 0.099268
0.669972 0.113471
0.706921 0.117061
0.718782 0.131908
0.737104 0.192435
0.667670 0.162613
0.718686 0.258058
0.682793 0.217598
0.691050 0.203393
0.708861 0.273207
0.721409 0.000821
0.714595 0.027236
0.709414 0.045065
0.722824 0.064663
0.713993 0.081738
0.690461 0.116822
0.723347 0.111308
0.737205 0.150016
0.723924 0.167740
0.694327 0.186587
0.800157 0.315781
0.741227 0.322094
0.674866 0.272926
0.638437 0.230102
0.737860 0.000267
0.672173 0.000332
0.729735 0.026341
0.725512 0.045546
0.743759 0.060505
0.735123 0.077100
0.706048 0.098196
0.735785 0.129438
0.740756 0.177292
0.742899 0.212736
0.769125 0.247773
0.773874 0.227969
0.733373 0.279587
0.717781 0.300911
0.831192 0.369002
0.746107 0.000619
0.745703 0.025686
0.741132 0.043022
0.764585 0.062195
0.754258 0.076094
0.726953 0.094478
0.741379 0.113264
0.761766 0.172978
0.753557 0.193292
0.746246 0.229517
0.724238 0.234462
0.695287 0.251714
0.793351 0.301021
0.778320 0.350914
0.754378 0.000343
0.696809 0.000404
0.761956 0.025669
0.756617 0.042351
0.775511 0.077567
0.744592 0.093689
0.756154 0.112801
0.751089 0.136308
0.750407 0.161002
0.769162 0.200326
0.757300 0.242422
0.783910 0.276771
0.733440 0.251271
0.852288 0.405633
0.809575 0.366800
0.762660 0.000076
0.776255 0.025175
0.771921 0.046286
0.783856 0.059926
0.762446 0.092234
0.771444 0.112481
0.766584 0.131659
0.774632 0.180134
0.759118 0.217104
0.803709 0.261978
0.756847 0.278703
0.770779 0.264702
0.869450 0.424709
0.811663 0.350285
0.770975 0.001062
0.729651 0.000227
0.794095 0.023906
0.800128 0.064629
0.780480 0.096932
0.786442 0.118384
0.781400 0.139029
0.763064 0.151096
0.782694 0.212778
0.745442 0.264853
0.808331 0.240265
0.805452 0.284563
0.817461 0.312955
0.837463 0.380260
0.819232 0.334394
0.787680 0.000496
0.806796 0.031642
0.786959 0.038108
0.792209 0.082017
0.798476 0.099833
0.795458 0.141004
0.779295 0.158346
0.792516 0.171694
0.793021 0.233928
0.821433 0.294060
0.842279 0.310128
0.778070 0.292487
0.835191 0.329527
0.788084 0.330497
0.796173 0.000114
0.818611 0.025075
0.801374 0.048016
0.816293 0.069540
0.814550 0.108954
0.802286 0.121200
0.814648 0.144432
0.801587 0.157703
0.786731 0.190582
0.799793 0.198243
0.789215 0.252579
0.820878 0.276898
0.850079 0.365981
0.881748 0.397454
0.848421 0.392087
0.804570 0.000571
0.842861 0.056569
0.831370 0.067136
0.810468 0.085011
0.832447 0.114155
0.818583 0.127924
0.833562 0.150574
0.807292 0.179360
0.835361 0.221234
0.849517 0.292732
0.852854 0.332674
0.841195 0.348550
0.861265 0.410765
0.802293 0.365574
0.821286 0.000253
0.779333 0.000849
0.828960 0.040276
0.819212 0.051582
0.836572 0.084084
0.824345 0.094989
0.835040 0.134175
0.819290 0.163573
0.817618 0.202509
0.800676 0.215864
0.816119 0.220977
0.857996 0.271178
0.873224 0.336765
0.880058 0.437008
0.886324 0.419693
0.829766 0.000337
0.834554 0.025559
0.846204 0.040064
0.850381 0.073787
0.849770 0.114907
0.844656 0.099607
0.836757 0.167144
0.838151 0.186167
0.821915 0.184060
0.847440 0.233282
0.841233 0.276467
0.839936 0.255421
0.865872 0.382609
0.863898 0.353209
0.838231 0.000016
0.812908 0.000659
0.851600 0.023873
0.860309 0.059184
0.858099 0.087368
0.866474 0.117137
0.851292 0.131881
0.852159 0.152992
0.852241 0.173115
0.821638 0.255757
0.827673 0.237906
0.859033 0.315023
0.880209 0.318954
0.926637 0.453324
0.891242 0.448860
0.855570 0.000538
0.868049 0.025677
0.862470 0.040334
0.870018 0.074761
0.865607 0.100167
0.884399 0.110707
0.864402 0.140301
0.865830 0.163535
0.835506 0.203962
0.852047 0.206384
0.857076 0.252484
0.875684 0.276764
0.876683 0.366096
0.889002 0.350613
0.864245 0.000431
0.846856 0.000563
0.885333 0.024522
0.881020 0.038824
0.874859 0.055551
0.884245 0.077753
0.877029 0.127903
0.877734 0.150349
0.873029 0.182615
0.856821 0.189565
0.861909 0.218538
0.874930 0.257960
0.883157 0.301498
0.867576 0.295127
0.888072 0.384791
0.881516 0.000064
0.901355 0.023505
0.895957 0.041704
0.889104 0.059880
0.880477 0.094004
0.897379 0.122410
0.890350 0.137416
0.883084 0.167491
0.887891 0.198503
0.871612 0.202034
0.867215 0.235660
0.893375 0.279792
0.899995 0.317316
0.882113 0.464095
0.890268 0.000278
0.872852 0.000897
0.919517 0.021381
0.907063 0.054074
0.901000 0.072550
0.899430 0.088349
0.899098 0.103382
0.908741 0.136465
0.895453 0.154992
0.890989 0.182378
0.880368 0.220366
0.883903 0.240778
0.929270 0.352153
0.918982 0.423388
0.886692 0.466794
0.898994 0.000590
0.937311 0.021846
0.912034 0.036781
0.916918 0.065410
0.916293 0.083310
0.917753 0.100024
0.912514 0.115807
0.905458 0.171320
0.907170 0.191317
0.897997 0.228592
0.897487 0.211115
0.893613 0.258762
0.912343 0.336299
0.895235 0.334978
0.907826 0.000923
0.916690 0.000928
0.943298 0.038973
0.928002 0.036073
0.926945 0.052079
0.933432 0.092013
0.928477 0.115272
0.910000 0.154878
0.921145 0.175406
0.915053 0.220917
0.920553 0.239245
0.903183 0.246142
0.899886 0.298434
0.937012 0.458077
0.902438 0.421626
0.925636 0.000530
0.953640 0.021939
0.942992 0.057773
0.931603 0.071649
0.938619 0.128358
0.922390 0.136198
0.925875 0.157828
0.916055 0.204813
0.932745 0.225087
0.916877 0.260213
0.917815 0.296223
0.930293 0.328507
0.916642 0.313117
0.908748 0.354258
0.934444 0.000665
0.958311 0.036968
0.958644 0.052507
0.944954 0.078464
0.942715 0.104938
0.937792 0.146902
0.928267 0.189995
0.935693 0.206767
0.933134 0.250477
0.926069 0.281962
0.940386 0.339960
0.936484 0.303128
0.907818 0.274518
0.926622 0.369518
0.905292 0.397135
0.943260 0.000315
0.973305 0.058344
0.958446 0.068614
0.952974 0.116407
0.953890 0.135545
0.939862 0.172372
0.946486 0.240358
0.945044 0.280600
0.945643 0.314094
0.957814 0.326570
0.959847 0.344799
0.948555 0.362336
0.945042 0.377850
0.911579 0.437591
0.952154 0.000626
0.968965 0.019027
0.972805 0.036256
0.954614 0.091035
0.966066 0.145269
0.949220 0.158625
0.944862 0.192750
0.938804 0.266082
0.966418 0.280727
0.955714 0.293199
0.964204 0.309000
0.964556 0.382703
0.978962 0.388788
0.928938 0.408297
0.964251 0.406264
0.960967 0.001169
0.984440 0.024701
0.968977 0.081224
0.968575 0.121946
0.960849 0.206531
0.962769 0.248011
0.966725 0.227799
0.981844 0.344171
0.999674 0.359554
0.966687 0.357384
0.975062 0.327227
0.951018 0.509591
0.925669 0.392270
0.958656 0.502936
0.969941 0.000948
0.989062 0.000763
0.984456 0.045637
0.981437 0.132534
0.963453 0.167095
0.959041 0.184113
0.981463 0.289077
0.979861 0.264891
0.982722 0.367890
0.988932 0.432280
0.999328 0.401339
0.992951 0.472629
0.909044 0.472751
0.946212 0.416673
0.911828 0.466240
0.979117 0.000606
0.983494 0.069278
0.966198 0.102773
0.978935 0.154373
0.978907 0.175585
0.950313 0.221347
0.999687 0.290445
0.999786 0.332404
0.999783 0.264140
0.964185 0.467142
0.999234 0.346390
0.963672 0.457594
0.948928 0.483364
0.898352 0.368120
0.999434 0.001463
0.999388 0.037176
0.982244 0.089319
0.981761 0.108710
0.999906 0.105088
0.999414 0.189267
0.999193 0.140651
0.999383 0.152627
0.999705 0.373313
0.999908 0.276691
0.999895 0.386736
0.999854 0.416227
0.980351 0.475760
0.999732 0.238369
0.942601 0.433424
0.999289 0.000109
0.999140 0.048265
0.999527 0.070390
0.999925 0.093434
0.999883 0.116846
0.978520 0.212705
0.985311 0.310164
0.999970 0.319298
0.999390 0.251440
0.999274 0.200622
0.999726 0.304628
0.999839 0.450651
0.911197 0.381712
0.999215 0.436138
0.999747 0.015725
0.999274 0.026779
0.999609 0.059138
0.999508 0.081851
0.973863 0.194217
0.999126 0.128488
0.999820 0.213185
0.958753 0.262493
0.999678 0.225813
0.999625 0.164637
0.999944 0.177109
0.960712 0.425100
0.993523 0.464827
0.935479 0.483975
0.939677 0.496004
