0.000404 0.025872
0.000567 0.057560
0.000571 0.090568
0.000137 0.124650
0.000601 0.135754
0.000094 0.309514
0.000640 0.182174
0.001029 0.194262
0.000047 0.323482
0.000629 0.401480
0.054212 0.493400
0.006550 0.454616
0.013045 0.496141
0.047688 0.472365
0.000488 0.015665
0.000128 0.035917
0.000867 0.068516
0.020502 0.083567
0.021388 0.254999
0.000856 0.206210
0.000651 0.170704
0.000157 0.281871
0.000667 0.242851
0.000644 0.255780
0.000441 0.363544
0.000792 0.376653
0.024863 0.502842
0.024038 0.521917
0.065539 0.425336
0.000351 0.000852
0.000204 0.046563
0.000770 0.079314
0.000779 0.101770
0.000496 0.113175
0.000353 0.218341
0.000268 0.159085
0.000511 0.295012
0.000684 0.230618
0.000295 0.337214
0.000117 0.350685
0.000929 0.450949
0.000364 0.431335
0.058598 0.515020
0.000621 0.000903
0.025886 0.023087
0.019741 0.060643
0.020934 0.121374
0.023024 0.207641
0.047158 0.287502
0.031371 0.241625
0.000159 0.268869
0.024338 0.341860
0.022132 0.324614
0.026154 0.383394
0.000086 0.422435
0.000282 0.391555
0.009716 0.498443
0.068493 0.463119
0.012459 0.000907
0.034192 0.050746
0.019503 0.038441
0.021060 0.102711
0.000782 0.147291
0.024738 0.272679
0.044245 0.268020
0.027635 0.288722
0.021319 0.360509
0.037577 0.369835
0.021032 0.398390
0.049803 0.418070
0.016019 0.425006
0.058287 0.512537
0.031401 0.000422
0.022328 0.000195
0.043803 0.082452
0.032705 0.071220
0.022553 0.226084
0.020855 0.145680
0.040740 0.218487
0.047904 0.234947
0.038844 0.319675
0.041659 0.347146
0.054317 0.334053
0.039421 0.403222
0.055572 0.447019
0.024805 0.457958
0.082140 0.427592
0.040279 0.000716
0.044735 0.023903
0.035856 0.097337
0.033754 0.137530
0.021526 0.188057
0.039493 0.197396
0.050043 0.255571
0.071450 0.265442
0.018538 0.304585
0.046447 0.305626
0.036817 0.427468
0.037995 0.442237
0.049372 0.385956
0.021856 0.525408
0.049368 0.000519
0.036864 0.035472
0.054135 0.041729
0.047517 0.061803
0.037612 0.120339
0.052681 0.144581
0.021869 0.165286
0.058720 0.213290
0.068558 0.247162
0.066376 0.281713
0.055998 0.359621
0.065287 0.321341
0.065838 0.374265
0.099810 0.347106
0.075693 0.448992
0.058408 0.000650
0.061677 0.024954
0.064885 0.057148
0.049521 0.108802
0.054218 0.127364
0.039567 0.156563
0.035113 0.178168
0.054683 0.191680
0.090052 0.266938
0.064121 0.300569
0.083895 0.288992
0.084224 0.357064
0.036091 0.467439
0.085922 0.330985
0.067308 0.000731
0.076405 0.000972
0.070743 0.039494
0.059743 0.075963
0.059273 0.095839
0.069762 0.113827
0.069479 0.150948
0.050104 0.169414
0.067007 0.230563
0.087735 0.246591
0.104675 0.277422
0.070163 0.344611
0.093170 0.372333
0.078918 0.386373
0.086183 0.479649
0.085382 0.000896
0.078546 0.022623
0.088025 0.036011
0.077483 0.070881
0.074705 0.088745
0.072157 0.131545
0.069349 0.167735
0.069134 0.184215
0.073157 0.204680
0.099468 0.233226
0.083457 0.311043
0.106713 0.254341
0.100351 0.320394
0.097190 0.492057
0.094339 0.000699
0.112153 0.000920
0.098983 0.023814
0.083177 0.055568
0.091386 0.082183
0.083072 0.103850
0.088139 0.124884
0.088684 0.166355
0.086853 0.188918
0.083607 0.222739
0.111283 0.217812
0.099669 0.295481
0.136047 0.296541
0.081197 0.407503
0.094770 0.494946
0.103258 0.000010
0.110131 0.036286
0.100087 0.048439
0.099537 0.066291
0.101956 0.094252
0.100062 0.110770
0.085593 0.146765
0.102275 0.151223
0.101557 0.178014
0.093118 0.208206
0.117997 0.237226
0.122102 0.285609
0.111863 0.331257
0.064007 0.398088
0.121031 0.000319
0.147341 0.000708
0.118765 0.022959
0.115376 0.057510
0.113414 0.077552
0.120000 0.095552
0.104275 0.131152
0.116280 0.164286
0.107455 0.196850
0.120958 0.183076
0.125945 0.206400
0.122089 0.264146
0.139689 0.275223
0.121070 0.348024
0.103437 0.417615
0.129873 0.000971
0.128380 0.035471
0.132308 0.050341
0.130066 0.067612
0.132683 0.084398
0.116760 0.116127
0.118098 0.143363
0.132563 0.156055
0.139110 0.195550
0.132164 0.224556
0.133970 0.248824
0.115759 0.306397
0.155455 0.305618
0.136389 0.332998
0.138598 0.000139
0.181512 0.000953
0.139594 0.024010
0.147826 0.059523
0.132992 0.106141
0.129062 0.128002
0.142117 0.139720
0.136757 0.175874
0.149805 0.214085
0.154556 0.178543
0.148516 0.236921
0.148145 0.258687
0.138078 0.356132
0.111879 0.367046
0.097595 0.395338
0.155942 0.000495
0.148484 0.039963
0.149239 0.076894
0.149329 0.095265
0.145012 0.118077
0.159918 0.141256
0.151190 0.158948
0.172170 0.181348
0.157850 0.199238
0.166075 0.248948
0.165978 0.270501
0.131398 0.314862
0.118328 0.469530
0.092449 0.463342
0.164502 0.000209
0.156516 0.024907
0.164810 0.042879
0.164341 0.062131
0.162752 0.103946
0.160989 0.121897
0.168293 0.161073
0.187066 0.170655
0.177296 0.198759
0.164285 0.227236
0.183264 0.237708
0.155456 0.286328
0.153764 0.322705
0.112996 0.384523
0.120882 0.465393
0.172977 0.000916
0.180680 0.048740
0.165970 0.083859
0.186494 0.085907
0.178616 0.102044
0.175396 0.134373
0.195285 0.187864
0.209273 0.177072
0.176819 0.217502
0.182975 0.262588
0.176536 0.288904
0.176179 0.309264
0.171159 0.327557
0.120834 0.436285
0.190042 0.000761
0.172157 0.028026
0.193845 0.040940
0.177580 0.069840
0.199107 0.101039
0.183824 0.117428
0.183350 0.151818
0.221195 0.160286
0.194780 0.205817
0.215857 0.257261
0.212629 0.238428
0.150665 0.344534
0.200366 0.315672
0.135754 0.392601
0.130437 0.424401
0.198579 0.000596
0.186082 0.025104
0.209684 0.044989
0.202766 0.082554
0.201096 0.119980
0.193990 0.137043
0.202108 0.159084
0.228878 0.178168
0.199179 0.223399
0.195186 0.248724
0.190624 0.277463
0.190858 0.331803
0.119123 0.406760
0.098299 0.436952
0.207065 0.000922
0.257159 0.000548
0.203133 0.026696
0.192733 0.063271
0.215485 0.104223
0.217733 0.123747
0.210603 0.142845
0.227632 0.139547
0.251489 0.166356
0.217190 0.193654
0.211994 0.291404
0.210287 0.272101
0.192676 0.301930
0.159992 0.366863
0.133558 0.372874
0.215471 0.001133
0.219118 0.026222
0.226546 0.042977
0.219607 0.083389
0.231220 0.096690
0.232239 0.116319
0.243757 0.137801
0.237311 0.158114
0.245743 0.184051
0.234521 0.201316
0.236866 0.262875
0.226616 0.299890
0.213110 0.343089
0.112087 0.449710
0.223882 0.000266
0.290332 0.000202
0.234964 0.028208
0.208205 0.065092
0.235366 0.073221
0.247937 0.105276
0.250555 0.123204
0.267617 0.130163
0.257610 0.146813
0.304223 0.151322
0.257744 0.196138
0.214027 0.211463
0.248631 0.292375
0.260299 0.264553
0.175728 0.348690
0.232271 0.000793
0.248737 0.028756
0.240240 0.051747
0.223465 0.062191
0.260867 0.092837
0.265930 0.111181
0.281627 0.106076
0.279717 0.140921
0.269511 0.158551
0.278208 0.205669
0.232735 0.245287
0.267044 0.218926
0.135160 0.413329
0.207454 0.347561
0.240528 0.000897
0.314922 0.000595
0.255144 0.047830
0.252728 0.067722
0.246457 0.085416
0.283023 0.090434
0.311365 0.098762
0.286498 0.122053
0.287862 0.154362
0.327045 0.130950
0.266229 0.178773
0.246197 0.210339
0.225986 0.224740
0.162380 0.385571
0.222143 0.317458
0.248871 0.000290
0.262597 0.028507
0.269087 0.062849
0.271205 0.079181
0.288534 0.068743
0.298199 0.083908
0.327827 0.109482
0.299464 0.133341
0.340909 0.124244
0.317949 0.143216
0.244429 0.227934
0.281872 0.230650
0.155078 0.385577
0.229765 0.280034
0.265466 0.000238
0.339361 0.000149
0.271715 0.044624
0.287360 0.051768
0.305932 0.063138
0.314116 0.077502
0.326926 0.090799
0.299680 0.106865
0.311161 0.120685
0.341531 0.145244
0.331552 0.158991
0.291525 0.214309
0.331120 0.178123
0.289813 0.296987
0.306303 0.189148
0.273774 0.000422
0.277498 0.027388
0.290521 0.029845
0.336493 0.053342
0.328347 0.068677
0.340043 0.083622
0.376021 0.116977
0.344093 0.104033
0.359424 0.112006
0.355174 0.132539
0.283472 0.173999
0.250070 0.308797
0.363115 0.232728
0.189616 0.357711
0.282071 0.000663
0.363686 0.000724
0.319711 0.050934
0.302793 0.045553
0.349858 0.045981
0.363451 0.074873
0.356269 0.092993
0.403349 0.096835
0.408334 0.112287
0.372135 0.133573
0.357501 0.155766
0.348168 0.172013
0.314991 0.168457
0.299601 0.174106
0.267348 0.307429
0.298573 0.000095
0.304500 0.026900
0.340094 0.025158
0.372936 0.046682
0.347429 0.067948
0.380234 0.077939
0.371485 0.095427
0.391090 0.116070
0.402362 0.134908
0.373098 0.153034
0.388658 0.161128
0.435239 0.173769
0.178991 0.366988
0.279327 0.279501
0.306792 0.000303
0.317255 0.030260
0.365419 0.031826
0.363027 0.059811
0.395782 0.077402
0.457610 0.074844
0.425669 0.097713
0.386349 0.096693
0.440593 0.085514
0.406540 0.154067
0.471078 0.149550
0.434863 0.148285
0.402598 0.171674
0.346741 0.192160
0.283305 0.192207
0.323012 0.000758
0.329543 0.032045
0.378041 0.024352
0.389348 0.033074
0.412074 0.049750
0.405771 0.066191
0.452279 0.096076
0.468799 0.107151
0.439650 0.128540
0.387355 0.138550
0.420519 0.135335
0.383522 0.184289
0.241621 0.326497
0.252869 0.248837
0.331146 0.000523
0.404427 0.000737
0.353233 0.028892
0.401921 0.026411
0.383241 0.059334
0.424349 0.071133
0.416537 0.084405
0.438009 0.108909
0.420902 0.117754
0.455155 0.139873
0.483754 0.122445
0.319595 0.194441
0.364230 0.188764
0.257622 0.280056
0.278004 0.301298
0.347556 0.000356
0.427823 0.032816
0.395648 0.048994
0.442735 0.066274
0.484154 0.071217
0.501421 0.096661
0.468200 0.127350
0.454632 0.116623
0.446144 0.186156
0.368041 0.170588
0.422865 0.155049
0.462995 0.163644
0.296780 0.247698
0.234495 0.327713
0.355676 0.001011
0.412588 0.000333
0.477506 0.000845
0.456053 0.028917
0.415580 0.029498
0.506883 0.065833
0.471292 0.085416
0.496758 0.078988
0.501499 0.133676
0.482217 0.097748
0.359401 0.212638
0.490317 0.163207
0.306999 0.208265
0.338095 0.204559
0.507270 0.177496
0.371764 0.000113
0.461343 0.000075
0.440327 0.027167
0.428027 0.052925
0.552510 0.103219
0.570847 0.117956
0.516242 0.103334
0.517494 0.122341
0.486373 0.144505
0.324869 0.218249
0.264757 0.236174
0.329975 0.279002
0.305172 0.288696
0.377154 0.204731
0.379913 0.000391
0.453220 0.000723
0.485664 0.000003
0.498069 0.031010
0.549510 0.044274
0.620429 0.141777
0.568021 0.142002
0.554386 0.123970
0.698809 0.215248
0.312298 0.261847
0.355869 0.233498
0.977983 0.239797
0.609673 0.215843
0.293730 0.263865
0.306225 0.236223
0.420715 0.000762
0.469415 0.001013
0.654314 0.041369
0.471494 0.061602
0.458370 0.053155
0.578750 0.153426
0.535539 0.131784
0.498221 0.114649
0.544788 0.164872
0.450141 0.156931
0.383188 0.218883
0.317187 0.235194
0.339361 0.227960
0.277188 0.257815
0.396263 0.000015
0.436903 0.000484
0.510009 0.001234
0.467958 0.033304
0.684782 0.172870
0.526390 0.067034
0.750016 0.296441
0.520001 0.141113
0.396020 0.191536
0.499508 0.152909
0.983080 0.412709
0.758784 0.309112
0.761353 0.326428
0.335202 0.248481
0.313732 0.289892
0.534233 0.000322
0.501901 0.001028
0.428827 0.000092
0.063767 0.486064
0.496187 0.050982
0.532745 0.095469
0.416405 0.177884
0.704536 0.242181
0.589268 0.209745
0.438653 0.218627
0.947903 0.399710
0.621842 0.223313
0.408614 0.217524
0.462088 0.208687
0.598930 0.000324
0.550276 0.000252
0.388109 0.000121
0.493788 0.000614
0.560974 0.026631
0.481775 0.043203
0.517611 0.083003
0.601678 0.138054
0.536352 0.180785
0.487998 0.214777
0.462207 0.184685
0.397749 0.214370
0.534119 0.216211
0.418102 0.202443
0.515143 0.201176
0.590859 0.000568
0.518078 0.000102
0.445102 0.000482
0.513499 0.028249
0.443358 0.045602
0.966198 0.445252
0.337889 0.274466
0.430631 0.215995
0.478734 0.217681
0.582392 0.229519
0.337005 0.260702
0.464526 0.220600
0.573904 0.221951
0.617335 0.199806
0.615169 0.000553
0.566597 0.000322
0.528275 0.029622
0.526202 0.000558
0.513652 0.046208
0.531231 0.046297
0.542723 0.065595
0.535464 0.112900
0.584697 0.133471
0.524602 0.153529
0.557024 0.179502
0.476140 0.186536
0.563395 0.198152
0.496136 0.199551
0.676013 0.249292
0.631426 0.000616
0.542212 0.000912
0.579360 0.027718
0.544845 0.028933
0.482394 0.026868
0.544022 0.081171
0.588528 0.112533
0.606622 0.120689
0.624909 0.125844
0.550066 0.142895
0.430962 0.195157
0.590577 0.191102
0.598697 0.222862
0.564309 0.209077
0.639517 0.000172
0.558454 0.000431
0.611680 0.028094
0.609364 0.044348
0.589885 0.044138
0.572162 0.099655
0.603116 0.101185
0.639742 0.121633
0.633364 0.159418
0.563203 0.159677
0.636152 0.194554
0.652957 0.233195
0.522373 0.199409
0.608267 0.178931
0.527440 0.211827
0.655790 0.000807
0.643235 0.028224
0.626866 0.029879
0.596130 0.028848
0.568788 0.040085
0.559345 0.061652
0.561952 0.084976
0.587216 0.090550
0.643774 0.141212
0.616279 0.160857
0.663732 0.211218
0.589647 0.171707
0.577345 0.184946
0.488021 0.182159
0.663950 0.000945
0.574742 0.001171
0.662520 0.027727
0.579225 0.057028
0.623173 0.054265
0.607793 0.065656
0.576355 0.073484
0.609841 0.086876
0.624946 0.105972
0.649715 0.161975
0.649270 0.180993
0.624414 0.178877
0.741488 0.324608
0.676538 0.266343
0.723250 0.298743
0.680329 0.000001
0.582817 0.000957
0.607054 0.000792
0.636910 0.045223
0.594878 0.070324
0.644079 0.083680
0.627333 0.089447
0.665539 0.144738
0.683738 0.154244
0.665973 0.183443
0.599670 0.156521
0.669148 0.237537
0.643035 0.223056
0.548562 0.211123
0.688513 0.001016
0.623311 0.001093
0.679601 0.028456
0.683192 0.063763
0.645959 0.061882
0.627762 0.070830
0.646181 0.102150
0.657475 0.126398
0.696878 0.139878
0.717173 0.151744
0.646113 0.205292
0.708090 0.179266
0.674244 0.199668
0.704732 0.226976
0.775255 0.346884
0.704831 0.000996
0.689226 0.045148
0.693067 0.080884
0.672615 0.044815
0.664377 0.060504
0.659215 0.076897
0.662813 0.096842
0.678650 0.132255
0.711355 0.194336
0.699878 0.160747
0.722102 0.211745
0.685865 0.280051
0.520275 0.171374
0.696143 0.288478
0.713019 0.000161
0.647655 0.000457
0.696065 0.028442
0.701769 0.063949
0.676319 0.083304
0.683598 0.099457
0.667351 0.114484
0.704080 0.118612
0.716342 0.133789
0.733710 0.196288
0.666503 0.164839
0.715589 0.261935
0.682975 0.222453
0.689094 0.206148
0.703209 0.275586
0.721230 0.000322
0.711930 0.028319
0.705883 0.045706
0.719988 0.065151
0.711436 0.082015
0.688620 0.117539
0.720745 0.112225
0.734675 0.151929
0.721284 0.170697
0.690849 0.188029
0.796806 0.316253
0.737191 0.322819
0.668402 0.273411
0.636168 0.237094
0.737749 0.000272
0.672153 0.000643
0.726710 0.027425
0.721894 0.047002
0.740627 0.061124
0.732598 0.077054
0.703462 0.098086
0.733986 0.131430
0.738818 0.180474
0.740265 0.216136
0.766943 0.251019
0.770956 0.230609
0.728694 0.281575
0.713933 0.302576
0.826181 0.369584
0.746029 0.000459
0.742309 0.025611
0.737794 0.043812
0.761157 0.062234
0.751877 0.076724
0.723706 0.094809
0.738983 0.114096
0.759730 0.176698
0.751061 0.196267
0.742803 0.232104
0.722536 0.238417
0.690240 0.253694
0.789420 0.301951
0.776166 0.350857
0.754335 0.000151
0.696692 0.001157
0.758770 0.026653
0.753292 0.042536
0.772218 0.079070
0.741617 0.094246
0.753925 0.113494
0.749944 0.138936
0.748056 0.163834
0.768096 0.203359
0.753387 0.246085
0.779625 0.279052
0.730473 0.254540
0.849444 0.404930
0.805009 0.367735
0.762641 0.000750
0.773674 0.025168
0.768832 0.046385
0.780345 0.060184
0.759835 0.093222
0.769276 0.113985
0.766204 0.133009
0.773414 0.183602
0.755884 0.221003
0.799413 0.263645
0.753080 0.279739
0.766677 0.268024
0.868216 0.424240
0.806694 0.350262
0.770982 0.001042
0.729500 0.000549
0.792220 0.024055
0.796669 0.065179
0.778539 0.098144
0.784908 0.120225
0.780047 0.141962
0.761359 0.153508
0.780771 0.216617
0.741883 0.268129
0.804785 0.243398
0.801245 0.286106
0.812417 0.312419
0.832560 0.382348
0.814897 0.334591
0.787799 0.000084
0.804729 0.032278
0.783907 0.038443
0.789209 0.082488
0.795877 0.101366
0.794549 0.143006
0.778091 0.161037
0.790517 0.174274
0.790150 0.236653
0.816502 0.295577
0.838321 0.310060
0.774525 0.293722
0.831786 0.330718
0.784208 0.330402
0.796270 0.000353
0.816805 0.024592
0.798551 0.048123
0.813119 0.070592
0.811659 0.110156
0.800203 0.123255
0.812588 0.147220
0.799041 0.160349
0.784460 0.194462
0.797322 0.201442
0.787026 0.256207
0.817700 0.277814
0.846798 0.366528
0.879516 0.399997
0.843065 0.393414
0.804653 0.000995
0.840893 0.056305
0.829079 0.066742
0.807621 0.086668
0.829712 0.115478
0.816119 0.130009
0.831162 0.152103
0.805020 0.182262
0.832175 0.224083
0.845941 0.292939
0.850135 0.333896
0.837559 0.348842
0.859190 0.412210
0.798894 0.366645
0.821384 0.000423
0.779391 0.000263
0.825959 0.039922
0.816279 0.052252
0.833164 0.084497
0.822057 0.096454
0.832223 0.135668
0.816458 0.165800
0.814696 0.205045
0.797732 0.219618
0.813379 0.223980
0.854201 0.273410
0.869323 0.336987
0.877754 0.435952
0.884851 0.420738
0.829885 0.000838
0.832306 0.024699
0.843746 0.040115
0.848350 0.074462
0.847125 0.116219
0.842380 0.100577
0.833605 0.169352
0.835180 0.188842
0.819582 0.186468
0.843906 0.235548
0.837209 0.277538
0.836527 0.257806
0.863497 0.384964
0.860178 0.354536
0.838385 0.000404
0.812953 0.000445
0.849499 0.024187
0.857408 0.058091
0.856460 0.087430
0.864472 0.117604
0.848886 0.133308
0.849195 0.154363
0.849399 0.175361
0.817456 0.258331
0.824422 0.240435
0.855931 0.315039
0.876844 0.320079
0.928193 0.451917
0.890703 0.447856
0.855649 0.000011
0.865974 0.024521
0.860512 0.039446
0.868588 0.074046
0.863497 0.101129
0.882529 0.111711
0.862488 0.142120
0.863342 0.165639
0.832034 0.206765
0.848950 0.209154
0.853102 0.253949
0.871770 0.278098
0.874044 0.368185
0.886944 0.352503
0.864261 0.000181
0.847005 0.000267
0.882984 0.024241
0.878897 0.038903
0.873179 0.056172
0.882645 0.078223
0.875901 0.129030
0.876041 0.151519
0.870826 0.184360
0.854199 0.192192
0.858510 0.221821
0.871798 0.260588
0.878834 0.302757
0.863442 0.296976
0.887585 0.387061
0.881474 0.000912
0.899212 0.023488
0.894039 0.041026
0.887588 0.059219
0.879282 0.094234
0.896661 0.122524
0.889688 0.138620
0.881601 0.169091
0.886322 0.200980
0.869184 0.204105
0.863914 0.238021
0.890537 0.281178
0.897486 0.318579
0.881449 0.463111
0.890136 0.000141
0.872838 0.000088
0.917612 0.022057
0.905764 0.053640
0.900097 0.071904
0.898043 0.088399
0.898084 0.103624
0.908374 0.137232
0.894389 0.156604
0.889406 0.184893
0.877526 0.222048
0.880220 0.243201
0.928673 0.355023
0.919473 0.426618
0.886490 0.464924
0.898839 0.000347
0.935420 0.022373
0.910095 0.036541
0.915762 0.066389
0.914598 0.083465
0.917469 0.100318
0.912112 0.116420
0.904407 0.173337
0.906331 0.192169
0.895184 0.230341
0.895654 0.213445
0.890924 0.261538
0.910450 0.338519
0.893131 0.337390
0.907559 0.000212
0.916447 0.000215
0.941935 0.039335
0.926189 0.036299
0.924951 0.052200
0.932356 0.091556
0.927568 0.114506
0.910065 0.155239
0.920378 0.176483
0.913741 0.222306
0.917642 0.240110
0.900492 0.247845
0.897005 0.300295
0.937190 0.458615
0.901812 0.423121
0.925370 0.000916
0.951726 0.022229
0.940995 0.058066
0.930876 0.072040
0.938500 0.128756
0.922939 0.136290
0.925685 0.158453
0.914447 0.206321
0.931288 0.226106
0.913980 0.261411
0.915574 0.298534
0.928826 0.330344
0.915227 0.315475
0.906129 0.357171
0.934181 0.000213
0.956985 0.037109
0.957389 0.052893
0.944796 0.078757
0.941781 0.105644
0.937141 0.147557
0.927518 0.191447
0.934584 0.207452
0.932363 0.250625
0.924081 0.282344
0.938318 0.343001
0.933737 0.303708
0.905484 0.275909
0.925051 0.372393
0.904239 0.399721
0.943076 0.000811
0.971924 0.059256
0.957298 0.069233
0.952832 0.117556
0.954102 0.136540
0.940303 0.173850
0.945387 0.240806
0.943094 0.280975
0.943828 0.315078
0.956906 0.328529
0.959212 0.346011
0.948593 0.364960
0.944241 0.380518
0.910985 0.437857
0.951970 0.001157
0.967851 0.020483
0.971639 0.036914
0.953909 0.092091
0.965719 0.145978
0.948356 0.159386
0.944521 0.193469
0.936767 0.266229
0.965689 0.281328
0.954947 0.294147
0.963088 0.309307
0.963028 0.384296
0.978340 0.390301
0.928721 0.411057
0.964218 0.408437
0.960829 0.000340
0.983747 0.024913
0.967779 0.082231
0.968107 0.122693
0.959894 0.206661
0.962628 0.248646
0.966579 0.227601
0.981692 0.346646
0.999358 0.359293
0.964577 0.361546
0.974781 0.328804
0.950435 0.507922
0.924234 0.394282
0.957616 0.505465
0.969821 0.000675
0.988967 0.000329
0.983865 0.046925
0.981141 0.134440
0.962798 0.166512
0.959230 0.184832
0.979446 0.289457
0.978343 0.265785
0.983053 0.370584
0.987749 0.431958
0.999080 0.401218
0.990926 0.474015
0.908948 0.472012
0.945953 0.419694
0.912367 0.466642
0.978994 0.000607
0.982426 0.070773
0.965284 0.103816
0.978677 0.155545
0.978259 0.176090
0.949319 0.221325
0.999487 0.289636
0.999100 0.331836
0.999079 0.263397
0.963662 0.468994
0.999472 0.345647
0.964079 0.456141
0.952293 0.485302
0.896448 0.370541
0.998985 0.000347
0.999312 0.037336
0.981318 0.090874
0.981598 0.110482
0.999672 0.105372
0.999966 0.188976
0.999535 0.140920
0.999228 0.152774
0.998998 0.373564
0.999727 0.276000
0.999214 0.386975
0.999901 0.415922
0.980064 0.477164
0.999528 0.237888
0.943234 0.434403
0.999595 0.001412
0.999515 0.048458
0.999820 0.070662
0.999516 0.093728
0.999621 0.117187
0.976861 0.211657
0.984290 0.310226
0.999237 0.319015
0.999083 0.250650
0.999639 0.200661
0.998980 0.304068
0.999721 0.449453
0.909829 0.384834
0.999947 0.435795
0.999452 0.015804
0.999931 0.026895
0.999139 0.059471
0.999684 0.082117
0.974139 0.193884
0.999196 0.128752
0.999797 0.213088
0.958038 0.262503
0.999653 0.225553
0.999063 0.164673
0.999475 0.176842
0.960431 0.426759
0.995177 0.465241
0.936845 0.484301
0.942396 0.498484
