0.000865 0.026236
0.000652 0.057553
0.000084 0.090446
0.000574 0.124495
0.000106 0.135552
0.000706 0.308846
0.000739 0.182114
0.000613 0.194188
0.000640 0.322693
0.000598 0.400960
0.055090 0.491684
0.006977 0.449703
0.012178 0.493053
0.047372 0.471656
0.000414 0.016210
0.000768 0.036179
0.000462 0.068477
0.022351 0.083622
0.021805 0.256815
0.000064 0.206233
0.000058 0.170589
0.000410 0.281547
0.000063 0.242917
0.000030 0.255715
0.000109 0.362974
0.000226 0.375568
0.025178 0.501720
0.024003 0.521096
0.066785 0.425093
0.000579 0.000947
0.000788 0.046704
0.000769 0.079283
0.000182 0.101624
0.000329 0.113033
0.000036 0.218450
0.000807 0.158903
0.000606 0.294256
0.000497 0.230778
0.000078 0.336041
0.000927 0.349829
0.001030 0.446553
0.000374 0.430535
0.058148 0.514199
0.000989 0.000363
0.027075 0.024085
0.020925 0.061386
0.022292 0.122405
0.024051 0.210333
0.049068 0.289816
0.033764 0.244486
0.000460 0.268731
0.025175 0.342332
0.023565 0.325437
0.027042 0.382648
0.000559 0.420661
0.000097 0.390555
0.008991 0.495051
0.068657 0.462376
0.012716 0.000466
0.035848 0.052263
0.021068 0.038825
0.022348 0.103164
0.000650 0.147151
0.025524 0.274557
0.045452 0.271350
0.029239 0.291070
0.021253 0.359744
0.037309 0.370374
0.021307 0.397905
0.050889 0.417438
0.017470 0.422646
0.057020 0.513049
0.031533 0.000056
0.022547 0.000259
0.045991 0.083710
0.034405 0.072413
0.023363 0.228633
0.022326 0.145838
0.042009 0.220978
0.050190 0.237411
0.040874 0.320470
0.043369 0.348496
0.056169 0.335406
0.039439 0.402919
0.056163 0.447022
0.024399 0.456447
0.082286 0.427762
0.040350 0.000388
0.046931 0.024777
0.037230 0.098902
0.035873 0.139183
0.023134 0.189869
0.040210 0.200876
0.051207 0.258461
0.074183 0.268105
0.018700 0.306010
0.047576 0.307086
0.036649 0.426422
0.037994 0.442222
0.050020 0.386133
0.018298 0.523829
0.049303 0.000286
0.038501 0.036992
0.056564 0.042070
0.049866 0.062199
0.038519 0.121003
0.055935 0.148229
0.022953 0.167161
0.061245 0.216223
0.071280 0.251229
0.069498 0.283745
0.057555 0.359889
0.068080 0.322560
0.066855 0.374618
0.101997 0.348930
0.076687 0.449069
0.058352 0.000705
0.064564 0.024819
0.067123 0.058190
0.052073 0.110340
0.055979 0.129641
0.039713 0.157957
0.036868 0.179854
0.056409 0.194043
0.093145 0.270384
0.067278 0.302590
0.087485 0.292276
0.085891 0.357972
0.036216 0.464756
0.087756 0.332682
0.067264 0.000243
0.076343 0.000336
0.073063 0.040179
0.061811 0.077736
0.062477 0.097974
0.072163 0.116307
0.071265 0.153279
0.052527 0.171867
0.069160 0.234252
0.091222 0.251090
0.108267 0.280326
0.072683 0.345920
0.094813 0.374163
0.080766 0.387841
0.086676 0.478178
0.085380 0.000425
0.082591 0.023742
0.090703 0.036721
0.079541 0.072610
0.077481 0.090543
0.074720 0.134187
0.071313 0.171389
0.071774 0.187551
0.075852 0.207800
0.103191 0.237058
0.085913 0.312506
0.109910 0.257425
0.103617 0.322066
0.098164 0.490640
0.094277 0.000566
0.111978 0.000292
0.102966 0.025429
0.085493 0.057459
0.095442 0.084406
0.085728 0.106158
0.091118 0.127843
0.091876 0.169016
0.090257 0.192628
0.085893 0.226920
0.115051 0.221125
0.102780 0.297382
0.140887 0.299123
0.081327 0.407909
0.095969 0.494221
0.103151 0.000694
0.113570 0.037981
0.102367 0.050117
0.102375 0.067667
0.106152 0.096259
0.102862 0.113079
0.088370 0.149760
0.105471 0.154463
0.104318 0.180946
0.096690 0.212848
0.122080 0.240771
0.126491 0.288807
0.115493 0.332827
0.064700 0.399142
0.120836 0.000768
0.147166 0.000789
0.122532 0.023824
0.119149 0.059749
0.116990 0.079049
0.124075 0.097365
0.107154 0.133940
0.119285 0.167949
0.110839 0.200623
0.124124 0.187056
0.130257 0.209950
0.126142 0.267178
0.143985 0.278304
0.123325 0.350194
0.103541 0.417860
0.129707 0.000416
0.131718 0.036751
0.136137 0.052212
0.134861 0.069812
0.137784 0.086531
0.119763 0.118653
0.121814 0.146074
0.135724 0.158423
0.143283 0.197872
0.136825 0.228038
0.137789 0.252821
0.119802 0.308166
0.160187 0.307329
0.140046 0.333430
0.138464 0.000154
0.181557 0.000069
0.143400 0.026072
0.152370 0.061060
0.136411 0.108930
0.132521 0.130352
0.146184 0.142815
0.140335 0.177996
0.153260 0.217106
0.158680 0.181610
0.153318 0.240318
0.153125 0.261927
0.141806 0.356162
0.114677 0.366465
0.099646 0.395074
0.155849 0.000876
0.153381 0.041063
0.155348 0.078219
0.152861 0.098077
0.149417 0.121890
0.164326 0.144725
0.155229 0.162753
0.177068 0.185096
0.162480 0.202619
0.171047 0.252054
0.170817 0.273466
0.135497 0.316957
0.121166 0.467910
0.092696 0.463245
0.164481 0.000364
0.159972 0.025238
0.169665 0.043855
0.169467 0.062985
0.166550 0.106172
0.165279 0.124254
0.173032 0.164492
0.191200 0.173897
0.181542 0.202411
0.168105 0.230698
0.188784 0.240950
0.160043 0.288547
0.158435 0.324776
0.114712 0.385543
0.122052 0.464814
0.173059 0.000108
0.185739 0.049524
0.171224 0.086101
0.191694 0.087254
0.183140 0.103516
0.179326 0.136712
0.200619 0.191698
0.213829 0.180251
0.181311 0.221338
0.188354 0.265266
0.181811 0.291111
0.182649 0.311077
0.175994 0.328002
0.122685 0.434749
0.190071 0.000008
0.176163 0.028231
0.199202 0.041366
0.183351 0.071454
0.203346 0.102967
0.187451 0.120026
0.187884 0.154357
0.225779 0.163623
0.199271 0.209748
0.221771 0.261090
0.217298 0.241449
0.155078 0.344008
0.206177 0.316807
0.138218 0.393749
0.132667 0.423370
0.198592 0.000061
0.190965 0.026065
0.215544 0.046313
0.208512 0.084081
0.205230 0.121189
0.198522 0.139462
0.206258 0.162095
0.232972 0.181530
0.203689 0.227323
0.200324 0.252188
0.196713 0.280275
0.197694 0.331366
0.121646 0.405106
0.098957 0.436630
0.207046 0.000801
0.257129 0.000409
0.208293 0.027695
0.197945 0.063972
0.220359 0.105493
0.221199 0.126679
0.214453 0.145564
0.231558 0.142139
0.255242 0.170493
0.220871 0.197721
0.216763 0.293026
0.215443 0.275288
0.198646 0.303143
0.164360 0.366763
0.135832 0.372630
0.215450 0.000810
0.223471 0.026774
0.232627 0.042217
0.225028 0.085660
0.235741 0.098643
0.235987 0.119073
0.247601 0.140801
0.241368 0.161274
0.249878 0.187861
0.238298 0.204809
0.242431 0.266076
0.233624 0.300220
0.219407 0.343179
0.114171 0.448481
0.223853 0.000539
0.290144 0.000676
0.239794 0.027802
0.213242 0.066199
0.240535 0.074074
0.251601 0.107589
0.253497 0.125235
0.270443 0.133048
0.261387 0.149914
0.307178 0.155946
0.262117 0.201517
0.218290 0.215550
0.255262 0.294290
0.267399 0.266731
0.179819 0.348259
0.232221 0.000171
0.252985 0.029129
0.244657 0.053795
0.228087 0.063199
0.265397 0.094226
0.269075 0.113914
0.283573 0.108633
0.283210 0.144019
0.272419 0.163304
0.282224 0.211068
0.238432 0.248523
0.270455 0.223409
0.137121 0.411514
0.213019 0.345589
0.240578 0.000741
0.314750 0.001037
0.259689 0.047913
0.257506 0.068635
0.250975 0.086864
0.286875 0.091833
0.313532 0.099902
0.288493 0.124865
0.290462 0.158396
0.328208 0.135043
0.269160 0.183383
0.250828 0.214936
0.231346 0.228110
0.165683 0.382934
0.227647 0.318493
0.248866 0.000582
0.266755 0.028451
0.273424 0.062949
0.274514 0.080463
0.290616 0.069759
0.301511 0.085792
0.328975 0.111878
0.301344 0.136331
0.343521 0.126049
0.320394 0.146403
0.248813 0.231787
0.287042 0.235998
0.158400 0.385298
0.236527 0.281263
0.265402 0.000077
0.339249 0.000565
0.276700 0.044963
0.292027 0.053097
0.308112 0.064222
0.317031 0.077759
0.328102 0.093105
0.301811 0.109906
0.313602 0.122700
0.341984 0.149358
0.333577 0.163323
0.295123 0.220429
0.333675 0.184490
0.298501 0.299924
0.308387 0.195448
0.273672 0.000338
0.280810 0.027185
0.293867 0.030081
0.337878 0.052709
0.330942 0.068927
0.343130 0.084864
0.375985 0.119879
0.345411 0.105543
0.360583 0.116130
0.356109 0.136450
0.285585 0.177858
0.257853 0.309102
0.371288 0.241130
0.193433 0.355694
0.281938 0.000355
0.363724 0.000874
0.321571 0.051534
0.306863 0.044929
0.352575 0.045690
0.365148 0.076358
0.357287 0.093688
0.403378 0.098430
0.407840 0.115544
0.373779 0.137728
0.357062 0.159480
0.350600 0.178621
0.318228 0.173152
0.302378 0.177841
0.275548 0.309267
0.298399 0.000841
0.306966 0.026023
0.340603 0.023987
0.374686 0.045224
0.348341 0.067596
0.381648 0.078594
0.372278 0.097094
0.391593 0.119516
0.402290 0.137288
0.373668 0.157296
0.389299 0.166506
0.434049 0.177203
0.183463 0.365360
0.288208 0.282599
0.306627 0.001039
0.319608 0.028875
0.366599 0.031695
0.365089 0.059499
0.397891 0.080207
0.456875 0.075880
0.425035 0.099814
0.387495 0.098495
0.439488 0.085851
0.405082 0.157642
0.468756 0.153646
0.433463 0.152271
0.402371 0.178774
0.349010 0.197151
0.286472 0.196560
0.322827 0.000910
0.332707 0.034220
0.378887 0.022854
0.390339 0.034808
0.412097 0.048709
0.406243 0.066251
0.451622 0.097089
0.467924 0.108514
0.438849 0.130273
0.387762 0.142023
0.419846 0.138447
0.384783 0.191417
0.250495 0.325677
0.258261 0.252070
0.330980 0.001201
0.404689 0.000164
0.354403 0.027328
0.401876 0.025879
0.384265 0.060443
0.424834 0.071727
0.416698 0.085584
0.438320 0.110939
0.422237 0.121551
0.452532 0.143159
0.482522 0.123466
0.323677 0.199997
0.366054 0.195270
0.265079 0.282952
0.285934 0.302184
0.347461 0.000426
0.428607 0.033479
0.396159 0.048890
0.442609 0.066725
0.483709 0.070588
0.500745 0.096705
0.467143 0.130057
0.453758 0.119582
0.442931 0.194937
0.370190 0.177072
0.420954 0.162944
0.460682 0.169000
0.303446 0.254248
0.242607 0.326417
0.355623 0.000041
0.412803 0.000342
0.477565 0.000865
0.456743 0.028504
0.416152 0.029606
0.506564 0.065189
0.471357 0.085057
0.497127 0.079549
0.500617 0.133631
0.481691 0.097521
0.364075 0.221554
0.489815 0.165970
0.310509 0.213759
0.341249 0.212517
0.504704 0.180252
0.371843 0.000134
0.461395 0.000678
0.441809 0.026995
0.428125 0.053734
0.552445 0.103118
0.569925 0.118303
0.515441 0.103552
0.516217 0.123755
0.483151 0.145271
0.329468 0.223397
0.270336 0.241488
0.342078 0.284537
0.315021 0.291981
0.379417 0.213378
0.380082 0.000857
0.453302 0.000118
0.485715 0.001076
0.498669 0.030805
0.549444 0.044679
0.619591 0.142119
0.565139 0.140607
0.552762 0.123134
0.697457 0.218472
0.319540 0.267107
0.361756 0.245177
0.978800 0.239120
0.608698 0.221693
0.301817 0.269948
0.312071 0.241319
0.420855 0.000706
0.469488 0.000920
0.651405 0.042589
0.471405 0.061339
0.457996 0.053655
0.576595 0.154514
0.535723 0.131680
0.496854 0.115439
0.544981 0.164954
0.447110 0.163286
0.384371 0.230642
0.323581 0.239029
0.346684 0.234862
0.283291 0.260282
0.396504 0.000545
0.436999 0.000684
0.509904 0.000322
0.468331 0.033244
0.682068 0.174390
0.525551 0.066442
0.744610 0.297603
0.519307 0.140834
0.395258 0.200279
0.499414 0.157672
0.982682 0.414416
0.751870 0.310028
0.759509 0.325078
0.344359 0.256269
0.325549 0.291154
0.534157 0.000097
0.501843 0.000747
0.428925 0.000731
0.064240 0.484168
0.495000 0.051664
0.532915 0.095063
0.414859 0.184532
0.698855 0.246677
0.582851 0.217206
0.437449 0.229605
0.947248 0.400685
0.617026 0.230294
0.409141 0.230922
0.455698 0.221336
0.598993 0.000364
0.550304 0.000169
0.388298 0.000292
0.493796 0.000406
0.558624 0.027993
0.480722 0.042452
0.518347 0.082914
0.599737 0.137398
0.533366 0.182573
0.483269 0.230654
0.458120 0.189209
0.399224 0.225737
0.529454 0.224636
0.416667 0.211835
0.506083 0.209062
0.590919 0.001064
0.517998 0.001033
0.445168 0.001016
0.513375 0.028138
0.443831 0.044512
0.965281 0.445443
0.349446 0.281960
0.429527 0.227927
0.476479 0.231441
0.576463 0.232086
0.350338 0.268131
0.457375 0.229577
0.562368 0.225879
0.616242 0.200742
0.615282 0.000983
0.566564 0.000385
0.528737 0.029497
0.526045 0.000014
0.512494 0.045369
0.529464 0.047589
0.541737 0.065194
0.534620 0.112287
0.583857 0.132070
0.521802 0.152616
0.552548 0.180013
0.472109 0.195632
0.554493 0.200751
0.493311 0.206608
0.672201 0.257011
0.631470 0.000098
0.542223 0.001000
0.578438 0.027728
0.542731 0.028862
0.482978 0.026902
0.543420 0.080914
0.588287 0.112798
0.605297 0.119304
0.622678 0.125225
0.548153 0.144935
0.431079 0.201584
0.587174 0.191003
0.598545 0.229523
0.559664 0.220223
0.639552 0.000759
0.558434 0.000352
0.609862 0.028393
0.606392 0.045599
0.587895 0.045513
0.570066 0.100158
0.600962 0.101045
0.638239 0.121517
0.631743 0.159792
0.560542 0.163183
0.632141 0.194513
0.645539 0.243255
0.518955 0.201483
0.608542 0.183853
0.522076 0.225043
0.655782 0.000751
0.641425 0.028221
0.624288 0.030827
0.593878 0.030153
0.568619 0.040630
0.558872 0.061917
0.560557 0.085260
0.586429 0.089857
0.642019 0.141829
0.615861 0.160891
0.663377 0.217007
0.586847 0.170299
0.573952 0.184010
0.483670 0.184573
0.663942 0.000249
0.574648 0.001109
0.659376 0.028290
0.577500 0.059270
0.620719 0.056139
0.605807 0.066045
0.574107 0.074112
0.607910 0.087157
0.623494 0.105615
0.647697 0.163328
0.648880 0.182790
0.621404 0.181876
0.734690 0.323269
0.664204 0.274184
0.716309 0.299280
0.680220 0.000409
0.582808 0.000216
0.607143 0.001122
0.633718 0.044870
0.592567 0.072016
0.640957 0.083464
0.625279 0.088922
0.662330 0.145695
0.681199 0.154914
0.663630 0.186593
0.597094 0.156365
0.663727 0.243206
0.640530 0.229172
0.543134 0.218376
0.688353 0.000435
0.623396 0.000561
0.676181 0.028907
0.679302 0.065775
0.642432 0.062431
0.624600 0.071289
0.643263 0.102491
0.655156 0.127330
0.693826 0.140521
0.713533 0.152880
0.642651 0.209922
0.705977 0.180775
0.670213 0.201731
0.700184 0.231133
0.769712 0.346288
0.704689 0.000624
0.685051 0.046126
0.689445 0.081424
0.669014 0.045396
0.661345 0.062516
0.655362 0.077231
0.659922 0.097654
0.674933 0.133956
0.710551 0.197376
0.697412 0.162153
0.721239 0.215437
0.676999 0.284370
0.517163 0.174966
0.686990 0.294193
0.712912 0.000524
0.647649 0.000803
0.692470 0.028421
0.697700 0.065389
0.672437 0.084050
0.679973 0.100356
0.664203 0.114885
0.700733 0.120414
0.712759 0.135405
0.728002 0.199972
0.664077 0.165807
0.711732 0.266507
0.679813 0.230402
0.686188 0.207419
0.698097 0.279142
0.721135 0.000105
0.707902 0.028923
0.701157 0.046008
0.716337 0.065672
0.708165 0.082111
0.685818 0.118005
0.717179 0.113456
0.730840 0.153670
0.719284 0.172986
0.687518 0.187997
0.792350 0.317811
0.731317 0.322534
0.659109 0.274500
0.633022 0.244250
0.737680 0.000653
0.672076 0.000269
0.722456 0.028676
0.717309 0.048572
0.736980 0.062222
0.729511 0.077274
0.699758 0.098890
0.731024 0.133271
0.735084 0.182833
0.734986 0.218614
0.764216 0.254365
0.766404 0.234497
0.721899 0.284559
0.709975 0.302835
0.820241 0.369421
0.746004 0.000737
0.737882 0.026070
0.733174 0.044419
0.756962 0.063050
0.748935 0.077484
0.719657 0.095481
0.735079 0.114903
0.755474 0.179833
0.747220 0.199014
0.736583 0.235998
0.720883 0.242351
0.685983 0.255704
0.784164 0.303961
0.773564 0.350093
0.754328 0.000930
0.696500 0.000689
0.754667 0.028005
0.749324 0.043039
0.768157 0.079964
0.737996 0.095028
0.750558 0.114143
0.747250 0.140805
0.743445 0.166378
0.764110 0.206751
0.747064 0.250449
0.775150 0.281770
0.726470 0.257848
0.844685 0.402705
0.799987 0.368292
0.762626 0.000684
0.770622 0.026212
0.765490 0.046795
0.776045 0.061584
0.756547 0.094195
0.766242 0.114821
0.764181 0.133392
0.769588 0.185902
0.752059 0.224425
0.794316 0.267305
0.747639 0.281765
0.761316 0.271551
0.864658 0.423573
0.800924 0.348538
0.771001 0.000385
0.729333 0.000929
0.789465 0.025033
0.791895 0.066386
0.775594 0.098772
0.781982 0.121259
0.776526 0.144180
0.758388 0.155468
0.776360 0.220935
0.736264 0.271306
0.800618 0.247598
0.795864 0.288071
0.807133 0.312462
0.826727 0.383395
0.809444 0.334103
0.787784 0.000106
0.801975 0.033887
0.780116 0.039488
0.785323 0.082169
0.791981 0.102242
0.792873 0.143463
0.774558 0.163138
0.786240 0.176215
0.784638 0.240445
0.811699 0.298230
0.832086 0.309990
0.769453 0.296497
0.826284 0.331034
0.779198 0.329529
0.796191 0.000253
0.813507 0.024943
0.794757 0.048946
0.808508 0.071902
0.807536 0.110162
0.796720 0.124737
0.809748 0.148902
0.794987 0.161921
0.780058 0.198284
0.794555 0.204728
0.782513 0.260520
0.814008 0.279690
0.842332 0.366663
0.875463 0.401590
0.835992 0.393389
0.804506 0.000253
0.836720 0.056225
0.824924 0.066629
0.803476 0.087786
0.825508 0.115904
0.812443 0.130940
0.828235 0.152759
0.801459 0.184943
0.828395 0.227391
0.839697 0.294296
0.845762 0.334745
0.832101 0.348535
0.855118 0.413041
0.794147 0.366492
0.821414 0.000211
0.779373 0.000116
0.821461 0.040264
0.811788 0.053640
0.827833 0.084223
0.818583 0.097067
0.828742 0.135906
0.812721 0.167489
0.811011 0.207581
0.793453 0.224275
0.810234 0.227949
0.849109 0.276265
0.863836 0.337203
0.873286 0.435072
0.882692 0.420261
0.829958 0.000291
0.829808 0.024451
0.839818 0.039941
0.844079 0.074617
0.843126 0.117142
0.838281 0.100259
0.829909 0.170957
0.832172 0.191468
0.816550 0.188601
0.839860 0.239265
0.831004 0.279727
0.831761 0.260993
0.859492 0.386112
0.855200 0.355672
0.838506 0.000598
0.812909 0.000312
0.846447 0.024775
0.852850 0.056963
0.853199 0.087244
0.860934 0.118045
0.845561 0.134252
0.845447 0.155015
0.846445 0.177048
0.812766 0.262402
0.820611 0.244509
0.850581 0.315189
0.871791 0.321740
0.929611 0.450473
0.889540 0.446240
0.855578 0.000121
0.863157 0.022965
0.857649 0.038540
0.864969 0.073002
0.859983 0.101704
0.879306 0.112463
0.859636 0.143426
0.860214 0.167315
0.827785 0.209680
0.845524 0.211946
0.848233 0.255763
0.867157 0.280244
0.869048 0.369782
0.882164 0.354108
0.864202 0.000607
0.847046 0.000741
0.879524 0.023156
0.874732 0.038749
0.869819 0.056362
0.879935 0.078171
0.873636 0.130256
0.873367 0.152287
0.867602 0.185886
0.851381 0.194674
0.854707 0.225617
0.867603 0.263411
0.873519 0.303606
0.857439 0.298769
0.884954 0.388568
0.881475 0.000772
0.895957 0.023026
0.890896 0.039667
0.885261 0.058272
0.876488 0.094384
0.895086 0.122732
0.888509 0.139932
0.879516 0.170446
0.883769 0.203473
0.866084 0.206323
0.859845 0.241367
0.886232 0.283321
0.893833 0.319863
0.879094 0.461320
0.890138 0.000724
0.872836 0.000640
0.914301 0.022255
0.903039 0.052748
0.897339 0.070407
0.895449 0.088511
0.896382 0.103976
0.907084 0.137719
0.892367 0.157929
0.887345 0.186912
0.873997 0.224081
0.875919 0.245884
0.926703 0.357618
0.920093 0.429236
0.885727 0.463717
0.898829 0.000939
0.932311 0.022949
0.906873 0.035856
0.914277 0.067051
0.913048 0.083962
0.916790 0.100009
0.911191 0.117862
0.902732 0.175157
0.905294 0.192687
0.891820 0.232929
0.893500 0.216078
0.887200 0.264875
0.908632 0.340084
0.889272 0.339014
0.907559 0.000221
0.916394 0.000449
0.939201 0.040084
0.923691 0.036364
0.922474 0.052289
0.931046 0.091066
0.927105 0.114274
0.910115 0.155203
0.920437 0.177077
0.912451 0.224506
0.914730 0.241404
0.897676 0.249342
0.893208 0.301357
0.937101 0.459441
0.900777 0.423232
0.925219 0.000525
0.948508 0.022609
0.938350 0.058289
0.929595 0.072552
0.938431 0.128937
0.923701 0.135851
0.925995 0.159895
0.913234 0.207797
0.930910 0.227471
0.911689 0.262633
0.912941 0.299867
0.926635 0.331097
0.913931 0.318216
0.903623 0.359350
0.934089 0.000174
0.955110 0.037362
0.955600 0.053724
0.944218 0.079453
0.940952 0.106150
0.937246 0.148021
0.927076 0.192303
0.934486 0.209096
0.931772 0.250600
0.921934 0.282273
0.935892 0.345030
0.930562 0.303173
0.903305 0.277983
0.922976 0.374649
0.902240 0.402945
0.942975 0.000639
0.970334 0.060693
0.956418 0.070253
0.953178 0.118723
0.954894 0.137927
0.941330 0.175676
0.945458 0.240703
0.940865 0.281109
0.941632 0.315845
0.955493 0.329354
0.958370 0.345763
0.947381 0.366835
0.942172 0.383476
0.909905 0.438946
0.951926 0.000957
0.966077 0.022629
0.970244 0.038270
0.953468 0.094185
0.966349 0.147172
0.948352 0.160382
0.945643 0.193828
0.934685 0.265928
0.965313 0.280042
0.953749 0.294874
0.962173 0.308902
0.961028 0.385467
0.977918 0.392012
0.927321 0.412750
0.964923 0.409343
0.960839 0.000606
0.981833 0.025999
0.966888 0.083773
0.968884 0.124130
0.959936 0.206906
0.963961 0.248187
0.967935 0.227093
0.981082 0.348104
0.999158 0.358478
0.962999 0.365430
0.974503 0.329182
0.950279 0.507382
0.922884 0.395825
0.957939 0.508227
0.969729 0.000011
0.988738 0.000031
0.982320 0.049105
0.981071 0.136702
0.963283 0.166363
0.960468 0.185091
0.978154 0.288583
0.977779 0.265057
0.982579 0.372582
0.987016 0.432002
0.999131 0.400998
0.989780 0.475514
0.908624 0.471377
0.944673 0.421505
0.913535 0.466992
0.978736 0.000250
0.980877 0.073273
0.965121 0.104899
0.979710 0.157499
0.978981 0.176808
0.949406 0.221442
0.999319 0.288642
0.999853 0.331012
0.999056 0.262585
0.963253 0.471733
0.999919 0.344506
0.964426 0.454317
0.956647 0.485701
0.892764 0.372383
0.999301 0.000344
0.998969 0.037592
0.980026 0.093572
0.981358 0.113144
0.999387 0.105432
0.999673 0.188962
0.999412 0.140992
0.999615 0.152885
0.999335 0.373285
0.999930 0.275395
0.999822 0.387249
0.999642 0.415543
0.980910 0.478566
0.999388 0.237395
0.942776 0.437157
0.999112 0.001254
0.999268 0.048693
0.999889 0.070967
0.999623 0.093850
0.999407 0.117337
0.977071 0.211177
0.982433 0.309117
0.999330 0.318211
0.999257 0.249832
0.999617 0.200852
0.999701 0.302926
0.999550 0.448314
0.908119 0.387205
0.999448 0.435935
0.999983 0.016206
0.999555 0.027171
0.999086 0.059850
0.999492 0.082360
0.976499 0.193688
0.999838 0.128894
0.999396 0.213045
0.957738 0.262174
0.999815 0.225169
0.999828 0.164843
0.999622 0.176835
0.961893 0.428553
0.998439 0.464160
0.937117 0.482962
0.942446 0.501007
