0.000256 0.026394
0.000150 0.057576
0.000273 0.090424
0.000486 0.124407
0.000321 0.135537
0.000634 0.308620
0.000649 0.182089
0.000106 0.194131
0.000604 0.322464
0.000591 0.400740
0.055315 0.490900
0.007283 0.448550
0.012043 0.491669
0.047182 0.471260
0.000681 0.016357
0.000210 0.036251
0.000203 0.068491
0.022915 0.083674
0.021952 0.257191
0.000251 0.206198
0.000573 0.170544
0.000377 0.281419
0.000669 0.242912
0.000235 0.255670
0.000087 0.362815
0.000039 0.375260
0.025261 0.501387
0.023434 0.520654
0.067257 0.424852
0.000348 0.000630
0.000203 0.046764
0.000160 0.079303
0.001021 0.101572
0.000998 0.112960
0.000766 0.218439
0.000527 0.158856
0.000337 0.293908
0.000940 0.230797
0.000410 0.335746
0.000721 0.349452
0.000560 0.445216
0.000303 0.430474
0.057929 0.513570
0.001046 0.000811
0.027463 0.024315
0.021300 0.061606
0.022721 0.122747
0.024452 0.211060
0.049642 0.290227
0.034399 0.245299
0.000103 0.268628
0.025459 0.342182
0.023972 0.325380
0.027251 0.382159
0.000342 0.419749
0.000648 0.390235
0.008633 0.493906
0.068744 0.461911
0.012757 0.000493
0.036305 0.052879
0.021549 0.038946
0.022759 0.103250
0.000571 0.147134
0.025673 0.274919
0.045734 0.272263
0.029636 0.291532
0.021194 0.359302
0.037459 0.370183
0.021342 0.397647
0.051299 0.416939
0.018319 0.421502
0.056560 0.512901
0.031545 0.000583
0.022566 0.000674
0.046758 0.084309
0.034826 0.072745
0.023658 0.229456
0.022762 0.145954
0.042417 0.221566
0.050914 0.238096
0.041545 0.320584
0.044002 0.348659
0.056799 0.335606
0.039502 0.402592
0.056388 0.446800
0.024370 0.455862
0.082645 0.427637
0.040349 0.001098
0.047721 0.024843
0.037724 0.099312
0.036691 0.139675
0.023671 0.190340
0.040515 0.201933
0.051600 0.259099
0.074963 0.268761
0.018784 0.306099
0.047937 0.307345
0.036602 0.425815
0.037992 0.442142
0.050385 0.385912
0.017812 0.522263
0.049288 0.000842
0.039030 0.037315
0.057377 0.042137
0.050807 0.062267
0.038771 0.121125
0.056912 0.149430
0.023383 0.167671
0.062007 0.216968
0.072129 0.252335
0.070395 0.284188
0.058225 0.359783
0.069026 0.322753
0.067293 0.374395
0.102709 0.349384
0.077190 0.448773
0.058340 0.000161
0.065457 0.024848
0.067849 0.058486
0.053016 0.110781
0.056654 0.130355
0.039745 0.158424
0.037474 0.180321
0.056966 0.194802
0.094176 0.271260
0.068333 0.303099
0.088524 0.293103
0.086430 0.358109
0.036165 0.463706
0.088315 0.333128
0.067265 0.000937
0.076325 0.000734
0.073942 0.040374
0.062569 0.078259
0.063519 0.098610
0.072936 0.117026
0.071893 0.154123
0.053439 0.172598
0.069914 0.235161
0.092345 0.252239
0.109602 0.280947
0.073563 0.346206
0.095430 0.374464
0.081469 0.387962
0.086864 0.477428
0.085361 0.000297
0.083904 0.024213
0.091588 0.036980
0.080349 0.073191
0.078508 0.091168
0.075609 0.135015
0.072081 0.172460
0.072792 0.188604
0.076811 0.208676
0.104431 0.238054
0.086689 0.312819
0.111104 0.258208
0.104710 0.322350
0.098631 0.490030
0.094262 0.000175
0.111944 0.000445
0.104230 0.025849
0.086339 0.057946
0.096833 0.085041
0.086716 0.106866
0.092171 0.128768
0.092923 0.169903
0.091410 0.193705
0.086664 0.228108
0.116361 0.222043
0.103940 0.297957
0.142649 0.299791
0.081633 0.407838
0.096351 0.493725
0.103119 0.000160
0.114840 0.038589
0.103201 0.050725
0.103360 0.068224
0.107612 0.096856
0.103833 0.113847
0.089493 0.150661
0.106560 0.155534
0.105297 0.181809
0.097863 0.214136
0.123539 0.241753
0.127865 0.289543
0.116811 0.333173
0.064932 0.399199
0.120775 0.000055
0.147088 0.000606
0.123768 0.024179
0.120473 0.060413
0.118223 0.079517
0.125359 0.097913
0.108205 0.134896
0.120282 0.169108
0.112026 0.201667
0.125222 0.188291
0.131710 0.210936
0.127486 0.267912
0.145469 0.279013
0.124176 0.350785
0.103724 0.417767
0.129658 0.000116
0.132854 0.037219
0.137448 0.052857
0.136463 0.070541
0.139571 0.087224
0.120770 0.119461
0.123124 0.146882
0.136811 0.159156
0.144656 0.198536
0.138400 0.229000
0.138988 0.253811
0.121080 0.308619
0.161902 0.307629
0.141252 0.333511
0.138426 0.000437
0.181549 0.000581
0.144596 0.026745
0.153921 0.061511
0.137719 0.109809
0.133693 0.131188
0.147535 0.143760
0.141465 0.178620
0.154342 0.217987
0.159967 0.182634
0.154855 0.241206
0.154923 0.262758
0.143103 0.356147
0.115710 0.366181
0.100440 0.394832
0.155775 0.000160
0.154902 0.041502
0.157405 0.078689
0.153952 0.098893
0.150814 0.123078
0.165616 0.145817
0.156421 0.163854
0.178546 0.186251
0.163955 0.203600
0.172710 0.252885
0.172409 0.274189
0.136858 0.317511
0.122069 0.467298
0.092877 0.462832
0.164455 0.000295
0.161251 0.025449
0.171308 0.044153
0.171087 0.063248
0.167762 0.106835
0.166705 0.124990
0.174473 0.165517
0.192512 0.174934
0.182755 0.203493
0.169305 0.231700
0.190479 0.241841
0.161706 0.289092
0.160083 0.325297
0.115462 0.385617
0.122651 0.464234
0.173050 0.000394
0.187351 0.049763
0.172898 0.086777
0.193269 0.087596
0.184634 0.103823
0.180547 0.137373
0.202164 0.192824
0.215179 0.181159
0.182743 0.222451
0.190042 0.265877
0.183428 0.291614
0.184648 0.311527
0.177685 0.328096
0.123354 0.433835
0.190061 0.001096
0.177550 0.028278
0.200966 0.041396
0.185169 0.071990
0.204584 0.103458
0.188519 0.120833
0.189251 0.155128
0.227009 0.164632
0.200655 0.210953
0.223640 0.262022
0.218759 0.242339
0.156693 0.343787
0.208431 0.317209
0.139104 0.393846
0.133400 0.422717
0.198576 0.000841
0.192614 0.026452
0.217399 0.046647
0.210287 0.084486
0.206435 0.121503
0.199857 0.140106
0.207446 0.163049
0.234242 0.182666
0.205126 0.228692
0.202137 0.253189
0.198782 0.281014
0.200106 0.331294
0.122537 0.404387
0.099326 0.436214
0.207003 0.000637
0.257110 0.000200
0.209944 0.027893
0.199641 0.064050
0.221773 0.105805
0.222179 0.127506
0.215575 0.146406
0.232691 0.142919
0.256353 0.171819
0.222046 0.199008
0.218415 0.293536
0.217073 0.276197
0.200777 0.303283
0.165904 0.366477
0.136649 0.372468
0.215415 0.000324
0.224824 0.026943
0.234519 0.041821
0.226688 0.086169
0.237185 0.099118
0.237089 0.119857
0.248693 0.141761
0.242666 0.162184
0.251049 0.189159
0.239310 0.205829
0.244309 0.267084
0.235855 0.300337
0.221406 0.343034
0.114842 0.447656
0.223817 0.000029
0.290048 0.000274
0.241237 0.027523
0.214788 0.066418
0.242100 0.074175
0.252636 0.108114
0.254352 0.125813
0.271356 0.133892
0.262575 0.150888
0.308346 0.157565
0.263703 0.203234
0.219704 0.216870
0.257362 0.294733
0.269845 0.267440
0.181295 0.348009
0.232196 0.000576
0.254293 0.029206
0.246076 0.054375
0.229604 0.063313
0.266931 0.094551
0.270000 0.114663
0.284344 0.109181
0.284463 0.144911
0.273412 0.164803
0.283518 0.212707
0.240116 0.249416
0.271482 0.224855
0.137827 0.410745
0.215071 0.344810
0.240553 0.000390
0.314699 0.000541
0.261057 0.047679
0.259015 0.068740
0.252330 0.087138
0.288152 0.092154
0.314313 0.100182
0.289351 0.125804
0.291587 0.159766
0.328757 0.136046
0.270165 0.185064
0.252374 0.216445
0.232925 0.229164
0.166958 0.381925
0.229403 0.318841
0.248838 0.000342
0.267951 0.028260
0.274797 0.062788
0.275524 0.080626
0.291278 0.070075
0.302607 0.086230
0.329386 0.112833
0.302192 0.137303
0.344395 0.126496
0.321165 0.147726
0.250259 0.233070
0.289069 0.237925
0.159420 0.385178
0.238730 0.281620
0.265380 0.000782
0.339206 0.000128
0.278329 0.044837
0.293381 0.053288
0.308722 0.064512
0.317990 0.077879
0.328589 0.093756
0.302498 0.110925
0.314549 0.123383
0.342427 0.150838
0.334395 0.164944
0.296766 0.222590
0.334626 0.186507
0.301711 0.300818
0.309067 0.197454
0.273636 0.000375
0.281714 0.026994
0.294730 0.030259
0.338414 0.052419
0.331756 0.069025
0.344156 0.085138
0.375940 0.120594
0.345789 0.106214
0.360927 0.117451
0.356522 0.137910
0.286480 0.179199
0.260699 0.309584
0.374550 0.244118
0.194876 0.354967
0.281870 0.000564
0.363757 0.000413
0.322177 0.051670
0.307958 0.044484
0.353496 0.045597
0.365754 0.076824
0.357687 0.093826
0.403626 0.098868
0.407716 0.116537
0.373987 0.139178
0.356897 0.160781
0.351474 0.180627
0.319562 0.174627
0.303521 0.179060
0.278471 0.309925
0.298305 0.000363
0.307494 0.025664
0.340677 0.023694
0.375385 0.044751
0.348802 0.067444
0.382200 0.078614
0.372625 0.097766
0.391930 0.120562
0.402561 0.138126
0.373896 0.158881
0.389442 0.168350
0.433753 0.178744
0.185122 0.364568
0.291341 0.283613
0.306545 0.000440
0.320367 0.028385
0.367248 0.031719
0.365788 0.059430
0.398728 0.080908
0.456844 0.076194
0.425079 0.100337
0.387943 0.099163
0.439327 0.085803
0.404584 0.158768
0.468228 0.155160
0.433101 0.153442
0.402292 0.181297
0.349926 0.199019
0.287744 0.197792
0.322790 0.000298
0.333654 0.035325
0.379507 0.022727
0.390880 0.035188
0.412390 0.048212
0.406599 0.066115
0.451854 0.097152
0.467903 0.108513
0.438652 0.131032
0.388157 0.143517
0.419641 0.139696
0.385206 0.193647
0.253609 0.325458
0.259980 0.253074
0.330935 0.000953
0.404749 0.000710
0.354789 0.026884
0.402219 0.025752
0.384826 0.061122
0.425247 0.071692
0.416931 0.085780
0.438624 0.111252
0.422834 0.122749
0.451863 0.144223
0.482216 0.123614
0.325446 0.201890
0.366682 0.197632
0.267741 0.283743
0.288876 0.302754
0.347435 0.000123
0.428959 0.033551
0.396650 0.048940
0.442761 0.066745
0.483677 0.070225
0.500390 0.096516
0.467058 0.131027
0.453667 0.120304
0.442227 0.197918
0.370984 0.179192
0.420312 0.165751
0.460479 0.171370
0.305677 0.256328
0.245223 0.326273
0.355622 0.000811
0.412863 0.000149
0.477584 0.000391
0.456947 0.028405
0.416347 0.029452
0.506634 0.064835
0.471364 0.084975
0.497365 0.079711
0.500197 0.133734
0.481651 0.097396
0.365414 0.224235
0.489243 0.167462
0.311893 0.215674
0.342655 0.215104
0.503886 0.181450
0.371867 0.000741
0.461431 0.000752
0.442349 0.026887
0.428358 0.054105
0.552285 0.103028
0.569535 0.118447
0.515338 0.103458
0.515905 0.123840
0.482188 0.145446
0.331216 0.224959
0.272393 0.243220
0.345871 0.286648
0.318426 0.293057
0.380211 0.216060
0.380159 0.000573
0.453316 0.000903
0.485723 0.000521
0.498898 0.030749
0.549451 0.044937
0.619224 0.142297
0.564213 0.139930
0.552232 0.122808
0.697222 0.219037
0.322337 0.268928
0.363774 0.249378
0.979298 0.238870
0.608248 0.223347
0.304817 0.272159
0.313821 0.242832
0.420915 0.000262
0.469519 0.000305
0.650319 0.042773
0.471527 0.061159
0.458024 0.053750
0.576203 0.154939
0.536006 0.131697
0.496380 0.115369
0.544428 0.165235
0.446227 0.165627
0.385046 0.234874
0.326386 0.240453
0.349124 0.237039
0.285491 0.260954
0.396586 0.000989
0.437016 0.000399
0.509892 0.000347
0.468536 0.033332
0.681052 0.174546
0.525098 0.066159
0.742546 0.298188
0.519195 0.140955
0.395580 0.203343
0.499851 0.159148
0.982662 0.414560
0.749803 0.310746
0.758912 0.324637
0.347327 0.258692
0.329351 0.291501
0.534154 0.000313
0.501832 0.000417
0.428953 0.000706
0.064315 0.483427
0.494680 0.052016
0.533003 0.094743
0.414695 0.187174
0.697204 0.248367
0.581239 0.219183
0.437409 0.233459
0.946896 0.400739
0.615563 0.232591
0.409529 0.235414
0.453986 0.225060
0.599014 0.000380
0.550337 0.000651
0.388388 0.000416
0.493790 0.000978
0.557965 0.028520
0.480535 0.042526
0.518587 0.082707
0.599077 0.137345
0.532428 0.183100
0.481290 0.235397
0.457176 0.190961
0.399997 0.229642
0.527857 0.227773
0.416131 0.214790
0.502516 0.211613
0.590926 0.000987
0.517988 0.000777
0.445176 0.000855
0.513247 0.028127
0.444255 0.044179
0.965422 0.445142
0.353761 0.284352
0.428863 0.232076
0.476152 0.235624
0.575116 0.232932
0.354995 0.270366
0.455482 0.232696
0.559244 0.228583
0.615649 0.201237
0.615297 0.000459
0.566568 0.000738
0.528817 0.029501
0.526025 0.000946
0.512078 0.045200
0.529038 0.048120
0.541459 0.064766
0.534464 0.111992
0.583505 0.131691
0.521292 0.153135
0.550921 0.180549
0.470980 0.198682
0.551592 0.200669
0.492035 0.208929
0.670348 0.259099
0.631463 0.000833
0.542256 0.000831
0.578079 0.027797
0.542187 0.028929
0.483427 0.026831
0.543163 0.080880
0.587970 0.112911
0.604880 0.118963
0.621859 0.125049
0.547282 0.145692
0.431105 0.203727
0.585909 0.190896
0.598344 0.231627
0.557894 0.222785
0.639542 0.000410
0.558455 0.001031
0.609342 0.028493
0.605312 0.045793
0.587315 0.045974
0.569411 0.100252
0.600250 0.101074
0.637796 0.121379
0.631161 0.159802
0.559637 0.164596
0.630965 0.194910
0.642599 0.246472
0.518048 0.201597
0.607799 0.185582
0.519700 0.229420
0.655782 0.000525
0.640693 0.027986
0.623498 0.030880
0.593248 0.030437
0.568435 0.040929
0.558629 0.061832
0.560006 0.085182
0.585976 0.089552
0.641271 0.142045
0.615379 0.160828
0.662509 0.218919
0.585891 0.170280
0.572929 0.183915
0.482147 0.185784
0.663933 0.000770
0.574659 0.000808
0.658280 0.028189
0.576892 0.059698
0.619780 0.056389
0.604968 0.065894
0.573218 0.074375
0.607108 0.086973
0.622919 0.105669
0.646703 0.163600
0.648171 0.183580
0.620513 0.182801
0.732720 0.323178
0.659839 0.277083
0.713639 0.299695
0.680185 0.000895
0.582805 0.000019
0.607154 0.000910
0.632599 0.044382
0.591649 0.072380
0.639886 0.083421
0.624492 0.088878
0.661049 0.145856
0.680259 0.154609
0.662314 0.187742
0.596189 0.156344
0.661300 0.244410
0.639405 0.230854
0.540860 0.220311
0.688331 0.000731
0.623393 0.000816
0.674941 0.028716
0.677932 0.066181
0.641213 0.062335
0.623504 0.071318
0.642255 0.102869
0.654235 0.127632
0.692877 0.140450
0.712342 0.153027
0.641379 0.211396
0.705323 0.181136
0.668104 0.202595
0.699048 0.232637
0.767632 0.345712
0.704659 0.000460
0.683572 0.046310
0.688329 0.081748
0.667616 0.045359
0.660315 0.062826
0.654155 0.077272
0.658932 0.098116
0.673850 0.134286
0.710137 0.198264
0.696849 0.162230
0.720318 0.216591
0.674447 0.286487
0.516675 0.176147
0.684112 0.295700
0.712879 0.000858
0.647639 0.000152
0.691112 0.028141
0.696284 0.065695
0.671137 0.084259
0.678908 0.100922
0.663286 0.114874
0.699725 0.120900
0.711616 0.135681
0.725956 0.200703
0.662985 0.165865
0.709926 0.267973
0.677992 0.232865
0.685032 0.207647
0.696201 0.280522
0.721121 0.000453
0.706432 0.028857
0.699494 0.045944
0.715074 0.065862
0.707109 0.082274
0.684775 0.118077
0.716008 0.113871
0.729605 0.153958
0.718786 0.173368
0.686635 0.188118
0.790666 0.318775
0.728772 0.322444
0.654920 0.275206
0.631923 0.246095
0.737669 0.000331
0.672050 0.000485
0.720968 0.028934
0.715756 0.048956
0.735817 0.062525
0.728447 0.077598
0.698513 0.099447
0.730049 0.133670
0.733715 0.183232
0.733255 0.219164
0.763065 0.255131
0.764487 0.235841
0.719215 0.285464
0.707978 0.302940
0.818386 0.369163
0.746012 0.000238
0.736434 0.026275
0.731608 0.044438
0.755505 0.063306
0.747814 0.077843
0.718341 0.095896
0.733608 0.115236
0.753741 0.180482
0.745962 0.199682
0.734387 0.237343
0.719949 0.243411
0.685024 0.256478
0.782137 0.304792
0.772656 0.349734
0.754326 0.000059
0.696472 0.000151
0.753345 0.028261
0.747986 0.043162
0.766722 0.080124
0.736694 0.095461
0.749141 0.114469
0.746104 0.141103
0.741750 0.166840
0.762246 0.207728
0.744915 0.251721
0.773746 0.282623
0.724826 0.258677
0.842926 0.401581
0.798469 0.368342
0.762625 0.000833
0.769553 0.026558
0.764351 0.046851
0.774524 0.062111
0.755276 0.094656
0.764929 0.114987
0.762933 0.133363
0.767894 0.186273
0.750865 0.225264
0.792642 0.268802
0.745769 0.282518
0.759407 0.272403
0.862989 0.423296
0.799084 0.347734
0.770991 0.000162
0.729321 0.000758
0.788351 0.025375
0.790265 0.066746
0.774332 0.098896
0.780569 0.121420
0.774829 0.144710
0.757069 0.155844
0.774487 0.222057
0.734163 0.272063
0.799223 0.248728
0.793933 0.288710
0.805739 0.312849
0.824894 0.383342
0.807693 0.334016
0.787766 0.000443
0.800895 0.034376
0.778823 0.039714
0.783942 0.082000
0.790471 0.102353
0.791959 0.143318
0.772822 0.163579
0.784472 0.176752
0.782442 0.241632
0.810422 0.299243
0.829784 0.310228
0.767500 0.297752
0.824303 0.331094
0.777287 0.329281
0.796150 0.000491
0.812077 0.025169
0.793350 0.049285
0.806934 0.072270
0.806094 0.109924
0.795337 0.125009
0.808750 0.149260
0.793391 0.162228
0.778343 0.199322
0.793539 0.205607
0.780437 0.261728
0.812670 0.280554
0.840730 0.366563
0.873795 0.401618
0.833591 0.392971
0.804470 0.000429
0.835005 0.056350
0.823378 0.066677
0.801995 0.087969
0.824117 0.115745
0.811147 0.130903
0.827316 0.152895
0.799984 0.185649
0.827118 0.228205
0.837385 0.295095
0.844101 0.335020
0.830125 0.348363
0.853397 0.412943
0.792429 0.366136
0.821395 0.000940
0.779354 0.000624
0.819838 0.040517
0.810192 0.054180
0.826108 0.083960
0.817456 0.097058
0.827686 0.135642
0.811406 0.167960
0.809640 0.208288
0.791975 0.225608
0.809061 0.229125
0.847587 0.277131
0.862052 0.337329
0.871544 0.434893
0.881906 0.419789
0.829931 0.000513
0.828846 0.024637
0.838261 0.039948
0.842462 0.074663
0.841804 0.117158
0.836922 0.099824
0.828785 0.171311
0.831385 0.192124
0.815453 0.189058
0.838573 0.240439
0.828859 0.280628
0.830174 0.261978
0.857918 0.386064
0.853491 0.355981
0.838478 0.000525
0.812887 0.000343
0.845202 0.025092
0.851271 0.056840
0.851982 0.087167
0.859660 0.118157
0.844595 0.134344
0.844352 0.155147
0.845573 0.177362
0.811195 0.263688
0.819235 0.245793
0.848608 0.315495
0.870218 0.322390
0.929735 0.450220
0.888926 0.445784
0.855535 0.000348
0.862030 0.022756
0.856549 0.038525
0.863394 0.072812
0.858672 0.101683
0.878107 0.112576
0.858703 0.143624
0.859253 0.167642
0.826442 0.210452
0.844514 0.212600
0.846836 0.256441
0.865846 0.281041
0.867126 0.370026
0.880304 0.354407
0.864158 0.001153
0.846993 0.000277
0.878280 0.023010
0.873071 0.038906
0.868412 0.056501
0.878806 0.078129
0.872744 0.130557
0.872447 0.152440
0.866549 0.186217
0.850548 0.195285
0.853611 0.226532
0.866323 0.264217
0.872067 0.303907
0.855521 0.299340
0.883693 0.388645
0.881484 0.000988
0.894752 0.022912
0.889525 0.039366
0.884250 0.058100
0.875267 0.094446
0.894264 0.122769
0.888019 0.140318
0.878828 0.170745
0.882885 0.204095
0.865108 0.206903
0.858732 0.242457
0.884809 0.284165
0.892534 0.320250
0.878435 0.460531
0.890169 0.000601
0.872830 0.000036
0.913151 0.022155
0.901877 0.052621
0.895997 0.070005
0.894295 0.088580
0.895593 0.104129
0.906435 0.137911
0.891695 0.158280
0.886642 0.187337
0.872943 0.224622
0.874778 0.246693
0.925771 0.358096
0.920163 0.429694
0.885245 0.463222
0.898869 0.000171
0.931315 0.023011
0.905649 0.035771
0.913521 0.067198
0.912240 0.084209
0.916127 0.099918
0.910583 0.118416
0.902086 0.175446
0.904912 0.192837
0.890736 0.233785
0.892896 0.216754
0.886025 0.265835
0.907896 0.340372
0.887849 0.339311
0.907590 0.000470
0.916414 0.000139
0.938295 0.040369
0.922824 0.036412
0.921534 0.052413
0.930557 0.090978
0.926854 0.114385
0.909934 0.155191
0.920419 0.177091
0.912033 0.225138
0.913903 0.241916
0.896804 0.249799
0.891966 0.301670
0.937056 0.460171
0.900265 0.422909
0.925256 0.000054
0.947469 0.022651
0.937573 0.058347
0.929036 0.072694
0.938343 0.128960
0.923632 0.135761
0.925912 0.160493
0.912896 0.208141
0.930938 0.227910
0.911136 0.262936
0.911982 0.300124
0.925884 0.331078
0.913383 0.319026
0.902739 0.359634
0.934102 0.000312
0.954478 0.037392
0.954961 0.054008
0.943914 0.079706
0.940653 0.106284
0.937202 0.148144
0.926857 0.192506
0.934489 0.209688
0.931622 0.250525
0.921311 0.282195
0.935181 0.345271
0.929656 0.302804
0.902678 0.278731
0.922113 0.374930
0.901374 0.403826
0.943009 0.000577
0.970030 0.061147
0.956208 0.070506
0.953216 0.119068
0.954992 0.138359
0.941497 0.176290
0.945703 0.240617
0.940232 0.281119
0.940985 0.315964
0.955011 0.329336
0.958129 0.345273
0.946765 0.366809
0.941201 0.384216
0.909163 0.439491
0.951989 0.000250
0.965464 0.023130
0.969963 0.038793
0.953238 0.094926
0.966626 0.147610
0.948271 0.160724
0.946008 0.193952
0.934129 0.265772
0.965066 0.279318
0.953197 0.295016
0.961852 0.308736
0.960453 0.385598
0.977886 0.392376
0.926637 0.412832
0.965132 0.409183
0.960890 0.000066
0.981062 0.026466
0.966795 0.084191
0.969272 0.124702
0.960017 0.207028
0.964482 0.247850
0.968477 0.226911
0.980706 0.348144
0.999688 0.357929
0.962711 0.366038
0.974356 0.329058
0.950227 0.507665
0.922409 0.396096
0.958463 0.508916
0.969716 0.000297
0.988676 0.000741
0.981745 0.049905
0.981197 0.137347
0.963488 0.166484
0.960867 0.185130
0.977977 0.288152
0.977814 0.264537
0.982302 0.372736
0.986996 0.432220
0.999387 0.400820
0.989644 0.475561
0.908440 0.471011
0.944098 0.421424
0.913800 0.467232
0.978689 0.000564
0.980547 0.074059
0.965232 0.105236
0.980311 0.158170
0.979417 0.177049
0.949560 0.221571
0.999758 0.288321
0.999784 0.330751
0.999292 0.262442
0.963261 0.472664
0.999639 0.344208
0.964711 0.454367
0.958023 0.485474
0.891231 0.372571
0.999430 0.000488
0.999416 0.037684
0.979805 0.094426
0.981407 0.113991
0.999385 0.105378
0.999607 0.188979
0.999210 0.140957
0.999554 0.152863
0.999563 0.373007
0.999688 0.275318
0.999024 0.387194
0.999721 0.415371
0.981646 0.478734
0.999629 0.237320
0.942413 0.438198
0.999777 0.001287
0.999213 0.048759
0.999418 0.070999
0.999464 0.093806
0.999909 0.117330
0.977483 0.211264
0.981764 0.308633
0.999832 0.317755
0.999329 0.249745
0.999852 0.200914
0.999825 0.302564
0.999685 0.448397
0.907345 0.387544
0.999797 0.436080
0.998759 0.016365
0.999493 0.027254
0.999741 0.059938
0.999657 0.082379
0.977482 0.193797
0.999358 0.128891
0.999886 0.213042
0.957539 0.262029
0.999451 0.225074
0.999127 0.164846
0.999511 0.176839
0.962633 0.428768
0.999323 0.463587
0.937153 0.482209
0.941751 0.501332
