0.000473 0.026575
0.000421 0.057642
0.000905 0.090378
0.000640 0.124289
0.000537 0.135520
0.000246 0.307899
0.000989 0.182037
0.000595 0.194026
0.000874 0.321727
0.000255 0.400029
0.055693 0.489029
0.008157 0.446962
0.011813 0.488821
0.046771 0.470321
0.001095 0.016615
0.000309 0.036411
0.000328 0.068523
0.023901 0.083855
0.022328 0.257589
0.000259 0.206038
0.001020 0.170407
0.000153 0.281042
0.000068 0.242807
0.000719 0.255523
0.000529 0.362427
0.000679 0.374773
0.025105 0.500599
0.021566 0.519044
0.068125 0.424114
0.000354 0.000643
0.000310 0.046848
0.000281 0.079327
0.000260 0.101444
0.000797 0.112814
0.000109 0.218208
0.000542 0.158721
0.000099 0.293323
0.000568 0.230653
0.000326 0.334923
0.000432 0.348411
0.000924 0.443808
0.000015 0.430055
0.057319 0.511734
0.001140 0.001218
0.028235 0.024777
0.022023 0.061946
0.023543 0.123491
0.025268 0.212138
0.050730 0.290511
0.035485 0.246636
0.000163 0.268426
0.026056 0.341401
0.024703 0.324805
0.027623 0.380746
0.000108 0.418013
0.000041 0.389157
0.008329 0.491392
0.068944 0.460723
0.012788 0.000106
0.037087 0.054095
0.022483 0.039136
0.023549 0.103362
0.000421 0.147069
0.025839 0.275213
0.046119 0.273649
0.030237 0.291938
0.021057 0.358068
0.038095 0.369232
0.021377 0.396924
0.052176 0.415577
0.020288 0.418786
0.055640 0.512065
0.031528 0.000157
0.022565 0.000882
0.048333 0.085609
0.035637 0.073319
0.024339 0.230950
0.023553 0.146191
0.043255 0.222400
0.052313 0.239176
0.042810 0.320632
0.045234 0.348518
0.057953 0.335575
0.039802 0.401570
0.056845 0.445956
0.024400 0.454585
0.083825 0.427114
0.040287 0.000130
0.049263 0.024973
0.038777 0.099995
0.038450 0.140513
0.024744 0.191050
0.041224 0.203689
0.052355 0.259868
0.076284 0.269684
0.018983 0.305741
0.048639 0.307503
0.036597 0.424269
0.038073 0.441687
0.051367 0.385006
0.017769 0.517960
0.049271 0.000239
0.040022 0.037661
0.058870 0.042142
0.052823 0.062400
0.039308 0.121335
0.058506 0.151603
0.024326 0.168510
0.063453 0.218074
0.073668 0.253977
0.071897 0.284727
0.059649 0.359345
0.070834 0.322827
0.068273 0.373590
0.104169 0.349878
0.078449 0.447732
0.058335 0.000598
0.067158 0.025118
0.069303 0.059052
0.054912 0.111711
0.057994 0.131702
0.039781 0.159323
0.038654 0.181136
0.058002 0.196220
0.096225 0.272589
0.070290 0.303790
0.090374 0.294291
0.087554 0.358175
0.035953 0.461544
0.089578 0.333737
0.067298 0.000193
0.076309 0.000190
0.075767 0.040685
0.064122 0.079159
0.065520 0.099711
0.074452 0.118382
0.073275 0.155817
0.055219 0.173944
0.071451 0.236433
0.094486 0.253840
0.112474 0.281695
0.075329 0.346480
0.096700 0.374620
0.082898 0.387646
0.087399 0.475671
0.085310 0.000286
0.086412 0.025097
0.093511 0.037584
0.082154 0.074380
0.080787 0.092358
0.077339 0.136511
0.073755 0.174388
0.074924 0.190665
0.078779 0.210204
0.106818 0.239499
0.088285 0.313278
0.113633 0.259345
0.106952 0.322649
0.099552 0.488645
0.094211 0.000168
0.111882 0.000259
0.106737 0.026539
0.088124 0.058768
0.099525 0.086168
0.088871 0.108167
0.094275 0.130443
0.094867 0.171635
0.093657 0.195678
0.088202 0.230068
0.118938 0.223576
0.106503 0.299019
0.146273 0.300800
0.082600 0.407282
0.097186 0.492020
0.103062 0.000184
0.117475 0.039844
0.105051 0.051956
0.105382 0.069402
0.110536 0.098004
0.105797 0.115284
0.091867 0.152266
0.108754 0.157556
0.107280 0.183415
0.100078 0.216343
0.126491 0.243312
0.130485 0.290540
0.119446 0.333538
0.065382 0.398751
0.120687 0.000235
0.146948 0.000470
0.126200 0.024966
0.123165 0.061570
0.120822 0.080376
0.127900 0.098910
0.110402 0.136740
0.122307 0.171285
0.114370 0.203474
0.127476 0.190571
0.134531 0.212560
0.130160 0.268993
0.148406 0.279940
0.126059 0.351628
0.104329 0.417353
0.129579 0.000161
0.135167 0.038168
0.140084 0.054150
0.139620 0.071970
0.143150 0.088518
0.122783 0.120908
0.125729 0.148316
0.138987 0.160550
0.147306 0.199627
0.141441 0.230616
0.141308 0.255286
0.123485 0.309350
0.165522 0.307851
0.143542 0.333658
0.138344 0.000356
0.181487 0.000281
0.146946 0.027886
0.156960 0.062309
0.140441 0.111446
0.135988 0.132775
0.150194 0.145492
0.143588 0.179750
0.156411 0.219468
0.162401 0.184597
0.157745 0.242663
0.158575 0.264001
0.145760 0.356113
0.117903 0.365446
0.102062 0.394129
0.155659 0.000247
0.157740 0.042359
0.161371 0.079645
0.156004 0.100290
0.153394 0.125199
0.167981 0.147927
0.158638 0.165790
0.181257 0.188316
0.166748 0.205300
0.175959 0.254213
0.175542 0.275227
0.139460 0.318345
0.123782 0.465774
0.093477 0.461540
0.164352 0.000531
0.163862 0.025975
0.174534 0.044564
0.174182 0.063735
0.170070 0.107976
0.169478 0.126292
0.177122 0.167352
0.194996 0.176876
0.184934 0.205413
0.171607 0.233374
0.193490 0.243302
0.165154 0.289905
0.163444 0.325992
0.117180 0.385287
0.124005 0.462531
0.172973 0.001092
0.190368 0.050177
0.176002 0.087985
0.196216 0.088099
0.187487 0.104255
0.182854 0.138603
0.204838 0.194790
0.217605 0.182690
0.185427 0.224332
0.193147 0.266732
0.186374 0.292318
0.188307 0.312119
0.181101 0.328068
0.124704 0.431568
0.189970 0.000384
0.180253 0.028332
0.204260 0.041377
0.188512 0.072928
0.206830 0.104241
0.190472 0.122250
0.191708 0.156550
0.229080 0.166420
0.203149 0.213052
0.227260 0.263343
0.221610 0.243994
0.159978 0.343386
0.213551 0.317925
0.141199 0.393481
0.134827 0.421141
0.198485 0.000368
0.195648 0.027219
0.220881 0.047221
0.213547 0.085114
0.208594 0.121984
0.202239 0.141115
0.209538 0.164833
0.236653 0.184866
0.207821 0.231311
0.205864 0.255005
0.202777 0.282147
0.204953 0.331283
0.124272 0.402760
0.100411 0.434991
0.206900 0.000161
0.257044 0.000574
0.212900 0.027998
0.202830 0.063988
0.224221 0.106383
0.223879 0.128880
0.217610 0.148003
0.234710 0.144363
0.258389 0.174221
0.224320 0.201330
0.222058 0.294662
0.220274 0.277693
0.205051 0.303180
0.168979 0.365750
0.138528 0.371968
0.215335 0.000197
0.227253 0.027230
0.238083 0.041133
0.229757 0.086747
0.239997 0.099868
0.238985 0.121223
0.250744 0.143633
0.245202 0.163731
0.253094 0.191801
0.241146 0.207577
0.248242 0.269006
0.240342 0.300793
0.225737 0.342470
0.116187 0.445444
0.223668 0.000376
0.289951 0.000203
0.243746 0.026814
0.217634 0.066743
0.244920 0.074219
0.254560 0.108772
0.255950 0.126939
0.273171 0.135558
0.264991 0.152736
0.310779 0.160819
0.267027 0.206438
0.222500 0.219277
0.261444 0.295383
0.274832 0.269082
0.184279 0.347391
0.232070 0.000736
0.256718 0.029473
0.248798 0.055315
0.232513 0.063253
0.269927 0.095206
0.271680 0.115950
0.286111 0.109838
0.287009 0.146663
0.275485 0.167392
0.286339 0.215681
0.243154 0.251011
0.273626 0.227534
0.139572 0.409011
0.219567 0.343440
0.240439 0.000048
0.314611 0.000261
0.263492 0.046996
0.261865 0.068687
0.254846 0.087526
0.290665 0.092824
0.315850 0.100721
0.291314 0.127662
0.294062 0.162381
0.330155 0.137474
0.272259 0.188520
0.255383 0.219125
0.235782 0.231061
0.169495 0.379834
0.233234 0.319536
0.248760 0.000170
0.269953 0.027806
0.277281 0.062169
0.277385 0.080746
0.292707 0.070805
0.304855 0.086882
0.330403 0.114864
0.304234 0.139267
0.346026 0.127273
0.322611 0.150512
0.253193 0.235564
0.293736 0.241743
0.161452 0.384624
0.243181 0.282470
0.265270 0.000334
0.339160 0.000248
0.281344 0.044398
0.295895 0.053449
0.309899 0.065084
0.320056 0.078278
0.330019 0.094755
0.303894 0.112911
0.316560 0.124863
0.343717 0.153666
0.336260 0.168407
0.300628 0.226821
0.336474 0.190294
0.308543 0.302565
0.310534 0.201218
0.273550 0.000376
0.283290 0.026445
0.296158 0.030857
0.339882 0.052088
0.333422 0.069539
0.346028 0.085497
0.376057 0.121656
0.346633 0.107608
0.361627 0.119729
0.357496 0.140992
0.288722 0.181895
0.266719 0.311094
0.381393 0.250712
0.198103 0.353667
0.281742 0.000862
0.363807 0.000192
0.323243 0.052105
0.309864 0.043387
0.355495 0.045531
0.367007 0.077629
0.358695 0.094182
0.404552 0.099929
0.407803 0.118244
0.374127 0.142076
0.356956 0.163584
0.353522 0.184160
0.322336 0.177685
0.306162 0.181662
0.284542 0.311266
0.298178 0.000466
0.308350 0.024962
0.340630 0.023493
0.376833 0.044284
0.350184 0.067271
0.383398 0.078643
0.373475 0.099327
0.392623 0.122412
0.403521 0.139882
0.374406 0.162288
0.389692 0.172027
0.433371 0.182230
0.188647 0.362888
0.297619 0.285688
0.306363 0.000676
0.322132 0.027473
0.368592 0.031878
0.367239 0.059593
0.400388 0.081965
0.457103 0.076891
0.425526 0.101409
0.388735 0.100665
0.439336 0.085899
0.403873 0.160995
0.467636 0.158275
0.432601 0.155651
0.402187 0.186297
0.352046 0.202941
0.290767 0.200067
0.322733 0.000027
0.335484 0.037621
0.381146 0.023106
0.392198 0.035580
0.413592 0.047137
0.407503 0.065800
0.452807 0.097170
0.468072 0.108204
0.438603 0.133000
0.389190 0.146922
0.419496 0.142705
0.386183 0.197950
0.259770 0.325082
0.263229 0.255100
0.330865 0.000703
0.404915 0.000824
0.355591 0.026305
0.403450 0.025544
0.386103 0.062855
0.426230 0.071443
0.417731 0.086133
0.439466 0.111350
0.424110 0.124818
0.451041 0.146608
0.481756 0.124026
0.329022 0.205560
0.368194 0.202541
0.273353 0.285195
0.295105 0.304354
0.347427 0.000358
0.429790 0.033470
0.397974 0.049566
0.443413 0.066601
0.483843 0.069641
0.499644 0.096137
0.467224 0.133392
0.453921 0.121521
0.441336 0.203834
0.372696 0.183114
0.419175 0.171179
0.460948 0.176314
0.310519 0.260081
0.250427 0.326147
0.355644 0.000285
0.412967 0.000097
0.477605 0.001127
0.457433 0.028183
0.417105 0.028851
0.506816 0.064224
0.471368 0.084990
0.497905 0.080083
0.499137 0.134500
0.481662 0.097252
0.367731 0.229051
0.487698 0.170604
0.314867 0.219423
0.346139 0.220127
0.502138 0.184354
0.371948 0.000357
0.461506 0.001063
0.443148 0.026587
0.429109 0.054818
0.551620 0.102947
0.568687 0.119078
0.515177 0.103310
0.515254 0.123725
0.480633 0.146125
0.334778 0.228128
0.276879 0.246429
0.353229 0.291135
0.325426 0.295190
0.381949 0.220851
0.380254 0.000394
0.453360 0.000089
0.485702 0.000675
0.499191 0.030629
0.549330 0.045298
0.618074 0.142960
0.562544 0.138827
0.551138 0.122511
0.695952 0.219541
0.328559 0.272465
0.367743 0.258024
0.980341 0.238514
0.606810 0.226114
0.311427 0.276628
0.317395 0.245633
0.421007 0.000705
0.469552 0.000300
0.647995 0.042920
0.471820 0.060870
0.458168 0.053960
0.575651 0.155673
0.536473 0.131932
0.495567 0.115087
0.542432 0.165791
0.444986 0.170103
0.387099 0.243364
0.332535 0.243760
0.353852 0.241280
0.290263 0.262207
0.396721 0.000918
0.437052 0.000209
0.509906 0.000367
0.469088 0.033464
0.678834 0.174695
0.523954 0.065681
0.738076 0.299557
0.518789 0.141505
0.397032 0.209589
0.500744 0.161738
0.982752 0.414136
0.745697 0.312742
0.757320 0.324089
0.352713 0.263289
0.336810 0.292106
0.534180 0.000316
0.501827 0.000915
0.429015 0.001020
0.064349 0.481842
0.494088 0.052828
0.532820 0.094126
0.414891 0.193010
0.693635 0.251557
0.578376 0.222840
0.437486 0.241480
0.946115 0.400651
0.612449 0.236837
0.410796 0.244289
0.451326 0.231091
0.599021 0.000493
0.550439 0.000244
0.388511 0.000508
0.493768 0.000087
0.557018 0.029243
0.480443 0.042968
0.518806 0.082375
0.597745 0.137862
0.530386 0.184659
0.477142 0.244090
0.456137 0.194676
0.402233 0.237119
0.523588 0.233483
0.415215 0.220279
0.495617 0.216245
0.590915 0.000588
0.517987 0.000553
0.445192 0.000520
0.513066 0.028027
0.445249 0.043673
0.966026 0.444165
0.362803 0.288995
0.426762 0.240322
0.476252 0.243420
0.573294 0.233862
0.364584 0.274729
0.452689 0.239538
0.553606 0.235322
0.614036 0.202536
0.615258 0.001020
0.566597 0.000386
0.528726 0.029575
0.526052 0.000840
0.511223 0.044870
0.528440 0.048976
0.540891 0.063618
0.533832 0.111581
0.582516 0.131618
0.520340 0.154884
0.547708 0.182730
0.469246 0.204324
0.545840 0.200044
0.489795 0.213279
0.666166 0.263055
0.631403 0.000001
0.542345 0.000217
0.577173 0.027685
0.541537 0.029079
0.484543 0.026530
0.542367 0.080804
0.586866 0.113272
0.604108 0.118768
0.620038 0.125060
0.545451 0.147243
0.430895 0.208122
0.583058 0.190416
0.597548 0.235131
0.554404 0.225797
0.639502 0.000026
0.558533 0.000592
0.608263 0.028446
0.603219 0.045618
0.586242 0.046570
0.568396 0.100490
0.598840 0.101256
0.636752 0.121131
0.629523 0.159948
0.558332 0.167345
0.628958 0.196367
0.636670 0.252702
0.516049 0.201959
0.605068 0.188961
0.515409 0.236754
0.655762 0.000194
0.639023 0.027226
0.621939 0.030436
0.592163 0.030399
0.567914 0.041168
0.557835 0.061350
0.558734 0.084948
0.584745 0.089206
0.639307 0.142608
0.613715 0.160798
0.660273 0.222463
0.584141 0.170898
0.571296 0.184350
0.479137 0.188569
0.663904 0.000312
0.574695 0.000016
0.656095 0.027628
0.575749 0.059844
0.617963 0.056103
0.603056 0.065167
0.571264 0.075106
0.605378 0.086367
0.621571 0.106025
0.644324 0.164274
0.646094 0.185405
0.618582 0.184173
0.728859 0.323528
0.651244 0.282977
0.708313 0.301019
0.680142 0.000572
0.582802 0.000802
0.607149 0.000489
0.630333 0.043003
0.589799 0.072801
0.637862 0.083364
0.622800 0.089031
0.658377 0.146300
0.678261 0.153857
0.659387 0.190246
0.594403 0.156496
0.656265 0.246054
0.637106 0.233224
0.535287 0.223281
0.688325 0.000686
0.623320 0.000519
0.672445 0.028016
0.675292 0.066500
0.638840 0.061651
0.621431 0.071194
0.640257 0.103753
0.652261 0.128256
0.690901 0.140198
0.709862 0.153147
0.638844 0.214236
0.703376 0.181755
0.663460 0.204903
0.696264 0.235119
0.763237 0.344530
0.704675 0.000054
0.680612 0.046522
0.686334 0.082570
0.664698 0.045009
0.658259 0.062800
0.651896 0.077277
0.656923 0.099016
0.671945 0.134729
0.708025 0.199743
0.695598 0.162259
0.716989 0.218901
0.669755 0.290825
0.515958 0.178630
0.677985 0.297512
0.712879 0.000232
0.647618 0.000354
0.688263 0.027426
0.693483 0.065936
0.668645 0.084625
0.677045 0.102084
0.661682 0.114714
0.697849 0.121583
0.709516 0.135877
0.721946 0.201341
0.660708 0.166033
0.705162 0.270616
0.673645 0.236968
0.682303 0.208178
0.691194 0.283284
0.721117 0.000313
0.703449 0.028469
0.696177 0.045626
0.712479 0.066222
0.705035 0.082722
0.682519 0.118126
0.713744 0.114531
0.727293 0.154004
0.717557 0.173567
0.684832 0.188846
0.787079 0.321153
0.723229 0.322496
0.646310 0.276485
0.629277 0.249337
0.737686 0.001066
0.672019 0.000731
0.717988 0.029183
0.712599 0.049531
0.733409 0.062828
0.726131 0.078511
0.696107 0.100629
0.728226 0.134131
0.730999 0.183688
0.730483 0.219965
0.760241 0.256180
0.760161 0.238287
0.713615 0.286836
0.702010 0.304148
0.814728 0.368376
0.746024 0.000967
0.733681 0.026644
0.728489 0.044231
0.752321 0.063485
0.745151 0.078683
0.715725 0.096769
0.730534 0.115935
0.750171 0.181307
0.743642 0.200709
0.730321 0.239636
0.716978 0.244922
0.682563 0.258231
0.777702 0.306337
0.770570 0.349030
0.754306 0.000844
0.696490 0.000332
0.750728 0.028280
0.745175 0.043258
0.763580 0.080376
0.733893 0.096452
0.745919 0.115292
0.743619 0.141260
0.738472 0.167122
0.758200 0.209307
0.740924 0.253913
0.770810 0.284226
0.721039 0.260034
0.839370 0.398965
0.795461 0.368189
0.762599 0.000253
0.767135 0.026940
0.761783 0.046722
0.771145 0.062892
0.752385 0.095800
0.761885 0.115211
0.759783 0.133248
0.764409 0.186684
0.748498 0.226424
0.789253 0.271752
0.742092 0.284061
0.755351 0.273730
0.859336 0.422506
0.795386 0.346378
0.770956 0.000925
0.729371 0.000592
0.785832 0.025825
0.786988 0.067138
0.771357 0.099137
0.777256 0.121702
0.771114 0.145591
0.754111 0.156187
0.770621 0.223513
0.729952 0.273380
0.796291 0.250223
0.789755 0.289950
0.803269 0.314121
0.821266 0.382701
0.804333 0.334284
0.787696 0.000896
0.798426 0.034988
0.776130 0.039791
0.780971 0.081885
0.787198 0.102541
0.789612 0.142989
0.768993 0.164157
0.780824 0.177754
0.778054 0.243575
0.808057 0.301170
0.825233 0.311277
0.763071 0.300388
0.820495 0.331404
0.772893 0.329213
0.796057 0.000448
0.808904 0.025448
0.790214 0.049857
0.803784 0.072856
0.803151 0.109418
0.792348 0.125399
0.806636 0.149942
0.790014 0.162633
0.774896 0.201053
0.791151 0.206975
0.775787 0.263652
0.809510 0.282480
0.837377 0.366160
0.870127 0.401047
0.828777 0.391676
0.804405 0.000052
0.831410 0.056674
0.820248 0.066804
0.798901 0.088337
0.821466 0.115199
0.808539 0.130596
0.825379 0.153159
0.796620 0.186734
0.824535 0.229207
0.833079 0.297008
0.840744 0.335630
0.826084 0.348119
0.849797 0.412251
0.788939 0.365104
0.821307 0.000198
0.779288 0.000268
0.816549 0.040952
0.806922 0.055131
0.822980 0.083374
0.815319 0.097043
0.825627 0.134841
0.808561 0.168817
0.806618 0.209421
0.789038 0.227684
0.806332 0.231004
0.845076 0.278629
0.858825 0.337603
0.867935 0.434279
0.880094 0.418559
0.829820 0.000374
0.826455 0.025210
0.834877 0.040095
0.839308 0.074811
0.839266 0.116762
0.834483 0.098779
0.826516 0.171812
0.829915 0.193056
0.813051 0.189525
0.836061 0.242269
0.825016 0.282382
0.827278 0.263565
0.854603 0.385453
0.850165 0.356446
0.838364 0.000716
0.812847 0.001032
0.842368 0.025798
0.848157 0.057012
0.849626 0.087072
0.857184 0.118312
0.842885 0.134242
0.842340 0.155395
0.843813 0.177655
0.807789 0.265616
0.816209 0.247786
0.844868 0.316531
0.867493 0.323724
0.929450 0.449919
0.887300 0.444855
0.855451 0.000501
0.859359 0.022971
0.854002 0.039004
0.860002 0.072834
0.856031 0.101447
0.875679 0.112600
0.856931 0.143696
0.857509 0.167960
0.823838 0.211600
0.842581 0.213510
0.844493 0.257905
0.863596 0.282694
0.863249 0.370075
0.876609 0.354605
0.864038 0.000710
0.846854 0.000179
0.875740 0.023358
0.869637 0.039641
0.865359 0.057088
0.876290 0.078161
0.870915 0.130891
0.870692 0.152642
0.864683 0.186623
0.848946 0.196183
0.851634 0.227695
0.864081 0.265633
0.869732 0.304683
0.852170 0.300458
0.880884 0.388133
0.881493 0.000464
0.892308 0.023010
0.886404 0.039191
0.881853 0.058087
0.872623 0.094624
0.892156 0.122687
0.886886 0.140957
0.877538 0.171187
0.881306 0.204992
0.863371 0.207814
0.856946 0.244334
0.882222 0.285922
0.889920 0.320981
0.877527 0.458550
0.890219 0.000839
0.872810 0.000504
0.910980 0.022043
0.899401 0.052775
0.893009 0.069689
0.891681 0.088771
0.893743 0.104454
0.904934 0.138382
0.890496 0.158895
0.885332 0.187958
0.871137 0.225374
0.873106 0.248098
0.923617 0.358373
0.919971 0.430049
0.883912 0.461781
0.898936 0.000201
0.929530 0.023107
0.903188 0.036034
0.911465 0.067550
0.909952 0.084760
0.914039 0.099972
0.908961 0.119415
0.900739 0.175639
0.904093 0.193235
0.888706 0.235219
0.891974 0.217646
0.883994 0.267444
0.906063 0.340655
0.885019 0.339622
0.907679 0.000471
0.916500 0.000423
0.936718 0.040918
0.920978 0.036622
0.919374 0.052873
0.929364 0.090982
0.925886 0.114746
0.909269 0.155221
0.920036 0.177017
0.911161 0.225961
0.912411 0.242918
0.895174 0.250735
0.889649 0.302442
0.936977 0.462331
0.898922 0.421871
0.925355 0.000274
0.945715 0.022768
0.936243 0.058536
0.927668 0.072951
0.937967 0.129026
0.922851 0.135816
0.925325 0.161634
0.912210 0.208578
0.930882 0.228611
0.910150 0.263367
0.909941 0.300540
0.924388 0.330715
0.911978 0.320365
0.900721 0.359564
0.934174 0.000146
0.953250 0.037304
0.953597 0.054471
0.943145 0.080190
0.939804 0.106499
0.936746 0.148371
0.926132 0.193005
0.934235 0.210681
0.931325 0.250223
0.920179 0.282008
0.933931 0.345223
0.928090 0.301907
0.901471 0.280154
0.920050 0.374664
0.899303 0.405074
0.943148 0.000163
0.969742 0.061913
0.955715 0.070886
0.952994 0.119710
0.954630 0.139146
0.941373 0.177501
0.946297 0.240469
0.939247 0.281135
0.939816 0.315906
0.954073 0.328967
0.957693 0.343858
0.945443 0.365723
0.939024 0.384983
0.907085 0.440555
0.952123 0.000766
0.964271 0.023681
0.969688 0.039802
0.952462 0.096194
0.966803 0.148477
0.947711 0.161348
0.946348 0.194357
0.933242 0.265422
0.964284 0.277746
0.951936 0.295110
0.961146 0.308307
0.959435 0.385225
0.977906 0.392519
0.925069 0.412496
0.965207 0.408325
0.960979 0.000672
0.979585 0.027479
0.966691 0.084786
0.969742 0.125889
0.959966 0.207202
0.965268 0.247161
0.969242 0.226508
0.979744 0.347621
0.999506 0.357057
0.962293 0.366134
0.974008 0.328518
0.950248 0.508017
0.921215 0.396183
0.958897 0.509368
0.969713 0.000830
0.988495 0.000207
0.980847 0.051374
0.981471 0.138334
0.963468 0.166925
0.961297 0.185294
0.977798 0.287237
0.977989 0.263425
0.981661 0.372101
0.987214 0.432842
0.999046 0.400380
0.989828 0.475004
0.907980 0.469927
0.942934 0.420556
0.914028 0.467867
0.978592 0.000294
0.980318 0.075356
0.965470 0.105871
0.981380 0.159329
0.980015 0.177573
0.949762 0.221851
0.999847 0.287994
0.999678 0.329939
0.999240 0.262297
0.963300 0.474387
0.999990 0.343248
0.965475 0.455253
0.960342 0.485165
0.887922 0.372261
0.998778 0.000950
0.999872 0.037809
0.979790 0.095823
0.981732 0.115365
0.999512 0.105185
0.999785 0.189016
0.999505 0.140782
0.999293 0.152697
0.999790 0.372259
0.999314 0.275244
0.999934 0.386646
0.999853 0.414877
0.983635 0.478653
0.999684 0.237248
0.941706 0.439907
0.999966 0.001187
0.999218 0.048757
0.999010 0.070998
0.999782 0.093669
0.999812 0.117187
0.978318 0.211718
0.980448 0.307589
0.999446 0.317113
0.999255 0.249737
0.999928 0.201050
0.999022 0.302069
0.999609 0.448844
0.905292 0.387488
0.999727 0.436273
0.999729 0.017035
0.999483 0.027518
0.999870 0.060008
0.999256 0.082329
0.979074 0.194380
0.999889 0.128785
0.999763 0.213067
0.956831 0.261773
0.999325 0.224927
0.999506 0.164771
0.999799 0.176840
0.963899 0.428495
0.999025 0.462606
0.937416 0.480633
0.940595 0.501255
