0.000675 0.026705
0.000138 0.057681
0.000311 0.090366
0.000186 0.124201
0.000281 0.135504
0.000251 0.307630
0.000795 0.182014
0.000102 0.193940
0.000868 0.321475
0.000252 0.399860
0.055858 0.487942
0.008674 0.446432
0.011671 0.487356
0.046612 0.469796
0.000515 0.016775
0.000888 0.036506
0.000696 0.068532
0.024347 0.084001
0.022571 0.257575
0.000594 0.205938
0.000772 0.170315
0.000012 0.280874
0.000509 0.242721
0.000543 0.255359
0.000209 0.362004
0.000344 0.374335
0.024901 0.500027
0.020520 0.517851
0.068493 0.423606
0.000175 0.000743
0.000985 0.046903
0.000061 0.079337
0.000100 0.101409
0.000750 0.112761
0.000762 0.218108
0.000066 0.158607
0.000995 0.293111
0.000026 0.230453
0.000299 0.334642
0.000363 0.347958
0.000571 0.443421
0.000286 0.429841
0.056904 0.510540
0.001135 0.001016
0.028689 0.025033
0.022397 0.062052
0.023941 0.123869
0.025647 0.212506
0.051265 0.290403
0.035945 0.247105
0.000066 0.268318
0.026364 0.340773
0.025027 0.324300
0.027807 0.379818
0.000223 0.417208
0.000162 0.388852
0.008380 0.489958
0.069050 0.459994
0.012799 0.000321
0.037464 0.054642
0.022988 0.039213
0.023916 0.103419
0.000289 0.147027
0.025879 0.275154
0.046243 0.274087
0.030457 0.291903
0.020998 0.357263
0.038536 0.368497
0.021368 0.396428
0.052660 0.414733
0.021269 0.417253
0.055233 0.511338
0.031529 0.000478
0.022584 0.000122
0.049143 0.086237
0.036107 0.073563
0.024700 0.231560
0.023939 0.146271
0.043662 0.222661
0.052983 0.239544
0.043385 0.320565
0.045783 0.348206
0.058446 0.335322
0.040044 0.400851
0.057102 0.445322
0.024404 0.453903
0.084582 0.426699
0.040277 0.000289
0.049996 0.025076
0.039318 0.100288
0.039369 0.140835
0.025285 0.191294
0.041607 0.204351
0.052725 0.259994
0.076856 0.269950
0.019092 0.305329
0.048983 0.307398
0.036654 0.423339
0.038213 0.441234
0.051955 0.384326
0.017929 0.515469
0.049269 0.001036
0.040505 0.037696
0.059510 0.042075
0.053844 0.062478
0.039598 0.121434
0.059114 0.152527
0.024833 0.168831
0.064133 0.218432
0.074362 0.254489
0.072525 0.284823
0.060340 0.359016
0.071673 0.322695
0.068797 0.373067
0.104933 0.349870
0.079167 0.447015
0.058335 0.000260
0.067966 0.025335
0.070032 0.059333
0.055825 0.112230
0.058640 0.132330
0.039802 0.159723
0.039229 0.181482
0.058477 0.196841
0.097236 0.273052
0.071170 0.303939
0.091223 0.294620
0.088172 0.358107
0.035856 0.460495
0.090331 0.333861
0.067313 0.000167
0.076304 0.000387
0.076680 0.040789
0.064889 0.079517
0.066474 0.100160
0.075199 0.119039
0.074034 0.156613
0.056055 0.174552
0.072220 0.236799
0.095497 0.254299
0.113961 0.281849
0.076200 0.346428
0.097345 0.374491
0.083601 0.387246
0.087758 0.474662
0.085277 0.000794
0.087579 0.025450
0.094582 0.037917
0.083123 0.074966
0.082023 0.092906
0.078154 0.137171
0.074631 0.175232
0.075987 0.191650
0.079765 0.210860
0.107933 0.239946
0.089135 0.313413
0.114906 0.259702
0.108106 0.322678
0.099982 0.487844
0.094192 0.000456
0.111857 0.000476
0.107985 0.026826
0.089037 0.059117
0.100792 0.086671
0.090016 0.108765
0.095283 0.131177
0.095728 0.172444
0.094726 0.196576
0.088966 0.230835
0.120164 0.224188
0.107880 0.299464
0.148078 0.301135
0.083219 0.406776
0.097653 0.490787
0.103038 0.000798
0.118780 0.040456
0.106065 0.052549
0.106408 0.069987
0.111977 0.098572
0.106776 0.115934
0.093047 0.152941
0.109839 0.158472
0.108263 0.184154
0.101103 0.217270
0.127929 0.243871
0.131741 0.290827
0.120732 0.333537
0.065607 0.398250
0.120654 0.000563
0.146898 0.000494
0.127377 0.025370
0.124503 0.062057
0.122190 0.080759
0.129166 0.099362
0.111514 0.137590
0.123329 0.172279
0.115491 0.204246
0.128614 0.191595
0.135860 0.213190
0.131477 0.269376
0.149811 0.280188
0.127102 0.351823
0.104740 0.417011
0.129541 0.000278
0.136343 0.038612
0.141401 0.054787
0.141154 0.072655
0.144878 0.089093
0.123781 0.121513
0.126975 0.148930
0.140048 0.161206
0.148563 0.200035
0.142863 0.231269
0.142438 0.255794
0.124620 0.309612
0.167399 0.307806
0.144620 0.333716
0.138299 0.001080
0.181451 0.000357
0.148112 0.028308
0.158419 0.062646
0.141792 0.112197
0.137081 0.133468
0.151490 0.146257
0.144569 0.180248
0.157402 0.220046
0.163551 0.185491
0.159071 0.243253
0.160364 0.264421
0.147124 0.356079
0.119039 0.364988
0.102847 0.393674
0.155605 0.000785
0.159048 0.042736
0.163223 0.080096
0.156973 0.100880
0.154566 0.126102
0.169085 0.148933
0.159687 0.166626
0.182498 0.189186
0.168054 0.206009
0.177525 0.254701
0.177080 0.275554
0.140691 0.318596
0.124582 0.464748
0.093898 0.460695
0.164280 0.000608
0.165143 0.026281
0.176071 0.044643
0.175643 0.063941
0.171159 0.108459
0.170798 0.126830
0.178331 0.168146
0.196159 0.177755
0.185944 0.206248
0.172719 0.234015
0.194778 0.243862
0.166880 0.290189
0.165118 0.326143
0.118115 0.384867
0.124703 0.461475
0.172906 0.000948
0.191749 0.050350
0.177407 0.088512
0.197617 0.088250
0.188812 0.104422
0.183936 0.139195
0.205981 0.195631
0.218702 0.183311
0.186681 0.225074
0.194560 0.267015
0.187741 0.292567
0.190001 0.312251
0.182828 0.327896
0.125391 0.430277
0.189922 0.000306
0.181554 0.028311
0.205747 0.041336
0.190019 0.073284
0.207875 0.104541
0.191365 0.122830
0.192793 0.157190
0.229989 0.167181
0.204262 0.213908
0.229035 0.263782
0.223028 0.244757
0.161601 0.343206
0.216370 0.318167
0.142464 0.392983
0.135539 0.420280
0.198418 0.000682
0.196957 0.027498
0.222483 0.047461
0.215028 0.085341
0.209573 0.122154
0.203296 0.141479
0.210461 0.165634
0.237821 0.185865
0.209061 0.232465
0.207755 0.255844
0.204662 0.282555
0.207300 0.331313
0.125075 0.401858
0.101129 0.434215
0.206846 0.000450
0.256972 0.000186
0.214121 0.027871
0.204281 0.063863
0.225282 0.106668
0.224636 0.129422
0.218549 0.148753
0.235626 0.145015
0.259364 0.175274
0.225404 0.202323
0.224096 0.295287
0.221880 0.278273
0.207117 0.302983
0.170487 0.365354
0.139625 0.371613
0.215271 0.000717
0.228284 0.027345
0.239725 0.040916
0.231167 0.086847
0.241348 0.100176
0.239793 0.121807
0.251758 0.144526
0.246459 0.164374
0.254030 0.193097
0.242049 0.208300
0.250349 0.269918
0.242675 0.301145
0.228220 0.342089
0.116891 0.444121
0.223581 0.000321
0.289915 0.000663
0.244752 0.026388
0.218923 0.066896
0.246171 0.074232
0.255502 0.108957
0.256733 0.127502
0.274088 0.136381
0.266263 0.153614
0.311986 0.162396
0.268766 0.207890
0.223862 0.220301
0.263478 0.295632
0.277360 0.270061
0.185764 0.347015
0.231974 0.000733
0.257776 0.029701
0.250090 0.055662
0.233864 0.063110
0.271360 0.095602
0.272465 0.116533
0.287074 0.110025
0.288251 0.147551
0.276562 0.168460
0.287906 0.217032
0.244565 0.251743
0.274813 0.228751
0.140694 0.408067
0.221992 0.342956
0.240382 0.000368
0.314585 0.000318
0.264557 0.046641
0.263213 0.068577
0.256034 0.087696
0.291877 0.093230
0.316586 0.101031
0.292345 0.128559
0.295309 0.163577
0.330992 0.137995
0.273342 0.190201
0.256853 0.220234
0.237116 0.231855
0.170721 0.378800
0.235417 0.319860
0.248711 0.000736
0.270743 0.027581
0.278381 0.061755
0.278230 0.080763
0.293496 0.071237
0.306013 0.087122
0.331012 0.115860
0.305391 0.140267
0.346794 0.127681
0.323331 0.151863
0.254742 0.236752
0.296346 0.243550
0.162488 0.384138
0.245464 0.283021
0.265216 0.000256
0.339159 0.000951
0.282681 0.044183
0.297108 0.053521
0.310516 0.065378
0.321175 0.078569
0.330996 0.095127
0.304602 0.113858
0.317564 0.125668
0.344488 0.154900
0.337304 0.170183
0.302767 0.228792
0.337343 0.192068
0.312107 0.303456
0.311366 0.202986
0.273496 0.000439
0.284013 0.026092
0.296817 0.031288
0.340831 0.052149
0.334281 0.069964
0.346853 0.085617
0.376328 0.122089
0.347144 0.108249
0.362052 0.120683
0.358071 0.142545
0.290007 0.183189
0.269882 0.312034
0.384805 0.254486
0.199903 0.353140
0.281688 0.000342
0.363831 0.001049
0.323667 0.052462
0.310786 0.042789
0.356598 0.045520
0.367670 0.078003
0.359327 0.094458
0.405216 0.100606
0.408063 0.118974
0.374224 0.143451
0.357265 0.165075
0.354718 0.185688
0.323716 0.179305
0.307608 0.183072
0.287649 0.311905
0.298128 0.000372
0.308818 0.024646
0.340564 0.023632
0.377590 0.044353
0.351115 0.067289
0.384062 0.078793
0.373999 0.100204
0.392945 0.123269
0.404138 0.140753
0.374741 0.164024
0.389887 0.173820
0.433294 0.184032
0.190513 0.362072
0.300651 0.286756
0.306312 0.000223
0.323183 0.027104
0.369194 0.031924
0.368028 0.059830
0.401172 0.082391
0.457354 0.077272
0.425901 0.102056
0.389103 0.101494
0.439465 0.086146
0.403757 0.162123
0.467554 0.159806
0.432521 0.156768
0.402221 0.188669
0.353241 0.204915
0.292499 0.201157
0.322720 0.000489
0.336377 0.038554
0.382066 0.023526
0.392939 0.035650
0.414478 0.046610
0.408030 0.065694
0.453416 0.097261
0.468185 0.108093
0.438817 0.134186
0.389782 0.148718
0.419633 0.144441
0.386782 0.200059
0.262777 0.324910
0.264788 0.256124
0.330868 0.000143
0.404984 0.000530
0.356010 0.026152
0.404207 0.025500
0.386807 0.063783
0.426725 0.071313
0.418284 0.086373
0.439981 0.111271
0.424788 0.125668
0.450896 0.147965
0.481603 0.124398
0.330696 0.207315
0.369150 0.205068
0.276285 0.285925
0.298321 0.305377
0.347444 0.000736
0.430299 0.033381
0.398723 0.050186
0.443911 0.066466
0.484032 0.069522
0.499309 0.096072
0.467419 0.134827
0.454230 0.122108
0.441128 0.206747
0.373626 0.184897
0.418742 0.173695
0.461526 0.178683
0.313176 0.261726
0.253071 0.326084
0.355667 0.000519
0.413004 0.000797
0.477606 0.000913
0.457762 0.028041
0.417722 0.028474
0.506862 0.064029
0.471386 0.085084
0.498173 0.080308
0.498566 0.135193
0.481709 0.097309
0.368806 0.231194
0.486854 0.172071
0.316433 0.221193
0.348251 0.222552
0.501135 0.185945
0.371986 0.000696
0.461526 0.000913
0.443414 0.026397
0.429605 0.055109
0.551111 0.103002
0.568231 0.119601
0.515062 0.103385
0.514859 0.123685
0.480065 0.146704
0.336471 0.229793
0.279266 0.247850
0.356917 0.293445
0.329004 0.296290
0.382899 0.222971
0.380257 0.000204
0.453374 0.000604
0.485679 0.000568
0.499232 0.030554
0.549144 0.045282
0.617253 0.143456
0.561766 0.138580
0.550533 0.122626
0.694747 0.219567
0.331974 0.274108
0.369680 0.262333
0.980773 0.238455
0.605819 0.227192
0.315015 0.278796
0.319301 0.246925
0.421064 0.000242
0.469564 0.000776
0.646778 0.042943
0.471929 0.060803
0.458256 0.054078
0.575344 0.155955
0.536515 0.132222
0.495289 0.115038
0.541162 0.165917
0.444630 0.172107
0.388485 0.247319
0.335754 0.245687
0.356135 0.243352
0.292838 0.262851
0.396749 0.000043
0.437076 0.000649
0.509928 0.000137
0.469435 0.033445
0.677604 0.174798
0.523316 0.065548
0.735600 0.300283
0.518411 0.141899
0.398095 0.212727
0.501041 0.162834
0.982816 0.413576
0.743400 0.313911
0.756085 0.324047
0.355009 0.265489
0.340566 0.292398
0.534209 0.000219
0.501841 0.000448
0.429090 0.000436
0.064317 0.480989
0.493809 0.053240
0.532493 0.093929
0.415250 0.196096
0.691589 0.252899
0.576851 0.224739
0.437575 0.245595
0.945716 0.400507
0.610723 0.238715
0.411766 0.248787
0.450299 0.233402
0.599012 0.000425
0.550469 0.000129
0.388532 0.000061
0.493765 0.001011
0.556723 0.029257
0.480513 0.043224
0.518747 0.082345
0.597054 0.138440
0.529295 0.185793
0.475264 0.248197
0.455974 0.196592
0.403667 0.240474
0.521016 0.236029
0.414913 0.222756
0.492371 0.218291
0.590899 0.000940
0.518012 0.000758
0.445217 0.000966
0.513100 0.027882
0.445774 0.043500
0.966292 0.443548
0.367361 0.291259
0.425533 0.244362
0.476462 0.247031
0.572500 0.233763
0.369511 0.277080
0.451705 0.243144
0.550908 0.238425
0.613034 0.203232
0.615205 0.000546
0.566605 0.000149
0.528555 0.029581
0.526108 0.000276
0.510816 0.044634
0.528241 0.049160
0.540585 0.063000
0.533246 0.111580
0.581853 0.131997
0.519755 0.155880
0.546224 0.184325
0.468612 0.206871
0.542951 0.199712
0.488859 0.215270
0.663796 0.264981
0.631386 0.000853
0.542372 0.000706
0.576594 0.027426
0.541423 0.029044
0.485114 0.026342
0.541816 0.080733
0.586107 0.113518
0.603704 0.118915
0.619035 0.125290
0.544545 0.148045
0.430688 0.210381
0.581547 0.190046
0.596900 0.236498
0.552718 0.226863
0.639484 0.000225
0.558555 0.000413
0.607634 0.028249
0.602263 0.045265
0.585726 0.046655
0.568068 0.100670
0.598148 0.101384
0.636105 0.121070
0.628418 0.160207
0.557932 0.168584
0.628044 0.197336
0.633940 0.255847
0.515000 0.202205
0.603294 0.190575
0.513828 0.239526
0.655745 0.000477
0.638126 0.026730
0.621163 0.029924
0.591653 0.030014
0.567610 0.040992
0.557309 0.061017
0.558008 0.084860
0.584013 0.089250
0.638094 0.142976
0.612548 0.160944
0.659023 0.224068
0.583363 0.171475
0.570670 0.184843
0.477729 0.190005
0.663891 0.000459
0.574696 0.000739
0.655025 0.027234
0.575237 0.059622
0.617162 0.055650
0.602046 0.064664
0.570242 0.075563
0.604500 0.085988
0.620761 0.106254
0.643026 0.164803
0.644823 0.186374
0.617444 0.184636
0.726745 0.323846
0.647046 0.285467
0.705767 0.301992
0.680143 0.000908
0.582789 0.000167
0.607124 0.000440
0.629221 0.042252
0.588928 0.072896
0.636925 0.083307
0.621903 0.089176
0.657046 0.146693
0.677176 0.153634
0.657937 0.191536
0.593523 0.156696
0.653823 0.246640
0.636019 0.233890
0.532264 0.224541
0.688343 0.000011
0.623284 0.000176
0.671219 0.027626
0.674077 0.066469
0.637703 0.061155
0.620504 0.071078
0.639271 0.104118
0.651239 0.128612
0.689808 0.140147
0.708495 0.153210
0.637601 0.215579
0.701931 0.182014
0.661099 0.206278
0.694444 0.235960
0.760886 0.344106
0.704702 0.000371
0.679177 0.046596
0.685432 0.082977
0.663247 0.044742
0.657227 0.062539
0.650840 0.077237
0.655885 0.099296
0.671066 0.134933
0.706177 0.200334
0.694733 0.162363
0.714632 0.220050
0.667384 0.292810
0.515495 0.179866
0.674577 0.297876
0.712903 0.000432
0.647605 0.000759
0.686828 0.027122
0.692119 0.065877
0.667469 0.084729
0.676205 0.102486
0.660951 0.114619
0.696930 0.121789
0.708532 0.135873
0.720030 0.201353
0.659618 0.166279
0.702265 0.271740
0.671194 0.238618
0.680710 0.208472
0.688006 0.284576
0.721134 0.000185
0.702005 0.028247
0.694589 0.045412
0.711151 0.066356
0.703979 0.082901
0.681292 0.118151
0.712611 0.114728
0.726161 0.153806
0.716665 0.173444
0.683765 0.189394
0.785257 0.322389
0.720430 0.322601
0.642431 0.277169
0.627634 0.250792
0.737689 0.000724
0.672010 0.000301
0.716503 0.029210
0.710993 0.049749
0.732093 0.062795
0.724849 0.078974
0.694943 0.101084
0.727334 0.134234
0.729645 0.183888
0.729408 0.220183
0.758566 0.256523
0.757834 0.239294
0.710829 0.287329
0.698150 0.305264
0.812857 0.367875
0.746024 0.000639
0.732340 0.026809
0.726907 0.044058
0.750556 0.063372
0.743588 0.079100
0.714390 0.097080
0.728956 0.116246
0.748429 0.181552
0.742509 0.201096
0.728485 0.240442
0.714874 0.245307
0.680747 0.259148
0.775413 0.306899
0.769335 0.348860
0.754295 0.000424
0.696523 0.000754
0.749408 0.028081
0.743669 0.043255
0.761851 0.080476
0.732410 0.096882
0.744199 0.115743
0.742344 0.141172
0.736940 0.167007
0.756157 0.209872
0.739075 0.254850
0.769212 0.284961
0.718895 0.260633
0.837635 0.397569
0.793909 0.368012
0.762591 0.000708
0.765765 0.026945
0.760311 0.046559
0.769245 0.063084
0.750793 0.096390
0.760263 0.115256
0.758062 0.133203
0.762770 0.186794
0.747227 0.226720
0.787531 0.273043
0.740241 0.284850
0.753180 0.274287
0.857483 0.421943
0.793460 0.346035
0.770914 0.000164
0.729412 0.000963
0.784448 0.025886
0.785322 0.067138
0.769692 0.099247
0.775506 0.121897
0.769329 0.145963
0.752577 0.156206
0.768795 0.223823
0.727866 0.274057
0.794729 0.250572
0.787522 0.290551
0.802004 0.314887
0.819385 0.382158
0.802715 0.334683
0.787661 0.000579
0.797028 0.035093
0.774720 0.039662
0.779367 0.081989
0.785488 0.102685
0.788268 0.142912
0.767113 0.164341
0.779077 0.178206
0.776041 0.244260
0.806815 0.301936
0.823159 0.312052
0.760573 0.301562
0.818806 0.331698
0.770448 0.329461
0.796007 0.000202
0.807235 0.025424
0.788464 0.050057
0.802167 0.073097
0.801647 0.109258
0.790807 0.125589
0.805512 0.150290
0.788322 0.162726
0.773263 0.201739
0.789771 0.207451
0.773407 0.264376
0.807645 0.283405
0.835633 0.365876
0.868202 0.400528
0.826363 0.390893
0.804384 0.000225
0.829617 0.056789
0.818661 0.066854
0.797284 0.088609
0.820181 0.114932
0.807243 0.130449
0.824293 0.153266
0.794801 0.187100
0.823259 0.229403
0.831291 0.297973
0.839155 0.335950
0.824069 0.348125
0.848056 0.411704
0.787175 0.364526
0.821276 0.000703
0.779264 0.001038
0.814894 0.041060
0.805222 0.055472
0.821546 0.083134
0.814263 0.097134
0.824563 0.134415
0.807017 0.169180
0.805005 0.209808
0.787587 0.228399
0.804786 0.231666
0.844071 0.279239
0.857431 0.337712
0.866129 0.433667
0.879034 0.417812
0.829760 0.000525
0.824982 0.025495
0.833098 0.040216
0.837822 0.074897
0.838024 0.116433
0.833396 0.098298
0.825299 0.171964
0.829132 0.193334
0.811750 0.189542
0.834832 0.242860
0.823448 0.283075
0.826011 0.264108
0.852940 0.384962
0.848606 0.356574
0.838281 0.000398
0.812812 0.000620
0.840841 0.026117
0.846612 0.057253
0.848534 0.087081
0.856011 0.118387
0.842066 0.134107
0.841350 0.155507
0.842862 0.177651
0.805938 0.266152
0.814593 0.248428
0.843245 0.317188
0.866352 0.324352
0.929124 0.449743
0.886333 0.444263
0.855400 0.000709
0.857845 0.023327
0.852520 0.039423
0.858293 0.073045
0.854749 0.101331
0.874487 0.112548
0.856067 0.143606
0.856711 0.167968
0.822554 0.211946
0.841603 0.213805
0.843502 0.258642
0.862604 0.283521
0.861401 0.369910
0.874864 0.354520
0.864008 0.000311
0.846792 0.000668
0.874455 0.023809
0.867955 0.040141
0.863793 0.057541
0.874956 0.078256
0.870013 0.130931
0.869862 0.152705
0.863887 0.186709
0.848136 0.196471
0.850710 0.227987
0.863108 0.266232
0.868790 0.305156
0.850774 0.300980
0.879424 0.387582
0.881489 0.000642
0.891112 0.023254
0.884755 0.039289
0.880512 0.058227
0.871286 0.094759
0.890906 0.122572
0.886231 0.141195
0.876920 0.171359
0.880641 0.205280
0.862621 0.208156
0.856211 0.245046
0.881106 0.286768
0.888643 0.321323
0.877194 0.457350
0.890234 0.000010
0.872801 0.001007
0.909971 0.022172
0.898185 0.053029
0.891502 0.069821
0.890302 0.088893
0.892742 0.104623
0.904123 0.138627
0.889958 0.159165
0.884738 0.188197
0.870377 0.225580
0.872549 0.248658
0.922458 0.358199
0.919729 0.429998
0.883109 0.460820
0.898951 0.000340
0.928721 0.023246
0.902018 0.036374
0.910226 0.067802
0.908559 0.085038
0.912718 0.100137
0.908021 0.119812
0.900051 0.175612
0.903644 0.193494
0.887781 0.235727
0.891654 0.217860
0.883175 0.268083
0.904989 0.340660
0.883660 0.339648
0.907725 0.000258
0.916558 0.000309
0.936039 0.041177
0.919991 0.036799
0.918181 0.053205
0.928620 0.091077
0.925133 0.114926
0.908816 0.155258
0.919631 0.176999
0.910691 0.226132
0.911723 0.243348
0.894429 0.251207
0.888618 0.302904
0.936932 0.463584
0.898114 0.421183
0.925414 0.000887
0.944994 0.022944
0.935657 0.058700
0.926856 0.073090
0.937648 0.129062
0.922167 0.135946
0.924848 0.162105
0.911833 0.208688
0.930700 0.228848
0.909671 0.263496
0.908901 0.300717
0.923652 0.330381
0.911141 0.320861
0.899594 0.359259
0.934213 0.000057
0.952668 0.037229
0.952865 0.054634
0.942675 0.080422
0.939204 0.106562
0.936311 0.148465
0.925603 0.193327
0.933916 0.211034
0.931135 0.249978
0.919645 0.281903
0.933379 0.344993
0.927408 0.301410
0.900882 0.280778
0.918877 0.374144
0.898108 0.405412
0.943208 0.000514
0.969639 0.062221
0.955363 0.071045
0.952713 0.119979
0.954143 0.139499
0.941078 0.178078
0.946567 0.240426
0.938898 0.281152
0.939263 0.315703
0.953596 0.328627
0.957481 0.343020
0.944799 0.364760
0.937905 0.384940
0.905871 0.440952
0.952198 0.000807
0.963738 0.023809
0.969628 0.040252
0.951903 0.096659
0.966592 0.148896
0.947218 0.161609
0.946267 0.194646
0.932883 0.265232
0.963745 0.276979
0.951251 0.295052
0.960740 0.308001
0.958948 0.384657
0.977921 0.392207
0.924227 0.412181
0.965007 0.407668
0.961022 0.000838
0.978985 0.027964
0.966538 0.084986
0.969653 0.126467
0.959759 0.207200
0.965427 0.246879
0.969320 0.226283
0.979195 0.347115
0.999615 0.356502
0.962074 0.365711
0.973818 0.328127
0.950349 0.507927
0.920464 0.395967
0.958560 0.509049
0.969736 0.000737
0.988431 0.000566
0.980563 0.051959
0.981499 0.138691
0.963153 0.167203
0.961260 0.185425
0.977691 0.286763
0.978028 0.262934
0.981311 0.371347
0.987348 0.433158
0.999208 0.400044
0.990246 0.474479
0.907729 0.469186
0.942370 0.419925
0.914021 0.468180
0.978565 0.001004
0.980339 0.075839
0.965480 0.106142
0.981660 0.159766
0.979992 0.177840
0.949726 0.221962
0.999215 0.287924
0.999688 0.329654
0.999512 0.262356
0.963233 0.475038
0.999564 0.343008
0.965851 0.455791
0.961222 0.485230
0.886222 0.371816
0.998689 0.000606
0.999348 0.037837
0.979885 0.096318
0.981882 0.115843
0.999682 0.105047
0.999258 0.189019
0.999112 0.140670
0.999898 0.152579
0.999949 0.371726
0.999607 0.275250
0.999663 0.386397
0.999977 0.414582
0.984740 0.478522
0.999231 0.237259
0.941413 0.440474
0.999652 0.000856
0.999904 0.048705
0.999661 0.070943
0.999818 0.093608
0.999407 0.117090
0.978570 0.212022
0.979773 0.307034
0.999631 0.316673
0.999669 0.249864
0.999041 0.201090
0.999308 0.301821
0.999722 0.449108
0.904020 0.387117
0.999623 0.436282
0.998974 0.017242
0.999815 0.027673
0.999931 0.059986
0.999715 0.082275
0.979480 0.194814
0.999081 0.128736
0.999839 0.213072
0.956301 0.261687
0.999902 0.224886
0.999375 0.164704
0.999223 0.176820
0.964260 0.428073
0.998793 0.462159
0.937609 0.479840
0.940413 0.500927
