0.000388 0.026781
0.000883 0.057697
0.000354 0.090359
0.000816 0.124165
0.000616 0.135487
0.000161 0.307450
0.000596 0.181995
0.000266 0.193912
0.000787 0.321303
0.000181 0.399755
0.055937 0.487361
0.008919 0.446191
0.011588 0.486594
0.046556 0.469518
0.000942 0.016873
0.000677 0.036567
0.000680 0.068540
0.024557 0.084085
0.022704 0.257507
0.000604 0.205896
0.000534 0.170253
0.000228 0.280830
0.000491 0.242640
0.000370 0.255235
0.000728 0.361746
0.000122 0.374061
0.024791 0.499668
0.020027 0.517194
0.068658 0.423314
0.000778 0.000643
0.000786 0.046948
0.000114 0.079340
0.000668 0.101397
0.000542 0.112727
0.000750 0.218044
0.001018 0.158577
0.000976 0.293040
0.000382 0.230406
0.000218 0.334450
0.000261 0.347670
0.000307 0.443194
0.000247 0.429655
0.056670 0.509883
0.000916 0.000627
0.028930 0.025171
0.022590 0.062094
0.024136 0.124057
0.025824 0.212645
0.051540 0.290291
0.036157 0.247280
0.000512 0.268259
0.026521 0.340410
0.025185 0.324000
0.027897 0.379293
0.000220 0.417007
0.000143 0.388647
0.008433 0.489185
0.069105 0.459590
0.012807 0.000802
0.037660 0.054899
0.023255 0.039254
0.024093 0.103445
0.000070 0.146994
0.025893 0.275068
0.046294 0.274235
0.030558 0.291826
0.020972 0.356823
0.038769 0.368073
0.021357 0.396130
0.052919 0.414274
0.021735 0.416458
0.055052 0.510889
0.031529 0.000071
0.022588 0.000752
0.049551 0.086532
0.036363 0.073677
0.024882 0.231820
0.024132 0.146298
0.043859 0.222754
0.053310 0.239680
0.043662 0.320508
0.046032 0.347992
0.058669 0.335132
0.040189 0.400433
0.057243 0.444949
0.024385 0.453546
0.084980 0.426447
0.040273 0.000115
0.050352 0.025153
0.039585 0.100422
0.039828 0.140971
0.025550 0.191383
0.041798 0.204619
0.052913 0.259993
0.077132 0.270036
0.019156 0.305072
0.049158 0.307297
0.036698 0.422839
0.038317 0.440936
0.052262 0.383931
0.017985 0.514172
0.049268 0.000971
0.040742 0.037697
0.059802 0.042038
0.054344 0.062522
0.039745 0.121482
0.059375 0.152943
0.025087 0.168966
0.064459 0.218562
0.074693 0.254668
0.072817 0.284828
0.060668 0.358821
0.072073 0.322584
0.069064 0.372785
0.105325 0.349797
0.079536 0.446613
0.058335 0.000266
0.068364 0.025471
0.070399 0.059473
0.056267 0.112503
0.058957 0.132631
0.039812 0.159906
0.039505 0.181636
0.058703 0.197121
0.097736 0.273235
0.071587 0.303958
0.091637 0.294712
0.088500 0.358046
0.035824 0.459986
0.090742 0.333872
0.067317 0.000534
0.076301 0.000260
0.077134 0.040836
0.065265 0.079670
0.066940 0.100356
0.075569 0.119361
0.074428 0.156988
0.056455 0.174836
0.072601 0.236919
0.095987 0.254453
0.114700 0.281876
0.076629 0.346344
0.097670 0.374378
0.083948 0.386996
0.087959 0.474118
0.085258 0.000544
0.088145 0.025607
0.095149 0.038094
0.083615 0.075250
0.082655 0.093166
0.078545 0.137480
0.075071 0.175620
0.076506 0.192121
0.080253 0.211160
0.108465 0.240106
0.089575 0.313448
0.115528 0.259832
0.108688 0.322661
0.100192 0.487406
0.094181 0.000171
0.111843 0.000165
0.108609 0.026965
0.089490 0.059278
0.101401 0.086910
0.090596 0.109052
0.095766 0.131518
0.096125 0.172824
0.095244 0.196998
0.089346 0.231168
0.120755 0.224457
0.108581 0.299652
0.148966 0.301261
0.083551 0.406465
0.097899 0.490086
0.103023 0.000600
0.119416 0.040751
0.106589 0.052835
0.106921 0.070271
0.112687 0.098855
0.107261 0.116240
0.093622 0.153242
0.110372 0.158900
0.108746 0.184502
0.101594 0.217690
0.128626 0.244095
0.132359 0.290925
0.121365 0.333487
0.065722 0.397935
0.120636 0.000324
0.146876 0.000458
0.127951 0.025569
0.125162 0.062277
0.122887 0.080938
0.129796 0.099577
0.112065 0.137991
0.123837 0.172745
0.116032 0.204601
0.129180 0.192072
0.136496 0.213458
0.132126 0.269538
0.150487 0.280267
0.127649 0.351853
0.104970 0.416795
0.129513 0.000013
0.136935 0.038820
0.142058 0.055099
0.141904 0.072985
0.145713 0.089357
0.124275 0.121780
0.127573 0.149209
0.140564 0.161520
0.149171 0.200202
0.143541 0.231557
0.142996 0.255998
0.125175 0.309711
0.168345 0.307754
0.145145 0.333735
0.138269 0.000922
0.181425 0.000230
0.148689 0.028479
0.159128 0.062797
0.142451 0.112555
0.137608 0.133780
0.152126 0.146608
0.145037 0.180476
0.157886 0.220292
0.164109 0.185907
0.159700 0.243516
0.161234 0.264585
0.147816 0.356049
0.119609 0.364735
0.103228 0.393421
0.155577 0.000671
0.159671 0.042908
0.164106 0.080306
0.157446 0.101153
0.155123 0.126511
0.169623 0.149418
0.160201 0.167010
0.183092 0.189572
0.168682 0.206327
0.178290 0.254899
0.177842 0.275672
0.141292 0.318673
0.124966 0.464150
0.094135 0.460227
0.164241 0.000554
0.165762 0.026447
0.176807 0.044652
0.176349 0.064030
0.171687 0.108681
0.171435 0.127067
0.178908 0.168509
0.196721 0.178165
0.186440 0.206633
0.173267 0.234282
0.195368 0.244099
0.167728 0.290305
0.165943 0.326167
0.118595 0.384594
0.125051 0.460911
0.172848 0.000612
0.192403 0.050432
0.178071 0.088756
0.198305 0.088299
0.189443 0.104502
0.184459 0.139487
0.206512 0.196018
0.219230 0.183585
0.187290 0.225391
0.195237 0.267130
0.188413 0.292676
0.190830 0.312278
0.183703 0.327763
0.125744 0.429600
0.189896 0.000195
0.182179 0.028292
0.206449 0.041321
0.190730 0.073425
0.208387 0.104668
0.191792 0.123083
0.193301 0.157487
0.230431 0.167525
0.204791 0.214284
0.229919 0.263962
0.223741 0.245119
0.162399 0.343115
0.217823 0.318248
0.143158 0.392657
0.135900 0.419835
0.198383 0.000572
0.197547 0.027611
0.223243 0.047566
0.215734 0.085437
0.210044 0.122224
0.203797 0.141628
0.210898 0.166005
0.238404 0.186324
0.209653 0.232984
0.208703 0.256253
0.205574 0.282726
0.208438 0.331330
0.125457 0.401387
0.101527 0.433793
0.206818 0.000236
0.256945 0.000183
0.214666 0.027773
0.204963 0.063781
0.225784 0.106810
0.225002 0.129658
0.219006 0.149112
0.236069 0.145319
0.259854 0.175763
0.225930 0.202769
0.225170 0.295610
0.222692 0.278524
0.208120 0.302862
0.171235 0.365149
0.140216 0.371409
0.215215 0.000409
0.228758 0.027402
0.240501 0.040847
0.231844 0.086861
0.242003 0.100320
0.240172 0.122075
0.252270 0.144954
0.247089 0.164667
0.254496 0.193724
0.242513 0.208626
0.251448 0.270360
0.243876 0.301347
0.229555 0.341884
0.117258 0.443421
0.223538 0.000370
0.289889 0.000342
0.245187 0.026153
0.219533 0.066978
0.246759 0.074253
0.255978 0.109032
0.257127 0.127785
0.274550 0.136782
0.266919 0.154042
0.312580 0.163159
0.269655 0.208574
0.224531 0.220759
0.264508 0.295744
0.278629 0.270590
0.186509 0.346807
0.231938 0.000725
0.258253 0.029834
0.250717 0.055805
0.234505 0.063019
0.272056 0.095827
0.272852 0.116822
0.287565 0.110106
0.288854 0.147999
0.277108 0.168943
0.288726 0.217681
0.245262 0.252097
0.275444 0.229332
0.141323 0.407579
0.223238 0.342779
0.240329 0.000047
0.314573 0.000127
0.265056 0.046480
0.263872 0.068516
0.256617 0.087785
0.292469 0.093456
0.316946 0.101208
0.292854 0.128995
0.295915 0.164141
0.331440 0.138238
0.273889 0.191007
0.257584 0.220726
0.237776 0.232205
0.171323 0.378296
0.236587 0.320012
0.248667 0.000478
0.271087 0.027467
0.278901 0.061537
0.278632 0.080771
0.293906 0.071472
0.306598 0.087228
0.331336 0.116334
0.305993 0.140772
0.347174 0.127908
0.323702 0.152507
0.255553 0.237327
0.297701 0.244417
0.163014 0.383840
0.246624 0.283333
0.265185 0.001006
0.339164 0.000800
0.283303 0.044093
0.297714 0.053575
0.310839 0.065527
0.321750 0.078737
0.331544 0.095295
0.304957 0.114317
0.318050 0.126085
0.344886 0.155452
0.337853 0.171064
0.303866 0.229723
0.337769 0.192931
0.313913 0.303911
0.311816 0.203845
0.273466 0.000295
0.284369 0.025894
0.297151 0.031532
0.341352 0.052252
0.334717 0.070207
0.347239 0.085673
0.376536 0.122305
0.347428 0.108541
0.362298 0.121124
0.358385 0.143305
0.290666 0.183808
0.271502 0.312526
0.386488 0.256532
0.200847 0.352907
0.281661 0.000538
0.363855 0.000788
0.323854 0.052682
0.311266 0.042490
0.357174 0.045514
0.368015 0.078197
0.359678 0.094629
0.405593 0.100984
0.408252 0.119321
0.374315 0.144104
0.357497 0.165835
0.355356 0.186401
0.324397 0.180135
0.308346 0.183800
0.289215 0.312205
0.298105 0.000298
0.309077 0.024502
0.340536 0.023781
0.377988 0.044463
0.351634 0.067326
0.384417 0.078933
0.374290 0.100661
0.393103 0.123698
0.404466 0.141173
0.374942 0.164877
0.390027 0.174694
0.433284 0.184917
0.191477 0.361675
0.302121 0.287295
0.306294 0.000768
0.323737 0.026966
0.369479 0.031930
0.368448 0.059982
0.401551 0.082600
0.457495 0.077467
0.426119 0.102422
0.389295 0.101922
0.439548 0.086328
0.403776 0.162694
0.467558 0.160553
0.432534 0.157344
0.402277 0.189802
0.353863 0.205884
0.293403 0.201695
0.322713 0.000172
0.336813 0.038942
0.382549 0.023772
0.393329 0.035670
0.414969 0.046358
0.408312 0.065667
0.453728 0.097352
0.468237 0.108094
0.438988 0.134817
0.390092 0.149611
0.419764 0.145352
0.387116 0.201106
0.264264 0.324826
0.265566 0.256633
0.330873 0.000718
0.404987 0.000501
0.356227 0.026122
0.404586 0.025496
0.387178 0.064231
0.426961 0.071268
0.418592 0.086522
0.440257 0.111240
0.425140 0.126052
0.450883 0.148682
0.481545 0.124639
0.331494 0.208172
0.369686 0.206341
0.277777 0.286302
0.299941 0.305938
0.347457 0.000536
0.430574 0.033345
0.399103 0.050565
0.444196 0.066395
0.484146 0.069522
0.499158 0.096093
0.467530 0.135602
0.454415 0.122414
0.441082 0.208190
0.374110 0.185746
0.418572 0.174892
0.461872 0.179807
0.314562 0.262495
0.254412 0.326044
0.355685 0.000331
0.413036 0.000489
0.477607 0.000483
0.457956 0.027978
0.418077 0.028278
0.506864 0.063963
0.471406 0.085148
0.498300 0.080431
0.498284 0.135611
0.481744 0.097386
0.369351 0.232211
0.486437 0.172753
0.317238 0.222038
0.349398 0.223740
0.500591 0.186745
0.372011 0.000315
0.461541 0.000499
0.443518 0.026305
0.429875 0.055235
0.550819 0.103061
0.567991 0.119909
0.514987 0.103485
0.514636 0.123702
0.479837 0.147057
0.337274 0.230646
0.280476 0.248507
0.358784 0.294606
0.330808 0.296863
0.383393 0.223976
0.380256 0.000006
0.453390 0.000181
0.485674 0.000473
0.499232 0.030519
0.549013 0.045215
0.616784 0.143738
0.561377 0.138562
0.550206 0.122752
0.693999 0.219539
0.333749 0.274881
0.370633 0.264445
0.980947 0.238462
0.605268 0.227653
0.316861 0.279849
0.320294 0.247547
0.421088 0.000228
0.469573 0.000395
0.646162 0.042963
0.471965 0.060796
0.458302 0.054140
0.575146 0.156075
0.536468 0.132424
0.495188 0.115070
0.540504 0.165922
0.444505 0.173038
0.389237 0.249147
0.337385 0.246720
0.357261 0.244377
0.294168 0.263193
0.396751 0.001034
0.437093 0.000509
0.509939 0.000337
0.469629 0.033419
0.676951 0.174870
0.522997 0.065515
0.734282 0.300641
0.518169 0.142119
0.398695 0.214289
0.501134 0.163330
0.982839 0.413217
0.742140 0.314514
0.755313 0.324085
0.356040 0.266565
0.342473 0.292555
0.534224 0.000065
0.501855 0.000065
0.429128 0.000369
0.064292 0.480541
0.493675 0.053438
0.532276 0.093876
0.415496 0.197650
0.690499 0.253484
0.576024 0.225730
0.437666 0.247653
0.945515 0.400403
0.609817 0.239583
0.412347 0.251100
0.449846 0.234436
0.599003 0.000372
0.550475 0.000872
0.388535 0.000568
0.493769 0.000853
0.556613 0.029158
0.480569 0.043343
0.518676 0.082375
0.596698 0.138794
0.528744 0.186446
0.474369 0.250187
0.455953 0.197556
0.404437 0.242003
0.519668 0.237229
0.414816 0.223912
0.490820 0.219266
0.590890 0.000920
0.518028 0.000779
0.445231 0.000956
0.513162 0.027782
0.446040 0.043439
0.966380 0.443218
0.369618 0.292387
0.424964 0.246352
0.476577 0.248768
0.572075 0.233571
0.372014 0.278352
0.451301 0.244936
0.549577 0.239734
0.612493 0.203565
0.615165 0.000012
0.566606 0.000761
0.528440 0.029568
0.526131 0.000670
0.510626 0.044490
0.528157 0.049172
0.540426 0.062704
0.532880 0.111650
0.581478 0.132289
0.519419 0.156368
0.545537 0.185204
0.468336 0.208084
0.541505 0.199573
0.488410 0.216214
0.662531 0.265926
0.631366 0.000595
0.542388 0.000499
0.576274 0.027247
0.541403 0.028984
0.485382 0.026260
0.541509 0.080684
0.585689 0.113654
0.603481 0.119037
0.618516 0.125462
0.544100 0.148461
0.430578 0.211523
0.580794 0.189850
0.596515 0.237088
0.551863 0.227414
0.639472 0.000718
0.558564 0.000030
0.607283 0.028109
0.601817 0.045040
0.585468 0.046649
0.567944 0.100780
0.597808 0.101452
0.635748 0.121066
0.627803 0.160408
0.557768 0.169157
0.627584 0.197855
0.632652 0.257446
0.514475 0.202337
0.602362 0.191359
0.513209 0.240685
0.655735 0.000103
0.637673 0.026477
0.620770 0.029608
0.591393 0.029736
0.567456 0.040832
0.557031 0.060849
0.557623 0.084837
0.583630 0.089333
0.637444 0.143182
0.611893 0.161083
0.658371 0.224829
0.582997 0.171816
0.570383 0.185143
0.477067 0.190705
0.663888 0.000074
0.574691 0.000545
0.654505 0.027039
0.574995 0.059468
0.616796 0.055380
0.601542 0.064399
0.569732 0.075802
0.604068 0.085785
0.620316 0.106364
0.642370 0.165134
0.644145 0.186857
0.616823 0.184833
0.725605 0.324014
0.644986 0.286507
0.704508 0.302559
0.680152 0.000887
0.582786 0.000253
0.607109 0.000352
0.628675 0.041900
0.588513 0.072923
0.636472 0.083263
0.621442 0.089251
0.656387 0.146947
0.676602 0.153595
0.657233 0.192170
0.593085 0.156832
0.652624 0.246889
0.635495 0.234112
0.530754 0.225173
0.688348 0.000590
0.623270 0.000261
0.670622 0.027452
0.673500 0.066424
0.637146 0.060899
0.620071 0.071015
0.638781 0.104258
0.650724 0.128809
0.689225 0.140162
0.707765 0.153262
0.636981 0.216228
0.701084 0.182132
0.659925 0.206997
0.693424 0.236272
0.759660 0.343967
0.704733 0.000171
0.678477 0.046636
0.684991 0.083155
0.662539 0.044600
0.656708 0.062372
0.650328 0.077206
0.655351 0.099367
0.670624 0.135049
0.705067 0.200598
0.694214 0.162460
0.713321 0.220613
0.666152 0.293729
0.515191 0.180458
0.672782 0.297964
0.712920 0.000296
0.647598 0.000731
0.686121 0.027010
0.691447 0.065808
0.666898 0.084749
0.675791 0.102606
0.660585 0.114581
0.696457 0.121866
0.708043 0.135867
0.719095 0.201312
0.659092 0.166460
0.700721 0.272255
0.669908 0.239351
0.679858 0.208617
0.686270 0.285193
0.721146 0.000289
0.701307 0.028150
0.693825 0.045301
0.710481 0.066403
0.703434 0.082954
0.680649 0.118177
0.712028 0.114786
0.725582 0.153673
0.716128 0.173349
0.683167 0.189693
0.784353 0.322979
0.719039 0.322656
0.640630 0.277554
0.626747 0.251470
0.737692 0.000224
0.672010 0.000393
0.715765 0.029207
0.710185 0.049846
0.731394 0.062733
0.724176 0.079175
0.694366 0.101248
0.726874 0.134267
0.728955 0.184009
0.728904 0.220237
0.757669 0.256660
0.756645 0.239729
0.709445 0.287550
0.696089 0.305886
0.811897 0.367604
0.746021 0.000135
0.731672 0.026886
0.726103 0.043967
0.749630 0.063270
0.742755 0.079289
0.713706 0.097174
0.728159 0.116378
0.747578 0.181645
0.741919 0.201260
0.727602 0.240745
0.713677 0.245402
0.679671 0.259600
0.774281 0.307102
0.768660 0.348856
0.754286 0.000729
0.696547 0.000513
0.748741 0.027941
0.742888 0.043245
0.760950 0.080513
0.731656 0.097051
0.743335 0.115963
0.741713 0.141104
0.736201 0.166911
0.755149 0.210093
0.738164 0.255282
0.768371 0.285304
0.717761 0.260923
0.836788 0.396871
0.793108 0.367914
0.762587 0.000612
0.765040 0.026900
0.759528 0.046461
0.768244 0.063131
0.749974 0.096662
0.759456 0.115256
0.757210 0.133190
0.761997 0.186834
0.746544 0.226798
0.786669 0.273614
0.739293 0.285245
0.752055 0.274552
0.856569 0.421612
0.792460 0.345976
0.770903 0.000412
0.729421 0.000988
0.783732 0.025873
0.784474 0.067094
0.768833 0.099290
0.774644 0.122018
0.768502 0.146134
0.751818 0.156196
0.767937 0.223883
0.726814 0.274414
0.793925 0.250658
0.786382 0.290847
0.801324 0.315269
0.818408 0.381849
0.801916 0.334943
0.787637 0.000042
0.796287 0.035102
0.773999 0.039565
0.778537 0.082080
0.784629 0.102778
0.787577 0.142909
0.766219 0.164419
0.778245 0.178414
0.775105 0.244523
0.806153 0.302238
0.822204 0.312476
0.759253 0.302069
0.818037 0.331878
0.769185 0.329658
0.795991 0.000822
0.806388 0.025366
0.787543 0.050135
0.801336 0.073214
0.800886 0.109218
0.790040 0.125695
0.804936 0.150463
0.787495 0.162743
0.772485 0.202035
0.789043 0.207634
0.772240 0.264684
0.806652 0.283824
0.834747 0.365717
0.867232 0.400230
0.825156 0.390496
0.804370 0.000791
0.828730 0.056821
0.817852 0.066873
0.796459 0.088775
0.819539 0.114826
0.806600 0.130399
0.823713 0.153305
0.793879 0.187238
0.822633 0.229434
0.830515 0.298420
0.838402 0.336105
0.823075 0.348172
0.847223 0.411390
0.786276 0.364246
0.821256 0.000256
0.779249 0.000804
0.814060 0.041082
0.804345 0.055602
0.820842 0.083043
0.813722 0.097214
0.824012 0.134220
0.806217 0.169339
0.804190 0.209949
0.786865 0.228677
0.803982 0.231925
0.843614 0.279504
0.856790 0.337751
0.865234 0.433253
0.878464 0.417403
0.829733 0.000093
0.824179 0.025621
0.832199 0.040284
0.837097 0.074937
0.837400 0.116261
0.832871 0.098092
0.824662 0.172015
0.828713 0.193428
0.811081 0.189503
0.834225 0.243072
0.822761 0.283342
0.825419 0.264312
0.852120 0.384690
0.847862 0.356604
0.838256 0.000273
0.812785 0.000015
0.840065 0.026253
0.845836 0.057396
0.848009 0.087104
0.855439 0.118436
0.841646 0.134034
0.840844 0.155556
0.842360 0.177616
0.804987 0.266308
0.813776 0.248661
0.842515 0.317525
0.865832 0.324642
0.928939 0.449616
0.885823 0.443907
0.855383 0.000535
0.857055 0.023547
0.851725 0.039655
0.857456 0.073191
0.854122 0.101299
0.873901 0.112518
0.855630 0.143542
0.856322 0.167940
0.821914 0.212057
0.841102 0.213920
0.843034 0.258994
0.862127 0.283923
0.860518 0.369788
0.874030 0.354437
0.864001 0.000586
0.846751 0.000290
0.873814 0.024085
0.867138 0.040404
0.863016 0.057799
0.874282 0.078322
0.869568 0.130928
0.869456 0.152730
0.863518 0.186726
0.847722 0.196574
0.850255 0.228077
0.862651 0.266497
0.868356 0.305407
0.850141 0.301221
0.878698 0.387244
0.881485 0.000108
0.890537 0.023418
0.883936 0.039371
0.879820 0.058322
0.870630 0.094842
0.890244 0.122505
0.885879 0.141294
0.876610 0.171439
0.880337 0.205388
0.862270 0.208301
0.855865 0.245333
0.880597 0.287163
0.888022 0.321485
0.877029 0.456699
0.890237 0.000769
0.872795 0.000909
0.909479 0.022296
0.897598 0.053188
0.890772 0.069955
0.889612 0.088960
0.892239 0.104710
0.903709 0.138742
0.889697 0.159290
0.884452 0.188306
0.870024 0.225645
0.872323 0.248896
0.921872 0.358044
0.919585 0.429924
0.882689 0.460288
0.898957 0.000161
0.928325 0.023361
0.901457 0.036580
0.909580 0.067953
0.907835 0.085172
0.912024 0.100250
0.907536 0.119981
0.899703 0.175583
0.903404 0.193636
0.887341 0.235920
0.891522 0.217915
0.882816 0.268360
0.904427 0.340630
0.883005 0.339630
0.907740 0.000938
0.916580 0.000195
0.935717 0.041305
0.919483 0.036908
0.917572 0.053394
0.928207 0.091143
0.924694 0.115004
0.908567 0.155279
0.919374 0.177006
0.910444 0.226164
0.911388 0.243535
0.894077 0.251439
0.888144 0.303146
0.936904 0.464205
0.897685 0.420794
0.925438 0.000714
0.944665 0.023078
0.935372 0.058804
0.926420 0.073167
0.937450 0.129073
0.921766 0.136025
0.924575 0.162304
0.911630 0.208723
0.930555 0.228939
0.909428 0.263538
0.908389 0.300795
0.923291 0.330178
0.910700 0.321060
0.899011 0.359052
0.934228 0.000759
0.952392 0.037198
0.952490 0.054701
0.942416 0.080536
0.938854 0.106578
0.936040 0.148503
0.925296 0.193503
0.933703 0.211171
0.931019 0.249830
0.919380 0.281847
0.933118 0.344839
0.927085 0.301155
0.900591 0.281059
0.918265 0.373803
0.897479 0.405506
0.943253 0.000088
0.969576 0.062361
0.955156 0.071123
0.952529 0.120087
0.953826 0.139664
0.940873 0.178353
0.946679 0.240413
0.938755 0.281162
0.938986 0.315554
0.953350 0.328416
0.957371 0.342588
0.944488 0.364203
0.937352 0.384809
0.905253 0.441094
0.952224 0.000729
0.963493 0.023862
0.969599 0.040461
0.951587 0.096842
0.966400 0.149102
0.946920 0.161724
0.946157 0.194808
0.932715 0.265132
0.963449 0.276614
0.950903 0.294995
0.960528 0.307818
0.958695 0.384274
0.977916 0.391948
0.923799 0.412001
0.964839 0.407290
0.961039 0.000684
0.978736 0.028194
0.966417 0.085069
0.969494 0.126738
0.959601 0.207170
0.965440 0.246764
0.969265 0.226169
0.978907 0.346812
0.999701 0.356183
0.961944 0.365409
0.973727 0.327895
0.950412 0.507810
0.920052 0.395789
0.958253 0.508764
0.969744 0.000635
0.988386 0.000063
0.980463 0.052209
0.981450 0.138852
0.962912 0.167343
0.961167 0.185497
0.977619 0.286526
0.978023 0.262722
0.981127 0.370875
0.987394 0.433292
0.999394 0.399808
0.990552 0.474170
0.907609 0.468760
0.942091 0.419583
0.913992 0.468314
0.978549 0.000659
0.980364 0.076038
0.965434 0.106254
0.981706 0.159936
0.979862 0.177961
0.949661 0.222005
0.999296 0.287919
0.999730 0.329450
0.999801 0.262415
0.963166 0.475274
0.999572 0.342845
0.966018 0.456018
0.961594 0.485328
0.885379 0.371537
0.998910 0.000492
0.999801 0.037850
0.979927 0.096502
0.981913 0.116013
0.999271 0.104973
0.999610 0.189011
0.999204 0.140625
0.999376 0.152542
0.999304 0.371523
0.999872 0.275259
0.999650 0.386197
0.999126 0.414501
0.985287 0.478459
0.999475 0.237279
0.941279 0.440677
0.999345 0.000640
0.998840 0.048688
0.999705 0.070911
0.999968 0.093560
0.999908 0.116998
0.978625 0.212192
0.979436 0.306746
0.999765 0.316412
0.999701 0.249954
0.999288 0.201117
0.999519 0.301692
0.999851 0.449258
0.903338 0.386856
0.999729 0.436238
0.999417 0.017381
0.999627 0.027712
0.999099 0.059975
0.999017 0.082244
0.979545 0.195054
0.999519 0.128686
0.999968 0.213080
0.955996 0.261656
0.999302 0.224879
0.999780 0.164651
0.999681 0.176794
0.964354 0.427810
0.998703 0.461890
0.937704 0.479434
0.940436 0.500700
