0.000248 0.027835
0.000288 0.058314
0.000278 0.090226
0.000546 0.123516
0.000570 0.134819
0.000719 0.304941
0.000050 0.180642
0.000363 0.192150
0.000428 0.317800
0.000093 0.397442
0.056369 0.474195
0.009720 0.439546
0.009392 0.466517
0.047434 0.460230
0.000718 0.018148
0.000429 0.037442
0.000365 0.068811
0.028207 0.084976
0.024692 0.250584
0.000924 0.203987
0.000288 0.169206
0.000628 0.278334
0.000519 0.240024
0.000935 0.252366
0.000011 0.357528
0.000857 0.369838
0.025887 0.486005
0.014147 0.499190
0.070268 0.414300
0.000399 0.002488
0.000027 0.047661
0.000818 0.079403
0.000232 0.101169
0.000361 0.112246
0.000100 0.215992
0.000723 0.157647
0.000347 0.290778
0.000048 0.227919
0.000516 0.330956
0.000855 0.344207
0.000352 0.438318
0.000543 0.423632
0.052317 0.494578
0.000276 0.000381
0.031722 0.027605
0.026420 0.062342
0.027501 0.125485
0.027107 0.210084
0.057261 0.283391
0.039074 0.243604
0.000013 0.265382
0.029043 0.329888
0.027286 0.314035
0.029299 0.365364
0.000719 0.410542
0.000268 0.384328
0.006185 0.471335
0.070338 0.446530
0.012656 0.000451
0.041551 0.057663
0.026234 0.040736
0.027507 0.102975
0.000993 0.146231
0.026103 0.268563
0.047182 0.269884
0.032946 0.285143
0.021377 0.346382
0.041829 0.356910
0.021175 0.384799
0.058372 0.403675
0.027214 0.401538
0.053194 0.496872
0.031354 0.000703
0.022429 0.000624
0.056462 0.089169
0.041585 0.075475
0.027345 0.229304
0.028046 0.144354
0.045816 0.220366
0.058219 0.236771
0.047860 0.315387
0.048395 0.338816
0.062395 0.325734
0.043678 0.387523
0.060462 0.432458
0.023910 0.443747
0.089958 0.416773
0.040180 0.000219
0.056267 0.027906
0.043454 0.100945
0.046202 0.140422
0.028432 0.189040
0.043649 0.202500
0.057076 0.254878
0.082534 0.267056
0.021800 0.296486
0.053022 0.300056
0.038768 0.411548
0.043492 0.428063
0.056434 0.372370
0.014998 0.494009
0.049149 0.000252
0.043450 0.038074
0.063897 0.042830
0.060359 0.063511
0.042017 0.120400
0.061702 0.155820
0.027948 0.168335
0.067443 0.215480
0.079263 0.251940
0.077339 0.280926
0.064690 0.350355
0.077767 0.315783
0.073926 0.364900
0.112269 0.342321
0.084857 0.435556
0.058213 0.000161
0.075696 0.029004
0.077350 0.061018
0.062495 0.115626
0.064027 0.135218
0.040085 0.159662
0.043001 0.180858
0.061823 0.196569
0.105018 0.272191
0.077517 0.298615
0.098633 0.289213
0.095448 0.352100
0.038380 0.449269
0.099146 0.328504
0.067100 0.000185
0.076072 0.000405
0.084778 0.041477
0.070961 0.080436
0.073394 0.101067
0.080924 0.121798
0.080638 0.159487
0.061875 0.175867
0.076978 0.233802
0.102432 0.253237
0.123295 0.278278
0.083032 0.338187
0.104482 0.367088
0.089232 0.378850
0.092245 0.459138
0.084895 0.001126
0.095943 0.027562
0.105084 0.039859
0.090895 0.077921
0.091423 0.096199
0.083010 0.140392
0.080810 0.177181
0.082190 0.194890
0.086283 0.212265
0.114879 0.239242
0.097402 0.308626
0.122147 0.258401
0.116747 0.318132
0.105526 0.474246
0.093752 0.000716
0.111345 0.000938
0.117222 0.028317
0.095440 0.060365
0.109145 0.089292
0.097913 0.112009
0.100854 0.134299
0.099512 0.174887
0.101871 0.199021
0.094772 0.233051
0.128478 0.225286
0.118004 0.296803
0.161577 0.299768
0.089469 0.396416
0.101865 0.473787
0.102593 0.000450
0.127294 0.043017
0.114755 0.056521
0.114390 0.073429
0.121926 0.101763
0.113593 0.119170
0.100253 0.154328
0.116950 0.162363
0.114693 0.185988
0.107746 0.219566
0.136579 0.243372
0.142522 0.289110
0.131319 0.328358
0.068161 0.387985
0.120157 0.000584
0.146125 0.000949
0.135044 0.027261
0.133367 0.063712
0.132619 0.082343
0.138642 0.101268
0.118923 0.141430
0.130110 0.175635
0.122110 0.206160
0.136457 0.195157
0.144053 0.213715
0.141167 0.269969
0.159594 0.278820
0.138345 0.345354
0.110304 0.405972
0.128773 0.000977
0.145799 0.039875
0.150869 0.058153
0.151296 0.075636
0.155298 0.090796
0.130808 0.122704
0.134019 0.150917
0.146680 0.163169
0.157218 0.199426
0.151596 0.232552
0.151938 0.255845
0.134479 0.306573
0.182938 0.305960
0.155097 0.330892
0.137484 0.000020
0.180412 0.000133
0.155376 0.027059
0.168338 0.063369
0.150295 0.116432
0.143818 0.135728
0.160436 0.148353
0.150411 0.180837
0.165121 0.220362
0.172191 0.188130
0.167280 0.245157
0.172151 0.264292
0.161291 0.350999
0.127549 0.357650
0.109598 0.385985
0.154715 0.000239
0.165680 0.044178
0.174147 0.081241
0.164869 0.103955
0.162427 0.129883
0.177508 0.153364
0.167181 0.169394
0.191264 0.190434
0.176635 0.208052
0.189700 0.253938
0.190296 0.274263
0.152311 0.314719
0.131042 0.449206
0.098825 0.447610
0.163292 0.000866
0.171367 0.027943
0.184276 0.043050
0.184734 0.064122
0.179597 0.110443
0.179337 0.128336
0.186774 0.170804
0.205998 0.181039
0.195328 0.209086
0.181339 0.233541
0.204481 0.244800
0.178250 0.289020
0.177843 0.322816
0.127265 0.374884
0.132303 0.446956
0.171815 0.000368
0.199402 0.051446
0.186752 0.090981
0.208226 0.087275
0.197492 0.105239
0.191955 0.142775
0.215047 0.198581
0.229084 0.184918
0.197478 0.226610
0.207048 0.267025
0.202218 0.293042
0.207874 0.310237
0.200928 0.322675
0.135093 0.413995
0.188861 0.000194
0.187749 0.027156
0.214993 0.042065
0.198468 0.073548
0.216675 0.104712
0.198146 0.123854
0.200985 0.158711
0.239673 0.169457
0.214972 0.216463
0.246033 0.265864
0.237103 0.247332
0.175351 0.338627
0.240798 0.317314
0.158596 0.383487
0.144824 0.407521
0.197386 0.000194
0.202068 0.028423
0.230932 0.047793
0.225054 0.086904
0.217079 0.122613
0.211598 0.141224
0.218262 0.167742
0.248940 0.188239
0.219956 0.236156
0.224652 0.261222
0.220397 0.283424
0.226688 0.331066
0.132240 0.390683
0.108828 0.423478
0.205866 0.000612
0.256493 0.000154
0.217921 0.025497
0.212764 0.062032
0.234259 0.108871
0.231894 0.131765
0.226774 0.152449
0.243859 0.147594
0.269130 0.181377
0.234225 0.204770
0.245209 0.299029
0.238482 0.280735
0.224293 0.300899
0.186135 0.358263
0.152169 0.365606
0.214303 0.000369
0.232989 0.030235
0.248387 0.042383
0.241600 0.086859
0.250356 0.102917
0.246921 0.124611
0.261165 0.149259
0.257422 0.167527
0.264941 0.200126
0.252907 0.211814
0.273763 0.274516
0.267072 0.304283
0.254309 0.337780
0.125364 0.428856
0.222849 0.000303
0.289704 0.000804
0.247786 0.023940
0.227107 0.069871
0.254586 0.077304
0.264670 0.111549
0.263514 0.131950
0.282490 0.140738
0.278258 0.159582
0.322595 0.172740
0.285906 0.216057
0.235557 0.223871
0.285926 0.296328
0.300332 0.279160
0.201687 0.341127
0.231219 0.000738
0.261475 0.032705
0.259697 0.058168
0.242165 0.062182
0.281413 0.101087
0.279733 0.122928
0.295669 0.113837
0.298045 0.154212
0.286548 0.175358
0.302849 0.227645
0.258961 0.255786
0.289477 0.237938
0.154806 0.396481
0.245430 0.341230
0.239599 0.000140
0.314687 0.000735
0.273135 0.046332
0.273453 0.070064
0.266403 0.090207
0.301375 0.097785
0.323454 0.107459
0.299995 0.134885
0.304915 0.170743
0.341202 0.144084
0.283325 0.198404
0.269430 0.224208
0.251206 0.233399
0.183670 0.371110
0.260828 0.323005
0.248134 0.000465
0.275416 0.026802
0.288100 0.060855
0.284632 0.082518
0.300390 0.076887
0.315791 0.089806
0.337787 0.120252
0.316713 0.149474
0.354938 0.134603
0.332482 0.160250
0.273346 0.244144
0.319554 0.257165
0.172895 0.376192
0.266675 0.288637
0.264777 0.000388
0.339410 0.000047
0.289827 0.043711
0.307507 0.056698
0.317600 0.069245
0.330994 0.084313
0.341721 0.100823
0.311994 0.120472
0.324003 0.133025
0.351087 0.159916
0.349204 0.181081
0.319111 0.239490
0.348142 0.204650
0.345195 0.311505
0.322914 0.215056
0.273033 0.000766
0.291893 0.025220
0.303430 0.036961
0.351750 0.058480
0.343046 0.072378
0.354450 0.088043
0.385730 0.129642
0.354721 0.112469
0.369470 0.128054
0.366858 0.152639
0.299811 0.189667
0.302504 0.319252
0.416609 0.294493
0.220122 0.348333
0.281336 0.000655
0.363998 0.000244
0.329260 0.058449
0.322499 0.040948
0.367296 0.045133
0.376098 0.083834
0.368231 0.100658
0.413821 0.109293
0.416627 0.128035
0.382745 0.150877
0.365989 0.176627
0.367839 0.196030
0.335903 0.191373
0.319654 0.193657
0.317093 0.314937
0.298078 0.000412
0.314260 0.025396
0.347311 0.028766
0.386679 0.049182
0.363435 0.069424
0.392561 0.089654
0.381294 0.108670
0.399321 0.134654
0.411846 0.146107
0.382783 0.173746
0.399058 0.185914
0.435681 0.195723
0.212234 0.352815
0.324394 0.295086
0.306387 0.000246
0.331241 0.029092
0.375396 0.029408
0.378099 0.063592
0.408297 0.088743
0.458469 0.081868
0.430790 0.112610
0.397405 0.108816
0.442033 0.092373
0.411410 0.171181
0.467632 0.170744
0.436710 0.168948
0.409047 0.201625
0.364438 0.216513
0.306640 0.208710
0.323018 0.000442
0.344024 0.043828
0.389177 0.027941
0.401243 0.039385
0.421152 0.045419
0.416197 0.069382
0.457513 0.102945
0.468957 0.117060
0.444492 0.145080
0.397401 0.159942
0.425448 0.158990
0.396624 0.213575
0.290186 0.324172
0.282459 0.262203
0.331212 0.000679
0.404636 0.000863
0.361096 0.027986
0.408234 0.028046
0.394725 0.069642
0.430705 0.075073
0.425428 0.092006
0.446509 0.117314
0.432759 0.133307
0.452343 0.161300
0.479850 0.131677
0.346090 0.220769
0.381616 0.222422
0.305344 0.293227
0.329481 0.316343
0.347597 0.000762
0.435920 0.036697
0.405744 0.057295
0.448992 0.069349
0.485569 0.075129
0.497600 0.101467
0.466659 0.147429
0.457706 0.130819
0.447798 0.230747
0.384032 0.197533
0.421447 0.189700
0.464035 0.190127
0.339016 0.273923
0.279093 0.325342
0.355822 0.000986
0.412774 0.000123
0.477726 0.000452
0.461915 0.027567
0.424252 0.026033
0.505728 0.064353
0.473557 0.087904
0.499020 0.083593
0.494228 0.145829
0.481592 0.103975
0.384892 0.249401
0.482553 0.179190
0.334854 0.231521
0.369149 0.238276
0.490043 0.200550
0.372195 0.000574
0.461594 0.000087
0.446675 0.025609
0.434589 0.057566
0.545328 0.107168
0.561426 0.125200
0.512594 0.109829
0.509673 0.129420
0.481298 0.156718
0.348898 0.243248
0.298895 0.254916
0.394013 0.313551
0.359867 0.310368
0.395736 0.240407
0.380309 0.000506
0.453499 0.000739
0.485825 0.000099
0.498958 0.031605
0.545258 0.043858
0.608015 0.148618
0.553024 0.146579
0.543277 0.126192
0.674779 0.219378
0.361270 0.283955
0.390590 0.293350
0.979262 0.239830
0.593337 0.230756
0.345570 0.295757
0.340776 0.257187
0.420967 0.000702
0.469653 0.000835
0.635723 0.044549
0.472361 0.064366
0.460580 0.055326
0.563282 0.158010
0.530698 0.139630
0.493719 0.122003
0.531741 0.166594
0.443788 0.184259
0.401957 0.269356
0.362105 0.264082
0.380259 0.262695
0.318126 0.272790
0.396506 0.000221
0.437212 0.000644
0.509950 0.000296
0.473474 0.032375
0.660845 0.177289
0.521147 0.067047
0.704651 0.301792
0.511716 0.146574
0.409883 0.236317
0.498463 0.167461
0.981588 0.400393
0.713799 0.322928
0.731543 0.324880
0.374200 0.279719
0.377921 0.303811
0.534101 0.000953
0.501899 0.000690
0.429075 0.000526
0.065844 0.467830
0.492609 0.056293
0.529549 0.098134
0.424443 0.214769
0.670279 0.257837
0.558151 0.235144
0.446076 0.278531
0.941645 0.393131
0.593376 0.247588
0.426612 0.294723
0.447469 0.249840
0.598895 0.000250
0.550173 0.000167
0.388404 0.001119
0.493884 0.000796
0.555027 0.025529
0.481864 0.045160
0.516224 0.086070
0.589816 0.143366
0.521432 0.196564
0.467540 0.272388
0.454027 0.211683
0.417235 0.259446
0.499078 0.247780
0.422059 0.242688
0.471205 0.235828
0.590832 0.000856
0.518048 0.000550
0.445358 0.000806
0.513661 0.025708
0.451361 0.043683
0.962932 0.433902
0.404635 0.312629
0.426557 0.275404
0.469578 0.273054
0.558416 0.229084
0.419212 0.307808
0.452280 0.267725
0.527795 0.235850
0.598951 0.206329
0.615144 0.000326
0.566475 0.000694
0.526681 0.030640
0.526074 0.000803
0.508642 0.044070
0.526316 0.046964
0.537802 0.062162
0.526696 0.119089
0.572371 0.140463
0.513050 0.163946
0.540773 0.196792
0.465866 0.228321
0.524518 0.206149
0.482975 0.227588
0.637413 0.276004
0.631448 0.000644
0.542114 0.000954
0.570460 0.026663
0.540472 0.027468
0.485993 0.025715
0.536138 0.079334
0.577858 0.117002
0.595465 0.122842
0.610807 0.130844
0.538849 0.158884
0.433976 0.229962
0.570653 0.193653
0.588159 0.240082
0.533340 0.242092
0.639620 0.000147
0.558323 0.001141
0.599569 0.028101
0.596867 0.043043
0.580378 0.046974
0.564460 0.104823
0.592442 0.103063
0.627678 0.123271
0.616219 0.169487
0.551372 0.175549
0.615929 0.204736
0.610838 0.275700
0.503530 0.207403
0.588465 0.202696
0.509785 0.250653
0.655934 0.000626
0.631929 0.026439
0.614928 0.025384
0.584866 0.026853
0.563835 0.041550
0.554268 0.062023
0.550013 0.088867
0.576817 0.093589
0.625683 0.147283
0.599155 0.171182
0.646526 0.233096
0.577619 0.178765
0.557481 0.192992
0.473380 0.202335
0.664114 0.000287
0.574636 0.000007
0.646971 0.026752
0.569974 0.060388
0.610347 0.054073
0.593884 0.062665
0.562992 0.078724
0.596670 0.082707
0.610057 0.108447
0.630502 0.174495
0.628715 0.191765
0.603205 0.188192
0.699560 0.326126
0.612118 0.291625
0.678045 0.310568
0.680394 0.000110
0.582724 0.000250
0.607002 0.000180
0.619513 0.040554
0.581425 0.074048
0.627410 0.083305
0.612022 0.091309
0.642611 0.153704
0.662315 0.157002
0.644774 0.197783
0.584486 0.161929
0.630047 0.251222
0.621685 0.235386
0.510442 0.236550
0.688546 0.000404
0.623267 0.001083
0.662263 0.027431
0.663908 0.066369
0.627708 0.061604
0.612490 0.071492
0.629669 0.104979
0.640527 0.133680
0.676577 0.142364
0.692603 0.155972
0.621703 0.222839
0.684588 0.183443
0.639855 0.215599
0.671557 0.237529
0.736442 0.344732
0.704843 0.000091
0.667193 0.048326
0.674578 0.083234
0.652412 0.042256
0.647086 0.060871
0.641784 0.076869
0.644102 0.097784
0.658458 0.137244
0.683838 0.203157
0.679691 0.166966
0.691232 0.227510
0.634634 0.303507
0.503496 0.184442
0.644372 0.299735
0.713020 0.000592
0.647796 0.000033
0.676145 0.027483
0.679870 0.063199
0.657041 0.083688
0.665096 0.100134
0.649876 0.116102
0.683548 0.123235
0.696759 0.137253
0.703211 0.200257
0.646945 0.173069
0.673382 0.277537
0.647953 0.248734
0.660076 0.210533
0.657738 0.290542
0.721189 0.000259
0.691165 0.026876
0.683242 0.042371
0.699272 0.065474
0.691082 0.080296
0.666347 0.120872
0.697703 0.113776
0.712150 0.153439
0.701770 0.173187
0.666344 0.194125
0.768181 0.324248
0.690584 0.319923
0.614251 0.284357
0.610200 0.257172
0.737646 0.000591
0.672250 0.000156
0.704810 0.027007
0.696905 0.049908
0.716983 0.059717
0.711833 0.078074
0.682498 0.101444
0.714888 0.134949
0.712658 0.188237
0.713740 0.217986
0.739431 0.256259
0.735272 0.241344
0.683659 0.289398
0.665287 0.308639
0.792899 0.362388
0.745923 0.000703
0.720332 0.026026
0.711684 0.042082
0.733665 0.060914
0.728524 0.078909
0.700675 0.095006
0.714167 0.115686
0.733347 0.181081
0.724557 0.200598
0.710230 0.240059
0.689191 0.243000
0.653645 0.265078
0.756141 0.305092
0.749081 0.352905
0.754269 0.000327
0.696718 0.000083
0.736084 0.025952
0.729141 0.041819
0.745930 0.078570
0.719471 0.096531
0.731077 0.117813
0.732077 0.141094
0.723465 0.166958
0.740325 0.209873
0.717168 0.258147
0.749784 0.287412
0.694658 0.263111
0.822122 0.386031
0.775594 0.369212
0.762568 0.000302
0.751270 0.025686
0.745401 0.044799
0.750890 0.062392
0.736377 0.097126
0.748620 0.113289
0.747303 0.133462
0.750335 0.186543
0.728534 0.225904
0.773029 0.273968
0.719107 0.288823
0.729915 0.276318
0.842138 0.412969
0.770174 0.347460
0.770914 0.000715
0.729386 0.000393
0.770412 0.024836
0.768577 0.066828
0.754850 0.096984
0.763174 0.124918
0.760241 0.147389
0.739607 0.157451
0.756594 0.222035
0.703595 0.277319
0.779190 0.248418
0.767772 0.294712
0.784182 0.315158
0.798335 0.378921
0.787697 0.335709
0.787587 0.000579
0.781608 0.036113
0.760799 0.038249
0.764394 0.083110
0.771136 0.105273
0.777289 0.144933
0.754390 0.166347
0.767146 0.179832
0.762111 0.243769
0.792856 0.298580
0.810360 0.313346
0.733823 0.302423
0.808463 0.330607
0.746531 0.333913
0.796049 0.000732
0.792611 0.024730
0.770041 0.051450
0.785131 0.075844
0.787878 0.111146
0.779398 0.127185
0.796088 0.151980
0.776237 0.161530
0.760610 0.203250
0.776724 0.207194
0.755671 0.264667
0.790697 0.283600
0.819716 0.362696
0.853030 0.392643
0.806360 0.385524
0.804621 0.000243
0.813320 0.056537
0.801025 0.067494
0.782706 0.091477
0.807650 0.116175
0.796810 0.132198
0.813086 0.152656
0.781704 0.187176
0.814386 0.226640
0.821805 0.297467
0.828039 0.334695
0.807796 0.349676
0.834931 0.402671
0.763461 0.362967
0.821554 0.000562
0.779245 0.000134
0.798753 0.041318
0.787643 0.056028
0.806474 0.083681
0.801684 0.098944
0.813920 0.134808
0.793425 0.170559
0.794255 0.207886
0.773416 0.228414
0.792682 0.230623
0.834916 0.278347
0.847767 0.335353
0.851413 0.415649
0.867584 0.406199
0.830043 0.000676
0.809496 0.025927
0.818016 0.040121
0.822593 0.074865
0.825354 0.115418
0.821513 0.097317
0.813640 0.171817
0.819842 0.191974
0.801266 0.187328
0.824846 0.240760
0.814115 0.279713
0.816225 0.262257
0.838249 0.379625
0.837020 0.353221
0.838657 0.000718
0.813021 0.001005
0.828248 0.025504
0.831654 0.059342
0.837401 0.088981
0.844796 0.122073
0.831132 0.135016
0.830641 0.156344
0.832232 0.175869
0.790646 0.262724
0.803051 0.247565
0.833806 0.316903
0.858795 0.322728
0.925430 0.438479
0.877893 0.429476
0.855822 0.000709
0.845397 0.026735
0.836069 0.041749
0.845066 0.075397
0.843120 0.105032
0.863955 0.112848
0.845880 0.144051
0.848155 0.166825
0.811758 0.208942
0.831478 0.213415
0.834858 0.259348
0.854100 0.285109
0.849986 0.365669
0.863470 0.350950
0.864450 0.000104
0.847222 0.000810
0.863053 0.026402
0.854913 0.041795
0.851398 0.060242
0.862912 0.078585
0.861476 0.132245
0.861488 0.153894
0.855646 0.185809
0.839480 0.194818
0.841986 0.227059
0.855699 0.265219
0.861020 0.305246
0.840715 0.299725
0.869747 0.378343
0.881764 0.000100
0.882130 0.026264
0.873255 0.040462
0.868912 0.058672
0.860856 0.096734
0.878731 0.123564
0.877142 0.142416
0.868100 0.172322
0.873056 0.205082
0.854930 0.207997
0.848778 0.243842
0.874439 0.286517
0.881470 0.320118
0.871512 0.442017
0.890387 0.000948
0.873026 0.000413
0.901988 0.025961
0.888722 0.055766
0.881135 0.072730
0.878885 0.090286
0.884639 0.106418
0.895298 0.138899
0.883129 0.159883
0.877097 0.188552
0.862942 0.224669
0.867712 0.248572
0.914218 0.351425
0.917391 0.423119
0.876759 0.446862
0.899199 0.000371
0.922226 0.026704
0.892875 0.039295
0.900622 0.070545
0.898839 0.086344
0.902892 0.102719
0.899444 0.121421
0.892555 0.174421
0.895345 0.193930
0.879431 0.234109
0.886931 0.216882
0.877765 0.268330
0.897428 0.336877
0.875852 0.336767
0.908015 0.000744
0.916794 0.000277
0.930073 0.042686
0.912024 0.039246
0.910491 0.056439
0.918993 0.092041
0.915962 0.114769
0.902442 0.155243
0.911008 0.177867
0.903567 0.226108
0.904985 0.243780
0.887667 0.253327
0.884062 0.303056
0.934768 0.463756
0.890947 0.408386
0.925605 0.000925
0.939480 0.026300
0.929631 0.061469
0.918520 0.074271
0.930944 0.126605
0.913416 0.136238
0.918684 0.162221
0.905734 0.208693
0.923407 0.229180
0.904396 0.261983
0.902040 0.299121
0.919414 0.323424
0.904598 0.318928
0.891184 0.353649
0.934432 0.000159
0.950075 0.037567
0.946859 0.054560
0.935671 0.081456
0.930498 0.105614
0.927831 0.146769
0.917891 0.193900
0.926915 0.211071
0.925303 0.245523
0.913759 0.278840
0.929466 0.339372
0.921554 0.296393
0.895126 0.280896
0.908687 0.364985
0.887272 0.399916
0.943270 0.000667
0.965041 0.063403
0.949864 0.071552
0.947163 0.117909
0.945316 0.139781
0.933180 0.179331
0.945208 0.240140
0.936269 0.279438
0.933028 0.309849
0.947876 0.320668
0.955117 0.335089
0.939557 0.351730
0.929128 0.376295
0.897775 0.436762
0.952151 0.000348
0.961800 0.024918
0.966633 0.041343
0.945331 0.096378
0.960416 0.149960
0.938731 0.161784
0.938681 0.196511
0.928049 0.262152
0.959952 0.272961
0.945727 0.291891
0.958825 0.302234
0.952528 0.371592
0.975911 0.380209
0.917311 0.404897
0.957827 0.395688
0.960993 0.000209
0.977598 0.028630
0.961049 0.085587
0.962058 0.128178
0.955422 0.204578
0.962533 0.245997
0.963017 0.225068
0.974504 0.337849
0.999929 0.351442
0.957422 0.356389
0.973693 0.320004
0.946750 0.503829
0.912708 0.386690
0.955601 0.498500
0.969665 0.000476
0.988306 0.000753
0.978022 0.052867
0.976139 0.138555
0.955811 0.167562
0.956431 0.185090
0.975315 0.282171
0.975901 0.262159
0.977276 0.357696
0.982989 0.427710
0.999381 0.393533
0.997124 0.470500
0.907900 0.455226
0.937006 0.409471
0.909766 0.461269
0.978538 0.000680
0.977269 0.076061
0.961396 0.106254
0.976489 0.158818
0.973612 0.177761
0.944395 0.221522
0.998975 0.288024
0.999465 0.325718
0.999469 0.262697
0.962944 0.468286
0.999276 0.339408
0.966319 0.450967
0.967491 0.483477
0.875183 0.365572
0.999666 0.001428
0.999266 0.037964
0.976154 0.095790
0.976420 0.116434
0.999738 0.104639
0.999837 0.187880
0.999832 0.139748
0.999457 0.151746
0.999612 0.364033
0.999122 0.275260
0.998766 0.379871
0.997864 0.407410
0.990864 0.474528
0.999048 0.237109
0.938168 0.435376
0.999240 0.000424
0.999815 0.048502
0.999473 0.070504
0.999817 0.093121
0.999127 0.116280
0.975829 0.214072
0.974764 0.300108
0.999861 0.313282
0.999338 0.250343
0.999748 0.200122
0.999686 0.300677
0.999152 0.445508
0.892377 0.377830
0.998870 0.430483
0.999066 0.018037
0.999329 0.028053
0.999794 0.059629
0.999790 0.081746
0.974247 0.196237
0.999937 0.127942
0.999813 0.212393
0.948411 0.260580
0.999340 0.224467
0.999752 0.163895
0.999070 0.175994
0.960409 0.419664
0.999433 0.457588
0.937862 0.470802
0.942689 0.490333
