0.000040 0.027892
0.000201 0.058353
0.000084 0.090225
0.000305 0.123448
0.000488 0.134757
0.000702 0.304804
0.000065 0.180545
0.000116 0.191914
0.000320 0.317503
0.000006 0.397119
0.056378 0.473223
0.009687 0.438914
0.009199 0.465085
0.047481 0.459293
0.000279 0.018222
0.000151 0.037511
0.000151 0.068832
0.028389 0.084915
0.024740 0.249917
0.000828 0.203836
0.000101 0.169013
0.000529 0.278088
0.000455 0.239925
0.000970 0.252271
0.000396 0.357391
0.000810 0.369575
0.026013 0.484841
0.013941 0.497522
0.070360 0.413505
0.000204 0.002596
0.001062 0.047686
0.000638 0.079419
0.000011 0.101141
0.000052 0.112176
0.000056 0.215864
0.000721 0.157557
0.000138 0.290553
0.000706 0.227814
0.000460 0.330680
0.000821 0.344016
0.000286 0.438065
0.000410 0.422896
0.052084 0.493449
0.000400 0.000065
0.031820 0.027715
0.026617 0.062375
0.027656 0.125414
0.027077 0.209663
0.057579 0.282692
0.039228 0.243063
0.000391 0.265263
0.029150 0.329007
0.027358 0.313151
0.029368 0.364377
0.000739 0.410282
0.000173 0.383905
0.005978 0.470035
0.070430 0.445404
0.012615 0.000012
0.041759 0.057717
0.026308 0.040848
0.027698 0.102834
0.000965 0.146160
0.026129 0.267928
0.047226 0.269269
0.033147 0.284444
0.021463 0.345590
0.041952 0.356077
0.021232 0.383836
0.058612 0.402827
0.027496 0.400515
0.053102 0.495844
0.031348 0.000578
0.022415 0.000136
0.056831 0.089208
0.041796 0.075571
0.027404 0.228726
0.028247 0.144045
0.045842 0.219980
0.058455 0.236303
0.048079 0.314757
0.048528 0.337990
0.062725 0.324898
0.043817 0.386485
0.060605 0.431363
0.024094 0.442889
0.090211 0.415860
0.040172 0.000017
0.056628 0.028053
0.043603 0.100844
0.046409 0.140198
0.028452 0.188665
0.043652 0.202029
0.057337 0.254370
0.082857 0.266603
0.022010 0.295741
0.053270 0.299282
0.038872 0.410651
0.043877 0.426882
0.056587 0.371421
0.014611 0.492941
0.049129 0.000236
0.043556 0.038041
0.064107 0.042901
0.060557 0.063516
0.042096 0.120154
0.061751 0.155748
0.027969 0.168031
0.067466 0.214977
0.079418 0.251493
0.077537 0.280486
0.064956 0.349517
0.078076 0.315148
0.074228 0.364117
0.112687 0.341617
0.085148 0.434604
0.058189 0.000572
0.076038 0.029132
0.077735 0.061009
0.062768 0.115584
0.064273 0.135146
0.040076 0.159355
0.043155 0.180520
0.061986 0.196203
0.105360 0.271909
0.077815 0.298043
0.099040 0.288604
0.095826 0.351390
0.038653 0.448311
0.099580 0.327914
0.067069 0.000469
0.076037 0.000371
0.085155 0.041479
0.071270 0.080389
0.073655 0.100975
0.081126 0.121641
0.080859 0.159344
0.062100 0.175623
0.077062 0.233319
0.102682 0.252995
0.123573 0.277873
0.083335 0.337385
0.104963 0.366301
0.089498 0.378101
0.092538 0.457980
0.084832 0.000959
0.096223 0.027637
0.105513 0.039842
0.091209 0.077925
0.091710 0.096250
0.083116 0.140374
0.080982 0.176969
0.082324 0.194709
0.086480 0.212064
0.115163 0.239017
0.097817 0.308019
0.122389 0.258104
0.117081 0.317595
0.105809 0.473087
0.093716 0.000662
0.111276 0.000801
0.117494 0.028297
0.095674 0.060339
0.109451 0.089313
0.098114 0.112012
0.100989 0.134242
0.099586 0.174731
0.102124 0.198793
0.094993 0.232922
0.128835 0.225101
0.118358 0.296307
0.162271 0.299489
0.089824 0.395591
0.102181 0.472584
0.102553 0.000354
0.127579 0.043024
0.115075 0.056700
0.114691 0.073512
0.122241 0.101737
0.113814 0.119182
0.100474 0.154144
0.117155 0.162316
0.114875 0.185775
0.107970 0.219313
0.136855 0.243137
0.143104 0.288839
0.131885 0.327871
0.068320 0.387113
0.120051 0.000162
0.146053 0.000759
0.135231 0.027260
0.133615 0.063665
0.132925 0.082334
0.139012 0.101210
0.119132 0.141373
0.130300 0.175484
0.122270 0.205950
0.136713 0.195023
0.144357 0.213503
0.141583 0.269778
0.160134 0.278575
0.138986 0.344686
0.110648 0.404969
0.128724 0.001000
0.146112 0.039871
0.151111 0.058168
0.151603 0.075604
0.155627 0.090771
0.131035 0.122551
0.134193 0.150818
0.146914 0.162965
0.157594 0.199190
0.151940 0.232387
0.152430 0.255636
0.135021 0.306117
0.183727 0.305760
0.155793 0.330516
0.137452 0.001123
0.180375 0.000471
0.155444 0.026849
0.168680 0.063332
0.150558 0.116452
0.144021 0.135676
0.160747 0.148221
0.150619 0.180619
0.165520 0.220171
0.172619 0.187973
0.167677 0.245063
0.172696 0.264134
0.162180 0.350370
0.127943 0.357015
0.110023 0.385326
0.154665 0.000114
0.165758 0.044225
0.174461 0.081219
0.165237 0.103977
0.162766 0.129895
0.177873 0.153274
0.167453 0.169281
0.191686 0.190219
0.177031 0.207943
0.190319 0.253693
0.191037 0.274036
0.153050 0.314224
0.131391 0.448171
0.099144 0.446577
0.163228 0.000625
0.171426 0.027917
0.184454 0.042960
0.185011 0.064077
0.179991 0.110380
0.179651 0.128304
0.187187 0.170736
0.206592 0.180973
0.195877 0.208944
0.181742 0.233254
0.205171 0.244724
0.178769 0.288710
0.178479 0.322441
0.127800 0.374016
0.132830 0.445803
0.171751 0.000093
0.199572 0.051448
0.187143 0.090997
0.208619 0.087163
0.197892 0.105186
0.192353 0.142773
0.215617 0.198466
0.229762 0.184846
0.198108 0.226523
0.207842 0.266862
0.203125 0.292853
0.209110 0.309964
0.202024 0.322288
0.135783 0.412833
0.188804 0.000281
0.187785 0.027079
0.215275 0.042117
0.198701 0.073558
0.217100 0.104634
0.198527 0.123749
0.201490 0.158557
0.240313 0.169380
0.215751 0.216421
0.247065 0.265883
0.237972 0.247208
0.176165 0.338147
0.241945 0.317145
0.159572 0.382841
0.145524 0.406467
0.197354 0.000733
0.202142 0.028547
0.231143 0.047847
0.225477 0.087033
0.217430 0.122585
0.212060 0.141057
0.218739 0.167605
0.249549 0.188105
0.220720 0.236163
0.225600 0.261288
0.221306 0.283289
0.227867 0.330948
0.132676 0.389831
0.109232 0.422608
0.205824 0.000614
0.256488 0.000936
0.217887 0.025429
0.213107 0.061998
0.234753 0.108969
0.232301 0.131826
0.227219 0.152447
0.244345 0.147573
0.269661 0.181566
0.234776 0.204602
0.246361 0.299002
0.239580 0.280768
0.225380 0.300782
0.187180 0.357625
0.152829 0.365022
0.214267 0.000368
0.233109 0.030427
0.248713 0.042536
0.242106 0.086904
0.250741 0.103062
0.247380 0.124638
0.261681 0.149379
0.257980 0.167579
0.265653 0.200311
0.253592 0.211920
0.275088 0.274557
0.268503 0.304299
0.255595 0.337513
0.125877 0.427780
0.222812 0.000983
0.289694 0.000352
0.247922 0.024100
0.227454 0.070062
0.255012 0.077465
0.265178 0.111739
0.263814 0.132131
0.282959 0.140862
0.278846 0.159746
0.323260 0.173201
0.286858 0.216294
0.236263 0.223902
0.287346 0.296292
0.301536 0.279406
0.202685 0.340686
0.231186 0.000411
0.261616 0.032749
0.260181 0.058388
0.242549 0.062263
0.281862 0.101372
0.280185 0.123266
0.296129 0.114174
0.298622 0.154416
0.287118 0.175678
0.303707 0.228132
0.259812 0.255805
0.290428 0.238335
0.155594 0.395669
0.246740 0.340915
0.239580 0.000761
0.314693 0.000647
0.273594 0.046356
0.273865 0.070222
0.266959 0.090382
0.301874 0.097965
0.323930 0.107884
0.300454 0.135187
0.305555 0.171002
0.341811 0.144387
0.283915 0.198561
0.270039 0.224216
0.252130 0.233303
0.184587 0.370500
0.262322 0.323197
0.248084 0.000118
0.275635 0.026880
0.288738 0.061036
0.285024 0.082746
0.300740 0.077203
0.316294 0.090050
0.338240 0.120400
0.317340 0.149927
0.355468 0.135003
0.333118 0.160629
0.274390 0.244323
0.320689 0.257775
0.173688 0.375599
0.267763 0.288738
0.264767 0.000111
0.339408 0.000492
0.290019 0.043629
0.307996 0.056865
0.318024 0.069586
0.331566 0.084793
0.342220 0.101256
0.312528 0.120770
0.324372 0.133387
0.351529 0.160143
0.349930 0.181313
0.319704 0.239800
0.348966 0.204982
0.347162 0.311983
0.323637 0.215436
0.273024 0.000305
0.292363 0.025475
0.303913 0.037222
0.352393 0.058818
0.343557 0.072435
0.354990 0.088232
0.386297 0.130174
0.355276 0.112819
0.369940 0.128430
0.367496 0.153047
0.300349 0.189825
0.304317 0.319524
0.418221 0.296066
0.221412 0.347898
0.281331 0.000599
0.363979 0.000551
0.329813 0.058741
0.323151 0.041133
0.367836 0.045177
0.376678 0.084232
0.368744 0.101066
0.414266 0.109747
0.417232 0.128699
0.383445 0.151149
0.366611 0.176999
0.368604 0.196436
0.336586 0.191685
0.320261 0.193956
0.318738 0.315106
0.298079 0.000274
0.314524 0.025576
0.347956 0.028879
0.387119 0.049427
0.364228 0.069662
0.393047 0.090469
0.381743 0.109180
0.399875 0.135427
0.412406 0.146413
0.383384 0.173944
0.399729 0.186330
0.436016 0.196462
0.213640 0.352081
0.325730 0.295352
0.306402 0.000856
0.331574 0.029108
0.375888 0.029221
0.378734 0.063847
0.408711 0.089151
0.458468 0.082298
0.431098 0.113201
0.398086 0.109203
0.442344 0.092773
0.411989 0.171512
0.467455 0.171329
0.437019 0.169598
0.409629 0.202159
0.365199 0.216855
0.307258 0.208930
0.323028 0.000097
0.344475 0.044249
0.389487 0.028044
0.401704 0.039770
0.421313 0.045530
0.416729 0.069792
0.457729 0.103197
0.469091 0.117740
0.444737 0.145551
0.397870 0.160337
0.425718 0.159402
0.397327 0.213929
0.291764 0.324081
0.283634 0.262303
0.331237 0.000139
0.404624 0.000694
0.361429 0.028161
0.408410 0.028099
0.395131 0.070104
0.431054 0.075487
0.425853 0.092458
0.446925 0.117868
0.433235 0.133915
0.452426 0.161927
0.479646 0.132053
0.347186 0.221351
0.382332 0.222837
0.306967 0.293628
0.331406 0.316905
0.347565 0.000345
0.436118 0.037088
0.406189 0.057598
0.449167 0.069738
0.485582 0.075650
0.497575 0.101807
0.466376 0.147822
0.457843 0.131441
0.448534 0.231912
0.384692 0.198114
0.421753 0.190368
0.463829 0.190527
0.340334 0.274513
0.280700 0.325253
0.355803 0.000915
0.412759 0.000838
0.477727 0.000033
0.461900 0.027637
0.424504 0.026034
0.505720 0.064519
0.473742 0.088234
0.499079 0.083914
0.493983 0.146282
0.481471 0.104448
0.386086 0.250370
0.482512 0.179623
0.335956 0.231901
0.369993 0.238645
0.489630 0.201542
0.372188 0.000429
0.461587 0.000474
0.446794 0.025687
0.434858 0.057741
0.545084 0.107509
0.560973 0.125415
0.512471 0.110082
0.509478 0.129830
0.481488 0.157332
0.349759 0.243786
0.299928 0.255073
0.396030 0.314535
0.361482 0.311193
0.396698 0.241198
0.380312 0.000417
0.453482 0.000352
0.485825 0.000754
0.499016 0.031835
0.545076 0.044060
0.607456 0.148844
0.552523 0.147089
0.542955 0.126300
0.673645 0.219488
0.362339 0.284594
0.392120 0.294741
0.979015 0.239713
0.592381 0.230725
0.347033 0.296637
0.342050 0.257698
0.420930 0.000352
0.469650 0.000669
0.635099 0.044698
0.472483 0.064813
0.460805 0.055470
0.562455 0.158335
0.530336 0.140015
0.493538 0.122431
0.531262 0.167283
0.443980 0.184896
0.403038 0.270303
0.363090 0.264641
0.382047 0.263829
0.319567 0.273421
0.396503 0.000814
0.437192 0.000492
0.509939 0.000662
0.473602 0.032535
0.659842 0.177390
0.521189 0.067269
0.702830 0.301495
0.511521 0.146761
0.410454 0.237125
0.498225 0.167772
0.981487 0.399330
0.712159 0.323116
0.729959 0.324686
0.375961 0.280355
0.380042 0.305021
0.534082 0.000816
0.501890 0.000202
0.429039 0.000820
0.066133 0.466690
0.492585 0.056581
0.529524 0.098523
0.425048 0.215112
0.669159 0.257977
0.557002 0.234537
0.446456 0.280201
0.941425 0.392368
0.592352 0.247771
0.428005 0.296955
0.447444 0.250677
0.598900 0.000065
0.550164 0.000187
0.388409 0.001138
0.493882 0.000720
0.554839 0.025701
0.481899 0.045519
0.516116 0.086427
0.589396 0.143407
0.521223 0.196877
0.467220 0.273323
0.453794 0.212104
0.417956 0.260629
0.498121 0.247897
0.423025 0.244139
0.470747 0.236961
0.590841 0.000647
0.518023 0.000637
0.445329 0.000435
0.513430 0.025705
0.451643 0.043773
0.962639 0.433050
0.406419 0.314038
0.426884 0.276620
0.469996 0.274322
0.557488 0.229419
0.422129 0.309894
0.452250 0.268501
0.526711 0.234999
0.597796 0.206605
0.615154 0.000112
0.566486 0.000305
0.526644 0.030880
0.526049 0.000473
0.508565 0.044404
0.526141 0.047126
0.537663 0.062376
0.526613 0.119633
0.571899 0.140848
0.512988 0.164623
0.540677 0.197173
0.465888 0.229310
0.524045 0.206844
0.483039 0.228071
0.636119 0.276220
0.631460 0.000254
0.542093 0.000646
0.570208 0.027018
0.540313 0.027573
0.486000 0.025742
0.535834 0.079384
0.577453 0.117346
0.594779 0.123174
0.610375 0.131181
0.538829 0.159542
0.434375 0.230774
0.569910 0.194257
0.587309 0.239958
0.532485 0.242725
0.639626 0.000405
0.558320 0.001135
0.599232 0.028288
0.596614 0.043136
0.580060 0.047136
0.564041 0.105155
0.592084 0.103254
0.627059 0.123404
0.615449 0.169888
0.550857 0.176100
0.615081 0.205014
0.609096 0.275496
0.502856 0.207811
0.587354 0.203277
0.509497 0.250906
0.655942 0.000271
0.631610 0.026657
0.614638 0.025383
0.584444 0.027082
0.563426 0.042059
0.554095 0.062364
0.549590 0.089382
0.576394 0.093889
0.624907 0.147467
0.598332 0.171804
0.645924 0.233304
0.577139 0.179157
0.556227 0.193528
0.473506 0.203140
0.664114 0.000788
0.574640 0.000395
0.646514 0.026764
0.569580 0.060784
0.609812 0.054303
0.593413 0.062819
0.562648 0.078994
0.596107 0.082742
0.609406 0.108760
0.629622 0.174907
0.627601 0.191878
0.602246 0.188247
0.698021 0.326047
0.610162 0.292489
0.676159 0.310658
0.680389 0.000435
0.582732 0.000180
0.607006 0.000883
0.618916 0.040549
0.580897 0.074356
0.626702 0.083563
0.611369 0.091665
0.641567 0.153945
0.661349 0.157026
0.643934 0.197874
0.583845 0.162199
0.628526 0.251600
0.620396 0.235638
0.509280 0.237019
0.688532 0.000382
0.623279 0.001088
0.661809 0.027389
0.663195 0.066446
0.627160 0.061963
0.611890 0.071716
0.629000 0.105187
0.639786 0.133966
0.675800 0.142425
0.691731 0.156021
0.620416 0.222898
0.683881 0.183525
0.638673 0.215821
0.670208 0.237661
0.735246 0.344457
0.704840 0.000637
0.666504 0.048482
0.673831 0.083322
0.651820 0.042184
0.646434 0.060890
0.641163 0.076952
0.643349 0.097928
0.657537 0.137310
0.682971 0.203223
0.678766 0.167115
0.690319 0.227753
0.632800 0.303703
0.502929 0.184713
0.642795 0.299885
0.713014 0.000318
0.647801 0.000938
0.675586 0.027381
0.679193 0.063077
0.656365 0.083814
0.664221 0.100259
0.648968 0.116232
0.682573 0.123365
0.695975 0.137314
0.702160 0.200311
0.645884 0.173369
0.671888 0.277586
0.646853 0.249346
0.658653 0.210723
0.656230 0.290579
0.721194 0.000765
0.690574 0.026673
0.682609 0.042141
0.698636 0.065493
0.690246 0.080263
0.665433 0.121028
0.696733 0.113774
0.711287 0.153482
0.700896 0.173212
0.665216 0.194295
0.767214 0.323817
0.688647 0.319511
0.612753 0.284659
0.609079 0.256985
0.737670 0.000050
0.672242 0.000700
0.704298 0.026714
0.696173 0.049824
0.716170 0.059588
0.711133 0.078066
0.681694 0.101687
0.714081 0.134929
0.711522 0.188384
0.712513 0.217868
0.738313 0.256076
0.734007 0.241270
0.682070 0.289240
0.663765 0.308191
0.791610 0.361930
0.745944 0.000574
0.719704 0.025851
0.710910 0.041927
0.732840 0.060878
0.727799 0.078861
0.699937 0.095056
0.713389 0.115631
0.732540 0.180954
0.723401 0.200505
0.709129 0.239916
0.687908 0.242944
0.652083 0.265311
0.755009 0.304745
0.747600 0.352920
0.754288 0.000570
0.696709 0.000476
0.735364 0.025986
0.728431 0.041692
0.745158 0.078453
0.718733 0.096700
0.730370 0.117948
0.731430 0.141099
0.722663 0.166990
0.739571 0.209797
0.715711 0.258044
0.748523 0.287260
0.693296 0.263054
0.821017 0.385301
0.774366 0.369108
0.762584 0.000113
0.750590 0.025719
0.744687 0.044725
0.750050 0.062355
0.735554 0.097194
0.747945 0.113220
0.746662 0.133470
0.749461 0.186560
0.727328 0.225895
0.772211 0.273572
0.717817 0.288748
0.728554 0.276150
0.841130 0.412500
0.768724 0.347229
0.770941 0.000196
0.729402 0.000285
0.769715 0.024861
0.767693 0.066987
0.754065 0.096800
0.762437 0.124980
0.759582 0.147391
0.738774 0.157540
0.755800 0.221968
0.702048 0.277115
0.778279 0.248244
0.766712 0.294744
0.783035 0.314774
0.797044 0.378811
0.786746 0.335239
0.787619 0.000229
0.780815 0.036295
0.760076 0.038205
0.763684 0.083110
0.770337 0.105418
0.776742 0.145022
0.753566 0.166481
0.766433 0.179867
0.761205 0.243617
0.792054 0.298044
0.809557 0.312887
0.732326 0.302111
0.807731 0.330048
0.745096 0.333894
0.796100 0.000196
0.791858 0.024955
0.769117 0.051562
0.784240 0.075957
0.787174 0.111232
0.778852 0.127097
0.795620 0.152006
0.775591 0.161559
0.759706 0.203237
0.776088 0.207145
0.754722 0.264389
0.789871 0.283247
0.818772 0.362387
0.852452 0.391917
0.805301 0.385101
0.804651 0.000916
0.812427 0.056622
0.800051 0.067526
0.782013 0.091558
0.806956 0.116184
0.796258 0.132276
0.812568 0.152642
0.781199 0.187209
0.813921 0.226445
0.821117 0.296962
0.827302 0.334267
0.806835 0.349464
0.833935 0.401906
0.761897 0.362858
0.821600 0.000167
0.779256 0.001106
0.797941 0.041472
0.786782 0.056064
0.805631 0.083686
0.800935 0.098911
0.813402 0.134893
0.792772 0.170633
0.793866 0.207713
0.772529 0.228280
0.792218 0.230362
0.834248 0.277931
0.847152 0.334955
0.850815 0.414462
0.867113 0.405318
0.830118 0.000176
0.808827 0.026057
0.817316 0.040070
0.821688 0.074839
0.824658 0.115316
0.820752 0.097204
0.813094 0.171823
0.819359 0.191844
0.800799 0.187303
0.824288 0.240414
0.813482 0.279193
0.815569 0.261884
0.837292 0.379119
0.836287 0.352752
0.838697 0.000674
0.813063 0.000674
0.827672 0.025509
0.830860 0.059459
0.836622 0.089064
0.844104 0.122277
0.830435 0.135092
0.830068 0.156426
0.831660 0.175825
0.789894 0.262358
0.802544 0.247316
0.833184 0.316383
0.858339 0.322134
0.925239 0.437248
0.877556 0.428348
0.855877 0.000235
0.844945 0.026899
0.835239 0.041833
0.844303 0.075405
0.842411 0.105237
0.863285 0.112781
0.845227 0.144183
0.847550 0.166816
0.811177 0.208668
0.830909 0.213267
0.834330 0.258989
0.853616 0.284731
0.849453 0.365229
0.862877 0.350545
0.864470 0.000817
0.847254 0.000681
0.862517 0.026334
0.854193 0.041740
0.850706 0.060156
0.862185 0.078485
0.860880 0.132372
0.860942 0.153998
0.854969 0.185787
0.838966 0.194623
0.841448 0.226922
0.855239 0.264805
0.860508 0.304784
0.840068 0.299242
0.869428 0.377739
0.881797 0.000026
0.881693 0.026264
0.872774 0.040431
0.868327 0.058572
0.860214 0.096698
0.878106 0.123675
0.876527 0.142500
0.867424 0.172333
0.872359 0.205000
0.854278 0.207833
0.848245 0.243511
0.873975 0.286025
0.881201 0.319681
0.871280 0.440966
0.890435 0.000717
0.873078 0.000304
0.901593 0.025966
0.888141 0.055804
0.880545 0.072692
0.878191 0.090326
0.884108 0.106429
0.894679 0.138847
0.882591 0.159828
0.876452 0.188448
0.862341 0.224552
0.867168 0.248344
0.914017 0.350875
0.917325 0.422347
0.876490 0.445589
0.899223 0.000263
0.921906 0.026702
0.892352 0.039274
0.900110 0.070470
0.898353 0.086347
0.902408 0.102740
0.898861 0.121487
0.892037 0.174304
0.894612 0.193747
0.878807 0.233806
0.886347 0.216772
0.877257 0.268079
0.897249 0.336417
0.875541 0.336380
0.908051 0.000343
0.916802 0.000111
0.929737 0.042614
0.911669 0.039264
0.910232 0.056398
0.918478 0.091979
0.915577 0.114750
0.901966 0.155210
0.910380 0.177840
0.902948 0.226137
0.904480 0.243632
0.887095 0.253220
0.883822 0.302640
0.934577 0.462920
0.890699 0.407384
0.925610 0.000780
0.939104 0.026311
0.929300 0.061470
0.918119 0.074211
0.930569 0.126344
0.912983 0.136170
0.918335 0.162099
0.905234 0.208620
0.922903 0.229068
0.904049 0.261759
0.901759 0.298788
0.919365 0.322879
0.904349 0.318497
0.890921 0.353272
0.934429 0.000411
0.949969 0.037491
0.946597 0.054461
0.935256 0.081393
0.930116 0.105503
0.927331 0.146506
0.917440 0.193657
0.926532 0.210964
0.924841 0.245223
0.913398 0.278454
0.929326 0.338895
0.921194 0.296034
0.894661 0.280572
0.908319 0.364501
0.886837 0.399185
0.943261 0.000634
0.964867 0.063360
0.949578 0.071469
0.946839 0.117631
0.944858 0.139631
0.932673 0.179137
0.944999 0.240006
0.936001 0.279083
0.932647 0.309426
0.947525 0.320036
0.954982 0.334583
0.939267 0.350945
0.928710 0.375617
0.897453 0.436152
0.952133 0.000344
0.961661 0.024959
0.966443 0.041336
0.945042 0.096235
0.960208 0.149790
0.938265 0.161664
0.938148 0.196454
0.927643 0.261879
0.959895 0.272763
0.945479 0.291597
0.958874 0.301861
0.952113 0.370673
0.975731 0.379281
0.917035 0.404153
0.957316 0.394709
0.960964 0.000788
0.977521 0.028658
0.960886 0.085539
0.961790 0.128121
0.955322 0.204361
0.962415 0.245847
0.962696 0.224939
0.974261 0.337143
0.999926 0.351356
0.957098 0.355802
0.973725 0.319352
0.946535 0.503086
0.912413 0.385882
0.955594 0.497591
0.969639 0.000383
0.988274 0.000096
0.977853 0.052912
0.975896 0.138328
0.955477 0.167385
0.956169 0.184925
0.975188 0.281822
0.975742 0.262060
0.977018 0.356837
0.982585 0.426913
0.999268 0.392948
0.997320 0.470342
0.907960 0.454102
0.936699 0.408533
0.909346 0.460087
0.978515 0.000621
0.977032 0.075915
0.961300 0.106177
0.976210 0.158563
0.973450 0.177568
0.944004 0.221352
0.999035 0.287963
0.999608 0.325393
0.999753 0.262586
0.963114 0.467445
0.999394 0.339169
0.966258 0.450184
0.967700 0.482797
0.874829 0.365198
0.999936 0.001457
0.999568 0.038032
0.975967 0.095652
0.976114 0.116414
0.999881 0.104637
0.999846 0.187812
0.999391 0.139704
0.999654 0.151671
0.999562 0.363458
0.999099 0.275209
0.998630 0.379299
0.997486 0.406592
0.990914 0.473910
0.999123 0.237021
0.937937 0.434534
0.999686 0.000968
0.999195 0.048553
0.999754 0.070531
0.999554 0.093125
0.999155 0.116259
0.975723 0.214031
0.974593 0.299654
0.999364 0.313083
0.999360 0.250277
0.999799 0.200011
0.999935 0.300564
0.999101 0.444753
0.891951 0.377170
0.998623 0.429695
0.999117 0.018080
0.999392 0.028100
0.999148 0.059658
0.999798 0.081759
0.974001 0.196089
0.999209 0.127905
0.999961 0.212244
0.947896 0.260346
0.999546 0.224328
0.999708 0.163824
0.999188 0.175899
0.960097 0.419001
0.999394 0.457255
0.937937 0.470229
0.942945 0.489513
