0.000529 0.027915
0.000004 0.058401
0.000318 0.090225
0.000012 0.123361
0.000352 0.134674
0.000654 0.304631
0.000095 0.180453
0.000452 0.191767
0.000189 0.317166
0.000864 0.396999
0.056399 0.472223
0.009668 0.438243
0.009001 0.463641
0.047526 0.458318
0.000464 0.018269
0.000694 0.037553
0.000951 0.068850
0.028553 0.084838
0.024784 0.249234
0.000704 0.203659
0.000814 0.168883
0.000398 0.277812
0.000339 0.239800
0.000961 0.252165
0.000438 0.357234
0.000747 0.369292
0.026141 0.483634
0.013740 0.495841
0.070465 0.412671
0.000878 0.002687
0.001077 0.047721
0.000400 0.079437
0.000406 0.101131
0.001054 0.112146
0.000062 0.215773
0.000677 0.157444
0.000946 0.290375
0.000709 0.227719
0.000379 0.330347
0.000750 0.343771
0.000152 0.437759
0.000261 0.422086
0.051853 0.492295
0.000315 0.001171
0.031914 0.027818
0.026804 0.062407
0.027794 0.125315
0.027034 0.209206
0.057881 0.281960
0.039383 0.242498
0.000431 0.265136
0.029254 0.328093
0.027426 0.312234
0.029439 0.363382
0.000758 0.409971
0.000066 0.383458
0.005774 0.468712
0.070523 0.444256
0.012596 0.000333
0.041960 0.057748
0.026383 0.040944
0.027872 0.102678
0.000896 0.146065
0.026158 0.267273
0.047264 0.268618
0.033351 0.283712
0.021560 0.344771
0.042080 0.355225
0.021304 0.382854
0.058832 0.401932
0.027779 0.399466
0.053009 0.494779
0.031335 0.000331
0.022404 0.000450
0.057190 0.089232
0.041985 0.075657
0.027455 0.228102
0.028435 0.143708
0.045862 0.219563
0.058681 0.235804
0.048290 0.314087
0.048670 0.337135
0.063066 0.324043
0.043944 0.385419
0.060736 0.430235
0.024316 0.441996
0.090481 0.414905
0.040166 0.000864
0.056974 0.028195
0.043735 0.100727
0.046597 0.139946
0.028449 0.188261
0.043639 0.201523
0.057592 0.253847
0.083167 0.266113
0.022219 0.294967
0.053511 0.298473
0.038961 0.409715
0.044248 0.425657
0.056740 0.370441
0.014214 0.491833
0.049110 0.000184
0.043654 0.037981
0.064299 0.042963
0.060737 0.063504
0.042161 0.119883
0.061787 0.155646
0.027970 0.167699
0.067478 0.214439
0.079552 0.251012
0.077712 0.280021
0.065236 0.348647
0.078382 0.314496
0.074529 0.363292
0.113111 0.340893
0.085448 0.433611
0.058162 0.000542
0.076345 0.029238
0.078097 0.060986
0.063020 0.115511
0.064505 0.135043
0.040059 0.159014
0.043296 0.180147
0.062144 0.195805
0.105693 0.271599
0.078100 0.297454
0.099443 0.287984
0.096190 0.350646
0.038929 0.447310
0.100001 0.327300
0.067040 0.000453
0.075982 0.000146
0.085510 0.041477
0.071574 0.080324
0.073897 0.100868
0.081310 0.121448
0.081057 0.159161
0.062303 0.175342
0.077132 0.232799
0.102915 0.252719
0.123850 0.277452
0.083626 0.336562
0.105446 0.365476
0.089756 0.377314
0.092831 0.456804
0.084754 0.000660
0.096475 0.027700
0.105914 0.039817
0.091506 0.077911
0.091971 0.096278
0.083202 0.140326
0.081134 0.176729
0.082442 0.194500
0.086666 0.211836
0.115443 0.238759
0.098226 0.307387
0.122640 0.257774
0.117413 0.317031
0.106079 0.471881
0.093662 0.000433
0.111187 0.000509
0.117726 0.028266
0.095897 0.060303
0.109741 0.089322
0.098294 0.111993
0.101112 0.134154
0.099658 0.174548
0.102361 0.198535
0.095204 0.232755
0.129187 0.224886
0.118703 0.295793
0.162977 0.299189
0.090182 0.394736
0.102516 0.471355
0.102492 0.000046
0.127841 0.043032
0.115368 0.056874
0.114970 0.073583
0.122532 0.101688
0.114019 0.119172
0.100682 0.153931
0.117341 0.162238
0.115043 0.185535
0.108179 0.219020
0.137125 0.242883
0.143680 0.288551
0.132452 0.327365
0.068483 0.386196
0.119990 0.000210
0.145961 0.000361
0.135388 0.027258
0.133836 0.063606
0.133199 0.082319
0.139369 0.101135
0.119320 0.141278
0.130479 0.175305
0.122415 0.205710
0.136959 0.194860
0.144654 0.213266
0.141993 0.269551
0.160689 0.278303
0.139626 0.344000
0.110992 0.403941
0.128648 0.000847
0.146394 0.039874
0.151317 0.058171
0.151886 0.075559
0.155938 0.090744
0.131245 0.122376
0.134351 0.150692
0.147147 0.162730
0.157965 0.198935
0.152283 0.232197
0.152918 0.255400
0.135556 0.305641
0.184525 0.305532
0.156494 0.330121
0.137394 0.001104
0.180329 0.000415
0.155481 0.026648
0.168999 0.063293
0.150806 0.116439
0.144210 0.135603
0.161044 0.148071
0.150825 0.180382
0.165924 0.219963
0.173045 0.187790
0.168088 0.244940
0.173257 0.263956
0.163075 0.349715
0.128341 0.356349
0.110451 0.384639
0.154630 0.000764
0.165817 0.044272
0.174746 0.081201
0.165590 0.103979
0.163096 0.129883
0.178228 0.153155
0.167714 0.169144
0.192108 0.189990
0.177435 0.207813
0.190938 0.253431
0.191788 0.273794
0.153789 0.313709
0.131743 0.447084
0.099480 0.445504
0.163150 0.000190
0.171468 0.027887
0.184610 0.042880
0.185269 0.064030
0.180369 0.110298
0.179954 0.128264
0.187601 0.170649
0.207187 0.180888
0.196429 0.208775
0.182147 0.232945
0.205880 0.244637
0.179310 0.288373
0.179123 0.322040
0.128339 0.373111
0.133349 0.444621
0.171720 0.000809
0.199722 0.051444
0.187517 0.091000
0.208987 0.087044
0.198291 0.105118
0.192746 0.142744
0.216186 0.198328
0.230439 0.184765
0.198739 0.226422
0.208642 0.266677
0.204023 0.292626
0.210355 0.309662
0.203112 0.321884
0.136468 0.411656
0.188758 0.000219
0.187796 0.027007
0.215531 0.042164
0.198920 0.073574
0.217512 0.104554
0.198907 0.123636
0.201998 0.158389
0.240948 0.169290
0.216539 0.216365
0.248103 0.265882
0.238844 0.247065
0.176995 0.337649
0.243085 0.316946
0.160549 0.382173
0.146237 0.405387
0.197324 0.000616
0.202206 0.028689
0.231347 0.047925
0.225891 0.087163
0.217771 0.122545
0.212515 0.140880
0.219213 0.167454
0.250149 0.187967
0.221499 0.236161
0.226548 0.261320
0.222215 0.283120
0.229062 0.330799
0.133112 0.388946
0.109642 0.421699
0.205772 0.000367
0.256483 0.000824
0.217852 0.025381
0.213448 0.061980
0.235233 0.109061
0.232697 0.131877
0.227653 0.152425
0.244829 0.147539
0.270185 0.181737
0.235335 0.204413
0.247514 0.298945
0.240701 0.280784
0.226490 0.300652
0.188229 0.356971
0.153480 0.364396
0.214247 0.000226
0.233227 0.030599
0.249048 0.042695
0.242603 0.086949
0.251127 0.103197
0.247839 0.124649
0.262203 0.149496
0.258538 0.167618
0.266362 0.200488
0.254272 0.212018
0.276390 0.274593
0.269935 0.304289
0.256868 0.337241
0.126385 0.426679
0.222787 0.000898
0.289685 0.000377
0.248076 0.024293
0.227797 0.070239
0.255443 0.077596
0.265685 0.111918
0.264108 0.132301
0.283433 0.140992
0.279428 0.159891
0.323936 0.173665
0.287803 0.216510
0.236973 0.223923
0.288762 0.296250
0.302717 0.279616
0.203673 0.340230
0.231154 0.000521
0.261780 0.032768
0.260666 0.058604
0.242938 0.062353
0.282311 0.101648
0.280646 0.123582
0.296591 0.114506
0.299209 0.154603
0.287692 0.175980
0.304593 0.228587
0.260652 0.255802
0.291384 0.238702
0.156378 0.394841
0.248053 0.340567
0.239561 0.000723
0.314703 0.000331
0.274033 0.046377
0.274262 0.070357
0.267507 0.090557
0.302373 0.098136
0.324417 0.108289
0.300935 0.135488
0.306217 0.171245
0.342410 0.144660
0.284513 0.198712
0.270639 0.224208
0.253059 0.233203
0.185514 0.369835
0.263823 0.323371
0.248065 0.000273
0.275849 0.026961
0.289385 0.061228
0.285427 0.082979
0.301101 0.077499
0.316800 0.090294
0.338706 0.120566
0.317966 0.150363
0.356000 0.135384
0.333757 0.161005
0.275396 0.244473
0.321821 0.258344
0.174523 0.374972
0.268836 0.288809
0.264761 0.000893
0.339402 0.000438
0.290198 0.043541
0.308481 0.057019
0.318451 0.069933
0.332159 0.085272
0.342714 0.101665
0.313072 0.121064
0.324762 0.133748
0.351996 0.160386
0.350653 0.181517
0.320292 0.240083
0.349784 0.205258
0.349160 0.312493
0.324362 0.215783
0.273020 0.000227
0.292818 0.025737
0.304429 0.037476
0.353043 0.059130
0.344058 0.072513
0.355535 0.088415
0.386833 0.130677
0.355844 0.113186
0.370406 0.128789
0.368135 0.153451
0.300912 0.189979
0.306102 0.319785
0.419740 0.297538
0.222725 0.347447
0.281325 0.000322
0.363960 0.000528
0.330377 0.059015
0.323791 0.041339
0.368364 0.045232
0.377257 0.084624
0.369240 0.101460
0.414697 0.110186
0.417819 0.129337
0.384121 0.151421
0.367240 0.177342
0.369367 0.196809
0.337265 0.191968
0.320878 0.194239
0.320373 0.315297
0.298079 0.000521
0.314797 0.025761
0.348560 0.028975
0.387531 0.049658
0.365015 0.069922
0.393515 0.091259
0.382190 0.109705
0.400417 0.136170
0.412976 0.146741
0.383976 0.174128
0.400365 0.186716
0.436384 0.197281
0.215041 0.351338
0.327077 0.295591
0.306407 0.000859
0.331920 0.029087
0.376377 0.029058
0.379367 0.064106
0.409120 0.089532
0.458477 0.082741
0.431411 0.113753
0.398758 0.109601
0.442676 0.093182
0.412541 0.171830
0.467267 0.171930
0.437313 0.170230
0.410199 0.202730
0.365999 0.217190
0.307887 0.209131
0.323032 0.000837
0.344919 0.044660
0.389806 0.028145
0.402157 0.040156
0.421465 0.045647
0.417235 0.070202
0.457950 0.103415
0.469243 0.118370
0.444959 0.146020
0.398324 0.160743
0.425966 0.159768
0.398033 0.214275
0.293340 0.323969
0.284807 0.262392
0.331246 0.001127
0.404613 0.000273
0.361761 0.028348
0.408599 0.028120
0.395534 0.070601
0.431422 0.075897
0.426269 0.092923
0.447329 0.118383
0.433698 0.134525
0.452519 0.162540
0.479457 0.132424
0.348292 0.221908
0.383051 0.223218
0.308563 0.294026
0.333341 0.317462
0.347541 0.000778
0.436291 0.037477
0.406641 0.057910
0.449337 0.070110
0.485595 0.076170
0.497567 0.102129
0.466102 0.148201
0.457974 0.132057
0.449245 0.233043
0.385354 0.198680
0.422038 0.191021
0.463621 0.190958
0.341651 0.275076
0.282331 0.325141
0.355771 0.000649
0.412747 0.000792
0.477726 0.000367
0.461860 0.027714
0.424751 0.026062
0.505721 0.064715
0.473928 0.088585
0.499157 0.084256
0.493746 0.146688
0.481351 0.104902
0.387253 0.251301
0.482484 0.180106
0.337024 0.232271
0.370818 0.238975
0.489263 0.202551
0.372174 0.000019
0.461576 0.000359
0.446871 0.025780
0.435131 0.057913
0.544850 0.107850
0.560536 0.125640
0.512352 0.110293
0.509307 0.130215
0.481655 0.157941
0.350664 0.244309
0.300984 0.255215
0.397995 0.315505
0.363110 0.311986
0.397661 0.241921
0.380314 0.000047
0.453465 0.000529
0.485818 0.000555
0.499069 0.032070
0.544895 0.044286
0.606859 0.149070
0.552036 0.147548
0.542655 0.126420
0.672522 0.219595
0.363390 0.285245
0.393636 0.296103
0.978767 0.239553
0.591395 0.230651
0.348505 0.297490
0.343327 0.258196
0.420900 0.000571
0.469646 0.000271
0.634468 0.044864
0.472609 0.065271
0.461034 0.055628
0.561690 0.158696
0.529989 0.140391
0.493367 0.122820
0.530748 0.168069
0.444233 0.185549
0.404157 0.271238
0.364039 0.265144
0.383855 0.264975
0.321013 0.274027
0.396501 0.000788
0.437163 0.000071
0.509930 0.000651
0.473714 0.032728
0.658889 0.177470
0.521215 0.067514
0.701035 0.301172
0.511378 0.146939
0.411040 0.237850
0.498007 0.168120
0.981385 0.398240
0.710529 0.323248
0.728372 0.324451
0.377773 0.281015
0.382147 0.306230
0.534057 0.000435
0.501885 0.000371
0.429021 0.000764
0.066427 0.465510
0.492555 0.056891
0.529483 0.098906
0.425645 0.215433
0.668051 0.258100
0.555840 0.233811
0.446823 0.281861
0.941214 0.391569
0.591325 0.247963
0.429557 0.299151
0.447411 0.251528
0.598903 0.000465
0.550161 0.000059
0.388413 0.000969
0.493878 0.000405
0.554648 0.025913
0.481917 0.045901
0.516011 0.086802
0.588966 0.143444
0.521038 0.197187
0.466921 0.274229
0.453562 0.212460
0.418680 0.261840
0.497219 0.247987
0.424019 0.245609
0.470416 0.238193
0.590849 0.000205
0.518013 0.000541
0.445299 0.000185
0.513177 0.025716
0.451913 0.043877
0.962360 0.432161
0.408170 0.315490
0.427217 0.277750
0.470558 0.275606
0.556528 0.229809
0.425047 0.312030
0.452179 0.269225
0.525684 0.234150
0.596610 0.206920
0.615156 0.000712
0.566494 0.000247
0.526589 0.031118
0.526024 0.000351
0.508485 0.044764
0.525952 0.047330
0.537520 0.062603
0.526542 0.120167
0.571459 0.141218
0.512991 0.165338
0.540570 0.197552
0.465931 0.230192
0.523593 0.207523
0.483196 0.228520
0.634824 0.276417
0.631466 0.000261
0.542072 0.000064
0.569970 0.027387
0.540141 0.027688
0.486028 0.025773
0.535525 0.079475
0.577060 0.117716
0.594072 0.123528
0.609921 0.131516
0.538830 0.160181
0.434734 0.231520
0.569126 0.194868
0.586375 0.239830
0.531630 0.243274
0.639629 0.000294
0.558319 0.000914
0.598907 0.028449
0.596349 0.043237
0.579746 0.047301
0.563614 0.105490
0.591707 0.103459
0.626415 0.123523
0.614641 0.170219
0.550353 0.176702
0.614233 0.205300
0.607328 0.275207
0.502223 0.208221
0.586138 0.203849
0.509195 0.251118
0.655944 0.000185
0.631268 0.026873
0.614341 0.025394
0.584033 0.027320
0.562993 0.042581
0.553890 0.062732
0.549174 0.089910
0.575971 0.094198
0.624108 0.147645
0.597466 0.172363
0.645320 0.233492
0.576619 0.179538
0.554957 0.194084
0.473640 0.203950
0.664106 0.000642
0.574646 0.000330
0.646043 0.026762
0.569194 0.061200
0.609276 0.054562
0.592935 0.062998
0.562293 0.079311
0.595527 0.082823
0.608752 0.109106
0.628718 0.175267
0.626470 0.192002
0.601260 0.188276
0.696514 0.325903
0.608231 0.293351
0.674272 0.310718
0.680379 0.000193
0.582737 0.000278
0.607006 0.000804
0.618315 0.040542
0.580363 0.074708
0.625979 0.083854
0.610706 0.092053
0.640521 0.154157
0.660399 0.157012
0.643091 0.197972
0.583183 0.162441
0.626996 0.251977
0.619092 0.235919
0.508128 0.237451
0.688520 0.000273
0.623295 0.000884
0.661346 0.027342
0.662470 0.066532
0.626617 0.062336
0.611276 0.071964
0.628309 0.105419
0.639035 0.134252
0.675031 0.142484
0.690865 0.156039
0.619120 0.222943
0.683189 0.183611
0.637494 0.216049
0.668845 0.237796
0.734082 0.344117
0.704838 0.000489
0.665820 0.048649
0.673099 0.083441
0.651220 0.042134
0.645770 0.060912
0.640519 0.077048
0.642596 0.098108
0.656625 0.137385
0.682132 0.203284
0.677838 0.167231
0.689448 0.227963
0.631014 0.303805
0.502431 0.185047
0.641160 0.300031
0.713013 0.000115
0.647800 0.000913
0.675020 0.027269
0.678529 0.062970
0.655683 0.083975
0.663343 0.100442
0.648047 0.116354
0.681604 0.123500
0.695198 0.137360
0.701079 0.200393
0.644816 0.173628
0.670415 0.277594
0.645750 0.249938
0.657226 0.210939
0.654699 0.290592
0.721205 0.000628
0.689979 0.026477
0.681965 0.041930
0.697995 0.065543
0.689414 0.080275
0.664536 0.121170
0.695778 0.113791
0.710435 0.153503
0.700029 0.173213
0.664119 0.194457
0.766261 0.323346
0.686739 0.319082
0.611267 0.284977
0.607952 0.256770
0.737682 0.000894
0.672228 0.000623
0.703794 0.026435
0.695443 0.049746
0.715369 0.059477
0.710430 0.078104
0.680895 0.101960
0.713282 0.134894
0.710399 0.188493
0.711288 0.217768
0.737201 0.255874
0.732752 0.241189
0.680508 0.289047
0.662233 0.307711
0.790302 0.361438
0.745978 0.000174
0.719092 0.025684
0.710150 0.041783
0.732017 0.060858
0.727073 0.078839
0.699209 0.095142
0.712618 0.115594
0.731749 0.180827
0.722297 0.200432
0.708049 0.239773
0.686656 0.242911
0.650515 0.265531
0.753871 0.304360
0.746126 0.352879
0.754308 0.000437
0.696696 0.000367
0.734671 0.026027
0.727730 0.041580
0.744386 0.078365
0.717979 0.096914
0.729645 0.118104
0.730756 0.141092
0.721860 0.167001
0.738824 0.209725
0.714263 0.257918
0.747256 0.287077
0.691958 0.262983
0.819877 0.384544
0.773131 0.368916
0.762596 0.000524
0.749942 0.025748
0.743985 0.044658
0.749229 0.062317
0.734719 0.097297
0.747244 0.113171
0.745979 0.133480
0.748559 0.186593
0.726145 0.225890
0.771379 0.273146
0.716537 0.288642
0.727197 0.275953
0.840099 0.412021
0.767281 0.346964
0.770960 0.000664
0.729425 0.000208
0.769051 0.024881
0.766831 0.067158
0.753273 0.096641
0.761672 0.125030
0.758870 0.147392
0.737923 0.157611
0.754972 0.221904
0.700515 0.276874
0.777364 0.248064
0.765643 0.294740
0.781881 0.314369
0.795748 0.378656
0.785780 0.334719
0.787644 0.000206
0.780048 0.036468
0.759376 0.038153
0.762989 0.083128
0.769522 0.105565
0.776184 0.145099
0.752716 0.166606
0.765699 0.179906
0.760275 0.243461
0.791244 0.297482
0.808732 0.312393
0.730833 0.301763
0.806968 0.329446
0.743651 0.333831
0.796130 0.001031
0.791120 0.025191
0.768221 0.051673
0.783376 0.076057
0.786478 0.111304
0.778297 0.126994
0.795128 0.152033
0.774923 0.161611
0.758766 0.203230
0.775451 0.207108
0.753763 0.264084
0.789039 0.282869
0.817805 0.362031
0.851889 0.391156
0.804226 0.384622
0.804676 0.000950
0.811559 0.056714
0.799112 0.067549
0.781333 0.091647
0.806272 0.116161
0.795692 0.132334
0.812053 0.152637
0.780685 0.187257
0.813428 0.226261
0.820395 0.296429
0.826537 0.333800
0.805854 0.349200
0.832906 0.401117
0.760366 0.362694
0.821627 0.000388
0.779278 0.001160
0.797168 0.041631
0.785955 0.056103
0.804817 0.083675
0.800199 0.098868
0.812891 0.134947
0.792106 0.170707
0.793457 0.207563
0.771639 0.228143
0.791750 0.230096
0.833567 0.277488
0.846522 0.334520
0.850235 0.413280
0.866657 0.404419
0.830159 0.000257
0.808188 0.026201
0.816638 0.040020
0.820813 0.074812
0.823981 0.115182
0.820007 0.097070
0.812545 0.171829
0.818885 0.191723
0.800315 0.187297
0.823716 0.240060
0.812823 0.278655
0.814886 0.261491
0.836314 0.378565
0.835534 0.352238
0.838748 0.000401
0.813122 0.000099
0.827110 0.025535
0.830088 0.059582
0.835847 0.089132
0.843423 0.122446
0.829753 0.135135
0.829508 0.156504
0.831096 0.175792
0.789134 0.261979
0.802020 0.247047
0.832537 0.315828
0.857868 0.321502
0.925058 0.435974
0.877232 0.427204
0.855911 0.000930
0.844507 0.027062
0.834433 0.041925
0.843533 0.075401
0.841708 0.105404
0.862605 0.112685
0.844583 0.144302
0.846943 0.166809
0.810583 0.208410
0.830343 0.213111
0.833797 0.258602
0.853126 0.284315
0.848903 0.364742
0.862263 0.350086
0.864499 0.000816
0.847299 0.000327
0.862000 0.026263
0.853474 0.041688
0.850006 0.060056
0.861449 0.078375
0.860267 0.132471
0.860397 0.154090
0.854281 0.185778
0.838453 0.194437
0.840902 0.226777
0.854761 0.264371
0.859981 0.304284
0.839409 0.298727
0.869107 0.377133
0.881813 0.000602
0.881263 0.026245
0.872297 0.040391
0.867740 0.058470
0.859553 0.096629
0.877481 0.123756
0.875912 0.142575
0.866752 0.172335
0.871649 0.204914
0.853604 0.207658
0.847699 0.243173
0.873475 0.285507
0.880911 0.319214
0.871069 0.439888
0.890500 0.000298
0.873114 0.000221
0.901205 0.025945
0.887554 0.055827
0.879938 0.072635
0.877482 0.090353
0.883550 0.106415
0.894051 0.138790
0.882050 0.159764
0.875801 0.188336
0.861724 0.224430
0.866589 0.248099
0.913837 0.350307
0.917264 0.421528
0.876228 0.444261
0.899251 0.000838
0.921583 0.026667
0.891833 0.039236
0.899574 0.070357
0.897836 0.086339
0.901900 0.102736
0.898254 0.121541
0.891515 0.174182
0.893870 0.193557
0.878170 0.233488
0.885742 0.216644
0.876708 0.267807
0.897071 0.335924
0.875214 0.335953
0.908077 0.001039
0.916807 0.000292
0.929408 0.042520
0.911306 0.039258
0.909962 0.056320
0.917971 0.091898
0.915202 0.114733
0.901485 0.155172
0.909748 0.177800
0.902308 0.226144
0.903958 0.243460
0.886497 0.253078
0.883547 0.302189
0.934405 0.462045
0.890475 0.406372
0.925616 0.000441
0.938728 0.026300
0.928983 0.061435
0.917719 0.074131
0.930219 0.126085
0.912557 0.136096
0.917993 0.161973
0.904725 0.208525
0.922413 0.228915
0.903698 0.261519
0.901473 0.298429
0.919325 0.322321
0.904091 0.318041
0.890666 0.352865
0.934427 0.000336
0.949845 0.037388
0.946333 0.054350
0.934857 0.081315
0.929765 0.105378
0.926854 0.146232
0.916996 0.193399
0.926164 0.210838
0.924390 0.244916
0.913042 0.278041
0.929191 0.338395
0.920836 0.295652
0.894171 0.280218
0.907979 0.364028
0.886419 0.398411
0.943249 0.000379
0.964720 0.063310
0.949298 0.071377
0.946526 0.117352
0.944425 0.139476
0.932191 0.178926
0.944792 0.239843
0.935724 0.278691
0.932276 0.308991
0.947184 0.319389
0.954859 0.334056
0.938978 0.350166
0.928300 0.374931
0.897131 0.435504
0.952113 0.000073
0.961512 0.024988
0.966273 0.041324
0.944771 0.096082
0.960025 0.149604
0.937830 0.161533
0.937640 0.196376
0.927237 0.261593
0.959839 0.272540
0.945235 0.291283
0.958925 0.301488
0.951702 0.369756
0.975547 0.378341
0.916775 0.403368
0.956801 0.393698
0.960947 0.000670
0.977439 0.028696
0.960761 0.085481
0.961553 0.128059
0.955248 0.204130
0.962312 0.245669
0.962402 0.224778
0.974020 0.336418
0.999951 0.351265
0.956784 0.355218
0.973754 0.318693
0.946374 0.502204
0.912145 0.385053
0.955553 0.496637
0.969617 0.000017
0.988269 0.000664
0.977694 0.052964
0.975686 0.138092
0.955167 0.167193
0.955922 0.184746
0.975066 0.281445
0.975589 0.261921
0.976754 0.355979
0.982195 0.426090
0.999136 0.392347
0.997493 0.470142
0.908011 0.452952
0.936397 0.407553
0.908938 0.458832
0.978495 0.000306
0.976822 0.075771
0.961242 0.106089
0.975960 0.158304
0.973326 0.177356
0.943623 0.221150
0.999158 0.287876
0.999776 0.325043
0.999193 0.262474
0.963289 0.466571
0.999536 0.338890
0.966194 0.449357
0.967857 0.482042
0.874482 0.364788
0.999673 0.001482
0.999391 0.038106
0.975825 0.095509
0.975850 0.116380
0.999625 0.104632
0.999931 0.187719
0.999379 0.139670
0.999954 0.151585
0.999507 0.362892
0.999143 0.275124
0.998479 0.378711
0.997075 0.405740
0.990936 0.473239
0.999274 0.236899
0.937717 0.433643
0.999560 0.000675
0.999323 0.048589
0.999860 0.070562
0.999598 0.093130
0.999304 0.116223
0.975632 0.213958
0.974437 0.299200
0.999356 0.312996
0.999457 0.250176
0.999920 0.199867
0.998944 0.300504
0.999022 0.443921
0.891557 0.376502
0.998312 0.428883
0.999447 0.018145
0.999696 0.028167
0.999241 0.059691
0.999976 0.081785
0.973783 0.195917
0.999181 0.127866
0.999875 0.212168
0.947384 0.260084
0.999820 0.224160
0.999706 0.163780
0.999374 0.175781
0.959796 0.418325
0.999342 0.456850
0.938032 0.469610
0.943235 0.488683
