0.000048 0.028313
0.000055 0.058606
0.000820 0.090146
0.000304 0.122837
0.000294 0.133956
0.000209 0.302756
0.000226 0.179278
0.000210 0.190775
0.000173 0.315085
0.000835 0.394315
0.057203 0.463066
0.011004 0.430893
0.007479 0.451703
0.048075 0.449548
0.000004 0.018725
0.000398 0.037979
0.000905 0.069019
0.029156 0.083355
0.025084 0.243149
0.000876 0.202391
0.000215 0.167473
0.000135 0.276042
0.000218 0.238656
0.000611 0.251127
0.000010 0.354492
0.000958 0.366587
0.027625 0.472466
0.012499 0.483582
0.072018 0.404365
0.000739 0.003588
0.000077 0.048219
0.000026 0.079482
0.000445 0.100927
0.000209 0.111694
0.000184 0.214760
0.000911 0.156313
0.000265 0.288657
0.001007 0.226345
0.000361 0.327839
0.000285 0.341119
0.000505 0.436279
0.000311 0.417123
0.050147 0.482130
0.000458 0.000176
0.032638 0.028528
0.027978 0.062353
0.028205 0.123609
0.026343 0.204369
0.059748 0.274982
0.040460 0.237205
0.000798 0.263821
0.029951 0.319822
0.027961 0.304164
0.029946 0.354881
0.000578 0.405366
0.000181 0.380942
0.003712 0.458115
0.071457 0.434572
0.012406 0.000726
0.043245 0.057074
0.027126 0.041342
0.028528 0.100859
0.000030 0.145056
0.026376 0.261124
0.047272 0.262079
0.034996 0.276856
0.022534 0.337067
0.043216 0.347421
0.022350 0.374167
0.060089 0.392789
0.030136 0.389936
0.052140 0.484509
0.031193 0.000248
0.022311 0.000523
0.059585 0.088617
0.042967 0.075630
0.027538 0.221857
0.029204 0.140145
0.045795 0.215172
0.060002 0.230696
0.049580 0.307487
0.049895 0.329219
0.065765 0.316574
0.044598 0.375821
0.061649 0.420257
0.027758 0.433464
0.093298 0.405734
0.039968 0.000770
0.059097 0.028992
0.044471 0.099039
0.047557 0.136891
0.027779 0.184007
0.043124 0.196359
0.059305 0.249007
0.085223 0.260846
0.023823 0.287965
0.055060 0.291084
0.039176 0.400702
0.046485 0.414365
0.058140 0.361497
0.010636 0.480585
0.048883 0.000493
0.044253 0.036648
0.065129 0.043166
0.061524 0.062791
0.042441 0.116958
0.061527 0.153609
0.027298 0.164047
0.067185 0.209034
0.080040 0.245948
0.078385 0.275322
0.067791 0.340665
0.080639 0.308742
0.076960 0.355324
0.116830 0.334399
0.088217 0.424189
0.057759 0.000640
0.077436 0.029188
0.079845 0.060245
0.064122 0.113926
0.065733 0.133094
0.039628 0.155183
0.043974 0.175897
0.063017 0.191612
0.108091 0.267877
0.079890 0.292087
0.102333 0.282799
0.098609 0.343744
0.041322 0.437888
0.103041 0.321583
0.066673 0.000273
0.075476 0.000741
0.087396 0.041212
0.073537 0.078878
0.075067 0.099335
0.082146 0.118845
0.081860 0.156284
0.063069 0.171836
0.077453 0.227263
0.104237 0.249039
0.126654 0.273436
0.085441 0.329431
0.109180 0.357666
0.091581 0.369614
0.094820 0.446554
0.084323 0.000495
0.097362 0.027591
0.108006 0.039432
0.093231 0.077074
0.093227 0.095509
0.083222 0.138778
0.081789 0.173939
0.083018 0.191978
0.087968 0.209168
0.117667 0.235326
0.101397 0.301559
0.125315 0.253848
0.120408 0.311598
0.108360 0.460841
0.093102 0.001254
0.110551 0.000358
0.118218 0.027572
0.097283 0.059583
0.111392 0.089080
0.099259 0.111096
0.101745 0.132386
0.100255 0.172204
0.103778 0.195599
0.096720 0.230009
0.131951 0.222001
0.121642 0.291289
0.169159 0.295854
0.093119 0.386610
0.105487 0.460781
0.101983 0.000172
0.128989 0.043040
0.116571 0.057739
0.116381 0.073747
0.124109 0.100655
0.115272 0.118328
0.102028 0.151249
0.118295 0.160582
0.116115 0.182771
0.109440 0.215449
0.139376 0.240106
0.148106 0.285488
0.137044 0.322491
0.070016 0.377110
0.119439 0.000412
0.145445 0.001020
0.135500 0.027080
0.134822 0.062848
0.134538 0.082002
0.141798 0.100036
0.120276 0.139200
0.131891 0.173080
0.123387 0.202900
0.138888 0.192657
0.147038 0.210441
0.145268 0.266393
0.165615 0.274986
0.144744 0.337798
0.113747 0.394848
0.128050 0.000060
0.147537 0.040068
0.151877 0.057963
0.153425 0.074941
0.157955 0.090459
0.132547 0.120245
0.135228 0.148824
0.149133 0.160005
0.160814 0.196235
0.155112 0.229709
0.156813 0.252500
0.139674 0.301207
0.191529 0.302497
0.162018 0.326272
0.136745 0.000132
0.179950 0.000666
0.154724 0.025694
0.170727 0.063040
0.152403 0.115388
0.145366 0.134207
0.163025 0.146400
0.152603 0.177989
0.169350 0.217636
0.176395 0.185563
0.172091 0.242827
0.178448 0.261564
0.170209 0.343837
0.131820 0.349901
0.113861 0.377936
0.154192 0.000951
0.165950 0.044562
0.176023 0.081210
0.167863 0.103455
0.165416 0.128837
0.180791 0.151461
0.169583 0.167396
0.195510 0.187894
0.181185 0.206060
0.195961 0.250547
0.198224 0.271232
0.159459 0.308886
0.134768 0.436286
0.102817 0.435232
0.162773 0.000355
0.171295 0.027893
0.185187 0.042602
0.186867 0.063556
0.182845 0.109133
0.182026 0.127630
0.190826 0.169316
0.211675 0.179777
0.200946 0.206761
0.185765 0.229701
0.211893 0.243339
0.184736 0.284676
0.184898 0.317603
0.132881 0.364610
0.137004 0.434119
0.171446 0.000300
0.200607 0.051286
0.189807 0.090492
0.211241 0.085698
0.201359 0.104160
0.195564 0.141753
0.220381 0.196759
0.235483 0.183936
0.203770 0.224938
0.215143 0.264348
0.210807 0.289503
0.220136 0.306071
0.211391 0.317758
0.141616 0.401644
0.188576 0.000299
0.187534 0.026671
0.216986 0.042179
0.200330 0.073613
0.220439 0.103798
0.201608 0.122498
0.205830 0.156853
0.245597 0.168133
0.222649 0.215430
0.256482 0.265160
0.245726 0.245463
0.184301 0.333027
0.252326 0.313953
0.168381 0.375657
0.152260 0.395877
0.197055 0.000613
0.202659 0.030225
0.233067 0.049138
0.228994 0.088020
0.220206 0.121642
0.215686 0.139258
0.222686 0.166097
0.254607 0.186979
0.227761 0.235743
0.233970 0.260415
0.229285 0.280486
0.238996 0.328109
0.136610 0.380589
0.113195 0.412988
0.205592 0.000409
0.256309 0.000264
0.218149 0.025568
0.216134 0.062233
0.238508 0.109459
0.235478 0.131833
0.230757 0.151686
0.248525 0.146884
0.274325 0.182426
0.239882 0.202414
0.256955 0.297370
0.250213 0.280178
0.235990 0.298830
0.196662 0.351182
0.158534 0.357913
0.214106 0.000093
0.234207 0.030867
0.251844 0.044031
0.246212 0.087167
0.254445 0.103633
0.251459 0.124077
0.266724 0.150353
0.263235 0.167598
0.271926 0.201583
0.259279 0.212280
0.285931 0.274867
0.281406 0.303228
0.267149 0.334739
0.130246 0.416929
0.222610 0.000075
0.289662 0.000156
0.249331 0.026395
0.230374 0.070838
0.259110 0.077629
0.269777 0.112715
0.266450 0.133112
0.287410 0.142341
0.284167 0.160598
0.329602 0.177414
0.295036 0.217518
0.242367 0.223570
0.299757 0.295558
0.311470 0.280186
0.211067 0.335823
0.231072 0.000815
0.263767 0.032104
0.264600 0.059799
0.246075 0.063058
0.286158 0.103446
0.284697 0.125138
0.300507 0.116635
0.304070 0.155728
0.292396 0.177527
0.312956 0.230692
0.267041 0.255089
0.298769 0.240312
0.162515 0.387405
0.258642 0.336874
0.239469 0.000530
0.314614 0.000228
0.276762 0.046666
0.277507 0.070370
0.271531 0.091753
0.306320 0.099270
0.328412 0.110514
0.305534 0.137739
0.311958 0.172506
0.346565 0.145696
0.289634 0.199786
0.275621 0.223678
0.260602 0.232453
0.193102 0.362555
0.276234 0.323656
0.247940 0.000928
0.277718 0.027482
0.294715 0.062679
0.289033 0.084617
0.304534 0.078850
0.321058 0.091938
0.342779 0.122602
0.322873 0.153215
0.360043 0.137787
0.338842 0.163721
0.281948 0.244642
0.330889 0.261232
0.182447 0.368512
0.276980 0.288473
0.264694 0.000385
0.339317 0.000872
0.291599 0.042863
0.312348 0.057843
0.322080 0.072511
0.337593 0.088500
0.346724 0.103681
0.317557 0.123045
0.328601 0.136531
0.356485 0.162713
0.356209 0.182675
0.325672 0.241446
0.355596 0.206030
0.366005 0.317853
0.330635 0.217611
0.273023 0.000918
0.296034 0.027458
0.309388 0.039461
0.358429 0.060619
0.347627 0.073891
0.359779 0.089487
0.390099 0.133158
0.360577 0.116283
0.373963 0.130992
0.372739 0.156503
0.306202 0.191133
0.319698 0.321317
0.430621 0.307448
0.233986 0.343528
0.281365 0.000528
0.363790 0.000464
0.334811 0.060725
0.328602 0.043383
0.372050 0.045894
0.381526 0.087411
0.372417 0.103675
0.417687 0.113151
0.421356 0.132519
0.388166 0.153422
0.372332 0.179317
0.374941 0.198584
0.342716 0.193923
0.326310 0.196437
0.333376 0.317424
0.298019 0.000540
0.317301 0.027382
0.351473 0.029601
0.389899 0.050842
0.370535 0.072571
0.396439 0.096334
0.385586 0.114196
0.403801 0.140274
0.417478 0.150008
0.388166 0.175715
0.404001 0.188717
0.440198 0.206205
0.225539 0.345233
0.338232 0.296789
0.306337 0.000847
0.335239 0.028342
0.379776 0.028576
0.384281 0.065915
0.412140 0.091181
0.459043 0.085828
0.434023 0.116557
0.403288 0.113343
0.445381 0.096728
0.416025 0.174681
0.466550 0.176926
0.438670 0.175022
0.413996 0.208424
0.373257 0.219775
0.313555 0.210220
0.322907 0.000851
0.348243 0.046992
0.392943 0.029010
0.405249 0.042690
0.422358 0.046605
0.420080 0.073059
0.459821 0.104586
0.470968 0.121350
0.446107 0.150243
0.401307 0.164706
0.427544 0.162022
0.403371 0.217756
0.305849 0.322324
0.293905 0.262854
0.331127 0.000475
0.404563 0.000359
0.364562 0.030189
0.410173 0.027390
0.398863 0.075225
0.434578 0.078571
0.428941 0.096806
0.449903 0.120591
0.436731 0.138516
0.453902 0.167083
0.479397 0.135953
0.356830 0.225423
0.388820 0.226201
0.320273 0.296898
0.348693 0.321297
0.347462 0.000176
0.436992 0.040038
0.410105 0.060738
0.450616 0.071607
0.485912 0.079669
0.497922 0.104421
0.465537 0.151653
0.458982 0.136214
0.453747 0.240679
0.390483 0.202425
0.423553 0.194881
0.462774 0.195517
0.352788 0.278581
0.295863 0.323175
0.355626 0.001036
0.412677 0.000712
0.477607 0.000410
0.461486 0.028240
0.426475 0.026890
0.505658 0.067071
0.475382 0.091727
0.500208 0.087204
0.492671 0.148797
0.480834 0.107810
0.394592 0.257138
0.482776 0.185123
0.344231 0.234619
0.377243 0.241023
0.487443 0.210156
0.371975 0.000654
0.461480 0.000375
0.446098 0.026706
0.437315 0.059189
0.543095 0.110664
0.557682 0.128411
0.511585 0.111339
0.508541 0.132800
0.482478 0.162545
0.359405 0.247840
0.310516 0.256084
0.412606 0.323070
0.376708 0.317066
0.404574 0.245326
0.380192 0.000318
0.453344 0.000340
0.485662 0.000621
0.498872 0.033790
0.543067 0.045906
0.600597 0.151459
0.548305 0.149413
0.540928 0.128787
0.663855 0.219974
0.372293 0.289680
0.405103 0.305872
0.976947 0.236626
0.582628 0.228640
0.360833 0.302833
0.353837 0.261563
0.420797 0.000441
0.469573 0.000738
0.629195 0.046928
0.473392 0.068716
0.462792 0.057226
0.557794 0.162578
0.527637 0.143865
0.492996 0.124919
0.525650 0.176044
0.447745 0.190757
0.413294 0.278986
0.371393 0.267890
0.397427 0.274201
0.332538 0.277642
0.396421 0.000047
0.437051 0.000811
0.509919 0.000523
0.474245 0.034647
0.653093 0.177504
0.520433 0.069914
0.687787 0.297973
0.511681 0.148868
0.416312 0.240864
0.497291 0.171376
0.980009 0.388796
0.697596 0.322011
0.715349 0.320959
0.392104 0.286816
0.398096 0.315234
0.534038 0.000946
0.501846 0.000443
0.428923 0.000413
0.068461 0.454694
0.491888 0.059756
0.528175 0.101696
0.430086 0.218638
0.659551 0.258031
0.545638 0.227336
0.450658 0.294681
0.940055 0.383947
0.582807 0.250125
0.445223 0.316959
0.447759 0.259062
0.598817 0.000729
0.550216 0.000044
0.388344 0.000861
0.493783 0.000338
0.553169 0.027750
0.481422 0.048802
0.515345 0.090232
0.584829 0.144186
0.519509 0.199179
0.467470 0.281564
0.452226 0.214480
0.424702 0.271800
0.491292 0.249571
0.431974 0.256595
0.471041 0.251184
0.590753 0.000362
0.518000 0.000040
0.445202 0.000060
0.510977 0.026131
0.453824 0.044956
0.960713 0.423819
0.422507 0.327451
0.430759 0.285829
0.474728 0.284521
0.548173 0.232989
0.446964 0.327127
0.452376 0.274836
0.519577 0.228533
0.586816 0.210125
0.615096 0.001090
0.566498 0.000791
0.525126 0.032157
0.526005 0.000945
0.507528 0.047630
0.523961 0.049426
0.536219 0.064333
0.525523 0.124351
0.568481 0.144086
0.514425 0.171414
0.537890 0.201605
0.467241 0.233913
0.520414 0.213382
0.486495 0.231133
0.623192 0.277537
0.631410 0.000223
0.542138 0.000573
0.567944 0.029847
0.538365 0.028092
0.486590 0.026189
0.533111 0.081686
0.574024 0.121362
0.587981 0.126913
0.605467 0.133948
0.538583 0.164201
0.436105 0.235200
0.562689 0.199826
0.576239 0.239312
0.523876 0.244334
0.639531 0.000308
0.558362 0.000221
0.596192 0.028276
0.593644 0.044117
0.577326 0.048475
0.560475 0.108218
0.587883 0.105444
0.620598 0.124156
0.606956 0.170723
0.547036 0.181553
0.607416 0.207654
0.593578 0.272633
0.499597 0.211600
0.573565 0.208122
0.507809 0.252053
0.655759 0.000547
0.627701 0.028359
0.611582 0.025528
0.580997 0.028591
0.559192 0.046192
0.551176 0.066278
0.546127 0.093837
0.572710 0.097032
0.617220 0.149253
0.589103 0.174634
0.640075 0.234289
0.571352 0.181971
0.546056 0.199468
0.474101 0.210361
0.663913 0.000618
0.574578 0.000437
0.641850 0.026370
0.566901 0.064395
0.605364 0.057365
0.588878 0.064701
0.558905 0.083367
0.590749 0.084823
0.603414 0.112850
0.621210 0.176789
0.617047 0.193758
0.592690 0.188615
0.685867 0.322076
0.595317 0.296509
0.659837 0.310711
0.680238 0.000301
0.582676 0.000530
0.606921 0.000079
0.613467 0.040787
0.576144 0.078563
0.620093 0.086821
0.605177 0.095683
0.632794 0.155465
0.653554 0.156411
0.636441 0.198896
0.577069 0.163462
0.614674 0.254829
0.608866 0.238606
0.500992 0.239918
0.688446 0.000741
0.623291 0.000325
0.656941 0.027365
0.656699 0.067744
0.622299 0.065258
0.606249 0.074480
0.622157 0.107540
0.633089 0.136735
0.669131 0.143330
0.684071 0.155491
0.609013 0.223084
0.677417 0.184224
0.628265 0.218361
0.657363 0.238372
0.725440 0.339254
0.704897 0.000041
0.660762 0.050415
0.667863 0.085084
0.646337 0.042549
0.640376 0.061273
0.634977 0.078179
0.636945 0.099904
0.650076 0.138703
0.675452 0.203607
0.670121 0.167346
0.683289 0.228229
0.616957 0.301374
0.500734 0.189164
0.625568 0.300811
0.713133 0.000559
0.647679 0.000564
0.670199 0.026724
0.673731 0.062953
0.650381 0.085984
0.656638 0.103070
0.640751 0.117170
0.674401 0.124865
0.689360 0.137380
0.691617 0.201769
0.636976 0.174555
0.659364 0.276154
0.636413 0.252943
0.646164 0.213376
0.641393 0.289762
0.721492 0.000665
0.685262 0.026097
0.676429 0.041465
0.692578 0.066918
0.682961 0.081584
0.658097 0.121932
0.688825 0.114565
0.703987 0.153088
0.693316 0.172320
0.656575 0.195436
0.759414 0.318069
0.673182 0.315081
0.598846 0.288072
0.598542 0.255433
0.737980 0.000434
0.672065 0.001051
0.699683 0.025700
0.689647 0.049831
0.709170 0.059461
0.704570 0.079788
0.674694 0.104303
0.707127 0.134427
0.702309 0.188000
0.701980 0.217316
0.728705 0.253734
0.723395 0.240356
0.669508 0.286715
0.649494 0.303622
0.779249 0.356203
0.746279 0.000290
0.714781 0.025390
0.704248 0.041569
0.725322 0.061339
0.721051 0.079591
0.693491 0.096369
0.706484 0.116029
0.725691 0.180145
0.715516 0.200334
0.700255 0.238634
0.677354 0.243085
0.637419 0.266655
0.744716 0.299663
0.735098 0.350530
0.754606 0.000077
0.696644 0.000424
0.730320 0.026807
0.722132 0.041923
0.737993 0.078818
0.711440 0.099367
0.723449 0.119936
0.724509 0.140882
0.715249 0.166558
0.732914 0.209191
0.703416 0.256380
0.737016 0.284634
0.682179 0.261909
0.810141 0.377384
0.763223 0.363833
0.762885 0.000406
0.745862 0.025780
0.738714 0.044786
0.743082 0.062082
0.727815 0.098860
0.741048 0.113344
0.739637 0.133910
0.740728 0.187446
0.717808 0.225576
0.764200 0.268775
0.706905 0.286937
0.716664 0.273611
0.832237 0.405899
0.756141 0.343808
0.771323 0.000095
0.729736 0.000853
0.765281 0.024856
0.760541 0.068664
0.746580 0.096329
0.755122 0.125476
0.752126 0.147627
0.730902 0.157582
0.747390 0.221358
0.689210 0.274094
0.769782 0.246303
0.756656 0.293461
0.772297 0.310559
0.785455 0.375216
0.777622 0.328786
0.787985 0.000424
0.774909 0.037330
0.754739 0.037772
0.757701 0.084258
0.762461 0.106858
0.771115 0.145460
0.745702 0.167164
0.759355 0.180263
0.752124 0.242132
0.784373 0.292031
0.801521 0.307549
0.718941 0.297511
0.800043 0.323298
0.731818 0.331613
0.796469 0.000020
0.786165 0.026698
0.761897 0.052692
0.777256 0.076479
0.781105 0.111594
0.773253 0.126348
0.789909 0.152191
0.768650 0.162503
0.750476 0.203258
0.769957 0.207131
0.745867 0.260787
0.781942 0.279039
0.809407 0.357269
0.847070 0.384232
0.794960 0.378582
0.804907 0.000867
0.805841 0.057332
0.792796 0.067409
0.776066 0.092906
0.801137 0.115271
0.790495 0.132374
0.807478 0.152677
0.775639 0.187930
0.807953 0.225165
0.813632 0.291456
0.819775 0.328706
0.797415 0.345300
0.824890 0.394180
0.749581 0.359093
0.821884 0.000707
0.779695 0.000658
0.792519 0.042657
0.780192 0.056444
0.799271 0.083120
0.794750 0.098571
0.808593 0.134143
0.785825 0.170882
0.788517 0.207246
0.764492 0.226805
0.787219 0.227930
0.827594 0.273392
0.841094 0.329725
0.844921 0.403066
0.862516 0.396467
0.830380 0.000382
0.803834 0.027241
0.812025 0.039659
0.815138 0.074453
0.819100 0.113247
0.814715 0.095574
0.807340 0.171437
0.814898 0.190967
0.795221 0.187447
0.818408 0.237298
0.806570 0.274017
0.808339 0.257891
0.828139 0.372635
0.829107 0.346430
0.838953 0.000848
0.813433 0.000701
0.823300 0.026211
0.824857 0.060525
0.830358 0.089101
0.838589 0.122424
0.824817 0.134101
0.825119 0.156469
0.826465 0.175526
0.782477 0.258536
0.796642 0.244238
0.826674 0.310508
0.853577 0.315556
0.924102 0.424652
0.874842 0.416793
0.856109 0.000807
0.841169 0.027974
0.828944 0.042771
0.837614 0.074978
0.836638 0.105375
0.857117 0.111040
0.839890 0.144291
0.842216 0.166331
0.805069 0.207040
0.825624 0.211640
0.829148 0.255030
0.848672 0.280212
0.843757 0.358898
0.856511 0.344333
0.864748 0.000004
0.847481 0.000378
0.858486 0.026034
0.848187 0.041510
0.844536 0.059003
0.855569 0.077121
0.854993 0.131823
0.856228 0.153927
0.849034 0.185811
0.834082 0.193403
0.836103 0.225267
0.850079 0.260629
0.855195 0.299590
0.833680 0.293929
0.865719 0.371911
0.882015 0.000147
0.878024 0.025972
0.868468 0.039953
0.863020 0.057733
0.853832 0.094968
0.872551 0.122962
0.871133 0.142354
0.862023 0.171851
0.866240 0.203935
0.847762 0.206048
0.842795 0.240518
0.868303 0.281086
0.877519 0.314846
0.869083 0.430116
0.890730 0.000436
0.873399 0.000472
0.898222 0.025594
0.883003 0.055658
0.874812 0.071893
0.871733 0.089954
0.878521 0.105360
0.889245 0.137910
0.877984 0.158850
0.871036 0.187140
0.856607 0.223102
0.861220 0.245603
0.912586 0.344838
0.916648 0.413103
0.874546 0.432723
0.899404 0.000258
0.918820 0.025892
0.888072 0.038811
0.894782 0.068558
0.892814 0.085749
0.897287 0.101804
0.893005 0.121060
0.887582 0.173022
0.888384 0.192119
0.873280 0.230413
0.881003 0.214654
0.871245 0.265016
0.895061 0.330816
0.871764 0.331064
0.908170 0.000977
0.916895 0.000353
0.927174 0.041439
0.907981 0.038754
0.907245 0.054987
0.914003 0.090670
0.912181 0.114246
0.897901 0.154383
0.905018 0.176985
0.896935 0.224896
0.899360 0.241053
0.881356 0.250630
0.880042 0.297829
0.934163 0.454132
0.889536 0.398097
0.925702 0.001045
0.936113 0.025982
0.926894 0.060275
0.914241 0.073012
0.928264 0.123995
0.909202 0.135071
0.915644 0.160709
0.900739 0.206815
0.919007 0.225926
0.900690 0.258859
0.898723 0.294716
0.918702 0.317426
0.901140 0.313745
0.888386 0.347883
0.934481 0.000349
0.948265 0.035918
0.944211 0.053231
0.932124 0.080263
0.927687 0.103613
0.923944 0.143797
0.913860 0.191106
0.923680 0.208889
0.921379 0.241743
0.910338 0.273898
0.927916 0.333398
0.917952 0.291470
0.889619 0.276562
0.906022 0.360033
0.883251 0.390821
0.943314 0.000347
0.963903 0.062631
0.947082 0.070439
0.944543 0.115052
0.941947 0.138052
0.929455 0.176858
0.943313 0.237256
0.933584 0.274373
0.929849 0.304640
0.944959 0.313583
0.954452 0.328861
0.936683 0.344184
0.925311 0.369030
0.894595 0.428778
0.952133 0.001134
0.960343 0.025038
0.965665 0.041092
0.943170 0.094400
0.959192 0.147778
0.935625 0.160049
0.934647 0.194892
0.924217 0.258637
0.959041 0.269478
0.943420 0.287714
0.958853 0.298143
0.948711 0.362735
0.973638 0.370426
0.915078 0.395707
0.952844 0.384569
0.960954 0.000277
0.976831 0.029443
0.960470 0.084704
0.960365 0.127316
0.955210 0.201611
0.961831 0.243098
0.960762 0.222214
0.972210 0.330071
0.999857 0.349677
0.955134 0.350453
0.973767 0.313431
0.946492 0.491631
0.910806 0.377758
0.955252 0.487881
0.969697 0.001060
0.988360 0.000614
0.976985 0.053255
0.975236 0.135987
0.953489 0.165285
0.954360 0.182784
0.974339 0.277100
0.974542 0.259021
0.974262 0.348933
0.979689 0.418862
0.997958 0.387320
0.997875 0.466193
0.908099 0.442833
0.934334 0.398486
0.906144 0.447215
0.978541 0.000400
0.975974 0.074730
0.961638 0.105020
0.974857 0.156209
0.973196 0.174993
0.941039 0.218212
0.999742 0.286537
0.999789 0.323446
0.999726 0.261189
0.964768 0.457995
0.999893 0.336532
0.965730 0.441305
0.967938 0.473036
0.871318 0.359443
0.999082 0.002215
0.999953 0.038424
0.975999 0.094321
0.975205 0.115736
0.999426 0.104565
0.999497 0.186890
0.999832 0.139276
0.999349 0.151184
0.999541 0.358955
0.999368 0.273862
0.997060 0.373619
0.993024 0.398397
0.990598 0.465770
0.999801 0.235641
0.936839 0.425030
0.999324 0.000756
0.999781 0.048928
0.998990 0.070830
0.999645 0.093184
0.999387 0.115972
0.975136 0.212199
0.973729 0.295134
0.999201 0.311899
0.999567 0.248754
0.999132 0.198705
0.999441 0.299054
0.997035 0.435060
0.889156 0.370591
0.993833 0.422173
0.999711 0.018614
0.999942 0.028464
0.999223 0.060068
0.999703 0.082046
0.972617 0.193574
0.999023 0.127511
0.999508 0.211376
0.943764 0.256830
0.999277 0.223252
0.999272 0.163290
0.999417 0.174827
0.957882 0.412485
0.998125 0.451071
0.939105 0.461978
0.945366 0.480801
