0.000712 0.028608
0.000525 0.058647
0.000122 0.089908
0.000208 0.122112
0.000295 0.133315
0.000467 0.300639
0.000325 0.178217
0.000217 0.189835
0.000091 0.312729
0.000153 0.388346
0.059521 0.451723
0.015216 0.418128
0.007424 0.439988
0.049184 0.439777
0.000163 0.018991
0.000728 0.038186
0.000828 0.068896
0.028181 0.080157
0.025228 0.235758
0.000555 0.201271
0.000488 0.166630
0.000401 0.274716
0.000644 0.237567
0.000111 0.249949
0.000307 0.351283
0.000445 0.363348
0.028933 0.459974
0.012720 0.470518
0.074720 0.393132
0.000508 0.004363
0.000338 0.048264
0.000248 0.079291
0.000243 0.100503
0.000928 0.111281
0.000262 0.213700
0.000657 0.155102
0.000411 0.287085
0.000113 0.225097
0.000385 0.325165
0.000035 0.337626
0.000604 0.433692
0.000706 0.412581
0.047788 0.469920
0.000722 0.000338
0.032060 0.028396
0.027988 0.061215
0.027052 0.119811
0.025496 0.197600
0.061163 0.266362
0.040913 0.230397
0.000340 0.262323
0.030585 0.310305
0.028611 0.295224
0.030193 0.344676
0.000432 0.399914
0.000743 0.377181
0.000003 0.450166
0.073306 0.423825
0.012062 0.000714
0.043386 0.054823
0.027143 0.041171
0.027530 0.097931
0.000562 0.144331
0.026196 0.253218
0.046681 0.253232
0.036322 0.268851
0.023818 0.327314
0.044285 0.337340
0.024035 0.363493
0.061542 0.380445
0.032371 0.378396
0.051126 0.471431
0.030892 0.000634
0.021981 0.000173
0.060440 0.086166
0.043192 0.073954
0.027341 0.214395
0.028284 0.135379
0.045539 0.209010
0.060252 0.223560
0.050017 0.298972
0.050696 0.319336
0.067471 0.307850
0.045147 0.364165
0.063445 0.408478
0.032828 0.422060
0.096445 0.394207
0.039533 0.000042
0.059621 0.028432
0.044586 0.095581
0.047878 0.132004
0.026388 0.177799
0.042322 0.189516
0.060734 0.242677
0.087294 0.253656
0.024973 0.279869
0.055927 0.282655
0.038884 0.389182
0.047733 0.400628
0.059893 0.350649
0.007703 0.466994
0.048411 0.000868
0.044185 0.033985
0.064789 0.042944
0.060906 0.061290
0.042202 0.112734
0.060520 0.149482
0.025625 0.158925
0.066208 0.201996
0.080301 0.239122
0.078740 0.268642
0.070231 0.330887
0.082868 0.301508
0.079659 0.345505
0.120917 0.326437
0.091234 0.412388
0.057371 0.000697
0.076479 0.027837
0.079338 0.058369
0.063216 0.110697
0.065766 0.129354
0.038690 0.149904
0.043815 0.169699
0.062968 0.185714
0.110355 0.261622
0.081189 0.285027
0.104571 0.276627
0.100746 0.335581
0.043728 0.425788
0.106034 0.314315
0.066195 0.000177
0.075026 0.000231
0.087458 0.040301
0.074209 0.075655
0.074904 0.096399
0.082098 0.115028
0.081955 0.151635
0.062620 0.166471
0.077905 0.219653
0.105235 0.243036
0.130922 0.267780
0.086773 0.321326
0.112452 0.348039
0.093303 0.359562
0.096026 0.434175
0.083939 0.000160
0.096226 0.026650
0.108005 0.038971
0.093771 0.075035
0.093267 0.092927
0.082587 0.135304
0.082140 0.169669
0.083460 0.187713
0.089372 0.204996
0.120029 0.229687
0.104530 0.294193
0.129057 0.247905
0.124273 0.304535
0.111224 0.447450
0.092517 0.000865
0.110151 0.000633
0.116713 0.026488
0.097790 0.057858
0.111674 0.088506
0.099740 0.109015
0.101664 0.129249
0.100892 0.168299
0.104596 0.191066
0.098489 0.225212
0.135014 0.217141
0.125387 0.285611
0.175882 0.290535
0.095760 0.376039
0.108227 0.448586
0.101436 0.000447
0.128465 0.042745
0.115875 0.057103
0.116552 0.073196
0.124800 0.098828
0.116001 0.116265
0.102925 0.147560
0.118788 0.157415
0.117318 0.178537
0.110631 0.210361
0.142346 0.235874
0.152618 0.280503
0.141939 0.315525
0.072093 0.365522
0.118923 0.000207
0.145073 0.000826
0.134117 0.026798
0.134746 0.061943
0.135022 0.081074
0.143366 0.098250
0.120871 0.135594
0.133860 0.169706
0.124917 0.198742
0.141251 0.189100
0.149902 0.206077
0.149013 0.261129
0.170765 0.269490
0.150422 0.329988
0.116748 0.383983
0.127660 0.000992
0.147266 0.040020
0.151450 0.057667
0.154055 0.073923
0.159280 0.089532
0.133728 0.117461
0.135801 0.145980
0.151209 0.156413
0.163625 0.192577
0.158399 0.225519
0.160931 0.247879
0.144058 0.295258
0.199669 0.297212
0.167365 0.320607
0.136359 0.000275
0.179800 0.000377
0.153278 0.026036
0.171395 0.062770
0.153621 0.113610
0.146279 0.131780
0.164521 0.144243
0.154687 0.175076
0.172912 0.214100
0.179441 0.182361
0.177065 0.238700
0.184333 0.257071
0.176767 0.336960
0.135751 0.341387
0.117212 0.368649
0.153870 0.000531
0.166294 0.044279
0.176252 0.080893
0.169664 0.102585
0.167090 0.126414
0.182979 0.149252
0.171429 0.164931
0.198672 0.185524
0.185562 0.203163
0.200733 0.245821
0.205119 0.267289
0.164687 0.302465
0.137791 0.422946
0.106437 0.422167
0.162535 0.001091
0.170700 0.028256
0.185024 0.042467
0.187977 0.062878
0.184925 0.107623
0.183812 0.126410
0.193608 0.166895
0.215221 0.178092
0.205469 0.204170
0.190089 0.225179
0.217653 0.240434
0.191550 0.279237
0.191809 0.310532
0.138059 0.354735
0.140731 0.421290
0.171121 0.000117
0.201899 0.050948
0.191236 0.089122
0.213200 0.083575
0.204019 0.102503
0.197701 0.139945
0.223594 0.195004
0.239632 0.182513
0.208494 0.222054
0.221752 0.260621
0.217219 0.284498
0.228930 0.300549
0.219207 0.311854
0.146496 0.389777
0.188411 0.000328
0.187629 0.026564
0.218420 0.041562
0.201488 0.072745
0.222867 0.102481
0.203210 0.120976
0.208651 0.155346
0.249261 0.166089
0.227715 0.213590
0.264581 0.263264
0.251845 0.243167
0.192634 0.326588
0.262099 0.308845
0.175920 0.366706
0.158468 0.384466
0.196967 0.000594
0.203095 0.031158
0.235245 0.049984
0.232187 0.087956
0.222424 0.119769
0.217916 0.137633
0.225720 0.164723
0.258737 0.186269
0.233345 0.234141
0.240766 0.257862
0.235748 0.275889
0.248683 0.323065
0.140616 0.370204
0.116868 0.401964
0.205436 0.000694
0.256196 0.000683
0.219463 0.026450
0.218452 0.062327
0.241156 0.108899
0.238184 0.130959
0.233665 0.150197
0.251984 0.145588
0.278742 0.182248
0.244268 0.200104
0.266813 0.294070
0.259637 0.278064
0.245443 0.295144
0.205821 0.343636
0.163881 0.349387
0.213957 0.000801
0.235499 0.029927
0.254365 0.044640
0.249466 0.086819
0.258371 0.102501
0.254996 0.122659
0.271526 0.150389
0.268096 0.167251
0.277379 0.201469
0.263102 0.210903
0.294787 0.274325
0.292802 0.300989
0.278339 0.330844
0.133973 0.404953
0.222486 0.000951
0.289625 0.000171
0.250118 0.028489
0.232909 0.070047
0.263281 0.076833
0.273999 0.112465
0.269271 0.132753
0.291346 0.143182
0.289192 0.161048
0.334879 0.180253
0.301464 0.217760
0.246713 0.221782
0.310639 0.293581
0.320146 0.278928
0.218593 0.329355
0.230974 0.000969
0.266128 0.030345
0.268418 0.059539
0.248963 0.063188
0.290606 0.104071
0.288976 0.125283
0.304886 0.117462
0.308579 0.156683
0.297211 0.177893
0.322093 0.230476
0.273921 0.253036
0.304903 0.240019
0.168404 0.377745
0.269387 0.331855
0.239407 0.000495
0.314436 0.000122
0.278876 0.046882
0.282299 0.069171
0.275025 0.091800
0.310132 0.099924
0.331949 0.110755
0.310530 0.138807
0.317347 0.172800
0.349076 0.145607
0.295151 0.200372
0.282220 0.222447
0.268053 0.231682
0.200963 0.353098
0.288959 0.321707
0.247784 0.001132
0.280734 0.027685
0.299473 0.062830
0.292764 0.085111
0.308519 0.078517
0.325248 0.092762
0.346500 0.124647
0.327470 0.155170
0.362985 0.139617
0.343340 0.165316
0.287605 0.243232
0.339650 0.261920
0.190969 0.359874
0.284793 0.286599
0.264571 0.000942
0.339123 0.000433
0.294294 0.042304
0.316060 0.058024
0.326135 0.074011
0.342835 0.089751
0.350693 0.104133
0.321640 0.123639
0.332899 0.138329
0.360822 0.164457
0.360506 0.183758
0.333391 0.242199
0.360278 0.206704
0.382492 0.323767
0.338697 0.218683
0.272909 0.000863
0.299426 0.028004
0.313910 0.040832
0.363677 0.060670
0.350595 0.074831
0.363408 0.089424
0.392899 0.133919
0.364157 0.118239
0.376709 0.132392
0.375648 0.158378
0.311580 0.191596
0.333899 0.321213
0.443544 0.317626
0.245019 0.338490
0.281294 0.000783
0.363721 0.000083
0.338735 0.061948
0.332827 0.044511
0.374565 0.046582
0.384798 0.089078
0.374331 0.103703
0.419904 0.114725
0.422805 0.132888
0.390580 0.154118
0.376596 0.180809
0.378657 0.199520
0.348509 0.196476
0.331931 0.198759
0.347228 0.319155
0.297928 0.001126
0.320017 0.028140
0.352154 0.029923
0.391086 0.050831
0.373866 0.074675
0.398133 0.099369
0.388313 0.117013
0.406126 0.141866
0.420486 0.152560
0.391379 0.178124
0.406060 0.190290
0.442708 0.213656
0.235167 0.337767
0.349847 0.297445
0.306184 0.000451
0.338078 0.027714
0.381545 0.028886
0.388695 0.066362
0.414528 0.090689
0.459672 0.085965
0.436802 0.117862
0.405769 0.117124
0.446406 0.099215
0.419139 0.179045
0.468610 0.180656
0.438512 0.180235
0.416850 0.212749
0.379281 0.221315
0.319246 0.210794
0.322616 0.000128
0.351519 0.047524
0.396084 0.030117
0.406759 0.043919
0.422493 0.047667
0.421763 0.074530
0.461638 0.106271
0.472398 0.123452
0.447308 0.154973
0.403796 0.167980
0.429955 0.164354
0.407339 0.223190
0.318563 0.319858
0.302779 0.262208
0.330877 0.000850
0.404412 0.000897
0.367090 0.031602
0.411216 0.026663
0.401871 0.079000
0.437228 0.079942
0.429925 0.099164
0.451979 0.121698
0.439291 0.139940
0.456051 0.170632
0.481137 0.141058
0.363291 0.227229
0.394128 0.230878
0.331116 0.298301
0.363227 0.322143
0.347401 0.000346
0.437670 0.041299
0.412140 0.063011
0.451425 0.070455
0.486499 0.080809
0.497532 0.107028
0.468375 0.155709
0.460153 0.138708
0.457996 0.247226
0.394620 0.204555
0.424750 0.195464
0.464974 0.199641
0.364810 0.281300
0.308727 0.319477
0.355574 0.000470
0.412602 0.000557
0.477461 0.000526
0.461799 0.027691
0.427517 0.027891
0.504645 0.068840
0.476458 0.093975
0.500445 0.088681
0.493209 0.150842
0.481343 0.110305
0.399262 0.260407
0.483684 0.189558
0.349895 0.235626
0.384155 0.244041
0.485250 0.214135
0.371813 0.000643
0.461376 0.000728
0.444834 0.027207
0.438677 0.060273
0.540719 0.114252
0.554776 0.132373
0.511555 0.113966
0.507646 0.135664
0.483066 0.166264
0.369040 0.249493
0.321348 0.256916
0.428162 0.331016
0.390344 0.320269
0.409184 0.247977
0.379890 0.001080
0.453319 0.000497
0.485536 0.000840
0.497360 0.035026
0.540052 0.045568
0.594018 0.155876
0.543672 0.150132
0.539179 0.133377
0.655875 0.218890
0.382145 0.292084
0.416116 0.314088
0.975541 0.231148
0.572752 0.227862
0.373209 0.306086
0.363868 0.263791
0.420757 0.000363
0.469446 0.000714
0.623679 0.049382
0.473191 0.071038
0.463675 0.058341
0.554501 0.167737
0.525774 0.149280
0.493857 0.126872
0.522434 0.182919
0.450013 0.193302
0.420007 0.287947
0.380242 0.269452
0.406131 0.279937
0.343138 0.278948
0.396185 0.000545
0.437047 0.000780
0.509903 0.000164
0.474053 0.034875
0.648500 0.178052
0.518767 0.071099
0.675883 0.294219
0.512092 0.153159
0.421497 0.242656
0.497180 0.173022
0.976636 0.378143
0.685299 0.316734
0.701596 0.314486
0.402725 0.293111
0.412246 0.323741
0.534119 0.000130
0.501765 0.000666
0.428900 0.000483
0.069993 0.441173
0.490737 0.061663
0.526033 0.105008
0.432445 0.224778
0.651057 0.256190
0.537881 0.226108
0.456699 0.307408
0.939864 0.374460
0.572193 0.252021
0.461738 0.335983
0.451927 0.265024
0.598680 0.000151
0.550244 0.000630
0.388090 0.000604
0.493662 0.000717
0.551384 0.028450
0.480369 0.049380
0.515313 0.092728
0.580491 0.146481
0.515368 0.197212
0.473728 0.289928
0.454436 0.219816
0.431627 0.278855
0.485102 0.257217
0.438087 0.262796
0.473793 0.265418
0.590515 0.000796
0.518002 0.001054
0.445200 0.000035
0.509561 0.026634
0.455288 0.044723
0.958969 0.414079
0.438890 0.336645
0.438140 0.297109
0.475908 0.290463
0.540859 0.237773
0.463876 0.333319
0.456864 0.282269
0.517457 0.229885
0.579726 0.212767
0.615048 0.000349
0.566376 0.000559
0.522525 0.031567
0.526001 0.000359
0.505858 0.048811
0.522047 0.050122
0.534720 0.064040
0.523050 0.128306
0.563841 0.147280
0.514546 0.173560
0.530421 0.207382
0.468393 0.237202
0.517749 0.219630
0.487346 0.234089
0.609546 0.277101
0.631208 0.000499
0.542207 0.000498
0.564762 0.030682
0.536185 0.027427
0.486227 0.026519
0.531650 0.084135
0.569856 0.123998
0.583243 0.129721
0.601416 0.135993
0.536515 0.166503
0.437022 0.239034
0.558302 0.203009
0.563222 0.240498
0.517682 0.245761
0.639402 0.000357
0.558323 0.000406
0.592486 0.026849
0.590167 0.044790
0.574269 0.049224
0.557718 0.110843
0.583239 0.107392
0.615575 0.125601
0.599622 0.171057
0.544961 0.182418
0.600679 0.208662
0.580300 0.270014
0.500242 0.213218
0.561476 0.214719
0.509815 0.255001
0.655729 0.000777
0.623268 0.029807
0.608344 0.025896
0.577923 0.028283
0.555895 0.048289
0.548460 0.069095
0.543319 0.095946
0.569603 0.099741
0.611327 0.151940
0.581461 0.176203
0.633197 0.233862
0.565325 0.184083
0.544174 0.203996
0.471750 0.216366
0.663883 0.000912
0.574404 0.000174
0.637024 0.026484
0.565585 0.065254
0.601885 0.059753
0.584340 0.065196
0.554831 0.086780
0.587011 0.086886
0.598253 0.117348
0.614462 0.178581
0.608117 0.195768
0.585590 0.191240
0.677132 0.314566
0.584502 0.294255
0.646843 0.308756
0.680254 0.001088
0.582472 0.000302
0.606868 0.000691
0.608323 0.041964
0.571954 0.081153
0.615159 0.089255
0.600070 0.098287
0.626893 0.158002
0.647305 0.157111
0.629843 0.198564
0.570191 0.164223
0.603172 0.256797
0.599407 0.240091
0.498664 0.245007
0.688476 0.000119
0.623185 0.000088
0.651374 0.029131
0.651404 0.070023
0.617697 0.067206
0.601439 0.076682
0.616249 0.108771
0.627772 0.139315
0.663468 0.145087
0.677770 0.155566
0.599732 0.223292
0.671037 0.184434
0.618989 0.220364
0.646186 0.237541
0.716334 0.331581
0.705020 0.000285
0.656061 0.052658
0.662609 0.086663
0.641551 0.043685
0.635906 0.062100
0.630029 0.079733
0.632353 0.100389
0.644530 0.140551
0.667381 0.203504
0.662404 0.167703
0.676931 0.226222
0.601111 0.297051
0.499871 0.192461
0.609309 0.301126
0.713272 0.001139
0.647565 0.000811
0.665256 0.027451
0.669188 0.064567
0.645657 0.087578
0.650840 0.105494
0.634385 0.118827
0.668176 0.126685
0.683821 0.137425
0.682743 0.202493
0.630745 0.175935
0.648839 0.273197
0.626368 0.252431
0.636224 0.214923
0.628085 0.287640
0.721606 0.000085
0.681070 0.028192
0.670252 0.042834
0.687006 0.069071
0.676900 0.083462
0.652111 0.122699
0.682714 0.116013
0.697908 0.153235
0.687195 0.171397
0.649814 0.195679
0.753956 0.310172
0.661188 0.309368
0.583664 0.289701
0.586839 0.255266
0.738138 0.000393
0.672066 0.000476
0.695653 0.027454
0.684194 0.051364
0.703142 0.060986
0.698795 0.082153
0.668566 0.105376
0.701080 0.134616
0.695939 0.186316
0.693910 0.215879
0.721357 0.251551
0.715660 0.239223
0.660095 0.284116
0.637564 0.299661
0.768199 0.348488
0.746472 0.000209
0.711852 0.026846
0.698787 0.042701
0.719254 0.062923
0.715185 0.080963
0.687428 0.097149
0.700076 0.117169
0.718789 0.180284
0.710119 0.199777
0.693329 0.237092
0.668350 0.242139
0.624170 0.266461
0.735564 0.291826
0.725743 0.344823
0.754844 0.000563
0.696746 0.000372
0.727689 0.028116
0.716804 0.043875
0.731857 0.080046
0.705059 0.100910
0.717922 0.121742
0.717756 0.141557
0.707986 0.166838
0.725762 0.208369
0.694459 0.254283
0.726906 0.280631
0.673125 0.259341
0.800466 0.367622
0.753702 0.353693
0.763214 0.000338
0.742880 0.025713
0.734242 0.045835
0.737551 0.062521
0.721568 0.100016
0.735147 0.113905
0.734038 0.135226
0.732720 0.188209
0.711205 0.223615
0.755930 0.263243
0.698736 0.284294
0.707446 0.270265
0.825663 0.393398
0.745937 0.338733
0.771685 0.000907
0.729850 0.000742
0.763542 0.024877
0.754656 0.069993
0.739742 0.096735
0.749540 0.126750
0.745800 0.148600
0.724650 0.157522
0.738822 0.220944
0.679873 0.271327
0.761441 0.244023
0.746781 0.289826
0.762528 0.305824
0.776210 0.367172
0.769343 0.319840
0.788392 0.000363
0.771105 0.037809
0.751383 0.037942
0.752851 0.086526
0.755434 0.108110
0.765179 0.145529
0.739619 0.167008
0.752861 0.180250
0.742842 0.240850
0.776996 0.284947
0.793734 0.301724
0.707410 0.290952
0.792392 0.315074
0.719859 0.325672
0.796806 0.000772
0.783373 0.026383
0.756476 0.054170
0.771887 0.076788
0.775830 0.111859
0.767305 0.127057
0.783135 0.151853
0.761088 0.163301
0.742693 0.202658
0.763258 0.206748
0.737778 0.256608
0.773923 0.274286
0.800149 0.349037
0.841072 0.375326
0.784729 0.368608
0.805179 0.000992
0.801724 0.057023
0.787525 0.066973
0.770621 0.094561
0.796305 0.114732
0.784731 0.132578
0.801660 0.151930
0.768560 0.188098
0.800090 0.223780
0.805564 0.285935
0.812234 0.321387
0.788591 0.338618
0.818657 0.385715
0.740625 0.351734
0.822090 0.000744
0.780074 0.000252
0.789638 0.042625
0.774687 0.056694
0.794006 0.082261
0.789420 0.098543
0.803285 0.132303
0.778291 0.169838
0.780120 0.207157
0.757379 0.224677
0.780095 0.225493
0.820561 0.269257
0.835016 0.323118
0.837441 0.390857
0.856961 0.386416
0.830576 0.000593
0.800237 0.026334
0.808394 0.038762
0.810686 0.073929
0.814282 0.111503
0.809554 0.094286
0.800260 0.169623
0.809245 0.189360
0.788152 0.186369
0.812224 0.234991
0.798764 0.269714
0.800364 0.254283
0.819818 0.364232
0.822526 0.337923
0.839146 0.000425
0.813648 0.000129
0.820515 0.026152
0.820719 0.060342
0.826308 0.088543
0.834661 0.121033
0.819822 0.131751
0.819869 0.154541
0.820647 0.173684
0.774502 0.255042
0.788802 0.240853
0.819673 0.304118
0.848282 0.308758
0.924047 0.412782
0.872320 0.403526
0.856248 0.000644
0.837742 0.026991
0.825006 0.042694
0.833002 0.073824
0.832684 0.104036
0.852848 0.108908
0.835495 0.142760
0.837707 0.164235
0.798459 0.205386
0.819637 0.209449
0.823296 0.251637
0.842630 0.275852
0.837563 0.349624
0.849592 0.335849
0.864854 0.000588
0.847596 0.000119
0.855784 0.026308
0.844664 0.040983
0.840385 0.057592
0.851095 0.075001
0.850209 0.129121
0.852490 0.151830
0.845114 0.184256
0.828389 0.192032
0.830249 0.222761
0.843745 0.257251
0.849372 0.294608
0.826823 0.288669
0.860753 0.364346
0.882172 0.000839
0.875017 0.025923
0.864799 0.039367
0.858964 0.056955
0.848534 0.092075
0.868428 0.120195
0.867132 0.140028
0.858530 0.169710
0.861948 0.201872
0.842014 0.204127
0.836926 0.238124
0.862385 0.277188
0.872581 0.309669
0.865900 0.417873
0.890809 0.001061
0.873487 0.000116
0.895353 0.025693
0.879389 0.055164
0.870572 0.071209
0.867386 0.088479
0.874289 0.103230
0.886070 0.135837
0.875035 0.156579
0.867534 0.184738
0.851906 0.220809
0.856190 0.242118
0.910284 0.336843
0.914654 0.402002
0.873442 0.420721
0.899546 0.000197
0.915851 0.025963
0.885233 0.038782
0.891098 0.066844
0.888337 0.084178
0.893835 0.099876
0.889025 0.118626
0.884875 0.170760
0.885012 0.190498
0.869838 0.226894
0.877828 0.210686
0.865842 0.261120
0.891445 0.323964
0.866968 0.324253
0.908297 0.000136
0.917062 0.000807
0.925445 0.040986
0.904701 0.038436
0.904348 0.054423
0.910121 0.089058
0.909062 0.112436
0.895929 0.151953
0.901918 0.174644
0.892729 0.221448
0.895131 0.237073
0.877229 0.246302
0.875306 0.292524
0.936003 0.444672
0.888908 0.389019
0.925923 0.001061
0.934544 0.026359
0.924991 0.059169
0.910353 0.071927
0.926948 0.121241
0.906017 0.132639
0.914047 0.158396
0.898109 0.203316
0.916376 0.220487
0.897210 0.254567
0.895023 0.289388
0.916433 0.311271
0.896517 0.308138
0.884679 0.339582
0.934683 0.000067
0.946413 0.034754
0.942492 0.052369
0.929365 0.078949
0.925572 0.100602
0.922015 0.140746
0.911862 0.188103
0.921801 0.205130
0.919312 0.236384
0.907195 0.268569
0.925673 0.326018
0.914601 0.285171
0.884925 0.271739
0.903522 0.353240
0.879263 0.381054
0.943538 0.000433
0.961997 0.061696
0.944776 0.069584
0.943145 0.112327
0.940590 0.135843
0.928221 0.173878
0.941883 0.232200
0.932135 0.268407
0.927996 0.297876
0.943424 0.306244
0.954476 0.321515
0.934132 0.337363
0.922632 0.360670
0.891902 0.419327
0.952341 0.000167
0.959904 0.025523
0.965300 0.040988
0.942095 0.092214
0.958382 0.145257
0.934829 0.157416
0.933445 0.191451
0.921499 0.253547
0.957419 0.264033
0.942033 0.281755
0.957558 0.292928
0.946461 0.355657
0.970897 0.361613
0.912534 0.386422
0.951598 0.374270
0.961170 0.000264
0.976423 0.030406
0.959605 0.083480
0.958757 0.125507
0.955408 0.197631
0.961127 0.238628
0.959576 0.217447
0.970918 0.322978
0.999211 0.347100
0.955707 0.343870
0.973571 0.307461
0.947190 0.479294
0.908922 0.369473
0.957527 0.478276
0.969896 0.000632
0.988538 0.000898
0.976766 0.052989
0.975563 0.133625
0.952539 0.162657
0.953082 0.179678
0.973869 0.270376
0.973758 0.253207
0.971598 0.341041
0.977782 0.410146
0.998046 0.382674
0.996834 0.457298
0.908111 0.431201
0.933081 0.389009
0.903418 0.434126
0.978716 0.000618
0.975286 0.073699
0.961511 0.103402
0.974356 0.154200
0.973408 0.171712
0.939170 0.213310
0.999630 0.284559
0.999940 0.321832
0.999573 0.259720
0.966105 0.446161
0.999230 0.334695
0.965320 0.431545
0.967909 0.459350
0.866737 0.350494
0.999852 0.003565
1.000000 0.038747
0.976421 0.093124
0.975325 0.114330
0.999855 0.104505
0.999886 0.186037
0.998976 0.138964
0.999261 0.150634
0.999640 0.357367
0.999435 0.271913
0.996297 0.368612
0.988770 0.390855
0.990414 0.455324
0.999806 0.234430
0.937593 0.414801
0.999893 0.000222
0.999662 0.049137
0.999526 0.071009
0.999421 0.093197
0.999657 0.115812
0.974713 0.208263
0.973875 0.289044
0.999544 0.309978
0.999911 0.247336
0.999952 0.197368
0.999035 0.297037
0.993536 0.424187
0.885806 0.362538
0.989420 0.415311
0.999297 0.018863
0.999534 0.028722
0.999811 0.060213
0.999372 0.082031
0.972060 0.189484
0.999947 0.127306
0.999052 0.210332
0.941414 0.251196
0.999273 0.222224
0.999790 0.162545
0.999333 0.174070
0.956223 0.404778
0.995794 0.441771
0.939492 0.448391
0.944293 0.468760
