0.000505 0.028634
0.000490 0.058639
0.000893 0.089866
0.000474 0.122015
0.000053 0.133198
0.000357 0.300290
0.000606 0.178031
0.000133 0.189737
0.000032 0.312429
0.000088 0.387518
0.059921 0.450148
0.015862 0.416190
0.007673 0.438609
0.049347 0.438500
0.000904 0.019014
0.000513 0.038196
0.000710 0.068871
0.027948 0.079665
0.025220 0.234742
0.000387 0.201174
0.000167 0.166487
0.000428 0.274602
0.000674 0.237488
0.000042 0.249812
0.000210 0.350588
0.000272 0.362673
0.029030 0.458374
0.012808 0.468631
0.075080 0.391553
0.000192 0.004479
0.000867 0.048264
0.000149 0.079264
0.000410 0.100422
0.000799 0.111198
0.000202 0.213506
0.000511 0.155001
0.000243 0.286792
0.000024 0.225004
0.000317 0.324914
0.000504 0.337282
0.000617 0.433403
0.000650 0.411899
0.047380 0.468241
0.000541 0.001084
0.031827 0.028268
0.027874 0.060998
0.026827 0.119156
0.025414 0.196658
0.061349 0.265186
0.040927 0.229429
0.000301 0.262149
0.030666 0.309068
0.028703 0.294035
0.030200 0.343245
0.000438 0.399583
0.000678 0.376756
0.001021 0.449929
0.073614 0.422357
0.011994 0.000335
0.043299 0.054442
0.027041 0.041124
0.027306 0.097470
0.000319 0.144172
0.026124 0.252121
0.046573 0.251987
0.036461 0.267780
0.023997 0.325976
0.044403 0.335907
0.024269 0.361972
0.061807 0.378752
0.032613 0.376838
0.051020 0.469636
0.030829 0.000450
0.021946 0.000799
0.060408 0.085742
0.043166 0.073649
0.027312 0.213433
0.028083 0.134720
0.045512 0.208125
0.060231 0.222534
0.050049 0.297765
0.050756 0.317970
0.067609 0.306630
0.045262 0.362548
0.063775 0.406839
0.033425 0.420422
0.096789 0.392635
0.039501 0.000640
0.059565 0.028247
0.044539 0.095011
0.047885 0.131278
0.026214 0.176917
0.042247 0.188579
0.060933 0.241765
0.087618 0.252667
0.025076 0.278748
0.056023 0.281523
0.038865 0.387650
0.047913 0.398777
0.060117 0.349169
0.007499 0.465269
0.048344 0.000718
0.044134 0.033589
0.064679 0.042879
0.060713 0.061079
0.042134 0.112119
0.060378 0.148833
0.025392 0.158180
0.066057 0.201027
0.080365 0.238173
0.078840 0.267666
0.070482 0.329518
0.083190 0.300440
0.080026 0.344176
0.121420 0.325308
0.091591 0.410772
0.057310 0.000484
0.076277 0.027619
0.079163 0.058048
0.062981 0.110184
0.065704 0.128780
0.038579 0.149149
0.043778 0.168816
0.062918 0.184855
0.110658 0.260686
0.081366 0.283983
0.104838 0.275714
0.101056 0.334455
0.044026 0.424064
0.106433 0.313266
0.066134 0.000516
0.074992 0.000246
0.087342 0.040125
0.074206 0.075174
0.074823 0.095950
0.082054 0.114492
0.081965 0.151001
0.062546 0.165702
0.077982 0.218596
0.105395 0.242191
0.131503 0.266925
0.086964 0.320192
0.112844 0.346707
0.093543 0.358160
0.096165 0.432464
0.083883 0.000600
0.095962 0.026503
0.107877 0.038901
0.093773 0.074720
0.093188 0.092508
0.082507 0.134754
0.082202 0.169034
0.083533 0.187033
0.089569 0.204353
0.120346 0.228876
0.104926 0.293124
0.129544 0.247067
0.124781 0.303522
0.111538 0.445597
0.092491 0.000600
0.110052 0.000102
0.116454 0.026357
0.097776 0.057582
0.111609 0.088409
0.099756 0.108679
0.101589 0.128805
0.100962 0.167709
0.104678 0.190369
0.098749 0.224515
0.135420 0.216418
0.125884 0.284737
0.176709 0.289723
0.096043 0.374563
0.108577 0.446870
0.101354 0.000244
0.128329 0.042660
0.115712 0.056925
0.116522 0.073078
0.124854 0.098552
0.116053 0.115942
0.103005 0.147077
0.118848 0.156942
0.117501 0.177907
0.110820 0.209645
0.142769 0.235241
0.153227 0.279712
0.142581 0.314470
0.072376 0.363975
0.118891 0.000850
0.145054 0.000787
0.133903 0.026764
0.134676 0.061828
0.135045 0.080886
0.143489 0.097983
0.120950 0.135110
0.134142 0.169206
0.125170 0.198129
0.141559 0.188566
0.150299 0.205449
0.149520 0.260348
0.171392 0.268666
0.151223 0.328880
0.117159 0.382478
0.127642 0.000866
0.147170 0.039965
0.151382 0.057603
0.154084 0.073752
0.159410 0.089345
0.133885 0.117113
0.135862 0.145603
0.151436 0.155928
0.163984 0.192072
0.158839 0.224889
0.161471 0.247196
0.144663 0.294360
0.200719 0.296416
0.168063 0.319729
0.136339 0.000704
0.179783 0.000336
0.153112 0.026119
0.171441 0.062707
0.153759 0.113390
0.146390 0.131456
0.164680 0.143944
0.154949 0.174672
0.173328 0.213577
0.179789 0.181909
0.177702 0.238069
0.185044 0.256370
0.177529 0.335995
0.136249 0.340163
0.117640 0.367279
0.153836 0.000206
0.166365 0.044190
0.176285 0.080786
0.169900 0.102475
0.167255 0.126056
0.183227 0.148965
0.171666 0.164585
0.199027 0.185186
0.186098 0.202717
0.201265 0.245097
0.205955 0.266682
0.165352 0.301515
0.138125 0.421216
0.106849 0.420399
0.162518 0.001094
0.170619 0.028276
0.184998 0.042424
0.188091 0.062768
0.185221 0.107417
0.184038 0.126217
0.193917 0.166516
0.215609 0.177821
0.206015 0.203804
0.190637 0.224545
0.218317 0.239943
0.192391 0.278440
0.192697 0.309476
0.138759 0.353452
0.141300 0.419513
0.171092 0.001034
0.202114 0.050875
0.191408 0.088898
0.213476 0.083285
0.204330 0.102237
0.197957 0.139684
0.223956 0.194757
0.240117 0.182240
0.209054 0.221605
0.222592 0.260061
0.218025 0.283780
0.229974 0.299748
0.220184 0.310996
0.147126 0.388112
0.188386 0.000806
0.187691 0.026563
0.218629 0.041481
0.201624 0.072557
0.223146 0.102260
0.203365 0.120747
0.208950 0.155146
0.249675 0.165757
0.228292 0.213287
0.265551 0.262935
0.252557 0.242801
0.193687 0.325594
0.263338 0.308156
0.176821 0.365411
0.159251 0.382883
0.196949 0.000288
0.203129 0.031175
0.235548 0.049982
0.232608 0.087865
0.222715 0.119502
0.218168 0.137423
0.226114 0.164524
0.259248 0.186157
0.234016 0.233835
0.241586 0.257446
0.236533 0.275221
0.249849 0.322341
0.141178 0.368787
0.117301 0.400449
0.205395 0.000197
0.256170 0.000221
0.219644 0.026567
0.218691 0.062277
0.241487 0.108766
0.238550 0.130791
0.234055 0.149954
0.252417 0.145382
0.279291 0.182183
0.244828 0.199801
0.268065 0.293570
0.260739 0.277676
0.246548 0.294555
0.207076 0.342496
0.164610 0.348198
0.213935 0.000695
0.235703 0.029806
0.254686 0.044612
0.249876 0.086717
0.258891 0.102265
0.255431 0.122447
0.272087 0.150282
0.268648 0.167180
0.278027 0.201344
0.263502 0.210604
0.295923 0.274109
0.294233 0.300674
0.279769 0.330207
0.134456 0.403258
0.222458 0.000679
0.289616 0.000820
0.250232 0.028715
0.233243 0.069900
0.263837 0.076731
0.274519 0.112387
0.269661 0.132631
0.291798 0.143159
0.289798 0.161084
0.335441 0.180475
0.302208 0.217791
0.247230 0.221437
0.312031 0.293215
0.321290 0.278632
0.219617 0.328364
0.230961 0.000903
0.266409 0.030101
0.268859 0.059422
0.249326 0.063169
0.291170 0.104037
0.289476 0.125250
0.305432 0.117487
0.309068 0.156774
0.297801 0.177900
0.323112 0.230382
0.274876 0.252667
0.305601 0.239904
0.169136 0.376343
0.270759 0.331114
0.239398 0.000386
0.314424 0.000286
0.279139 0.046819
0.283013 0.069005
0.275441 0.091686
0.310578 0.099937
0.332340 0.110667
0.311089 0.138811
0.317951 0.172812
0.349278 0.145596
0.295838 0.200379
0.283160 0.222229
0.268943 0.231524
0.201967 0.351890
0.290515 0.321337
0.247777 0.001151
0.281193 0.027734
0.299958 0.062724
0.293195 0.085081
0.308997 0.078414
0.325710 0.092808
0.346877 0.124764
0.327988 0.155377
0.363284 0.139834
0.343822 0.165438
0.288404 0.242960
0.340701 0.261939
0.191957 0.358685
0.285793 0.286248
0.264554 0.000689
0.339108 0.000379
0.294722 0.042221
0.316506 0.058015
0.326644 0.074101
0.343351 0.089764
0.351144 0.104199
0.322091 0.123588
0.333356 0.138412
0.361259 0.164562
0.360896 0.183855
0.334457 0.242339
0.360873 0.206923
0.384424 0.324416
0.339802 0.218815
0.272893 0.000853
0.299887 0.028001
0.314327 0.040901
0.364259 0.060620
0.350939 0.074763
0.363808 0.089324
0.393273 0.134035
0.364458 0.118330
0.376951 0.132542
0.375928 0.158472
0.312186 0.191569
0.335783 0.321050
0.445259 0.318837
0.246309 0.337691
0.281281 0.000725
0.363713 0.000605
0.339188 0.062060
0.333292 0.044546
0.374781 0.046636
0.385152 0.089169
0.374510 0.103607
0.420148 0.114773
0.422956 0.132950
0.390892 0.154115
0.377032 0.180957
0.379023 0.199704
0.349212 0.196810
0.332540 0.198999
0.349028 0.319260
0.297912 0.001037
0.320306 0.028115
0.352257 0.029894
0.391180 0.050775
0.374164 0.074779
0.398313 0.099647
0.388544 0.117083
0.406475 0.142085
0.420757 0.152726
0.391748 0.178409
0.406257 0.190605
0.442801 0.214124
0.236410 0.336677
0.351297 0.297492
0.306164 0.000176
0.338298 0.027672
0.381660 0.028860
0.389188 0.066332
0.414780 0.090609
0.459687 0.085827
0.437163 0.118045
0.405967 0.117489
0.446439 0.099337
0.419565 0.179578
0.468920 0.180995
0.438524 0.180909
0.417211 0.212949
0.379847 0.221334
0.319833 0.210852
0.322595 0.000397
0.351938 0.047516
0.396358 0.030187
0.406851 0.043984
0.422493 0.047787
0.422008 0.074588
0.461841 0.106479
0.472471 0.123847
0.447484 0.155461
0.404136 0.168109
0.430365 0.164534
0.407730 0.223841
0.320199 0.319511
0.303910 0.261975
0.330853 0.000896
0.404385 0.000662
0.367317 0.031621
0.411340 0.026609
0.402123 0.079313
0.437524 0.080089
0.429951 0.099262
0.452270 0.121966
0.439644 0.140033
0.456259 0.170958
0.481246 0.141655
0.363930 0.227347
0.394699 0.231506
0.332493 0.298328
0.364984 0.321997
0.347387 0.000310
0.437790 0.041362
0.412243 0.063137
0.451462 0.070244
0.486554 0.080819
0.497372 0.107311
0.468729 0.156111
0.460256 0.138963
0.458555 0.248082
0.395069 0.204766
0.425003 0.195511
0.465325 0.199965
0.366263 0.281666
0.310226 0.318920
0.355566 0.000044
0.412588 0.000442
0.477448 0.000401
0.461805 0.027507
0.427584 0.027956
0.504483 0.068930
0.476516 0.094149
0.500376 0.088734
0.493321 0.151115
0.481416 0.110597
0.399818 0.260783
0.483720 0.190026
0.350559 0.235715
0.385037 0.244546
0.484965 0.214405
0.371789 0.000378
0.461348 0.000220
0.444740 0.027184
0.438714 0.060328
0.540352 0.114726
0.554391 0.132755
0.511580 0.114419
0.507450 0.136017
0.483039 0.166629
0.370105 0.249560
0.322690 0.257011
0.430190 0.332022
0.391994 0.320595
0.409621 0.248551
0.379859 0.000957
0.453302 0.000192
0.485532 0.000637
0.497125 0.035135
0.539620 0.045383
0.593358 0.156503
0.543061 0.150256
0.538851 0.133852
0.654953 0.218655
0.383382 0.292293
0.417494 0.315027
0.975412 0.230309
0.571601 0.228121
0.374684 0.306429
0.364929 0.264019
0.420748 0.000295
0.469436 0.000734
0.622994 0.049617
0.473094 0.071271
0.463695 0.058368
0.553952 0.168440
0.525539 0.150006
0.493893 0.127117
0.522437 0.183648
0.450064 0.193430
0.420767 0.289078
0.381523 0.269635
0.406927 0.280265
0.344369 0.278976
0.396142 0.000953
0.437042 0.000712
0.509895 0.001078
0.473954 0.034706
0.647869 0.178250
0.518628 0.071089
0.674405 0.293668
0.511976 0.153833
0.422104 0.243103
0.497108 0.173049
0.976087 0.376728
0.683938 0.315918
0.699880 0.313504
0.403777 0.293927
0.413933 0.324825
0.534118 0.000027
0.501756 0.000666
0.428894 0.000897
0.070199 0.439283
0.490591 0.061744
0.525813 0.105469
0.432546 0.225557
0.649962 0.255922
0.537450 0.226567
0.457469 0.308981
0.939810 0.373202
0.570634 0.252209
0.463779 0.338200
0.452643 0.265564
0.598677 0.000806
0.550242 0.000514
0.388053 0.000280
0.493657 0.000656
0.551092 0.028462
0.480262 0.049264
0.515331 0.092856
0.580078 0.146802
0.514736 0.196735
0.474558 0.290971
0.454946 0.220721
0.432542 0.279503
0.484353 0.258442
0.438642 0.263303
0.474302 0.267032
0.590485 0.000395
0.517992 0.001018
0.445195 0.000551
0.509410 0.026656
0.455396 0.044490
0.958598 0.412827
0.440947 0.337532
0.439278 0.298673
0.476596 0.291299
0.540247 0.238756
0.465863 0.333843
0.457491 0.283273
0.517280 0.230899
0.579195 0.212980
0.615043 0.000970
0.566353 0.000283
0.522216 0.031453
0.525999 0.000287
0.505630 0.048836
0.521865 0.050084
0.534519 0.063817
0.522694 0.128675
0.563156 0.147629
0.514400 0.173331
0.529458 0.207893
0.468504 0.237823
0.517362 0.220060
0.487186 0.234619
0.607889 0.276867
0.631209 0.000431
0.542202 0.000241
0.564300 0.030716
0.535922 0.027328
0.486092 0.026467
0.531523 0.084232
0.569259 0.124141
0.582870 0.129975
0.601040 0.136275
0.536076 0.166806
0.437295 0.239813
0.558005 0.202993
0.561494 0.240846
0.517271 0.246594
0.639402 0.000719
0.558307 0.000059
0.591976 0.026740
0.589712 0.044807
0.573811 0.049239
0.557325 0.111121
0.582701 0.107606
0.615116 0.125884
0.598906 0.171310
0.544659 0.182423
0.599865 0.208654
0.578536 0.269520
0.500199 0.213269
0.560261 0.215969
0.510150 0.255686
0.655745 0.000377
0.622705 0.030003
0.607933 0.025992
0.577512 0.028200
0.555514 0.048485
0.548210 0.069301
0.542953 0.096105
0.569204 0.099961
0.610741 0.152335
0.580802 0.176576
0.632131 0.233763
0.564638 0.184493
0.544200 0.204271
0.471315 0.217124
0.663909 0.000457
0.574383 0.000059
0.636390 0.026548
0.565371 0.065177
0.601418 0.059922
0.583762 0.065150
0.554351 0.086934
0.586626 0.087001
0.597664 0.117876
0.613719 0.178935
0.607128 0.195926
0.584944 0.191757
0.676026 0.313546
0.582873 0.294208
0.645243 0.308235
0.680280 0.000887
0.582457 0.000162
0.606867 0.000332
0.607643 0.042119
0.571406 0.081248
0.614627 0.089465
0.599503 0.098498
0.626247 0.158437
0.646493 0.157326
0.629007 0.198392
0.569454 0.164351
0.601853 0.256909
0.598284 0.240136
0.498424 0.246136
0.688481 0.000539
0.623178 0.000507
0.650709 0.029404
0.650757 0.070302
0.617105 0.067359
0.600845 0.076884
0.615609 0.108839
0.627133 0.139602
0.662769 0.145312
0.677043 0.155692
0.598630 0.223411
0.670278 0.184439
0.617799 0.220535
0.644965 0.237390
0.715096 0.330492
0.705029 0.000630
0.655451 0.052906
0.661882 0.086824
0.640944 0.043803
0.635428 0.062198
0.629464 0.079922
0.631807 0.100377
0.643855 0.140701
0.666267 0.203479
0.661536 0.167828
0.676068 0.225884
0.599195 0.296650
0.499570 0.192749
0.607573 0.301166
0.713289 0.000948
0.647571 0.000428
0.664709 0.027519
0.668599 0.064804
0.645066 0.087704
0.650148 0.105752
0.633651 0.119129
0.667433 0.126919
0.683108 0.137450
0.681783 0.202455
0.630010 0.176260
0.647486 0.272788
0.625089 0.252222
0.635062 0.214905
0.626562 0.287334
0.721602 0.000746
0.680587 0.028460
0.669465 0.042969
0.686359 0.069293
0.676194 0.083658
0.651339 0.122842
0.681968 0.116203
0.697171 0.153352
0.686463 0.171396
0.648921 0.195701
0.753228 0.309083
0.659573 0.308510
0.581393 0.289430
0.585193 0.255213
0.738148 0.000307
0.672090 0.000101
0.695184 0.027649
0.683556 0.051565
0.702431 0.061217
0.698143 0.082392
0.667811 0.105455
0.700354 0.134697
0.695206 0.186119
0.692976 0.215584
0.720490 0.251334
0.714740 0.239013
0.658862 0.283754
0.636185 0.299131
0.766929 0.347329
0.746492 0.000571
0.711546 0.027051
0.698175 0.042815
0.718617 0.063131
0.714522 0.081106
0.686656 0.097245
0.699296 0.117300
0.717823 0.180314
0.709351 0.199622
0.692444 0.236835
0.667238 0.241860
0.622608 0.266348
0.734397 0.290659
0.724631 0.343876
0.754860 0.000487
0.696756 0.000339
0.727392 0.028303
0.716204 0.044105
0.731200 0.080144
0.704349 0.101019
0.717348 0.121891
0.716952 0.141720
0.707059 0.166987
0.724710 0.208252
0.693425 0.253945
0.725705 0.280019
0.671962 0.258862
0.799299 0.366160
0.752581 0.352259
0.763242 0.001022
0.742536 0.025762
0.733755 0.045948
0.736922 0.062626
0.720872 0.100113
0.734469 0.113995
0.733437 0.135407
0.731754 0.188193
0.710409 0.223218
0.754811 0.262553
0.697736 0.283904
0.706421 0.269717
0.824796 0.391542
0.744706 0.337870
0.771702 0.000633
0.729847 0.000705
0.763345 0.024961
0.753937 0.070152
0.738933 0.096768
0.748943 0.126931
0.745083 0.148755
0.723948 0.157568
0.737717 0.220910
0.678772 0.270988
0.760359 0.243691
0.745488 0.289159
0.761403 0.305102
0.775149 0.365873
0.768378 0.318588
0.788432 0.000189
0.770688 0.037934
0.751010 0.038004
0.752315 0.086800
0.754641 0.108235
0.764431 0.145499
0.738913 0.166969
0.752045 0.180221
0.741606 0.240664
0.776070 0.283985
0.792754 0.300953
0.706091 0.290105
0.791440 0.313935
0.718372 0.324654
0.796835 0.000702
0.783114 0.026317
0.755845 0.054362
0.771252 0.076835
0.775181 0.111894
0.766555 0.127188
0.782314 0.151767
0.760111 0.163374
0.741860 0.202486
0.762320 0.206601
0.736761 0.256128
0.772855 0.273654
0.798960 0.347776
0.840307 0.373932
0.783437 0.367136
0.805211 0.000888
0.801234 0.056931
0.786884 0.066892
0.769936 0.094716
0.795706 0.114724
0.784049 0.132616
0.800919 0.151764
0.767609 0.188026
0.799073 0.223499
0.804494 0.285247
0.811254 0.320344
0.787524 0.337623
0.817901 0.384456
0.739470 0.350660
0.822114 0.000718
0.780101 0.000978
0.789289 0.042603
0.773994 0.056706
0.793299 0.082153
0.788742 0.098515
0.802584 0.132096
0.777387 0.169649
0.778969 0.207022
0.756489 0.224331
0.779033 0.225148
0.819628 0.268745
0.834194 0.322214
0.836488 0.389261
0.856278 0.384971
0.830621 0.000051
0.799844 0.026127
0.807967 0.038630
0.810103 0.073870
0.813653 0.111358
0.808854 0.094154
0.799333 0.169325
0.808413 0.189019
0.787259 0.186094
0.811453 0.234683
0.797707 0.269226
0.799345 0.253821
0.818754 0.362964
0.821706 0.336702
0.839186 0.000128
0.813669 0.000150
0.820204 0.026075
0.820193 0.060205
0.825822 0.088467
0.834184 0.120856
0.819159 0.131479
0.819159 0.154202
0.819857 0.173296
0.773455 0.254636
0.787722 0.240415
0.818719 0.303279
0.847544 0.307891
0.924051 0.411311
0.871974 0.401744
0.856266 0.000583
0.837321 0.026761
0.824590 0.042592
0.832490 0.073641
0.832226 0.103858
0.852451 0.108660
0.834932 0.142550
0.837133 0.163883
0.797637 0.205024
0.818775 0.209079
0.822482 0.251212
0.841778 0.275286
0.836739 0.348222
0.848665 0.334685
0.864869 0.000443
0.847619 0.000285
0.855488 0.026325
0.844340 0.040834
0.839955 0.057382
0.850682 0.074684
0.849714 0.128756
0.852044 0.151476
0.844679 0.183864
0.827597 0.191706
0.829459 0.222343
0.842897 0.256834
0.848589 0.293957
0.825885 0.288000
0.860103 0.363148
0.882190 0.000819
0.874670 0.025925
0.864397 0.039288
0.858556 0.056827
0.847958 0.091705
0.868018 0.119821
0.866712 0.139620
0.858115 0.169301
0.861415 0.201495
0.841335 0.203816
0.836161 0.237788
0.861690 0.276700
0.871909 0.308940
0.865588 0.416143
0.890831 0.000996
0.873496 0.000462
0.895031 0.025722
0.879010 0.055079
0.870169 0.071133
0.866981 0.088261
0.873894 0.102953
0.885807 0.135510
0.874741 0.156167
0.867127 0.184290
0.851354 0.220431
0.855645 0.241599
0.909909 0.335632
0.914257 0.400525
0.873269 0.419087
0.899569 0.000019
0.915527 0.026065
0.884940 0.038806
0.890804 0.066702
0.887916 0.083943
0.893589 0.099631
0.888697 0.118242
0.884617 0.170330
0.884729 0.190187
0.869472 0.226447
0.877511 0.210063
0.865260 0.260538
0.890914 0.323007
0.866288 0.323340
0.908316 0.001041
0.917088 0.000766
0.925234 0.040979
0.904399 0.038430
0.904071 0.054457
0.909694 0.088888
0.908729 0.112137
0.895808 0.151509
0.901661 0.174175
0.892345 0.220923
0.894689 0.236517
0.876808 0.245684
0.874724 0.291748
0.936230 0.443307
0.888739 0.387781
0.925949 0.001082
0.934390 0.026433
0.924736 0.059103
0.909912 0.071830
0.926771 0.120823
0.905671 0.132227
0.913882 0.157983
0.897913 0.202752
0.916082 0.219743
0.896751 0.253923
0.894531 0.288581
0.916040 0.310358
0.895895 0.307288
0.884087 0.338384
0.934694 0.000252
0.946228 0.034656
0.942334 0.052298
0.928986 0.078799
0.925265 0.100201
0.921788 0.140286
0.911687 0.187598
0.921598 0.204541
0.919097 0.235571
0.906752 0.267828
0.925343 0.324911
0.914133 0.284256
0.884372 0.271049
0.903061 0.352092
0.878673 0.379678
0.943560 0.000418
0.961679 0.061592
0.944501 0.069509
0.942973 0.111953
0.940434 0.135464
0.928099 0.173384
0.941680 0.231422
0.931987 0.267558
0.927751 0.296848
0.943225 0.305198
0.954393 0.320410
0.933755 0.336323
0.922290 0.359340
0.891515 0.417985
0.952363 0.000315
0.959895 0.025601
0.965192 0.041001
0.941973 0.091950
0.958262 0.144845
0.934735 0.156952
0.933391 0.190854
0.921152 0.252731
0.957172 0.263212
0.941886 0.280840
0.957333 0.292080
0.946157 0.354629
0.970541 0.360457
0.912077 0.385194
0.951770 0.372980
0.961199 0.000196
0.976369 0.030474
0.959432 0.083301
0.958490 0.125176
0.955425 0.197043
0.960993 0.237956
0.959437 0.216733
0.970818 0.322002
0.999346 0.346524
0.955866 0.342794
0.973552 0.306561
0.947403 0.477609
0.908522 0.368342
0.957759 0.476896
0.969915 0.000616
0.988582 0.000834
0.976730 0.052973
0.975554 0.133302
0.952438 0.162228
0.952918 0.179186
0.973782 0.269407
0.973660 0.252314
0.971333 0.339957
0.977517 0.408785
0.998172 0.382141
0.996743 0.455925
0.908066 0.429652
0.932952 0.387871
0.903041 0.432319
0.978750 0.000623
0.975153 0.073549
0.961389 0.103178
0.974293 0.153910
0.973434 0.171227
0.938982 0.212610
0.999612 0.284411
0.999934 0.321671
0.999643 0.259550
0.966224 0.444555
0.999277 0.334396
0.965227 0.430281
0.967883 0.457547
0.866080 0.349204
0.999488 0.003677
0.999788 0.038766
0.976378 0.092954
0.975276 0.114106
0.999320 0.104492
0.999055 0.185942
0.999015 0.138924
0.999261 0.150592
0.999753 0.357292
0.999595 0.271606
0.996305 0.368138
0.988304 0.389817
0.990417 0.453964
0.999780 0.234336
0.937681 0.413435
0.999808 0.000077
0.999874 0.049189
0.999590 0.071010
0.999681 0.093184
0.999786 0.115792
0.974687 0.207641
0.973903 0.288092
0.999636 0.309676
0.999489 0.247153
0.999929 0.197292
0.999052 0.296834
0.993242 0.422855
0.885209 0.361333
0.989231 0.414331
0.999495 0.018887
0.999991 0.028790
0.999830 0.060228
0.999375 0.082016
0.972050 0.188863
0.998981 0.127288
0.999074 0.210243
0.941187 0.250322
0.999350 0.222125
0.999889 0.162466
0.999332 0.174024
0.955897 0.403463
0.995554 0.440430
0.939463 0.446462
0.944063 0.467123
