0.000529 0.028747
0.000755 0.058556
0.000960 0.089612
0.000157 0.121657
0.000123 0.132667
0.000155 0.298773
0.000304 0.177586
0.000395 0.189431
0.000561 0.311434
0.000092 0.385498
0.062151 0.441708
0.019230 0.405891
0.010090 0.430978
0.050261 0.431860
0.000416 0.019168
0.000761 0.038248
0.000005 0.068714
0.026559 0.077020
0.025127 0.229361
0.000670 0.200882
0.000548 0.166059
0.000339 0.273670
0.000717 0.236796
0.000070 0.249293
0.000410 0.348455
0.000200 0.360650
0.029874 0.450064
0.014140 0.459421
0.076784 0.383173
0.000598 0.004883
0.000106 0.048237
0.000897 0.079078
0.000340 0.100165
0.000503 0.110779
0.000462 0.213034
0.000509 0.154572
0.000220 0.285894
0.000454 0.224627
0.000207 0.323618
0.000245 0.335924
0.000763 0.431177
0.000296 0.407928
0.045239 0.459393
0.001015 0.000005
0.030217 0.027331
0.026965 0.059625
0.025641 0.115365
0.025141 0.191723
0.062339 0.258955
0.041053 0.224227
0.000621 0.261295
0.030999 0.302702
0.029109 0.287719
0.030154 0.335768
0.000280 0.397463
0.000186 0.373667
0.000953 0.448601
0.075299 0.414519
0.011742 0.000588
0.042549 0.052129
0.026278 0.040761
0.026054 0.094938
0.000013 0.143704
0.025715 0.246480
0.046073 0.245446
0.037172 0.262182
0.024944 0.318908
0.045023 0.328263
0.025310 0.353905
0.063403 0.369969
0.033538 0.368624
0.050588 0.460017
0.030533 0.000386
0.021675 0.000159
0.059889 0.083361
0.042882 0.071861
0.027168 0.208519
0.027011 0.131233
0.045484 0.203334
0.060165 0.217057
0.050302 0.291139
0.051068 0.310723
0.068250 0.299968
0.046004 0.353954
0.065724 0.398028
0.035968 0.411552
0.098282 0.384378
0.039239 0.000279
0.058778 0.027131
0.044087 0.091805
0.047745 0.127348
0.025504 0.172295
0.042034 0.183697
0.062106 0.236822
0.089482 0.247476
0.025485 0.272703
0.056586 0.275446
0.038823 0.379823
0.049088 0.389184
0.061181 0.341380
0.006138 0.457100
0.048037 0.000616
0.043715 0.031513
0.063842 0.042366
0.059361 0.059994
0.041649 0.108875
0.059707 0.145167
0.024346 0.154034
0.065379 0.195984
0.080784 0.233099
0.079586 0.262335
0.071529 0.322096
0.085035 0.294468
0.081908 0.337129
0.123873 0.319131
0.093235 0.402245
0.056973 0.000593
0.075096 0.026578
0.078124 0.056210
0.061593 0.107283
0.065292 0.125621
0.038146 0.145000
0.043634 0.164102
0.062676 0.180184
0.112300 0.255624
0.082409 0.278213
0.106244 0.270589
0.102890 0.328292
0.045580 0.414800
0.108551 0.307432
0.065842 0.001046
0.074781 0.000843
0.086416 0.039133
0.074043 0.072736
0.074352 0.093557
0.081752 0.111640
0.082057 0.147760
0.062311 0.161595
0.078414 0.213061
0.106416 0.237779
0.134348 0.262147
0.088121 0.313901
0.114893 0.339579
0.094928 0.350709
0.096906 0.423420
0.083536 0.000433
0.094473 0.025767
0.106970 0.038460
0.093652 0.073032
0.092518 0.090237
0.082182 0.131654
0.082595 0.165570
0.083989 0.183206
0.090631 0.200723
0.122017 0.224548
0.106949 0.287205
0.131883 0.242646
0.127278 0.297971
0.112882 0.435771
0.092356 0.000524
0.109863 0.000945
0.115127 0.025800
0.097427 0.056153
0.111013 0.087806
0.099650 0.106794
0.101016 0.126472
0.101255 0.164511
0.105077 0.186490
0.100142 0.220739
0.137415 0.212518
0.128321 0.279686
0.180684 0.285198
0.097331 0.366772
0.110414 0.437524
0.101170 0.000357
0.127614 0.042086
0.114888 0.055889
0.116315 0.072348
0.125103 0.097019
0.116190 0.114174
0.103285 0.144596
0.119193 0.154363
0.118529 0.174534
0.111941 0.205799
0.144951 0.231727
0.156466 0.275192
0.145856 0.308567
0.073742 0.356085
0.118750 0.000618
0.144983 0.000823
0.132867 0.026650
0.134170 0.061208
0.135048 0.079696
0.143910 0.096506
0.121347 0.132662
0.135563 0.166469
0.126538 0.194771
0.142959 0.185635
0.152342 0.202154
0.152110 0.256078
0.174454 0.264178
0.155549 0.322870
0.119382 0.374426
0.127532 0.000372
0.146575 0.039601
0.151085 0.057066
0.154128 0.072757
0.160020 0.088241
0.134653 0.115392
0.136104 0.143688
0.152385 0.153398
0.165839 0.189432
0.161054 0.221444
0.164215 0.243462
0.147860 0.289297
0.205884 0.292070
0.171761 0.314726
0.136252 0.000279
0.179666 0.000309
0.152462 0.026525
0.171632 0.062216
0.154430 0.112238
0.146950 0.129837
0.165450 0.142289
0.156211 0.172459
0.175201 0.210691
0.181445 0.179493
0.180778 0.234634
0.188395 0.252510
0.181274 0.330693
0.138680 0.333435
0.119873 0.359723
0.153680 0.000409
0.166739 0.043620
0.176629 0.080020
0.171161 0.101844
0.168008 0.124156
0.184398 0.147437
0.172886 0.162688
0.200690 0.183227
0.188597 0.200157
0.203666 0.241142
0.209884 0.263197
0.168814 0.296231
0.139850 0.412175
0.108830 0.411213
0.162373 0.000207
0.170279 0.028169
0.184982 0.042095
0.188582 0.062093
0.186907 0.106245
0.185204 0.125111
0.195402 0.164356
0.217496 0.176155
0.208673 0.201702
0.193260 0.221205
0.221429 0.237112
0.196266 0.274072
0.197002 0.303823
0.142407 0.346807
0.144177 0.410143
0.170965 0.000375
0.203302 0.050321
0.192336 0.087635
0.215024 0.081871
0.205893 0.100683
0.199386 0.138238
0.225820 0.193221
0.242507 0.180411
0.211800 0.219137
0.226821 0.256902
0.222111 0.279923
0.235201 0.295406
0.225077 0.306378
0.150322 0.379260
0.188244 0.000824
0.188145 0.026599
0.219733 0.041170
0.202306 0.071438
0.224502 0.100993
0.204245 0.119433
0.210463 0.153975
0.251712 0.163830
0.231139 0.211459
0.270237 0.260922
0.256095 0.240588
0.198839 0.320043
0.269535 0.304723
0.181311 0.358298
0.163174 0.374546
0.196827 0.000306
0.203253 0.030914
0.237151 0.049603
0.234775 0.087172
0.224273 0.118166
0.219503 0.136247
0.228252 0.163315
0.261802 0.185340
0.237458 0.231961
0.245760 0.255012
0.240548 0.271675
0.255582 0.318505
0.144144 0.361338
0.119427 0.392490
0.205279 0.000990
0.256075 0.000497
0.220424 0.026985
0.219742 0.061812
0.243203 0.107966
0.240433 0.129701
0.236095 0.148479
0.254611 0.144201
0.281861 0.181674
0.247736 0.198140
0.274397 0.290792
0.265939 0.275283
0.251806 0.291211
0.213612 0.336177
0.168515 0.341769
0.213786 0.000282
0.236825 0.029268
0.256493 0.044173
0.251949 0.085979
0.261466 0.100933
0.257520 0.121255
0.274641 0.149376
0.271084 0.166627
0.280979 0.200384
0.265391 0.208786
0.301710 0.272483
0.301450 0.299013
0.286953 0.326509
0.137032 0.394275
0.222311 0.000249
0.289494 0.000353
0.251094 0.029589
0.234992 0.069131
0.266677 0.076156
0.276993 0.111886
0.271666 0.131784
0.293850 0.142561
0.292542 0.161047
0.337857 0.181170
0.305816 0.218011
0.250018 0.219334
0.319020 0.291126
0.327155 0.276804
0.224955 0.322892
0.230852 0.000326
0.267780 0.028959
0.270856 0.058708
0.251269 0.063035
0.293809 0.103501
0.291712 0.124984
0.307925 0.117435
0.311137 0.156935
0.300578 0.177823
0.327467 0.229818
0.279864 0.250481
0.309068 0.239136
0.172905 0.368716
0.277778 0.327005
0.239322 0.000511
0.314311 0.000098
0.280362 0.046020
0.286600 0.068165
0.277471 0.090754
0.312571 0.099640
0.334162 0.109914
0.313449 0.138458
0.320703 0.172867
0.350051 0.145613
0.299110 0.200109
0.287874 0.220829
0.273084 0.230325
0.206968 0.345736
0.298179 0.319090
0.247708 0.000369
0.283488 0.028087
0.301953 0.061836
0.295151 0.084688
0.311208 0.077833
0.327695 0.092788
0.348460 0.124680
0.330225 0.156240
0.364758 0.140813
0.345935 0.165909
0.292821 0.241346
0.345953 0.262018
0.196652 0.352282
0.291011 0.284085
0.264449 0.000402
0.339023 0.000184
0.296859 0.041768
0.318755 0.057928
0.329031 0.074212
0.345337 0.089454
0.353163 0.104681
0.324105 0.123022
0.335036 0.138273
0.363116 0.164728
0.362352 0.183935
0.339637 0.243175
0.364063 0.208398
0.393681 0.327370
0.345127 0.219390
0.272775 0.000160
0.302148 0.027709
0.315954 0.040919
0.366729 0.060329
0.352573 0.073722
0.365545 0.088571
0.395052 0.134706
0.365619 0.118336
0.377910 0.133114
0.377345 0.158519
0.315020 0.191158
0.345354 0.319739
0.454128 0.324681
0.252501 0.333042
0.281160 0.000737
0.363624 0.001044
0.341223 0.062278
0.335366 0.044439
0.375553 0.046592
0.386814 0.089221
0.375286 0.103136
0.421356 0.114480
0.423938 0.133479
0.392580 0.154089
0.378964 0.181306
0.380844 0.200789
0.352307 0.198138
0.335033 0.199851
0.357993 0.319434
0.297794 0.000226
0.321560 0.027612
0.353008 0.029435
0.391547 0.050325
0.375493 0.074660
0.399300 0.100832
0.389179 0.116545
0.408533 0.143533
0.421963 0.153193
0.393665 0.179379
0.406918 0.192489
0.442772 0.215021
0.242845 0.330812
0.358387 0.297559
0.306059 0.000076
0.338884 0.027540
0.382084 0.028266
0.391438 0.066094
0.415897 0.090484
0.459568 0.085243
0.438865 0.118969
0.406795 0.118836
0.446649 0.099411
0.421446 0.181435
0.469842 0.182493
0.439054 0.184042
0.419121 0.213009
0.382402 0.220853
0.322277 0.211125
0.322503 0.000762
0.353902 0.047274
0.397156 0.030024
0.407151 0.043974
0.422610 0.048251
0.423456 0.074383
0.462616 0.107109
0.472458 0.126012
0.448216 0.157270
0.405958 0.167704
0.432539 0.164721
0.409660 0.226299
0.328444 0.317562
0.309536 0.260266
0.330737 0.000600
0.404258 0.000553
0.368021 0.030985
0.411974 0.026408
0.402859 0.080290
0.438950 0.080963
0.429971 0.099298
0.453721 0.123541
0.441318 0.140481
0.456713 0.172193
0.480902 0.143746
0.366880 0.227762
0.397194 0.234020
0.339426 0.298064
0.373474 0.320852
0.347306 0.000138
0.438367 0.041524
0.412290 0.063183
0.451477 0.069113
0.486703 0.080729
0.496462 0.108020
0.469572 0.157469
0.460373 0.140168
0.461081 0.252533
0.397245 0.205929
0.426740 0.196588
0.466493 0.201151
0.373051 0.283548
0.317516 0.315829
0.355473 0.000735
0.412481 0.000993
0.477446 0.000105
0.461498 0.026300
0.427604 0.028099
0.503742 0.069069
0.476480 0.094723
0.499964 0.088895
0.493712 0.152150
0.481545 0.111715
0.402964 0.263274
0.483228 0.192419
0.353856 0.236347
0.389158 0.247187
0.484017 0.215720
0.371707 0.000193
0.461286 0.000537
0.444406 0.026838
0.438359 0.060139
0.538458 0.116730
0.552893 0.133944
0.511416 0.116317
0.506147 0.137351
0.482115 0.168159
0.374346 0.249594
0.329019 0.257372
0.440300 0.337061
0.400246 0.322197
0.411877 0.252290
0.379761 0.000724
0.453176 0.000435
0.485540 0.000368
0.495928 0.035525
0.537510 0.044129
0.590474 0.159295
0.540620 0.150941
0.536845 0.135210
0.650540 0.217465
0.389659 0.293095
0.424342 0.319330
0.974921 0.225710
0.566912 0.230208
0.381733 0.308062
0.369264 0.265121
0.420659 0.000164
0.469386 0.000401
0.619712 0.050427
0.472456 0.072256
0.463638 0.058030
0.551327 0.171573
0.524346 0.153001
0.493488 0.127922
0.523801 0.187252
0.449914 0.194194
0.424935 0.294386
0.388201 0.270816
0.410965 0.281249
0.350302 0.278802
0.396051 0.000691
0.436938 0.000044
0.509801 0.000769
0.473239 0.033527
0.644554 0.179478
0.518247 0.070755
0.666935 0.290268
0.510567 0.156908
0.425147 0.246189
0.496515 0.173040
0.973069 0.369499
0.678058 0.312102
0.691726 0.308356
0.408875 0.297896
0.422246 0.330063
0.534082 0.000292
0.501721 0.000642
0.428810 0.000235
0.071319 0.429269
0.489767 0.061591
0.524782 0.107342
0.432829 0.228663
0.644375 0.254577
0.536405 0.229778
0.461606 0.316721
0.938945 0.366709
0.562033 0.253722
0.473752 0.347053
0.455992 0.268226
0.598702 0.000801
0.550216 0.000845
0.387908 0.000344
0.493652 0.000852
0.549411 0.028268
0.479816 0.048394
0.515258 0.092863
0.578435 0.148164
0.511922 0.194950
0.478001 0.296586
0.456972 0.225333
0.436984 0.282557
0.481600 0.264406
0.440622 0.265884
0.477538 0.274638
0.590498 0.000934
0.517906 0.000863
0.445104 0.000371
0.508409 0.026559
0.455653 0.042891
0.956245 0.406347
0.451599 0.341607
0.444974 0.305961
0.483167 0.295973
0.537817 0.245140
0.475011 0.337184
0.459853 0.288412
0.516130 0.237521
0.577181 0.213745
0.615057 0.000563
0.566282 0.000204
0.520827 0.030916
0.525969 0.000806
0.504483 0.048789
0.520964 0.049709
0.533454 0.062387
0.520899 0.129813
0.560151 0.149004
0.513581 0.171666
0.525320 0.209690
0.469412 0.241335
0.514869 0.221416
0.486563 0.237589
0.599832 0.275531
0.631279 0.000837
0.542165 0.000483
0.562037 0.030719
0.534703 0.026761
0.485358 0.025755
0.530742 0.083841
0.566523 0.124407
0.581499 0.131094
0.599400 0.137923
0.533504 0.168570
0.439473 0.244497
0.557630 0.202222
0.552364 0.243513
0.516332 0.252991
0.639466 0.000737
0.558242 0.001057
0.589520 0.026530
0.587405 0.044519
0.571377 0.048777
0.555189 0.112048
0.580373 0.108544
0.613258 0.127344
0.595953 0.173126
0.542639 0.183485
0.595927 0.208612
0.569352 0.267310
0.499475 0.213948
0.554553 0.222796
0.511767 0.260269
0.655807 0.000453
0.620045 0.030878
0.605911 0.026488
0.575356 0.027753
0.553524 0.049269
0.547082 0.069872
0.541015 0.096745
0.567198 0.100432
0.608171 0.154237
0.578443 0.178771
0.626129 0.233273
0.561902 0.187252
0.543653 0.205122
0.469214 0.220861
0.664005 0.000614
0.574326 0.000623
0.633341 0.026726
0.563929 0.064543
0.598907 0.060382
0.581093 0.064851
0.552249 0.086839
0.584702 0.087138
0.594948 0.120103
0.610389 0.180896
0.602875 0.196328
0.582196 0.194755
0.669856 0.308647
0.574273 0.294382
0.637073 0.304762
0.680390 0.000178
0.582389 0.000995
0.606896 0.000651
0.604234 0.042681
0.568710 0.081214
0.612050 0.090226
0.596820 0.099385
0.623249 0.160678
0.642352 0.158534
0.624857 0.197467
0.566717 0.164744
0.595761 0.257100
0.593066 0.240138
0.496968 0.252772
0.688564 0.000355
0.623166 0.000071
0.647837 0.030437
0.647602 0.071279
0.614174 0.067864
0.597869 0.077641
0.612653 0.109034
0.623954 0.140946
0.659314 0.146309
0.673527 0.156492
0.593310 0.224718
0.666798 0.184408
0.611969 0.221379
0.639635 0.236621
0.708708 0.324719
0.705051 0.000446
0.652413 0.053791
0.658185 0.087568
0.637866 0.044090
0.633116 0.062466
0.626582 0.080620
0.628948 0.100458
0.640624 0.141107
0.660568 0.203490
0.657712 0.168471
0.671521 0.224181
0.590219 0.295003
0.497420 0.194234
0.599296 0.300668
0.713323 0.000114
0.647663 0.000542
0.662323 0.027410
0.665690 0.065701
0.641983 0.088226
0.646740 0.107037
0.630105 0.120699
0.663800 0.128013
0.679476 0.137593
0.677456 0.201914
0.626480 0.178210
0.640439 0.270523
0.618627 0.250986
0.629560 0.214276
0.619133 0.285718
0.721579 0.000537
0.678255 0.029429
0.665707 0.043121
0.683392 0.069977
0.672977 0.084428
0.647494 0.123740
0.678314 0.117093
0.693610 0.153894
0.682666 0.171714
0.644281 0.196094
0.748620 0.303760
0.650693 0.303974
0.569200 0.287115
0.577172 0.254896
0.738182 0.000677
0.672177 0.000069
0.693015 0.028113
0.680504 0.052235
0.699110 0.062147
0.695171 0.083308
0.664221 0.105945
0.697001 0.135106
0.691484 0.185437
0.688437 0.213953
0.715890 0.250385
0.709822 0.237451
0.652220 0.281475
0.629291 0.296317
0.761185 0.340785
0.746553 0.000918
0.710047 0.027896
0.695377 0.043040
0.715814 0.063860
0.711474 0.081629
0.682924 0.097978
0.695690 0.117840
0.712920 0.180299
0.704970 0.198678
0.687758 0.235340
0.661770 0.239971
0.615150 0.265586
0.728455 0.284719
0.718965 0.338302
0.754914 0.000368
0.696825 0.000709
0.725795 0.029162
0.713414 0.044927
0.728417 0.080327
0.701136 0.101565
0.714767 0.122352
0.713122 0.142523
0.702606 0.167779
0.719203 0.207674
0.688144 0.251822
0.719968 0.276570
0.666026 0.255931
0.793771 0.358010
0.747283 0.345079
0.763308 0.000464
0.740848 0.026156
0.731476 0.046203
0.733965 0.063160
0.717604 0.100662
0.731197 0.114561
0.730421 0.136094
0.727223 0.187651
0.706247 0.220903
0.749050 0.259407
0.692080 0.281505
0.701454 0.266155
0.819948 0.382199
0.738446 0.332344
0.771709 0.000497
0.729844 0.000034
0.762137 0.025655
0.750474 0.070970
0.735163 0.096862
0.746093 0.127626
0.741561 0.149420
0.720561 0.157844
0.732159 0.220593
0.673198 0.268920
0.755049 0.241620
0.739079 0.285106
0.756530 0.300777
0.769844 0.358698
0.764044 0.312334
0.788494 0.000622
0.768742 0.038806
0.749221 0.038262
0.749928 0.088000
0.751040 0.108697
0.760846 0.145162
0.735294 0.166805
0.747854 0.180115
0.735358 0.239150
0.771531 0.279289
0.787843 0.296941
0.700330 0.286472
0.786746 0.308211
0.710988 0.318912
0.796975 0.000951
0.781698 0.026319
0.752833 0.055194
0.768272 0.077062
0.772042 0.112001
0.762984 0.127600
0.778571 0.151218
0.755381 0.163624
0.738137 0.201328
0.757276 0.205461
0.731710 0.254235
0.767234 0.270262
0.793097 0.340751
0.836716 0.365725
0.777237 0.359444
0.805407 0.000160
0.798797 0.056492
0.783827 0.066356
0.766625 0.095222
0.792742 0.114637
0.780891 0.132648
0.797474 0.150742
0.763017 0.187304
0.794305 0.221603
0.799121 0.281790
0.806245 0.314871
0.782397 0.332135
0.813551 0.377159
0.732992 0.345142
0.822282 0.000377
0.780116 0.000410
0.787388 0.042653
0.770649 0.056720
0.789735 0.081616
0.785431 0.098181
0.799198 0.131188
0.773308 0.168644
0.773601 0.205739
0.751988 0.222320
0.773568 0.223291
0.814987 0.265971
0.829819 0.317487
0.832306 0.381208
0.853149 0.377038
0.830833 0.000460
0.798106 0.025307
0.805900 0.038188
0.807107 0.073666
0.810599 0.110675
0.805331 0.093481
0.794924 0.167814
0.804151 0.186888
0.783156 0.184397
0.807709 0.232778
0.792314 0.266695
0.794445 0.251137
0.813328 0.355777
0.817536 0.330267
0.839293 0.000050
0.813797 0.000231
0.818735 0.025752
0.817440 0.059341
0.823246 0.088049
0.831775 0.120016
0.815933 0.130260
0.815729 0.152385
0.816046 0.171011
0.768389 0.252503
0.782405 0.238053
0.813788 0.299016
0.843684 0.303476
0.923770 0.403841
0.870056 0.392485
0.856411 0.000820
0.835355 0.025635
0.822730 0.041979
0.829904 0.072709
0.829966 0.102987
0.850774 0.107430
0.832138 0.141580
0.834263 0.162056
0.793805 0.202661
0.814287 0.206839
0.818293 0.248793
0.837449 0.272144
0.832456 0.340576
0.843928 0.328732
0.864989 0.000275
0.847804 0.000834
0.854086 0.026203
0.842862 0.039841
0.837833 0.056336
0.848897 0.073090
0.847593 0.127073
0.849890 0.149562
0.842478 0.181377
0.823700 0.189459
0.825483 0.219786
0.838762 0.254493
0.844621 0.290300
0.821133 0.284484
0.856887 0.356391
0.882334 0.000028
0.873166 0.025920
0.862722 0.038931
0.856820 0.056121
0.845294 0.090012
0.866269 0.118108
0.864851 0.137408
0.855979 0.166890
0.858497 0.199167
0.838083 0.201834
0.832438 0.235717
0.858420 0.273903
0.868506 0.304818
0.864484 0.406842
0.891030 0.000635
0.873665 0.000132
0.893621 0.025839
0.877287 0.054553
0.868514 0.070745
0.865160 0.087255
0.872246 0.101658
0.884714 0.133804
0.873384 0.153753
0.865000 0.181561
0.848640 0.218136
0.853083 0.238645
0.907938 0.329020
0.911823 0.392929
0.872201 0.410384
0.899722 0.001129
0.914265 0.026720
0.883686 0.038914
0.889731 0.066138
0.886121 0.082773
0.892815 0.098545
0.887458 0.116314
0.883388 0.167682
0.883461 0.188039
0.867529 0.224040
0.875851 0.206531
0.862549 0.257239
0.888201 0.317866
0.862687 0.318694
0.908504 0.000465
0.917270 0.000797
0.924212 0.040951
0.903360 0.038415
0.903099 0.054699
0.907927 0.088236
0.907428 0.110614
0.895406 0.148931
0.900598 0.171186
0.890749 0.217996
0.892772 0.233551
0.874740 0.242400
0.871957 0.287299
0.936105 0.435440
0.887547 0.381128
0.926097 0.000003
0.933622 0.026716
0.923498 0.058919
0.908109 0.071425
0.925839 0.118562
0.904193 0.129930
0.913105 0.155479
0.897196 0.199501
0.914616 0.215997
0.894460 0.250413
0.892108 0.284022
0.913886 0.305173
0.892893 0.302361
0.880809 0.332138
0.934821 0.000185
0.945556 0.034217
0.941733 0.051962
0.927107 0.078095
0.923742 0.098295
0.920662 0.137699
0.910922 0.184484
0.920649 0.201180
0.918124 0.231241
0.904519 0.263861
0.923696 0.318830
0.911722 0.279298
0.881661 0.267274
0.900408 0.345557
0.875455 0.372194
0.943655 0.000684
0.960110 0.061124
0.943222 0.069231
0.942076 0.110022
0.939601 0.133214
0.927439 0.170420
0.940546 0.227176
0.931199 0.262935
0.926379 0.291147
0.942077 0.299520
0.953427 0.314170
0.931617 0.330436
0.920437 0.351827
0.889491 0.410827
0.952465 0.000732
0.959953 0.025923
0.964483 0.041141
0.941415 0.090727
0.957621 0.142349
0.934143 0.154085
0.933331 0.187319
0.919376 0.248163
0.955874 0.258739
0.941185 0.275739
0.956151 0.287146
0.944054 0.348670
0.968894 0.354430
0.909453 0.378643
0.953316 0.366659
0.961318 0.000634
0.976111 0.030596
0.958589 0.082321
0.957047 0.123183
0.955400 0.193864
0.960151 0.234312
0.958725 0.212910
0.970494 0.316605
0.999652 0.343645
0.956425 0.336474
0.973450 0.301255
0.949096 0.468537
0.906145 0.362150
0.958002 0.469066
0.970024 0.000081
0.988815 0.000777
0.976494 0.053048
0.975177 0.131546
0.951913 0.159594
0.951979 0.176334
0.973178 0.264308
0.973132 0.247473
0.970494 0.334092
0.976034 0.400701
0.999252 0.379610
0.996916 0.448672
0.907357 0.421498
0.932175 0.382019
0.901114 0.422548
0.978907 0.000876
0.974408 0.072722
0.960548 0.101982
0.973913 0.152074
0.973504 0.168471
0.938184 0.208896
0.999926 0.283269
0.999386 0.320653
0.999091 0.258608
0.966654 0.436498
0.999528 0.331891
0.964547 0.423517
0.967603 0.449202
0.862627 0.342399
0.999393 0.004190
0.999542 0.038922
0.975854 0.091930
0.974732 0.112802
0.999169 0.104373
0.999672 0.185497
0.999077 0.138653
0.999228 0.150250
0.999163 0.356551
0.999819 0.270472
0.996870 0.366480
0.986250 0.384211
0.990570 0.447511
0.999149 0.233702
0.937677 0.406169
0.999399 0.000273
0.999310 0.049378
0.999641 0.071024
0.999075 0.093067
0.999714 0.115660
0.974679 0.204231
0.973941 0.282691
0.999585 0.308287
0.999560 0.246163
0.999626 0.197046
0.999748 0.295195
0.993032 0.416451
0.881763 0.354687
0.989702 0.408437
0.999894 0.019098
0.999134 0.029071
0.999771 0.060326
0.999550 0.081926
0.972184 0.185475
0.999890 0.127060
0.999966 0.209338
0.940118 0.245497
0.999378 0.221481
0.999977 0.162007
0.999524 0.173625
0.953763 0.395224
0.995078 0.433194
0.939334 0.437059
0.943194 0.459212
