0.000425 0.028729
0.001038 0.058409
0.000222 0.089410
0.000325 0.121525
0.000132 0.132272
0.000472 0.297790
0.000198 0.177386
0.000491 0.189176
0.000009 0.309917
0.000454 0.383670
0.063993 0.434175
0.022022 0.397314
0.012804 0.423476
0.051176 0.426151
0.000296 0.019128
0.000044 0.038224
0.000515 0.068584
0.025411 0.074797
0.025057 0.224754
0.000946 0.200653
0.000150 0.165826
0.000084 0.273118
0.000417 0.236436
0.000064 0.249019
0.000830 0.346981
0.000038 0.359030
0.031265 0.442754
0.016856 0.452726
0.077978 0.375923
0.000207 0.005184
0.000996 0.048184
0.000458 0.078909
0.000137 0.099994
0.000060 0.110592
0.000249 0.212601
0.000892 0.154363
0.000474 0.285304
0.000734 0.224262
0.000409 0.322692
0.000766 0.334881
0.000643 0.428921
0.000025 0.404703
0.043741 0.451837
0.000261 0.000335
0.028542 0.026366
0.026018 0.058121
0.024801 0.111909
0.025114 0.187507
0.063178 0.253483
0.041375 0.219725
0.000022 0.260506
0.031117 0.297337
0.029324 0.282136
0.030046 0.329529
0.000720 0.395787
0.000837 0.371630
0.000695 0.446840
0.076703 0.407654
0.011437 0.000040
0.041673 0.049745
0.025486 0.040186
0.025108 0.092740
0.000246 0.143382
0.025463 0.241902
0.045866 0.239925
0.037884 0.257337
0.025629 0.312826
0.045698 0.321689
0.026030 0.347047
0.064873 0.362614
0.033982 0.361598
0.050449 0.451481
0.030367 0.000882
0.021407 0.000137
0.059247 0.081260
0.042496 0.070111
0.027090 0.204436
0.026235 0.128242
0.045646 0.199080
0.060344 0.212387
0.050769 0.285059
0.051544 0.304439
0.068900 0.293946
0.046795 0.346567
0.067526 0.390252
0.037362 0.403737
0.099313 0.377277
0.039072 0.000521
0.057532 0.026279
0.043500 0.088966
0.047407 0.123942
0.025215 0.168443
0.042066 0.179568
0.063276 0.232436
0.091168 0.243003
0.025717 0.267273
0.057230 0.269963
0.038775 0.373342
0.050365 0.381122
0.061972 0.334650
0.004224 0.451730
0.047843 0.000063
0.043018 0.029886
0.062793 0.041750
0.057917 0.059094
0.041130 0.106186
0.059295 0.141755
0.023815 0.150259
0.065095 0.191802
0.081184 0.228592
0.080417 0.257510
0.072202 0.315433
0.086780 0.288974
0.083389 0.330848
0.125836 0.313504
0.094401 0.394858
0.056712 0.000903
0.074043 0.026003
0.077229 0.054566
0.060440 0.104616
0.064966 0.122801
0.038021 0.141254
0.043584 0.160039
0.062588 0.176054
0.113799 0.251177
0.083436 0.272995
0.107490 0.265856
0.104690 0.322577
0.046954 0.406770
0.110377 0.301998
0.065635 0.000713
0.074567 0.000334
0.085382 0.038341
0.073872 0.070874
0.073975 0.091555
0.081430 0.109185
0.082168 0.145059
0.062370 0.158033
0.078831 0.208407
0.107513 0.233995
0.136444 0.257786
0.089276 0.308021
0.116780 0.333298
0.096320 0.344219
0.097556 0.415654
0.083379 0.000518
0.093370 0.025231
0.106114 0.037941
0.093496 0.071587
0.091714 0.088297
0.082016 0.128799
0.082958 0.162511
0.084460 0.179801
0.091572 0.197380
0.123432 0.220749
0.108635 0.281827
0.133555 0.238828
0.129207 0.292942
0.113872 0.427286
0.092270 0.000408
0.109832 0.000304
0.114251 0.025462
0.096852 0.055084
0.110340 0.087179
0.099420 0.105088
0.100430 0.124468
0.101426 0.161747
0.105397 0.183048
0.101285 0.217308
0.138833 0.209130
0.130171 0.274864
0.183656 0.281059
0.098326 0.360124
0.111926 0.429223
0.101097 0.000229
0.127129 0.041433
0.114393 0.055032
0.116139 0.071636
0.125343 0.095640
0.116211 0.112600
0.103381 0.142425
0.119517 0.152042
0.119453 0.171710
0.113011 0.202398
0.146672 0.228483
0.159241 0.270960
0.148491 0.303167
0.074697 0.349582
0.118705 0.000117
0.144926 0.000688
0.132212 0.026501
0.133653 0.060622
0.134968 0.078526
0.144126 0.095182
0.121622 0.130598
0.136640 0.164041
0.127614 0.191778
0.143784 0.183009
0.153955 0.199399
0.154142 0.252252
0.176817 0.260234
0.159241 0.317483
0.121349 0.367373
0.127493 0.000749
0.146053 0.039204
0.150968 0.056310
0.154125 0.071872
0.160556 0.087267
0.135191 0.113963
0.136201 0.142057
0.152955 0.151238
0.167413 0.187184
0.162743 0.218379
0.166392 0.240091
0.150506 0.284619
0.209792 0.288183
0.174971 0.309996
0.136191 0.000927
0.179550 0.000122
0.152243 0.026614
0.171765 0.061613
0.154977 0.111075
0.147410 0.128471
0.166147 0.140681
0.157159 0.170396
0.176433 0.208041
0.182730 0.177355
0.183010 0.231583
0.190857 0.249120
0.184374 0.325814
0.140555 0.327267
0.121782 0.352902
0.153609 0.000914
0.166992 0.043016
0.177136 0.079211
0.172231 0.101126
0.168630 0.122484
0.185280 0.145973
0.173900 0.160891
0.201970 0.181250
0.190359 0.197666
0.205388 0.237694
0.212708 0.259824
0.171727 0.291404
0.141464 0.404282
0.110466 0.403430
0.162282 0.000340
0.170087 0.027710
0.185153 0.041700
0.188883 0.061390
0.188454 0.105068
0.186175 0.124028
0.196604 0.162288
0.219030 0.174408
0.210748 0.199562
0.195184 0.218294
0.223697 0.234459
0.198921 0.270129
0.200155 0.299022
0.145422 0.340985
0.146250 0.402089
0.170889 0.000536
0.204303 0.049614
0.193166 0.086466
0.216470 0.080798
0.207209 0.099187
0.200802 0.136856
0.227485 0.191477
0.244349 0.178358
0.214027 0.216929
0.230166 0.253888
0.225415 0.276457
0.239564 0.291476
0.228924 0.302334
0.152866 0.371694
0.188109 0.000482
0.188556 0.026611
0.220703 0.041032
0.202897 0.070410
0.225582 0.099837
0.205227 0.118148
0.211833 0.152739
0.253348 0.161999
0.233407 0.209563
0.273791 0.258857
0.259048 0.238321
0.202814 0.315077
0.274527 0.301952
0.185107 0.351828
0.166282 0.367535
0.196765 0.000385
0.203422 0.030338
0.238498 0.048929
0.236523 0.086382
0.225649 0.117104
0.220723 0.135058
0.230160 0.162030
0.263831 0.184232
0.240353 0.230088
0.249312 0.252599
0.243995 0.268646
0.260176 0.315091
0.146587 0.354940
0.121165 0.385652
0.205200 0.000182
0.255991 0.000569
0.220894 0.026989
0.220529 0.061222
0.244625 0.107168
0.241916 0.128444
0.237743 0.146933
0.256396 0.143042
0.283642 0.180940
0.250094 0.196498
0.279596 0.288171
0.269783 0.272864
0.255818 0.288034
0.218848 0.330611
0.171878 0.335964
0.213719 0.000530
0.237750 0.028849
0.258181 0.043586
0.253562 0.085127
0.263373 0.099836
0.259018 0.120059
0.276372 0.148311
0.272644 0.165837
0.282918 0.199262
0.266949 0.207050
0.306266 0.270692
0.307250 0.297555
0.292768 0.323002
0.139287 0.386605
0.222221 0.000521
0.289375 0.000749
0.252094 0.029791
0.236433 0.068465
0.268914 0.075494
0.278738 0.111314
0.273249 0.130813
0.295235 0.141644
0.294262 0.160654
0.339425 0.181407
0.308650 0.218155
0.252606 0.217278
0.324440 0.289385
0.331788 0.275207
0.229281 0.318146
0.230772 0.000891
0.268829 0.028136
0.272178 0.058099
0.252945 0.062872
0.295547 0.102701
0.293105 0.124606
0.309459 0.117205
0.312294 0.156548
0.302445 0.177532
0.330125 0.229181
0.283864 0.248461
0.312035 0.238357
0.176167 0.362023
0.283629 0.323268
0.239219 0.000237
0.314217 0.000228
0.281117 0.044831
0.289109 0.067426
0.279012 0.089707
0.313773 0.098929
0.335515 0.108991
0.314772 0.137897
0.322542 0.172828
0.350487 0.145580
0.301377 0.199416
0.291197 0.219260
0.275882 0.228807
0.210879 0.340414
0.304236 0.316810
0.247645 0.000618
0.285088 0.028267
0.303126 0.060763
0.296468 0.084142
0.312706 0.077303
0.328888 0.092402
0.349444 0.124011
0.331539 0.156534
0.365948 0.141363
0.347331 0.166124
0.296611 0.239889
0.350452 0.262128
0.200384 0.346425
0.295459 0.281880
0.264367 0.000369
0.338979 0.000280
0.298307 0.041402
0.320594 0.057826
0.330613 0.073932
0.346386 0.088847
0.354477 0.105027
0.325446 0.122332
0.335629 0.137598
0.364355 0.164547
0.363091 0.183461
0.343208 0.243697
0.366723 0.209516
0.400850 0.329440
0.348624 0.219516
0.272681 0.000135
0.303658 0.027063
0.316876 0.040696
0.368125 0.060114
0.353814 0.072356
0.366520 0.087751
0.396187 0.135001
0.366388 0.118045
0.378608 0.133192
0.378625 0.158184
0.317128 0.190544
0.352832 0.318269
0.461323 0.329424
0.257297 0.328725
0.281034 0.000968
0.363494 0.000595
0.342424 0.061881
0.336688 0.044085
0.375883 0.045959
0.387987 0.088881
0.375812 0.102861
0.422253 0.113813
0.424904 0.133687
0.393906 0.154200
0.380301 0.180989
0.382413 0.201295
0.354147 0.198512
0.336457 0.200099
0.364843 0.319397
0.297683 0.000231
0.322368 0.026919
0.353721 0.028765
0.391718 0.049687
0.376503 0.073958
0.400304 0.101637
0.389162 0.115522
0.410258 0.144763
0.422815 0.153424
0.395360 0.179450
0.407084 0.193807
0.442482 0.214891
0.248121 0.325881
0.363763 0.297384
0.305949 0.000377
0.338876 0.027532
0.382391 0.027382
0.392991 0.065888
0.416552 0.090626
0.459374 0.085098
0.439829 0.119384
0.407365 0.119464
0.446988 0.099171
0.422157 0.181567
0.469564 0.183593
0.439832 0.185836
0.420758 0.212768
0.384634 0.220163
0.323930 0.211270
0.322413 0.000088
0.355164 0.046766
0.397123 0.029306
0.407259 0.043510
0.422858 0.048420
0.424709 0.073681
0.462801 0.106945
0.472196 0.127349
0.448420 0.158022
0.407467 0.166700
0.433981 0.164362
0.411492 0.227303
0.334951 0.315674
0.313749 0.258368
0.330702 0.000059
0.404173 0.000840
0.368137 0.029768
0.412429 0.026343
0.403062 0.080454
0.439977 0.081779
0.429978 0.099078
0.454577 0.124380
0.442090 0.140674
0.456268 0.172865
0.479733 0.144096
0.369314 0.228130
0.398935 0.234938
0.344812 0.297590
0.379871 0.320047
0.347251 0.000791
0.438686 0.041566
0.411920 0.062804
0.451371 0.068004
0.486642 0.080531
0.495862 0.107408
0.468958 0.157876
0.459943 0.140992
0.462663 0.256110
0.399037 0.207064
0.428330 0.198555
0.466388 0.202249
0.377809 0.284911
0.323253 0.313045
0.355367 0.001128
0.412356 0.000328
0.477451 0.000672
0.460768 0.025227
0.427257 0.028049
0.503190 0.068976
0.476133 0.094803
0.499694 0.089062
0.493497 0.152300
0.481231 0.111950
0.406173 0.266135
0.482016 0.194561
0.356555 0.237186
0.391886 0.249013
0.483840 0.217350
0.371645 0.000833
0.461220 0.000036
0.443991 0.026350
0.437589 0.059546
0.537147 0.117566
0.552444 0.134213
0.510612 0.116780
0.504849 0.137673
0.480475 0.169202
0.376405 0.249364
0.333277 0.257393
0.447844 0.341205
0.407037 0.323652
0.414337 0.255524
0.379730 0.000518
0.453079 0.001051
0.485560 0.000646
0.495010 0.035670
0.536013 0.042891
0.588288 0.160693
0.539918 0.151478
0.535102 0.135230
0.647040 0.216920
0.394886 0.293497
0.429676 0.322356
0.974694 0.221618
0.564819 0.231860
0.387149 0.309330
0.371747 0.265932
0.420563 0.000836
0.469366 0.000322
0.617391 0.050691
0.471862 0.072671
0.463573 0.057278
0.550063 0.172980
0.523678 0.153989
0.492472 0.127763
0.525756 0.190675
0.449818 0.195530
0.428910 0.298107
0.393162 0.272214
0.414937 0.281970
0.354941 0.278463
0.396008 0.000281
0.436796 0.000079
0.509791 0.000683
0.472548 0.032676
0.642075 0.180280
0.518057 0.070371
0.661049 0.286828
0.508580 0.158255
0.427744 0.249001
0.495736 0.173519
0.970449 0.363560
0.674032 0.309452
0.685710 0.304114
0.413334 0.300898
0.428779 0.333713
0.534037 0.000311
0.501705 0.000370
0.428719 0.000407
0.072255 0.420757
0.488836 0.061005
0.523864 0.107711
0.433064 0.230179
0.639767 0.253431
0.535075 0.231644
0.466445 0.321672
0.937440 0.361015
0.554750 0.256525
0.481020 0.350504
0.458176 0.271123
0.598773 0.000537
0.550192 0.000718
0.387878 0.000438
0.493660 0.000666
0.547947 0.027865
0.479429 0.047729
0.514899 0.092282
0.577324 0.148812
0.510302 0.194634
0.481075 0.301332
0.457124 0.228862
0.440336 0.285166
0.480961 0.268641
0.441318 0.268462
0.480926 0.281287
0.590611 0.000997
0.517820 0.000746
0.444960 0.000382
0.507129 0.026184
0.455622 0.041641
0.954277 0.400769
0.460878 0.345370
0.449149 0.310527
0.489559 0.299598
0.535020 0.252054
0.481571 0.341612
0.461246 0.292696
0.514355 0.242814
0.575241 0.214596
0.615092 0.000801
0.566265 0.000725
0.519682 0.030512
0.525909 0.000180
0.503529 0.048741
0.519918 0.049339
0.532526 0.061186
0.519510 0.130031
0.558567 0.149761
0.512984 0.171382
0.522800 0.211087
0.470950 0.244095
0.512463 0.222727
0.487029 0.240049
0.593288 0.274804
0.631362 0.000402
0.542140 0.000592
0.560464 0.030625
0.533653 0.026134
0.485007 0.024823
0.529785 0.082787
0.565019 0.124236
0.580567 0.131878
0.598101 0.139449
0.531592 0.170092
0.441937 0.248411
0.557994 0.202419
0.544959 0.246444
0.516332 0.259686
0.639561 0.000556
0.558225 0.001086
0.587973 0.026582
0.585524 0.043922
0.569426 0.047727
0.553466 0.112005
0.578903 0.109099
0.611900 0.128187
0.593979 0.174617
0.540555 0.185905
0.593127 0.209142
0.561918 0.267416
0.498938 0.215735
0.550165 0.227160
0.512683 0.265401
0.655861 0.000720
0.618225 0.031273
0.604451 0.026572
0.573603 0.027360
0.551752 0.049631
0.546090 0.069919
0.539369 0.097143
0.565639 0.100102
0.606315 0.155439
0.577087 0.180137
0.620891 0.233011
0.560584 0.189684
0.542117 0.206149
0.467939 0.223496
0.664069 0.000415
0.574308 0.000100
0.631245 0.026493
0.562446 0.063986
0.596744 0.060465
0.579413 0.064712
0.550895 0.086218
0.582934 0.086968
0.593038 0.121166
0.608131 0.182195
0.600458 0.196360
0.580003 0.197229
0.664227 0.305023
0.567305 0.293688
0.630374 0.301564
0.680450 0.001020
0.582418 0.000576
0.606945 0.000399
0.601737 0.042780
0.566826 0.080964
0.609927 0.090515
0.594698 0.100065
0.621181 0.162126
0.639155 0.159371
0.621683 0.197217
0.565555 0.164595
0.591387 0.257130
0.589384 0.240303
0.495817 0.258230
0.688671 0.000289
0.623201 0.001086
0.646166 0.030647
0.645323 0.071416
0.611961 0.068003
0.595556 0.077948
0.610386 0.109138
0.621454 0.142072
0.656620 0.146944
0.670762 0.156970
0.589197 0.226780
0.664313 0.184297
0.607839 0.222331
0.636110 0.235960
0.703496 0.319937
0.705094 0.000856
0.650198 0.053983
0.655463 0.088086
0.635438 0.043870
0.631238 0.062337
0.624130 0.080697
0.626476 0.100837
0.638393 0.141231
0.656173 0.203701
0.655210 0.168678
0.667634 0.222977
0.583311 0.293869
0.495574 0.195725
0.592208 0.298788
0.713324 0.000644
0.647722 0.000096
0.660815 0.026811
0.663557 0.065906
0.639424 0.088598
0.644141 0.107954
0.627396 0.121644
0.661072 0.128714
0.676630 0.137698
0.674320 0.201138
0.624077 0.179621
0.634427 0.268310
0.613483 0.249848
0.625604 0.213701
0.612890 0.284262
0.721593 0.000631
0.676541 0.029754
0.663108 0.042620
0.681307 0.069955
0.670824 0.084724
0.644649 0.124535
0.675575 0.117631
0.690921 0.153812
0.679235 0.172004
0.640578 0.196916
0.743662 0.299793
0.643027 0.300354
0.559977 0.285355
0.572003 0.254807
0.738204 0.000954
0.672257 0.000461
0.691555 0.027825
0.678200 0.052223
0.696737 0.062425
0.693036 0.083716
0.661666 0.106423
0.694684 0.135290
0.688249 0.185337
0.684876 0.212709
0.711555 0.249541
0.705312 0.235513
0.646521 0.278937
0.623323 0.294006
0.756997 0.334630
0.746586 0.000378
0.708776 0.028170
0.693382 0.042800
0.713810 0.063916
0.709276 0.081799
0.680189 0.098821
0.693223 0.118114
0.709336 0.179967
0.700964 0.197842
0.683655 0.233969
0.657449 0.237991
0.609511 0.264849
0.723718 0.280646
0.714449 0.332975
0.754931 0.000559
0.696898 0.000643
0.724271 0.029515
0.711309 0.045127
0.726681 0.080154
0.698855 0.102048
0.712823 0.122441
0.710227 0.142904
0.699441 0.167949
0.715000 0.207179
0.683555 0.249691
0.715232 0.273401
0.661245 0.253165
0.789892 0.350778
0.743059 0.339264
0.763306 0.000112
0.739496 0.026440
0.729737 0.045972
0.731740 0.063413
0.715150 0.101184
0.728695 0.115077
0.727768 0.136223
0.724059 0.186762
0.702644 0.218930
0.744476 0.257298
0.686417 0.279028
0.697137 0.262396
0.815744 0.374737
0.733135 0.326698
0.771670 0.000675
0.729851 0.000394
0.760895 0.026200
0.747898 0.071637
0.732464 0.096861
0.743807 0.127770
0.738761 0.149589
0.717836 0.157899
0.727784 0.219957
0.668635 0.266746
0.751075 0.239250
0.734576 0.281472
0.753297 0.296584
0.765142 0.352441
0.760922 0.307572
0.788508 0.000363
0.767331 0.039495
0.747845 0.038249
0.748255 0.088738
0.748541 0.108857
0.758232 0.144705
0.732125 0.166689
0.744336 0.180105
0.730473 0.236881
0.768031 0.275995
0.783790 0.293254
0.696496 0.284420
0.782862 0.304146
0.705302 0.313673
0.796998 0.001147
0.780199 0.026633
0.750522 0.055642
0.766154 0.077164
0.769745 0.111982
0.760471 0.127430
0.775992 0.150635
0.752049 0.163552
0.735426 0.200142
0.752971 0.204130
0.727842 0.253239
0.762256 0.267099
0.788784 0.334415
0.834062 0.358099
0.772734 0.353299
0.805470 0.000064
0.796972 0.056331
0.781682 0.065794
0.764224 0.095333
0.790478 0.114270
0.778653 0.132323
0.795174 0.149696
0.759870 0.186288
0.791047 0.219489
0.795073 0.278708
0.802174 0.310372
0.778317 0.327042
0.809428 0.370114
0.727073 0.340333
0.822381 0.000854
0.780063 0.001014
0.785682 0.042800
0.768163 0.056766
0.787061 0.081207
0.783037 0.097699
0.796810 0.130489
0.770593 0.167753
0.770266 0.204062
0.748316 0.220498
0.769425 0.221647
0.811471 0.263220
0.826011 0.313246
0.829623 0.374319
0.850713 0.369808
0.830927 0.000965
0.796869 0.025114
0.804306 0.038190
0.804850 0.073654
0.808504 0.109960
0.802747 0.092889
0.791860 0.166690
0.800977 0.184880
0.780425 0.182878
0.804893 0.230605
0.788065 0.264143
0.790953 0.248240
0.808977 0.349246
0.813944 0.325021
0.839402 0.000811
0.813873 0.000938
0.817494 0.025783
0.815227 0.058716
0.821043 0.087629
0.829870 0.119301
0.813739 0.129298
0.813393 0.150852
0.813470 0.169004
0.764791 0.250316
0.778563 0.235769
0.809913 0.295416
0.840597 0.299624
0.922944 0.397568
0.868175 0.384532
0.856622 0.000077
0.834007 0.025161
0.821531 0.041636
0.827782 0.072055
0.828228 0.102275
0.849550 0.106349
0.830079 0.140822
0.832076 0.160670
0.791157 0.200365
0.810758 0.204641
0.814975 0.246245
0.834096 0.269026
0.828800 0.334213
0.840289 0.323908
0.865183 0.001019
0.848036 0.000340
0.853125 0.025939
0.841722 0.039036
0.836037 0.055714
0.847523 0.071964
0.846181 0.125881
0.848274 0.147906
0.840649 0.179031
0.820981 0.187098
0.822446 0.217138
0.835747 0.252061
0.841531 0.286593
0.817551 0.281209
0.854254 0.350354
0.882454 0.000346
0.872440 0.025893
0.861856 0.038785
0.855637 0.055593
0.843260 0.088890
0.865057 0.116963
0.863542 0.135570
0.854225 0.164700
0.855864 0.196821
0.835681 0.199707
0.829720 0.233396
0.855967 0.271015
0.865828 0.300772
0.863797 0.398746
0.891208 0.000778
0.873887 0.000124
0.892773 0.025826
0.876079 0.054051
0.867463 0.070419
0.863630 0.086640
0.871098 0.100717
0.883794 0.132463
0.872302 0.151565
0.863198 0.178988
0.846481 0.215728
0.851067 0.235745
0.906352 0.323253
0.909406 0.386474
0.871131 0.403021
0.899998 0.000975
0.913713 0.027076
0.883002 0.038879
0.889035 0.065671
0.884743 0.081911
0.892339 0.097817
0.886597 0.114877
0.882279 0.165159
0.882359 0.185641
0.865674 0.221638
0.874249 0.203210
0.860393 0.254053
0.886110 0.313238
0.859716 0.314767
0.908655 0.000200
0.917419 0.000418
0.923546 0.040784
0.902970 0.038258
0.902723 0.054652
0.906926 0.087886
0.906831 0.109496
0.895081 0.146647
0.899754 0.168209
0.889572 0.215125
0.891480 0.230757
0.872882 0.239408
0.869855 0.283012
0.934211 0.428141
0.886368 0.375161
0.926157 0.000828
0.932938 0.026732
0.922727 0.058748
0.907175 0.071091
0.925105 0.116657
0.903255 0.127976
0.912498 0.153074
0.896637 0.196407
0.913291 0.212901
0.892676 0.247204
0.890265 0.279795
0.912035 0.300208
0.890701 0.297579
0.877990 0.326956
0.934960 0.000515
0.945310 0.033811
0.941409 0.051559
0.925838 0.077479
0.922747 0.096919
0.919817 0.135380
0.910281 0.181349
0.919904 0.197946
0.917394 0.227581
0.902894 0.260323
0.922502 0.313351
0.909850 0.274914
0.879411 0.263804
0.898141 0.339654
0.872620 0.365404
0.943743 0.000439
0.959082 0.060732
0.942307 0.069024
0.941369 0.108430
0.938890 0.131096
0.926798 0.167530
0.939519 0.223403
0.930387 0.258740
0.925090 0.285962
0.941005 0.294492
0.952084 0.308356
0.929735 0.325109
0.918812 0.344994
0.887883 0.404586
0.952580 0.000291
0.960102 0.026024
0.963832 0.041282
0.941067 0.089801
0.957225 0.139892
0.933558 0.151192
0.933438 0.183931
0.917923 0.244057
0.954827 0.254764
0.940614 0.271082
0.955295 0.282473
0.941529 0.342922
0.967781 0.349035
0.907130 0.372627
0.954629 0.361576
0.961412 0.000835
0.975913 0.030460
0.958140 0.081427
0.956045 0.121257
0.955294 0.191020
0.959357 0.231069
0.958189 0.209590
0.970298 0.311544
0.999345 0.341854
0.956248 0.330420
0.973282 0.296023
0.950784 0.460866
0.904084 0.356382
0.957423 0.461868
0.970065 0.000010
0.988964 0.000855
0.976244 0.053229
0.974651 0.129927
0.951522 0.156926
0.951147 0.173600
0.972509 0.260008
0.972691 0.243219
0.970361 0.328834
0.974778 0.393211
0.999296 0.378346
0.997742 0.442409
0.906240 0.414451
0.931302 0.376668
0.899534 0.414070
0.978960 0.000955
0.973875 0.072001
0.959896 0.100936
0.973601 0.150049
0.973514 0.165893
0.937679 0.205600
0.999903 0.282594
0.999408 0.319119
0.999616 0.257452
0.966941 0.429903
0.999635 0.330567
0.963922 0.417203
0.967323 0.443375
0.859771 0.336653
0.999967 0.004712
0.999684 0.039066
0.975281 0.090942
0.974175 0.111584
0.999421 0.104214
0.998934 0.185126
0.999842 0.138328
0.999506 0.149852
0.999565 0.355112
0.999746 0.269843
0.998194 0.365754
0.984747 0.379503
0.990972 0.442760
0.999842 0.232947
0.937119 0.399849
0.999538 0.000104
0.999312 0.049536
0.999244 0.071065
0.999831 0.092982
0.999283 0.115528
0.974823 0.201163
0.973784 0.277738
0.999783 0.306762
0.999808 0.245369
0.999729 0.196825
0.999764 0.294199
0.994120 0.411331
0.878737 0.348676
0.991186 0.402538
0.999187 0.019252
0.999314 0.029298
0.999549 0.060403
0.999149 0.081915
0.972504 0.182447
0.999102 0.126862
0.999840 0.208870
0.939234 0.241209
0.999806 0.220861
0.999847 0.161656
0.998995 0.173279
0.951845 0.386917
0.995610 0.426785
0.939346 0.429848
0.942777 0.453002
