0.000676 0.028654
0.000630 0.058271
0.000358 0.089295
0.000365 0.121437
0.000695 0.132116
0.000204 0.297058
0.000800 0.177281
0.000169 0.188934
0.000746 0.309296
0.000362 0.382290
0.065298 0.427999
0.024251 0.390832
0.014730 0.417448
0.052012 0.421537
0.000539 0.019043
0.000486 0.038157
0.000700 0.068498
0.024700 0.073187
0.025057 0.221157
0.000599 0.200426
0.000062 0.165767
0.000800 0.272773
0.000624 0.236142
0.000357 0.248752
0.000778 0.346441
0.000028 0.358346
0.032419 0.436712
0.019519 0.447569
0.078776 0.370176
0.000657 0.005289
0.000183 0.048076
0.000911 0.078846
0.000320 0.099895
0.000832 0.110547
0.000069 0.212338
0.000701 0.154269
0.000225 0.284809
0.000175 0.223936
0.000171 0.321843
0.000507 0.333973
0.000799 0.426345
0.000742 0.404081
0.042800 0.446039
0.000394 0.000395
0.027177 0.025566
0.025387 0.056828
0.024319 0.109228
0.025207 0.184211
0.063809 0.249053
0.041785 0.216205
0.000539 0.260180
0.031132 0.293100
0.029448 0.277625
0.029956 0.324741
0.000594 0.395134
0.000871 0.370053
0.000127 0.445154
0.077714 0.402156
0.011180 0.000390
0.041030 0.047711
0.024870 0.039534
0.024544 0.091016
0.000278 0.143148
0.025386 0.238455
0.045873 0.235652
0.038548 0.253439
0.026033 0.308037
0.046400 0.316541
0.026572 0.341768
0.065976 0.356897
0.034226 0.356126
0.050651 0.444610
0.030128 0.000521
0.021265 0.000839
0.058801 0.079625
0.042142 0.068608
0.027071 0.201266
0.025775 0.125937
0.045860 0.195670
0.060684 0.208792
0.051312 0.280055
0.052145 0.299437
0.069544 0.289060
0.047505 0.340780
0.068907 0.384016
0.038044 0.397565
0.100114 0.371628
0.038921 0.000624
0.056455 0.025777
0.042975 0.086772
0.047052 0.121318
0.025191 0.165520
0.042177 0.176353
0.064263 0.228908
0.092449 0.239422
0.025858 0.262823
0.057852 0.265458
0.038686 0.368339
0.051477 0.374845
0.062577 0.329273
0.002758 0.448444
0.047734 0.000244
0.042264 0.028783
0.061869 0.041200
0.056785 0.058405
0.040732 0.104164
0.059109 0.138966
0.023659 0.147259
0.065109 0.188621
0.081501 0.224920
0.081116 0.253547
0.072699 0.310036
0.088202 0.284518
0.084447 0.325670
0.127388 0.308893
0.095243 0.388946
0.056565 0.000327
0.073279 0.025731
0.076570 0.053313
0.059689 0.102458
0.064806 0.120560
0.038080 0.138283
0.043569 0.156881
0.062617 0.172780
0.115052 0.247619
0.084288 0.268790
0.108478 0.261985
0.106155 0.317793
0.048062 0.400470
0.111791 0.297479
0.065525 0.000051
0.074517 0.000380
0.084552 0.037776
0.073792 0.069556
0.073703 0.090033
0.081151 0.107277
0.082244 0.142928
0.062572 0.155214
0.079200 0.204822
0.108476 0.230936
0.137876 0.254264
0.090221 0.303140
0.118394 0.328274
0.097529 0.339006
0.098065 0.409564
0.083327 0.000910
0.092727 0.024850
0.105476 0.037447
0.093429 0.070453
0.091049 0.086804
0.081929 0.126487
0.083205 0.160089
0.084847 0.177173
0.092322 0.194682
0.124505 0.217688
0.109946 0.277495
0.134660 0.235779
0.130656 0.288840
0.114766 0.420576
0.092206 0.000592
0.109824 0.000778
0.113741 0.025266
0.096327 0.054356
0.109841 0.086631
0.099269 0.103725
0.100026 0.122876
0.101547 0.159603
0.105642 0.180361
0.102091 0.214446
0.139725 0.206470
0.131514 0.270869
0.185813 0.277689
0.099144 0.354892
0.113005 0.422689
0.101059 0.000500
0.126839 0.040889
0.114176 0.054434
0.116032 0.071061
0.125580 0.094542
0.116242 0.111324
0.103410 0.140612
0.119770 0.150136
0.120181 0.169588
0.113857 0.199669
0.147893 0.225792
0.161352 0.267491
0.150431 0.298794
0.075336 0.344487
0.118687 0.000686
0.144894 0.000451
0.131862 0.026332
0.133282 0.060114
0.134917 0.077590
0.144305 0.094120
0.121787 0.128909
0.137397 0.162110
0.128336 0.189381
0.144218 0.180894
0.155108 0.197259
0.155569 0.249155
0.178531 0.257119
0.161972 0.313101
0.122908 0.361732
0.127441 0.000468
0.145691 0.038912
0.151003 0.055582
0.154169 0.071208
0.161036 0.086534
0.135533 0.112798
0.136227 0.140693
0.153341 0.149518
0.168642 0.185379
0.163912 0.215925
0.167959 0.237320
0.152430 0.280828
0.212582 0.285022
0.177476 0.306020
0.136156 0.000076
0.179490 0.000385
0.152273 0.026543
0.171856 0.061065
0.155418 0.109953
0.147790 0.127323
0.166794 0.139249
0.157865 0.168651
0.177256 0.205830
0.183706 0.175602
0.184520 0.229088
0.192654 0.246463
0.186864 0.321749
0.141950 0.322183
0.123284 0.347400
0.153547 0.000604
0.167137 0.042539
0.177622 0.078538
0.173048 0.100399
0.169184 0.121108
0.185934 0.144632
0.174673 0.159326
0.202970 0.179502
0.191589 0.195532
0.206707 0.234995
0.214711 0.256957
0.173926 0.287494
0.142840 0.397958
0.111825 0.397280
0.162220 0.000767
0.170031 0.027235
0.185403 0.041393
0.189079 0.060771
0.189662 0.104033
0.186916 0.123072
0.197555 0.160518
0.220212 0.172862
0.212307 0.197645
0.196559 0.215896
0.225316 0.232277
0.200743 0.266931
0.202337 0.295312
0.147687 0.336169
0.147639 0.395735
0.170834 0.000425
0.205024 0.048940
0.193816 0.085497
0.217650 0.079984
0.208236 0.097930
0.202015 0.135641
0.228866 0.189828
0.245631 0.176512
0.215784 0.215112
0.232582 0.251327
0.227864 0.273578
0.242994 0.288229
0.231705 0.299069
0.154769 0.365796
0.188053 0.000610
0.188856 0.026613
0.221511 0.041000
0.203397 0.069589
0.226408 0.098899
0.206148 0.117034
0.212997 0.151591
0.254584 0.160482
0.235064 0.207860
0.276345 0.257063
0.261397 0.236337
0.205746 0.311126
0.278327 0.299771
0.188162 0.346612
0.168602 0.362120
0.196712 0.000366
0.203677 0.029797
0.239507 0.048289
0.237792 0.085675
0.226721 0.116273
0.221717 0.133980
0.231660 0.160864
0.265310 0.183051
0.242532 0.228490
0.252113 0.250505
0.246733 0.266282
0.263747 0.312213
0.148395 0.349866
0.122519 0.380196
0.205153 0.000999
0.255915 0.000721
0.221155 0.026847
0.221166 0.060689
0.245684 0.106436
0.242962 0.127237
0.238906 0.145531
0.257726 0.142011
0.284842 0.180126
0.251724 0.194999
0.283580 0.285923
0.272541 0.270830
0.258821 0.285352
0.222619 0.326276
0.174412 0.331233
0.213667 0.000317
0.238370 0.028601
0.259462 0.043154
0.254678 0.084353
0.264630 0.099056
0.260007 0.118965
0.277500 0.147396
0.273633 0.164979
0.284170 0.198252
0.268264 0.205650
0.309454 0.269217
0.311508 0.296352
0.297180 0.320171
0.141057 0.380585
0.222169 0.000950
0.289268 0.000674
0.252872 0.029649
0.237479 0.067872
0.270480 0.074818
0.279867 0.110729
0.274354 0.129892
0.296142 0.140835
0.295251 0.160118
0.340508 0.181492
0.310715 0.218086
0.254702 0.215586
0.328256 0.288182
0.335048 0.274128
0.232438 0.314507
0.230681 0.000629
0.269534 0.027598
0.273023 0.057686
0.254164 0.062683
0.296581 0.101961
0.293917 0.124143
0.310295 0.116883
0.312911 0.155925
0.303586 0.177102
0.331861 0.228526
0.286685 0.246878
0.314508 0.237737
0.178750 0.356764
0.288131 0.320244
0.239145 0.000303
0.314143 0.000348
0.281515 0.043781
0.290585 0.066787
0.280083 0.088851
0.314417 0.098168
0.336476 0.108151
0.315489 0.137415
0.323680 0.172628
0.350747 0.145397
0.302789 0.198562
0.293156 0.217767
0.277657 0.227348
0.213771 0.336091
0.308780 0.314853
0.247571 0.000336
0.286064 0.028235
0.303866 0.059789
0.297331 0.083618
0.313643 0.076838
0.329587 0.091894
0.350053 0.123427
0.332280 0.156373
0.366760 0.141571
0.348251 0.166100
0.299319 0.238782
0.354130 0.262184
0.203333 0.341581
0.298877 0.279974
0.264308 0.000287
0.338936 0.000080
0.299163 0.041223
0.321924 0.057719
0.331566 0.073579
0.347044 0.088240
0.355291 0.105034
0.326337 0.121723
0.335777 0.136898
0.365218 0.164274
0.363571 0.182912
0.345374 0.243710
0.368549 0.209929
0.406265 0.330868
0.350625 0.219253
0.272607 0.000528
0.304539 0.026431
0.317445 0.040524
0.368888 0.059945
0.354747 0.071309
0.366987 0.087075
0.396802 0.134824
0.366994 0.117859
0.379203 0.132957
0.379625 0.157787
0.318627 0.189934
0.358069 0.317137
0.466466 0.333031
0.260943 0.325350
0.280917 0.000507
0.363411 0.000410
0.343024 0.061228
0.337457 0.043715
0.376024 0.045098
0.388708 0.088518
0.376173 0.102610
0.422750 0.113255
0.425512 0.133316
0.394683 0.154313
0.381197 0.180446
0.383586 0.201014
0.355234 0.198347
0.337404 0.200075
0.369639 0.319533
0.297571 0.000468
0.322869 0.026377
0.354114 0.028211
0.391742 0.049045
0.377279 0.073272
0.401187 0.102167
0.389001 0.114736
0.411265 0.145285
0.423380 0.153627
0.396669 0.179152
0.407109 0.194247
0.442402 0.214987
0.251987 0.322237
0.367594 0.297114
0.305849 0.000412
0.338721 0.027587
0.382636 0.026760
0.393976 0.065710
0.416832 0.090657
0.459236 0.085035
0.440139 0.119293
0.407720 0.119795
0.447288 0.099011
0.422080 0.180968
0.468948 0.184360
0.440232 0.186488
0.421890 0.212931
0.386628 0.219772
0.325251 0.211239
0.322369 0.000566
0.355907 0.046184
0.396832 0.028616
0.407240 0.042920
0.423022 0.048459
0.425540 0.072985
0.462641 0.106463
0.472017 0.127736
0.448315 0.158318
0.408511 0.166082
0.434584 0.164267
0.413065 0.227858
0.339680 0.314128
0.316584 0.256741
0.330678 0.000331
0.404107 0.000593
0.368060 0.028729
0.412627 0.026380
0.403230 0.080326
0.440577 0.082260
0.429986 0.098842
0.454881 0.124311
0.442050 0.140496
0.455554 0.173361
0.478752 0.143779
0.371349 0.228506
0.400202 0.235184
0.348590 0.297211
0.384458 0.319972
0.347144 0.000968
0.438833 0.041622
0.411545 0.062523
0.451243 0.067017
0.486466 0.080217
0.495558 0.106280
0.468084 0.158014
0.459375 0.141440
0.463774 0.258636
0.400444 0.207983
0.429301 0.200224
0.465781 0.203594
0.381033 0.285713
0.327521 0.310892
0.355274 0.000613
0.412304 0.000232
0.477431 0.000501
0.460021 0.024592
0.426837 0.028012
0.502673 0.068833
0.475776 0.094561
0.499487 0.089148
0.492930 0.152087
0.480736 0.111690
0.408920 0.268451
0.480847 0.196270
0.358672 0.237861
0.393630 0.249995
0.483819 0.219154
0.371570 0.000724
0.461176 0.000565
0.443429 0.025992
0.436923 0.059098
0.536417 0.117736
0.552397 0.134174
0.509584 0.116425
0.503906 0.137564
0.479108 0.169956
0.377580 0.249070
0.335826 0.257152
0.452890 0.344301
0.412302 0.324995
0.416632 0.257387
0.379705 0.000238
0.452966 0.000841
0.485561 0.000156
0.494332 0.035762
0.535019 0.041927
0.586581 0.161177
0.540031 0.151934
0.533901 0.134994
0.644284 0.216957
0.398928 0.293755
0.433652 0.324541
0.974584 0.218419
0.563773 0.232846
0.391306 0.310222
0.373416 0.266380
0.420464 0.000857
0.469346 0.000786
0.615895 0.050736
0.471401 0.072646
0.463557 0.056600
0.549611 0.173234
0.523475 0.153877
0.491494 0.127160
0.526894 0.193628
0.450002 0.197090
0.432355 0.300724
0.396182 0.273397
0.418549 0.282782
0.358437 0.278229
0.395993 0.000358
0.436698 0.000326
0.509790 0.000353
0.472066 0.032333
0.640575 0.180518
0.517754 0.070043
0.656856 0.284085
0.506889 0.158530
0.429791 0.250751
0.495006 0.174404
0.968549 0.358936
0.670893 0.307447
0.681305 0.300858
0.417018 0.303137
0.433656 0.335988
0.534001 0.000879
0.501707 0.000345
0.428609 0.000671
0.072920 0.414239
0.487923 0.060525
0.523099 0.107216
0.433335 0.231048
0.636234 0.252532
0.533093 0.231914
0.471246 0.323796
0.935914 0.356237
0.549721 0.259630
0.486186 0.351536
0.459725 0.273995
0.598815 0.000093
0.550202 0.000552
0.387869 0.000262
0.493671 0.000778
0.546920 0.027459
0.479010 0.047399
0.514490 0.091652
0.576422 0.148958
0.509400 0.194722
0.484110 0.304496
0.456388 0.231433
0.442906 0.287401
0.481181 0.271692
0.441553 0.270696
0.483918 0.286930
0.590706 0.001076
0.517800 0.000650
0.444876 0.000717
0.505923 0.025797
0.455542 0.041057
0.953021 0.396405
0.468092 0.348972
0.452026 0.313140
0.493609 0.301969
0.531575 0.258313
0.486561 0.345752
0.462427 0.295946
0.512194 0.246047
0.572980 0.215803
0.615131 0.000889
0.566287 0.000233
0.518678 0.030247
0.525889 0.000322
0.502781 0.048812
0.518808 0.049051
0.531805 0.060344
0.518552 0.130051
0.557683 0.150208
0.512643 0.172288
0.521218 0.212515
0.472688 0.245910
0.510673 0.224374
0.488020 0.241862
0.588143 0.274699
0.631424 0.000262
0.542118 0.000303
0.559467 0.030526
0.532678 0.025548
0.484932 0.024158
0.528948 0.081859
0.564326 0.123877
0.579736 0.132335
0.597040 0.140554
0.530483 0.171095
0.444037 0.250971
0.558052 0.203764
0.539862 0.248153
0.516380 0.264983
0.639626 0.001222
0.558240 0.000372
0.587144 0.026566
0.584093 0.043412
0.568052 0.046696
0.552271 0.111506
0.577907 0.109389
0.610711 0.128447
0.592485 0.175407
0.539027 0.188116
0.591448 0.210009
0.556741 0.269261
0.498778 0.217878
0.547207 0.229224
0.512746 0.270481
0.655914 0.000015
0.617108 0.031408
0.603493 0.026346
0.572381 0.026941
0.550345 0.049735
0.545211 0.069781
0.538164 0.097361
0.564506 0.099591
0.604935 0.156069
0.575957 0.180550
0.617073 0.232961
0.559817 0.190930
0.540510 0.207650
0.467268 0.225205
0.664109 0.001023
0.574344 0.000702
0.630030 0.026111
0.561334 0.063569
0.595107 0.060430
0.578422 0.064647
0.549965 0.085803
0.581431 0.086828
0.591773 0.121475
0.606569 0.182691
0.599107 0.196417
0.578169 0.198772
0.659870 0.302364
0.562107 0.292546
0.625417 0.299466
0.680508 0.000493
0.582476 0.000254
0.606982 0.000903
0.600165 0.042691
0.565681 0.080786
0.608295 0.090524
0.593076 0.100570
0.619843 0.162788
0.636967 0.159791
0.619418 0.197596
0.564922 0.164387
0.588155 0.257322
0.586684 0.240888
0.494992 0.261984
0.688705 0.000552
0.623286 0.000803
0.645241 0.030467
0.643871 0.071217
0.610454 0.067975
0.593969 0.077995
0.608675 0.109215
0.619645 0.142984
0.654656 0.147305
0.668745 0.157000
0.586059 0.228697
0.662457 0.184150
0.605243 0.223188
0.633687 0.235412
0.699570 0.316471
0.705152 0.000698
0.648770 0.053862
0.653702 0.088356
0.633750 0.043467
0.629840 0.062082
0.622318 0.080431
0.624620 0.101227
0.636972 0.141328
0.653201 0.203847
0.653516 0.168526
0.664644 0.222174
0.578088 0.293144
0.494544 0.196908
0.586384 0.296619
0.713347 0.000787
0.647743 0.000651
0.659881 0.026204
0.662122 0.065800
0.637559 0.088817
0.642326 0.108363
0.625468 0.121929
0.659192 0.129036
0.674644 0.137730
0.671954 0.200355
0.622692 0.180221
0.629731 0.266427
0.609830 0.248970
0.622893 0.213588
0.607791 0.283074
0.721625 0.000826
0.675411 0.029834
0.661453 0.042034
0.679851 0.069678
0.669418 0.084706
0.642756 0.124995
0.673679 0.117842
0.688977 0.153290
0.676460 0.171977
0.637969 0.197765
0.739469 0.296948
0.637468 0.297809
0.553755 0.284550
0.569008 0.254781
0.738239 0.000732
0.672325 0.000461
0.690607 0.027328
0.676534 0.051925
0.695105 0.062350
0.691479 0.083831
0.659926 0.106652
0.693085 0.135260
0.685668 0.185390
0.682211 0.211933
0.707944 0.248676
0.701696 0.233780
0.642277 0.276701
0.618388 0.292351
0.753718 0.329608
0.746591 0.000441
0.707716 0.028132
0.691951 0.042473
0.712292 0.063667
0.707706 0.081765
0.678301 0.099396
0.691568 0.118180
0.707037 0.179485
0.697903 0.197140
0.680441 0.232871
0.654169 0.236353
0.605497 0.264329
0.720238 0.278424
0.711242 0.328663
0.754941 0.000566
0.696942 0.000187
0.723005 0.029515
0.709735 0.045088
0.725496 0.079908
0.697209 0.102288
0.711298 0.122346
0.708129 0.142943
0.697315 0.167547
0.712275 0.206663
0.679858 0.248077
0.711190 0.270939
0.657698 0.251133
0.787293 0.345307
0.739683 0.334709
0.763290 0.000285
0.738470 0.026520
0.728449 0.045602
0.730089 0.063387
0.713362 0.101463
0.726935 0.115366
0.725653 0.136058
0.721909 0.185908
0.699847 0.217556
0.741216 0.255823
0.681641 0.276959
0.693433 0.259400
0.812649 0.368907
0.729008 0.322057
0.771641 0.000213
0.729874 0.000532
0.759800 0.026417
0.746084 0.072081
0.730566 0.096779
0.742060 0.127641
0.736751 0.149397
0.715721 0.157737
0.724649 0.219212
0.665224 0.265017
0.748266 0.237059
0.731858 0.278893
0.750810 0.293163
0.761234 0.347552
0.758410 0.304175
0.788505 0.000285
0.766308 0.039861
0.746809 0.038100
0.746995 0.089149
0.746816 0.108847
0.756409 0.144307
0.729619 0.166511
0.741679 0.180042
0.726971 0.234638
0.765485 0.273803
0.780593 0.289893
0.693704 0.283177
0.779705 0.301577
0.701291 0.309339
0.796981 0.000576
0.778875 0.026915
0.748771 0.055843
0.764701 0.077120
0.768201 0.111909
0.758819 0.127002
0.774216 0.150075
0.749945 0.163211
0.733348 0.199167
0.749846 0.202954
0.725148 0.252517
0.758196 0.264461
0.785936 0.329498
0.831991 0.352238
0.769485 0.348836
0.805479 0.000811
0.795745 0.056381
0.780279 0.065330
0.762627 0.095281
0.788905 0.113732
0.777111 0.131831
0.793732 0.148749
0.757999 0.185264
0.788948 0.217594
0.792338 0.275973
0.799136 0.306951
0.774927 0.322789
0.806312 0.364290
0.722475 0.336259
0.822432 0.000468
0.780031 0.000036
0.784365 0.042880
0.766356 0.056903
0.785252 0.080914
0.781473 0.097269
0.795280 0.129876
0.768756 0.166960
0.768459 0.202538
0.745572 0.219145
0.766624 0.220284
0.809004 0.260711
0.823105 0.309514
0.827685 0.368616
0.848644 0.363978
0.831019 0.000556
0.795939 0.025275
0.803141 0.038391
0.803383 0.073735
0.807245 0.109255
0.801084 0.092448
0.789893 0.165847
0.798959 0.183310
0.778637 0.181779
0.802932 0.228530
0.785000 0.261700
0.788665 0.245549
0.805793 0.344228
0.810980 0.321229
0.839559 0.000723
0.813916 0.000633
0.816441 0.026046
0.813693 0.058430
0.819415 0.087259
0.828518 0.118664
0.812438 0.128450
0.811975 0.149636
0.811945 0.167510
0.762427 0.248222
0.776034 0.233750
0.807237 0.292396
0.838434 0.296377
0.921988 0.392654
0.866474 0.378225
0.856712 0.000361
0.833195 0.025217
0.820827 0.041598
0.826253 0.071673
0.827036 0.101718
0.848548 0.105422
0.828727 0.140142
0.830576 0.159721
0.789395 0.198626
0.808344 0.202847
0.812610 0.243865
0.831720 0.266230
0.825933 0.329725
0.837890 0.320172
0.865364 0.000361
0.848158 0.001028
0.852547 0.025750
0.840936 0.038625
0.834675 0.055488
0.846406 0.071273
0.845162 0.124992
0.847128 0.146573
0.839266 0.177240
0.819333 0.185155
0.820365 0.214822
0.833704 0.249763
0.839344 0.283255
0.815139 0.278320
0.852085 0.345721
0.882620 0.000086
0.872165 0.025905
0.861428 0.038783
0.854747 0.055292
0.841727 0.088163
0.864135 0.116178
0.862577 0.134203
0.852958 0.163006
0.853823 0.194844
0.834018 0.197843
0.827891 0.231192
0.854152 0.268388
0.863877 0.297232
0.863125 0.392398
0.891365 0.000435
0.874027 0.000561
0.892304 0.025765
0.875257 0.053697
0.866734 0.070159
0.862277 0.086279
0.870229 0.100009
0.882900 0.131495
0.871423 0.149906
0.861872 0.176996
0.844880 0.213567
0.849501 0.233183
0.905155 0.318716
0.907420 0.381326
0.870188 0.397412
0.900161 0.000949
0.913540 0.027078
0.882694 0.038795
0.888444 0.065228
0.883588 0.081311
0.891775 0.097241
0.885795 0.113862
0.881286 0.163217
0.881383 0.183565
0.864114 0.219395
0.872874 0.200459
0.858669 0.251268
0.884648 0.309384
0.857544 0.311485
0.908773 0.000627
0.917523 0.000525
0.923249 0.040548
0.902788 0.038020
0.902537 0.054361
0.906273 0.087589
0.906543 0.108731
0.894682 0.144949
0.898978 0.165842
0.888568 0.212548
0.890548 0.228237
0.871290 0.236808
0.868265 0.279433
0.932484 0.422366
0.885497 0.370280
0.926269 0.000146
0.932473 0.026596
0.922366 0.058485
0.906658 0.070769
0.924609 0.115228
0.902592 0.126534
0.912041 0.151179
0.896045 0.193843
0.912095 0.210385
0.891353 0.244467
0.888938 0.276349
0.910596 0.296001
0.889172 0.293574
0.875942 0.322895
0.935060 0.000540
0.945288 0.033380
0.941216 0.051074
0.925127 0.076887
0.922234 0.095911
0.919245 0.133594
0.909706 0.178760
0.919299 0.195193
0.916799 0.224722
0.901846 0.257369
0.921730 0.308869
0.908582 0.271415
0.877588 0.260869
0.896499 0.334949
0.870424 0.359877
0.943817 0.000585
0.958536 0.060336
0.941670 0.068772
0.940893 0.107190
0.938381 0.129441
0.926256 0.165185
0.938713 0.220333
0.929610 0.255288
0.924032 0.281750
0.940159 0.290507
0.950922 0.303641
0.928415 0.320941
0.917609 0.339529
0.886674 0.399601
0.952653 0.000304
0.960264 0.025983
0.963433 0.041330
0.940883 0.089034
0.957092 0.137900
0.933131 0.148796
0.933530 0.181180
0.916797 0.240776
0.954125 0.251533
0.940156 0.267290
0.954783 0.278647
0.939295 0.338114
0.967041 0.344371
0.905371 0.367531
0.955177 0.357527
0.961491 0.000991
0.975809 0.030315
0.958038 0.080668
0.955550 0.119674
0.955161 0.188693
0.958803 0.228448
0.957820 0.206980
0.970066 0.307371
0.999355 0.341012
0.955715 0.325406
0.973031 0.291671
0.951682 0.455158
0.902581 0.351529
0.957185 0.456193
0.970120 0.000655
0.989116 0.000787
0.976091 0.053295
0.974305 0.128587
0.951277 0.154689
0.950510 0.171322
0.971993 0.256621
0.972422 0.239838
0.970385 0.324558
0.973750 0.387535
0.999484 0.378019
0.998383 0.437268
0.905337 0.408921
0.930496 0.372032
0.898305 0.407578
0.979062 0.000264
0.973651 0.071428
0.959632 0.100057
0.973431 0.148185
0.973459 0.163747
0.937321 0.202862
0.999166 0.282140
0.999381 0.318297
0.999921 0.256599
0.967201 0.424632
0.999261 0.329278
0.963484 0.411973
0.967228 0.439017
0.857655 0.332099
0.999924 0.005131
0.999796 0.039187
0.974982 0.090141
0.973914 0.110555
0.999678 0.104090
0.999401 0.184690
0.999808 0.138127
0.999750 0.149576
0.999784 0.353914
0.999271 0.269184
0.999881 0.365178
0.983461 0.375923
0.991547 0.439071
0.999087 0.232572
0.936499 0.394942
0.999448 0.000349
0.999008 0.049640
0.999137 0.071118
0.999805 0.092948
0.998926 0.115343
0.974949 0.198708
0.973560 0.273701
0.999861 0.306025
0.999562 0.244829
0.999210 0.196625
0.999998 0.293293
0.995282 0.407400
0.876565 0.343795
0.992576 0.397767
0.999230 0.019392
0.999957 0.029442
0.999806 0.060446
0.999583 0.081961
0.972765 0.180017
0.999148 0.126596
0.999152 0.208572
0.938533 0.237800
0.999596 0.220506
0.999505 0.161347
0.999208 0.172987
0.950446 0.380082
0.996298 0.421742
0.939142 0.424296
0.942379 0.447898
