0.000210 0.028580
0.000336 0.058229
0.000391 0.089226
0.000073 0.121376
0.000386 0.132068
0.000145 0.296585
0.000638 0.177211
0.000921 0.188803
0.000597 0.308668
0.000235 0.381026
0.066125 0.423634
0.025797 0.386468
0.015893 0.413377
0.052651 0.418248
0.000216 0.018968
0.000607 0.038100
0.000805 0.068454
0.024337 0.072144
0.025088 0.218690
0.000061 0.200203
0.000653 0.165735
0.000565 0.272439
0.000487 0.235953
0.000664 0.248417
0.000612 0.345890
0.000981 0.358010
0.033054 0.432376
0.021325 0.443910
0.079279 0.366199
0.000794 0.005341
0.000515 0.048034
0.000617 0.078806
0.000064 0.099827
0.000497 0.110520
0.000392 0.212223
0.000588 0.154252
0.000120 0.284471
0.000439 0.223789
0.000731 0.321326
0.000166 0.333151
0.001111 0.424314
0.000777 0.404082
0.042252 0.442221
0.000853 0.000014
0.026298 0.025000
0.025048 0.055954
0.024095 0.107462
0.025326 0.181983
0.064228 0.245942
0.042113 0.213796
0.000290 0.259840
0.031134 0.290155
0.029539 0.274502
0.029895 0.321504
0.000387 0.394571
0.000865 0.368726
0.000470 0.444377
0.078358 0.398316
0.010983 0.000369
0.040678 0.046309
0.024477 0.039053
0.024272 0.089810
0.000120 0.143048
0.025398 0.236123
0.045949 0.232734
0.039066 0.250706
0.026254 0.304748
0.046963 0.313009
0.026941 0.338195
0.066660 0.352969
0.034366 0.352389
0.051011 0.439829
0.030017 0.000137
0.021126 0.000900
0.058577 0.078519
0.041872 0.067512
0.027077 0.199117
0.025540 0.124414
0.046024 0.193309
0.061000 0.206366
0.051746 0.276544
0.052662 0.295958
0.070045 0.285649
0.048016 0.336810
0.069796 0.379691
0.038349 0.393323
0.100716 0.367695
0.038823 0.000110
0.055788 0.025499
0.042617 0.085302
0.046802 0.119568
0.025270 0.163553
0.042287 0.174163
0.064951 0.226440
0.093277 0.236916
0.025948 0.259695
0.058332 0.262284
0.038582 0.364926
0.052253 0.370551
0.063006 0.325516
0.001920 0.446449
0.047663 0.000453
0.041696 0.028105
0.061247 0.040815
0.056087 0.057937
0.040511 0.102820
0.059059 0.137029
0.023663 0.145232
0.065228 0.186482
0.081730 0.222331
0.081601 0.250738
0.073054 0.306272
0.089183 0.281422
0.085132 0.321987
0.128487 0.305651
0.095819 0.384824
0.056551 0.000535
0.072786 0.025607
0.076143 0.052498
0.059282 0.100959
0.064758 0.119022
0.038196 0.136283
0.043565 0.154747
0.062679 0.170534
0.115951 0.245137
0.084876 0.265865
0.109139 0.259267
0.107139 0.314383
0.048821 0.396139
0.112732 0.294275
0.065512 0.000600
0.074474 0.000766
0.084012 0.037430
0.073777 0.068707
0.073522 0.089007
0.080955 0.105985
0.082286 0.141445
0.062775 0.153271
0.079474 0.202395
0.109165 0.228762
0.138768 0.251821
0.090868 0.299701
0.119560 0.324797
0.098400 0.335344
0.098424 0.405395
0.083283 0.000602
0.092397 0.024640
0.105077 0.037119
0.093444 0.069671
0.090626 0.085793
0.081884 0.124893
0.083343 0.158425
0.085102 0.175416
0.092841 0.192813
0.125210 0.215547
0.110839 0.274505
0.135324 0.233650
0.131647 0.285958
0.115480 0.415942
0.092158 0.000623
0.109818 0.000599
0.113505 0.025194
0.095978 0.053897
0.109557 0.086226
0.099224 0.102780
0.099819 0.121772
0.101644 0.158145
0.105810 0.178534
0.102580 0.212393
0.140236 0.204641
0.132404 0.268059
0.187251 0.275330
0.099756 0.351256
0.113688 0.418234
0.101028 0.000433
0.126684 0.040530
0.114105 0.054063
0.115979 0.070668
0.125769 0.093783
0.116295 0.110421
0.103432 0.139300
0.119935 0.148782
0.120672 0.168171
0.114415 0.197774
0.148671 0.223875
0.162740 0.265058
0.151695 0.295756
0.075751 0.340915
0.118678 0.000358
0.144858 0.000144
0.131738 0.026183
0.133077 0.059740
0.134915 0.076955
0.144461 0.093381
0.121885 0.127696
0.137887 0.160769
0.128769 0.187710
0.144451 0.179412
0.155845 0.195773
0.156457 0.246985
0.179641 0.254969
0.163709 0.310023
0.123974 0.357800
0.127423 0.000113
0.145483 0.038720
0.151097 0.055048
0.154236 0.070777
0.161405 0.086043
0.135744 0.111964
0.136239 0.139684
0.153614 0.148312
0.169472 0.184091
0.164641 0.214222
0.168963 0.235346
0.153645 0.278198
0.214398 0.282789
0.179169 0.303167
0.136143 0.000212
0.179449 0.000863
0.152377 0.026437
0.171909 0.060671
0.155733 0.109072
0.148074 0.126471
0.167295 0.138175
0.158354 0.167387
0.177796 0.204240
0.184371 0.174343
0.185457 0.227303
0.193864 0.244639
0.188630 0.318838
0.142893 0.318593
0.124314 0.343569
0.153509 0.000361
0.167215 0.042225
0.177981 0.078065
0.173600 0.099816
0.169609 0.120122
0.186374 0.143596
0.175187 0.158165
0.203673 0.178211
0.192397 0.193993
0.207647 0.233138
0.216038 0.254899
0.175362 0.284782
0.143816 0.393587
0.112813 0.393015
0.162167 0.000839
0.170035 0.026905
0.185614 0.041218
0.189212 0.060324
0.190465 0.103280
0.187414 0.122352
0.198213 0.159225
0.221000 0.171734
0.213352 0.196224
0.197467 0.214161
0.226378 0.230738
0.201942 0.264697
0.203728 0.292784
0.149187 0.332715
0.148532 0.391368
0.170799 0.000859
0.205466 0.048440
0.194257 0.084804
0.218459 0.079411
0.208925 0.097030
0.202866 0.134732
0.229845 0.188584
0.246417 0.175173
0.217010 0.213802
0.234125 0.249485
0.229464 0.271512
0.245338 0.285931
0.233499 0.296763
0.156068 0.361756
0.188016 0.000095
0.189024 0.026631
0.222102 0.041016
0.203763 0.069019
0.226962 0.098236
0.206825 0.116212
0.213826 0.150716
0.255403 0.159408
0.236123 0.206591
0.277991 0.255760
0.263023 0.234891
0.207698 0.308390
0.280885 0.298242
0.190287 0.343033
0.170169 0.358411
0.196668 0.000877
0.203928 0.029450
0.240164 0.047822
0.238597 0.085151
0.227428 0.115675
0.222394 0.133171
0.232666 0.159989
0.266250 0.182082
0.243934 0.227335
0.254015 0.248984
0.248602 0.264662
0.266206 0.310122
0.149581 0.346339
0.123437 0.376381
0.205106 0.000326
0.255836 0.000082
0.221307 0.026735
0.221621 0.060306
0.246367 0.105852
0.243619 0.126307
0.239623 0.144477
0.258591 0.141228
0.285606 0.179441
0.252676 0.193854
0.286256 0.284287
0.274334 0.269408
0.260843 0.283437
0.225052 0.323340
0.176044 0.327936
0.213633 0.000961
0.238723 0.028493
0.260249 0.042910
0.255359 0.083782
0.265364 0.098554
0.260599 0.118134
0.278176 0.146745
0.274226 0.164266
0.284958 0.197515
0.269234 0.204679
0.311420 0.268217
0.314245 0.295470
0.300120 0.318267
0.142257 0.376424
0.222115 0.000434
0.289189 0.000381
0.253326 0.029440
0.238134 0.067405
0.271439 0.074281
0.280529 0.110243
0.275025 0.129179
0.296699 0.140276
0.295783 0.159650
0.341220 0.181498
0.312000 0.217886
0.256108 0.214407
0.330658 0.287439
0.337089 0.273492
0.234502 0.312061
0.230631 0.000383
0.269945 0.027277
0.273533 0.057437
0.254903 0.062507
0.297149 0.101432
0.294367 0.123711
0.310730 0.116572
0.313248 0.155374
0.304241 0.176695
0.333021 0.227993
0.288438 0.245803
0.316286 0.237315
0.180498 0.353170
0.291128 0.318145
0.239094 0.000652
0.314082 0.000319
0.281707 0.043076
0.291350 0.066311
0.280740 0.088278
0.314744 0.097598
0.337080 0.107538
0.315879 0.137076
0.324324 0.172358
0.350895 0.145160
0.303592 0.197838
0.294180 0.216614
0.278721 0.226232
0.215700 0.333063
0.311824 0.313485
0.247510 0.000740
0.286617 0.028103
0.304326 0.059081
0.297862 0.083211
0.314171 0.076485
0.329979 0.091477
0.350400 0.123089
0.332689 0.156056
0.367207 0.141595
0.348804 0.165942
0.300959 0.238032
0.356680 0.262146
0.205396 0.338176
0.301139 0.278601
0.264249 0.000452
0.338907 0.000256
0.299616 0.041166
0.322733 0.057632
0.332105 0.073318
0.347479 0.087782
0.355754 0.104857
0.326895 0.121259
0.335816 0.136391
0.365762 0.164017
0.363916 0.182521
0.346560 0.243446
0.369617 0.209935
0.409889 0.331791
0.351713 0.218883
0.272544 0.000550
0.304974 0.026012
0.317761 0.040453
0.369300 0.059808
0.355375 0.070684
0.367187 0.086616
0.397088 0.134481
0.367413 0.117805
0.379630 0.132668
0.380252 0.157454
0.319574 0.189452
0.361333 0.316472
0.469682 0.335342
0.263418 0.323091
0.280840 0.000300
0.363369 0.001021
0.343303 0.060668
0.337863 0.043451
0.376078 0.044388
0.389080 0.088273
0.376397 0.102347
0.422933 0.112905
0.425770 0.132756
0.395034 0.154342
0.381725 0.179996
0.384298 0.200436
0.355907 0.198074
0.338071 0.199969
0.372679 0.319772
0.297495 0.000940
0.323122 0.026075
0.354250 0.027867
0.391692 0.048579
0.377809 0.072808
0.401795 0.102456
0.388872 0.114260
0.411693 0.145291
0.423711 0.153743
0.397502 0.178864
0.407118 0.194195
0.442531 0.215322
0.254482 0.319869
0.370079 0.296903
0.305762 0.000887
0.338608 0.027654
0.382787 0.026448
0.394511 0.065556
0.416894 0.090548
0.459144 0.084901
0.440133 0.119025
0.407888 0.119979
0.447449 0.098932
0.421791 0.180404
0.468501 0.184825
0.440290 0.186559
0.422492 0.213262
0.388070 0.219622
0.326229 0.211096
0.322331 0.000452
0.356333 0.045728
0.396590 0.028156
0.407161 0.042452
0.423048 0.048454
0.425991 0.072523
0.462411 0.106034
0.471934 0.127663
0.448174 0.158418
0.409109 0.165865
0.434708 0.164442
0.414143 0.228308
0.342756 0.313105
0.318299 0.255592
0.330649 0.000922
0.404090 0.001023
0.367978 0.028076
0.412650 0.026425
0.403408 0.080172
0.440845 0.082416
0.429970 0.098606
0.454922 0.123899
0.441712 0.140157
0.454981 0.173755
0.478211 0.143448
0.372817 0.228751
0.401028 0.235304
0.350953 0.296976
0.387424 0.320265
0.347072 0.000762
0.438900 0.041662
0.411293 0.062392
0.451117 0.066328
0.486273 0.079885
0.495410 0.105322
0.467521 0.158117
0.458925 0.141623
0.464570 0.260205
0.401387 0.208580
0.429763 0.201158
0.465266 0.204803
0.383091 0.286131
0.330346 0.309505
0.355208 0.000942
0.412280 0.000889
0.477403 0.000009
0.459480 0.024320
0.426516 0.028003
0.502242 0.068693
0.475526 0.094224
0.499307 0.089123
0.492417 0.151915
0.480311 0.111347
0.410819 0.269904
0.480069 0.197421
0.360134 0.238211
0.394733 0.250450
0.483734 0.220600
0.371516 0.000299
0.461139 0.000335
0.442907 0.025800
0.436502 0.058904
0.536038 0.117720
0.552355 0.134044
0.508776 0.115970
0.503372 0.137432
0.478335 0.170439
0.378412 0.248808
0.337228 0.256850
0.456026 0.346235
0.415849 0.326052
0.418249 0.258184
0.379689 0.000332
0.452910 0.000495
0.485550 0.000690
0.493872 0.035838
0.534405 0.041296
0.585440 0.161294
0.540195 0.152304
0.533170 0.134850
0.642346 0.217175
0.401654 0.293952
0.436383 0.326034
0.974503 0.216256
0.562950 0.233507
0.394178 0.310780
0.374631 0.266551
0.420413 0.000466
0.469320 0.000749
0.615023 0.050718
0.471072 0.072456
0.463536 0.056171
0.549361 0.173127
0.523415 0.153557
0.490854 0.126595
0.527247 0.195609
0.450258 0.198302
0.434885 0.302457
0.397788 0.274125
0.421221 0.283479
0.360760 0.278130
0.395982 0.000545
0.436632 0.001048
0.509796 0.000324
0.471780 0.032233
0.639767 0.180500
0.517428 0.069766
0.654175 0.282291
0.505838 0.158530
0.431176 0.251613
0.494511 0.175191
0.967431 0.355733
0.668610 0.306034
0.678351 0.298646
0.419552 0.304640
0.436954 0.337324
0.533988 0.000198
0.501711 0.000287
0.428524 0.000598
0.073336 0.409879
0.487229 0.060270
0.522577 0.106642
0.433575 0.231642
0.633861 0.251974
0.531422 0.231740
0.474765 0.324495
0.934744 0.352772
0.546701 0.261822
0.489673 0.351993
0.460841 0.276160
0.598842 0.000622
0.550218 0.000991
0.387861 0.000855
0.493666 0.000365
0.546301 0.027147
0.478646 0.047243
0.514203 0.091187
0.575761 0.148850
0.508872 0.194732
0.486459 0.306377
0.455673 0.233147
0.444754 0.289023
0.481524 0.273748
0.441714 0.272226
0.486074 0.290867
0.590740 0.000895
0.517804 0.000384
0.444801 0.000811
0.505063 0.025524
0.455471 0.040865
0.952297 0.393450
0.472824 0.351643
0.453934 0.314629
0.495903 0.303368
0.528854 0.262804
0.490088 0.348556
0.463357 0.298114
0.510390 0.247831
0.571041 0.216875
0.615178 0.000084
0.566305 0.000811
0.517937 0.030113
0.525876 0.000291
0.502277 0.048929
0.517943 0.048837
0.531329 0.059791
0.517974 0.130087
0.557078 0.150429
0.512474 0.173263
0.520248 0.213635
0.474050 0.246996
0.509564 0.225904
0.488894 0.243070
0.584580 0.274856
0.631458 0.000730
0.542119 0.000839
0.558856 0.030445
0.531923 0.025125
0.484913 0.023806
0.528413 0.081258
0.563984 0.123509
0.579090 0.132528
0.596312 0.141185
0.529863 0.171629
0.445580 0.252426
0.557833 0.205178
0.536628 0.248671
0.516293 0.268528
0.639663 0.000783
0.558260 0.000746
0.586738 0.026501
0.583142 0.043111
0.567189 0.046000
0.551518 0.111023
0.577236 0.109519
0.609811 0.128437
0.591438 0.175773
0.538153 0.189411
0.590551 0.210703
0.553685 0.271195
0.498695 0.219532
0.545463 0.230219
0.512340 0.274581
0.655934 0.001025
0.616484 0.031471
0.602940 0.026102
0.571648 0.026568
0.549406 0.049730
0.544576 0.069611
0.537413 0.097456
0.563758 0.099192
0.604011 0.156368
0.575056 0.180574
0.614708 0.233011
0.559256 0.191304
0.539385 0.209041
0.466927 0.226271
0.664166 0.000454
0.574387 0.000855
0.629399 0.025821
0.560664 0.063259
0.594045 0.060352
0.577841 0.064567
0.549340 0.085619
0.580386 0.086750
0.591030 0.121471
0.605544 0.182743
0.598277 0.196535
0.576910 0.199553
0.656967 0.300572
0.558621 0.291717
0.622221 0.298338
0.680549 0.000766
0.582514 0.000831
0.607024 0.000284
0.599298 0.042593
0.565042 0.080640
0.607232 0.090416
0.592006 0.100856
0.619029 0.163012
0.635630 0.159948
0.617939 0.198084
0.564455 0.164346
0.585884 0.257608
0.584791 0.241603
0.494414 0.264282
0.688738 0.000837
0.623324 0.000477
0.644734 0.030271
0.643044 0.071011
0.609546 0.067896
0.593031 0.077942
0.607550 0.109247
0.618492 0.143562
0.653374 0.147449
0.667482 0.156805
0.583878 0.229912
0.661154 0.184026
0.603713 0.223703
0.632102 0.235028
0.696940 0.314260
0.705184 0.000339
0.647933 0.053699
0.652663 0.088437
0.632729 0.043134
0.628960 0.061878
0.621207 0.080126
0.623442 0.101454
0.636110 0.141377
0.651437 0.203839
0.652409 0.168277
0.662676 0.221637
0.574549 0.292809
0.494071 0.197633
0.582389 0.295068
0.713395 0.000157
0.647767 0.000080
0.659357 0.025805
0.661232 0.065659
0.636380 0.088892
0.641195 0.108419
0.624259 0.121883
0.658024 0.129098
0.673415 0.137698
0.670317 0.199726
0.621980 0.180354
0.626539 0.265151
0.607585 0.248430
0.621175 0.213700
0.604225 0.282295
0.721666 0.000158
0.674765 0.029852
0.660483 0.041634
0.678913 0.069419
0.668550 0.084565
0.641606 0.125162
0.672491 0.117854
0.687700 0.152757
0.674619 0.171778
0.636325 0.198331
0.736519 0.295099
0.633985 0.296205
0.549785 0.284420
0.567176 0.254713
0.738265 0.000518
0.672358 0.000841
0.690034 0.026920
0.675454 0.051634
0.694082 0.062200
0.690439 0.083810
0.658824 0.106659
0.692038 0.135127
0.683936 0.185372
0.680442 0.211495
0.705482 0.247971
0.699283 0.232593
0.639522 0.275156
0.614917 0.291339
0.751371 0.326177
0.746596 0.000740
0.706960 0.028007
0.691007 0.042233
0.711240 0.063402
0.706683 0.081657
0.677110 0.099651
0.690519 0.118119
0.705672 0.179055
0.695937 0.196583
0.678294 0.232099
0.651952 0.235250
0.602986 0.264060
0.717916 0.277359
0.709203 0.325709
0.754950 0.000769
0.696962 0.000348
0.722141 0.029390
0.708689 0.045010
0.724695 0.079712
0.696112 0.102297
0.710228 0.122182
0.706778 0.142845
0.695977 0.167029
0.710711 0.206179
0.677301 0.247106
0.708219 0.269329
0.655356 0.249930
0.785627 0.341783
0.737326 0.331562
0.763285 0.000883
0.737782 0.026487
0.727603 0.045295
0.728981 0.063242
0.712194 0.101502
0.725853 0.115447
0.724247 0.135845
0.720528 0.185267
0.697985 0.216709
0.739138 0.254816
0.678328 0.275537
0.690767 0.257484
0.810654 0.364858
0.726230 0.318837
0.771642 0.000428
0.729897 0.000525
0.759013 0.026418
0.744926 0.072317
0.729333 0.096657
0.740898 0.127475
0.735511 0.149111
0.714287 0.157521
0.722664 0.218605
0.662979 0.263943
0.746459 0.235468
0.730334 0.277291
0.748989 0.290759
0.758534 0.344196
0.756547 0.301991
0.788503 0.000272
0.765621 0.039995
0.746112 0.037952
0.746104 0.089346
0.745711 0.108774
0.755243 0.144030
0.727958 0.166290
0.739975 0.179901
0.724724 0.233048
0.763825 0.272385
0.778398 0.287296
0.691804 0.282396
0.777487 0.300006
0.698754 0.306245
0.796969 0.000620
0.777945 0.027032
0.747576 0.055910
0.763773 0.077005
0.767270 0.111834
0.757821 0.126611
0.773084 0.149619
0.748736 0.162814
0.731899 0.198490
0.747945 0.202095
0.723444 0.251946
0.755375 0.262604
0.784230 0.326253
0.830502 0.348390
0.767251 0.345881
0.805481 0.000275
0.794993 0.056481
0.779424 0.065005
0.761664 0.095188
0.787938 0.113260
0.776144 0.131396
0.792884 0.148031
0.756998 0.184457
0.787685 0.216206
0.790676 0.273900
0.797141 0.304597
0.772385 0.319801
0.804305 0.360241
0.719415 0.333293
0.822462 0.000510
0.780031 0.000651
0.783497 0.042866
0.765142 0.057058
0.784136 0.080715
0.780544 0.096973
0.794386 0.129400
0.767563 0.166335
0.767539 0.201435
0.743790 0.218289
0.764907 0.219283
0.807432 0.258814
0.821208 0.306681
0.826330 0.364544
0.847086 0.359998
0.831063 0.000218
0.795291 0.025467
0.802381 0.038558
0.802524 0.073816
0.806554 0.108722
0.800114 0.092180
0.788741 0.165223
0.797840 0.182232
0.777511 0.181079
0.801720 0.226944
0.783014 0.259799
0.787301 0.243543
0.803718 0.340929
0.808873 0.318779
0.839648 0.000287
0.813944 0.000249
0.815675 0.026278
0.812760 0.058330
0.818382 0.086995
0.827674 0.118181
0.811727 0.127794
0.811172 0.148771
0.811114 0.166527
0.761004 0.246607
0.774511 0.232267
0.805590 0.290158
0.837094 0.294019
0.921255 0.389274
0.865189 0.373901
0.856789 0.000128
0.832722 0.025415
0.820448 0.041650
0.825313 0.071473
0.826321 0.101343
0.847817 0.104741
0.827933 0.139594
0.829656 0.159118
0.788294 0.197516
0.806904 0.201609
0.811120 0.242052
0.830203 0.264135
0.823982 0.326934
0.836483 0.317550
0.865467 0.000850
0.848240 0.000631
0.852243 0.025673
0.840484 0.038472
0.833811 0.055454
0.845629 0.070886
0.844464 0.124367
0.846390 0.145625
0.838359 0.176070
0.818438 0.183820
0.819106 0.213149
0.832446 0.247971
0.837959 0.280776
0.813668 0.276168
0.850499 0.342646
0.882701 0.000136
0.872079 0.025924
0.861214 0.038811
0.854130 0.055142
0.840710 0.087714
0.863488 0.115649
0.861914 0.133302
0.852168 0.161868
0.852492 0.193448
0.832977 0.196503
0.826778 0.229503
0.852939 0.266412
0.862605 0.294630
0.862560 0.388071
0.891450 0.000888
0.874132 0.000716
0.892054 0.025686
0.874746 0.053499
0.866260 0.069975
0.861259 0.086060
0.869642 0.099504
0.882183 0.130853
0.870791 0.148829
0.861048 0.175684
0.843836 0.211971
0.848428 0.231282
0.904337 0.315584
0.906071 0.377732
0.869466 0.393628
0.900224 0.000801
0.913510 0.026925
0.882580 0.038716
0.888008 0.064890
0.882760 0.080920
0.891244 0.096787
0.885145 0.113190
0.880541 0.161961
0.880662 0.182103
0.863035 0.217662
0.871907 0.198527
0.857461 0.249197
0.883732 0.306613
0.856140 0.309042
0.908870 0.000860
0.917600 0.000293
0.923170 0.040349
0.902671 0.037804
0.902406 0.054059
0.905807 0.087317
0.906363 0.108223
0.894313 0.143857
0.898368 0.164276
0.887807 0.210617
0.889910 0.226310
0.870156 0.234861
0.867181 0.276907
0.931482 0.418407
0.884947 0.366841
0.926329 0.001197
0.932222 0.026439
0.922228 0.058223
0.906328 0.070506
0.924311 0.114276
0.902117 0.125597
0.911737 0.149923
0.895545 0.192045
0.911178 0.208560
0.890458 0.242440
0.888068 0.273932
0.909613 0.292983
0.888192 0.290753
0.874674 0.320041
0.935111 0.000069
0.945333 0.033020
0.941104 0.050645
0.924766 0.076400
0.922002 0.095204
0.918890 0.132414
0.909272 0.176987
0.918862 0.193220
0.916355 0.222732
0.901225 0.255206
0.921277 0.305684
0.907827 0.268988
0.876300 0.258714
0.895457 0.331685
0.868974 0.356043
0.943887 0.000103
0.958290 0.060009
0.941275 0.068522
0.940618 0.106325
0.938077 0.128342
0.925874 0.163593
0.938161 0.218149
0.929002 0.252838
0.923302 0.278803
0.939590 0.287771
0.950137 0.300389
0.927652 0.318125
0.916856 0.335768
0.885810 0.396126
0.952693 0.000852
0.960403 0.025915
0.963255 0.041320
0.940805 0.088443
0.957098 0.136550
0.932882 0.147155
0.933571 0.179297
0.916013 0.238498
0.953700 0.249249
0.939828 0.264631
0.954505 0.275982
0.937734 0.334705
0.966583 0.340880
0.904232 0.363848
0.955219 0.354632
0.961541 0.000836
0.975795 0.030237
0.958099 0.080102
0.955379 0.118563
0.955048 0.187037
0.958451 0.226604
0.957567 0.205181
0.969834 0.304470
0.999479 0.340236
0.955222 0.321873
0.972788 0.288644
0.951905 0.451365
0.901627 0.348048
0.957347 0.452378
0.970197 0.000789
0.989234 0.000526
0.976039 0.053267
0.974174 0.127631
0.951146 0.153137
0.950098 0.169717
0.971667 0.254275
0.972273 0.237500
0.970365 0.321550
0.972955 0.383845
0.999927 0.377826
0.998672 0.433620
0.904823 0.405154
0.929892 0.368628
0.897460 0.403270
0.979131 0.000422
0.973641 0.071033
0.959615 0.099398
0.973376 0.146800
0.973385 0.162241
0.937060 0.200888
0.999298 0.281665
0.999519 0.317481
0.999993 0.256194
0.967384 0.420910
0.999232 0.328877
0.963190 0.408341
0.967262 0.435890
0.856277 0.328871
0.999630 0.005364
0.999719 0.039247
0.974924 0.089574
0.973894 0.109801
0.999328 0.104003
0.999933 0.184317
0.999591 0.137988
0.999241 0.149370
0.999652 0.353085
0.999301 0.268840
0.999233 0.364966
0.982469 0.373432
0.992077 0.436378
0.999233 0.232285
0.936043 0.391628
0.999624 0.000923
0.999148 0.049685
0.999189 0.071154
0.999652 0.092927
0.998951 0.115238
0.975002 0.196979
0.973375 0.270879
0.999788 0.305484
0.999671 0.244495
0.999476 0.196421
0.999517 0.293032
0.996141 0.404781
0.875257 0.340370
0.993568 0.394524
0.999493 0.019538
0.999620 0.029498
0.999637 0.060474
0.999702 0.081983
0.972920 0.178318
0.999202 0.126498
0.999375 0.208357
0.938048 0.235439
0.999906 0.220260
0.999584 0.161033
0.999761 0.172664
0.949509 0.375379
0.996804 0.418348
0.938834 0.420442
0.942021 0.444125
