0.000097 0.028549
0.000948 0.058209
0.000108 0.089200
0.000168 0.121358
0.000025 0.132037
0.000164 0.296426
0.000390 0.177157
0.000830 0.188744
0.000463 0.308294
0.000159 0.380334
0.066528 0.421385
0.026575 0.384273
0.016433 0.411325
0.052993 0.416531
0.000119 0.018921
0.000306 0.038071
0.000787 0.068439
0.024190 0.071633
0.025116 0.217434
0.000069 0.200154
0.000497 0.165703
0.000382 0.272226
0.000323 0.235826
0.000669 0.248322
0.000493 0.345534
0.000961 0.357825
0.033309 0.430109
0.022208 0.442009
0.079527 0.364166
0.000482 0.005363
0.000263 0.048011
0.000179 0.078775
0.000703 0.099813
0.000093 0.110502
0.000262 0.212140
0.000339 0.154239
0.000139 0.284355
0.000381 0.223717
0.000754 0.321158
0.000321 0.332764
0.001328 0.423209
0.000805 0.404133
0.042004 0.440345
0.000747 0.001192
0.025874 0.024704
0.024906 0.055524
0.024006 0.106598
0.025407 0.180869
0.064436 0.244341
0.042289 0.212571
0.000079 0.259638
0.031137 0.288641
0.029588 0.272914
0.029866 0.319871
0.000258 0.394252
0.000849 0.368019
0.000437 0.443918
0.078674 0.396338
0.010886 0.000233
0.040532 0.045610
0.024283 0.038803
0.024164 0.089192
0.000926 0.143028
0.025424 0.234946
0.046005 0.231255
0.039342 0.249305
0.026357 0.303073
0.047268 0.311211
0.027130 0.336390
0.066978 0.350963
0.034433 0.350493
0.051264 0.437385
0.029986 0.000658
0.021079 0.000855
0.058496 0.077963
0.041726 0.066936
0.027089 0.198037
0.025436 0.123658
0.046110 0.192108
0.061179 0.205144
0.051974 0.274746
0.052947 0.294175
0.070312 0.283901
0.048278 0.334790
0.070223 0.377486
0.038457 0.391164
0.101048 0.365678
0.038793 0.000003
0.055484 0.025373
0.042441 0.084570
0.046678 0.118696
0.025340 0.162561
0.042357 0.173056
0.065298 0.225171
0.093678 0.235628
0.025992 0.258096
0.058587 0.260654
0.038514 0.363196
0.052643 0.368372
0.063231 0.323583
0.001555 0.445497
0.047619 0.000106
0.041392 0.027774
0.060948 0.040626
0.055772 0.057700
0.040418 0.102149
0.059060 0.136045
0.023692 0.144216
0.065317 0.185405
0.081855 0.220997
0.081848 0.249284
0.073242 0.304347
0.089679 0.279842
0.085472 0.320079
0.129057 0.303986
0.096120 0.382712
0.056549 0.000102
0.072553 0.025562
0.075936 0.052103
0.059110 0.100195
0.064754 0.118241
0.038273 0.135287
0.043566 0.153677
0.062721 0.169396
0.116419 0.243862
0.085173 0.264367
0.109463 0.257869
0.107623 0.312619
0.049200 0.393930
0.113197 0.292622
0.065503 0.000123
0.074455 0.000710
0.083762 0.037268
0.073784 0.068289
0.073431 0.088490
0.080859 0.105335
0.082304 0.140683
0.062895 0.152282
0.079617 0.201171
0.109518 0.227630
0.139199 0.250576
0.091194 0.297936
0.120164 0.323026
0.098851 0.333452
0.098616 0.403280
0.083254 0.000068
0.092274 0.024549
0.104893 0.036957
0.093479 0.069273
0.090431 0.085282
0.081865 0.124086
0.083403 0.157580
0.085224 0.174539
0.093106 0.191860
0.125557 0.214446
0.111290 0.272986
0.135635 0.232554
0.132154 0.284475
0.115871 0.413578
0.092146 0.000544
0.109816 0.000542
0.113426 0.025170
0.095816 0.053670
0.109438 0.086010
0.099226 0.102298
0.099741 0.121208
0.101702 0.157407
0.105896 0.177609
0.102806 0.211324
0.140471 0.203709
0.132851 0.266617
0.187977 0.274118
0.100088 0.349384
0.114019 0.415977
0.101018 0.000365
0.126617 0.040352
0.114092 0.053882
0.115961 0.070471
0.125874 0.093396
0.116336 0.109951
0.103448 0.138615
0.120015 0.148081
0.120918 0.167457
0.114687 0.196804
0.149051 0.222880
0.163421 0.263807
0.152318 0.294207
0.075963 0.339061
0.118673 0.000305
0.144844 0.000555
0.131709 0.026091
0.132995 0.059542
0.134928 0.076636
0.144554 0.093002
0.121934 0.127064
0.138131 0.160081
0.128974 0.186850
0.144562 0.178647
0.156204 0.195005
0.156881 0.245867
0.180184 0.253871
0.164544 0.308441
0.124511 0.355781
0.127417 0.000531
0.145389 0.038622
0.151167 0.054774
0.154282 0.070564
0.161604 0.085795
0.135850 0.111529
0.136249 0.139145
0.153761 0.147688
0.169888 0.183414
0.164993 0.213351
0.169453 0.234320
0.154226 0.276857
0.215300 0.281634
0.180018 0.301682
0.136134 0.000484
0.179435 0.000759
0.152445 0.026370
0.171933 0.060469
0.155897 0.108593
0.148229 0.126016
0.167565 0.137601
0.158608 0.166725
0.178073 0.203409
0.184708 0.173682
0.185907 0.226367
0.194478 0.243707
0.189545 0.317325
0.143373 0.316743
0.124835 0.341607
0.153485 0.000355
0.167250 0.042073
0.178169 0.077821
0.173880 0.099495
0.169838 0.119607
0.186596 0.143032
0.175441 0.157548
0.204035 0.177529
0.192803 0.193191
0.208141 0.232190
0.216709 0.253829
0.176062 0.283400
0.144313 0.391368
0.113332 0.390834
0.162150 0.000804
0.170050 0.026750
0.185733 0.041145
0.189282 0.060093
0.190862 0.102887
0.187664 0.121966
0.198548 0.158544
0.221388 0.171142
0.213874 0.195474
0.197923 0.213247
0.226906 0.229944
0.202551 0.263552
0.204412 0.291500
0.149935 0.330915
0.148983 0.389148
0.170784 0.000805
0.205671 0.048179
0.194478 0.084441
0.218863 0.079110
0.209265 0.096562
0.203295 0.134247
0.230349 0.187924
0.246788 0.174481
0.217639 0.213113
0.234874 0.248528
0.230252 0.270435
0.246520 0.284749
0.234378 0.295568
0.156736 0.359702
0.188006 0.000467
0.189099 0.026648
0.222413 0.041032
0.203955 0.068725
0.227237 0.097891
0.207175 0.115776
0.214252 0.150246
0.255808 0.158853
0.236635 0.205918
0.278796 0.255079
0.263849 0.234134
0.208677 0.306990
0.282166 0.297456
0.191367 0.341228
0.170965 0.356519
0.196644 0.000865
0.204078 0.029289
0.240485 0.047580
0.238983 0.084873
0.227772 0.115356
0.222732 0.132740
0.233164 0.159521
0.266698 0.181544
0.244608 0.226730
0.254965 0.248189
0.249540 0.263838
0.267457 0.309029
0.150169 0.344529
0.123897 0.374418
0.205087 0.000977
0.255814 0.000266
0.221378 0.026679
0.221856 0.060109
0.246698 0.105525
0.243935 0.125808
0.239960 0.143913
0.259014 0.140804
0.285983 0.179054
0.253102 0.193238
0.287591 0.283432
0.275218 0.268687
0.261861 0.282450
0.226252 0.321865
0.176832 0.326255
0.213617 0.000891
0.238877 0.028457
0.260609 0.042803
0.255679 0.083481
0.265698 0.098303
0.260876 0.117689
0.278492 0.146407
0.274506 0.163868
0.285349 0.197131
0.269746 0.204180
0.312351 0.267717
0.315570 0.294999
0.301579 0.317329
0.142860 0.374292
0.222086 0.000896
0.289137 0.000386
0.253524 0.029305
0.238444 0.067146
0.271889 0.073992
0.280833 0.109967
0.275338 0.128793
0.296966 0.139995
0.296019 0.159386
0.341574 0.181477
0.312597 0.217729
0.256796 0.213802
0.331819 0.287080
0.338074 0.273192
0.235531 0.310829
0.230599 0.001013
0.270128 0.027123
0.273774 0.057317
0.255241 0.062402
0.297402 0.101163
0.294572 0.123452
0.310920 0.116382
0.313405 0.155066
0.304546 0.176454
0.333627 0.227697
0.289273 0.245258
0.317206 0.237097
0.181369 0.351347
0.292608 0.317078
0.239061 0.000403
0.314049 0.000633
0.281782 0.042733
0.291669 0.066058
0.281049 0.087994
0.314884 0.097305
0.337369 0.107220
0.316057 0.136899
0.324616 0.172173
0.350963 0.145003
0.303959 0.197435
0.294615 0.215993
0.279230 0.225633
0.216671 0.331512
0.313351 0.312802
0.247486 0.000650
0.286863 0.028001
0.304551 0.058719
0.298118 0.082989
0.314404 0.076294
0.330158 0.091254
0.350555 0.122945
0.332875 0.155835
0.367392 0.141570
0.349059 0.165810
0.301718 0.237645
0.357959 0.262088
0.206456 0.336434
0.302253 0.277890
0.264207 0.000132
0.338885 0.000918
0.299806 0.041157
0.323104 0.057587
0.332352 0.073189
0.347703 0.087541
0.355963 0.104711
0.327167 0.121002
0.335833 0.136132
0.366019 0.163861
0.364104 0.182330
0.347083 0.243224
0.370104 0.209858
0.411689 0.332253
0.352206 0.218640
0.272518 0.000535
0.305142 0.025826
0.317897 0.040437
0.369485 0.059728
0.355689 0.070402
0.367260 0.086387
0.397193 0.134248
0.367619 0.117803
0.379844 0.132490
0.380539 0.157264
0.320027 0.189188
0.362902 0.316185
0.471206 0.336444
0.264666 0.321961
0.280809 0.000310
0.363348 0.000990
0.343417 0.060367
0.338036 0.043323
0.376092 0.044016
0.389229 0.088158
0.376501 0.102173
0.422970 0.112738
0.425842 0.132393
0.395154 0.154328
0.381962 0.179757
0.384621 0.200036
0.356248 0.197903
0.338428 0.199887
0.374163 0.319940
0.297459 0.000846
0.323218 0.025954
0.354269 0.027715
0.391645 0.048351
0.378076 0.072585
0.402091 0.102571
0.388806 0.114034
0.411825 0.145175
0.423862 0.153776
0.397890 0.178713
0.407125 0.194070
0.442667 0.215583
0.255706 0.318704
0.371311 0.296805
0.305731 0.000758
0.338555 0.027696
0.382844 0.026341
0.394733 0.065463
0.416884 0.090440
0.459092 0.084787
0.440073 0.118838
0.407943 0.120062
0.447504 0.098896
0.421597 0.180116
0.468297 0.185039
0.440248 0.186501
0.422728 0.213484
0.388801 0.219574
0.326746 0.210975
0.322314 0.000400
0.356532 0.045495
0.396471 0.027951
0.407102 0.042216
0.423022 0.048445
0.426177 0.072311
0.462268 0.105803
0.471900 0.127540
0.448101 0.158435
0.409367 0.165819
0.434693 0.164614
0.414674 0.228583
0.344275 0.312617
0.319107 0.255004
0.330625 0.000664
0.404086 0.000951
0.367931 0.027783
0.412631 0.026458
0.403518 0.080085
0.440930 0.082426
0.429952 0.098450
0.454904 0.123603
0.441466 0.139923
0.454687 0.173981
0.477994 0.143277
0.373578 0.228849
0.401430 0.235381
0.352090 0.296865
0.388878 0.320510
0.347018 0.000311
0.438927 0.041679
0.411174 0.062345
0.451034 0.065990
0.486152 0.079680
0.495344 0.104818
0.467283 0.158181
0.458688 0.141677
0.464993 0.260953
0.401852 0.208860
0.429934 0.201521
0.465013 0.205497
0.384114 0.286310
0.331753 0.308847
0.355182 0.000962
0.412263 0.000538
0.477394 0.000588
0.459210 0.024228
0.426357 0.028009
0.502000 0.068608
0.475403 0.094002
0.499197 0.089073
0.492140 0.151846
0.480079 0.111140
0.411770 0.270581
0.479706 0.197990
0.360877 0.238332
0.395289 0.250627
0.483646 0.221368
0.371498 0.000135
0.461125 0.000355
0.442613 0.025723
0.436305 0.058853
0.535868 0.117699
0.552299 0.133943
0.508360 0.115714
0.503146 0.137372
0.478022 0.170671
0.378879 0.248653
0.337856 0.256659
0.457561 0.347128
0.417614 0.326632
0.419047 0.258441
0.379676 0.000506
0.452880 0.000286
0.485535 0.000483
0.493638 0.035879
0.534106 0.040990
0.584882 0.161309
0.540247 0.152513
0.532822 0.134799
0.641343 0.217320
0.403018 0.294067
0.437793 0.326807
0.974463 0.215163
0.562431 0.233872
0.395640 0.311051
0.375306 0.266590
0.420385 0.000651
0.469307 0.000692
0.614623 0.050697
0.470895 0.072313
0.463512 0.055976
0.549204 0.173030
0.523381 0.153365
0.490562 0.126283
0.527279 0.196556
0.450417 0.198924
0.436214 0.303329
0.398478 0.274444
0.422613 0.283867
0.361907 0.278102
0.395976 0.000370
0.436590 0.000769
0.509800 0.000830
0.471642 0.032197
0.639409 0.180452
0.517227 0.069599
0.652859 0.281427
0.505367 0.158516
0.431870 0.251946
0.494276 0.175620
0.966936 0.354085
0.667401 0.305302
0.676862 0.297533
0.420810 0.305391
0.438635 0.337965
0.533990 0.000069
0.501714 0.000126
0.428495 0.000554
0.073538 0.407701
0.486866 0.060175
0.522316 0.106324
0.433717 0.231964
0.632677 0.251728
0.530525 0.231629
0.476553 0.324696
0.934121 0.350958
0.545277 0.262825
0.491463 0.352288
0.461442 0.277283
0.598872 0.000210
0.550226 0.000912
0.387851 0.000569
0.493661 0.000487
0.546001 0.026994
0.478438 0.047170
0.514069 0.090948
0.575411 0.148727
0.508613 0.194689
0.487697 0.307291
0.455290 0.234007
0.445738 0.289857
0.481722 0.274778
0.441823 0.272975
0.487182 0.292835
0.590763 0.000423
0.517807 0.000272
0.444773 0.000743
0.504635 0.025386
0.455429 0.040814
0.951962 0.391962
0.475106 0.353004
0.454918 0.315333
0.496991 0.304031
0.527452 0.265053
0.491950 0.349858
0.463867 0.299198
0.509414 0.248634
0.569963 0.217456
0.615189 0.000824
0.566315 0.000631
0.517551 0.030059
0.525869 0.000703
0.502028 0.049007
0.517492 0.048717
0.531096 0.059510
0.517704 0.130122
0.556740 0.150504
0.512402 0.173805
0.519771 0.214213
0.474758 0.247510
0.509048 0.226812
0.489372 0.243680
0.582768 0.274993
0.631474 0.000628
0.542121 0.000702
0.558556 0.030417
0.531506 0.024913
0.484891 0.023663
0.528171 0.080972
0.563824 0.123287
0.578741 0.132583
0.595949 0.141452
0.529570 0.171849
0.446406 0.253082
0.557629 0.205983
0.535034 0.248743
0.516179 0.270293
0.639684 0.000239
0.558275 0.000434
0.586584 0.026465
0.582674 0.042988
0.566773 0.045676
0.551150 0.110760
0.576888 0.109562
0.609335 0.128384
0.590897 0.175924
0.537775 0.189936
0.590152 0.211050
0.552307 0.272273
0.498623 0.220372
0.544657 0.230670
0.511990 0.276853
0.655951 0.000739
0.616207 0.031496
0.602705 0.025962
0.571318 0.026366
0.548944 0.049708
0.544252 0.069502
0.537057 0.097488
0.563383 0.098986
0.603548 0.156488
0.574552 0.180544
0.613596 0.233061
0.558937 0.191351
0.538842 0.209834
0.466781 0.226795
0.664198 0.000971
0.574405 0.000796
0.629130 0.025675
0.560359 0.063089
0.593531 0.060290
0.577562 0.064505
0.549019 0.085554
0.579866 0.086713
0.590694 0.121418
0.605031 0.182688
0.597846 0.196622
0.576289 0.199858
0.655516 0.299669
0.556872 0.291371
0.620672 0.297854
0.680570 0.000494
0.582535 0.000669
0.607041 0.000169
0.598924 0.042538
0.564753 0.080545
0.606721 0.090324
0.591484 0.100967
0.618636 0.163066
0.634996 0.159986
0.617199 0.198367
0.564185 0.164381
0.584690 0.257811
0.583805 0.242064
0.494110 0.265364
0.688755 0.000799
0.623344 0.000358
0.644497 0.030168
0.642672 0.070901
0.609124 0.067839
0.592607 0.077892
0.607002 0.109250
0.617936 0.143819
0.652740 0.147477
0.666889 0.156636
0.582757 0.230443
0.660472 0.183957
0.602978 0.223910
0.631306 0.234835
0.695617 0.313182
0.705205 0.000819
0.647544 0.053602
0.652179 0.088439
0.632256 0.042958
0.628548 0.061773
0.620697 0.079944
0.622882 0.101539
0.635689 0.141383
0.650624 0.203781
0.651852 0.168113
0.661717 0.221353
0.572764 0.292723
0.493892 0.197961
0.580416 0.294329
0.713413 0.000255
0.647775 0.000356
0.659121 0.025627
0.660802 0.065578
0.635815 0.088899
0.640653 0.108371
0.623683 0.121792
0.657463 0.129072
0.672830 0.137656
0.669478 0.199381
0.621679 0.180350
0.624931 0.264537
0.606531 0.248189
0.620331 0.213803
0.602417 0.281935
0.721679 0.000755
0.674479 0.029865
0.660030 0.041451
0.678453 0.069277
0.668129 0.084455
0.641058 0.125190
0.671918 0.117814
0.687065 0.152452
0.673731 0.171619
0.635526 0.198582
0.735000 0.294187
0.632312 0.295428
0.547780 0.284533
0.566238 0.254653
0.738283 0.000069
0.672373 0.000740
0.689772 0.026708
0.674925 0.051473
0.693590 0.062104
0.689917 0.083769
0.658284 0.106605
0.691512 0.135017
0.683086 0.185322
0.679564 0.211293
0.704266 0.247588
0.698100 0.232013
0.638167 0.274396
0.613154 0.290880
0.750144 0.324459
0.746597 0.000548
0.706580 0.027918
0.690540 0.042118
0.710702 0.063250
0.706179 0.081577
0.676531 0.099723
0.690004 0.118048
0.705026 0.178809
0.694995 0.196265
0.677235 0.231697
0.650841 0.234708
0.601797 0.263963
0.716741 0.276930
0.708203 0.324220
0.754954 0.000666
0.696979 0.000699
0.721707 0.029287
0.708172 0.044960
0.724280 0.079607
0.695560 0.102239
0.709678 0.122063
0.706124 0.142758
0.695322 0.166708
0.710002 0.205880
0.676004 0.246668
0.706669 0.268543
0.654191 0.249397
0.784789 0.340080
0.736122 0.329962
0.763289 0.000617
0.737424 0.026446
0.727185 0.045126
0.728422 0.063129
0.711619 0.101462
0.725346 0.115442
0.723561 0.135713
0.719842 0.184927
0.697066 0.216302
0.738120 0.254292
0.676658 0.274825
0.689401 0.256577
0.809679 0.362791
0.724841 0.317189
0.771649 0.000006
0.729909 0.000514
0.758605 0.026385
0.744363 0.072410
0.728723 0.096570
0.740324 0.127376
0.734931 0.148924
0.713570 0.157381
0.721707 0.218273
0.661865 0.263451
0.745572 0.234652
0.729629 0.276516
0.748020 0.289517
0.757180 0.342492
0.755551 0.300920
0.788507 0.000114
0.765272 0.040038
0.745758 0.037875
0.745638 0.089419
0.745169 0.108716
0.754670 0.143888
0.727150 0.166137
0.739162 0.179787
0.723626 0.232269
0.763008 0.271665
0.777292 0.285890
0.690846 0.282006
0.776356 0.299229
0.697523 0.304641
0.796975 0.000363
0.777488 0.027064
0.746969 0.055923
0.763316 0.076919
0.766833 0.111787
0.757348 0.126392
0.772535 0.149362
0.748185 0.162564
0.731155 0.198144
0.747075 0.201641
0.722606 0.251623
0.753946 0.261650
0.783425 0.324654
0.829718 0.346494
0.766092 0.344392
0.805485 0.000225
0.794632 0.056543
0.779015 0.064835
0.761211 0.095122
0.787482 0.112997
0.775681 0.131152
0.792488 0.147645
0.756565 0.184018
0.787085 0.215479
0.789891 0.272789
0.796156 0.303382
0.771018 0.318284
0.803319 0.358188
0.717895 0.331743
0.822473 0.000383
0.780041 0.000431
0.783074 0.042835
0.764525 0.057153
0.783600 0.080610
0.780109 0.096824
0.793974 0.129141
0.766967 0.165988
0.767144 0.200862
0.742923 0.217875
0.764087 0.218747
0.806662 0.257801
0.820282 0.305159
0.825625 0.362441
0.846251 0.358006
0.831080 0.000119
0.794970 0.025570
0.802011 0.038633
0.802125 0.073857
0.806247 0.108444
0.799665 0.092058
0.788212 0.164877
0.797354 0.181676
0.776957 0.180735
0.801148 0.226096
0.782035 0.258774
0.786665 0.242490
0.802693 0.339303
0.807792 0.317567
0.839685 0.000203
0.813957 0.000687
0.815274 0.026387
0.812321 0.058300
0.817886 0.086859
0.827273 0.117924
0.811410 0.127438
0.810804 0.148318
0.810745 0.166036
0.760335 0.245742
0.773792 0.231491
0.804804 0.288966
0.836453 0.292785
0.920873 0.387551
0.864504 0.371718
0.856816 0.000516
0.832495 0.025540
0.820281 0.041681
0.824874 0.071385
0.825991 0.101155
0.847434 0.104383
0.827568 0.139287
0.829221 0.158819
0.787758 0.196978
0.806241 0.200980
0.810405 0.241082
0.829463 0.263018
0.823003 0.325586
0.835829 0.316183
0.865516 0.000643
0.848300 0.000097
0.852110 0.025650
0.840286 0.038423
0.833401 0.055465
0.845238 0.070710
0.844105 0.124040
0.846027 0.145131
0.837916 0.175495
0.818047 0.183145
0.818520 0.212281
0.831848 0.246994
0.837289 0.279470
0.812968 0.275028
0.849661 0.341115
0.882739 0.000927
0.872049 0.025938
0.861117 0.038826
0.853814 0.055080
0.840207 0.087495
0.863155 0.115374
0.861573 0.132853
0.851793 0.161295
0.851849 0.192731
0.832475 0.195810
0.826254 0.228596
0.852331 0.265358
0.861976 0.293258
0.862244 0.385886
0.891481 0.000835
0.874167 0.000705
0.891944 0.025642
0.874501 0.053414
0.866027 0.069877
0.860718 0.085948
0.869351 0.099236
0.881792 0.130526
0.870461 0.148304
0.860661 0.175037
0.843325 0.211133
0.847885 0.230277
0.903918 0.313980
0.905401 0.375889
0.869076 0.391714
0.900268 0.000409
0.913514 0.026809
0.882547 0.038679
0.887782 0.064712
0.882336 0.080723
0.890931 0.096530
0.884787 0.112849
0.880146 0.161353
0.880285 0.181357
0.862498 0.216724
0.871416 0.197539
0.856843 0.248095
0.883293 0.305165
0.855448 0.307730
0.908904 0.000855
0.917631 0.000174
0.923165 0.040244
0.902609 0.037687
0.902332 0.053885
0.905552 0.087151
0.906263 0.107958
0.894097 0.143323
0.898035 0.163508
0.887398 0.209590
0.889582 0.225270
0.869577 0.233819
0.866631 0.275607
0.931057 0.416394
0.884680 0.365072
0.926377 0.001082
0.932122 0.026348
0.922183 0.058065
0.906153 0.070360
0.924172 0.113798
0.901859 0.125134
0.911584 0.149304
0.895266 0.191125
0.910682 0.207596
0.890003 0.241360
0.887635 0.272685
0.909115 0.291416
0.887710 0.289306
0.874078 0.318558
0.935127 0.001046
0.945373 0.032821
0.941052 0.050400
0.924614 0.076127
0.921913 0.094831
0.918718 0.131831
0.909043 0.176098
0.918632 0.192198
0.916117 0.221704
0.900932 0.254056
0.921067 0.304027
0.907478 0.267747
0.875637 0.257570
0.894950 0.330013
0.868263 0.354095
0.943912 0.000856
0.958194 0.059825
0.941089 0.068367
0.940493 0.105877
0.937939 0.127796
0.925678 0.162797
0.937882 0.217011
0.928671 0.251568
0.922934 0.277291
0.939305 0.286383
0.949753 0.298742
0.927316 0.316706
0.916500 0.333861
0.885349 0.394343
0.952719 0.000586
0.960485 0.025870
0.963193 0.041300
0.940778 0.088116
0.957122 0.135878
0.932772 0.146333
0.933581 0.178350
0.915606 0.237330
0.953499 0.248064
0.939656 0.263264
0.954384 0.274621
0.936951 0.332946
0.966362 0.339010
0.903680 0.361928
0.955129 0.353112
0.961582 0.000458
0.975806 0.030205
0.958160 0.079798
0.955334 0.117991
0.954992 0.186177
0.958285 0.225648
0.957442 0.204262
0.969690 0.302996
0.999574 0.339793
0.954952 0.320054
0.972644 0.287105
0.951890 0.449455
0.901165 0.346241
0.957530 0.450458
0.970234 0.000790
0.989287 0.000381
0.976028 0.053222
0.974143 0.127136
0.951090 0.152356
0.949903 0.168894
0.971514 0.253069
0.972212 0.236299
0.970329 0.320001
0.972504 0.382039
0.999765 0.377783
0.998766 0.431744
0.904606 0.403249
0.929571 0.366839
0.897034 0.401128
0.979182 0.000107
0.973677 0.070829
0.959649 0.099041
0.973367 0.146081
0.973339 0.161484
0.936918 0.199854
0.999428 0.281331
0.999630 0.317004
0.999864 0.256108
0.967468 0.418989
0.999250 0.328630
0.963034 0.406499
0.967305 0.434234
0.855598 0.327185
0.999415 0.005514
0.999969 0.039287
0.974941 0.089279
0.973935 0.109400
0.999321 0.103970
0.999898 0.184228
0.999619 0.137929
0.999344 0.149281
0.999633 0.352819
0.999374 0.268588
0.999190 0.364804
0.981922 0.372141
0.992377 0.434943
0.999370 0.232106
0.935808 0.389960
0.999254 0.000608
0.999446 0.049715
0.999417 0.071179
0.999847 0.092915
0.999120 0.115161
0.975023 0.196081
0.973276 0.269436
0.999784 0.305321
0.999795 0.244283
0.999716 0.196270
0.999553 0.292846
0.996592 0.403486
0.874657 0.338608
0.994074 0.392895
0.999987 0.019656
0.999835 0.029549
0.999932 0.060489
0.999982 0.081995
0.972995 0.177452
0.999388 0.126428
0.999583 0.208214
0.937801 0.234230
0.999377 0.220175
0.999591 0.160963
0.999164 0.172530
0.949027 0.373005
0.997065 0.416658
0.938626 0.418463
0.941830 0.442116
