0.000085 0.028520
0.000574 0.058193
0.000761 0.089170
0.000651 0.121317
0.001048 0.132010
0.000063 0.295961
0.000336 0.177063
0.000394 0.188574
0.000074 0.307447
0.000397 0.378943
0.067317 0.416776
0.028123 0.379859
0.017427 0.407179
0.053713 0.412949
0.000836 0.018867
0.000329 0.038044
0.000087 0.068404
0.023959 0.070640
0.025189 0.214883
0.000834 0.200060
0.000165 0.165628
0.000046 0.271782
0.000899 0.235583
0.000514 0.248018
0.000188 0.344651
0.000879 0.357267
0.033682 0.425390
0.023911 0.438067
0.080028 0.360010
0.000441 0.005421
0.000977 0.047988
0.000439 0.078739
0.000313 0.099787
0.000897 0.110490
0.000278 0.211971
0.000177 0.154232
0.000049 0.283983
0.000044 0.223524
0.000697 0.320688
0.000348 0.332367
0.001867 0.420829
0.000883 0.404267
0.041555 0.436663
0.001208 0.000326
0.025084 0.024110
0.024690 0.054690
0.023866 0.104935
0.025587 0.178641
0.064846 0.241058
0.042643 0.210080
0.000298 0.259447
0.031151 0.285523
0.029693 0.269696
0.029822 0.316569
0.000100 0.393588
0.000787 0.366591
0.000213 0.442685
0.079304 0.392261
0.010770 0.000037
0.040321 0.044245
0.023900 0.038311
0.024004 0.087922
0.000660 0.143015
0.025508 0.232560
0.046131 0.228253
0.039915 0.246440
0.026559 0.299657
0.047914 0.307546
0.027518 0.332749
0.067553 0.346858
0.034568 0.346645
0.051892 0.432396
0.029940 0.000166
0.020945 0.000526
0.058402 0.076850
0.041416 0.065736
0.027121 0.195857
0.025249 0.122160
0.046273 0.189663
0.061559 0.202679
0.052429 0.271084
0.053552 0.290520
0.070868 0.280327
0.048808 0.330681
0.071030 0.373003
0.038590 0.386775
0.101781 0.361538
0.038762 0.000638
0.054986 0.025123
0.042109 0.083124
0.046442 0.116966
0.025514 0.160579
0.042507 0.170825
0.065987 0.222563
0.094450 0.232983
0.026070 0.254841
0.059119 0.257319
0.038348 0.359684
0.053411 0.363947
0.063701 0.319612
0.000937 0.443645
0.047584 0.001085
0.040773 0.027115
0.060400 0.040249
0.055236 0.057216
0.040277 0.100809
0.059114 0.134059
0.023793 0.142208
0.065545 0.183230
0.082137 0.218257
0.082352 0.246281
0.073638 0.300423
0.090678 0.276627
0.086154 0.316140
0.130239 0.300575
0.096757 0.378395
0.056554 0.000115
0.072125 0.025467
0.075536 0.051341
0.058836 0.098644
0.064783 0.116659
0.038470 0.133320
0.043573 0.151546
0.062820 0.167100
0.117386 0.241244
0.085765 0.261306
0.110082 0.254997
0.108559 0.308988
0.049952 0.389418
0.114105 0.289226
0.065495 0.000870
0.074404 0.000659
0.083317 0.036940
0.073831 0.067461
0.073249 0.087445
0.080679 0.104028
0.082342 0.139122
0.063165 0.150275
0.079914 0.198700
0.110232 0.225273
0.140039 0.248044
0.091849 0.294338
0.121406 0.319426
0.099776 0.329544
0.099038 0.398987
0.083232 0.000414
0.092108 0.024377
0.104556 0.036639
0.093616 0.068468
0.090094 0.084252
0.081839 0.122464
0.083505 0.155868
0.085451 0.172785
0.093646 0.189921
0.126234 0.212191
0.112196 0.269912
0.136220 0.230296
0.133196 0.281430
0.116710 0.408763
0.092117 0.000242
0.109804 0.000913
0.113327 0.025141
0.095534 0.053203
0.109256 0.085548
0.099285 0.101310
0.099650 0.120056
0.101847 0.155905
0.106074 0.175730
0.103216 0.209106
0.140913 0.201804
0.133753 0.263667
0.189456 0.271636
0.100803 0.345519
0.114667 0.411392
0.100995 0.000432
0.126495 0.040009
0.114103 0.053526
0.115942 0.070073
0.126104 0.092604
0.116453 0.108975
0.103501 0.137191
0.120170 0.146630
0.121409 0.166005
0.115214 0.194822
0.149800 0.220815
0.164756 0.261240
0.153547 0.291061
0.076411 0.335199
0.118654 0.000378
0.144805 0.000169
0.131710 0.025887
0.132882 0.059124
0.134993 0.075991
0.144774 0.092223
0.122041 0.125753
0.138624 0.158660
0.129364 0.185077
0.144794 0.177063
0.156907 0.193404
0.157697 0.243569
0.181247 0.251617
0.166140 0.305203
0.125589 0.351639
0.127396 0.000143
0.145223 0.038434
0.151351 0.054229
0.154402 0.070143
0.162031 0.085286
0.136072 0.110627
0.136286 0.137991
0.154082 0.146393
0.170712 0.181987
0.165677 0.211571
0.170416 0.232187
0.155333 0.274129
0.217108 0.279243
0.181717 0.298609
0.136116 0.000479
0.179389 0.000468
0.152618 0.026229
0.171976 0.060065
0.156238 0.107566
0.148569 0.125047
0.168139 0.136383
0.159140 0.165339
0.178658 0.201676
0.185389 0.172290
0.186784 0.224406
0.195727 0.241795
0.191428 0.314193
0.144360 0.312949
0.125886 0.337597
0.153456 0.000896
0.167315 0.041784
0.178560 0.077316
0.174451 0.098799
0.170329 0.118534
0.187047 0.141813
0.175939 0.156243
0.204780 0.176094
0.193629 0.191532
0.209177 0.230243
0.218078 0.251616
0.177419 0.280596
0.145314 0.386890
0.114410 0.386377
0.162100 0.000080
0.170111 0.026480
0.185987 0.041040
0.189436 0.059621
0.191643 0.102073
0.188169 0.121136
0.199220 0.157112
0.222140 0.169909
0.214911 0.193907
0.198844 0.211323
0.227966 0.228304
0.203805 0.261208
0.205765 0.288883
0.151432 0.327171
0.149921 0.384644
0.170737 0.000017
0.206041 0.047647
0.194925 0.083684
0.219657 0.078473
0.209929 0.095589
0.204148 0.133214
0.231384 0.186542
0.247484 0.173069
0.218920 0.211657
0.236325 0.246547
0.231799 0.268196
0.248882 0.282334
0.236107 0.293088
0.158125 0.355517
0.187984 0.000124
0.189220 0.026710
0.223061 0.041089
0.204355 0.068122
0.227776 0.097171
0.207880 0.114849
0.215114 0.149245
0.256604 0.157702
0.237624 0.204500
0.280366 0.253655
0.265511 0.232561
0.210644 0.304120
0.284724 0.295851
0.193537 0.337607
0.172593 0.352646
0.196560 0.000170
0.204418 0.029024
0.241117 0.047085
0.239713 0.084287
0.228430 0.114670
0.223393 0.131831
0.234143 0.158520
0.267542 0.180373
0.245886 0.225465
0.256846 0.246538
0.251403 0.262161
0.269987 0.306762
0.151342 0.340811
0.124807 0.370379
0.205055 0.000751
0.255746 0.000948
0.221518 0.026595
0.222327 0.059715
0.247330 0.104789
0.244545 0.124752
0.240590 0.142714
0.259829 0.139883
0.286734 0.178190
0.253842 0.191921
0.290236 0.281660
0.276959 0.267237
0.263911 0.280434
0.228638 0.318901
0.178340 0.322841
0.213560 0.000041
0.239151 0.028424
0.261242 0.042615
0.256278 0.082852
0.266297 0.097793
0.261396 0.116750
0.279085 0.145700
0.275036 0.162988
0.286142 0.196326
0.270810 0.203142
0.314115 0.266721
0.318115 0.293985
0.304451 0.315509
0.144070 0.369911
0.222051 0.000563
0.289066 0.000622
0.253856 0.028984
0.239021 0.066578
0.272720 0.073383
0.281393 0.109346
0.275914 0.127964
0.297485 0.139423
0.296439 0.158800
0.342276 0.181369
0.313671 0.217282
0.258110 0.212557
0.334075 0.286364
0.339994 0.272609
0.237610 0.308341
0.230562 0.000703
0.270439 0.026822
0.274238 0.057081
0.255843 0.062153
0.297858 0.100621
0.294953 0.122847
0.311269 0.115931
0.313715 0.154404
0.305133 0.175898
0.334923 0.227047
0.290866 0.244141
0.319088 0.236630
0.183093 0.347651
0.295499 0.314917
0.239001 0.000548
0.313985 0.000102
0.281895 0.042078
0.292185 0.065526
0.281623 0.087438
0.315133 0.096720
0.337918 0.106568
0.316392 0.136518
0.325147 0.171698
0.351090 0.144612
0.304642 0.196558
0.295369 0.214673
0.280230 0.224357
0.218642 0.328357
0.316413 0.311476
0.247406 0.000888
0.287299 0.027720
0.304992 0.057996
0.298615 0.082505
0.314811 0.075884
0.330485 0.090796
0.350831 0.122707
0.333225 0.155282
0.367666 0.141445
0.349520 0.165432
0.303107 0.236824
0.360470 0.261871
0.208615 0.332907
0.304425 0.276436
0.264147 0.000294
0.338824 0.000498
0.300109 0.041165
0.323763 0.057497
0.332817 0.072949
0.348166 0.087042
0.356335 0.104312
0.327696 0.120424
0.335881 0.135609
0.366492 0.163489
0.364516 0.181961
0.348013 0.242600
0.370996 0.209561
0.415225 0.333196
0.353141 0.218054
0.272440 0.000435
0.305377 0.025515
0.318120 0.040436
0.369817 0.059541
0.356303 0.069905
0.367363 0.085938
0.397324 0.133685
0.368006 0.117842
0.380253 0.132079
0.381037 0.156829
0.320892 0.188612
0.365941 0.315726
0.474058 0.338533
0.267170 0.319694
0.280773 0.000468
0.363279 0.000214
0.343620 0.059750
0.338324 0.043080
0.376091 0.043277
0.389443 0.087954
0.376686 0.101727
0.422922 0.112408
0.425871 0.131546
0.395294 0.154220
0.382369 0.179273
0.385187 0.199057
0.356972 0.197515
0.339199 0.199656
0.377084 0.320354
0.297333 0.000367
0.323335 0.025771
0.354196 0.027459
0.391510 0.047932
0.378614 0.072168
0.402637 0.102719
0.388668 0.113593
0.411927 0.144706
0.424139 0.153754
0.398581 0.178422
0.407148 0.193668
0.443085 0.216274
0.258118 0.316404
0.373772 0.296657
0.305641 0.000371
0.338460 0.027780
0.382919 0.026220
0.395068 0.065241
0.416782 0.090106
0.458962 0.084446
0.439866 0.118386
0.407980 0.120207
0.447542 0.098816
0.421156 0.179600
0.467964 0.185430
0.440039 0.186248
0.423062 0.213995
0.390236 0.219504
0.327823 0.210622
0.322278 0.000475
0.356912 0.045041
0.396266 0.027588
0.406946 0.041766
0.422876 0.048408
0.426455 0.071947
0.461948 0.105335
0.471839 0.127167
0.447982 0.158383
0.409788 0.165815
0.434544 0.165123
0.415699 0.229255
0.347292 0.311727
0.320635 0.253801
0.330576 0.000676
0.404073 0.000068
0.367839 0.027272
0.412536 0.026517
0.403771 0.079903
0.440995 0.082302
0.429887 0.098038
0.454815 0.122895
0.440865 0.139348
0.454121 0.174495
0.477666 0.142961
0.375140 0.228951
0.402199 0.235603
0.354291 0.296657
0.391720 0.321158
0.346953 0.000649
0.438968 0.041681
0.410955 0.062280
0.450818 0.065351
0.485859 0.079202
0.495214 0.103823
0.466932 0.158336
0.458209 0.141711
0.465883 0.262381
0.402753 0.209354
0.430166 0.201989
0.464570 0.207034
0.386184 0.286626
0.334552 0.307635
0.355101 0.000259
0.412233 0.000945
0.477336 0.000135
0.458661 0.024115
0.426069 0.028031
0.501477 0.068407
0.475166 0.093461
0.498938 0.088884
0.491574 0.151781
0.479597 0.110682
0.413650 0.271826
0.479059 0.199102
0.362367 0.238432
0.396442 0.250903
0.483339 0.222926
0.371471 0.000383
0.461104 0.000130
0.441976 0.025586
0.435942 0.058842
0.535539 0.117672
0.552074 0.133664
0.507543 0.115210
0.502781 0.137296
0.477573 0.171107
0.379947 0.248289
0.339013 0.256203
0.460637 0.348717
0.421082 0.327898
0.420563 0.258695
0.379651 0.000545
0.452857 0.000644
0.485494 0.000849
0.493157 0.035979
0.533529 0.040413
0.583813 0.161280
0.540207 0.152975
0.532156 0.134749
0.639277 0.217629
0.405735 0.294339
0.440731 0.328429
0.974381 0.212954
0.561099 0.234711
0.398595 0.311591
0.376831 0.266574
0.420349 0.000184
0.469257 0.000920
0.613892 0.050633
0.470501 0.071953
0.463413 0.055634
0.548757 0.172819
0.523252 0.152970
0.490063 0.125637
0.527066 0.198294
0.450776 0.200129
0.438977 0.305086
0.399681 0.274962
0.425455 0.284706
0.364149 0.278092
0.395965 0.000791
0.436515 0.000941
0.509805 0.000305
0.471361 0.032108
0.638750 0.180307
0.516765 0.069201
0.650247 0.279803
0.504568 0.158513
0.433254 0.252433
0.493851 0.176505
0.966096 0.350672
0.664844 0.303798
0.673850 0.295326
0.423255 0.306870
0.442090 0.339248
0.534003 0.001014
0.501717 0.000185
0.428433 0.000165
0.073932 0.403353
0.486126 0.060056
0.521800 0.105700
0.434042 0.232680
0.630331 0.251332
0.528675 0.231503
0.480091 0.324941
0.932818 0.347188
0.542542 0.264399
0.495127 0.353213
0.462740 0.279544
0.598914 0.000444
0.550259 0.000261
0.387833 0.000285
0.493641 0.000199
0.545436 0.026707
0.477978 0.047005
0.513838 0.090469
0.574674 0.148333
0.508090 0.194476
0.490232 0.309212
0.454535 0.235728
0.447841 0.291526
0.482115 0.276820
0.442125 0.274400
0.489405 0.296645
0.590793 0.000505
0.517811 0.000526
0.444704 0.000550
0.503792 0.025133
0.455314 0.040753
0.951333 0.388969
0.479418 0.355681
0.456995 0.316722
0.499218 0.305348
0.524694 0.269365
0.495956 0.352064
0.464972 0.301365
0.507397 0.250120
0.567648 0.218628
0.615227 0.000648
0.566342 0.001190
0.516760 0.030009
0.525862 0.000072
0.501539 0.049198
0.516592 0.048448
0.530646 0.058934
0.517200 0.130224
0.555962 0.150554
0.512273 0.174911
0.518797 0.215322
0.476153 0.248502
0.508113 0.228907
0.490369 0.244928
0.579120 0.275342
0.631516 0.000731
0.542132 0.000596
0.557969 0.030384
0.530613 0.024525
0.484776 0.023456
0.527759 0.080428
0.563483 0.122778
0.577996 0.132603
0.595236 0.141865
0.528983 0.172192
0.448186 0.254281
0.557028 0.207648
0.531877 0.248625
0.515725 0.273781
0.639703 0.000963
0.558302 0.000259
0.586368 0.026380
0.581770 0.042791
0.565974 0.045097
0.550417 0.110228
0.576158 0.109603
0.608351 0.128204
0.589783 0.176204
0.537134 0.190677
0.589404 0.211681
0.549886 0.274387
0.498350 0.221957
0.543167 0.231594
0.511010 0.281826
0.655988 0.000891
0.615711 0.031542
0.602302 0.025666
0.570754 0.025929
0.548050 0.049629
0.543611 0.069237
0.536390 0.097524
0.562631 0.098571
0.602616 0.156686
0.573440 0.180474
0.611518 0.233215
0.558197 0.191205
0.537845 0.211535
0.466529 0.227830
0.664244 0.000720
0.574458 0.000965
0.628686 0.025391
0.559813 0.062711
0.592550 0.060110
0.577008 0.064323
0.548355 0.085460
0.578860 0.086637
0.590096 0.121233
0.604004 0.182432
0.596898 0.196841
0.575083 0.200297
0.652611 0.297864
0.553392 0.291047
0.617688 0.297014
0.680602 0.000398
0.582590 0.000859
0.607073 0.000665
0.598284 0.042413
0.564218 0.080278
0.605755 0.090064
0.590485 0.101093
0.617849 0.163084
0.633791 0.159977
0.615699 0.198936
0.563553 0.164585
0.582173 0.258348
0.581765 0.243167
0.493462 0.267383
0.688806 0.000018
0.623359 0.000871
0.644040 0.029964
0.642002 0.070683
0.608344 0.067690
0.591858 0.077753
0.605954 0.109212
0.616866 0.144221
0.651482 0.147421
0.665803 0.156153
0.580479 0.231268
0.659045 0.183805
0.601498 0.224175
0.629687 0.234461
0.692938 0.311067
0.705254 0.000489
0.646810 0.053389
0.651269 0.088356
0.631395 0.042600
0.627793 0.061572
0.619789 0.079541
0.621831 0.101625
0.634844 0.141323
0.649136 0.203530
0.650723 0.167704
0.659874 0.220731
0.569186 0.292806
0.493625 0.198530
0.576671 0.293046
0.713455 0.000373
0.647802 0.000044
0.658688 0.025320
0.659962 0.065412
0.634734 0.088837
0.639618 0.108119
0.622603 0.121492
0.656380 0.128885
0.671713 0.137499
0.667770 0.198632
0.621156 0.180237
0.621700 0.263416
0.604553 0.247790
0.618653 0.214061
0.598802 0.281319
0.721717 0.000560
0.673969 0.029903
0.659176 0.041132
0.677549 0.068977
0.667309 0.084158
0.640003 0.125126
0.670805 0.117635
0.685796 0.151791
0.672063 0.171182
0.633953 0.198970
0.731869 0.292384
0.629083 0.293919
0.543546 0.285235
0.564214 0.254483
0.738304 0.000504
0.672420 0.000570
0.689278 0.026302
0.673889 0.051139
0.692644 0.061883
0.688869 0.083622
0.657216 0.106376
0.690449 0.134694
0.681453 0.185105
0.677832 0.210910
0.701918 0.246781
0.695817 0.230912
0.635485 0.272955
0.609637 0.290096
0.747588 0.321049
0.746606 0.000830
0.705827 0.027722
0.689613 0.041916
0.709607 0.062922
0.705186 0.081359
0.675405 0.099734
0.688985 0.117808
0.703772 0.178265
0.693215 0.195537
0.675174 0.230854
0.648633 0.233667
0.599572 0.263858
0.714348 0.276228
0.706190 0.321243
0.754970 0.000600
0.697016 0.000185
0.720865 0.029031
0.707163 0.044854
0.723414 0.079381
0.694449 0.101983
0.708555 0.121737
0.704876 0.142506
0.694022 0.165975
0.708712 0.205152
0.673388 0.245899
0.703491 0.267019
0.651869 0.248493
0.783053 0.336811
0.733678 0.326734
0.763308 0.000187
0.736703 0.026318
0.726365 0.044773
0.727300 0.062822
0.710492 0.101246
0.724404 0.115331
0.722244 0.135403
0.718469 0.184210
0.695272 0.215502
0.736110 0.253185
0.673326 0.273419
0.686665 0.254893
0.807777 0.358622
0.722080 0.313804
0.771664 0.000466
0.729948 0.000361
0.757780 0.026244
0.743267 0.072541
0.727513 0.096341
0.739199 0.127149
0.733860 0.148468
0.712152 0.157040
0.719869 0.217559
0.659648 0.262575
0.743833 0.233014
0.728273 0.274993
0.745967 0.286939
0.754493 0.339042
0.753435 0.298808
0.788521 0.000987
0.764561 0.040066
0.745052 0.037721
0.744661 0.089513
0.744105 0.108552
0.753544 0.143591
0.725613 0.165732
0.737649 0.179450
0.721477 0.230812
0.761403 0.270165
0.775085 0.282883
0.688941 0.281216
0.774078 0.297625
0.695128 0.301328
0.796993 0.000957
0.776596 0.027044
0.745741 0.055902
0.762407 0.076686
0.766012 0.111669
0.756447 0.125917
0.771479 0.148780
0.747168 0.161970
0.729639 0.197435
0.745522 0.200675
0.720927 0.250906
0.751088 0.259693
0.781883 0.321496
0.828077 0.342756
0.763666 0.341367
0.805499 0.000124
0.793930 0.056673
0.778221 0.064473
0.760358 0.094950
0.786625 0.112433
0.774797 0.130621
0.791739 0.146828
0.755804 0.183074
0.785934 0.213971
0.788403 0.270432
0.794220 0.300845
0.768103 0.315243
0.801352 0.354067
0.714884 0.328554
0.822501 0.001154
0.780070 0.000112
0.782247 0.042711
0.763270 0.057366
0.782558 0.080378
0.779287 0.096526
0.793212 0.128585
0.765769 0.165221
0.766443 0.199676
0.741251 0.217067
0.762503 0.217593
0.805143 0.255658
0.818485 0.301911
0.824166 0.358140
0.844484 0.354052
0.831102 0.000485
0.794319 0.025764
0.801290 0.038747
0.801372 0.073927
0.805693 0.107880
0.798821 0.091841
0.787244 0.164099
0.796523 0.180513
0.775857 0.180043
0.800078 0.224301
0.780094 0.256591
0.785481 0.240315
0.800665 0.336092
0.805606 0.315122
0.839728 0.000092
0.813993 0.000393
0.814455 0.026566
0.811493 0.058257
0.816938 0.086580
0.826515 0.117383
0.810832 0.126676
0.810112 0.147366
0.810072 0.165043
0.759075 0.243921
0.772425 0.229883
0.803292 0.286440
0.835218 0.290229
0.920097 0.384037
0.863063 0.367335
0.856896 0.000041
0.832058 0.025802
0.819986 0.041720
0.824064 0.071226
0.825390 0.100783
0.846645 0.103639
0.826898 0.138605
0.828396 0.158205
0.786709 0.195927
0.805038 0.199697
0.809043 0.239030
0.828015 0.260651
0.821054 0.322930
0.834592 0.313316
0.865598 0.000171
0.848349 0.001183
0.851862 0.025632
0.839956 0.038359
0.832641 0.055519
0.844471 0.070386
0.843365 0.123353
0.845309 0.144100
0.837056 0.174355
0.817361 0.181781
0.817442 0.210492
0.830712 0.244876
0.835989 0.276740
0.811625 0.272631
0.847910 0.338055
0.882833 0.000450
0.871976 0.025980
0.860927 0.038844
0.853171 0.054966
0.839225 0.087062
0.862471 0.114788
0.860869 0.131959
0.851089 0.160135
0.850628 0.191261
0.831499 0.194384
0.825269 0.226670
0.851115 0.263118
0.860734 0.290376
0.861562 0.381485
0.891588 0.000859
0.874251 0.000626
0.891756 0.025554
0.874027 0.053277
0.865571 0.069667
0.859584 0.085710
0.868786 0.098664
0.880962 0.129852
0.869772 0.147282
0.859952 0.173764
0.842328 0.209390
0.846792 0.228166
0.903055 0.310680
0.904080 0.372119
0.868241 0.387818
0.900326 0.000779
0.913533 0.026526
0.882516 0.038627
0.887332 0.064344
0.881487 0.080324
0.890225 0.095948
0.884024 0.112148
0.879322 0.160180
0.879505 0.179844
0.861452 0.214716
0.870436 0.195534
0.855593 0.245756
0.882451 0.302146
0.854079 0.304914
0.908998 0.000175
0.917681 0.000774
0.923211 0.040046
0.902482 0.037447
0.902159 0.053511
0.904987 0.086751
0.906027 0.107388
0.893609 0.142275
0.897320 0.162009
0.886530 0.207428
0.888906 0.223046
0.868421 0.231604
0.865521 0.272936
0.930374 0.412298
0.884149 0.361447
0.926502 0.000206
0.931983 0.026168
0.922129 0.057700
0.905771 0.070040
0.923907 0.112829
0.901295 0.124213
0.911277 0.148087
0.894664 0.189257
0.909623 0.205562
0.889067 0.239062
0.886765 0.270101
0.908110 0.288180
0.886761 0.286350
0.872967 0.315469
0.935207 0.000786
0.945507 0.032395
0.940965 0.049856
0.924347 0.075525
0.921768 0.094032
0.918376 0.130680
0.908570 0.174329
0.918156 0.190099
0.915606 0.219566
0.900365 0.251602
0.920677 0.300575
0.906836 0.265202
0.874289 0.255136
0.893952 0.326578
0.866886 0.350158
0.943983 0.000272
0.958064 0.059416
0.940747 0.067992
0.940274 0.104946
0.937699 0.126710
0.925280 0.161217
0.937318 0.214638
0.927959 0.248936
0.922202 0.274194
0.938736 0.283562
0.949019 0.295420
0.926750 0.313829
0.915830 0.330005
0.884356 0.390685
0.952782 0.001038
0.960701 0.025753
0.963150 0.041220
0.940752 0.087394
0.957210 0.134544
0.932585 0.144701
0.933576 0.176460
0.914759 0.234937
0.953120 0.245604
0.939297 0.260456
0.954183 0.271846
0.935420 0.329329
0.965930 0.335026
0.902616 0.357956
0.954736 0.349905
0.961651 0.000120
0.975879 0.030154
0.958336 0.079138
0.955322 0.116813
0.954884 0.184400
0.957971 0.223662
0.957197 0.202388
0.969356 0.300013
0.999823 0.338812
0.954400 0.316322
0.972324 0.283991
0.951641 0.445575
0.900263 0.342508
0.958044 0.446543
0.970359 0.000209
0.989401 0.000157
0.976063 0.053059
0.974173 0.126109
0.950996 0.150794
0.949537 0.167217
0.971234 0.250590
0.972119 0.233830
0.970193 0.316820
0.971458 0.378507
0.999839 0.377686
0.998861 0.427936
0.904253 0.399388
0.928892 0.363110
0.896181 0.396866
0.979252 0.000223
0.973845 0.070394
0.959793 0.098267
0.973396 0.144600
0.973222 0.159968
0.936607 0.197699
0.999803 0.280499
0.999932 0.315944
0.999941 0.255848
0.967600 0.415043
0.999333 0.328050
0.962692 0.402786
0.967420 0.430731
0.854264 0.323657
0.999593 0.005776
0.999406 0.039341
0.975079 0.088657
0.974130 0.108556
0.999673 0.103873
0.999428 0.184051
0.999085 0.137740
0.999844 0.149036
0.999720 0.352019
0.999634 0.267947
0.999359 0.364272
0.980691 0.369423
0.993022 0.431889
0.999779 0.231685
0.935324 0.386593
0.999834 0.000652
0.999014 0.049770
0.999670 0.071218
0.999554 0.092891
0.999789 0.114978
0.975050 0.194230
0.973078 0.266502
0.999873 0.304836
0.999739 0.243928
0.999346 0.196021
0.999732 0.292344
0.997541 0.400960
0.873574 0.334992
0.995087 0.389649
0.999517 0.019764
0.999629 0.029625
0.999699 0.060505
0.999012 0.081994
0.973129 0.175699
0.999059 0.126261
0.998988 0.207932
0.937300 0.231751
0.999398 0.220016
0.999910 0.160752
0.999167 0.172371
0.948014 0.368240
0.997598 0.413333
0.938116 0.414408
0.941480 0.437862
