0.000492 0.028460
0.000029 0.058208
0.000194 0.089111
0.000454 0.121257
0.000499 0.132033
0.000637 0.295066
0.000274 0.176742
0.000829 0.188075
0.000417 0.306384
0.000578 0.377418
0.069605 0.402358
0.032403 0.366289
0.020007 0.394327
0.055924 0.401159
0.000077 0.018660
0.000392 0.038100
0.000641 0.068365
0.023543 0.067873
0.025537 0.206915
0.000385 0.199594
0.000117 0.165483
0.000947 0.270955
0.000090 0.234806
0.000607 0.247050
0.000423 0.342551
0.000280 0.354120
0.034014 0.410232
0.028613 0.425298
0.081695 0.346792
0.000308 0.005415
0.000390 0.048066
0.000202 0.078656
0.001115 0.099779
0.000276 0.110478
0.000695 0.211455
0.000099 0.154243
0.000265 0.282922
0.000970 0.223014
0.000774 0.318499
0.000349 0.330581
0.003990 0.412907
0.000996 0.404336
0.040412 0.425663
0.000231 0.000243
0.023348 0.022514
0.024478 0.052621
0.023719 0.100584
0.026106 0.172002
0.066011 0.230751
0.043575 0.202177
0.000497 0.258863
0.031344 0.275524
0.030102 0.259931
0.029852 0.306256
0.000192 0.391828
0.000291 0.362985
0.001226 0.439860
0.081341 0.378963
0.010457 0.000964
0.040389 0.040831
0.022907 0.037299
0.023873 0.083950
0.000795 0.143089
0.025970 0.225121
0.046496 0.218940
0.041674 0.237520
0.027297 0.288927
0.049857 0.295937
0.028809 0.321532
0.068744 0.333726
0.035036 0.334557
0.054162 0.416821
0.029957 0.000732
0.020785 0.000558
0.058661 0.073540
0.040393 0.061863
0.027248 0.189102
0.024788 0.117870
0.046593 0.182055
0.062600 0.195051
0.053536 0.259833
0.055342 0.278890
0.072555 0.268995
0.050311 0.317796
0.073057 0.359094
0.038613 0.373338
0.104561 0.348309
0.038733 0.000387
0.054669 0.024387
0.041459 0.079059
0.045960 0.111945
0.026035 0.154726
0.042992 0.164080
0.067798 0.214193
0.096496 0.224631
0.026239 0.244888
0.060830 0.246928
0.037685 0.348571
0.055574 0.350081
0.065259 0.306918
0.000443 0.439210
0.047629 0.000085
0.039165 0.025170
0.059439 0.039265
0.054651 0.055692
0.040295 0.096784
0.059698 0.128151
0.024202 0.136740
0.066419 0.176441
0.083410 0.209607
0.083963 0.236637
0.074934 0.288212
0.093673 0.266543
0.088321 0.303554
0.133972 0.289853
0.099016 0.364801
0.056627 0.000012
0.071436 0.025026
0.074581 0.049333
0.058520 0.093921
0.065117 0.111771
0.039341 0.127834
0.043605 0.145369
0.063157 0.160169
0.120435 0.232889
0.087476 0.251588
0.111485 0.245798
0.110979 0.297484
0.052235 0.375089
0.116557 0.278521
0.065506 0.000667
0.074398 0.001015
0.082683 0.035860
0.074372 0.065051
0.072818 0.084215
0.080453 0.100062
0.082576 0.134185
0.064137 0.144098
0.080773 0.191039
0.112322 0.217506
0.142539 0.240156
0.093864 0.283243
0.125175 0.308259
0.102622 0.316859
0.100758 0.385581
0.083204 0.000738
0.092272 0.023910
0.103899 0.035841
0.094726 0.066087
0.089712 0.081136
0.081951 0.117649
0.083765 0.150589
0.085930 0.167398
0.095389 0.183784
0.128134 0.205036
0.114878 0.260502
0.137761 0.222948
0.136520 0.271705
0.119466 0.393676
0.092091 0.000284
0.109744 0.000171
0.113589 0.025191
0.095200 0.051555
0.109250 0.083853
0.099896 0.098167
0.099944 0.116436
0.102587 0.151115
0.106722 0.169666
0.104079 0.201940
0.142281 0.195651
0.136520 0.254426
0.194176 0.263718
0.103323 0.332851
0.116559 0.396806
0.100957 0.000431
0.126272 0.039135
0.114448 0.052441
0.116124 0.068853
0.126990 0.090046
0.117129 0.105716
0.103922 0.132642
0.120624 0.141956
0.122878 0.161216
0.116619 0.188512
0.152099 0.214025
0.168541 0.252983
0.157166 0.281390
0.078069 0.322307
0.118576 0.000248
0.144701 0.000283
0.132251 0.025166
0.133079 0.057688
0.135572 0.073955
0.145745 0.089710
0.122573 0.121605
0.140233 0.153914
0.130548 0.179221
0.145885 0.171816
0.158950 0.187915
0.160023 0.236166
0.184262 0.244272
0.170437 0.295127
0.128787 0.338464
0.127326 0.000534
0.144915 0.037871
0.152201 0.052733
0.154923 0.068871
0.163515 0.083581
0.137004 0.107741
0.136699 0.133924
0.155296 0.142080
0.173049 0.177000
0.167694 0.205887
0.173310 0.225173
0.158235 0.265513
0.222689 0.271459
0.186810 0.288806
0.136049 0.000346
0.179303 0.000391
0.153392 0.025838
0.172075 0.058904
0.157351 0.104115
0.149885 0.121705
0.169965 0.132246
0.160975 0.160695
0.180806 0.195921
0.187476 0.167464
0.189369 0.217762
0.199589 0.235493
0.197323 0.304151
0.147624 0.301009
0.129056 0.324937
0.153361 0.000320
0.167548 0.040967
0.179841 0.075614
0.176311 0.096334
0.171946 0.114988
0.188484 0.137519
0.177325 0.151800
0.207070 0.171222
0.196252 0.186191
0.212473 0.223864
0.222466 0.244477
0.181050 0.271912
0.148251 0.373276
0.117873 0.372344
0.162051 0.000197
0.170667 0.025988
0.186847 0.040922
0.190060 0.058220
0.193855 0.099455
0.189749 0.118161
0.201155 0.152281
0.224018 0.165805
0.217785 0.188769
0.201681 0.204830
0.231197 0.222977
0.207969 0.253782
0.209806 0.280587
0.156069 0.314958
0.153183 0.370673
0.170644 0.000843
0.206764 0.045946
0.196289 0.081146
0.221744 0.076278
0.211655 0.092387
0.206443 0.129654
0.234593 0.182024
0.249313 0.168801
0.222760 0.206591
0.240399 0.240228
0.236236 0.260902
0.255670 0.274993
0.241123 0.284957
0.162813 0.342372
0.187866 0.001141
0.189450 0.026886
0.224988 0.041187
0.205622 0.066164
0.229201 0.094761
0.209863 0.111601
0.217621 0.145825
0.258795 0.153892
0.240385 0.199765
0.284656 0.248904
0.270265 0.227501
0.216632 0.294937
0.292194 0.291051
0.199863 0.326739
0.177835 0.340267
0.196377 0.000277
0.205596 0.028482
0.242913 0.045528
0.241504 0.082298
0.230013 0.112105
0.225155 0.128791
0.236829 0.154920
0.269550 0.176324
0.249096 0.221193
0.262057 0.241195
0.256633 0.256827
0.277501 0.299662
0.154888 0.328892
0.127411 0.357410
0.204925 0.000927
0.255478 0.000079
0.221801 0.026358
0.223539 0.058572
0.248863 0.101825
0.246213 0.121266
0.242151 0.138612
0.261937 0.136485
0.288939 0.174932
0.255310 0.187431
0.297607 0.276069
0.281964 0.262975
0.270097 0.274415
0.236018 0.309981
0.182359 0.312344
0.213397 0.000443
0.239472 0.028359
0.262369 0.042194
0.257813 0.080774
0.267603 0.095986
0.262755 0.113709
0.280620 0.143164
0.276423 0.159801
0.288701 0.193461
0.273981 0.199445
0.318967 0.263678
0.324783 0.290415
0.312522 0.310774
0.147701 0.355792
0.221921 0.000556
0.288878 0.000448
0.254274 0.027793
0.240365 0.064526
0.274646 0.071542
0.282778 0.106956
0.277302 0.125100
0.298962 0.137505
0.297467 0.156595
0.344175 0.180214
0.315821 0.214842
0.261201 0.208412
0.340604 0.283956
0.345816 0.270610
0.244370 0.300555
0.230347 0.000036
0.270933 0.026090
0.275517 0.056218
0.257029 0.061121
0.298979 0.099022
0.296065 0.120418
0.312315 0.114064
0.314803 0.152221
0.307031 0.173659
0.339630 0.224602
0.295216 0.240429
0.324710 0.234577
0.188060 0.336100
0.303364 0.308423
0.238801 0.000465
0.313812 0.000575
0.281988 0.040436
0.292954 0.063828
0.283004 0.085827
0.315842 0.095146
0.339332 0.104639
0.317310 0.134924
0.326525 0.169485
0.351426 0.142894
0.306724 0.193527
0.297360 0.210306
0.283416 0.219980
0.224957 0.318745
0.325553 0.308268
0.247136 0.000153
0.288320 0.026411
0.306277 0.056185
0.300029 0.080726
0.315613 0.074480
0.331267 0.089509
0.351406 0.122150
0.334184 0.153015
0.367662 0.140483
0.350368 0.163422
0.306516 0.233617
0.367012 0.260296
0.215117 0.322324
0.310387 0.272110
0.263871 0.000514
0.338613 0.000576
0.300334 0.041147
0.325034 0.057362
0.334143 0.072462
0.349548 0.085498
0.357153 0.102579
0.329151 0.118045
0.336192 0.133907
0.367375 0.161843
0.365909 0.180858
0.350487 0.239589
0.373349 0.207906
0.424771 0.336236
0.356096 0.215788
0.272258 0.000377
0.305452 0.025136
0.318407 0.040483
0.370537 0.058761
0.357813 0.068825
0.367470 0.084710
0.397037 0.131782
0.368617 0.118051
0.380995 0.130581
0.381765 0.155025
0.323214 0.186511
0.374785 0.315448
0.481475 0.344766
0.274499 0.312719
0.280628 0.000162
0.363107 0.000816
0.344304 0.058187
0.338779 0.042525
0.375755 0.041586
0.389413 0.087634
0.376892 0.099692
0.421906 0.111146
0.425282 0.128969
0.395298 0.153128
0.382917 0.177787
0.386256 0.195549
0.359704 0.196186
0.341851 0.198236
0.385821 0.321897
0.297154 0.001048
0.323038 0.025529
0.353060 0.026900
0.390836 0.047296
0.380119 0.071231
0.403524 0.102311
0.388057 0.112013
0.411377 0.142103
0.424983 0.152562
0.399588 0.177733
0.407379 0.192255
0.445048 0.218866
0.265307 0.309626
0.381311 0.296954
0.305473 0.000807
0.338162 0.027671
0.382646 0.026434
0.395073 0.064226
0.415901 0.088358
0.458195 0.082774
0.439053 0.116811
0.407443 0.120331
0.446993 0.098392
0.420106 0.179154
0.467653 0.186278
0.438948 0.185331
0.423274 0.215239
0.393800 0.218958
0.330917 0.208598
0.322121 0.000197
0.357890 0.044058
0.396152 0.026891
0.406262 0.040962
0.421664 0.048057
0.426356 0.071466
0.461070 0.104101
0.471546 0.125866
0.448133 0.157315
0.410308 0.165479
0.433873 0.167301
0.418411 0.232021
0.356320 0.310240
0.324714 0.249971
0.330420 0.000019
0.404038 0.000221
0.367339 0.026244
0.411968 0.026457
0.404395 0.079377
0.440468 0.080978
0.429498 0.095978
0.454514 0.120897
0.439017 0.137484
0.453087 0.176353
0.477253 0.142422
0.379726 0.228049
0.404161 0.236769
0.360618 0.295981
0.399658 0.323659
0.346805 0.000321
0.438804 0.041392
0.410481 0.062033
0.449634 0.063941
0.484689 0.077627
0.494678 0.101749
0.466883 0.158860
0.456902 0.141389
0.468573 0.266290
0.405169 0.209925
0.430328 0.201397
0.464161 0.212075
0.392946 0.287483
0.342760 0.305157
0.354950 0.000377
0.412163 0.000318
0.477144 0.000705
0.456980 0.024179
0.425479 0.028199
0.499946 0.067717
0.474548 0.091464
0.498012 0.087651
0.489961 0.152284
0.478262 0.109341
0.419069 0.274784
0.477897 0.201913
0.366537 0.237571
0.400572 0.251685
0.481214 0.226712
0.371355 0.001074
0.461020 0.000475
0.439916 0.025276
0.434943 0.059147
0.534204 0.118042
0.550286 0.132337
0.505552 0.114384
0.502135 0.137628
0.477471 0.172056
0.384012 0.246779
0.342483 0.254466
0.470683 0.351821
0.430488 0.332363
0.423929 0.258206
0.379560 0.000464
0.452789 0.000148
0.485341 0.000717
0.491661 0.036323
0.532011 0.039001
0.581020 0.160838
0.538354 0.154490
0.530326 0.134945
0.632810 0.217829
0.413719 0.295527
0.450313 0.334146
0.974065 0.206258
0.554745 0.238294
0.407337 0.313357
0.382787 0.265875
0.420263 0.000730
0.469101 0.000344
0.612176 0.050343
0.468875 0.070660
0.462512 0.054933
0.545850 0.172747
0.521846 0.152088
0.489423 0.124007
0.524834 0.201626
0.451821 0.202530
0.447263 0.310372
0.402748 0.275433
0.433619 0.287467
0.370213 0.278192
0.395904 0.000121
0.436407 0.000241
0.509802 0.001033
0.470338 0.031188
0.636651 0.179836
0.515233 0.067588
0.642187 0.276310
0.503300 0.158942
0.437241 0.253207
0.492831 0.178863
0.964800 0.339468
0.656147 0.299218
0.664477 0.289540
0.429370 0.310888
0.453436 0.343941
0.534086 0.000419
0.501713 0.000478
0.428333 0.000217
0.075173 0.390246
0.484041 0.060116
0.520176 0.104691
0.435206 0.235101
0.623751 0.251136
0.523362 0.232621
0.489733 0.326672
0.928782 0.335161
0.534859 0.264622
0.505275 0.357343
0.467215 0.285705
0.599051 0.001032
0.550330 0.000937
0.387777 0.000653
0.493567 0.000480
0.543957 0.026071
0.476440 0.045957
0.513612 0.089124
0.572092 0.146264
0.506528 0.193010
0.497524 0.318281
0.452888 0.240642
0.454780 0.295777
0.482592 0.282644
0.443697 0.277660
0.494183 0.305602
0.590871 0.000401
0.517821 0.000390
0.444626 0.000141
0.501555 0.024555
0.454552 0.040418
0.949728 0.379613
0.490812 0.362260
0.464373 0.321475
0.509084 0.310708
0.518417 0.278425
0.510111 0.356410
0.469035 0.307682
0.502422 0.254809
0.560561 0.221192
0.615333 0.000346
0.566434 0.000015
0.514406 0.030298
0.525896 0.000518
0.500116 0.049907
0.514439 0.047362
0.529426 0.057187
0.515756 0.130580
0.552966 0.149640
0.511865 0.177580
0.515160 0.216809
0.478922 0.251352
0.506089 0.236474
0.492811 0.248864
0.568293 0.276468
0.631622 0.000456
0.542227 0.000444
0.556332 0.030469
0.527743 0.023872
0.483590 0.023328
0.527213 0.078994
0.561895 0.121062
0.575521 0.132057
0.593183 0.142050
0.526871 0.172637
0.454349 0.257617
0.553828 0.211037
0.523075 0.248322
0.511546 0.283303
0.639789 0.000351
0.558391 0.000577
0.586175 0.026388
0.579476 0.042497
0.563896 0.044022
0.548111 0.108975
0.573718 0.109258
0.605451 0.127417
0.586220 0.177181
0.535743 0.190691
0.586564 0.212564
0.545035 0.278166
0.496103 0.224204
0.539396 0.235481
0.507089 0.298996
0.656130 0.000565
0.614565 0.031782
0.601619 0.025021
0.569866 0.024704
0.545777 0.049112
0.541950 0.068194
0.534599 0.097440
0.560419 0.097277
0.599622 0.157122
0.569530 0.180872
0.606015 0.234036
0.555045 0.189894
0.535660 0.215980
0.465992 0.230713
0.664388 0.000623
0.574555 0.000291
0.627933 0.024834
0.558624 0.061390
0.590148 0.059095
0.575288 0.063346
0.546226 0.085140
0.576447 0.086274
0.588837 0.120412
0.601022 0.180833
0.592932 0.197392
0.571718 0.200478
0.643738 0.292950
0.543454 0.294525
0.609729 0.295160
0.680651 0.000326
0.582718 0.000104
0.607205 0.000020
0.597037 0.041974
0.562739 0.078652
0.603411 0.088718
0.587990 0.100376
0.615135 0.162719
0.630554 0.159177
0.610860 0.199589
0.561115 0.165902
0.573790 0.260968
0.575632 0.246996
0.491123 0.272276
0.688887 0.000595
0.623422 0.000649
0.642792 0.029587
0.640398 0.070150
0.606413 0.066974
0.590353 0.077120
0.603355 0.108524
0.613980 0.144051
0.647784 0.146091
0.663347 0.153635
0.574123 0.231502
0.654404 0.183023
0.595967 0.223627
0.624546 0.233583
0.684354 0.304967
0.705374 0.000403
0.644775 0.052665
0.648860 0.087371
0.629549 0.041759
0.626174 0.061073
0.617987 0.078212
0.619203 0.100984
0.631962 0.140199
0.645446 0.201669
0.647298 0.165766
0.655122 0.218272
0.558516 0.296136
0.493161 0.199668
0.568219 0.291704
0.713609 0.000622
0.647898 0.000854
0.657862 0.024815
0.657535 0.064924
0.631848 0.087956
0.636862 0.106282
0.619991 0.119983
0.653300 0.127141
0.668625 0.136154
0.662787 0.196103
0.619641 0.179596
0.611953 0.261576
0.598977 0.247312
0.613471 0.214636
0.588506 0.280924
0.721838 0.000206
0.672891 0.029969
0.656927 0.040603
0.675045 0.067992
0.664956 0.082751
0.636978 0.123926
0.667674 0.116274
0.682052 0.149670
0.668282 0.169058
0.629149 0.198745
0.721739 0.287111
0.619962 0.289987
0.528981 0.291334
0.556005 0.254136
0.738396 0.000514
0.672507 0.000437
0.687940 0.025341
0.671038 0.050167
0.690106 0.061087
0.685782 0.082665
0.654068 0.104791
0.687270 0.132669
0.677369 0.183315
0.673049 0.209636
0.696007 0.244233
0.689944 0.228310
0.627431 0.269886
0.599794 0.289312
0.739297 0.311419
0.746716 0.000492
0.703747 0.027201
0.686989 0.041563
0.706396 0.061893
0.702429 0.080245
0.672260 0.098694
0.686038 0.116177
0.700005 0.176286
0.688865 0.192669
0.669737 0.228009
0.642622 0.231022
0.594041 0.264332
0.706687 0.274507
0.699219 0.312695
0.755086 0.000486
0.697175 0.000738
0.718634 0.028092
0.704514 0.044465
0.720580 0.078496
0.691145 0.100106
0.705211 0.119947
0.701827 0.140994
0.690105 0.163472
0.705455 0.201874
0.665586 0.244184
0.694126 0.262670
0.644941 0.246938
0.776714 0.327983
0.726187 0.317324
0.763435 0.000450
0.734532 0.025849
0.724087 0.043652
0.723968 0.061376
0.707371 0.099590
0.722102 0.114143
0.718852 0.134084
0.714436 0.181743
0.690470 0.212962
0.730003 0.249099
0.663975 0.269595
0.679224 0.250886
0.802536 0.346665
0.714033 0.302898
0.771778 0.000343
0.730069 0.000230
0.755375 0.025635
0.740245 0.072462
0.724045 0.095199
0.736069 0.126234
0.731255 0.146579
0.708277 0.155546
0.714932 0.215033
0.652954 0.260673
0.738917 0.228396
0.723893 0.270053
0.739399 0.278372
0.746918 0.328699
0.746469 0.292405
0.788670 0.000414
0.762346 0.039950
0.743089 0.037485
0.741510 0.089353
0.741125 0.107620
0.750321 0.142400
0.721964 0.163648
0.734235 0.177509
0.715300 0.227838
0.756906 0.264861
0.768855 0.272844
0.683595 0.278514
0.767592 0.291741
0.688299 0.291073
0.797131 0.000329
0.774179 0.026587
0.742082 0.055463
0.759649 0.075578
0.763849 0.110970
0.753965 0.124232
0.768840 0.146458
0.744478 0.159677
0.725183 0.195138
0.742409 0.197178
0.715367 0.248200
0.743085 0.253408
0.777347 0.312089
0.822818 0.331651
0.755482 0.331725
0.805621 0.000567
0.791808 0.056882
0.775885 0.063042
0.758072 0.094022
0.784423 0.110601
0.772526 0.128789
0.789658 0.144117
0.753848 0.179838
0.782616 0.209129
0.784408 0.262639
0.788633 0.292120
0.758503 0.306496
0.794752 0.342233
0.706142 0.319064
0.822655 0.000434
0.780213 0.000011
0.779917 0.041994
0.759416 0.057948
0.779510 0.079337
0.776956 0.095517
0.791263 0.126675
0.762274 0.162326
0.764474 0.195825
0.736765 0.214458
0.757875 0.213374
0.800622 0.248508
0.813525 0.290931
0.819601 0.345281
0.838772 0.342828
0.831178 0.000831
0.792379 0.026238
0.799397 0.038855
0.799189 0.073770
0.804210 0.106239
0.796406 0.091292
0.784939 0.160950
0.794898 0.176335
0.772692 0.177571
0.797475 0.218296
0.774278 0.249347
0.782544 0.233605
0.794531 0.326413
0.799192 0.306940
0.839800 0.000692
0.814121 0.000129
0.812033 0.026779
0.809277 0.057915
0.814309 0.085605
0.824579 0.115671
0.809194 0.124161
0.808119 0.144129
0.808104 0.161766
0.755747 0.238060
0.768622 0.224800
0.798974 0.278029
0.831657 0.282137
0.917710 0.372889
0.858391 0.354229
0.857062 0.000870
0.830702 0.026482
0.819230 0.041403
0.822050 0.070622
0.823968 0.099615
0.844350 0.101297
0.825267 0.136142
0.826255 0.155939
0.783725 0.192574
0.802274 0.195438
0.805539 0.232277
0.823843 0.252615
0.815519 0.314381
0.831008 0.303499
0.865675 0.000153
0.848482 0.000791
0.851294 0.025755
0.839488 0.038258
0.830791 0.055556
0.842526 0.069419
0.841090 0.121006
0.843171 0.140727
0.834835 0.170797
0.815665 0.177536
0.814913 0.204824
0.827780 0.237379
0.832351 0.267836
0.807879 0.264784
0.842476 0.328560
0.883035 0.000444
0.871528 0.026080
0.860372 0.038612
0.851309 0.054519
0.836563 0.085643
0.860422 0.112596
0.858640 0.129241
0.849280 0.156383
0.847715 0.186540
0.828641 0.189849
0.822763 0.220229
0.847525 0.255420
0.857133 0.280701
0.859285 0.368128
0.891762 0.000116
0.874347 0.000552
0.891336 0.025245
0.872691 0.052985
0.864299 0.068826
0.856031 0.084712
0.867382 0.096604
0.878433 0.127486
0.867539 0.144336
0.858311 0.169967
0.839619 0.203827
0.843583 0.221319
0.900299 0.299816
0.900372 0.360386
0.865490 0.375435
0.900478 0.000096
0.913586 0.025483
0.882596 0.038596
0.886224 0.063204
0.879177 0.078998
0.887875 0.093722
0.881718 0.109870
0.876791 0.156882
0.877188 0.175126
0.858896 0.207822
0.867634 0.189537
0.851960 0.237824
0.880217 0.292189
0.849931 0.295020
0.909123 0.000933
0.917899 0.000556
0.923576 0.039469
0.902196 0.036662
0.901500 0.052342
0.902945 0.085108
0.904964 0.105186
0.891918 0.139065
0.894992 0.157712
0.883686 0.200380
0.886778 0.215489
0.865343 0.224091
0.862277 0.264314
0.929313 0.399418
0.882405 0.350042
0.926707 0.000422
0.931999 0.025637
0.921993 0.056302
0.904372 0.068905
0.923132 0.109695
0.899231 0.121369
0.910307 0.144485
0.892843 0.183523
0.906120 0.198714
0.886032 0.231193
0.884078 0.261369
0.905085 0.277842
0.883999 0.276998
0.870177 0.305277
0.935557 0.001045
0.946177 0.030886
0.940849 0.047879
0.923600 0.073414
0.921368 0.091207
0.917228 0.127225
0.907199 0.169124
0.916716 0.183589
0.913941 0.212386
0.898595 0.242909
0.919645 0.289074
0.905209 0.256957
0.870307 0.246634
0.890865 0.315461
0.863232 0.338126
0.944225 0.000515
0.957848 0.057989
0.940050 0.066364
0.939802 0.101864
0.937288 0.123317
0.924035 0.156549
0.935551 0.206793
0.925552 0.240313
0.920197 0.264336
0.936997 0.274632
0.947192 0.285300
0.925891 0.304422
0.913999 0.318220
0.880923 0.378975
0.953113 0.000358
0.961572 0.025149
0.963370 0.040708
0.940854 0.084724
0.957517 0.130574
0.932251 0.139969
0.933304 0.170947
0.911936 0.227251
0.952031 0.237480
0.938149 0.251417
0.953849 0.263091
0.931624 0.317926
0.964695 0.321675
0.899781 0.345404
0.952467 0.338916
0.961874 0.000839
0.976446 0.030011
0.958919 0.076759
0.955594 0.112937
0.954618 0.178704
0.957048 0.217093
0.956382 0.196545
0.968195 0.290767
0.999654 0.337096
0.952899 0.304572
0.971309 0.274520
0.950056 0.432879
0.897580 0.330616
0.959584 0.433438
0.970687 0.000529
0.989846 0.000249
0.976434 0.051957
0.974903 0.122671
0.950776 0.146156
0.948669 0.161984
0.970585 0.242535
0.972088 0.225889
0.969358 0.306837
0.967251 0.368004
0.999540 0.376055
0.998841 0.417024
0.903590 0.387102
0.926631 0.351039
0.893754 0.384052
0.979600 0.000622
0.974813 0.068839
0.960461 0.095473
0.973848 0.140046
0.972701 0.155508
0.935406 0.190679
0.999955 0.278799
0.999696 0.314164
0.999928 0.254989
0.967352 0.402695
0.999892 0.325650
0.961359 0.391434
0.967461 0.419084
0.850418 0.311947
0.999820 0.006390
0.999030 0.039558
0.976066 0.086605
0.975431 0.105695
0.999745 0.103693
0.999648 0.183537
0.998943 0.137319
0.999926 0.148544
0.999726 0.349280
0.999550 0.266536
0.999982 0.361734
0.975835 0.359913
0.994792 0.421802
0.999799 0.230830
0.933669 0.376018
0.999346 0.000060
0.999235 0.049904
0.999809 0.071168
0.999603 0.092784
0.999153 0.114743
0.974918 0.188257
0.972552 0.257537
0.999570 0.303140
0.999008 0.242924
0.999267 0.195317
0.999169 0.290767
0.999675 0.395275
0.871083 0.323547
0.997435 0.380604
0.999954 0.020031
0.999653 0.029788
0.999469 0.060548
0.999907 0.081894
0.973365 0.170346
0.999294 0.125877
0.999769 0.207179
0.935780 0.223773
0.999710 0.219338
0.999874 0.160313
0.998975 0.171716
0.944565 0.353886
0.999446 0.404466
0.936123 0.401691
0.941508 0.423632
