0.000908 0.028498
0.000265 0.058339
0.000842 0.089316
0.000150 0.121250
0.000409 0.132140
0.000121 0.292521
0.000472 0.176216
0.000619 0.187336
0.000045 0.304144
0.001177 0.372875
0.073722 0.377044
0.036758 0.341854
0.024300 0.371474
0.058651 0.378606
0.000013 0.018486
0.000802 0.038232
0.000554 0.068503
0.022896 0.064956
0.025582 0.193650
0.000093 0.198927
0.000176 0.165071
0.000247 0.268578
0.000651 0.233840
0.000102 0.245788
0.000255 0.337950
0.000642 0.350476
0.034113 0.382762
0.036302 0.402531
0.085124 0.322431
0.000434 0.005196
0.000168 0.048149
0.000178 0.078854
0.000780 0.099891
0.000783 0.110519
0.000230 0.210384
0.000441 0.154031
0.000484 0.280393
0.000085 0.221966
0.000337 0.315137
0.000799 0.327594
0.009078 0.401325
0.000484 0.402391
0.039044 0.404974
0.000079 0.000299
0.022946 0.022113
0.025086 0.049798
0.023370 0.095898
0.025852 0.161587
0.067158 0.213282
0.044117 0.187680
0.000219 0.257119
0.032095 0.257417
0.030765 0.243494
0.030638 0.287042
0.000012 0.386425
0.000577 0.361348
0.002191 0.432624
0.085490 0.353066
0.010007 0.000518
0.042110 0.037231
0.022513 0.036487
0.023856 0.079476
0.000450 0.143086
0.026606 0.211765
0.046325 0.203293
0.043820 0.222115
0.028968 0.270145
0.051925 0.274707
0.031140 0.301527
0.069685 0.309691
0.036451 0.312831
0.057260 0.389398
0.029893 0.001106
0.020545 0.000288
0.059664 0.068343
0.039807 0.055685
0.026799 0.177467
0.023618 0.111486
0.046570 0.169078
0.062842 0.181581
0.053598 0.241174
0.057195 0.257894
0.074908 0.248184
0.052552 0.294894
0.075654 0.334510
0.039292 0.352561
0.109939 0.324041
0.038796 0.000102
0.056757 0.022831
0.042039 0.073727
0.045631 0.104627
0.025683 0.145209
0.043949 0.152858
0.069023 0.198516
0.099421 0.210215
0.025947 0.228303
0.063881 0.229136
0.036868 0.327410
0.059515 0.324861
0.068008 0.284332
0.001946 0.432357
0.047726 0.000771
0.038845 0.022393
0.060148 0.037494
0.056704 0.053317
0.040613 0.090287
0.061249 0.118859
0.024001 0.129002
0.067537 0.164046
0.086914 0.194786
0.086510 0.219336
0.076727 0.266832
0.098394 0.248014
0.092139 0.281653
0.139309 0.270901
0.103151 0.340171
0.056747 0.000619
0.073023 0.023254
0.074877 0.046487
0.058666 0.086946
0.065805 0.103296
0.040727 0.119832
0.043987 0.135714
0.063445 0.148844
0.125426 0.218158
0.089816 0.234052
0.111767 0.228740
0.113952 0.277138
0.057012 0.348683
0.119868 0.259865
0.065680 0.000051
0.074558 0.000633
0.084341 0.033487
0.077786 0.061470
0.073584 0.078757
0.082188 0.093423
0.084105 0.125454
0.065719 0.133520
0.081473 0.177084
0.115671 0.203034
0.147423 0.225644
0.097332 0.264469
0.130782 0.288490
0.106906 0.293799
0.104764 0.361021
0.083331 0.000386
0.094845 0.022459
0.104870 0.034505
0.098828 0.062666
0.091343 0.076250
0.083324 0.109972
0.084795 0.141442
0.086241 0.157206
0.098967 0.172018
0.131182 0.191855
0.119217 0.243908
0.140395 0.208522
0.141995 0.253897
0.124405 0.366638
0.092156 0.000534
0.109772 0.000978
0.116170 0.024486
0.096056 0.047773
0.111060 0.080010
0.101438 0.092877
0.101964 0.109838
0.104589 0.141873
0.108697 0.157594
0.104818 0.188880
0.145925 0.183445
0.140612 0.238202
0.202342 0.249169
0.107608 0.309120
0.119568 0.369481
0.101017 0.000516
0.126884 0.037592
0.116175 0.050285
0.118042 0.066336
0.129443 0.085282
0.119431 0.099395
0.105501 0.124893
0.122008 0.133568
0.125743 0.151076
0.119006 0.176464
0.156473 0.200770
0.175036 0.237505
0.163844 0.264781
0.081821 0.298135
0.118502 0.000379
0.144622 0.000373
0.134843 0.023720
0.135322 0.054575
0.137787 0.070020
0.148076 0.085113
0.124642 0.114792
0.143380 0.144105
0.133344 0.167487
0.149730 0.161493
0.162414 0.176399
0.164401 0.222109
0.189378 0.229994
0.177704 0.278035
0.134048 0.315399
0.127215 0.000704
0.145129 0.036424
0.154160 0.050474
0.156070 0.066509
0.166471 0.079928
0.139835 0.102716
0.138847 0.125710
0.157867 0.133545
0.176357 0.166622
0.171446 0.194683
0.178869 0.211990
0.162695 0.248838
0.232057 0.257694
0.195855 0.271761
0.135970 0.001059
0.179145 0.000268
0.155304 0.025200
0.172433 0.057024
0.159406 0.098186
0.153034 0.115168
0.172514 0.124448
0.164577 0.151692
0.185441 0.184635
0.190948 0.157338
0.194199 0.204841
0.205414 0.222894
0.207756 0.286611
0.153869 0.280644
0.134416 0.302394
0.153277 0.000397
0.168280 0.039310
0.182099 0.071910
0.179888 0.091375
0.174374 0.108167
0.191240 0.129324
0.179450 0.143135
0.210291 0.161258
0.200570 0.176132
0.216757 0.211249
0.229496 0.231489
0.186141 0.256205
0.153740 0.348675
0.124032 0.347012
0.161926 0.000776
0.172861 0.025476
0.187974 0.040322
0.191360 0.056085
0.196871 0.094684
0.192634 0.111759
0.203537 0.142884
0.225878 0.157482
0.221028 0.178971
0.206374 0.192685
0.236261 0.212561
0.215270 0.240341
0.216302 0.265829
0.165095 0.293051
0.158847 0.345868
0.170546 0.000531
0.207046 0.042576
0.198390 0.076281
0.223850 0.072086
0.213350 0.086437
0.208928 0.122673
0.239086 0.173088
0.252239 0.161132
0.227683 0.195809
0.247544 0.229361
0.243527 0.247837
0.264849 0.264019
0.248666 0.270533
0.171894 0.319370
0.187678 0.000164
0.189938 0.025811
0.226865 0.040311
0.207564 0.062087
0.230714 0.090274
0.212405 0.104990
0.221068 0.139240
0.261498 0.146097
0.245052 0.191059
0.290093 0.239580
0.276219 0.218258
0.227013 0.279024
0.304529 0.284890
0.210062 0.308041
0.187334 0.318048
0.196160 0.000422
0.206574 0.027177
0.245476 0.042545
0.243141 0.078237
0.231377 0.106348
0.227271 0.122928
0.240320 0.146821
0.271968 0.169294
0.253863 0.212325
0.269096 0.231395
0.263910 0.246598
0.288333 0.288264
0.160963 0.307693
0.131848 0.333524
0.204613 0.000590
0.255065 0.000630
0.221559 0.025324
0.224009 0.056301
0.249899 0.095169
0.248496 0.114847
0.244191 0.130878
0.263998 0.129086
0.291775 0.167892
0.257833 0.179176
0.306392 0.266239
0.290288 0.255641
0.280073 0.266057
0.248991 0.295746
0.188802 0.294313
0.213006 0.000326
0.238262 0.026651
0.262325 0.040858
0.259918 0.076669
0.268703 0.091604
0.264587 0.108803
0.283030 0.136913
0.278394 0.153470
0.292601 0.185691
0.277371 0.190432
0.328734 0.257359
0.334304 0.284778
0.325083 0.304437
0.154133 0.330266
0.221576 0.000527
0.288601 0.000605
0.253794 0.025309
0.241394 0.060513
0.276104 0.069374
0.284452 0.101943
0.279352 0.119740
0.301085 0.132876
0.298841 0.151393
0.346139 0.175444
0.318200 0.208334
0.263960 0.199528
0.351752 0.279503
0.357503 0.266016
0.257685 0.286932
0.229985 0.001100
0.270177 0.025456
0.277125 0.053581
0.257876 0.058794
0.300433 0.095972
0.298108 0.115814
0.314365 0.110512
0.316712 0.148147
0.310914 0.168044
0.348048 0.218655
0.302391 0.233210
0.332480 0.227558
0.196808 0.315442
0.315462 0.298942
0.238431 0.000269
0.313576 0.000231
0.281375 0.038279
0.292966 0.061225
0.284856 0.083008
0.317052 0.092794
0.341149 0.101908
0.318124 0.129978
0.328854 0.164468
0.351554 0.139186
0.311893 0.187357
0.302236 0.202820
0.289493 0.211600
0.236421 0.302731
0.339920 0.304828
0.246769 0.000203
0.288460 0.024227
0.308258 0.055343
0.301807 0.077154
0.316316 0.072043
0.331565 0.087659
0.351474 0.119620
0.335101 0.148543
0.366461 0.137667
0.350178 0.158981
0.312715 0.225343
0.374051 0.256463
0.225363 0.304887
0.319866 0.266563
0.263493 0.000127
0.338318 0.000463
0.298433 0.040530
0.325743 0.057488
0.336077 0.071643
0.350149 0.082943
0.357733 0.100351
0.330520 0.112606
0.335924 0.129767
0.367163 0.158117
0.366950 0.177082
0.355976 0.234030
0.378167 0.205059
0.437049 0.340748
0.362287 0.212005
0.271897 0.000257
0.304879 0.026079
0.318523 0.040317
0.370433 0.056996
0.357964 0.067000
0.367271 0.082580
0.394844 0.130145
0.367365 0.116691
0.380110 0.127787
0.381740 0.151100
0.327381 0.182406
0.389095 0.317238
0.495538 0.359598
0.285455 0.301701
0.280218 0.000377
0.362999 0.000737
0.345609 0.057060
0.338081 0.042269
0.374028 0.040176
0.388300 0.087776
0.375325 0.096726
0.419706 0.107807
0.424521 0.127029
0.396983 0.150476
0.382888 0.172941
0.387729 0.191115
0.364628 0.193329
0.345793 0.193071
0.400134 0.324191
0.296972 0.000311
0.321000 0.025678
0.350108 0.026519
0.389091 0.046960
0.380996 0.070733
0.402416 0.100180
0.386331 0.108473
0.411165 0.139615
0.427448 0.149169
0.399141 0.174719
0.408644 0.191890
0.446395 0.219390
0.276718 0.299045
0.393314 0.299499
0.305276 0.000188
0.336279 0.026305
0.381288 0.026521
0.392890 0.061739
0.414006 0.086599
0.456076 0.081854
0.438599 0.114688
0.405837 0.118490
0.445076 0.098127
0.420580 0.179376
0.467285 0.186594
0.439132 0.185155
0.424584 0.214302
0.397385 0.215554
0.333696 0.203073
0.321867 0.000251
0.357639 0.043345
0.395926 0.025788
0.404197 0.041060
0.418779 0.046390
0.423217 0.071534
0.460745 0.103012
0.470591 0.125736
0.449003 0.154313
0.411050 0.160206
0.434534 0.167573
0.422380 0.234810
0.371161 0.310536
0.330578 0.242521
0.330097 0.000166
0.403789 0.000586
0.365341 0.025106
0.410473 0.024708
0.402241 0.077884
0.439486 0.078994
0.429153 0.093206
0.454611 0.120855
0.438443 0.136809
0.454141 0.177776
0.476187 0.141702
0.385037 0.223217
0.406256 0.236916
0.370991 0.294063
0.411007 0.327628
0.346600 0.000999
0.436722 0.041021
0.409855 0.060347
0.446832 0.062676
0.482695 0.077187
0.493147 0.101670
0.466985 0.159162
0.455687 0.140449
0.470094 0.271992
0.409647 0.207645
0.431272 0.198630
0.464322 0.216158
0.405009 0.289695
0.355346 0.304077
0.354813 0.001093
0.412019 0.000561
0.477043 0.000525
0.453575 0.024037
0.423958 0.028722
0.498843 0.067934
0.473686 0.090070
0.497487 0.085628
0.486681 0.153934
0.476973 0.108188
0.427619 0.278658
0.476196 0.203074
0.371835 0.234708
0.409063 0.255275
0.478182 0.228298
0.371217 0.000511
0.460825 0.000789
0.437268 0.024252
0.432497 0.057609
0.529989 0.118876
0.545544 0.130471
0.503478 0.114809
0.499207 0.139614
0.477352 0.171603
0.389422 0.243806
0.350852 0.251644
0.486662 0.358304
0.442566 0.340616
0.425450 0.257914
0.379396 0.000293
0.452673 0.000631
0.485275 0.000744
0.489742 0.037180
0.530992 0.037012
0.575691 0.158326
0.533204 0.155455
0.528478 0.135962
0.622537 0.213992
0.425912 0.298419
0.463785 0.346005
0.973895 0.194801
0.546043 0.243362
0.420752 0.316802
0.392639 0.264625
0.420110 0.000843
0.468947 0.000622
0.610387 0.049611
0.465710 0.069296
0.460011 0.053677
0.539040 0.172373
0.515787 0.151022
0.489223 0.123494
0.520104 0.203572
0.452038 0.200928
0.455847 0.319788
0.408522 0.274175
0.443049 0.293545
0.378238 0.277290
0.395649 0.000513
0.436324 0.000538
0.509774 0.000047
0.467581 0.028018
0.631343 0.177899
0.513802 0.065793
0.627876 0.275299
0.502051 0.159856
0.442101 0.256977
0.489361 0.179710
0.964192 0.319170
0.640038 0.294490
0.648884 0.286300
0.436246 0.316658
0.472401 0.355226
0.534240 0.000596
0.501678 0.000595
0.428191 0.000141
0.078210 0.366402
0.481122 0.059659
0.516345 0.105779
0.436479 0.235541
0.614407 0.251157
0.516058 0.230246
0.500855 0.339029
0.922817 0.314735
0.524140 0.263594
0.523843 0.363818
0.471534 0.293477
0.599202 0.000231
0.550426 0.001117
0.387524 0.000588
0.493484 0.000565
0.542262 0.024822
0.474145 0.043177
0.513799 0.087738
0.566061 0.143974
0.504867 0.191811
0.516158 0.343873
0.452322 0.245806
0.460905 0.301520
0.484436 0.293751
0.446062 0.279414
0.490755 0.314824
0.591016 0.000367
0.517849 0.000986
0.444492 0.000372
0.498936 0.023946
0.452280 0.039167
0.947904 0.360073
0.512367 0.367581
0.476694 0.332940
0.537429 0.326956
0.517243 0.280251
0.528649 0.362124
0.476470 0.317608
0.502576 0.269285
0.551855 0.222481
0.615439 0.000647
0.566552 0.000326
0.510972 0.030730
0.526041 0.000054
0.497254 0.051109
0.513277 0.045354
0.527417 0.055657
0.512306 0.129398
0.548940 0.146359
0.510070 0.177761
0.506932 0.213058
0.475904 0.252806
0.502462 0.241860
0.490953 0.251112
0.550016 0.280703
0.631754 0.000699
0.542365 0.000193
0.554984 0.029234
0.524082 0.023506
0.480409 0.023800
0.526886 0.077332
0.558017 0.118746
0.571657 0.129943
0.588659 0.140077
0.522396 0.171283
0.462098 0.263241
0.545589 0.207888
0.514012 0.254028
0.500472 0.293746
0.639903 0.000525
0.558467 0.000275
0.585624 0.026989
0.577430 0.041199
0.561791 0.042636
0.544350 0.107775
0.570184 0.107126
0.601141 0.126199
0.579435 0.177409
0.532491 0.190126
0.576727 0.211231
0.537915 0.280916
0.491340 0.219025
0.532210 0.241718
0.507520 0.324034
0.656253 0.000009
0.613722 0.031561
0.601648 0.024585
0.569933 0.024094
0.543791 0.047076
0.540549 0.066719
0.531288 0.096837
0.557547 0.094609
0.592877 0.157199
0.563399 0.181721
0.596774 0.234785
0.547715 0.189237
0.531591 0.217036
0.464661 0.234018
0.664472 0.000250
0.574744 0.000060
0.627453 0.023998
0.557036 0.059665
0.588223 0.056832
0.573188 0.061985
0.543414 0.084147
0.573988 0.085177
0.586432 0.118732
0.596683 0.176410
0.584156 0.195346
0.565037 0.199697
0.628002 0.291220
0.532057 0.308049
0.597571 0.295170
0.680793 0.000307
0.582844 0.000139
0.607320 0.000480
0.595847 0.040858
0.560304 0.075164
0.600571 0.085930
0.584743 0.096800
0.609058 0.160809
0.625896 0.155263
0.602271 0.195811
0.557337 0.164808
0.560233 0.266156
0.567536 0.249953
0.489170 0.277555
0.689068 0.000758
0.623561 0.000252
0.641513 0.028428
0.638090 0.068932
0.603323 0.064874
0.588358 0.075489
0.599758 0.105595
0.609423 0.140309
0.642197 0.141071
0.659435 0.147538
0.566739 0.229051
0.647610 0.178311
0.583298 0.222537
0.615293 0.232229
0.667455 0.297456
0.705572 0.000268
0.641484 0.050723
0.645710 0.084249
0.628136 0.040931
0.624500 0.059747
0.615965 0.075700
0.614982 0.097777
0.625682 0.136049
0.639197 0.197747
0.642485 0.159653
0.648058 0.213131
0.542357 0.307155
0.491576 0.201796
0.557704 0.297099
0.713835 0.000906
0.648053 0.000356
0.657495 0.024351
0.654243 0.063165
0.627698 0.085006
0.632940 0.101980
0.616376 0.116944
0.648460 0.121719
0.663813 0.130595
0.657529 0.191659
0.615022 0.178158
0.596008 0.262708
0.585627 0.246642
0.604442 0.213783
0.572312 0.286003
0.722040 0.000527
0.671583 0.029108
0.654003 0.039873
0.672008 0.065357
0.661700 0.079679
0.632354 0.119811
0.663402 0.112290
0.677365 0.144912
0.664094 0.163938
0.620118 0.195497
0.707310 0.277217
0.605871 0.288200
0.514206 0.306699
0.539109 0.259040
0.738696 0.000107
0.672613 0.000904
0.686165 0.024883
0.667529 0.048546
0.686806 0.059179
0.681686 0.079646
0.649602 0.101136
0.683379 0.126609
0.672211 0.177608
0.667253 0.205850
0.689146 0.238419
0.682641 0.224106
0.613015 0.269098
0.584976 0.293991
0.724568 0.297858
0.746965 0.000898
0.701402 0.027091
0.683880 0.041361
0.702765 0.060271
0.699209 0.077272
0.668014 0.095098
0.682241 0.111235
0.693976 0.171550
0.683974 0.187719
0.662762 0.222958
0.635687 0.226588
0.583693 0.267344
0.694126 0.268369
0.682113 0.303150
0.755384 0.000404
0.697318 0.000240
0.716368 0.026628
0.701974 0.042916
0.716720 0.075772
0.686800 0.095436
0.700826 0.115009
0.698760 0.135678
0.684324 0.158631
0.700576 0.194388
0.653105 0.239920
0.680891 0.253741
0.632797 0.244203
0.763113 0.314127
0.712387 0.305278
0.763703 0.000749
0.732163 0.025310
0.721271 0.041509
0.719538 0.058549
0.703448 0.095744
0.718922 0.110295
0.714045 0.130095
0.709740 0.176065
0.684901 0.207201
0.719665 0.238698
0.652635 0.265176
0.668921 0.244526
0.794053 0.328272
0.700942 0.287455
0.772130 0.001046
0.730317 0.000710
0.752482 0.025305
0.736210 0.071195
0.719769 0.092479
0.731727 0.123116
0.727078 0.142083
0.703406 0.151468
0.708437 0.209097
0.641070 0.257108
0.731612 0.221530
0.715574 0.258966
0.730942 0.262713
0.735368 0.314097
0.735793 0.279357
0.789000 0.000348
0.759336 0.039751
0.741331 0.037510
0.736954 0.087692
0.737624 0.104650
0.746080 0.137832
0.718618 0.158049
0.730661 0.172144
0.705484 0.224560
0.749379 0.254025
0.761200 0.257211
0.671665 0.269994
0.758931 0.278347
0.676636 0.280616
0.797440 0.000962
0.771385 0.025602
0.737017 0.054000
0.755324 0.073417
0.760300 0.107775
0.749937 0.120172
0.766059 0.140791
0.739568 0.155446
0.719579 0.190683
0.739348 0.189352
0.703611 0.242129
0.734502 0.241797
0.768665 0.295467
0.813926 0.311759
0.741823 0.315181
0.805935 0.000202
0.788105 0.055888
0.771923 0.059161
0.754485 0.090935
0.781157 0.106870
0.769127 0.124634
0.785795 0.139136
0.749461 0.173452
0.776633 0.200659
0.778553 0.249211
0.778658 0.275193
0.744879 0.292945
0.781451 0.324985
0.691990 0.306845
0.822902 0.000777
0.780562 0.001037
0.776778 0.040118
0.754038 0.057479
0.774649 0.075866
0.772590 0.092335
0.788144 0.122193
0.758114 0.155709
0.760108 0.188703
0.729739 0.207212
0.749374 0.204097
0.792787 0.235431
0.806062 0.271797
0.811257 0.326237
0.829607 0.325610
0.831454 0.000757
0.789387 0.026081
0.797468 0.038571
0.794968 0.071501
0.801297 0.102659
0.791671 0.089075
0.781372 0.154176
0.792242 0.167276
0.769107 0.170355
0.793812 0.206536
0.764515 0.236433
0.779252 0.222445
0.783069 0.309433
0.789385 0.289559
0.839992 0.000098
0.814480 0.000433
0.808999 0.025946
0.806126 0.055480
0.809603 0.082615
0.821805 0.112224
0.805594 0.119454
0.804703 0.137568
0.803645 0.154291
0.750197 0.227839
0.762552 0.215312
0.791071 0.263555
0.825120 0.268221
0.912897 0.351966
0.850179 0.331654
0.857187 0.000152
0.827905 0.026007
0.817658 0.038861
0.818454 0.067952
0.821524 0.096055
0.842085 0.097407
0.822819 0.131534
0.823398 0.149527
0.779795 0.184091
0.798033 0.185748
0.801302 0.220733
0.817111 0.237751
0.807154 0.296038
0.823995 0.284942
0.865802 0.000182
0.848531 0.000629
0.849897 0.025204
0.839093 0.036834
0.827815 0.053330
0.840648 0.066575
0.838350 0.115658
0.839701 0.134539
0.832689 0.162881
0.812127 0.169314
0.811561 0.194391
0.824310 0.223645
0.826987 0.251455
0.802582 0.250624
0.834976 0.310515
0.883107 0.001134
0.870446 0.025717
0.859861 0.036880
0.849012 0.052331
0.832284 0.081864
0.857976 0.107058
0.855627 0.123755
0.846418 0.148667
0.844815 0.176988
0.823724 0.180904
0.818988 0.208609
0.841926 0.240552
0.851934 0.262052
0.854911 0.345405
0.891848 0.000660
0.874472 0.000168
0.890292 0.024492
0.870558 0.051524
0.862223 0.066349
0.851465 0.081590
0.865922 0.091972
0.875674 0.121915
0.864134 0.138140
0.855873 0.162075
0.836220 0.193635
0.839368 0.209644
0.896386 0.278586
0.894664 0.340378
0.861437 0.352706
0.900628 0.000553
0.913163 0.024561
0.882654 0.038335
0.885595 0.060708
0.876463 0.075721
0.885519 0.089613
0.879615 0.105824
0.874050 0.149735
0.875020 0.165775
0.857100 0.195043
0.863477 0.180300
0.847417 0.223642
0.876991 0.273521
0.842956 0.276020
0.909283 0.000198
0.918148 0.000219
0.923590 0.038217
0.902480 0.034833
0.900626 0.050251
0.900469 0.082024
0.903370 0.100075
0.889917 0.132086
0.892027 0.149384
0.879510 0.188300
0.884449 0.202184
0.862925 0.210579
0.858278 0.247897
0.925699 0.375476
0.878030 0.329731
0.926980 0.000359
0.932575 0.025082
0.920983 0.053724
0.902683 0.066650
0.921682 0.103638
0.896259 0.115711
0.908756 0.136949
0.891819 0.172978
0.901301 0.186387
0.880765 0.217174
0.879577 0.242821
0.900434 0.259535
0.879639 0.259007
0.865455 0.286612
0.935798 0.000323
0.947600 0.028074
0.941166 0.044175
0.921919 0.069934
0.920255 0.086034
0.915036 0.120356
0.905930 0.159367
0.915299 0.173034
0.912409 0.198251
0.895136 0.225311
0.917618 0.267270
0.902510 0.240692
0.865453 0.229941
0.885177 0.294364
0.858033 0.316925
0.944535 0.000329
0.957084 0.055599
0.939730 0.062529
0.939019 0.096306
0.937199 0.115992
0.922123 0.147564
0.932592 0.192784
0.921906 0.223840
0.918357 0.245864
0.933739 0.256940
0.945086 0.267189
0.925704 0.284065
0.909972 0.297177
0.875063 0.356958
0.953462 0.000106
0.963167 0.023493
0.963358 0.039327
0.941073 0.079662
0.957166 0.123087
0.931803 0.131818
0.932445 0.161588
0.907223 0.212969
0.949728 0.222102
0.936564 0.234179
0.953576 0.246277
0.929202 0.298044
0.962906 0.299687
0.895877 0.323950
0.949397 0.317420
0.962348 0.000516
0.978073 0.029311
0.958701 0.072003
0.955321 0.105645
0.954837 0.168598
0.954946 0.204408
0.954891 0.186408
0.967468 0.273413
0.999145 0.332534
0.950279 0.284413
0.970272 0.257945
0.947337 0.407961
0.892638 0.309335
0.959880 0.407894
0.971181 0.000474
0.990617 0.000539
0.977061 0.048453
0.975880 0.116400
0.950265 0.137572
0.947954 0.152366
0.969839 0.227344
0.973002 0.211282
0.968966 0.290174
0.959764 0.347092
0.999868 0.368269
0.999876 0.410928
0.901740 0.363164
0.922577 0.329558
0.890125 0.361265
0.980243 0.000543
0.975899 0.065306
0.960094 0.089793
0.975060 0.132856
0.971424 0.147791
0.933342 0.178243
0.999443 0.276430
0.999959 0.310341
0.999809 0.253310
0.964193 0.381141
0.999106 0.321572
0.959290 0.370781
0.965122 0.398042
0.844259 0.291512
0.999644 0.007046
0.999367 0.039683
0.977124 0.082427
0.976902 0.100217
0.999685 0.103531
0.999447 0.182758
0.999515 0.137063
0.999041 0.148249
0.999303 0.343403
0.999411 0.264809
0.999750 0.355914
0.964776 0.339949
0.992153 0.412515
0.999779 0.229730
0.929329 0.354794
0.999597 0.000441
0.999795 0.049943
0.999033 0.070893
0.999050 0.092535
0.999857 0.114641
0.974468 0.177731
0.972139 0.242336
0.999220 0.299305
0.998958 0.240752
0.999488 0.194368
0.999607 0.287286
0.999993 0.389124
0.867073 0.303763
0.993018 0.372055
0.998910 0.020038
0.999129 0.029879
0.999556 0.060495
0.999306 0.081592
0.973664 0.161676
0.999491 0.125814
0.999621 0.206261
0.933521 0.209119
0.998928 0.217824
0.999514 0.159753
0.999171 0.170870
0.938803 0.329295
0.999955 0.399823
0.932581 0.380309
0.944041 0.397926
