0.000192 0.028488
0.000110 0.058346
0.000173 0.089329
0.000273 0.121266
0.000157 0.132143
0.000013 0.292063
0.000426 0.176124
0.000301 0.187291
0.000439 0.303763
0.001268 0.371868
0.074642 0.371651
0.037446 0.336936
0.025350 0.366813
0.059066 0.373536
0.000707 0.018464
0.000269 0.038244
0.000780 0.068526
0.022772 0.064579
0.025350 0.191233
0.000970 0.198854
0.000566 0.165000
0.000836 0.268188
0.000208 0.233551
0.000486 0.245612
0.000128 0.337124
0.000647 0.349852
0.034084 0.376777
0.037560 0.397788
0.085864 0.317294
0.000346 0.005173
0.000106 0.048157
0.000989 0.078863
0.001090 0.099899
0.000166 0.110555
0.000261 0.210254
0.000815 0.153962
0.000501 0.280069
0.000353 0.221872
0.000396 0.314731
0.000738 0.326741
0.010175 0.399068
0.000469 0.401815
0.039144 0.400645
0.000571 0.000218
0.023094 0.022375
0.025226 0.049378
0.023347 0.095202
0.025555 0.159587
0.067182 0.209794
0.044078 0.184712
0.000888 0.256730
0.032200 0.253734
0.030766 0.240103
0.030779 0.282874
0.000613 0.386105
0.000472 0.360944
0.002740 0.430681
0.086359 0.347416
0.009940 0.000984
0.042536 0.036756
0.022593 0.036289
0.023901 0.078976
0.000415 0.143048
0.026582 0.208963
0.046187 0.200329
0.044060 0.218954
0.029190 0.266476
0.052085 0.270296
0.031473 0.297269
0.069831 0.304724
0.036852 0.308422
0.057843 0.383656
0.029818 0.000604
0.020475 0.000726
0.059805 0.067404
0.040006 0.054706
0.026487 0.175167
0.023456 0.110417
0.046510 0.166522
0.062716 0.178889
0.053313 0.237455
0.057426 0.253600
0.075320 0.243839
0.052981 0.290213
0.076109 0.329419
0.039619 0.348506
0.110902 0.318981
0.038764 0.000409
0.057254 0.022605
0.042308 0.072708
0.045658 0.103375
0.025398 0.143363
0.044104 0.150574
0.069028 0.195135
0.100060 0.207265
0.025719 0.225014
0.064510 0.225543
0.036796 0.322989
0.060373 0.319636
0.068523 0.279758
0.001935 0.430314
0.047707 0.000624
0.039143 0.022117
0.060524 0.037100
0.057275 0.052918
0.040624 0.089024
0.061525 0.117012
0.023842 0.127557
0.067680 0.161506
0.087602 0.191814
0.086786 0.215718
0.076950 0.262389
0.099261 0.244069
0.092735 0.277308
0.140152 0.266992
0.103846 0.334966
0.056749 0.000225
0.073739 0.022915
0.075281 0.045901
0.058705 0.085784
0.065914 0.101578
0.040937 0.118324
0.044147 0.133819
0.063427 0.146570
0.126398 0.215225
0.090150 0.230506
0.111681 0.225116
0.114588 0.272926
0.057985 0.343034
0.120577 0.256053
0.065687 0.000911
0.074594 0.000262
0.084920 0.033031
0.078884 0.060828
0.073976 0.077711
0.082773 0.092129
0.084566 0.123661
0.065992 0.131348
0.081532 0.174192
0.116446 0.200002
0.148537 0.222426
0.097923 0.260586
0.131846 0.284294
0.107636 0.289184
0.105562 0.355743
0.083353 0.000377
0.095646 0.022052
0.105463 0.034183
0.099825 0.061994
0.091852 0.075329
0.083693 0.108449
0.085115 0.139546
0.086348 0.155024
0.099744 0.169427
0.131808 0.189005
0.120147 0.240303
0.141011 0.205337
0.143029 0.250209
0.125480 0.360996
0.092181 0.001073
0.109794 0.000553
0.116962 0.024133
0.096254 0.046998
0.111658 0.079175
0.101712 0.091916
0.102509 0.108429
0.104932 0.139876
0.109252 0.155070
0.104994 0.186115
0.146812 0.180767
0.141212 0.234834
0.203837 0.246137
0.108301 0.304280
0.120098 0.363707
0.101044 0.000873
0.127198 0.037210
0.116655 0.049781
0.118767 0.065683
0.130084 0.084331
0.120053 0.098072
0.105865 0.123310
0.122478 0.131828
0.126460 0.148864
0.119603 0.173841
0.157355 0.197911
0.176436 0.234301
0.165356 0.261298
0.082603 0.293254
0.118502 0.000475
0.144633 0.000553
0.135578 0.023386
0.135956 0.053824
0.138318 0.069170
0.148562 0.084176
0.125170 0.113419
0.143988 0.141983
0.134018 0.164966
0.150634 0.159300
0.163127 0.173930
0.165342 0.219048
0.190532 0.226989
0.179386 0.274507
0.135149 0.310813
0.127210 0.001127
0.145359 0.036035
0.154621 0.049904
0.156348 0.065988
0.167103 0.079091
0.140453 0.101650
0.139421 0.123962
0.158421 0.131734
0.177016 0.164418
0.172244 0.192134
0.180030 0.209225
0.163640 0.245120
0.233746 0.255048
0.197788 0.268263
0.135973 0.000044
0.179105 0.001021
0.155828 0.025003
0.172596 0.056541
0.159868 0.097010
0.153768 0.113747
0.172975 0.122842
0.165292 0.149769
0.186324 0.182159
0.191627 0.155128
0.195224 0.202145
0.206443 0.220227
0.210010 0.283098
0.155072 0.276617
0.135606 0.297766
0.153273 0.000301
0.168501 0.038893
0.182491 0.071020
0.180605 0.090288
0.174796 0.106692
0.191802 0.127654
0.179921 0.141250
0.210800 0.159035
0.201281 0.173873
0.217394 0.208549
0.230632 0.228776
0.187140 0.252831
0.155037 0.343385
0.125276 0.341721
0.161889 0.000688
0.173424 0.025237
0.188043 0.040001
0.191562 0.055596
0.197341 0.093672
0.193195 0.110348
0.203888 0.140875
0.226317 0.155656
0.221582 0.176790
0.207311 0.190241
0.237086 0.210259
0.216617 0.237547
0.217502 0.262840
0.167066 0.288694
0.159942 0.340698
0.170507 0.000544
0.207094 0.041807
0.198734 0.075258
0.224190 0.071242
0.213579 0.085202
0.209324 0.121184
0.239672 0.170997
0.252840 0.159314
0.228408 0.193386
0.249133 0.227206
0.245074 0.245210
0.266456 0.262062
0.250000 0.267813
0.173725 0.314773
0.187640 0.000252
0.190087 0.025288
0.227042 0.039948
0.207896 0.061068
0.230955 0.089353
0.212891 0.103630
0.221696 0.137817
0.261930 0.144364
0.245964 0.189270
0.291005 0.237595
0.277238 0.216200
0.229183 0.276031
0.307250 0.283966
0.212333 0.304155
0.189164 0.313699
0.196104 0.000351
0.206490 0.026688
0.245782 0.041855
0.243334 0.077263
0.231611 0.105133
0.227639 0.121628
0.240936 0.145044
0.272542 0.167903
0.254986 0.210316
0.270476 0.229363
0.265346 0.244438
0.290225 0.286041
0.162134 0.303467
0.132840 0.328471
0.204566 0.000886
0.255029 0.000371
0.221442 0.025002
0.223966 0.055600
0.249973 0.093856
0.248853 0.113396
0.244595 0.129318
0.264229 0.127517
0.292199 0.166395
0.258621 0.177456
0.307743 0.264010
0.292169 0.253951
0.282023 0.264644
0.251477 0.293124
0.190243 0.290599
0.212961 0.000116
0.237821 0.026059
0.262170 0.040446
0.260251 0.075748
0.268810 0.090650
0.264894 0.107817
0.283488 0.135467
0.278753 0.152077
0.293188 0.183745
0.277889 0.188363
0.331074 0.255899
0.336274 0.283900
0.327716 0.303123
0.155558 0.325021
0.221523 0.000380
0.288550 0.000341
0.253574 0.024785
0.241458 0.059628
0.276191 0.069014
0.284641 0.100909
0.279800 0.118615
0.301376 0.131823
0.299042 0.150169
0.346527 0.174381
0.318882 0.206961
0.264583 0.197520
0.353931 0.278823
0.359992 0.265147
0.260479 0.284304
0.229929 0.000667
0.269896 0.025277
0.277309 0.052955
0.258016 0.058279
0.300601 0.095211
0.298386 0.114940
0.314629 0.109871
0.316903 0.147207
0.311512 0.166688
0.349365 0.217230
0.303900 0.231906
0.333773 0.225858
0.198944 0.311285
0.318107 0.297379
0.238359 0.000738
0.313536 0.000326
0.281200 0.037791
0.292921 0.060716
0.285259 0.082401
0.317121 0.092181
0.341483 0.101336
0.318118 0.128804
0.329245 0.163422
0.351446 0.138421
0.312927 0.185890
0.303189 0.201266
0.290611 0.209846
0.238732 0.299484
0.342689 0.304044
0.246723 0.000204
0.288310 0.023848
0.308522 0.055272
0.301946 0.076451
0.316438 0.071625
0.331416 0.087200
0.351303 0.118877
0.335073 0.147485
0.366434 0.137099
0.350122 0.158125
0.314243 0.223639
0.375155 0.255806
0.227475 0.301339
0.321972 0.265690
0.263472 0.000816
0.338269 0.000881
0.297917 0.040372
0.325819 0.057352
0.336276 0.071310
0.349925 0.082446
0.357767 0.100081
0.330570 0.111576
0.335601 0.128792
0.367129 0.157382
0.366926 0.175985
0.357073 0.233189
0.379371 0.204475
0.439187 0.341563
0.363488 0.211268
0.271857 0.000302
0.304782 0.026220
0.318512 0.040221
0.370264 0.056629
0.357740 0.066532
0.367165 0.081945
0.394514 0.129982
0.367097 0.116134
0.379920 0.127199
0.381888 0.150322
0.328366 0.181596
0.391598 0.317557
0.499041 0.363308
0.287512 0.299877
0.280171 0.000590
0.362964 0.000455
0.345698 0.056804
0.337711 0.042152
0.373563 0.039714
0.388198 0.087777
0.374756 0.096521
0.419493 0.107360
0.424442 0.126651
0.397654 0.150150
0.383152 0.171474
0.388293 0.190207
0.365397 0.192555
0.346532 0.191848
0.402610 0.324652
0.296947 0.000126
0.320399 0.025628
0.349698 0.026547
0.388604 0.046541
0.380810 0.070737
0.402127 0.100011
0.386179 0.108082
0.411438 0.139456
0.427934 0.148889
0.399330 0.173628
0.408883 0.191516
0.446084 0.218780
0.278686 0.297208
0.395327 0.300040
0.305262 0.000456
0.335595 0.026009
0.380949 0.026249
0.392480 0.061265
0.413807 0.086689
0.455770 0.082189
0.438489 0.114394
0.405706 0.117935
0.444782 0.098328
0.420687 0.178785
0.466985 0.186538
0.439482 0.184886
0.425250 0.214024
0.398087 0.214720
0.334130 0.201919
0.321816 0.000093
0.357157 0.042980
0.395424 0.025559
0.403523 0.040961
0.418325 0.045970
0.422496 0.071541
0.460722 0.102896
0.470382 0.125789
0.448909 0.154104
0.411518 0.159001
0.434734 0.166860
0.422964 0.234674
0.373977 0.310471
0.331590 0.240963
0.330048 0.000302
0.403729 0.000831
0.364828 0.024839
0.410068 0.024236
0.401417 0.077363
0.439437 0.078801
0.429217 0.093132
0.454536 0.121032
0.438533 0.136753
0.454387 0.177431
0.475783 0.141315
0.385812 0.222276
0.406448 0.236348
0.372971 0.293653
0.412959 0.328562
0.346541 0.000448
0.436170 0.041149
0.409721 0.060032
0.446394 0.062564
0.482316 0.077391
0.492721 0.101633
0.466538 0.159094
0.455600 0.140145
0.470091 0.273153
0.410707 0.206952
0.431630 0.198258
0.463877 0.216030
0.407104 0.290304
0.357708 0.303960
0.354770 0.000675
0.411973 0.001169
0.477071 0.000095
0.452808 0.023940
0.423405 0.028821
0.498680 0.068216
0.473518 0.090147
0.497529 0.085487
0.485873 0.154123
0.476771 0.108049
0.429082 0.279352
0.475301 0.202628
0.372814 0.234311
0.410524 0.256006
0.478276 0.228471
0.371181 0.000533
0.460828 0.000167
0.436865 0.023953
0.431894 0.057160
0.529062 0.118709
0.544711 0.130108
0.503042 0.114794
0.498164 0.139960
0.476923 0.171205
0.390110 0.243254
0.352639 0.251135
0.488530 0.360457
0.444736 0.342368
0.425508 0.258007
0.379346 0.000528
0.452651 0.000237
0.485300 0.000397
0.489562 0.037492
0.531001 0.036689
0.574349 0.157593
0.532592 0.155162
0.528282 0.136261
0.620563 0.212911
0.427856 0.298978
0.465632 0.348525
0.973991 0.192449
0.545775 0.243435
0.423069 0.317560
0.393957 0.264583
0.420071 0.000811
0.468937 0.000914
0.610127 0.049354
0.465276 0.069156
0.459702 0.053465
0.538226 0.171689
0.514447 0.150536
0.488889 0.123599
0.519497 0.203949
0.451851 0.200163
0.456718 0.322043
0.409493 0.274065
0.444360 0.295072
0.379669 0.277044
0.395591 0.000782
0.436286 0.000801
0.509768 0.000116
0.466909 0.027573
0.630247 0.177079
0.513642 0.065660
0.625187 0.275295
0.501545 0.159946
0.442610 0.258175
0.488378 0.179471
0.964048 0.315023
0.636929 0.294307
0.646136 0.286474
0.437635 0.317966
0.475405 0.357593
0.534246 0.000722
0.501680 0.000712
0.428168 0.000033
0.078977 0.361144
0.480529 0.059466
0.515544 0.105913
0.436694 0.234800
0.612490 0.250764
0.514724 0.228703
0.503068 0.341452
0.921659 0.310430
0.522323 0.264440
0.528246 0.365342
0.471218 0.294680
0.599200 0.000635
0.550460 0.000640
0.387460 0.000194
0.493484 0.001188
0.542010 0.024514
0.473731 0.042941
0.513682 0.087614
0.564730 0.143873
0.504642 0.191669
0.521585 0.348507
0.452236 0.246153
0.460578 0.303133
0.485791 0.296311
0.446298 0.279302
0.490555 0.316634
0.591033 0.000860
0.517849 0.000718
0.444469 0.000202
0.498473 0.023920
0.451923 0.039173
0.947374 0.355385
0.516983 0.368779
0.478628 0.335723
0.542550 0.329197
0.517553 0.281099
0.532706 0.362869
0.477496 0.319888
0.503093 0.272493
0.550293 0.222890
0.615447 0.000794
0.566581 0.000963
0.510346 0.030721
0.526048 0.000188
0.496640 0.051414
0.513172 0.045153
0.527002 0.055569
0.511574 0.128913
0.548406 0.145942
0.509318 0.177257
0.505579 0.212584
0.475067 0.252261
0.501366 0.241256
0.490096 0.250724
0.547155 0.282185
0.631787 0.000414
0.542366 0.000972
0.554928 0.028614
0.523597 0.023453
0.480119 0.024004
0.526652 0.077125
0.557320 0.118251
0.571069 0.129280
0.587519 0.139537
0.521611 0.170549
0.462577 0.263974
0.543803 0.206945
0.512357 0.254835
0.499624 0.295817
0.639936 0.000006
0.558492 0.000453
0.585475 0.026839
0.577183 0.040792
0.561496 0.042293
0.543747 0.107467
0.569628 0.106652
0.600208 0.125882
0.578039 0.176882
0.531459 0.190308
0.574486 0.210781
0.536045 0.282279
0.490728 0.218094
0.530538 0.241639
0.509212 0.328449
0.656275 0.000428
0.613672 0.031271
0.601660 0.024329
0.569976 0.024082
0.543585 0.046525
0.540411 0.066435
0.530603 0.096711
0.557053 0.094159
0.591351 0.156915
0.562303 0.181281
0.595069 0.234660
0.546378 0.189155
0.530597 0.217090
0.464104 0.234456
0.664495 0.000582
0.574763 0.000180
0.627277 0.023715
0.556628 0.059348
0.587964 0.056419
0.572976 0.061860
0.543080 0.084092
0.573399 0.084917
0.585586 0.118271
0.595811 0.175382
0.582733 0.194575
0.563422 0.199590
0.624732 0.292061
0.530338 0.311515
0.594836 0.295809
0.680823 0.001054
0.582867 0.000382
0.607325 0.000327
0.595650 0.040503
0.559819 0.074779
0.600043 0.085496
0.584062 0.096269
0.607910 0.160026
0.625023 0.154337
0.600579 0.194931
0.556660 0.163807
0.558203 0.266905
0.566017 0.250081
0.489333 0.277936
0.689118 0.000521
0.623569 0.000475
0.641459 0.027913
0.637641 0.068534
0.602633 0.064356
0.587720 0.075017
0.598892 0.105017
0.608425 0.139638
0.641246 0.140002
0.658413 0.146263
0.565246 0.229006
0.646559 0.176811
0.581120 0.222849
0.613256 0.231753
0.663938 0.296428
0.705602 0.000261
0.640921 0.050192
0.645212 0.083620
0.627889 0.040668
0.624088 0.059311
0.615359 0.075069
0.613996 0.097141
0.624365 0.135303
0.637810 0.197051
0.641669 0.158245
0.646445 0.211998
0.539688 0.309951
0.490982 0.201973
0.555857 0.298889
0.713873 0.000001
0.648081 0.000712
0.657482 0.024161
0.653778 0.062546
0.626974 0.084444
0.632131 0.101223
0.615458 0.116290
0.647561 0.120662
0.662983 0.129285
0.656815 0.190632
0.613909 0.177599
0.592985 0.262955
0.582365 0.246311
0.602612 0.213534
0.569194 0.287622
0.722100 0.001190
0.671358 0.028725
0.653583 0.039566
0.671558 0.064639
0.661196 0.079067
0.631544 0.118911
0.662782 0.111472
0.676778 0.143578
0.663071 0.162792
0.618319 0.194953
0.705618 0.274902
0.603110 0.288675
0.512783 0.309859
0.536785 0.260461
0.738743 0.000384
0.672670 0.000085
0.685950 0.024811
0.667036 0.048097
0.686327 0.058681
0.681122 0.078896
0.648887 0.100476
0.682839 0.125474
0.671035 0.176334
0.666233 0.204695
0.687731 0.236905
0.681095 0.222641
0.609971 0.269102
0.581950 0.295452
0.721519 0.295338
0.747045 0.000446
0.701084 0.026998
0.683511 0.041226
0.702366 0.059910
0.698778 0.076638
0.667340 0.094368
0.681664 0.110171
0.692978 0.170282
0.683018 0.186865
0.661308 0.221888
0.634438 0.225401
0.580836 0.268262
0.691859 0.266465
0.678184 0.302048
0.755426 0.001006
0.697340 0.000735
0.716126 0.026264
0.701727 0.042423
0.716282 0.075067
0.686210 0.094531
0.700194 0.113946
0.698140 0.134423
0.683409 0.157402
0.699626 0.192790
0.650509 0.238659
0.678438 0.251862
0.630105 0.243303
0.760498 0.311188
0.709323 0.303362
0.763797 0.001008
0.732049 0.025188
0.720919 0.040997
0.718945 0.058055
0.702871 0.095057
0.718289 0.109429
0.713091 0.129051
0.709136 0.174553
0.684007 0.205694
0.717850 0.236179
0.650696 0.264555
0.666456 0.242925
0.792168 0.324233
0.698275 0.285749
0.772201 0.000652
0.730425 0.000534
0.752123 0.025232
0.735550 0.070815
0.719204 0.091895
0.730981 0.122232
0.726123 0.140978
0.702487 0.150470
0.707360 0.207551
0.638528 0.256305
0.730222 0.220022
0.713994 0.256738
0.729724 0.259882
0.732825 0.311655
0.733921 0.276449
0.789069 0.000316
0.758967 0.039680
0.741229 0.037408
0.736260 0.087163
0.737188 0.103933
0.745431 0.136507
0.717964 0.156757
0.729805 0.170862
0.703703 0.223201
0.747567 0.251913
0.760155 0.254681
0.668212 0.267777
0.757287 0.275545
0.674013 0.280227
0.797508 0.000730
0.770971 0.025403
0.736225 0.053698
0.754623 0.073023
0.759582 0.106808
0.749105 0.119189
0.765386 0.139427
0.738543 0.154464
0.718656 0.189646
0.738601 0.187572
0.701319 0.241060
0.733489 0.239423
0.766742 0.292148
0.812129 0.307649
0.739675 0.312162
0.805966 0.000322
0.787446 0.055515
0.771162 0.058262
0.753795 0.090128
0.780493 0.105864
0.768314 0.123464
0.784937 0.137896
0.748517 0.171923
0.775338 0.198935
0.777435 0.246510
0.776386 0.271914
0.742774 0.290162
0.778944 0.321430
0.689053 0.304816
0.822956 0.000511
0.780623 0.000434
0.776392 0.039682
0.753260 0.057141
0.773848 0.074927
0.771706 0.091387
0.787470 0.120895
0.757464 0.154144
0.759266 0.187210
0.728189 0.205288
0.747655 0.202100
0.791165 0.232736
0.804668 0.268300
0.809393 0.322489
0.827780 0.321945
0.831519 0.000141
0.788868 0.025915
0.797227 0.038483
0.794125 0.070814
0.800741 0.101546
0.790673 0.088244
0.780368 0.152841
0.791450 0.165452
0.768581 0.168493
0.792903 0.203908
0.762746 0.233776
0.778695 0.220078
0.780663 0.306169
0.787549 0.285998
0.840017 0.001204
0.814523 0.000352
0.808493 0.025642
0.805650 0.054810
0.808649 0.081761
0.821217 0.111207
0.804834 0.118238
0.804132 0.136009
0.802781 0.152447
0.748880 0.225629
0.761475 0.213076
0.789344 0.260794
0.823723 0.265347
0.911895 0.347407
0.848394 0.326826
0.857205 0.000874
0.827403 0.025691
0.817325 0.038262
0.817652 0.067180
0.820900 0.094910
0.841784 0.096493
0.822227 0.130430
0.822823 0.147916
0.779100 0.182038
0.796943 0.183502
0.800572 0.218436
0.815737 0.234826
0.805472 0.292102
0.822417 0.281467
0.865831 0.001054
0.848569 0.000136
0.849459 0.024890
0.838892 0.036371
0.827168 0.052591
0.840289 0.065768
0.838003 0.114192
0.839067 0.133092
0.832384 0.161009
0.811376 0.167428
0.810784 0.192131
0.823777 0.221072
0.826052 0.248108
0.801757 0.247690
0.833625 0.306704
0.883137 0.000400
0.870309 0.025570
0.859839 0.036432
0.848623 0.051659
0.831277 0.080809
0.857669 0.105638
0.855233 0.122331
0.845851 0.146931
0.844203 0.174789
0.822834 0.178806
0.818109 0.206178
0.840808 0.237595
0.851053 0.258235
0.853863 0.340702
0.891881 0.000221
0.874496 0.000778
0.889964 0.024375
0.870161 0.051002
0.861736 0.065711
0.850836 0.080725
0.865619 0.090805
0.875281 0.120581
0.863604 0.136520
0.855360 0.160097
0.835659 0.191340
0.838724 0.207229
0.895947 0.274149
0.893470 0.336170
0.860743 0.347947
0.900671 0.000049
0.913089 0.024467
0.882594 0.038234
0.885509 0.060055
0.876010 0.074800
0.885308 0.088770
0.879425 0.104897
0.873846 0.147802
0.874964 0.163610
0.856794 0.192494
0.862741 0.178317
0.846720 0.220924
0.876291 0.269655
0.841738 0.272182
0.909319 0.000910
0.918180 0.000289
0.923477 0.037880
0.902586 0.034386
0.900503 0.049743
0.900268 0.081392
0.903278 0.098925
0.889727 0.130401
0.891681 0.147404
0.878918 0.185738
0.884484 0.199500
0.862692 0.207847
0.857737 0.244541
0.924438 0.370247
0.876880 0.325410
0.927006 0.000567
0.932604 0.024978
0.920703 0.053253
0.902570 0.066113
0.921440 0.102385
0.895985 0.114380
0.908577 0.135062
0.891938 0.170514
0.900690 0.183950
0.879837 0.214581
0.878839 0.238768
0.899598 0.255820
0.878795 0.255054
0.864241 0.282755
0.935812 0.000307
0.947805 0.027544
0.941215 0.043444
0.921624 0.069264
0.920052 0.085032
0.914755 0.118759
0.905874 0.157016
0.915230 0.170950
0.912493 0.195229
0.894585 0.221763
0.917107 0.262898
0.901942 0.237176
0.864793 0.226644
0.884143 0.289910
0.856900 0.312474
0.944593 0.000076
0.956879 0.055120
0.939584 0.061641
0.938783 0.095193
0.937189 0.114277
0.921922 0.145391
0.932118 0.190068
0.921366 0.220381
0.918234 0.241874
0.933135 0.252955
0.944799 0.263326
0.925590 0.279533
0.909073 0.292632
0.873887 0.352196
0.953508 0.001183
0.963457 0.023155
0.963124 0.039044
0.940995 0.078655
0.957039 0.121379
0.931684 0.130048
0.932387 0.159395
0.906495 0.209966
0.949275 0.218942
0.936403 0.230519
0.953530 0.242567
0.929004 0.293895
0.962574 0.295787
0.895152 0.319457
0.949112 0.312738
0.962399 0.000870
0.978305 0.029083
0.958531 0.071060
0.955168 0.104195
0.954981 0.166477
0.954470 0.201730
0.954613 0.184277
0.967600 0.269599
0.999127 0.331882
0.949560 0.280356
0.970210 0.254504
0.946503 0.403080
0.891684 0.304862
0.959896 0.403260
0.971273 0.000067
0.990823 0.000093
0.977098 0.047680
0.975777 0.115150
0.950127 0.135596
0.947876 0.150276
0.969721 0.224177
0.973333 0.208365
0.969291 0.286794
0.958579 0.342228
0.999927 0.367579
0.999742 0.411292
0.901165 0.358102
0.921703 0.325077
0.889275 0.356495
0.980327 0.000704
0.975876 0.064495
0.959799 0.088602
0.975250 0.131431
0.971079 0.146027
0.933189 0.175644
0.999549 0.276137
0.999627 0.309809
0.999464 0.252876
0.963614 0.376522
0.999088 0.320141
0.959057 0.366058
0.964958 0.393619
0.843042 0.287684
0.999640 0.007182
0.999726 0.039733
0.977004 0.081493
0.976775 0.099106
0.999699 0.103517
0.999607 0.182643
0.999325 0.137032
0.999450 0.148168
0.999347 0.342206
0.999624 0.264328
0.999936 0.354269
0.962660 0.335302
0.990676 0.411956
0.999926 0.229518
0.928254 0.349988
0.999994 0.000356
0.999038 0.049963
0.999324 0.070867
0.999341 0.092513
0.999749 0.114637
0.974427 0.175637
0.972166 0.239238
0.999219 0.298865
0.999247 0.240377
0.999554 0.194221
0.999854 0.286701
0.999572 0.388537
0.866050 0.299827
0.990580 0.370839
0.999384 0.020033
0.999748 0.029896
0.999768 0.060487
0.999744 0.081552
0.973787 0.159961
0.999345 0.125816
0.999815 0.206002
0.933197 0.206160
0.999084 0.217527
0.999076 0.159589
0.999539 0.170795
0.937760 0.324232
0.999133 0.399469
0.931600 0.375877
0.943852 0.392524
