0.000613 0.028448
0.000062 0.058280
0.000383 0.089220
0.000154 0.121228
0.000968 0.132041
0.000454 0.290110
0.000696 0.175901
0.000283 0.187105
0.000509 0.300919
0.001455 0.368466
0.078894 0.345367
0.040618 0.315383
0.031109 0.344966
0.061002 0.348300
0.000194 0.018486
0.000675 0.038193
0.000457 0.068525
0.022514 0.062757
0.023778 0.181138
0.000341 0.198394
0.000568 0.164721
0.000217 0.267066
0.000507 0.232837
0.000087 0.244462
0.001024 0.334300
0.000155 0.344428
0.034227 0.349102
0.042365 0.375741
0.089574 0.293459
0.000447 0.005126
0.000155 0.048122
0.000609 0.078823
0.000410 0.099776
0.000135 0.110426
0.001019 0.209888
0.000388 0.153702
0.000083 0.278373
0.000785 0.221580
0.000871 0.312157
0.000074 0.321462
0.014008 0.388127
0.001784 0.397034
0.040005 0.379468
0.000152 0.000036
0.024006 0.023105
0.025463 0.048644
0.023529 0.092055
0.023948 0.150613
0.066556 0.193943
0.043405 0.171618
0.000127 0.255349
0.032251 0.237503
0.029877 0.224404
0.030851 0.264176
0.000729 0.385041
0.000022 0.358826
0.002956 0.418627
0.090114 0.321101
0.009797 0.000719
0.044144 0.035616
0.022741 0.035441
0.024306 0.077114
0.000776 0.142898
0.026150 0.195841
0.045848 0.187773
0.044939 0.204436
0.028930 0.251026
0.052359 0.250581
0.031908 0.278082
0.070194 0.281976
0.038904 0.289234
0.060463 0.356928
0.029491 0.000744
0.020300 0.000002
0.060941 0.064122
0.041615 0.051612
0.024700 0.165143
0.023315 0.106389
0.045906 0.155311
0.061989 0.166935
0.051302 0.220416
0.058763 0.234748
0.077049 0.224634
0.054659 0.269377
0.077786 0.306547
0.041682 0.328917
0.114565 0.296061
0.038484 0.000746
0.059074 0.022047
0.043088 0.067439
0.046270 0.097904
0.024064 0.135776
0.044067 0.140475
0.069259 0.179529
0.103545 0.193255
0.023875 0.210935
0.067208 0.209447
0.036594 0.303446
0.063399 0.296188
0.070473 0.259043
0.004199 0.418958
0.047483 0.000314
0.040814 0.021780
0.062695 0.035541
0.059886 0.050803
0.040435 0.083383
0.062594 0.108412
0.023132 0.121389
0.068183 0.150367
0.089634 0.178343
0.086419 0.198250
0.077701 0.241929
0.103120 0.226161
0.094065 0.257723
0.143981 0.249134
0.106210 0.310876
0.056574 0.000055
0.077073 0.022175
0.077382 0.043524
0.059006 0.080870
0.066723 0.093779
0.041401 0.111759
0.045151 0.125662
0.063164 0.136175
0.130489 0.202299
0.091093 0.214877
0.112004 0.208290
0.118193 0.253436
0.061639 0.316728
0.124360 0.238534
0.065554 0.000759
0.074515 0.001073
0.087649 0.031426
0.083877 0.058009
0.075589 0.072835
0.084993 0.086316
0.086505 0.115783
0.067525 0.121659
0.082297 0.161805
0.120481 0.186076
0.153882 0.206949
0.099680 0.242017
0.136722 0.264191
0.110680 0.268940
0.108885 0.330990
0.083303 0.000274
0.099850 0.020791
0.109384 0.032882
0.104358 0.058678
0.094324 0.071104
0.084662 0.101607
0.086347 0.130872
0.087383 0.145470
0.102568 0.157455
0.134260 0.175707
0.124634 0.222531
0.143929 0.190633
0.148238 0.233849
0.130355 0.334993
0.092137 0.000541
0.109843 0.000183
0.120750 0.022079
0.096994 0.044207
0.114559 0.075455
0.102928 0.087457
0.105224 0.101917
0.105358 0.130929
0.112109 0.144712
0.106143 0.173346
0.150321 0.168759
0.142979 0.218980
0.209659 0.232514
0.110635 0.282995
0.122388 0.337140
0.101046 0.001008
0.129103 0.035319
0.118536 0.047174
0.122933 0.062213
0.133020 0.080113
0.122752 0.092175
0.107411 0.115964
0.124954 0.123760
0.129838 0.139235
0.122351 0.162002
0.160834 0.185275
0.182243 0.220432
0.172266 0.244830
0.085810 0.271929
0.118520 0.000184
0.144658 0.000180
0.139487 0.021633
0.138833 0.049959
0.140544 0.065146
0.150703 0.079805
0.127088 0.106936
0.146255 0.132790
0.136982 0.153930
0.153973 0.149334
0.166482 0.163403
0.169314 0.204758
0.196198 0.213706
0.187596 0.257741
0.140411 0.290243
0.127219 0.000213
0.147364 0.034047
0.156944 0.046677
0.157924 0.063309
0.169724 0.074950
0.142560 0.096397
0.141849 0.116041
0.160997 0.123954
0.180606 0.154850
0.176024 0.180149
0.184581 0.196566
0.167535 0.227839
0.240543 0.243358
0.206256 0.252363
0.135963 0.000319
0.178805 0.000699
0.158753 0.023237
0.173723 0.053644
0.162286 0.091283
0.157196 0.106995
0.175479 0.115633
0.168137 0.140767
0.189633 0.170847
0.194617 0.145421
0.199454 0.190038
0.211302 0.208704
0.220172 0.267923
0.160042 0.258615
0.142072 0.276600
0.153239 0.000613
0.169734 0.036848
0.183986 0.066564
0.183656 0.084906
0.176889 0.099793
0.193998 0.119958
0.182300 0.132307
0.212860 0.148723
0.203762 0.162914
0.221045 0.196533
0.235466 0.216386
0.191415 0.237221
0.161260 0.319597
0.130752 0.318020
0.161743 0.001249
0.175384 0.023309
0.187948 0.038119
0.192513 0.052595
0.199427 0.088576
0.195421 0.103848
0.205822 0.131691
0.229759 0.147641
0.224997 0.166231
0.211712 0.179387
0.240464 0.199730
0.223064 0.224929
0.222913 0.248960
0.175795 0.269595
0.166099 0.317404
0.170291 0.000365
0.207504 0.038679
0.200425 0.070454
0.225983 0.067551
0.214662 0.079314
0.211652 0.114185
0.241768 0.161186
0.255613 0.150668
0.232109 0.182109
0.256123 0.217501
0.252456 0.233470
0.273970 0.253489
0.256022 0.256469
0.182611 0.294470
0.187421 0.000479
0.190893 0.022831
0.227803 0.037934
0.209092 0.055997
0.232031 0.084622
0.215394 0.097570
0.224537 0.130833
0.263954 0.136674
0.249266 0.181029
0.294995 0.228648
0.282129 0.205943
0.239607 0.263572
0.319873 0.279657
0.223062 0.287372
0.197399 0.295023
0.195936 0.000197
0.205464 0.024169
0.245911 0.038737
0.244024 0.071947
0.233105 0.099969
0.229377 0.115371
0.243725 0.137631
0.275297 0.161097
0.260070 0.201186
0.277462 0.220656
0.272600 0.235519
0.299032 0.276269
0.167219 0.284338
0.137713 0.305077
0.204412 0.000382
0.254999 0.000467
0.220711 0.023772
0.224057 0.051655
0.250543 0.088532
0.249971 0.105873
0.246489 0.122294
0.264977 0.120787
0.294173 0.159941
0.261805 0.169193
0.314523 0.253424
0.302127 0.245717
0.291254 0.258777
0.262432 0.282736
0.197565 0.274122
0.212849 0.001143
0.236200 0.023804
0.261595 0.038679
0.260937 0.071352
0.268786 0.086480
0.266132 0.102763
0.284593 0.129287
0.279634 0.145062
0.296277 0.175753
0.281103 0.179874
0.341020 0.249659
0.344842 0.279543
0.339797 0.297452
0.162851 0.300884
0.221331 0.000966
0.288475 0.000171
0.252385 0.023150
0.241538 0.055311
0.276229 0.066764
0.284467 0.096369
0.281435 0.113243
0.301848 0.127488
0.299620 0.144494
0.349178 0.170227
0.321888 0.201084
0.268420 0.188586
0.362363 0.277179
0.369371 0.262551
0.273587 0.273355
0.229737 0.001093
0.268837 0.023958
0.277361 0.050413
0.258721 0.055572
0.300766 0.091402
0.298436 0.110561
0.314645 0.106558
0.317126 0.142852
0.313073 0.160858
0.353809 0.210634
0.310822 0.227868
0.339307 0.219157
0.209550 0.293292
0.329560 0.291041
0.238148 0.000719
0.313378 0.001001
0.280297 0.035257
0.292649 0.057943
0.286699 0.079242
0.316352 0.088703
0.342822 0.097929
0.317963 0.124158
0.330365 0.159019
0.351025 0.134855
0.315837 0.178663
0.305950 0.193771
0.295308 0.202267
0.249751 0.285537
0.355154 0.300327
0.246600 0.000295
0.287749 0.022383
0.308320 0.053738
0.301485 0.073006
0.316970 0.069963
0.330525 0.084695
0.350126 0.116471
0.334715 0.141951
0.367365 0.134940
0.350538 0.153610
0.321051 0.217898
0.380565 0.252773
0.237409 0.286241
0.331250 0.261740
0.263394 0.000592
0.338124 0.000924
0.296244 0.039964
0.326005 0.055417
0.336333 0.069055
0.348981 0.080501
0.358105 0.098179
0.330454 0.107407
0.334481 0.124837
0.367871 0.154018
0.367823 0.171571
0.360119 0.229832
0.384898 0.200157
0.447290 0.346656
0.368497 0.207616
0.271731 0.000080
0.303729 0.026176
0.317670 0.039647
0.369980 0.055061
0.357445 0.064281
0.366989 0.078447
0.394678 0.129132
0.367151 0.114023
0.380107 0.124669
0.383223 0.146492
0.332682 0.177989
0.399999 0.318613
0.514009 0.377928
0.296386 0.292161
0.280085 0.000517
0.362670 0.000079
0.345464 0.054555
0.335538 0.040310
0.371001 0.037671
0.388654 0.087407
0.372975 0.095899
0.419289 0.106623
0.423508 0.123798
0.399581 0.148783
0.385201 0.165367
0.391183 0.184679
0.369079 0.188434
0.351185 0.187333
0.410794 0.327861
0.296849 0.000022
0.317490 0.024414
0.347655 0.026265
0.385897 0.043955
0.379521 0.070609
0.401406 0.099628
0.387014 0.108009
0.412854 0.136579
0.428886 0.148261
0.401302 0.169075
0.408839 0.186913
0.444147 0.215639
0.287321 0.290067
0.402291 0.301883
0.305099 0.001078
0.332480 0.024429
0.378777 0.024409
0.391527 0.059589
0.413330 0.086803
0.454982 0.083568
0.437228 0.113805
0.405689 0.116311
0.444118 0.098930
0.420042 0.174350
0.465838 0.186248
0.439244 0.181343
0.427814 0.214052
0.401779 0.211159
0.337453 0.197394
0.321629 0.000607
0.354285 0.040360
0.392605 0.025391
0.400539 0.040046
0.416471 0.044431
0.420467 0.072009
0.459900 0.102170
0.469373 0.124002
0.447231 0.154484
0.414456 0.156173
0.434198 0.163543
0.422987 0.233283
0.385385 0.309387
0.335051 0.235282
0.329912 0.000203
0.403626 0.000257
0.361983 0.023491
0.408330 0.023246
0.398950 0.074687
0.438745 0.077457
0.429427 0.092399
0.452852 0.120248
0.438313 0.134032
0.453628 0.173158
0.473853 0.138798
0.388608 0.219347
0.406967 0.232622
0.381103 0.292567
0.420028 0.334486
0.346288 0.000625
0.434667 0.041923
0.409177 0.060068
0.444873 0.063084
0.480627 0.077439
0.490522 0.099760
0.462754 0.157336
0.455388 0.137672
0.472227 0.279487
0.414698 0.203169
0.431759 0.195876
0.460839 0.214861
0.414390 0.293263
0.367770 0.303468
0.354456 0.000783
0.411868 0.000678
0.477132 0.000341
0.450027 0.024441
0.420992 0.029187
0.497112 0.069049
0.472583 0.089923
0.497326 0.085257
0.482760 0.153789
0.475848 0.107292
0.432738 0.281845
0.469671 0.199937
0.376926 0.232551
0.413962 0.256290
0.479007 0.230127
0.370920 0.000435
0.460954 0.000114
0.434914 0.023777
0.429465 0.057507
0.525697 0.117013
0.541397 0.126384
0.500548 0.113949
0.493837 0.139744
0.474532 0.168813
0.393779 0.240702
0.358123 0.248317
0.497003 0.370864
0.454622 0.351998
0.426789 0.256918
0.379094 0.000572
0.452738 0.000151
0.485293 0.000196
0.489333 0.039096
0.530325 0.036426
0.569638 0.154694
0.530139 0.152445
0.526305 0.136608
0.611895 0.208142
0.432404 0.300616
0.472952 0.360053
0.974891 0.181556
0.543960 0.243600
0.429636 0.321515
0.397625 0.264713
0.419984 0.000614
0.469046 0.000358
0.609093 0.047601
0.463831 0.069137
0.458941 0.053592
0.536744 0.168287
0.510002 0.146288
0.486750 0.123712
0.518216 0.204023
0.450610 0.197308
0.460922 0.333948
0.411862 0.275496
0.450066 0.300942
0.386046 0.276836
0.395436 0.000777
0.436237 0.000540
0.509726 0.000520
0.464583 0.026836
0.625963 0.172698
0.512616 0.064741
0.613497 0.274820
0.498847 0.160195
0.443479 0.262571
0.485803 0.178992
0.963832 0.295340
0.622488 0.294518
0.634366 0.287624
0.444821 0.325669
0.487608 0.368085
0.534144 0.000528
0.501641 0.000941
0.428060 0.000615
0.082571 0.336079
0.478133 0.059318
0.513041 0.104866
0.438047 0.231226
0.602845 0.249584
0.510976 0.225687
0.513203 0.352286
0.915910 0.288759
0.515479 0.265699
0.549386 0.375443
0.469281 0.297599
0.599195 0.000599
0.550469 0.000213
0.387287 0.000212
0.493441 0.000866
0.540148 0.024330
0.471979 0.042704
0.512617 0.087054
0.560312 0.141420
0.503955 0.189101
0.546455 0.361254
0.450543 0.245761
0.459348 0.311679
0.490070 0.306709
0.448462 0.278086
0.493585 0.326596
0.591019 0.000546
0.517790 0.000399
0.444503 0.000168
0.496025 0.024265
0.450980 0.040376
0.943258 0.333253
0.533380 0.375857
0.486736 0.350008
0.556131 0.332531
0.518179 0.289470
0.557914 0.361837
0.479615 0.331386
0.502797 0.284124
0.542481 0.225759
0.615453 0.000777
0.566649 0.000792
0.508067 0.030961
0.525986 0.000157
0.494765 0.053380
0.512403 0.045321
0.525577 0.055156
0.509640 0.127529
0.545178 0.144071
0.505167 0.174692
0.501906 0.211978
0.472946 0.249724
0.497887 0.237491
0.487506 0.250211
0.541287 0.289934
0.631881 0.000248
0.542312 0.000593
0.554729 0.026216
0.521311 0.024165
0.480013 0.025431
0.525463 0.076000
0.554166 0.115851
0.568649 0.125618
0.582745 0.136994
0.519291 0.166663
0.463926 0.266218
0.538028 0.204262
0.504021 0.253978
0.501926 0.305169
0.640030 0.000433
0.558553 0.000598
0.585302 0.025361
0.575970 0.040108
0.560041 0.041633
0.541199 0.105942
0.566998 0.104935
0.596168 0.123906
0.573082 0.174024
0.525147 0.188770
0.566981 0.208101
0.528032 0.291865
0.486628 0.217341
0.523879 0.239790
0.519999 0.346398
0.656453 0.000570
0.613386 0.029930
0.601203 0.023107
0.569847 0.024593
0.542816 0.044381
0.539573 0.064677
0.528079 0.096132
0.554398 0.093002
0.585824 0.154487
0.557672 0.178191
0.588905 0.233991
0.542360 0.186611
0.527438 0.221169
0.460637 0.234593
0.664693 0.000115
0.574812 0.000354
0.626262 0.022716
0.554477 0.057336
0.586141 0.054340
0.571625 0.060986
0.541502 0.083962
0.570109 0.083078
0.581064 0.115792
0.591939 0.171528
0.578195 0.191837
0.556875 0.198853
0.610087 0.296118
0.526469 0.329437
0.581974 0.299297
0.681049 0.000084
0.582919 0.000513
0.607370 0.000637
0.594858 0.038784
0.557216 0.073620
0.597792 0.083647
0.581345 0.094807
0.604147 0.155460
0.621047 0.151323
0.592949 0.192304
0.552985 0.160276
0.551027 0.269268
0.557551 0.252257
0.488034 0.276880
0.689343 0.000371
0.623622 0.000464
0.641539 0.025369
0.635683 0.066651
0.599702 0.062399
0.584117 0.072737
0.594961 0.103285
0.603682 0.138289
0.637333 0.135126
0.653915 0.140770
0.557822 0.229616
0.642154 0.170059
0.575299 0.223736
0.603360 0.228875
0.648772 0.292556
0.705804 0.000533
0.639112 0.048017
0.643047 0.081130
0.626713 0.039032
0.622028 0.057601
0.612096 0.072081
0.609964 0.094880
0.619138 0.132458
0.631347 0.192567
0.637964 0.153036
0.638381 0.205679
0.535353 0.326141
0.486934 0.198505
0.549505 0.310390
0.714078 0.000056
0.648209 0.000007
0.657433 0.023239
0.651969 0.059601
0.624396 0.082320
0.628098 0.098392
0.610855 0.113345
0.643501 0.116984
0.659900 0.124475
0.652262 0.184821
0.609745 0.174102
0.581371 0.263781
0.570466 0.245490
0.593662 0.212000
0.557363 0.295837
0.722406 0.000349
0.671043 0.026927
0.652008 0.038048
0.669573 0.061568
0.659119 0.076344
0.627819 0.115325
0.660683 0.107993
0.674243 0.137082
0.657840 0.157259
0.611307 0.192776
0.699524 0.264805
0.591280 0.291697
0.510290 0.324075
0.531810 0.262555
0.738997 0.000840
0.672885 0.000859
0.685716 0.024220
0.665588 0.045422
0.685229 0.056428
0.679245 0.075214
0.645859 0.097638
0.680093 0.121768
0.664981 0.170418
0.660421 0.198002
0.679473 0.230114
0.672682 0.214011
0.596606 0.268911
0.569314 0.302525
0.707787 0.284957
0.747318 0.000832
0.700410 0.025695
0.682832 0.040124
0.701122 0.057766
0.697100 0.074110
0.664700 0.091188
0.678986 0.105525
0.688450 0.163799
0.677407 0.181715
0.653561 0.216569
0.627800 0.219169
0.567705 0.273578
0.681437 0.258238
0.661190 0.297467
0.755686 0.000353
0.697565 0.000384
0.715930 0.024253
0.701411 0.040284
0.715071 0.071992
0.684154 0.090354
0.697862 0.109211
0.694347 0.129520
0.679138 0.151495
0.694732 0.184278
0.637830 0.232978
0.667682 0.246087
0.617207 0.239430
0.748983 0.297323
0.695343 0.294415
0.764030 0.000176
0.732730 0.024424
0.720318 0.038388
0.717194 0.055547
0.700754 0.091811
0.715607 0.105547
0.709356 0.124006
0.705818 0.166241
0.679753 0.198118
0.710136 0.224791
0.640611 0.262658
0.653673 0.235662
0.783386 0.304316
0.685896 0.280699
0.772463 0.000556
0.730744 0.000261
0.751427 0.023929
0.733194 0.068324
0.717224 0.088953
0.727675 0.117991
0.721924 0.135227
0.697550 0.145943
0.702375 0.200265
0.626210 0.254069
0.723794 0.212548
0.706100 0.248800
0.723629 0.249591
0.721250 0.300111
0.724873 0.264969
0.789306 0.000411
0.758303 0.038737
0.741019 0.036489
0.733574 0.084147
0.735547 0.100493
0.742370 0.130413
0.713871 0.150246
0.724805 0.164175
0.695883 0.214777
0.738934 0.243156
0.756468 0.244048
0.652356 0.258912
0.748435 0.264121
0.662098 0.280147
0.797691 0.000352
0.769540 0.023878
0.733558 0.051907
0.752367 0.070647
0.757090 0.101620
0.745410 0.114555
0.761291 0.132251
0.734562 0.148422
0.714023 0.183097
0.734833 0.178597
0.692589 0.238879
0.729460 0.229020
0.757239 0.278916
0.804028 0.290152
0.730663 0.298671
0.806155 0.000708
0.785302 0.053100
0.768076 0.054260
0.750970 0.086099
0.777813 0.100252
0.764865 0.116610
0.781599 0.130370
0.745326 0.163693
0.769459 0.190852
0.772197 0.233644
0.766084 0.258654
0.733408 0.278867
0.768836 0.304348
0.675477 0.295470
0.823183 0.000786
0.780896 0.000108
0.776354 0.037305
0.750642 0.054988
0.771440 0.069951
0.768569 0.086253
0.784478 0.113726
0.753505 0.146615
0.755986 0.179815
0.721119 0.196283
0.740894 0.193616
0.784011 0.220915
0.798731 0.254312
0.800500 0.304464
0.818928 0.303684
0.831731 0.001107
0.787432 0.024484
0.796339 0.037263
0.791041 0.067259
0.799080 0.094981
0.786559 0.083362
0.775035 0.146118
0.787963 0.157077
0.764984 0.159877
0.788464 0.191686
0.756374 0.222089
0.775490 0.208739
0.770138 0.292796
0.780258 0.271441
0.840241 0.000310
0.814643 0.000817
0.805951 0.023588
0.804279 0.051663
0.805200 0.077326
0.818853 0.104774
0.801957 0.111013
0.801712 0.127684
0.799656 0.142865
0.742426 0.214862
0.757207 0.202069
0.782057 0.248958
0.817614 0.251933
0.908243 0.325107
0.839121 0.304386
0.857425 0.000611
0.825965 0.023824
0.816056 0.035788
0.814878 0.063352
0.818352 0.088616
0.839743 0.090715
0.819341 0.123258
0.819647 0.140044
0.775204 0.173056
0.792153 0.173465
0.797675 0.207470
0.809068 0.222125
0.797568 0.275063
0.815390 0.268184
0.866025 0.000726
0.848891 0.000904
0.847559 0.023344
0.837572 0.034411
0.825175 0.049129
0.838092 0.061714
0.836329 0.105934
0.836517 0.124401
0.830654 0.151925
0.808466 0.157781
0.806959 0.181595
0.821766 0.209822
0.822335 0.234206
0.798507 0.234774
0.827115 0.289593
0.883302 0.000851
0.870183 0.024313
0.859445 0.034221
0.846882 0.047970
0.827069 0.075113
0.856689 0.098043
0.853489 0.114247
0.843898 0.138171
0.840957 0.164321
0.819694 0.168621
0.813692 0.194690
0.835686 0.225353
0.847372 0.242801
0.848225 0.318418
0.892060 0.000519
0.874657 0.000922
0.888162 0.023607
0.868510 0.048215
0.859072 0.062481
0.848202 0.075907
0.864144 0.084166
0.873020 0.113783
0.861293 0.128177
0.854307 0.149857
0.832967 0.180149
0.835889 0.195188
0.895430 0.255169
0.887257 0.315014
0.857187 0.325889
0.900761 0.000249
0.912912 0.023214
0.882091 0.037587
0.884591 0.057010
0.874447 0.069621
0.884075 0.083859
0.878331 0.098972
0.873352 0.137678
0.875205 0.153548
0.854314 0.181362
0.860485 0.167195
0.843579 0.208923
0.872503 0.252919
0.837402 0.255484
0.909478 0.000634
0.918300 0.000126
0.922865 0.036186
0.902184 0.031921
0.899656 0.046910
0.899135 0.077507
0.902992 0.093082
0.888973 0.121980
0.890831 0.138154
0.876950 0.172734
0.886499 0.186153
0.861117 0.194247
0.855741 0.230786
0.919201 0.346304
0.870886 0.304596
0.927107 0.000667
0.932181 0.023987
0.919421 0.050956
0.901925 0.062957
0.921024 0.096631
0.895460 0.107161
0.908305 0.125724
0.892640 0.157941
0.898682 0.172762
0.876559 0.202645
0.877279 0.221705
0.896381 0.239435
0.875227 0.237751
0.857763 0.264842
0.935934 0.000731
0.948136 0.025277
0.940939 0.040315
0.921105 0.065673
0.919619 0.080188
0.914742 0.111096
0.906660 0.145397
0.915322 0.160762
0.913945 0.180917
0.893732 0.206896
0.914563 0.244642
0.899944 0.221953
0.861439 0.212954
0.880384 0.269665
0.851058 0.292036
0.944752 0.000018
0.956359 0.052587
0.938035 0.057146
0.937765 0.089568
0.937372 0.106450
0.922301 0.135023
0.931295 0.177711
0.919426 0.205207
0.918095 0.223718
0.931730 0.234766
0.944632 0.245900
0.924695 0.259170
0.905349 0.271219
0.868110 0.329679
0.953704 0.000387
0.964820 0.022150
0.961597 0.037807
0.940122 0.073673
0.957629 0.113409
0.931574 0.121841
0.932942 0.147656
0.904492 0.195725
0.948921 0.205159
0.936579 0.214947
0.953550 0.225913
0.928049 0.274149
0.961271 0.278692
0.891889 0.297511
0.948230 0.289516
0.962650 0.000997
0.978808 0.027987
0.958429 0.067213
0.955372 0.097814
0.956023 0.156360
0.953484 0.189226
0.953914 0.173531
0.968416 0.252703
0.999205 0.328747
0.946277 0.261818
0.970292 0.239813
0.942807 0.379739
0.888095 0.283896
0.959091 0.383842
0.971555 0.000384
0.991427 0.001244
0.977266 0.044681
0.975352 0.109295
0.949858 0.126211
0.948167 0.140823
0.969631 0.210039
0.975463 0.196239
0.971367 0.270440
0.954560 0.320386
0.999553 0.365411
0.996451 0.410007
0.897797 0.336454
0.917194 0.303682
0.883896 0.334677
0.980727 0.000681
0.975882 0.061008
0.959266 0.082932
0.976586 0.124953
0.969449 0.137308
0.934681 0.162752
0.999517 0.273704
0.999177 0.306953
0.999765 0.250955
0.962293 0.354633
0.999044 0.314862
0.958288 0.342822
0.966114 0.374078
0.837711 0.271749
0.999976 0.007756
0.999935 0.039983
0.976668 0.077209
0.976080 0.093816
0.999576 0.103387
0.999270 0.181989
0.999605 0.136687
0.999545 0.147645
0.999957 0.337964
0.999054 0.261893
0.998822 0.351801
0.956435 0.310743
0.987244 0.406547
0.999645 0.228380
0.923920 0.327416
0.999912 0.000484
0.999759 0.050228
0.999772 0.070980
0.999681 0.092439
0.999472 0.114421
0.974663 0.166228
0.973103 0.225180
0.999555 0.294348
0.999263 0.239153
0.999914 0.193469
0.999166 0.284752
0.999107 0.383870
0.861164 0.281887
0.980485 0.363688
0.999988 0.020082
0.999466 0.030035
0.999909 0.060660
0.999303 0.081622
0.975222 0.151414
0.999997 0.125601
0.999885 0.205310
0.932779 0.193197
0.999618 0.216237
0.999960 0.158899
0.999052 0.170290
0.932952 0.300628
0.998746 0.397526
0.926257 0.354045
0.940048 0.367616
