0.000027 0.028386
0.000564 0.058228
0.000979 0.089108
0.000138 0.121050
0.000632 0.131856
0.000609 0.288273
0.000614 0.175771
0.000089 0.187001
0.000050 0.298691
0.001586 0.366013
0.081135 0.329872
0.042230 0.303208
0.033006 0.331134
0.062641 0.333248
0.000810 0.018506
0.001012 0.038103
0.000107 0.068462
0.022114 0.061690
0.023099 0.175496
0.000615 0.198322
0.000315 0.164601
0.000079 0.266614
0.000678 0.232513
0.000477 0.243794
0.000738 0.332385
0.000547 0.343127
0.035427 0.335840
0.043874 0.364261
0.091905 0.279794
0.000686 0.005168
0.000212 0.048046
0.000182 0.078734
0.000400 0.099592
0.000136 0.110242
0.000808 0.209911
0.000551 0.153618
0.000582 0.277800
0.000403 0.221437
0.000966 0.310358
0.000692 0.320899
0.016515 0.380955
0.003014 0.393572
0.041283 0.364928
0.000476 0.000152
0.024596 0.022367
0.025270 0.048348
0.023470 0.090010
0.023491 0.145874
0.065801 0.185412
0.042689 0.164878
0.000044 0.254946
0.032317 0.229063
0.029121 0.216116
0.030649 0.254791
0.000473 0.383213
0.000134 0.357862
0.003325 0.410852
0.092115 0.306399
0.009696 0.000956
0.044435 0.035248
0.022516 0.035018
0.024091 0.075792
0.000917 0.142741
0.026248 0.188650
0.046060 0.180937
0.045521 0.196508
0.027831 0.242772
0.052338 0.239928
0.031463 0.268249
0.070052 0.268947
0.040016 0.278953
0.062019 0.341975
0.029338 0.000541
0.020178 0.000247
0.062017 0.062815
0.042328 0.050010
0.024137 0.160097
0.023395 0.103939
0.045509 0.149435
0.061167 0.159962
0.049989 0.211154
0.059613 0.224823
0.077923 0.214557
0.055148 0.258123
0.078417 0.294017
0.043362 0.316676
0.116753 0.283472
0.038292 0.000161
0.059681 0.021530
0.042822 0.064384
0.046728 0.094469
0.023842 0.132022
0.043686 0.135388
0.070080 0.171208
0.105386 0.185253
0.022459 0.203990
0.068401 0.200866
0.036122 0.292517
0.063949 0.283309
0.071158 0.247429
0.005317 0.411061
0.047304 0.000731
0.041225 0.021763
0.063896 0.034471
0.061267 0.049002
0.040120 0.080301
0.062888 0.103715
0.022917 0.117992
0.068364 0.144299
0.090163 0.171198
0.085821 0.188094
0.078304 0.230722
0.105520 0.216489
0.094430 0.246470
0.146529 0.239151
0.107376 0.297307
0.056468 0.000244
0.078271 0.021727
0.078132 0.042432
0.058764 0.078001
0.067612 0.089565
0.041295 0.108017
0.046156 0.121308
0.063026 0.130523
0.132260 0.195180
0.091696 0.206082
0.112487 0.198993
0.120228 0.242504
0.063203 0.301990
0.126415 0.228740
0.065428 0.001238
0.074358 0.000482
0.089183 0.030167
0.085817 0.056314
0.076164 0.069713
0.085767 0.082964
0.087364 0.111615
0.068767 0.116689
0.083077 0.155605
0.122523 0.178556
0.156785 0.198479
0.100425 0.231228
0.138956 0.252648
0.112558 0.257471
0.110770 0.317107
0.083200 0.000748
0.101855 0.020626
0.111456 0.032198
0.106719 0.056851
0.095954 0.068688
0.084631 0.097930
0.086396 0.126233
0.088147 0.140503
0.103231 0.150944
0.135238 0.168483
0.126713 0.212197
0.145412 0.182803
0.151974 0.224990
0.133092 0.320347
0.091946 0.000950
0.109691 0.000127
0.122459 0.020762
0.097569 0.042900
0.115726 0.073249
0.103455 0.084392
0.106535 0.098337
0.104919 0.126362
0.113910 0.139438
0.106954 0.166652
0.151832 0.162495
0.143779 0.209976
0.212466 0.225131
0.111744 0.271233
0.123828 0.322441
0.100806 0.000168
0.130316 0.034155
0.119073 0.045577
0.125225 0.060200
0.134439 0.077606
0.123589 0.088985
0.108216 0.112084
0.125855 0.119349
0.131096 0.134084
0.123293 0.155812
0.162436 0.178817
0.184778 0.213151
0.175652 0.235653
0.087409 0.260536
0.118402 0.000279
0.144538 0.000734
0.141278 0.020631
0.140167 0.047602
0.141689 0.062759
0.151848 0.077296
0.127576 0.103462
0.147309 0.127975
0.138552 0.148308
0.155439 0.143848
0.168375 0.157966
0.171588 0.197072
0.199463 0.206439
0.192226 0.248262
0.143373 0.278656
0.127146 0.000217
0.148621 0.033073
0.158035 0.045034
0.158879 0.061489
0.170823 0.072492
0.143496 0.093440
0.143095 0.111631
0.162312 0.119979
0.182793 0.149708
0.178356 0.173826
0.186852 0.189768
0.169006 0.218482
0.244189 0.236741
0.210519 0.244111
0.135862 0.000696
0.178717 0.000936
0.160096 0.021982
0.174399 0.051929
0.163667 0.087902
0.158902 0.103228
0.177036 0.111627
0.169488 0.135819
0.191598 0.165182
0.196219 0.140402
0.201671 0.183571
0.214390 0.202680
0.225357 0.260230
0.162959 0.248784
0.146462 0.264781
0.153152 0.000611
0.170578 0.035949
0.184856 0.064131
0.185363 0.081585
0.178263 0.095971
0.195078 0.115521
0.183611 0.127521
0.214201 0.143176
0.205266 0.157095
0.223818 0.190113
0.238926 0.209841
0.193582 0.228770
0.164946 0.306846
0.133971 0.305344
0.161658 0.000473
0.175990 0.022067
0.188047 0.037126
0.193438 0.050594
0.201014 0.085338
0.196612 0.100143
0.207581 0.126753
0.232021 0.143454
0.226959 0.160410
0.214180 0.173447
0.242824 0.194187
0.227446 0.218324
0.226538 0.241023
0.180280 0.259283
0.170506 0.304916
0.170188 0.000454
0.207814 0.037501
0.201666 0.067728
0.226993 0.065548
0.215375 0.075935
0.213352 0.110122
0.243521 0.156538
0.257522 0.146683
0.234764 0.176065
0.259684 0.212269
0.256839 0.227301
0.278462 0.248559
0.260122 0.250469
0.188519 0.283715
0.187315 0.000754
0.191358 0.022156
0.228360 0.036517
0.209554 0.053587
0.232546 0.081477
0.216790 0.094002
0.225984 0.126757
0.265183 0.132731
0.251007 0.176608
0.297042 0.223695
0.284550 0.200117
0.245773 0.257107
0.326050 0.276821
0.228666 0.279324
0.202394 0.285190
0.195910 0.000389
0.205198 0.023136
0.245695 0.037175
0.244410 0.068669
0.234124 0.097118
0.230482 0.111974
0.245211 0.133820
0.276554 0.157250
0.262443 0.196592
0.281676 0.216511
0.277062 0.231639
0.304759 0.271564
0.170129 0.273158
0.140766 0.292060
0.204406 0.000158
0.254989 0.000227
0.220219 0.023295
0.224249 0.049819
0.251020 0.085460
0.250375 0.101545
0.247493 0.118278
0.265237 0.117161
0.295236 0.156603
0.262732 0.164705
0.319357 0.248451
0.307723 0.241200
0.296573 0.255685
0.268782 0.278012
0.202199 0.265655
0.212864 0.000430
0.236119 0.022727
0.261771 0.037784
0.260814 0.069010
0.268652 0.083826
0.266749 0.099735
0.284677 0.126217
0.279683 0.141218
0.298770 0.172731
0.283231 0.176167
0.345632 0.246901
0.348735 0.276033
0.345844 0.295299
0.167461 0.287693
0.221289 0.000468
0.288419 0.000888
0.252103 0.022668
0.241735 0.052988
0.276348 0.065114
0.284007 0.093747
0.281954 0.110201
0.302032 0.125178
0.299925 0.141386
0.350628 0.168060
0.322955 0.197895
0.270607 0.184035
0.365968 0.276651
0.372616 0.261647
0.281134 0.267958
0.229727 0.000754
0.268466 0.022912
0.276897 0.049072
0.259197 0.053690
0.300832 0.089351
0.298366 0.107726
0.314485 0.104235
0.317550 0.140680
0.314213 0.158286
0.356128 0.207248
0.314485 0.226337
0.342499 0.216172
0.215295 0.283936
0.334224 0.287919
0.238134 0.000868
0.313275 0.000853
0.279575 0.033784
0.292411 0.056287
0.286912 0.077072
0.315894 0.086686
0.343428 0.095780
0.318132 0.121905
0.331372 0.157231
0.351373 0.132829
0.317366 0.175061
0.307651 0.189729
0.298438 0.199230
0.256625 0.278843
0.361455 0.299141
0.246585 0.000412
0.287569 0.021780
0.307841 0.052415
0.301221 0.070613
0.317543 0.068844
0.330570 0.083343
0.349846 0.115464
0.334900 0.139381
0.367676 0.133773
0.350769 0.150797
0.324198 0.215313
0.383595 0.250515
0.243126 0.279157
0.335489 0.259649
0.263363 0.000267
0.338046 0.001053
0.295859 0.039731
0.326181 0.054079
0.336403 0.067466
0.349160 0.079440
0.358609 0.096596
0.330679 0.104996
0.334691 0.122662
0.368298 0.152110
0.369069 0.169745
0.360906 0.227686
0.387444 0.197349
0.450746 0.350753
0.371386 0.205916
0.271694 0.000335
0.302455 0.025929
0.316729 0.039244
0.370394 0.054297
0.357706 0.063052
0.367108 0.077166
0.395389 0.128698
0.367406 0.113055
0.380241 0.123136
0.383753 0.143988
0.334730 0.176100
0.403214 0.320169
0.522874 0.381898
0.300962 0.287542
0.280021 0.001138
0.362629 0.000893
0.345398 0.053208
0.334280 0.038910
0.369455 0.037473
0.388980 0.086975
0.373430 0.094934
0.419263 0.105319
0.422675 0.122184
0.399457 0.147254
0.385580 0.162919
0.391634 0.181704
0.371647 0.186377
0.354288 0.185684
0.414133 0.330784
0.296779 0.000815
0.316098 0.023363
0.345931 0.025489
0.384501 0.043048
0.379416 0.070351
0.401032 0.098219
0.387450 0.107565
0.413135 0.133745
0.428751 0.146013
0.401762 0.167194
0.408117 0.184569
0.443674 0.214014
0.292735 0.286626
0.405337 0.302800
0.305017 0.000492
0.331109 0.023422
0.377418 0.023470
0.391474 0.058586
0.412585 0.086144
0.454430 0.083309
0.436345 0.113298
0.405295 0.115678
0.443894 0.098005
0.419310 0.172844
0.465636 0.185364
0.437873 0.179392
0.427339 0.214471
0.403404 0.209311
0.339743 0.195117
0.321579 0.000148
0.353187 0.039500
0.391940 0.025781
0.399873 0.039966
0.415518 0.044074
0.420009 0.072387
0.459118 0.101321
0.468672 0.121537
0.446384 0.153451
0.415366 0.154969
0.433183 0.162728
0.421458 0.233437
0.390288 0.309780
0.336372 0.233204
0.329819 0.000446
0.403659 0.000338
0.360599 0.022880
0.407662 0.023623
0.398591 0.073602
0.437901 0.076463
0.429218 0.090715
0.451572 0.118704
0.437937 0.131395
0.452888 0.170798
0.472957 0.137758
0.389069 0.217903
0.407314 0.230199
0.384874 0.292377
0.422966 0.337985
0.346192 0.000350
0.434535 0.042181
0.408841 0.060163
0.444216 0.063075
0.479903 0.076349
0.489623 0.098116
0.461277 0.154940
0.455166 0.135985
0.475014 0.283584
0.415724 0.200553
0.430475 0.193733
0.460423 0.214984
0.418063 0.294600
0.372505 0.304103
0.354362 0.000917
0.411890 0.000046
0.477096 0.000635
0.449383 0.025343
0.420419 0.029388
0.495952 0.068865
0.471903 0.088998
0.496965 0.084993
0.481719 0.152892
0.475706 0.106641
0.433240 0.282964
0.467734 0.199900
0.378147 0.230815
0.414267 0.254891
0.478335 0.230751
0.370885 0.000440
0.460951 0.001004
0.433916 0.024800
0.428365 0.058400
0.524048 0.116003
0.539711 0.123740
0.498943 0.113052
0.492404 0.138672
0.473628 0.167351
0.396224 0.239304
0.359698 0.246313
0.503749 0.377138
0.459921 0.358223
0.428345 0.255402
0.379097 0.001010
0.452784 0.000158
0.485239 0.000253
0.489158 0.039748
0.528930 0.036455
0.568396 0.153706
0.527996 0.150945
0.524339 0.135511
0.607559 0.206090
0.433350 0.301392
0.476698 0.365981
0.975384 0.175372
0.540574 0.245415
0.431032 0.323958
0.399290 0.264498
0.420018 0.000140
0.469032 0.000882
0.608485 0.046770
0.462860 0.069328
0.458373 0.053938
0.536208 0.167661
0.508416 0.143645
0.486207 0.123021
0.517861 0.202801
0.449482 0.195861
0.464438 0.340854
0.412719 0.276727
0.453392 0.302806
0.389547 0.276917
0.395470 0.000973
0.436318 0.000598
0.509703 0.000877
0.464106 0.026564
0.623442 0.170613
0.511717 0.064027
0.606900 0.274267
0.497662 0.159612
0.443550 0.263725
0.485750 0.179425
0.964417 0.284433
0.613409 0.294114
0.626916 0.287515
0.448371 0.330579
0.494273 0.374246
0.534042 0.000504
0.501619 0.000977
0.428117 0.000750
0.084554 0.321901
0.477180 0.059201
0.511856 0.103546
0.438858 0.231081
0.597238 0.250730
0.509860 0.226141
0.518318 0.360466
0.912633 0.275880
0.512756 0.265039
0.560026 0.378521
0.469860 0.298385
0.599181 0.000223
0.550401 0.000598
0.387290 0.000747
0.493427 0.000244
0.538696 0.024425
0.471109 0.041895
0.512069 0.086175
0.559189 0.138294
0.503939 0.188330
0.561083 0.366242
0.448790 0.245913
0.461148 0.316222
0.490024 0.311267
0.450834 0.278033
0.495502 0.332143
0.590955 0.000656
0.517778 0.000452
0.444569 0.000161
0.494547 0.024302
0.450566 0.040830
0.940807 0.320754
0.541768 0.378261
0.491037 0.357824
0.558012 0.331869
0.516834 0.293625
0.569446 0.360245
0.480510 0.337330
0.500837 0.288180
0.538953 0.226240
0.615499 0.000116
0.566588 0.000805
0.507153 0.030906
0.525938 0.001211
0.494315 0.054215
0.511437 0.045495
0.525226 0.054840
0.509184 0.127041
0.543019 0.142170
0.503550 0.173401
0.500229 0.210459
0.471509 0.249666
0.497490 0.236195
0.487083 0.252824
0.540368 0.293155
0.631901 0.000505
0.542235 0.000642
0.554098 0.025096
0.519923 0.024460
0.479306 0.026051
0.524966 0.074954
0.552391 0.114996
0.566937 0.124285
0.580735 0.135895
0.518586 0.164832
0.465523 0.267385
0.536703 0.203190
0.501499 0.254737
0.504376 0.309705
0.640079 0.000937
0.558464 0.000252
0.584839 0.024688
0.575181 0.040263
0.559136 0.041158
0.539508 0.104881
0.565540 0.103471
0.594765 0.122642
0.571692 0.172940
0.521602 0.186305
0.564462 0.206923
0.525189 0.297931
0.483306 0.216565
0.520461 0.241523
0.527936 0.356118
0.656527 0.000064
0.612904 0.029848
0.600508 0.023019
0.569159 0.025027
0.542395 0.043131
0.538634 0.063800
0.526919 0.095220
0.552990 0.092283
0.584074 0.153117
0.555669 0.177217
0.585441 0.234539
0.540751 0.184752
0.526496 0.223799
0.458841 0.233725
0.664809 0.000439
0.574730 0.000274
0.626040 0.022749
0.553366 0.056294
0.585016 0.053146
0.570204 0.060344
0.540075 0.082980
0.568567 0.081612
0.579291 0.114284
0.590084 0.170320
0.575696 0.191160
0.553945 0.198556
0.602291 0.296891
0.527305 0.338449
0.576136 0.300892
0.681177 0.000702
0.582831 0.000055
0.607363 0.000064
0.594326 0.038283
0.555426 0.072862
0.596461 0.082213
0.580381 0.093333
0.602581 0.153474
0.618913 0.150346
0.589270 0.191190
0.551025 0.159705
0.546763 0.270703
0.552737 0.255737
0.487186 0.275721
0.689412 0.000307
0.623656 0.000231
0.641415 0.024663
0.634557 0.065852
0.598367 0.061873
0.582403 0.072053
0.593403 0.102512
0.601186 0.137933
0.634874 0.132067
0.651684 0.137782
0.555000 0.228509
0.639529 0.167180
0.573353 0.222957
0.598520 0.226843
0.640251 0.290733
0.705917 0.000760
0.638454 0.047439
0.641746 0.080047
0.626374 0.038552
0.621025 0.057377
0.610480 0.070861
0.608470 0.093606
0.616954 0.130646
0.627556 0.188976
0.635578 0.150565
0.634101 0.201997
0.539228 0.334783
0.485123 0.195655
0.547339 0.319913
0.714225 0.000703
0.648277 0.000757
0.657411 0.023164
0.650946 0.058506
0.623280 0.081077
0.625967 0.097076
0.608710 0.112095
0.641224 0.115236
0.657999 0.122324
0.648465 0.181466
0.607752 0.172175
0.576617 0.264567
0.567294 0.245651
0.588157 0.210521
0.552283 0.300272
0.722529 0.000526
0.671369 0.026508
0.651078 0.037679
0.668243 0.060257
0.657833 0.074837
0.625465 0.113805
0.659356 0.105839
0.671948 0.133960
0.655195 0.153769
0.608086 0.190945
0.695124 0.259912
0.585904 0.292737
0.509873 0.330888
0.529512 0.262656
0.739107 0.000448
0.673001 0.000244
0.685898 0.024011
0.665349 0.043857
0.684920 0.055455
0.678083 0.073055
0.644101 0.096142
0.678044 0.119433
0.661782 0.167218
0.656370 0.194548
0.673863 0.226758
0.667568 0.210053
0.589962 0.268992
0.564085 0.307895
0.700169 0.280032
0.747457 0.000295
0.700646 0.024804
0.682876 0.039564
0.700429 0.056330
0.696120 0.072817
0.663176 0.089442
0.677247 0.102923
0.685226 0.160712
0.673425 0.177874
0.649117 0.214018
0.623486 0.215920
0.561935 0.276662
0.674948 0.253895
0.652604 0.294990
0.755767 0.000108
0.697653 0.001172
0.716369 0.023307
0.701602 0.039527
0.714260 0.070514
0.682845 0.087993
0.696231 0.106608
0.692045 0.127067
0.675703 0.148750
0.691359 0.178920
0.630714 0.230748
0.661945 0.244106
0.610909 0.238146
0.741865 0.289896
0.687892 0.288792
0.764165 0.000293
0.733385 0.023836
0.720407 0.036946
0.716345 0.053741
0.699540 0.089713
0.714149 0.103307
0.707357 0.121095
0.703066 0.161625
0.677085 0.194734
0.704892 0.219484
0.634038 0.261647
0.647048 0.232391
0.778963 0.293507
0.678980 0.277627
0.772552 0.000504
0.730826 0.000525
0.751577 0.022895
0.732309 0.066462
0.716142 0.087009
0.725589 0.115491
0.719711 0.131835
0.694314 0.143399
0.698759 0.196970
0.619286 0.253863
0.719586 0.208587
0.700517 0.244792
0.718957 0.244276
0.715060 0.292774
0.718702 0.260177
0.789421 0.000238
0.758480 0.037571
0.740949 0.035954
0.732172 0.082190
0.734451 0.098238
0.740250 0.127434
0.711170 0.146039
0.721890 0.160311
0.690546 0.211028
0.734619 0.238203
0.754132 0.237477
0.644441 0.254305
0.742452 0.258204
0.655845 0.278611
0.797804 0.000864
0.768748 0.022919
0.732648 0.050335
0.751554 0.068588
0.756216 0.098425
0.743722 0.111696
0.759485 0.127672
0.732530 0.144390
0.710936 0.178064
0.732658 0.173246
0.687353 0.238124
0.726633 0.223715
0.751558 0.272627
0.799523 0.281636
0.725001 0.291493
0.806350 0.000502
0.784640 0.051105
0.766665 0.051984
0.749387 0.083762
0.776740 0.096723
0.763856 0.112417
0.780282 0.125708
0.743885 0.158963
0.766711 0.185927
0.768950 0.226398
0.760990 0.252095
0.727547 0.274148
0.763332 0.295730
0.668366 0.290222
0.823336 0.000227
0.780987 0.000304
0.777109 0.035930
0.749433 0.053452
0.770691 0.066818
0.767308 0.082999
0.783073 0.109840
0.750731 0.142340
0.753550 0.174970
0.717652 0.191685
0.737409 0.189303
0.780767 0.215069
0.795448 0.247033
0.795405 0.294594
0.813581 0.293451
0.831916 0.000108
0.787097 0.023447
0.796062 0.036192
0.789996 0.064915
0.798480 0.090907
0.784667 0.080424
0.772746 0.141228
0.786621 0.151400
0.762312 0.155238
0.786467 0.185284
0.753384 0.216424
0.773328 0.202373
0.764614 0.285754
0.776511 0.264023
0.840376 0.001162
0.814821 0.000225
0.804905 0.022557
0.803788 0.049735
0.803726 0.074519
0.818039 0.100692
0.800671 0.106313
0.800067 0.122589
0.797701 0.137251
0.738672 0.208982
0.754329 0.196388
0.778472 0.242621
0.814430 0.244240
0.906224 0.311727
0.833263 0.292659
0.857585 0.000258
0.825762 0.022716
0.815506 0.034362
0.813941 0.060898
0.817523 0.085067
0.838236 0.086430
0.818187 0.118140
0.817837 0.135235
0.772687 0.168162
0.790325 0.167781
0.796353 0.200873
0.805275 0.215070
0.792644 0.265866
0.812042 0.261644
0.866099 0.000816
0.849007 0.000227
0.847074 0.022570
0.836777 0.033351
0.824909 0.047007
0.836805 0.059249
0.835224 0.101140
0.835180 0.118553
0.829504 0.145994
0.806805 0.151658
0.804894 0.175511
0.820750 0.203371
0.820144 0.227495
0.796408 0.228214
0.823187 0.280195
0.883426 0.000473
0.870031 0.023318
0.858824 0.032728
0.846369 0.045470
0.825842 0.071612
0.856402 0.093404
0.852110 0.108999
0.842824 0.132596
0.839505 0.158208
0.818300 0.162753
0.811406 0.188469
0.833130 0.218756
0.845366 0.235503
0.844612 0.305467
0.892154 0.000740
0.874774 0.000321
0.887368 0.022912
0.867472 0.046396
0.857390 0.060227
0.846716 0.072811
0.863444 0.079812
0.871536 0.109452
0.859545 0.123292
0.854504 0.143588
0.831209 0.173778
0.834174 0.188127
0.895511 0.245659
0.883523 0.302273
0.854403 0.313302
0.900812 0.000893
0.912771 0.022007
0.881687 0.037126
0.883930 0.055301
0.873939 0.066245
0.883014 0.080377
0.877363 0.094753
0.872830 0.131420
0.874937 0.148112
0.852476 0.175150
0.859828 0.159968
0.841798 0.202167
0.869997 0.244338
0.834998 0.246692
0.909522 0.000891
0.918369 0.000173
0.922383 0.035117
0.901318 0.030206
0.899069 0.044783
0.898001 0.074452
0.902453 0.089334
0.888172 0.116675
0.890664 0.132952
0.875767 0.165481
0.887266 0.178201
0.860331 0.185945
0.854827 0.223595
0.917000 0.333093
0.867380 0.292432
0.927210 0.000489
0.931854 0.023009
0.918350 0.048993
0.901293 0.060546
0.921206 0.093066
0.894842 0.102457
0.907687 0.120343
0.893078 0.150521
0.897775 0.166102
0.875109 0.194678
0.877413 0.213067
0.894822 0.230363
0.873465 0.228983
0.854062 0.254688
0.936072 0.000208
0.948236 0.023951
0.940680 0.038624
0.921199 0.063193
0.919411 0.077148
0.915060 0.106677
0.907742 0.139027
0.915475 0.154411
0.915023 0.172457
0.893561 0.199058
0.913357 0.235182
0.899343 0.214250
0.858883 0.205551
0.878413 0.258617
0.847731 0.280948
0.944916 0.000579
0.956427 0.050905
0.937252 0.054396
0.937809 0.085660
0.938060 0.102115
0.922803 0.129591
0.931808 0.170380
0.918554 0.197079
0.917990 0.214120
0.931978 0.225303
0.945402 0.236375
0.924394 0.248035
0.903666 0.259327
0.865021 0.316905
0.953830 0.000182
0.965517 0.021902
0.960956 0.036925
0.939890 0.070355
0.959159 0.109068
0.932144 0.116940
0.933277 0.140675
0.904053 0.187154
0.950278 0.197763
0.937022 0.207405
0.953866 0.217524
0.927730 0.263086
0.961171 0.268687
0.890106 0.284996
0.947062 0.275946
0.962868 0.001166
0.979056 0.027551
0.958845 0.065044
0.956086 0.094044
0.957170 0.150608
0.954064 0.181931
0.954014 0.166830
0.968700 0.244419
0.999240 0.327577
0.944890 0.251456
0.970430 0.232417
0.942096 0.363892
0.886330 0.272203
0.957332 0.371366
0.971797 0.000378
0.991896 0.000107
0.977680 0.043391
0.976109 0.105800
0.950245 0.120796
0.949271 0.135856
0.969827 0.202687
0.976995 0.190278
0.972749 0.260647
0.952966 0.308912
0.998722 0.363136
0.992567 0.405553
0.895248 0.324585
0.914608 0.291328
0.880664 0.321965
0.980989 0.000511
0.976557 0.059028
0.959604 0.079502
0.978302 0.121364
0.968734 0.132360
0.936648 0.155344
0.999009 0.272130
0.999178 0.305033
0.999300 0.250108
0.961358 0.341607
0.998993 0.314393
0.957507 0.329530
0.966354 0.363698
0.834710 0.263424
0.999543 0.007907
0.999226 0.040091
0.977552 0.074689
0.976672 0.090535
0.999839 0.103217
0.999040 0.181620
0.999308 0.136407
0.999816 0.147390
0.999209 0.337735
0.999382 0.260706
0.998677 0.350894
0.954626 0.296215
0.988250 0.401095
0.999244 0.227515
0.922331 0.314360
0.999456 0.000438
0.999504 0.050337
0.999732 0.071027
0.999762 0.092389
0.999383 0.114251
0.975034 0.160822
0.974358 0.217579
0.999727 0.293322
0.999993 0.238558
0.999706 0.193237
0.999348 0.283329
0.997988 0.380283
0.859106 0.271747
0.976423 0.358390
0.999985 0.020140
0.999550 0.030183
0.999967 0.060730
0.999372 0.081662
0.977031 0.145750
0.999023 0.125373
0.999812 0.204818
0.933251 0.186158
0.999958 0.215891
0.999905 0.158669
0.999532 0.169905
0.930253 0.287329
0.997903 0.395396
0.923703 0.340728
0.937880 0.353838
