0.000181 0.028253
0.000964 0.057902
0.000192 0.088893
0.000829 0.120767
0.000658 0.131443
0.000222 0.285827
0.000151 0.175634
0.000384 0.186842
0.000339 0.297414
0.003493 0.360653
0.084880 0.301087
0.044104 0.278815
0.034074 0.302660
0.066472 0.303507
0.000189 0.018473
0.000437 0.037814
0.000332 0.068290
0.020025 0.058573
0.021632 0.164579
0.000898 0.198384
0.000254 0.164393
0.000008 0.264970
0.000426 0.231761
0.000223 0.242887
0.000472 0.329600
0.000147 0.339706
0.039124 0.314210
0.043770 0.337939
0.096002 0.252676
0.000295 0.005289
0.000094 0.047705
0.000163 0.078609
0.001038 0.099411
0.000690 0.110018
0.000779 0.209939
0.000371 0.153325
0.000367 0.275348
0.000628 0.221011
0.000926 0.305787
0.000679 0.319488
0.022142 0.362821
0.007190 0.386235
0.046074 0.335179
0.000380 0.000662
0.024996 0.020310
0.024707 0.045247
0.022820 0.085375
0.022635 0.137122
0.063459 0.170331
0.041284 0.153898
0.001010 0.254159
0.034388 0.214544
0.028634 0.202214
0.031200 0.238494
0.000005 0.377086
0.000491 0.352102
0.001158 0.397793
0.096424 0.277391
0.009338 0.000577
0.043702 0.033407
0.020731 0.032985
0.022400 0.071790
0.000393 0.142349
0.028467 0.177521
0.047414 0.167184
0.046636 0.182335
0.023812 0.225928
0.051422 0.219915
0.028479 0.251630
0.070200 0.242808
0.042503 0.258211
0.064673 0.312240
0.029087 0.001128
0.019801 0.000149
0.062405 0.058852
0.042739 0.045505
0.023601 0.150986
0.023273 0.098067
0.045452 0.138496
0.058699 0.146044
0.047938 0.195817
0.060588 0.206172
0.079739 0.195614
0.054597 0.236329
0.080088 0.268429
0.046799 0.292752
0.124067 0.259241
0.038061 0.000256
0.058773 0.019645
0.041436 0.059062
0.047511 0.086869
0.024109 0.123771
0.042167 0.125033
0.072165 0.156208
0.106530 0.170232
0.019147 0.191705
0.069609 0.185115
0.031461 0.270928
0.063769 0.257588
0.071807 0.225077
0.011746 0.397525
0.047029 0.000052
0.040460 0.021055
0.065008 0.031106
0.061819 0.044713
0.039226 0.073957
0.061537 0.095292
0.022513 0.111281
0.068704 0.132634
0.091388 0.158511
0.085064 0.171489
0.080674 0.210589
0.110324 0.198757
0.095763 0.223976
0.151494 0.219998
0.110927 0.270485
0.056061 0.000424
0.078223 0.020380
0.078705 0.039716
0.055891 0.072057
0.069865 0.081336
0.040174 0.099921
0.049176 0.111325
0.062245 0.119827
0.135281 0.179994
0.093856 0.187922
0.112717 0.182586
0.123421 0.221936
0.066044 0.274164
0.130529 0.210113
0.065098 0.000189
0.074002 0.000486
0.090814 0.026679
0.087217 0.051986
0.076882 0.062754
0.086448 0.076100
0.089992 0.102681
0.071174 0.106966
0.083463 0.144328
0.125272 0.165024
0.160898 0.183672
0.102283 0.210646
0.140404 0.231890
0.117288 0.233671
0.115485 0.290459
0.082887 0.001283
0.103229 0.020074
0.112823 0.030432
0.109614 0.053427
0.098509 0.063453
0.084105 0.090705
0.084410 0.117375
0.089371 0.130817
0.103569 0.138533
0.137492 0.154972
0.128823 0.194283
0.148319 0.168902
0.159791 0.207787
0.139240 0.292009
0.091590 0.000263
0.109093 0.000983
0.123771 0.018816
0.098370 0.040013
0.117324 0.068594
0.103179 0.078295
0.107332 0.091559
0.103636 0.118543
0.117685 0.128665
0.109227 0.154518
0.155282 0.151139
0.146839 0.194056
0.218000 0.211079
0.114803 0.247700
0.127216 0.294556
0.100253 0.000647
0.131947 0.031919
0.119602 0.042692
0.128449 0.056704
0.136389 0.073254
0.123985 0.083036
0.109465 0.105215
0.126104 0.111225
0.132577 0.124211
0.123507 0.144227
0.165670 0.166322
0.189987 0.199108
0.181559 0.219199
0.090217 0.238912
0.117872 0.000812
0.144216 0.001135
0.142646 0.019217
0.140957 0.043505
0.143836 0.058720
0.153053 0.073419
0.128089 0.096993
0.149115 0.118605
0.141945 0.137940
0.158531 0.133647
0.172069 0.147488
0.177520 0.183364
0.206332 0.192488
0.201947 0.230990
0.148532 0.255202
0.126768 0.000822
0.150632 0.031258
0.159163 0.042961
0.160223 0.058079
0.172363 0.068331
0.145137 0.088160
0.145380 0.103213
0.164438 0.112305
0.186296 0.139804
0.182614 0.162467
0.192530 0.178080
0.171519 0.201384
0.251169 0.225104
0.219239 0.230541
0.135526 0.000551
0.178724 0.000136
0.161106 0.020351
0.175532 0.049551
0.165904 0.082442
0.161397 0.096719
0.179558 0.104050
0.172472 0.127366
0.196685 0.155794
0.199136 0.130838
0.207379 0.172787
0.221472 0.192062
0.235714 0.246497
0.169621 0.230687
0.155991 0.242244
0.152920 0.000188
0.172201 0.034307
0.186413 0.060434
0.188367 0.075771
0.180976 0.089293
0.197421 0.107780
0.186358 0.119757
0.217568 0.133549
0.209532 0.147478
0.228982 0.178980
0.247359 0.199522
0.199289 0.213361
0.173908 0.281904
0.141994 0.281240
0.161498 0.000376
0.176751 0.020115
0.188352 0.035101
0.195280 0.046839
0.204241 0.079930
0.198799 0.093416
0.211011 0.117773
0.235622 0.135506
0.228725 0.150288
0.218977 0.163012
0.248017 0.184356
0.235991 0.207856
0.235643 0.226869
0.188924 0.240225
0.179474 0.281316
0.170089 0.000777
0.209042 0.035333
0.203060 0.063090
0.229114 0.061030
0.217258 0.070459
0.215947 0.102376
0.248296 0.149455
0.262106 0.140636
0.239271 0.165649
0.267336 0.203617
0.266017 0.218010
0.287431 0.239932
0.269869 0.239972
0.200807 0.264748
0.187283 0.000644
0.191966 0.021571
0.229508 0.033096
0.210964 0.050219
0.234025 0.076275
0.219133 0.087578
0.228705 0.120071
0.267301 0.125246
0.256027 0.169588
0.301997 0.214417
0.288068 0.189453
0.257115 0.246443
0.334960 0.273216
0.240636 0.266034
0.212882 0.268354
0.195880 0.000876
0.206335 0.021301
0.246014 0.034671
0.245710 0.063159
0.236035 0.091202
0.233264 0.106285
0.248440 0.126479
0.280594 0.151810
0.267516 0.189218
0.288995 0.208784
0.285810 0.226268
0.317671 0.264713
0.176407 0.250210
0.147940 0.267290
0.204360 0.000463
0.254936 0.000377
0.220122 0.021789
0.225149 0.046654
0.251966 0.079040
0.251902 0.094745
0.249626 0.111014
0.266132 0.110141
0.297373 0.150956
0.265335 0.157560
0.329778 0.243366
0.313952 0.233887
0.306114 0.249439
0.280731 0.270735
0.212611 0.249968
0.212867 0.000724
0.236756 0.019835
0.262903 0.035441
0.261168 0.065228
0.269993 0.078230
0.268480 0.094539
0.286669 0.120362
0.281826 0.135783
0.303610 0.168296
0.288309 0.169707
0.352948 0.242704
0.355560 0.269575
0.355800 0.292624
0.177482 0.265228
0.221254 0.000556
0.288428 0.000772
0.253024 0.021517
0.242671 0.048311
0.277822 0.062123
0.284962 0.088507
0.283799 0.105088
0.304108 0.120074
0.301679 0.135894
0.352169 0.164064
0.325540 0.192748
0.275268 0.175787
0.372200 0.276370
0.376818 0.260121
0.293768 0.259499
0.229663 0.000596
0.268599 0.020198
0.276999 0.046147
0.260334 0.049783
0.301767 0.085428
0.300270 0.102858
0.315861 0.100232
0.319327 0.136420
0.317128 0.152870
0.360130 0.201319
0.320284 0.220742
0.347936 0.210827
0.226975 0.267738
0.341377 0.285181
0.238095 0.000089
0.313202 0.000139
0.279082 0.031744
0.292269 0.054122
0.288279 0.073194
0.316691 0.082881
0.344519 0.092843
0.319498 0.117697
0.335162 0.154498
0.352176 0.128589
0.323034 0.169662
0.312577 0.183093
0.305892 0.198028
0.270358 0.267741
0.369947 0.299280
0.246553 0.000785
0.287831 0.020556
0.309209 0.051229
0.303503 0.066678
0.319718 0.066463
0.332213 0.081104
0.350397 0.111335
0.335255 0.135956
0.366826 0.130721
0.350286 0.146514
0.329520 0.207966
0.387111 0.246889
0.255317 0.267078
0.341642 0.257408
0.263323 0.000549
0.338160 0.000253
0.295995 0.038712
0.327386 0.052371
0.337849 0.064976
0.350647 0.076321
0.359685 0.093872
0.331685 0.100585
0.335352 0.117614
0.367326 0.148863
0.369730 0.166165
0.362183 0.222600
0.391220 0.194801
0.457069 0.358440
0.376223 0.204834
0.271719 0.000767
0.300887 0.025313
0.315918 0.037758
0.371906 0.053723
0.358283 0.060875
0.366646 0.076302
0.395615 0.127083
0.366193 0.109989
0.379451 0.119140
0.382846 0.139123
0.338970 0.173560
0.408935 0.325768
0.542555 0.383439
0.309894 0.280522
0.280030 0.000088
0.362815 0.000141
0.345919 0.051574
0.333183 0.037317
0.367447 0.037177
0.387772 0.084579
0.375247 0.092313
0.418790 0.099879
0.421254 0.118328
0.399503 0.144061
0.384160 0.157998
0.389344 0.176409
0.375072 0.183619
0.358321 0.182919
0.420559 0.337805
0.296759 0.000094
0.314480 0.022330
0.344042 0.024046
0.383017 0.040516
0.380472 0.068581
0.400453 0.094986
0.386452 0.105043
0.412588 0.130921
0.428768 0.139508
0.401415 0.161848
0.406533 0.183172
0.442986 0.210280
0.302941 0.281416
0.410898 0.305817
0.304997 0.000680
0.329345 0.022643
0.376678 0.023092
0.391153 0.055411
0.410080 0.084378
0.453205 0.080825
0.434867 0.109182
0.403204 0.111943
0.442761 0.094331
0.418895 0.171060
0.464520 0.181586
0.438398 0.177535
0.425556 0.215402
0.404978 0.207207
0.342939 0.190790
0.321545 0.000535
0.352727 0.038813
0.391877 0.025454
0.399937 0.039708
0.415201 0.043216
0.419267 0.071057
0.458675 0.098873
0.467181 0.116942
0.444813 0.148984
0.415584 0.150530
0.432420 0.160683
0.420857 0.235528
0.396598 0.314527
0.339393 0.228636
0.329853 0.000641
0.403813 0.001066
0.359878 0.023028
0.407055 0.023514
0.397992 0.071180
0.437121 0.073973
0.428572 0.087246
0.451156 0.114773
0.438410 0.128293
0.453593 0.169475
0.471519 0.135947
0.387744 0.215238
0.407960 0.223573
0.390567 0.292606
0.428742 0.342009
0.346300 0.000663
0.434072 0.041843
0.408185 0.057679
0.443554 0.059321
0.478737 0.072724
0.488285 0.095118
0.461435 0.150326
0.454822 0.133150
0.480675 0.292885
0.417314 0.197163
0.430144 0.191368
0.461645 0.216605
0.426682 0.296609
0.379207 0.307861
0.354495 0.001022
0.412025 0.000879
0.477036 0.000215
0.448175 0.024665
0.420844 0.027747
0.493985 0.067739
0.470736 0.086329
0.496045 0.083433
0.480702 0.151701
0.476212 0.104346
0.435619 0.284261
0.466102 0.201265
0.378080 0.227731
0.414685 0.253494
0.477732 0.232357
0.371045 0.000573
0.460766 0.000574
0.433447 0.024660
0.426688 0.056484
0.521041 0.113422
0.537012 0.121768
0.496629 0.110442
0.490312 0.136620
0.472276 0.166139
0.399150 0.238585
0.365949 0.243186
0.518287 0.388429
0.470011 0.369574
0.431885 0.254294
0.379291 0.001157
0.452621 0.000856
0.485180 0.000562
0.488080 0.039362
0.524860 0.035964
0.564199 0.152245
0.525534 0.149374
0.522948 0.132720
0.600532 0.205308
0.438498 0.304886
0.484384 0.374762
0.975390 0.163892
0.534746 0.248418
0.434439 0.328754
0.402899 0.263696
0.420165 0.000928
0.468886 0.000969
0.607064 0.045932
0.461303 0.068460
0.457865 0.053061
0.535136 0.166596
0.506042 0.142480
0.485584 0.121096
0.517644 0.203019
0.447607 0.192751
0.470655 0.352202
0.415964 0.277952
0.458991 0.307078
0.395475 0.276600
0.395646 0.000686
0.436370 0.000929
0.509586 0.000531
0.462942 0.024334
0.618476 0.167141
0.509742 0.062246
0.596485 0.271443
0.496023 0.156710
0.444122 0.266974
0.485132 0.178805
0.966285 0.266130
0.597351 0.293528
0.612456 0.285023
0.453680 0.338157
0.507024 0.384934
0.533915 0.000588
0.501493 0.000178
0.428225 0.000626
0.089664 0.294107
0.475359 0.056031
0.509115 0.100837
0.439825 0.231902
0.587408 0.253576
0.506663 0.224040
0.527166 0.377288
0.907664 0.252217
0.510406 0.268605
0.578537 0.373583
0.471887 0.303162
0.599225 0.001217
0.550251 0.001160
0.387479 0.000843
0.493383 0.000242
0.535565 0.023741
0.469752 0.039558
0.511459 0.082705
0.556595 0.135207
0.504093 0.191957
0.589894 0.372573
0.446740 0.249270
0.465527 0.323345
0.489584 0.319275
0.455749 0.280564
0.500739 0.340525
0.590993 0.000074
0.517677 0.000395
0.444492 0.000579
0.492167 0.023053
0.449834 0.039546
0.937825 0.294362
0.560247 0.378337
0.498725 0.371802
0.560488 0.330622
0.511677 0.297866
0.582495 0.363611
0.484624 0.346107
0.497255 0.295049
0.537491 0.225175
0.615503 0.000693
0.566547 0.000164
0.504797 0.029047
0.525793 0.000504
0.493231 0.052663
0.508685 0.044117
0.524900 0.052496
0.507520 0.124047
0.541231 0.139563
0.502042 0.170650
0.497574 0.207801
0.467677 0.250200
0.495438 0.232926
0.484213 0.258606
0.536685 0.295668
0.631907 0.000287
0.542079 0.000137
0.551267 0.023213
0.517340 0.022684
0.477043 0.025545
0.523333 0.071904
0.550825 0.113424
0.564199 0.122634
0.577274 0.134074
0.517589 0.162109
0.468070 0.269524
0.533823 0.203326
0.500344 0.258644
0.507746 0.319110
0.640130 0.000281
0.558405 0.000315
0.582358 0.024127
0.573620 0.039748
0.557326 0.038397
0.537008 0.101854
0.563606 0.099587
0.592085 0.120450
0.569536 0.170292
0.518167 0.182119
0.560014 0.207515
0.521203 0.310486
0.479856 0.214376
0.514606 0.247489
0.547972 0.374209
0.656612 0.000120
0.611441 0.029664
0.599122 0.023257
0.567161 0.024829
0.541164 0.039274
0.536939 0.061315
0.525069 0.092645
0.551417 0.090864
0.580869 0.151100
0.553815 0.175990
0.577062 0.238378
0.536670 0.183375
0.523317 0.224791
0.458157 0.232726
0.664826 0.000408
0.574664 0.000037
0.625307 0.022971
0.551707 0.054398
0.583367 0.051779
0.567082 0.058859
0.537710 0.080234
0.566084 0.079398
0.577265 0.111262
0.585868 0.169376
0.568393 0.189754
0.547487 0.198495
0.587796 0.299187
0.529613 0.351534
0.566828 0.304006
0.681154 0.000528
0.582805 0.000601
0.607382 0.000718
0.592807 0.037962
0.552364 0.071290
0.593677 0.079594
0.578758 0.089941
0.598814 0.151581
0.615399 0.147517
0.585250 0.188746
0.548921 0.156889
0.536944 0.275955
0.547052 0.261799
0.488474 0.275068
0.689419 0.000402
0.623644 0.000206
0.640555 0.024462
0.632344 0.064528
0.595672 0.060533
0.580136 0.070874
0.590756 0.100711
0.596405 0.135598
0.629200 0.127107
0.646324 0.132063
0.551759 0.226831
0.635098 0.162599
0.567758 0.223077
0.592560 0.222182
0.624397 0.286944
0.705911 0.000824
0.636920 0.047198
0.639168 0.078867
0.625471 0.038458
0.618743 0.057007
0.608122 0.069722
0.606053 0.090568
0.612842 0.127849
0.620718 0.183670
0.630484 0.144779
0.627708 0.198131
0.550198 0.349777
0.483900 0.194365
0.543963 0.339532
0.714225 0.000202
0.648368 0.000164
0.657315 0.023546
0.649187 0.057337
0.620950 0.078580
0.622664 0.094538
0.604841 0.110047
0.637542 0.110695
0.653347 0.117261
0.641011 0.177802
0.602274 0.169651
0.566193 0.265000
0.562367 0.245537
0.579327 0.207855
0.543496 0.307515
0.722581 0.000212
0.671516 0.026014
0.649318 0.037504
0.665149 0.057470
0.655094 0.072099
0.620503 0.110931
0.655582 0.101239
0.666778 0.128833
0.650004 0.146991
0.602543 0.187986
0.683848 0.251576
0.575860 0.293648
0.509756 0.341669
0.523963 0.265711
0.739167 0.000264
0.673001 0.000240
0.686118 0.023710
0.665401 0.041089
0.683002 0.054398
0.674937 0.069166
0.640322 0.093848
0.673880 0.112970
0.655748 0.162969
0.648680 0.190847
0.661392 0.220596
0.657482 0.205237
0.578407 0.269366
0.558448 0.321094
0.685473 0.271550
0.747507 0.000663
0.701203 0.023625
0.682959 0.038858
0.698839 0.054367
0.693953 0.070120
0.659849 0.085970
0.673867 0.098037
0.678140 0.157133
0.665555 0.173521
0.640579 0.210866
0.615137 0.211516
0.553249 0.282559
0.659482 0.245352
0.636215 0.288990
0.755914 0.000110
0.697606 0.000853
0.716882 0.021949
0.701480 0.038144
0.711944 0.067504
0.679404 0.083746
0.691270 0.101948
0.687699 0.122290
0.667581 0.144473
0.684753 0.172146
0.617820 0.228395
0.649168 0.240364
0.602158 0.236443
0.727893 0.277429
0.673779 0.278949
0.764374 0.001045
0.733836 0.022192
0.720205 0.034961
0.714332 0.050920
0.696593 0.085738
0.710774 0.098519
0.701684 0.115303
0.696811 0.154795
0.671496 0.190407
0.693027 0.211640
0.621620 0.258774
0.635771 0.227539
0.770762 0.275712
0.663947 0.268664
0.772726 0.000506
0.730889 0.000221
0.751221 0.021674
0.730561 0.062998
0.713605 0.082989
0.721860 0.109624
0.715130 0.125871
0.687235 0.138093
0.690515 0.191525
0.607915 0.254037
0.708500 0.201668
0.689704 0.233979
0.708030 0.231602
0.700917 0.279102
0.704832 0.250400
0.789574 0.000576
0.759028 0.034658
0.741048 0.035075
0.729401 0.078035
0.731730 0.093666
0.735911 0.121273
0.705403 0.137913
0.716318 0.153941
0.678229 0.206861
0.726627 0.228155
0.746445 0.224013
0.629980 0.245657
0.729780 0.244993
0.642114 0.271429
0.798046 0.000402
0.767917 0.021757
0.730665 0.047267
0.750293 0.064506
0.754022 0.092273
0.741687 0.105665
0.756897 0.119147
0.727323 0.137893
0.704064 0.169685
0.727232 0.164878
0.673960 0.233076
0.718770 0.214714
0.740229 0.259748
0.790014 0.266719
0.713132 0.281763
0.806569 0.000485
0.783385 0.046844
0.764583 0.047835
0.745636 0.079429
0.774923 0.089274
0.762319 0.104982
0.777368 0.118381
0.739992 0.151424
0.762774 0.175393
0.761507 0.212898
0.750538 0.240446
0.715453 0.264595
0.751353 0.282412
0.653714 0.281493
0.823551 0.000055
0.781157 0.000713
0.777840 0.033561
0.747044 0.050617
0.769400 0.061369
0.763959 0.076299
0.781180 0.102866
0.746728 0.133760
0.747166 0.165780
0.710517 0.183895
0.729301 0.181429
0.776374 0.204239
0.788934 0.231872
0.784515 0.279632
0.802561 0.277246
0.832119 0.001096
0.786442 0.020689
0.796095 0.033632
0.788818 0.060273
0.796696 0.083266
0.781707 0.075147
0.769210 0.132072
0.783394 0.140428
0.758768 0.146544
0.782669 0.173867
0.746221 0.206284
0.768865 0.189820
0.753252 0.272028
0.766212 0.249906
0.840627 0.000681
0.815039 0.000187
0.804940 0.020697
0.802980 0.045948
0.801405 0.068478
0.816256 0.093640
0.798559 0.097289
0.797874 0.112701
0.793547 0.127678
0.730212 0.198612
0.746814 0.187046
0.770204 0.229840
0.807968 0.228932
0.901049 0.285126
0.821984 0.274857
0.857811 0.000672
0.825472 0.020022
0.814546 0.031126
0.812212 0.055973
0.815958 0.078433
0.836169 0.078176
0.816363 0.109474
0.815004 0.125428
0.768657 0.158285
0.787009 0.155816
0.792832 0.187079
0.799081 0.200660
0.781716 0.247696
0.806120 0.247519
0.866310 0.000246
0.849199 0.001101
0.847348 0.020138
0.835126 0.030441
0.824497 0.042105
0.835185 0.053477
0.833954 0.092772
0.832711 0.108784
0.827568 0.133474
0.803823 0.140250
0.801453 0.162636
0.818273 0.190441
0.814482 0.213918
0.790895 0.215629
0.814913 0.261647
0.883654 0.001214
0.869838 0.021168
0.858334 0.029005
0.847044 0.040438
0.824681 0.065068
0.856216 0.085042
0.849593 0.098686
0.839431 0.122434
0.838056 0.145720
0.815729 0.150798
0.808227 0.177083
0.829177 0.204084
0.841483 0.219618
0.836966 0.280930
0.892349 0.000686
0.874954 0.000086
0.886301 0.020952
0.865765 0.042099
0.855003 0.054893
0.845137 0.067135
0.862287 0.071604
0.868927 0.100904
0.855542 0.114065
0.854337 0.131233
0.827296 0.160797
0.830872 0.175012
0.894051 0.226844
0.877127 0.278288
0.847203 0.288762
0.900977 0.000087
0.912920 0.020164
0.880573 0.035404
0.884101 0.051126
0.872570 0.059446
0.881734 0.073747
0.875343 0.087197
0.871975 0.118900
0.874149 0.136726
0.847606 0.162174
0.857429 0.146289
0.839015 0.188667
0.864607 0.226806
0.827292 0.229769
0.909730 0.000061
0.918628 0.000788
0.922144 0.032484
0.899876 0.026009
0.898648 0.039793
0.896832 0.068113
0.902629 0.081864
0.885807 0.106063
0.890089 0.121923
0.873062 0.153757
0.885546 0.164096
0.860296 0.170797
0.853578 0.206701
0.912423 0.305742
0.860587 0.268770
0.927490 0.000181
0.932059 0.021039
0.915363 0.044094
0.901854 0.055323
0.922255 0.085373
0.893429 0.093111
0.904653 0.109198
0.893624 0.136707
0.896886 0.151938
0.872425 0.177344
0.876815 0.194917
0.890422 0.210934
0.870360 0.210759
0.847809 0.235770
0.936357 0.001246
0.949043 0.021476
0.940693 0.035099
0.921847 0.058174
0.917999 0.071346
0.915281 0.098002
0.909455 0.127275
0.916211 0.141583
0.916969 0.156802
0.891747 0.182935
0.912021 0.215238
0.898893 0.198017
0.854555 0.189953
0.873552 0.237584
0.841793 0.260943
0.945332 0.000124
0.956386 0.047009
0.936948 0.048814
0.939012 0.077108
0.940504 0.092849
0.922513 0.117988
0.933315 0.156774
0.917665 0.179944
0.917253 0.195634
0.932526 0.207741
0.948236 0.217155
0.924594 0.225938
0.902361 0.237639
0.859987 0.292466
0.954366 0.000420
0.966522 0.020831
0.960680 0.034132
0.940741 0.063140
0.963405 0.100779
0.933650 0.105926
0.933315 0.127634
0.904491 0.169773
0.953301 0.182853
0.937135 0.191835
0.955187 0.202514
0.927949 0.243747
0.962515 0.250640
0.887218 0.263690
0.942802 0.251865
0.963348 0.000374
0.980264 0.025977
0.959746 0.059799
0.956859 0.086248
0.961048 0.139604
0.955726 0.168197
0.954226 0.154084
0.968574 0.230874
0.999599 0.323642
0.943470 0.232433
0.971119 0.217460
0.940860 0.328586
0.882060 0.250509
0.950953 0.342940
0.972254 0.000167
0.992656 0.000627
0.978227 0.040501
0.978588 0.098380
0.950727 0.109235
0.951907 0.125644
0.969142 0.189775
0.980341 0.179116
0.976654 0.243235
0.950465 0.285918
0.997513 0.358280
0.985634 0.395693
0.889271 0.298273
0.910628 0.268667
0.876059 0.295416
0.981489 0.000177
0.977851 0.054445
0.960394 0.073095
0.982084 0.114458
0.967078 0.121993
0.939884 0.142311
0.998882 0.270231
0.999349 0.301309
0.999334 0.248645
0.957080 0.311624
0.998553 0.314591
0.954968 0.302744
0.963581 0.343201
0.828089 0.247264
0.999783 0.008218
0.999592 0.040123
0.980014 0.069015
0.978339 0.083538
0.999399 0.102790
0.999642 0.181092
0.999866 0.136128
0.999336 0.147376
0.999998 0.336046
0.999568 0.259526
0.999171 0.348715
0.952367 0.269958
0.986389 0.387227
0.999136 0.226076
0.920288 0.287048
0.999627 0.000825
0.999467 0.050268
0.999533 0.070976
0.999058 0.092148
0.999790 0.113836
0.975904 0.149750
0.978297 0.203840
0.998578 0.292332
0.999703 0.237416
0.999619 0.192681
0.999624 0.280975
0.995558 0.369606
0.857155 0.252278
0.971309 0.343694
0.999125 0.020183
0.999933 0.030232
0.998972 0.060534
0.999283 0.081560
0.981720 0.133706
0.999657 0.125019
0.999307 0.204039
0.934239 0.172934
0.999488 0.215299
0.999725 0.158435
0.999820 0.169516
0.926451 0.262917
0.999336 0.385764
0.919468 0.311546
0.933925 0.324064
