0.000702 0.009355
0.000844 0.045789
0.000821 0.076054
0.000970 0.114967
0.000581 0.146420
0.000843 0.180476
0.000431 0.210663
0.000562 0.244988
0.000773 0.277683
0.000222 0.310431
0.000360 0.350819
0.000770 0.380692
0.000250 0.411840
0.000634 0.439720
0.006223 0.000003
0.001137 0.022849
0.000071 0.056756
0.000220 0.096348
0.000165 0.129012
0.000373 0.162787
0.000637 0.195156
0.000330 0.228101
0.000752 0.261603
0.001042 0.293498
0.002472 0.327341
0.000099 0.358827
0.000189 0.395078
0.000852 0.416505
0.014577 0.444617
0.000213 0.000197
0.000262 0.033336
0.000984 0.066973
0.000025 0.086388
0.000471 0.104573
0.007381 0.132578
0.009054 0.157866
0.014165 0.192146
0.011826 0.227348
0.015212 0.266578
0.012853 0.309138
0.016365 0.346658
0.016993 0.386613
0.002047 0.447485
0.021397 0.000362
0.015052 0.013743
0.010816 0.040614
0.020710 0.062226
0.020183 0.086516
0.020898 0.115658
0.024291 0.142764
0.021557 0.171418
0.026598 0.206261
0.023538 0.242721
0.024750 0.283709
0.026116 0.322853
0.027114 0.364069
0.031289 0.406831
0.026733 0.442555
0.032430 0.000148
0.027352 0.025822
0.022640 0.046388
0.027775 0.073868
0.030510 0.099591
0.032631 0.126225
0.034167 0.155577
0.036136 0.184768
0.036751 0.223508
0.037382 0.262101
0.036400 0.302305
0.037625 0.343443
0.037267 0.381055
0.037233 0.421387
0.044422 0.000912
0.036562 0.010269
0.034537 0.035693
0.037273 0.059749
0.038641 0.085144
0.040775 0.111312
0.043418 0.139847
0.045214 0.169191
0.047565 0.202733
0.047652 0.240357
0.048272 0.280273
0.048085 0.320356
0.046626 0.360722
0.045570 0.402599
0.044694 0.438443
0.055370 0.000162
0.046614 0.025960
0.046589 0.047092
0.049496 0.071112
0.051324 0.097440
0.052948 0.124622
0.054208 0.152852
0.055316 0.183661
0.055535 0.219677
0.056400 0.258709
0.056284 0.299449
0.056163 0.339970
0.057209 0.381516
0.056311 0.428540
0.066585 0.000858
0.059311 0.013933
0.057694 0.036672
0.059291 0.060344
0.061800 0.083863
0.063438 0.110024
0.065399 0.138090
0.066658 0.166896
0.067350 0.200214
0.067071 0.237808
0.067284 0.277582
0.066471 0.318224
0.067126 0.359215
0.066882 0.397544
0.067868 0.438310
0.077111 0.000445
0.069829 0.026347
0.069065 0.047963
0.071045 0.071235
0.072737 0.096791
0.074398 0.124240
0.075989 0.152532
0.077619 0.182944
0.078295 0.218909
0.078148 0.258457
0.077342 0.299043
0.076693 0.339287
0.076180 0.380373
0.077309 0.428900
0.087886 0.000521
0.082068 0.015519
0.081569 0.037035
0.082161 0.060760
0.083736 0.084225
0.084866 0.110225
0.086169 0.138561
0.087152 0.167341
0.087910 0.200289
0.087967 0.237481
0.087692 0.276790
0.087396 0.316956
0.085986 0.357109
0.086387 0.396545
0.087339 0.441244
0.098207 0.000319
0.092642 0.027241
0.092810 0.049250
0.094436 0.072111
0.095764 0.097416
0.096819 0.124606
0.097727 0.152860
0.097921 0.183144
0.097600 0.218819
0.097030 0.258183
0.095928 0.298780
0.095968 0.340173
0.096118 0.382400
0.095578 0.432712
0.109004 0.000382
0.104635 0.015713
0.103780 0.037957
0.104441 0.062046
0.105850 0.085142
0.107158 0.110977
0.108351 0.139003
0.109082 0.167487
0.108896 0.199991
0.108461 0.237253
0.107727 0.276277
0.106574 0.317256
0.105510 0.355761
0.105522 0.396442
0.108252 0.443065
0.119249 0.000124
0.115163 0.027831
0.115641 0.050210
0.116408 0.072971
0.117342 0.098167
0.118331 0.125547
0.119340 0.153264
0.119822 0.183144
0.119929 0.218523
0.119804 0.258077
0.118852 0.298744
0.116540 0.339674
0.116122 0.383504
0.118330 0.434570
0.129780 0.000808
0.127953 0.016504
0.127373 0.037988
0.127740 0.062531
0.128596 0.085670
0.129334 0.111763
0.130008 0.139793
0.130247 0.167746
0.130458 0.200045
0.130838 0.237154
0.130365 0.275354
0.128218 0.315045
0.126847 0.354379
0.127753 0.396666
0.131661 0.445307
0.139910 0.000536
0.138534 0.028545
0.138872 0.050442
0.139840 0.073385
0.140733 0.098714
0.141413 0.125935
0.141566 0.153499
0.141449 0.183120
0.141096 0.218646
0.141108 0.258040
0.139740 0.298424
0.137762 0.340496
0.136506 0.385749
0.138110 0.433868
0.150392 0.000362
0.150957 0.016832
0.150523 0.038773
0.150918 0.062864
0.151771 0.086133
0.152787 0.112274
0.153145 0.140084
0.153183 0.167870
0.152517 0.199985
0.151373 0.237204
0.150409 0.274729
0.149422 0.312737
0.147567 0.352254
0.148227 0.397700
0.145360 0.446155
0.160499 0.000326
0.161996 0.028743
0.162484 0.050978
0.163247 0.073904
0.163977 0.099324
0.164579 0.126460
0.164818 0.153765
0.163489 0.182768
0.161867 0.217937
0.162051 0.257793
0.160754 0.298511
0.158097 0.341139
0.157554 0.386016
0.158885 0.438393
0.170745 0.001226
0.174431 0.017254
0.174539 0.039150
0.174692 0.063256
0.175560 0.086705
0.175965 0.112895
0.176331 0.140529
0.175300 0.167366
0.173007 0.199366
0.172284 0.237240
0.171403 0.273153
0.169991 0.309514
0.169734 0.350735
0.168693 0.397918
0.173586 0.446098
0.181097 0.000387
0.185779 0.028652
0.186592 0.051365
0.187120 0.074395
0.187573 0.099814
0.187760 0.126941
0.187341 0.153799
0.185267 0.181422
0.183335 0.217479
0.182145 0.257835
0.181898 0.299317
0.180174 0.342254
0.179305 0.387607
0.179608 0.435386
0.190975 0.000988
0.198002 0.018144
0.198414 0.039762
0.198957 0.063734
0.199276 0.086896
0.199402 0.113153
0.199198 0.140910
0.197232 0.166538
0.194741 0.198340
0.193362 0.236609
0.193308 0.272019
0.192602 0.306220
0.191114 0.349081
0.190315 0.397893
0.189694 0.447605
0.201503 0.000555
0.210023 0.028914
0.210891 0.051517
0.211252 0.074728
0.211272 0.099900
0.211078 0.126946
0.210007 0.152576
0.206673 0.179785
0.206430 0.216359
0.205929 0.257826
0.203988 0.299848
0.202295 0.343054
0.200845 0.386870
0.200078 0.435839
0.211408 0.000160
0.222318 0.019062
0.223196 0.040281
0.223378 0.063895
0.223381 0.086827
0.223138 0.113069
0.222352 0.139987
0.220266 0.164448
0.218214 0.198406
0.217673 0.236616
0.215262 0.270384
0.214057 0.304438
0.212792 0.347446
0.211133 0.397170
0.208602 0.446281
0.221687 0.000205
0.235089 0.028690
0.236112 0.051822
0.236135 0.074759
0.235562 0.099500
0.234875 0.126357
0.233601 0.150903
0.232332 0.178419
0.230294 0.216153
0.229632 0.256755
0.228653 0.299174
0.225572 0.341794
0.222857 0.387195
0.220815 0.437405
0.231882 0.000591
0.247805 0.019649
0.248585 0.040490
0.249131 0.063647
0.248441 0.086184
0.247507 0.112050
0.246678 0.138658
0.245657 0.163560
0.245508 0.196746
0.243078 0.234965
0.241605 0.269268
0.237433 0.302423
0.234822 0.345729
0.232778 0.395839
0.231270 0.445819
0.242038 0.001048
0.261435 0.029038
0.262306 0.051430
0.261756 0.074120
0.260818 0.098418
0.259923 0.125168
0.258950 0.149994
0.257310 0.178353
0.256417 0.215484
0.254829 0.256777
0.252154 0.297607
0.249255 0.340732
0.245512 0.385009
0.242029 0.435997
0.252562 0.000744
0.274267 0.019698
0.275295 0.040221
0.275526 0.062828
0.274718 0.085106
0.273628 0.111086
0.272319 0.137327
0.270242 0.162184
0.268053 0.196254
0.267731 0.234472
0.264360 0.267965
0.261469 0.300717
0.257466 0.343147
0.253396 0.393396
0.251352 0.445193
0.262811 0.000397
0.288336 0.028303
0.289407 0.050603
0.288769 0.073284
0.287571 0.097298
0.285780 0.123669
0.284216 0.148671
0.283764 0.177337
0.282576 0.214891
0.279817 0.253319
0.277581 0.294665
0.272836 0.336655
0.267305 0.384403
0.262744 0.434996
0.273497 0.000326
0.302156 0.018865
0.303024 0.039571
0.303357 0.061785
0.301560 0.083614
0.299351 0.109220
0.297875 0.135745
0.297772 0.161615
0.297801 0.195292
0.295887 0.233322
0.293167 0.268732
0.286690 0.300244
0.280661 0.340540
0.276129 0.390180
0.270707 0.443254
0.284005 0.000256
0.316847 0.027644
0.317372 0.049122
0.315555 0.071560
0.313611 0.095110
0.312238 0.121617
0.310819 0.148158
0.309527 0.177680
0.307061 0.214150
0.304522 0.252486
0.301309 0.291662
0.297871 0.334408
0.290971 0.381228
0.284280 0.433918
0.294652 0.000965
0.329997 0.017942
0.330771 0.038184
0.330859 0.059172
0.328936 0.081404
0.326696 0.107935
0.324099 0.134716
0.320660 0.160860
0.317602 0.193298
0.314329 0.231275
0.311302 0.265388
0.308492 0.297653
0.304395 0.335250
0.297795 0.385190
0.293263 0.440076
0.305624 0.000280
0.345227 0.026042
0.346398 0.046651
0.344257 0.069516
0.340667 0.093709
0.337213 0.120392
0.334421 0.146060
0.333072 0.176001
0.333059 0.211737
0.330209 0.249894
0.327506 0.289128
0.322616 0.328717
0.316813 0.376006
0.306929 0.431660
0.316584 0.000200
0.361056 0.015214
0.362098 0.035960
0.360073 0.056448
0.355103 0.078595
0.351093 0.104965
0.349090 0.132313
0.349165 0.160092
0.348770 0.193223
0.347149 0.229889
0.343718 0.266047
0.337966 0.299109
0.328860 0.333533
0.321466 0.378707
0.313892 0.436602
0.328074 0.000694
0.377739 0.022295
0.376372 0.042249
0.372116 0.065199
0.367971 0.089406
0.363939 0.117338
0.360068 0.145435
0.357298 0.175885
0.353695 0.211006
0.349917 0.247964
0.345700 0.284739
0.345569 0.324933
0.339494 0.375024
0.331161 0.429939
0.339387 0.000265
0.394556 0.010020
0.392951 0.031388
0.390924 0.050861
0.383592 0.076131
0.377822 0.103430
0.372154 0.130215
0.366315 0.158704
0.363401 0.190802
0.359413 0.226773
0.357450 0.262574
0.356262 0.299951
0.354357 0.328112
0.348476 0.369500
0.334942 0.427079
0.351125 0.000706
0.411246 0.020090
0.408174 0.039163
0.400509 0.061655
0.392448 0.086540
0.387723 0.114341
0.386400 0.142693
0.386150 0.174683
0.385355 0.208635
0.382294 0.244979
0.377399 0.281997
0.372736 0.318127
0.374562 0.363449
0.356843 0.420537
0.363617 0.000487
0.423789 0.000647
0.428064 0.022240
0.422564 0.043350
0.413831 0.069367
0.406567 0.098183
0.400298 0.127306
0.396952 0.157502
0.393600 0.190614
0.391941 0.226182
0.387012 0.262338
0.382578 0.300168
0.377136 0.338945
0.359067 0.364649
0.367599 0.422290
0.376077 0.000475
0.450739 0.013589
0.438955 0.034054
0.428884 0.057979
0.419060 0.084458
0.411098 0.112433
0.403570 0.141867
0.398969 0.172190
0.396710 0.207171
0.393315 0.241057
0.389431 0.276602
0.386077 0.310600
0.379696 0.350489
0.372258 0.418008
0.390426 0.001198
0.463159 0.000155
0.469657 0.014603
0.457459 0.032544
0.446791 0.063357
0.441470 0.093482
0.435928 0.120828
0.433653 0.156713
0.432705 0.191479
0.431538 0.225829
0.428852 0.260700
0.425509 0.293470
0.419028 0.329758
0.413505 0.365982
0.387164 0.399647
0.427478 0.000433
0.481313 0.000359
0.484426 0.026929
0.460722 0.050753
0.440798 0.077247
0.430833 0.106661
0.429140 0.138024
0.426826 0.174632
0.422899 0.207371
0.421112 0.242225
0.417114 0.273971
0.413727 0.312837
0.403202 0.349884
0.389074 0.385106
0.405975 0.000496
0.446241 0.000286
0.494954 0.003507
0.474934 0.033170
0.462061 0.058953
0.451103 0.092441
0.442253 0.127313
0.438749 0.151618
0.435494 0.184726
0.434447 0.223309
0.432502 0.259042
0.427997 0.295038
0.418081 0.323850
0.410984 0.359602
0.398415 0.391000
0.531892 0.000113
0.498392 0.001482
0.503512 0.023408
0.519565 0.043800
0.532980 0.070743
0.543190 0.099103
0.549136 0.137331
0.552731 0.173511
0.554092 0.207394
0.558690 0.247086
0.558672 0.280837
0.563721 0.312762
0.575245 0.337630
0.586633 0.372919
0.598367 0.000522
0.550676 0.000428
0.496458 0.017174
0.522293 0.037757
0.543287 0.064592
0.556197 0.094829
0.562250 0.123295
0.563489 0.154723
0.564477 0.188889
0.568241 0.222361
0.570358 0.255164
0.574623 0.291167
0.579517 0.331036
0.582212 0.366065
0.605675 0.390315
0.581297 0.000122
0.521154 0.000935
0.530916 0.023275
0.539407 0.050063
0.546557 0.081539
0.551555 0.111423
0.555071 0.139078
0.557075 0.171504
0.557957 0.207424
0.559324 0.241457
0.562761 0.278680
0.562004 0.307195
0.574711 0.353188
0.611248 0.403421
0.611450 0.000418
0.567185 0.000112
0.542257 0.017962
0.556919 0.044760
0.567006 0.071138
0.575136 0.097948
0.583493 0.126272
0.588993 0.157463
0.592641 0.189854
0.594771 0.224707
0.597292 0.257482
0.601944 0.293779
0.610306 0.331190
0.607805 0.369392
0.607933 0.414141
0.624777 0.000921
0.554886 0.010397
0.564248 0.032653
0.572095 0.056370
0.579646 0.082722
0.587019 0.112317
0.592676 0.142202
0.594835 0.173518
0.597643 0.207909
0.598844 0.244216
0.604164 0.280107
0.610371 0.317925
0.614639 0.363457
0.623075 0.417285
0.637657 0.000270
0.580102 0.008075
0.578387 0.029441
0.584135 0.047533
0.594114 0.073154
0.600766 0.100256
0.603749 0.128054
0.603896 0.157694
0.604147 0.191037
0.606359 0.226068
0.610025 0.261832
0.615045 0.296397
0.621769 0.331275
0.631866 0.370749
0.639234 0.420282
0.649818 0.000979
0.596282 0.020780
0.596804 0.039254
0.603152 0.063401
0.609295 0.088926
0.615269 0.116479
0.621061 0.144105
0.625733 0.174512
0.628386 0.208806
0.632109 0.244281
0.632267 0.280558
0.633807 0.322794
0.640191 0.372774
0.646085 0.427855
0.661494 0.000821
0.613359 0.012418
0.612532 0.033136
0.614009 0.052043
0.619802 0.075450
0.624034 0.103026
0.628447 0.131099
0.631793 0.159684
0.634390 0.192967
0.637637 0.229568
0.641954 0.264712
0.648399 0.299304
0.652088 0.334053
0.656896 0.377562
0.660695 0.429546
0.672615 0.000138
0.628140 0.024717
0.628379 0.045294
0.632250 0.067112
0.636958 0.090865
0.640430 0.118306
0.641474 0.145525
0.640635 0.175641
0.642318 0.210845
0.644620 0.247870
0.649929 0.285311
0.653561 0.325178
0.663315 0.372979
0.669784 0.430070
0.684068 0.000781
0.644244 0.015889
0.643720 0.036621
0.643841 0.057735
0.647452 0.080287
0.651423 0.106780
0.654437 0.132958
0.656199 0.159538
0.656913 0.194034
0.658578 0.230293
0.660693 0.267219
0.665146 0.297522
0.674001 0.336081
0.679838 0.382874
0.686621 0.437409
0.694897 0.000561
0.658731 0.026465
0.658435 0.047094
0.660160 0.069898
0.662306 0.094090
0.664711 0.121038
0.668079 0.147019
0.671712 0.176193
0.673473 0.212330
0.678252 0.249098
0.678179 0.288825
0.681168 0.333876
0.687114 0.380030
0.692510 0.431784
0.705754 0.000615
0.673654 0.018641
0.672736 0.038900
0.673206 0.060236
0.675750 0.081986
0.677505 0.107914
0.678924 0.134757
0.679916 0.161281
0.681529 0.194887
0.684098 0.233106
0.688889 0.266617
0.694757 0.299601
0.696452 0.338753
0.703343 0.387884
0.706742 0.441650
0.716550 0.000296
0.687441 0.028075
0.686772 0.050166
0.688210 0.072384
0.690302 0.095918
0.692314 0.122146
0.692836 0.147651
0.692023 0.177283
0.693531 0.214186
0.695155 0.253384
0.700128 0.292440
0.704794 0.333958
0.711249 0.382027
0.716652 0.434505
0.727005 0.000795
0.702354 0.019726
0.701847 0.039949
0.701549 0.062310
0.702824 0.084323
0.704408 0.110087
0.706075 0.136054
0.707400 0.161411
0.707646 0.195931
0.708517 0.233399
0.711497 0.268505
0.714844 0.301249
0.721643 0.341733
0.725103 0.391997
0.727529 0.442674
0.737711 0.000531
0.716472 0.028930
0.715785 0.050870
0.716608 0.073556
0.717546 0.097664
0.718507 0.123975
0.719945 0.148562
0.720567 0.177220
0.722076 0.214810
0.724942 0.254995
0.726277 0.295451
0.729236 0.339484
0.733631 0.385404
0.737298 0.436788
0.748176 0.000584
0.730743 0.020349
0.730125 0.040801
0.730207 0.063221
0.731066 0.085224
0.732157 0.111140
0.732712 0.136901
0.732886 0.161509
0.734497 0.196686
0.734821 0.235419
0.736908 0.268608
0.741970 0.301089
0.744273 0.344114
0.746702 0.394507
0.750339 0.445297
0.758558 0.000715
0.744643 0.029250
0.744013 0.051809
0.744560 0.074629
0.745394 0.098508
0.746346 0.124942
0.746444 0.149114
0.746884 0.178964
0.746605 0.215051
0.747986 0.255964
0.749842 0.298583
0.752827 0.341329
0.755995 0.386279
0.758575 0.435735
0.769030 0.000714
0.758804 0.020742
0.758322 0.041112
0.758248 0.064075
0.758758 0.086402
0.759370 0.112233
0.760031 0.137530
0.760070 0.161489
0.758933 0.195765
0.761902 0.235926
0.763441 0.269216
0.764758 0.302498
0.767312 0.346168
0.768398 0.396170
0.770280 0.446737
0.779155 0.000535
0.772391 0.029388
0.772034 0.052228
0.772269 0.075112
0.772645 0.099412
0.773013 0.125913
0.773526 0.149345
0.774395 0.178730
0.775689 0.217783
0.774696 0.257999
0.775647 0.300109
0.777175 0.343806
0.778505 0.387164
0.779318 0.435762
0.789524 0.000300
0.786144 0.020775
0.785776 0.041245
0.785722 0.064362
0.785872 0.086812
0.786093 0.112906
0.786572 0.138182
0.787167 0.161959
0.788216 0.196285
0.786582 0.233671
0.788180 0.268515
0.789015 0.302374
0.788931 0.346284
0.789730 0.397193
0.787722 0.446547
0.799603 0.000351
0.799468 0.029309
0.799192 0.052384
0.799014 0.075229
0.799208 0.099564
0.799283 0.126062
0.800247 0.150242
0.800877 0.179397
0.800519 0.216918
0.800791 0.259442
0.800963 0.300337
0.800689 0.343848
0.800388 0.387591
0.800000 0.437627
0.809850 0.000341
0.812572 0.020095
0.812423 0.041007
0.812291 0.064255
0.812082 0.086778
0.812120 0.112899
0.812141 0.138670
0.813578 0.162455
0.814470 0.196123
0.815811 0.234530
0.812966 0.269240
0.812468 0.303482
0.811264 0.346605
0.810900 0.397293
0.811506 0.446270
0.820138 0.000865
0.825493 0.029014
0.825247 0.051985
0.825085 0.074861
0.824570 0.099401
0.824386 0.126324
0.825080 0.151257
0.826846 0.179859
0.826752 0.217057
0.827458 0.257043
0.825556 0.299550
0.823751 0.341667
0.822232 0.386290
0.820837 0.435818
0.830107 0.000882
0.837928 0.019016
0.837883 0.040292
0.837880 0.063738
0.837217 0.086439
0.836595 0.112317
0.836328 0.139247
0.838295 0.164013
0.839773 0.196690
0.838711 0.235903
0.838280 0.268835
0.834991 0.303105
0.833432 0.346168
0.831499 0.396187
0.828995 0.446115
0.840496 0.000330
0.850402 0.028738
0.850512 0.051247
0.849570 0.074165
0.848876 0.098916
0.848395 0.125471
0.848586 0.152057
0.850825 0.180115
0.851759 0.215471
0.849187 0.255898
0.848856 0.297001
0.847371 0.340195
0.844809 0.386581
0.841705 0.436462
0.850483 0.000447
0.861765 0.017429
0.862136 0.039299
0.862035 0.063020
0.861169 0.085679
0.860614 0.111647
0.860028 0.139162
0.860579 0.165654
0.861525 0.197586
0.861968 0.234945
0.860589 0.270584
0.858335 0.303851
0.855334 0.344678
0.853875 0.393797
0.852388 0.444833
0.860767 0.000274
0.873913 0.028138
0.874177 0.050235
0.873748 0.073299
0.872979 0.098157
0.872070 0.124912
0.871270 0.152175
0.871573 0.180758
0.871857 0.216009
0.871812 0.254491
0.870145 0.294555
0.869707 0.337012
0.866178 0.383803
0.862359 0.434365
0.871178 0.000662
0.885023 0.015916
0.885911 0.038432
0.886070 0.062347
0.885100 0.084983
0.883848 0.110768
0.882649 0.138085
0.881885 0.165683
0.882403 0.197532
0.882041 0.234393
0.881330 0.270557
0.880360 0.306910
0.879149 0.344520
0.874675 0.391840
0.869361 0.443196
0.881129 0.000704
0.898008 0.027798
0.897950 0.049796
0.896830 0.072616
0.895592 0.097232
0.894335 0.123745
0.893134 0.151200
0.892764 0.180822
0.892600 0.215566
0.891513 0.253896
0.891503 0.292402
0.891163 0.333650
0.888497 0.380848
0.884331 0.434628
0.891893 0.000427
0.907100 0.015025
0.908890 0.037713
0.908943 0.061273
0.907678 0.083890
0.906460 0.109711
0.905218 0.137115
0.904224 0.165255
0.903194 0.197510
0.902427 0.233846
0.901486 0.270640
0.901379 0.307649
0.900935 0.344777
0.897441 0.387864
0.894389 0.440103
0.902302 0.001045
0.920140 0.026974
0.920683 0.047855
0.919802 0.071420
0.918704 0.096486
0.917200 0.123020
0.915610 0.150653
0.914498 0.180654
0.913404 0.215326
0.912327 0.253332
0.911775 0.292064
0.911388 0.332175
0.910832 0.375105
0.905823 0.430759
0.913152 0.000643
0.930562 0.014368
0.932198 0.036893
0.932267 0.060764
0.930655 0.083173
0.929207 0.108861
0.927158 0.136274
0.925300 0.164834
0.924065 0.197099
0.922879 0.233629
0.922151 0.270394
0.922028 0.308976
0.921816 0.347887
0.917356 0.385936
0.912990 0.437490
0.923577 0.000542
0.943578 0.025866
0.943493 0.047115
0.942054 0.070826
0.940874 0.095708
0.939272 0.121738
0.936035 0.149737
0.934300 0.180027
0.932910 0.214779
0.932102 0.252695
0.931864 0.290721
0.932112 0.331363
0.928406 0.372205
0.928153 0.429241
0.934568 0.000460
0.953743 0.014039
0.956049 0.034723
0.954759 0.059774
0.953073 0.083590
0.951524 0.108959
0.948746 0.135241
0.945535 0.164823
0.944151 0.197314
0.942489 0.233882
0.942371 0.271236
0.940898 0.308885
0.939935 0.347243
0.941751 0.387420
0.934877 0.428005
0.945135 0.000651
0.966123 0.023994
0.964011 0.046605
0.962437 0.072569
0.961565 0.097191
0.960061 0.122911
0.954958 0.149726
0.954360 0.182226
0.951350 0.216675
0.951468 0.254750
0.952408 0.291467
0.952017 0.329185
0.956473 0.373900
0.951176 0.419040
0.956569 0.000172
0.974962 0.000451
0.975121 0.035561
0.973009 0.061355
0.973600 0.085475
0.973892 0.110727
0.972907 0.135921
0.968938 0.168661
0.966936 0.198803
0.964662 0.237038
0.965980 0.274688
0.964436 0.311352
0.959287 0.350004
0.950658 0.389560
0.958097 0.430411
0.966500 0.000095
0.982182 0.021673
0.984712 0.047996
0.983314 0.073380
0.983418 0.099696
0.981503 0.126397
0.972935 0.151393
0.974036 0.184375
0.969384 0.219005
0.971559 0.259970
0.970490 0.293120
0.970009 0.329268
0.971484 0.365149
0.967834 0.429565
0.984064 0.000415
0.999731 0.023110
0.999834 0.043228
0.999310 0.075042
0.999971 0.107589
0.999309 0.140944
0.984709 0.169458
0.993220 0.206172
0.984059 0.225887
0.982737 0.252486
0.985818 0.299346
0.984077 0.330014
0.982115 0.355206
0.980548 0.388071
0.982512 0.424362
0.999993 0.000205
0.999361 0.033250
0.999392 0.064500
0.999922 0.096363
0.999829 0.129925
0.999522 0.165132
0.999563 0.194150
0.999339 0.233153
0.999697 0.266447
0.999079 0.297130
0.999565 0.333215
0.999187 0.366605
0.999361 0.398021
0.976964 0.398657
0.998672 0.001038
0.999832 0.011970
0.999945 0.054237
0.999742 0.085746
0.999842 0.118512
0.999222 0.151388
0.999217 0.182866
0.998965 0.218387
0.999889 0.253620
0.999102 0.283342
0.999223 0.318946
0.999983 0.355324
0.999971 0.388128
0.999332 0.428361
0.998377 0.433250
