0.000210 0.028138
0.000921 0.057804
0.000999 0.088882
0.000212 0.120696
0.001103 0.131368
0.000025 0.285359
0.000904 0.175559
0.000413 0.186760
0.000110 0.296798
0.005424 0.359809
0.085880 0.293170
0.044270 0.271884
0.034570 0.294926
0.067550 0.294792
0.000375 0.018323
0.000064 0.037759
0.000269 0.068256
0.019380 0.057050
0.020853 0.162136
0.000515 0.198447
0.000563 0.164370
0.000252 0.264636
0.000246 0.231593
0.000516 0.242732
0.000577 0.328268
0.000610 0.338202
0.040269 0.307787
0.043915 0.328293
0.096954 0.245267
0.000974 0.005260
0.000596 0.047610
0.000297 0.078578
0.000226 0.099350
0.000919 0.109956
0.000172 0.209810
0.000695 0.153263
0.000372 0.274526
0.000132 0.220804
0.000982 0.305158
0.000798 0.318633
0.022650 0.356558
0.009746 0.384091
0.046832 0.326682
0.000749 0.000691
0.024585 0.019778
0.024824 0.043877
0.022614 0.083727
0.022193 0.134708
0.062898 0.166157
0.040722 0.151053
0.000641 0.253786
0.035433 0.211113
0.028594 0.198562
0.031834 0.233939
0.000796 0.376159
0.000109 0.349304
0.000428 0.394560
0.097752 0.268968
0.009186 0.000374
0.043414 0.032551
0.019677 0.032001
0.021903 0.070285
0.000070 0.142254
0.029442 0.175089
0.047815 0.163144
0.046808 0.178566
0.022130 0.221106
0.050945 0.214563
0.026926 0.247675
0.070712 0.235551
0.043532 0.252159
0.065060 0.303579
0.028958 0.000869
0.019693 0.001069
0.061916 0.057381
0.042683 0.044326
0.023427 0.148414
0.023110 0.096238
0.045423 0.135264
0.058222 0.142328
0.047409 0.192225
0.061032 0.200867
0.080314 0.190386
0.053912 0.230393
0.080872 0.260765
0.047452 0.286408
0.127115 0.252450
0.037975 0.001056
0.057882 0.019006
0.040883 0.057568
0.047730 0.084561
0.024330 0.121351
0.041422 0.121639
0.072259 0.152174
0.106329 0.165973
0.018106 0.188208
0.069526 0.180747
0.029266 0.265186
0.063702 0.250264
0.072024 0.218908
0.014088 0.393925
0.046921 0.000170
0.039959 0.020463
0.065043 0.030142
0.061253 0.043524
0.038677 0.071985
0.060899 0.092799
0.022317 0.109299
0.068774 0.129467
0.092011 0.154863
0.084490 0.167967
0.081691 0.205362
0.111633 0.194093
0.096179 0.217875
0.152635 0.214896
0.112464 0.262788
0.055982 0.000242
0.077634 0.020063
0.078618 0.038703
0.055067 0.070228
0.070259 0.078682
0.039551 0.097491
0.050066 0.108052
0.061749 0.116880
0.136367 0.175262
0.094520 0.182752
0.112999 0.178339
0.124371 0.216274
0.066878 0.266563
0.132477 0.204868
0.065042 0.000437
0.073922 0.000695
0.090513 0.025783
0.087079 0.050513
0.076685 0.060719
0.086236 0.073883
0.091193 0.099930
0.071760 0.103728
0.083041 0.141150
0.125967 0.161380
0.161678 0.179680
0.102700 0.205064
0.140443 0.226814
0.118696 0.227172
0.117160 0.282795
0.082730 0.000581
0.103048 0.019561
0.112607 0.029901
0.109854 0.052433
0.098676 0.061706
0.083610 0.088504
0.083339 0.114624
0.089619 0.127861
0.103823 0.135111
0.138340 0.151154
0.129355 0.189640
0.149270 0.165300
0.161584 0.203180
0.141162 0.284196
0.091500 0.000496
0.108941 0.001211
0.123575 0.018585
0.098297 0.039187
0.117715 0.067295
0.102794 0.076732
0.107157 0.089602
0.103151 0.116480
0.118527 0.125574
0.110162 0.150807
0.156433 0.148113
0.148090 0.190078
0.219721 0.207300
0.115992 0.241327
0.128174 0.286605
0.100170 0.000275
0.131946 0.031344
0.119840 0.041971
0.128919 0.055837
0.136544 0.072332
0.123838 0.081407
0.109693 0.103327
0.126028 0.108908
0.133438 0.121660
0.123545 0.141024
0.166872 0.162740
0.191758 0.195296
0.183481 0.214853
0.090841 0.232892
0.117745 0.000739
0.144118 0.000608
0.142478 0.018939
0.140656 0.042653
0.144397 0.057783
0.153099 0.072592
0.128288 0.094995
0.149493 0.116094
0.142933 0.134989
0.159314 0.130806
0.173309 0.144686
0.179456 0.179549
0.208401 0.188919
0.205086 0.226564
0.149670 0.248159
0.126622 0.000414
0.151172 0.030783
0.159286 0.042520
0.160425 0.057369
0.172668 0.067362
0.145293 0.086700
0.145736 0.101157
0.165050 0.110277
0.187356 0.137385
0.183668 0.159351
0.194348 0.174996
0.172863 0.196723
0.253225 0.222468
0.222024 0.227357
0.135428 0.000316
0.178706 0.001011
0.161116 0.020182
0.175801 0.049027
0.166468 0.081238
0.162029 0.095224
0.180119 0.102223
0.173473 0.125179
0.198130 0.153258
0.200044 0.128353
0.209294 0.170238
0.224082 0.189691
0.238916 0.243031
0.171643 0.225770
0.158697 0.235966
0.152852 0.000882
0.172452 0.033849
0.186739 0.059482
0.189007 0.074540
0.181652 0.087698
0.198104 0.106131
0.187222 0.117832
0.218517 0.131133
0.210659 0.144924
0.230611 0.176385
0.249972 0.197309
0.201504 0.209311
0.176766 0.274939
0.144828 0.274421
0.161456 0.000252
0.176837 0.019707
0.188346 0.034606
0.195657 0.045758
0.205035 0.078765
0.199248 0.091885
0.211728 0.115432
0.237051 0.133561
0.229373 0.147628
0.220537 0.160489
0.249210 0.181806
0.238050 0.205459
0.238482 0.223519
0.191791 0.235306
0.182434 0.274803
0.170041 0.000976
0.209427 0.034752
0.203083 0.061987
0.229820 0.059662
0.217983 0.069099
0.216582 0.100465
0.249650 0.147489
0.263533 0.138803
0.240498 0.162916
0.269901 0.201743
0.268766 0.216315
0.290173 0.238439
0.272705 0.237546
0.204291 0.259871
0.187262 0.000533
0.192109 0.021355
0.229844 0.032263
0.211566 0.049494
0.234724 0.075233
0.219937 0.086202
0.229657 0.118558
0.268108 0.123355
0.257621 0.168007
0.304077 0.212350
0.289540 0.186760
0.259838 0.244207
0.336784 0.273501
0.244545 0.262805
0.216073 0.264275
0.195833 0.001031
0.206547 0.020783
0.246388 0.034025
0.246319 0.061931
0.236663 0.089697
0.234236 0.104844
0.249818 0.124867
0.282284 0.150553
0.269252 0.187471
0.290287 0.206175
0.288205 0.224940
0.321413 0.263306
0.178399 0.243817
0.150342 0.260458
0.204289 0.000165
0.254936 0.000860
0.220493 0.021329
0.225550 0.045518
0.252468 0.077587
0.252816 0.093197
0.250438 0.109346
0.266962 0.108461
0.298519 0.149615
0.266517 0.155617
0.332472 0.242681
0.314829 0.232513
0.308813 0.247688
0.283986 0.269346
0.215885 0.245691
0.212811 0.000652
0.237123 0.019046
0.263330 0.034665
0.261829 0.064294
0.270926 0.077053
0.269372 0.093179
0.287712 0.118884
0.283016 0.134371
0.305117 0.167133
0.290474 0.167998
0.354253 0.241641
0.357826 0.268528
0.358391 0.292165
0.180759 0.259623
0.221214 0.000009
0.288486 0.000911
0.253524 0.021187
0.243081 0.046972
0.278500 0.061368
0.285817 0.087404
0.284673 0.103966
0.304916 0.118620
0.302492 0.134535
0.352643 0.163037
0.326342 0.191455
0.276846 0.173571
0.374033 0.277056
0.377914 0.260209
0.296638 0.257945
0.229644 0.000747
0.269131 0.019500
0.277705 0.045470
0.260843 0.048928
0.302245 0.084408
0.301075 0.101781
0.316568 0.099263
0.319838 0.135175
0.317646 0.151176
0.361113 0.199691
0.321819 0.218888
0.348889 0.209872
0.230629 0.263729
0.343563 0.285554
0.238098 0.000920
0.313265 0.000434
0.279612 0.031522
0.292640 0.053704
0.289368 0.072363
0.317289 0.081904
0.344790 0.092184
0.320165 0.116795
0.336012 0.153517
0.351949 0.127287
0.324640 0.168125
0.313443 0.181261
0.307896 0.198023
0.274022 0.265191
0.371766 0.299837
0.246563 0.000486
0.288169 0.020183
0.310123 0.051090
0.304765 0.066055
0.320592 0.065925
0.332878 0.080494
0.350453 0.109969
0.335211 0.134878
0.366659 0.129727
0.350093 0.145244
0.331072 0.205961
0.387723 0.246522
0.258958 0.263987
0.343042 0.257016
0.263321 0.000751
0.338197 0.000501
0.296401 0.038632
0.327945 0.051812
0.338546 0.064628
0.351095 0.075195
0.359939 0.093106
0.331845 0.099555
0.335504 0.116457
0.366910 0.147851
0.369644 0.165170
0.362102 0.221262
0.392464 0.194198
0.459281 0.360045
0.377154 0.204621
0.271765 0.000632
0.301163 0.025241
0.316174 0.037226
0.372449 0.053701
0.358785 0.060148
0.366573 0.075854
0.395488 0.126103
0.365712 0.109134
0.379392 0.118181
0.382308 0.137799
0.340140 0.173112
0.410413 0.327018
0.548312 0.383992
0.312480 0.279634
0.280084 0.000785
0.362838 0.000323
0.346260 0.050990
0.333566 0.036996
0.367302 0.036766
0.387337 0.083218
0.375499 0.091599
0.418663 0.098833
0.420939 0.116797
0.399772 0.143545
0.384027 0.156451
0.389119 0.174494
0.375731 0.183067
0.359133 0.182011
0.422064 0.339655
0.296801 0.001114
0.314573 0.022296
0.344395 0.023632
0.382925 0.039134
0.380742 0.067540
0.400458 0.094718
0.386191 0.104545
0.412468 0.130472
0.428859 0.138344
0.401859 0.160489
0.406272 0.182387
0.442811 0.209561
0.305371 0.280402
0.412119 0.307004
0.305060 0.000224
0.329404 0.022640
0.376945 0.022990
0.390966 0.054259
0.409596 0.083341
0.452913 0.079858
0.434447 0.107766
0.402880 0.110729
0.442483 0.093355
0.418867 0.170205
0.464256 0.180878
0.439193 0.176542
0.425962 0.215967
0.405448 0.206963
0.343638 0.189752
0.321609 0.000842
0.352749 0.038174
0.391907 0.024713
0.400049 0.039076
0.415568 0.042334
0.419111 0.070019
0.458784 0.098022
0.466795 0.116221
0.444136 0.148179
0.416029 0.149739
0.432477 0.159768
0.421552 0.236161
0.398124 0.316050
0.340483 0.227205
0.329913 0.000200
0.403823 0.000496
0.360051 0.022924
0.406954 0.023088
0.398055 0.070029
0.437262 0.072710
0.428427 0.086336
0.451141 0.113608
0.438783 0.127499
0.453796 0.169026
0.471296 0.135091
0.387760 0.215052
0.408394 0.221774
0.392065 0.293280
0.430676 0.342739
0.346381 0.000153
0.433801 0.041365
0.408085 0.056728
0.443299 0.057763
0.478340 0.071546
0.487829 0.094144
0.461433 0.149762
0.454708 0.132374
0.482146 0.295421
0.418034 0.196593
0.430856 0.191170
0.461532 0.217227
0.428887 0.297422
0.381023 0.308959
0.354575 0.000792
0.412026 0.000671
0.477018 0.000634
0.447725 0.023741
0.420844 0.026668
0.493527 0.067235
0.470548 0.085368
0.495776 0.082580
0.480538 0.151787
0.476265 0.103513
0.436657 0.284520
0.465554 0.201163
0.378125 0.227626
0.414976 0.253655
0.478248 0.233510
0.371075 0.000807
0.460750 0.000059
0.433626 0.023807
0.426433 0.055458
0.520657 0.112523
0.536298 0.121482
0.496451 0.109802
0.489974 0.135977
0.472066 0.166361
0.399965 0.238745
0.368717 0.242942
0.521919 0.390953
0.473090 0.372294
0.432558 0.254642
0.379314 0.000310
0.452595 0.000484
0.485154 0.000458
0.487594 0.038695
0.523670 0.035914
0.562638 0.151803
0.525383 0.148925
0.522992 0.131976
0.598422 0.205639
0.440611 0.306391
0.486814 0.376476
0.975068 0.160890
0.533603 0.248193
0.435968 0.329804
0.403922 0.263853
0.420135 0.000875
0.468883 0.000955
0.606599 0.045561
0.461146 0.067896
0.458066 0.052391
0.534879 0.166201
0.505897 0.142729
0.485241 0.120863
0.517608 0.203873
0.447822 0.192346
0.471724 0.355020
0.417140 0.278497
0.459810 0.308829
0.396990 0.277068
0.395659 0.000073
0.436327 0.000728
0.509549 0.000287
0.462258 0.023416
0.617342 0.166038
0.509300 0.061444
0.594378 0.270393
0.495847 0.156124
0.444614 0.268727
0.485064 0.178220
0.966954 0.261536
0.593882 0.293817
0.608696 0.284116
0.455155 0.339851
0.510659 0.387204
0.533923 0.000575
0.501448 0.000278
0.428198 0.000206
0.091682 0.285990
0.474910 0.054659
0.508735 0.100102
0.439975 0.231426
0.584943 0.253640
0.505850 0.223533
0.529003 0.381308
0.906464 0.245612
0.510112 0.271284
0.584666 0.370752
0.472158 0.305559
0.599228 0.000173
0.550273 0.000999
0.387500 0.000345
0.493354 0.000623
0.534483 0.023530
0.469324 0.039013
0.511427 0.081478
0.555641 0.135158
0.503911 0.193073
0.597138 0.372794
0.447031 0.250408
0.466577 0.325371
0.489544 0.321549
0.457083 0.281851
0.502649 0.342529
0.591013 0.000440
0.517653 0.000967
0.444465 0.000347
0.491587 0.022520
0.449821 0.038707
0.937028 0.286049
0.566472 0.377625
0.500785 0.375671
0.561306 0.330467
0.510669 0.298888
0.586109 0.365717
0.486097 0.348040
0.496926 0.297320
0.537210 0.225489
0.615502 0.000460
0.566585 0.000712
0.504057 0.028337
0.525806 0.000058
0.492894 0.051765
0.508039 0.043415
0.524752 0.051299
0.507046 0.123166
0.540863 0.139246
0.501694 0.170435
0.497092 0.207806
0.466846 0.250220
0.494586 0.232347
0.482548 0.259094
0.535131 0.296358
0.631920 0.000309
0.542096 0.000349
0.550340 0.022883
0.516804 0.021913
0.476648 0.025055
0.522767 0.070736
0.550573 0.112577
0.563823 0.121740
0.576324 0.133487
0.517150 0.161776
0.468317 0.270191
0.532406 0.204079
0.499815 0.258574
0.508761 0.321823
0.640144 0.000739
0.558430 0.000187
0.581748 0.023977
0.573141 0.039451
0.556840 0.037671
0.536732 0.101222
0.563140 0.098943
0.590749 0.120020
0.568617 0.169598
0.517715 0.181009
0.558901 0.207881
0.520297 0.314084
0.479845 0.214283
0.513393 0.247781
0.554492 0.378209
0.656586 0.000095
0.611025 0.029208
0.598658 0.023103
0.566702 0.024377
0.540640 0.038286
0.536738 0.060155
0.524767 0.092169
0.550796 0.090802
0.579848 0.150505
0.553428 0.175821
0.574888 0.239396
0.535355 0.183263
0.522005 0.225358
0.458398 0.232769
0.664789 0.000781
0.574691 0.000351
0.624835 0.022804
0.551281 0.053611
0.582678 0.051569
0.566250 0.058209
0.537316 0.079723
0.565167 0.078838
0.576376 0.110559
0.584358 0.169378
0.565958 0.189286
0.545761 0.198098
0.584084 0.301076
0.530647 0.354330
0.563753 0.305382
0.681112 0.000828
0.582851 0.000992
0.607379 0.000279
0.592258 0.037602
0.551672 0.070733
0.592912 0.079129
0.578169 0.089381
0.597591 0.151244
0.614305 0.146647
0.584340 0.188367
0.548304 0.155896
0.534036 0.278312
0.545905 0.262484
0.488917 0.275538
0.689367 0.000709
0.623642 0.000453
0.640234 0.024289
0.631698 0.063970
0.594885 0.059777
0.579372 0.070030
0.589868 0.100093
0.594942 0.134839
0.627591 0.126180
0.644648 0.130592
0.550481 0.227482
0.634149 0.161328
0.566448 0.223837
0.591069 0.220971
0.620595 0.286019
0.705860 0.000493
0.636251 0.046933
0.638379 0.078486
0.624862 0.038189
0.617868 0.056442
0.607437 0.069431
0.605162 0.089781
0.611277 0.127674
0.619079 0.182947
0.629129 0.143379
0.626095 0.197629
0.553236 0.353405
0.483665 0.194418
0.542757 0.344652
0.714190 0.001001
0.648364 0.001150
0.656962 0.023359
0.648554 0.056855
0.620146 0.077873
0.621624 0.093842
0.603547 0.109317
0.636512 0.109395
0.652218 0.115945
0.639076 0.177275
0.600494 0.169181
0.562123 0.264709
0.560141 0.245339
0.577615 0.207283
0.540916 0.309661
0.722565 0.000442
0.671234 0.025404
0.648808 0.037164
0.664192 0.056264
0.654251 0.071303
0.618995 0.110024
0.654483 0.100200
0.665693 0.127643
0.648412 0.145664
0.601146 0.187766
0.680389 0.249358
0.572360 0.293776
0.510619 0.344470
0.522975 0.266789
0.739185 0.001007
0.672965 0.000890
0.685976 0.023400
0.665223 0.040168
0.682101 0.054134
0.673953 0.068254
0.639053 0.093314
0.672624 0.111616
0.653806 0.162233
0.646603 0.189980
0.657751 0.219121
0.654645 0.203893
0.575363 0.269770
0.557191 0.324995
0.681332 0.269212
0.747529 0.001059
0.701014 0.023338
0.682948 0.038535
0.698166 0.053983
0.693186 0.069388
0.658948 0.084899
0.672923 0.096791
0.676138 0.156309
0.663430 0.173333
0.637752 0.210088
0.612888 0.210450
0.550970 0.284613
0.655187 0.243647
0.631754 0.286801
0.755913 0.000847
0.697547 0.000835
0.716693 0.021566
0.701041 0.037600
0.711193 0.066615
0.678397 0.082520
0.689826 0.100786
0.686256 0.121474
0.665568 0.143477
0.683031 0.171336
0.614111 0.227903
0.644855 0.239508
0.599683 0.235852
0.724069 0.274169
0.669661 0.276485
0.764368 0.001226
0.733579 0.021746
0.719901 0.034614
0.713686 0.050426
0.695729 0.084864
0.709641 0.097389
0.700029 0.113835
0.694830 0.153036
0.669799 0.189045
0.689774 0.210042
0.618590 0.258274
0.632642 0.226211
0.768081 0.271242
0.659187 0.265571
0.772720 0.000394
0.730872 0.000074
0.750579 0.021403
0.729918 0.062156
0.712739 0.082089
0.720945 0.108080
0.713897 0.124379
0.684933 0.136921
0.688249 0.189747
0.604973 0.254038
0.704810 0.199665
0.686969 0.230484
0.704430 0.227856
0.696426 0.275430
0.700522 0.247226
0.789591 0.000579
0.758897 0.033968
0.740964 0.034775
0.728453 0.076927
0.730661 0.092760
0.734469 0.119567
0.703472 0.136102
0.714511 0.152149
0.674653 0.206151
0.724220 0.225475
0.743526 0.220283
0.626088 0.243708
0.725830 0.241134
0.637800 0.268891
0.798073 0.001086
0.767922 0.021372
0.729823 0.046547
0.749912 0.063630
0.753262 0.090724
0.741194 0.104280
0.755619 0.117135
0.725603 0.136587
0.701903 0.167968
0.725446 0.163090
0.670044 0.231253
0.715988 0.212210
0.736774 0.255926
0.786991 0.262616
0.709652 0.279596
0.806587 0.000140
0.782904 0.045834
0.764053 0.046937
0.744392 0.078375
0.774170 0.087334
0.761765 0.102966
0.776337 0.116437
0.738566 0.149439
0.761424 0.172396
0.759231 0.208834
0.747128 0.237454
0.711937 0.261368
0.747615 0.278466
0.649133 0.279343
0.823617 0.000108
0.781155 0.000729
0.777721 0.032924
0.746318 0.049965
0.769088 0.060244
0.762640 0.074666
0.780694 0.100858
0.745664 0.131517
0.745325 0.163773
0.708195 0.181995
0.726824 0.179296
0.775055 0.200878
0.786853 0.227582
0.781070 0.276146
0.799200 0.273332
0.832192 0.000279
0.786186 0.019909
0.795901 0.032796
0.788354 0.059103
0.795969 0.081297
0.780863 0.073813
0.767643 0.130134
0.782082 0.138018
0.757725 0.144321
0.781243 0.170761
0.743793 0.203021
0.767210 0.186290
0.749676 0.268455
0.762358 0.246179
0.840685 0.000385
0.815055 0.001055
0.805006 0.020060
0.802679 0.045016
0.801121 0.066826
0.815563 0.091690
0.797912 0.094965
0.797561 0.110054
0.792609 0.125163
0.727477 0.195834
0.744688 0.184477
0.767211 0.225998
0.805923 0.224689
0.899268 0.277618
0.818636 0.270971
0.857873 0.000819
0.825372 0.019260
0.814299 0.030545
0.811959 0.054894
0.815444 0.076601
0.835624 0.076245
0.815518 0.107446
0.813935 0.122852
0.767489 0.155820
0.785859 0.152682
0.791291 0.182888
0.797607 0.196387
0.778397 0.242814
0.804004 0.243173
0.866375 0.000732
0.849271 0.000381
0.847306 0.019388
0.834884 0.029745
0.824250 0.040969
0.834957 0.051690
0.833697 0.090399
0.832141 0.106405
0.826982 0.130462
0.803193 0.137564
0.800667 0.158950
0.817187 0.186686
0.812661 0.209406
0.788806 0.211686
0.812245 0.256493
0.883775 0.000192
0.870125 0.020601
0.858460 0.028000
0.847175 0.039236
0.824334 0.063443
0.856145 0.082922
0.849106 0.095986
0.838518 0.120057
0.837895 0.142372
0.814965 0.147427
0.807496 0.173689
0.828162 0.199631
0.840211 0.214392
0.834396 0.274462
0.892448 0.001226
0.875033 0.000506
0.886126 0.020455
0.865761 0.041072
0.854652 0.053431
0.845039 0.065701
0.862207 0.069502
0.868079 0.098712
0.854579 0.111593
0.854390 0.127914
0.826051 0.157003
0.829898 0.171272
0.893100 0.221001
0.875472 0.271726
0.844832 0.281942
0.901072 0.000201
0.913307 0.019867
0.880396 0.034939
0.884773 0.050036
0.872251 0.057707
0.881800 0.071909
0.874945 0.085137
0.871809 0.115855
0.874194 0.133283
0.845752 0.158399
0.856515 0.142726
0.838273 0.184637
0.862845 0.221199
0.824647 0.224843
0.909844 0.000341
0.918715 0.000277
0.922606 0.031871
0.899787 0.024690
0.898590 0.038522
0.896652 0.066417
0.903255 0.079884
0.885107 0.103273
0.889783 0.118842
0.872306 0.150386
0.884891 0.160118
0.859872 0.166429
0.853034 0.201298
0.910470 0.297319
0.858467 0.262161
0.927572 0.000651
0.932329 0.020532
0.914662 0.042864
0.902574 0.054033
0.922931 0.083212
0.893273 0.090360
0.903768 0.106005
0.893425 0.133249
0.896778 0.147638
0.871870 0.172458
0.876232 0.189411
0.888746 0.205199
0.869642 0.205154
0.845913 0.230645
0.936508 0.000997
0.949472 0.020832
0.940774 0.034127
0.922416 0.056768
0.917469 0.069700
0.915366 0.095733
0.909655 0.123997
0.916623 0.137807
0.917244 0.152731
0.891268 0.177900
0.911635 0.209166
0.899083 0.192774
0.853654 0.185066
0.872255 0.231493
0.839824 0.255402
0.945479 0.000305
0.956219 0.045683
0.936708 0.047270
0.939141 0.074591
0.941127 0.090010
0.922249 0.114112
0.933626 0.153059
0.917480 0.174607
0.916856 0.190319
0.932258 0.202832
0.949189 0.211724
0.924527 0.219472
0.902477 0.231443
0.858391 0.285677
0.954507 0.000699
0.966926 0.020159
0.960981 0.033178
0.941018 0.061063
0.964493 0.098581
0.933762 0.102862
0.933450 0.124085
0.904754 0.164738
0.953689 0.178556
0.936881 0.186770
0.955608 0.198290
0.927791 0.238371
0.963021 0.246328
0.886657 0.258104
0.941739 0.245639
0.963496 0.000768
0.980876 0.025103
0.960140 0.058190
0.956854 0.084219
0.962270 0.136414
0.956098 0.164497
0.953999 0.150425
0.968019 0.227398
0.999931 0.322017
0.943401 0.227200
0.971239 0.213106
0.940699 0.318239
0.880738 0.244232
0.949185 0.333696
0.972461 0.000599
0.992942 0.000388
0.978155 0.039377
0.979012 0.096148
0.950383 0.105972
0.951862 0.122513
0.968553 0.186271
0.981209 0.175875
0.977848 0.239247
0.950374 0.278654
0.997343 0.357281
0.984235 0.391268
0.887337 0.290145
0.909676 0.262537
0.874892 0.287948
0.981641 0.000259
0.977834 0.053011
0.960769 0.071421
0.982369 0.112514
0.966427 0.118698
0.940288 0.138486
0.998738 0.270115
0.999589 0.300595
0.999609 0.248398
0.955838 0.302258
0.998216 0.313925
0.954824 0.294639
0.962168 0.336788
0.826092 0.242541
0.998854 0.008288
0.999381 0.040098
0.980328 0.067146
0.978238 0.081389
0.999431 0.102646
0.999803 0.180981
0.998967 0.136237
0.999713 0.147472
0.999598 0.335474
0.999967 0.259552
0.999120 0.347905
0.952189 0.262766
0.985262 0.383248
0.999667 0.225820
0.919781 0.278682
0.999265 0.000688
0.999401 0.050168
0.999489 0.070926
0.999049 0.092012
0.999245 0.113757
0.976092 0.146473
0.979524 0.200162
0.998154 0.291686
0.999160 0.237181
0.999272 0.192540
0.999920 0.280609
0.994744 0.366909
0.856657 0.246486
0.969662 0.338370
0.999527 0.020156
0.999717 0.030222
0.999432 0.060442
0.999716 0.081466
0.982477 0.130474
0.999703 0.125003
0.999695 0.203899
0.934367 0.169241
0.999484 0.215083
0.999554 0.158355
0.999586 0.169415
0.925925 0.256444
0.999520 0.382535
0.917995 0.302532
0.932206 0.314541
