0.000767 0.028077
0.000207 0.057783
0.000234 0.088878
0.000174 0.120658
0.000573 0.131309
0.000623 0.285193
0.000949 0.175449
0.000907 0.186741
0.000845 0.296372
0.007288 0.359325
0.086566 0.287916
0.044293 0.267361
0.034950 0.289940
0.068369 0.288973
0.000330 0.018217
0.000112 0.037741
0.000825 0.068250
0.018973 0.055898
0.020311 0.160785
0.000182 0.198500
0.000359 0.164337
0.000075 0.264332
0.000522 0.231499
0.000658 0.242558
0.000641 0.327121
0.000667 0.337922
0.041011 0.303494
0.044128 0.321649
0.097549 0.240710
0.000573 0.005210
0.000400 0.047553
0.001033 0.078563
0.000278 0.099328
0.000603 0.109928
0.000239 0.209720
0.001165 0.153194
0.000411 0.274334
0.001015 0.220700
0.001059 0.304909
0.000884 0.317616
0.022412 0.352282
0.011872 0.382705
0.047115 0.320960
0.000474 0.000453
0.024206 0.019470
0.025038 0.042964
0.022478 0.082525
0.021865 0.133189
0.062673 0.163406
0.040194 0.149148
0.000995 0.253404
0.036022 0.209139
0.028492 0.196238
0.032335 0.231021
0.000565 0.375376
0.000500 0.348442
0.000119 0.392321
0.098588 0.263551
0.009056 0.000070
0.043231 0.031962
0.018844 0.031398
0.021581 0.069219
0.000621 0.142230
0.030085 0.173569
0.047972 0.160482
0.046870 0.176145
0.020961 0.218068
0.050671 0.211227
0.025855 0.245301
0.071199 0.231039
0.044245 0.248274
0.065279 0.297922
0.028872 0.000695
0.019565 0.000055
0.061515 0.056431
0.042594 0.043683
0.023356 0.146780
0.022932 0.095029
0.045301 0.133100
0.057996 0.139984
0.047012 0.190023
0.061496 0.197404
0.080692 0.187073
0.053325 0.226793
0.081448 0.255799
0.047778 0.282303
0.129301 0.248132
0.037906 0.000022
0.057196 0.018628
0.040428 0.056594
0.047831 0.083065
0.024516 0.119914
0.040917 0.119358
0.072149 0.149637
0.106145 0.163174
0.017506 0.185935
0.069316 0.177946
0.027845 0.261636
0.063654 0.245655
0.072197 0.214970
0.015506 0.391512
0.046873 0.000531
0.039564 0.020010
0.065019 0.029618
0.060750 0.042767
0.038160 0.070726
0.060568 0.091112
0.022108 0.107986
0.068787 0.127442
0.092478 0.152419
0.083971 0.165820
0.082409 0.202087
0.112507 0.191181
0.096465 0.214122
0.153310 0.211732
0.113612 0.257861
0.055943 0.000391
0.077175 0.019851
0.078466 0.038019
0.054705 0.069007
0.070332 0.076883
0.039078 0.095926
0.050579 0.105889
0.061376 0.115049
0.137135 0.172174
0.094965 0.179478
0.113380 0.175606
0.125024 0.212559
0.067432 0.261752
0.134094 0.201470
0.065002 0.000289
0.073867 0.000694
0.090144 0.025274
0.086914 0.049539
0.076390 0.059419
0.086021 0.072353
0.092029 0.098176
0.072113 0.101479
0.082685 0.139082
0.126406 0.159076
0.162169 0.177128
0.102930 0.201515
0.140561 0.223793
0.119490 0.223227
0.118299 0.277793
0.082668 0.000511
0.102838 0.019151
0.112344 0.029602
0.109882 0.051790
0.098639 0.060543
0.083147 0.087085
0.082552 0.112746
0.089733 0.125884
0.104022 0.132980
0.138906 0.148708
0.129781 0.186582
0.149924 0.163057
0.162619 0.200349
0.142413 0.279250
0.091423 0.000509
0.108857 0.000431
0.123340 0.018496
0.098210 0.038669
0.117870 0.066450
0.102487 0.075698
0.106998 0.088304
0.102783 0.115140
0.118934 0.123594
0.110807 0.148308
0.157178 0.146215
0.148954 0.187609
0.220885 0.204988
0.116822 0.237438
0.128768 0.281407
0.100123 0.000139
0.131847 0.030967
0.120022 0.041533
0.129099 0.055304
0.136523 0.071758
0.123609 0.080354
0.109813 0.102133
0.125954 0.107405
0.134168 0.120102
0.123667 0.139006
0.167750 0.160503
0.192920 0.192953
0.184856 0.212073
0.091169 0.229043
0.117698 0.001056
0.144063 0.000247
0.142249 0.018770
0.140405 0.042172
0.144746 0.057188
0.153117 0.072075
0.128426 0.093653
0.149722 0.114557
0.143542 0.133103
0.159773 0.128978
0.174164 0.142951
0.180680 0.177084
0.209743 0.186772
0.207177 0.223881
0.150304 0.243533
0.126550 0.000208
0.151460 0.030522
0.159292 0.042253
0.160514 0.056994
0.172829 0.066769
0.145319 0.085757
0.145853 0.099970
0.165470 0.109072
0.188151 0.136011
0.184364 0.157403
0.195519 0.173003
0.174016 0.193748
0.254686 0.220942
0.223881 0.225489
0.135381 0.000177
0.178678 0.000752
0.161030 0.020110
0.175938 0.048692
0.166809 0.080507
0.162429 0.094339
0.180444 0.101172
0.174136 0.123788
0.199029 0.151659
0.200731 0.126896
0.210558 0.168676
0.225991 0.188359
0.241019 0.240987
0.172996 0.222583
0.160409 0.231971
0.152800 0.000090
0.172494 0.033612
0.186950 0.058848
0.189403 0.073837
0.182048 0.086738
0.198556 0.105201
0.187769 0.116625
0.219131 0.129641
0.211303 0.143304
0.231822 0.174832
0.251759 0.196022
0.203014 0.206817
0.178555 0.270577
0.146828 0.270051
0.161426 0.001079
0.176814 0.019504
0.188322 0.034374
0.195923 0.045079
0.205584 0.078030
0.199511 0.090981
0.212227 0.114002
0.238181 0.132427
0.229992 0.145947
0.221638 0.158962
0.249919 0.180250
0.239324 0.203972
0.240312 0.221566
0.193829 0.232316
0.184623 0.270724
0.169982 0.000440
0.209625 0.034444
0.203096 0.061341
0.230295 0.058862
0.218482 0.068215
0.217080 0.099356
0.250530 0.146227
0.264519 0.137586
0.241418 0.161172
0.271637 0.200676
0.270575 0.215454
0.292038 0.237832
0.274499 0.236132
0.206575 0.256855
0.187237 0.000806
0.192237 0.021221
0.230070 0.031829
0.211976 0.049146
0.235238 0.074592
0.220536 0.085391
0.230362 0.117627
0.268784 0.122281
0.258662 0.167061
0.305486 0.211322
0.290723 0.185231
0.261450 0.242969
0.337863 0.274138
0.247107 0.260930
0.218213 0.261795
0.195794 0.001142
0.206578 0.020507
0.246761 0.033616
0.246788 0.061239
0.237148 0.088859
0.234912 0.103950
0.250861 0.123998
0.283343 0.149720
0.270377 0.186385
0.290857 0.204378
0.289743 0.224028
0.323728 0.262553
0.179761 0.239847
0.152039 0.256153
0.204243 0.001005
0.254946 0.000975
0.220778 0.021060
0.225796 0.044782
0.252912 0.076809
0.253545 0.092267
0.251010 0.108373
0.267689 0.107496
0.299423 0.148774
0.267356 0.154328
0.334094 0.242316
0.315366 0.231833
0.310640 0.246671
0.286135 0.268727
0.218032 0.243082
0.212764 0.000436
0.237454 0.018635
0.263671 0.034213
0.262430 0.063725
0.271618 0.076450
0.270049 0.092294
0.288399 0.118056
0.283805 0.133414
0.306252 0.166413
0.291971 0.166964
0.354897 0.241013
0.359352 0.268082
0.359994 0.291966
0.183034 0.256080
0.221187 0.000041
0.288541 0.000936
0.253917 0.021005
0.243416 0.046240
0.278941 0.060916
0.286442 0.086859
0.285275 0.103329
0.305387 0.117707
0.303009 0.133673
0.353040 0.162366
0.326771 0.190520
0.277811 0.172161
0.375231 0.277767
0.378623 0.260511
0.298386 0.257259
0.229614 0.000594
0.269645 0.019190
0.278302 0.045141
0.261261 0.048498
0.302616 0.083831
0.301587 0.101139
0.317014 0.098633
0.320150 0.134393
0.317937 0.150161
0.361860 0.198675
0.322854 0.217910
0.349396 0.209507
0.233016 0.261316
0.345072 0.286030
0.238098 0.000431
0.313310 0.001080
0.280148 0.031478
0.293070 0.053468
0.290221 0.071853
0.317736 0.081352
0.344995 0.091712
0.320627 0.116300
0.336392 0.152833
0.351713 0.126462
0.325563 0.167084
0.313765 0.180097
0.309082 0.197822
0.276317 0.263782
0.372872 0.300334
0.246580 0.000181
0.288515 0.019979
0.310767 0.050930
0.305614 0.065738
0.321261 0.065595
0.333348 0.080089
0.350446 0.109162
0.335224 0.134140
0.366665 0.129096
0.350041 0.144325
0.332122 0.204917
0.388184 0.246459
0.261303 0.262194
0.343947 0.256807
0.263326 0.000746
0.338229 0.000032
0.296820 0.038685
0.328371 0.051358
0.339060 0.064443
0.351381 0.074457
0.360164 0.092553
0.331899 0.098924
0.335673 0.115865
0.366748 0.147136
0.369738 0.164572
0.361944 0.220552
0.393355 0.193635
0.460840 0.360909
0.377705 0.204365
0.271803 0.000246
0.301565 0.025226
0.316459 0.036902
0.372826 0.053584
0.359244 0.059564
0.366674 0.075470
0.395478 0.125396
0.365536 0.108677
0.379479 0.117718
0.382043 0.136984
0.340828 0.172832
0.411337 0.327597
0.551828 0.384436
0.314107 0.279340
0.280136 0.000612
0.362855 0.000257
0.346564 0.050529
0.334001 0.036770
0.367349 0.036533
0.387239 0.082212
0.375672 0.091178
0.418601 0.098368
0.420770 0.115853
0.399945 0.143243
0.384136 0.155446
0.389287 0.173205
0.376313 0.182785
0.359752 0.181365
0.422914 0.340715
0.296896 0.000226
0.314822 0.022223
0.344790 0.023295
0.382960 0.038166
0.380929 0.066803
0.400483 0.094620
0.386134 0.104266
0.412471 0.130099
0.428896 0.137695
0.402315 0.159883
0.406230 0.181664
0.442760 0.209294
0.306868 0.279839
0.412806 0.307836
0.305117 0.000706
0.329608 0.022595
0.377169 0.022809
0.390892 0.053452
0.409383 0.082459
0.452694 0.079238
0.434224 0.107004
0.402874 0.110128
0.442394 0.092775
0.418844 0.169695
0.464231 0.180735
0.439600 0.175726
0.426501 0.216441
0.405805 0.206772
0.344124 0.189151
0.321666 0.000325
0.352780 0.037648
0.391994 0.024078
0.400167 0.038534
0.415858 0.041548
0.419064 0.069295
0.458869 0.097428
0.466599 0.115924
0.443746 0.147836
0.416473 0.149443
0.432525 0.159215
0.422124 0.236514
0.399162 0.316950
0.341215 0.226409
0.329942 0.000780
0.403815 0.000603
0.360247 0.022689
0.406891 0.022776
0.398261 0.069241
0.437395 0.071764
0.428339 0.085649
0.451012 0.112874
0.439000 0.126840
0.453822 0.168502
0.471229 0.134504
0.388045 0.215127
0.408794 0.220932
0.393086 0.293935
0.431977 0.343186
0.346414 0.000424
0.433633 0.040927
0.408049 0.056159
0.443102 0.056814
0.478091 0.070801
0.487560 0.093486
0.461353 0.149569
0.454643 0.131905
0.483027 0.296854
0.418541 0.196166
0.431375 0.191030
0.461289 0.217603
0.430118 0.298083
0.382282 0.309598
0.354632 0.000244
0.412003 0.000344
0.477011 0.000122
0.447454 0.023160
0.420722 0.025937
0.493289 0.066869
0.470478 0.084733
0.495666 0.081984
0.480416 0.151878
0.476267 0.103004
0.437293 0.284744
0.465179 0.200981
0.378280 0.227747
0.415252 0.253830
0.478683 0.234439
0.371094 0.001103
0.460760 0.000763
0.433712 0.023252
0.426336 0.054896
0.520520 0.111956
0.535841 0.121212
0.496446 0.109464
0.489895 0.135549
0.472061 0.166533
0.400677 0.238806
0.370523 0.243016
0.524185 0.392332
0.475197 0.373906
0.432854 0.254976
0.379317 0.000640
0.452601 0.000100
0.485144 0.000702
0.487249 0.038168
0.522950 0.035916
0.561769 0.151516
0.525268 0.148557
0.522882 0.131483
0.596872 0.205764
0.441954 0.307444
0.488439 0.377429
0.974788 0.158971
0.532816 0.247851
0.437048 0.330340
0.404587 0.264134
0.420090 0.000268
0.468900 0.000057
0.606253 0.045233
0.461076 0.067497
0.458202 0.051936
0.534697 0.166056
0.505970 0.142800
0.485018 0.120800
0.517533 0.204427
0.448183 0.192286
0.472238 0.356772
0.417921 0.279007
0.460011 0.310077
0.397985 0.277634
0.395655 0.000477
0.436284 0.000099
0.509528 0.000233
0.461813 0.022904
0.616642 0.165308
0.509065 0.060890
0.593013 0.269875
0.495808 0.155846
0.444987 0.270023
0.485170 0.177873
0.967559 0.258666
0.591673 0.294135
0.606130 0.283671
0.456139 0.340877
0.513078 0.388456
0.533947 0.000368
0.501422 0.000102
0.428163 0.000461
0.093086 0.280705
0.474723 0.053830
0.508612 0.099597
0.440061 0.230958
0.583360 0.253581
0.505426 0.223478
0.530060 0.383715
0.905631 0.241198
0.509792 0.273268
0.588997 0.369141
0.472291 0.307251
0.599232 0.001081
0.550299 0.000440
0.387498 0.000023
0.493331 0.000686
0.533764 0.023434
0.468999 0.038647
0.511445 0.080719
0.555067 0.135077
0.503746 0.193475
0.601618 0.372637
0.447404 0.251067
0.467225 0.326810
0.489493 0.323068
0.457967 0.282817
0.503849 0.343793
0.591032 0.000271
0.517654 0.000212
0.444450 0.000766
0.491195 0.022189
0.449856 0.038134
0.936305 0.280470
0.570691 0.377049
0.502129 0.378131
0.561796 0.330460
0.510256 0.299550
0.588947 0.366497
0.487021 0.349197
0.496877 0.298796
0.536787 0.225941
0.615501 0.000556
0.566611 0.000915
0.503608 0.027950
0.525825 0.000718
0.492717 0.051248
0.507671 0.042995
0.524638 0.050575
0.506784 0.122769
0.540475 0.139016
0.501446 0.170592
0.496754 0.207894
0.466421 0.250223
0.494050 0.232334
0.481454 0.259180
0.534067 0.297000
0.631923 0.000994
0.542119 0.000505
0.549802 0.022747
0.516539 0.021506
0.476443 0.024717
0.522481 0.069942
0.550314 0.111992
0.563577 0.121091
0.575686 0.133143
0.516777 0.161707
0.468423 0.270721
0.531456 0.204658
0.499400 0.258168
0.509480 0.323570
0.640136 0.000293
0.558451 0.000433
0.581472 0.023877
0.572816 0.039233
0.556569 0.037309
0.536593 0.100955
0.562823 0.098655
0.589765 0.119791
0.567953 0.169267
0.517390 0.180354
0.558245 0.208004
0.519896 0.316404
0.479884 0.214333
0.512722 0.247633
0.558747 0.380514
0.656560 0.000351
0.610744 0.028813
0.598294 0.022926
0.566450 0.024021
0.540288 0.037811
0.536654 0.059431
0.524571 0.091900
0.550251 0.090773
0.579207 0.150131
0.553080 0.175859
0.573665 0.239919
0.534492 0.183228
0.521128 0.226069
0.458544 0.232861
0.664753 0.000318
0.574714 0.000201
0.624480 0.022637
0.550995 0.053067
0.582129 0.051439
0.565730 0.057776
0.537052 0.079419
0.564512 0.078431
0.575665 0.110160
0.583356 0.169449
0.564381 0.189065
0.544813 0.197676
0.581837 0.302439
0.531604 0.355927
0.561680 0.306428
0.681085 0.000821
0.582890 0.000485
0.607382 0.000787
0.591879 0.037273
0.551218 0.070349
0.592377 0.078844
0.577723 0.089032
0.596815 0.151093
0.613490 0.146221
0.583608 0.188245
0.547765 0.155420
0.532163 0.279991
0.545022 0.262698
0.489143 0.275954
0.689323 0.000050
0.623646 0.001017
0.639968 0.024149
0.631248 0.063540
0.594427 0.059232
0.578786 0.069376
0.589283 0.099630
0.593994 0.134478
0.626574 0.125622
0.643606 0.129691
0.549519 0.228150
0.633548 0.160526
0.565825 0.224324
0.589894 0.220287
0.618302 0.285649
0.705827 0.000575
0.635741 0.046645
0.637838 0.078141
0.624377 0.037925
0.617248 0.055960
0.606916 0.069171
0.604503 0.089330
0.610156 0.127681
0.618029 0.182528
0.628307 0.142663
0.624970 0.197251
0.555000 0.355423
0.483461 0.194368
0.541983 0.347969
0.714154 0.000223
0.648344 0.000548
0.656582 0.023180
0.648038 0.056445
0.619602 0.077372
0.620857 0.093430
0.602699 0.108834
0.635751 0.108720
0.651584 0.115277
0.637773 0.176878
0.599423 0.168919
0.559359 0.264562
0.558384 0.245258
0.576552 0.206873
0.539245 0.311154
0.722545 0.001153
0.670992 0.024916
0.648442 0.036879
0.663556 0.055337
0.653661 0.070763
0.618002 0.109489
0.653830 0.099636
0.665063 0.127001
0.647406 0.145023
0.600316 0.187682
0.678152 0.247990
0.570093 0.293805
0.511620 0.346354
0.522481 0.267236
0.739181 0.000066
0.672926 0.000090
0.685804 0.023180
0.665030 0.039537
0.681449 0.053899
0.673279 0.067705
0.638181 0.092968
0.671757 0.111013
0.652524 0.161779
0.645269 0.189286
0.655457 0.218366
0.652879 0.202936
0.573461 0.270258
0.556312 0.327539
0.678674 0.267716
0.747540 0.000721
0.700792 0.023162
0.682904 0.038301
0.697617 0.053712
0.692631 0.068950
0.658379 0.084209
0.672292 0.096038
0.674825 0.155767
0.662071 0.173284
0.635788 0.209562
0.611526 0.209673
0.549580 0.286059
0.652746 0.242853
0.629069 0.285396
0.755909 0.000368
0.697515 0.000822
0.716457 0.021343
0.700635 0.037256
0.710687 0.066079
0.677772 0.081728
0.688979 0.100112
0.685299 0.121143
0.664376 0.142947
0.681926 0.170908
0.611671 0.227571
0.641951 0.239076
0.597839 0.235502
0.721499 0.272057
0.666963 0.274893
0.764345 0.000568
0.733255 0.021560
0.719610 0.034431
0.713220 0.050141
0.695177 0.084413
0.708843 0.096837
0.699080 0.113001
0.693490 0.151872
0.668662 0.188045
0.687760 0.209169
0.616817 0.258160
0.630616 0.225299
0.766269 0.268407
0.656119 0.263569
0.772698 0.000395
0.730862 0.000211
0.750028 0.021272
0.729477 0.061647
0.712140 0.081625
0.720322 0.107253
0.713129 0.123490
0.683392 0.136376
0.686829 0.188486
0.602968 0.254038
0.702425 0.198322
0.685196 0.228349
0.702008 0.225575
0.693546 0.273028
0.697652 0.245211
0.789597 0.000525
0.758673 0.033615
0.740826 0.034603
0.727764 0.076298
0.729865 0.092324
0.733394 0.118614
0.702174 0.135109
0.713259 0.150923
0.672346 0.205798
0.722652 0.223801
0.741567 0.217909
0.623639 0.242645
0.723143 0.238790
0.635043 0.267218
0.798088 0.000096
0.767891 0.021122
0.729232 0.046106
0.749605 0.063125
0.752751 0.089819
0.740843 0.103532
0.754628 0.115957
0.724468 0.135888
0.700477 0.166892
0.724269 0.161973
0.667637 0.230201
0.714146 0.210522
0.734416 0.253493
0.784963 0.259966
0.707346 0.278007
0.806591 0.000399
0.782571 0.045270
0.763670 0.046449
0.743508 0.077778
0.773561 0.086258
0.761450 0.101729
0.775640 0.115161
0.737549 0.148127
0.760340 0.170500
0.757760 0.206131
0.744861 0.235578
0.709603 0.259265
0.745088 0.275715
0.646192 0.278034
0.823645 0.001035
0.781138 0.001291
0.777560 0.032571
0.745821 0.049572
0.768911 0.059631
0.761726 0.073781
0.780333 0.099644
0.744842 0.130231
0.744129 0.162625
0.706669 0.180830
0.725231 0.177913
0.774059 0.198635
0.785345 0.224938
0.778785 0.273859
0.796947 0.270788
0.832233 0.000604
0.786004 0.019550
0.795653 0.032304
0.787966 0.058402
0.795426 0.080091
0.780289 0.072998
0.766452 0.129003
0.781148 0.136566
0.756826 0.142989
0.780230 0.168775
0.742167 0.200794
0.765981 0.184131
0.747273 0.266264
0.759760 0.243850
0.840713 0.001192
0.815076 0.000151
0.804972 0.019704
0.802402 0.044462
0.801019 0.065820
0.815140 0.090430
0.797428 0.093582
0.797281 0.108482
0.791986 0.123533
0.725637 0.194113
0.743390 0.182789
0.765124 0.223488
0.804509 0.222021
0.898058 0.272792
0.816338 0.268570
0.857905 0.001104
0.825359 0.018857
0.814131 0.030366
0.811891 0.054286
0.815141 0.075499
0.835220 0.075111
0.814920 0.106159
0.813093 0.121285
0.766636 0.154363
0.785078 0.150825
0.790174 0.180148
0.796683 0.193618
0.776192 0.239790
0.802408 0.240362
0.866418 0.000188
0.849311 0.000567
0.847165 0.018971
0.834878 0.029401
0.824053 0.040403
0.834899 0.050596
0.833461 0.088909
0.831796 0.104863
0.826544 0.128717
0.802711 0.135949
0.800161 0.156662
0.816318 0.184258
0.811454 0.206317
0.787285 0.209040
0.810418 0.253308
0.883827 0.000038
0.870372 0.020304
0.858539 0.027425
0.847159 0.038538
0.824170 0.062489
0.856080 0.081600
0.848797 0.094372
0.838033 0.118603
0.837851 0.140291
0.814413 0.145299
0.806982 0.171424
0.827487 0.196814
0.839294 0.210956
0.832533 0.270413
0.892567 0.000833
0.875079 0.000225
0.886054 0.020254
0.865903 0.040541
0.854466 0.052556
0.845006 0.064822
0.862269 0.068238
0.867474 0.097363
0.854007 0.110008
0.854532 0.125837
0.825204 0.154601
0.829219 0.168848
0.892374 0.217130
0.874298 0.267395
0.843208 0.277564
0.901146 0.000303
0.913677 0.019762
0.880371 0.034751
0.885339 0.049466
0.872149 0.056679
0.881926 0.070728
0.874771 0.083781
0.871668 0.114116
0.874289 0.131086
0.844511 0.156025
0.855971 0.140540
0.837744 0.181989
0.861586 0.217442
0.822987 0.221645
0.909921 0.000598
0.918781 0.000257
0.923022 0.031603
0.899857 0.023889
0.898510 0.037790
0.896449 0.065382
0.903752 0.078700
0.884684 0.101506
0.889613 0.116922
0.871817 0.147991
0.884610 0.157409
0.859268 0.163470
0.852546 0.197827
0.908970 0.291787
0.856960 0.257918
0.927641 0.000521
0.932552 0.020169
0.914292 0.042121
0.903123 0.053293
0.923496 0.081851
0.893197 0.088549
0.903246 0.104023
0.893224 0.131147
0.896718 0.144829
0.871591 0.169369
0.875806 0.185855
0.887637 0.201541
0.869249 0.201539
0.844542 0.227367
0.936609 0.000199
0.949812 0.020407
0.940898 0.033518
0.922913 0.055885
0.917138 0.068606
0.915398 0.094358
0.909704 0.121886
0.916961 0.135272
0.917333 0.150103
0.891094 0.174557
0.911285 0.205254
0.899265 0.189306
0.853134 0.181760
0.871538 0.227484
0.838363 0.251774
0.945567 0.000612
0.956056 0.044780
0.936452 0.046310
0.939115 0.072951
0.941465 0.088139
0.922030 0.111576
0.933816 0.150584
0.917318 0.171099
0.916547 0.186932
0.931978 0.199702
0.949762 0.208357
0.924389 0.215284
0.902601 0.227261
0.857145 0.281293
0.954585 0.000878
0.967225 0.019644
0.961299 0.032580
0.941220 0.059763
0.965059 0.097246
0.933708 0.101011
0.933551 0.121866
0.904821 0.161454
0.953784 0.175832
0.936672 0.183442
0.955840 0.195568
0.927484 0.234684
0.963369 0.243638
0.886327 0.254331
0.941218 0.241634
0.963572 0.000213
0.981377 0.024466
0.960458 0.057173
0.956840 0.083007
0.963003 0.134337
0.956342 0.162068
0.953762 0.147939
0.967480 0.225144
0.999815 0.321590
0.943443 0.223735
0.971243 0.210414
0.940727 0.311629
0.879912 0.240019
0.948322 0.327376
0.972601 0.000728
0.993104 0.000815
0.978080 0.038600
0.979254 0.094677
0.950062 0.103963
0.951533 0.120523
0.968149 0.184016
0.981641 0.173738
0.978556 0.236851
0.950612 0.273644
0.997319 0.356558
0.983521 0.387894
0.886048 0.284963
0.909049 0.258470
0.873963 0.283362
0.981766 0.000951
0.977755 0.052060
0.961082 0.070359
0.982245 0.111235
0.965986 0.116523
0.940412 0.135905
0.998637 0.269984
0.999892 0.300261
0.999915 0.248360
0.955291 0.296365
0.997849 0.313240
0.955154 0.289185
0.961238 0.332385
0.824782 0.239450
0.998971 0.008354
0.999396 0.040091
0.980459 0.065890
0.978020 0.079971
0.998917 0.102553
0.998951 0.180924
0.999719 0.136390
0.999145 0.147506
0.999588 0.334762
0.999088 0.259540
0.999299 0.346817
0.952203 0.258069
0.984350 0.380899
0.999819 0.225722
0.919477 0.273149
0.999505 0.000911
0.999744 0.050121
0.999531 0.070887
0.999642 0.091873
0.999298 0.113697
0.976205 0.144368
0.980227 0.197861
0.997703 0.291063
0.999630 0.237038
0.999400 0.192444
0.999969 0.280436
0.994059 0.365595
0.856242 0.242550
0.968158 0.334545
0.998938 0.020138
0.999674 0.030229
0.999273 0.060379
0.999357 0.081409
0.982652 0.128556
0.999496 0.125011
0.999755 0.203843
0.934444 0.166808
0.999560 0.214942
0.999734 0.158270
0.999896 0.169341
0.925687 0.252313
0.999454 0.380529
0.916933 0.296661
0.930871 0.308242
