0.000180 0.027828
0.000448 0.057995
0.000191 0.088890
0.000858 0.120480
0.000177 0.131119
0.000785 0.283566
0.000028 0.175118
0.000265 0.186989
0.000503 0.293122
0.018137 0.356505
0.089583 0.267010
0.044104 0.250240
0.035640 0.270507
0.073309 0.265753
0.000719 0.017799
0.000800 0.037795
0.000290 0.068328
0.017110 0.050758
0.019029 0.157047
0.000285 0.198368
0.000267 0.163996
0.000853 0.263752
0.000467 0.231035
0.000427 0.241968
0.000675 0.323517
0.000850 0.337785
0.042854 0.285684
0.043881 0.296196
0.100334 0.226005
0.000419 0.004797
0.000866 0.047566
0.000177 0.078572
0.000689 0.099309
0.000807 0.109933
0.000367 0.209271
0.000782 0.152832
0.000459 0.273749
0.000765 0.220320
0.001447 0.304260
0.001280 0.312651
0.018388 0.335686
0.021814 0.376597
0.049649 0.298739
0.000341 0.000481
0.022625 0.018425
0.026834 0.039133
0.021829 0.077598
0.020241 0.127977
0.062694 0.152768
0.037033 0.141297
0.000454 0.252741
0.035876 0.203562
0.027614 0.188269
0.033822 0.221084
0.000498 0.374093
0.000166 0.349012
0.001444 0.385502
0.101333 0.244624
0.008612 0.000356
0.042408 0.029440
0.015000 0.030087
0.019861 0.064697
0.000824 0.141959
0.032083 0.167487
0.047301 0.150294
0.047096 0.167045
0.017891 0.207667
0.051295 0.199061
0.023102 0.236675
0.073848 0.216030
0.046663 0.234544
0.067123 0.275993
0.028623 0.000420
0.019125 0.000091
0.059695 0.053022
0.042012 0.041802
0.023535 0.141718
0.021380 0.090395
0.043917 0.124691
0.057020 0.131433
0.045029 0.182440
0.064183 0.184484
0.082314 0.175144
0.050958 0.215772
0.083887 0.238091
0.049075 0.265868
0.138417 0.233430
0.037682 0.000809
0.054460 0.017503
0.037766 0.053704
0.046945 0.077985
0.025648 0.115763
0.039875 0.110254
0.071171 0.140857
0.105061 0.152889
0.016797 0.177523
0.067184 0.168120
0.024113 0.250317
0.063646 0.230085
0.072422 0.200600
0.019483 0.381922
0.046703 0.000230
0.037249 0.017835
0.064421 0.028068
0.058289 0.039690
0.035377 0.067211
0.060243 0.084708
0.020062 0.103169
0.068622 0.119770
0.093919 0.142850
0.081925 0.157153
0.085228 0.190361
0.116302 0.181344
0.098695 0.201853
0.155693 0.201240
0.119187 0.240851
0.055864 0.000571
0.075151 0.018177
0.077183 0.035506
0.053961 0.064715
0.069301 0.070352
0.037200 0.090479
0.051539 0.097884
0.059654 0.109092
0.140060 0.161254
0.097319 0.167811
0.116112 0.165088
0.127355 0.197643
0.069664 0.245343
0.142168 0.189437
0.064875 0.000021
0.073680 0.000607
0.088290 0.023780
0.086272 0.045924
0.074396 0.054613
0.085404 0.066644
0.094154 0.092289
0.073080 0.092975
0.081684 0.131333
0.127494 0.151080
0.164595 0.168429
0.104242 0.188369
0.141914 0.213912
0.120919 0.210029
0.122669 0.259440
0.082503 0.000159
0.101473 0.017573
0.110490 0.029149
0.109492 0.049333
0.097707 0.056553
0.081368 0.082226
0.079544 0.105344
0.089300 0.118160
0.104321 0.125919
0.140851 0.140392
0.131686 0.174690
0.152909 0.155190
0.166663 0.190916
0.147178 0.261454
0.091183 0.000223
0.108778 0.000475
0.121772 0.018476
0.098007 0.036632
0.117209 0.063037
0.100706 0.071381
0.106367 0.083307
0.100831 0.109652
0.119312 0.116331
0.112893 0.139129
0.159920 0.139635
0.152709 0.178845
0.225578 0.197844
0.120233 0.224688
0.131484 0.262037
0.099924 0.000420
0.131282 0.029542
0.120744 0.040124
0.129302 0.053674
0.135916 0.069272
0.121504 0.076466
0.110192 0.098111
0.125462 0.102153
0.136738 0.114671
0.125264 0.131751
0.171385 0.153356
0.197216 0.185346
0.190983 0.202061
0.091686 0.215159
0.117526 0.000307
0.143944 0.000816
0.141160 0.018291
0.139724 0.040787
0.145675 0.055021
0.153432 0.070254
0.129022 0.088561
0.150932 0.109243
0.145507 0.126882
0.161666 0.122746
0.177208 0.136742
0.184591 0.168495
0.215111 0.179906
0.214883 0.215542
0.152664 0.226844
0.126397 0.000336
0.151542 0.029967
0.158790 0.041447
0.160823 0.056247
0.173585 0.064769
0.145406 0.082291
0.145557 0.096151
0.167314 0.105367
0.192098 0.132016
0.187553 0.151087
0.200331 0.165830
0.180021 0.183465
0.261654 0.216406
0.231062 0.219894
0.135189 0.000315
0.178545 0.000426
0.160393 0.019590
0.176152 0.047395
0.167764 0.077981
0.163516 0.091164
0.181749 0.097939
0.176804 0.119151
0.202910 0.146716
0.204347 0.122572
0.215748 0.163384
0.234431 0.184385
0.248822 0.235346
0.178863 0.210518
0.166892 0.218327
0.152641 0.000594
0.171923 0.033025
0.187911 0.056507
0.191175 0.071729
0.183399 0.083542
0.200688 0.102073
0.189840 0.112456
0.222064 0.124734
0.214012 0.138079
0.237116 0.169416
0.259433 0.192251
0.208628 0.198718
0.184636 0.255560
0.155981 0.254969
0.161204 0.000111
0.176398 0.019012
0.187797 0.033979
0.197497 0.042919
0.208341 0.075449
0.200791 0.087907
0.215194 0.109370
0.243162 0.128791
0.233283 0.140199
0.226430 0.153979
0.252882 0.175659
0.244383 0.198694
0.247074 0.215747
0.202275 0.223132
0.194494 0.256959
0.169836 0.001049
0.210143 0.033739
0.203547 0.059789
0.232547 0.056923
0.220428 0.065259
0.219843 0.095980
0.254120 0.142336
0.268746 0.133839
0.245956 0.155099
0.277957 0.197618
0.277564 0.214073
0.299175 0.238069
0.281218 0.232216
0.214963 0.247481
0.187084 0.000622
0.192579 0.020758
0.231282 0.030918
0.213599 0.049000
0.237518 0.072095
0.223187 0.082433
0.233837 0.114423
0.272283 0.119116
0.263055 0.164149
0.310081 0.210251
0.296023 0.181605
0.266908 0.239734
0.341508 0.279615
0.256133 0.256543
0.226752 0.254174
0.195582 0.000328
0.206347 0.020135
0.249089 0.032452
0.249103 0.059520
0.239818 0.086825
0.237824 0.100994
0.255321 0.121189
0.286272 0.146967
0.274158 0.182193
0.292494 0.197938
0.295657 0.220400
0.331436 0.261612
0.185347 0.227193
0.160502 0.241866
0.204080 0.000352
0.255061 0.000533
0.221633 0.020377
0.226657 0.042568
0.255261 0.074860
0.256838 0.089578
0.253277 0.105335
0.270808 0.104472
0.302934 0.145887
0.270944 0.150124
0.339334 0.241987
0.317567 0.230361
0.318280 0.244958
0.294607 0.269171
0.225829 0.235483
0.212618 0.000145
0.239304 0.018255
0.265832 0.033358
0.265375 0.062014
0.274541 0.074917
0.272646 0.089093
0.290724 0.116046
0.286468 0.130410
0.311642 0.163690
0.296251 0.163720
0.357240 0.239758
0.364523 0.267750
0.364640 0.292272
0.192497 0.243395
0.221038 0.000490
0.288835 0.000372
0.256294 0.020529
0.245229 0.045050
0.280633 0.059731
0.288893 0.085547
0.287347 0.101345
0.306956 0.114488
0.304387 0.130465
0.355362 0.159845
0.328093 0.186389
0.280358 0.167066
0.379632 0.281888
0.381297 0.263405
0.304632 0.257467
0.229508 0.000639
0.272921 0.019443
0.280856 0.044635
0.263355 0.047487
0.304608 0.082245
0.303538 0.098884
0.318446 0.096288
0.321268 0.131728
0.319664 0.147444
0.366218 0.195825
0.326906 0.216475
0.351829 0.209154
0.241477 0.254434
0.351017 0.288627
0.238052 0.000358
0.313539 0.000317
0.283248 0.031634
0.296099 0.053126
0.293774 0.069769
0.319891 0.079815
0.346855 0.089590
0.322364 0.114588
0.337728 0.150589
0.351626 0.123730
0.329263 0.163643
0.314304 0.177642
0.312724 0.195745
0.284465 0.260792
0.376424 0.303455
0.246668 0.000359
0.290861 0.019674
0.313441 0.049663
0.308775 0.064754
0.324800 0.064084
0.335737 0.078529
0.351026 0.106352
0.336393 0.131859
0.367480 0.126946
0.351167 0.141083
0.336252 0.202535
0.391240 0.247276
0.269971 0.258244
0.348044 0.257400
0.263413 0.000376
0.338260 0.000490
0.299536 0.039043
0.330566 0.049218
0.341544 0.063313
0.353233 0.072160
0.362222 0.090160
0.332543 0.096769
0.337392 0.114163
0.367393 0.144763
0.371903 0.162865
0.362805 0.219463
0.396859 0.191178
0.466428 0.363306
0.380326 0.203189
0.271923 0.000414
0.303977 0.025291
0.318456 0.036104
0.374569 0.051802
0.361625 0.056774
0.368660 0.074039
0.396623 0.123327
0.366642 0.107395
0.380720 0.116811
0.382641 0.134824
0.343415 0.171810
0.414686 0.328597
0.565834 0.384121
0.319893 0.279997
0.280348 0.000392
0.362897 0.000129
0.348508 0.048788
0.336584 0.035758
0.368474 0.036779
0.388808 0.079028
0.377473 0.090060
0.418647 0.096691
0.420825 0.113817
0.400619 0.141588
0.385686 0.151758
0.391369 0.168984
0.380418 0.182623
0.363282 0.178624
0.425710 0.343324
0.297141 0.000462
0.317003 0.021216
0.346709 0.021393
0.383896 0.035585
0.382277 0.064739
0.400725 0.093329
0.386813 0.102479
0.413247 0.128399
0.428985 0.134929
0.404593 0.159191
0.407326 0.178941
0.442947 0.209234
0.312279 0.278555
0.415001 0.311224
0.305346 0.000307
0.331467 0.021934
0.377499 0.021570
0.391539 0.050130
0.409251 0.079208
0.451551 0.077705
0.434298 0.105261
0.404401 0.109231
0.442683 0.090934
0.419522 0.169500
0.464948 0.182205
0.439936 0.172968
0.429087 0.218315
0.407255 0.205483
0.346893 0.187552
0.321794 0.000470
0.353469 0.035474
0.392692 0.021737
0.401059 0.037086
0.416964 0.038525
0.419655 0.067469
0.459485 0.095241
0.466467 0.115528
0.443812 0.146727
0.418762 0.148694
0.433021 0.157997
0.424554 0.237739
0.403289 0.320054
0.344058 0.225210
0.330055 0.001258
0.403788 0.000305
0.361872 0.020988
0.406814 0.022190
0.400067 0.066891
0.438033 0.068600
0.428047 0.082572
0.450162 0.110282
0.439553 0.123521
0.453777 0.165087
0.471499 0.133054
0.390810 0.216423
0.410738 0.220433
0.397558 0.297739
0.436281 0.344839
0.346444 0.001007
0.433415 0.038954
0.408303 0.054078
0.442714 0.054285
0.477454 0.068751
0.487044 0.091590
0.461199 0.149251
0.454763 0.130784
0.484880 0.299928
0.420337 0.194178
0.433342 0.189988
0.460156 0.218384
0.433005 0.301281
0.387410 0.311857
0.354683 0.000773
0.411950 0.001057
0.477035 0.000073
0.446814 0.022426
0.419974 0.023979
0.492852 0.065747
0.470665 0.083029
0.495878 0.080509
0.479600 0.151519
0.476323 0.101871
0.438893 0.286202
0.464532 0.200398
0.379731 0.228327
0.417007 0.254851
0.479844 0.238496
0.371079 0.000184
0.460844 0.000427
0.433332 0.022686
0.426281 0.053935
0.519718 0.110080
0.534457 0.119876
0.496476 0.108394
0.490475 0.134590
0.472872 0.166635
0.404689 0.238250
0.376015 0.244799
0.532973 0.396766
0.484461 0.379112
0.433426 0.256973
0.379265 0.000273
0.452668 0.000832
0.485156 0.000495
0.486037 0.036610
0.520875 0.035601
0.560059 0.150623
0.524128 0.147090
0.520671 0.129685
0.589893 0.204526
0.445881 0.311419
0.494894 0.380197
0.973507 0.151991
0.528594 0.246952
0.440831 0.331730
0.407063 0.266464
0.420012 0.000819
0.468984 0.000221
0.604294 0.043496
0.460812 0.066285
0.458214 0.051044
0.533754 0.166379
0.506652 0.142035
0.484313 0.120347
0.516315 0.205501
0.450292 0.192643
0.473759 0.362848
0.420881 0.281855
0.458770 0.314741
0.402155 0.281244
0.395603 0.001162
0.436221 0.000188
0.509539 0.000929
0.461037 0.022469
0.613625 0.162728
0.508381 0.059389
0.586457 0.270292
0.495712 0.154806
0.446633 0.274900
0.486287 0.177288
0.972276 0.249625
0.582620 0.296370
0.594945 0.284366
0.459739 0.344464
0.521655 0.391819
0.534089 0.000785
0.501448 0.001069
0.428073 0.000771
0.098695 0.261382
0.475187 0.052168
0.507894 0.097382
0.440569 0.229447
0.576565 0.254279
0.503966 0.224160
0.535166 0.390939
0.901503 0.223529
0.506845 0.280570
0.611126 0.366209
0.473481 0.313593
0.599277 0.000408
0.550403 0.000115
0.387435 0.000080
0.493362 0.000757
0.531831 0.023186
0.467608 0.037412
0.511561 0.078831
0.553434 0.133874
0.503012 0.192796
0.616348 0.369713
0.448989 0.253276
0.470105 0.333404
0.489016 0.329322
0.461855 0.287240
0.507424 0.348554
0.591070 0.000910
0.517733 0.000259
0.444446 0.000883
0.490125 0.021359
0.449991 0.036997
0.932083 0.259483
0.585410 0.374106
0.506882 0.386320
0.562368 0.330526
0.510176 0.301526
0.600281 0.363081
0.490421 0.352841
0.496711 0.304002
0.533461 0.227370
0.615509 0.000149
0.566641 0.000350
0.502540 0.027314
0.526023 0.000391
0.492307 0.050392
0.506259 0.042153
0.524204 0.049429
0.505642 0.122476
0.538000 0.137689
0.500182 0.172846
0.494774 0.207984
0.465024 0.250580
0.492118 0.234870
0.478877 0.259762
0.530400 0.300943
0.631929 0.001116
0.542246 0.001151
0.548353 0.022531
0.516064 0.020974
0.475718 0.023867
0.522318 0.067476
0.548367 0.110660
0.561703 0.119430
0.572673 0.132712
0.514981 0.161793
0.469103 0.274144
0.529167 0.207014
0.497808 0.256461
0.511561 0.330642
0.640054 0.000551
0.558523 0.001094
0.580868 0.023605
0.571543 0.038036
0.555983 0.036241
0.535513 0.100743
0.561542 0.097308
0.586178 0.118949
0.565120 0.168485
0.515818 0.179364
0.555190 0.208124
0.520751 0.325080
0.479249 0.214876
0.510297 0.247306
0.574246 0.387178
0.656431 0.000119
0.609387 0.027007
0.596512 0.021981
0.565344 0.022576
0.539258 0.037006
0.536362 0.058146
0.523198 0.090543
0.547566 0.089692
0.576814 0.149435
0.550526 0.176520
0.569996 0.241248
0.530999 0.183838
0.517968 0.230593
0.458811 0.233602
0.664623 0.000818
0.574762 0.000634
0.623227 0.021659
0.549887 0.051138
0.579795 0.050960
0.563954 0.056704
0.535477 0.078133
0.562013 0.076922
0.572899 0.108740
0.579791 0.170047
0.558938 0.189349
0.542134 0.196017
0.574153 0.307398
0.537276 0.360774
0.554435 0.311983
0.680980 0.000101
0.582928 0.000755
0.607401 0.000670
0.590276 0.036188
0.549287 0.069275
0.589730 0.077317
0.575393 0.086888
0.593978 0.151356
0.609707 0.145645
0.579425 0.187876
0.544684 0.155154
0.525046 0.285908
0.539382 0.263451
0.489665 0.277555
0.689224 0.000832
0.623661 0.001214
0.638289 0.023511
0.629085 0.061960
0.593343 0.057388
0.576266 0.067303
0.587209 0.097514
0.590791 0.134299
0.622714 0.123413
0.639901 0.126608
0.546268 0.230328
0.630761 0.157583
0.564319 0.225042
0.583175 0.218989
0.610177 0.286930
0.705750 0.000671
0.633277 0.044877
0.635656 0.076508
0.622032 0.036686
0.614730 0.054214
0.604311 0.067754
0.601738 0.087958
0.605787 0.127730
0.613506 0.180221
0.625455 0.140807
0.619864 0.194744
0.560447 0.361577
0.482190 0.193988
0.541073 0.359831
0.714068 0.000760
0.648220 0.000580
0.654209 0.022233
0.645352 0.054695
0.617661 0.075250
0.617588 0.092119
0.599725 0.107670
0.632180 0.107726
0.649383 0.113997
0.631941 0.174307
0.596142 0.168257
0.550448 0.265708
0.550705 0.245976
0.571332 0.204789
0.534431 0.318132
0.722471 0.000603
0.669611 0.022894
0.646796 0.035900
0.660961 0.051468
0.651033 0.068819
0.614405 0.108499
0.651506 0.097967
0.662226 0.125381
0.643776 0.143383
0.597532 0.186778
0.669834 0.243861
0.562885 0.293816
0.517912 0.354342
0.520115 0.266782
0.739164 0.000005
0.672807 0.000144
0.684274 0.022503
0.663929 0.037071
0.678427 0.052679
0.669906 0.065924
0.634884 0.091596
0.668226 0.109918
0.648071 0.159861
0.640581 0.185768
0.647102 0.217223
0.647163 0.199322
0.566677 0.274052
0.553820 0.337106
0.668936 0.263017
0.747516 0.000852
0.699330 0.022579
0.681856 0.037521
0.694640 0.052717
0.690087 0.067812
0.655956 0.082243
0.669533 0.093873
0.669587 0.154131
0.656827 0.172452
0.628420 0.207774
0.607203 0.206092
0.545790 0.291639
0.646635 0.241206
0.620983 0.281699
0.755848 0.000081
0.697434 0.000803
0.714678 0.020911
0.698482 0.036678
0.708420 0.064776
0.675479 0.079298
0.685868 0.098558
0.682092 0.120335
0.659945 0.141855
0.677616 0.168676
0.602792 0.226189
0.631047 0.238003
0.589004 0.235191
0.710633 0.264308
0.656854 0.269327
0.764179 0.001228
0.731043 0.021748
0.717518 0.034077
0.710759 0.049403
0.692787 0.083476
0.705118 0.096184
0.695968 0.111074
0.688397 0.147796
0.664061 0.184616
0.680544 0.206122
0.610873 0.259295
0.623150 0.221746
0.759400 0.257871
0.645827 0.257298
0.772534 0.000449
0.730804 0.000181
0.747623 0.020753
0.727687 0.060258
0.709544 0.080568
0.717501 0.105493
0.709939 0.121003
0.677574 0.135870
0.681530 0.183585
0.594492 0.254113
0.694400 0.193224
0.677729 0.222554
0.693820 0.218787
0.683468 0.264323
0.686999 0.238933
0.789576 0.000036
0.756778 0.032605
0.739630 0.034207
0.724469 0.074952
0.726458 0.091476
0.728463 0.116495
0.697293 0.132332
0.707917 0.146387
0.663409 0.204989
0.717201 0.217687
0.734375 0.209612
0.614449 0.239858
0.712085 0.231823
0.625696 0.261594
0.798106 0.000813
0.766370 0.020321
0.726916 0.044847
0.747606 0.061645
0.750138 0.087421
0.739181 0.101448
0.750448 0.112374
0.720024 0.134369
0.695447 0.162280
0.719554 0.157607
0.659332 0.227665
0.707869 0.203814
0.724611 0.244921
0.776991 0.249876
0.698431 0.269835
0.806632 0.000245
0.781057 0.043942
0.761565 0.045364
0.739336 0.076486
0.770326 0.083733
0.760534 0.098464
0.772554 0.111158
0.733066 0.143394
0.754586 0.163752
0.752427 0.196558
0.736464 0.228645
0.700567 0.251927
0.734605 0.264770
0.636302 0.274643
0.823671 0.000247
0.781031 0.000461
0.775721 0.031813
0.743743 0.048494
0.767967 0.058204
0.758063 0.071932
0.778605 0.096351
0.740616 0.126847
0.739093 0.158822
0.701445 0.176761
0.719300 0.172609
0.769416 0.190570
0.778306 0.216422
0.770057 0.264169
0.788025 0.260499
0.832305 0.000368
0.785122 0.019436
0.794011 0.031057
0.786131 0.056704
0.792807 0.076075
0.777954 0.070604
0.761499 0.125134
0.776885 0.130950
0.751640 0.138888
0.775768 0.161553
0.735796 0.192783
0.760580 0.177767
0.738055 0.258690
0.750273 0.235455
0.840866 0.000432
0.815116 0.001129
0.804453 0.019217
0.800488 0.042960
0.800531 0.062845
0.813683 0.086402
0.795197 0.089334
0.795106 0.104043
0.788389 0.117875
0.718294 0.188957
0.738847 0.176488
0.756618 0.214454
0.798293 0.212706
0.892874 0.254966
0.806568 0.259252
0.858144 0.000117
0.824837 0.018735
0.813001 0.030685
0.811779 0.052372
0.813870 0.072537
0.833688 0.071529
0.813151 0.101494
0.809414 0.116099
0.762828 0.149311
0.781791 0.144965
0.785628 0.170629
0.793018 0.184123
0.767473 0.229350
0.794573 0.230064
0.866601 0.000556
0.849513 0.000738
0.846299 0.018532
0.835251 0.028986
0.822767 0.039478
0.835484 0.047712
0.831747 0.084712
0.830138 0.099591
0.824226 0.122796
0.798920 0.130303
0.797471 0.149252
0.811768 0.175812
0.806307 0.194698
0.780815 0.199439
0.802842 0.242878
0.884034 0.000512
0.871533 0.019826
0.859033 0.026074
0.847118 0.036722
0.824388 0.059757
0.855575 0.077102
0.847243 0.089508
0.836553 0.113397
0.837690 0.132339
0.811721 0.137512
0.804179 0.162928
0.824508 0.187472
0.835170 0.198818
0.823774 0.256143
0.892795 0.000751
0.875233 0.000916
0.886389 0.020267
0.866826 0.039196
0.853952 0.049975
0.845032 0.062304
0.862913 0.064677
0.865103 0.092687
0.851641 0.103979
0.855321 0.118451
0.821722 0.146368
0.825966 0.160584
0.888765 0.202711
0.868004 0.249816
0.836429 0.261235
0.901409 0.000206
0.915391 0.019767
0.880891 0.034614
0.887841 0.048155
0.872364 0.053541
0.882193 0.066962
0.874329 0.079292
0.870690 0.108555
0.874692 0.123491
0.840119 0.148421
0.854349 0.133397
0.835344 0.172527
0.855518 0.203404
0.817163 0.210067
0.910155 0.000785
0.918965 0.000403
0.924645 0.031262
0.901136 0.021056
0.897915 0.035259
0.895321 0.062390
0.905956 0.075457
0.883096 0.094827
0.889495 0.109595
0.869943 0.138086
0.884340 0.146608
0.855189 0.151979
0.849666 0.185764
0.902022 0.271694
0.850031 0.242373
0.927825 0.000406
0.933454 0.018008
0.913133 0.039061
0.905719 0.051341
0.925978 0.077004
0.892458 0.082146
0.901236 0.097500
0.892402 0.123550
0.896940 0.134968
0.870812 0.158452
0.874110 0.172956
0.883957 0.188241
0.867871 0.188708
0.838182 0.215593
0.936806 0.000158
0.951409 0.018754
0.942608 0.031093
0.924980 0.053268
0.916052 0.064476
0.914720 0.089361
0.908904 0.114175
0.918676 0.125287
0.917459 0.139977
0.891267 0.162346
0.908747 0.191457
0.899287 0.176405
0.851767 0.168741
0.869490 0.212093
0.831523 0.237870
0.945786 0.000604
0.954937 0.041455
0.935151 0.042963
0.938690 0.067124
0.942427 0.081145
0.920391 0.103199
0.934607 0.141117
0.916602 0.158354
0.915417 0.174804
0.930897 0.188061
0.951000 0.197368
0.923256 0.200387
0.903101 0.210055
0.850501 0.264547
0.954865 0.000251
0.968448 0.017395
0.963350 0.030866
0.943407 0.055492
0.965820 0.092846
0.933081 0.094919
0.933109 0.114107
0.903702 0.149555
0.953017 0.166434
0.935773 0.171877
0.956148 0.185341
0.924287 0.218551
0.965295 0.232775
0.884430 0.237959
0.940153 0.225927
0.963863 0.000276
0.983910 0.022158
0.961879 0.053628
0.957102 0.079255
0.964823 0.126706
0.957458 0.152391
0.952574 0.137943
0.964746 0.215853
0.999490 0.320840
0.943836 0.209960
0.971013 0.201797
0.940680 0.287418
0.876915 0.223435
0.947026 0.301337
0.973002 0.000887
0.993970 0.001001
0.978048 0.035718
0.980930 0.089052
0.948970 0.097274
0.949413 0.113836
0.967553 0.175617
0.981666 0.165748
0.980479 0.227919
0.953001 0.254347
0.999427 0.352009
0.980616 0.376395
0.880645 0.267529
0.906024 0.241315
0.867934 0.268131
0.982554 0.000640
0.977634 0.048313
0.962408 0.066661
0.980291 0.106394
0.964397 0.108849
0.940274 0.126600
0.998383 0.268607
0.999772 0.299955
0.999269 0.248278
0.954837 0.277373
0.994382 0.309103
0.959923 0.267979
0.958107 0.313910
0.819265 0.227713
0.999897 0.008304
0.998991 0.040248
0.981639 0.061376
0.976826 0.074897
0.999852 0.102353
0.999239 0.180746
0.999770 0.136564
0.999661 0.147258
0.999505 0.330269
0.999462 0.258881
0.999115 0.342000
0.951912 0.239706
0.977293 0.372296
0.999928 0.225339
0.918832 0.252650
0.999752 0.000427
0.999049 0.050058
0.999142 0.070842
0.999869 0.091580
0.999169 0.113641
0.976768 0.137549
0.981433 0.189950
0.993451 0.288149
0.999397 0.236868
0.999773 0.192289
0.999856 0.279754
0.989789 0.362343
0.853924 0.226444
0.958840 0.316363
0.999504 0.020185
0.999935 0.030534
0.999658 0.060335
0.999643 0.081193
0.981704 0.122857
0.999344 0.125169
0.999726 0.203718
0.934982 0.157128
0.999711 0.214467
0.999563 0.157880
0.999307 0.169137
0.925103 0.236593
0.999758 0.373791
0.913044 0.275470
0.925368 0.283656
