0.000060 0.027688
0.000213 0.058190
0.001065 0.088923
0.000223 0.120421
0.000716 0.131104
0.000963 0.282854
0.000532 0.175192
0.000582 0.187022
0.000175 0.291580
0.023261 0.354040
0.091228 0.257686
0.043990 0.242643
0.034683 0.261285
0.076574 0.255157
0.001169 0.017439
0.000143 0.037852
0.000499 0.068439
0.016337 0.048036
0.019153 0.155645
0.000215 0.198109
0.000853 0.163857
0.000374 0.263124
0.000271 0.230754
0.000426 0.241690
0.000429 0.324053
0.001073 0.339030
0.042841 0.276474
0.043020 0.285834
0.102429 0.220151
0.000820 0.004535
0.000681 0.047729
0.000534 0.078627
0.000411 0.099377
0.000214 0.110038
0.000739 0.209179
0.000196 0.152641
0.000686 0.273177
0.000365 0.220159
0.001967 0.303370
0.001547 0.311863
0.015707 0.328590
0.026674 0.372131
0.052463 0.288644
0.000246 0.000357
0.021835 0.018094
0.027878 0.036948
0.021554 0.075633
0.018931 0.125865
0.062668 0.148080
0.035803 0.137409
0.000516 0.252553
0.034603 0.201479
0.027381 0.185502
0.033395 0.217275
0.001037 0.373881
0.000657 0.350097
0.003310 0.379933
0.102635 0.237223
0.008380 0.000428
0.041913 0.028277
0.013262 0.030143
0.018609 0.062340
0.000063 0.141850
0.032836 0.164398
0.046473 0.145814
0.047574 0.162958
0.017949 0.203560
0.052857 0.193302
0.022953 0.232084
0.075089 0.209954
0.047494 0.228871
0.068970 0.265734
0.028479 0.001126
0.019026 0.000766
0.058666 0.051479
0.041862 0.041370
0.023337 0.140400
0.020360 0.088545
0.042920 0.121019
0.056127 0.127691
0.044114 0.179497
0.065241 0.179075
0.083403 0.169761
0.050608 0.211269
0.085071 0.230626
0.050690 0.257754
0.142667 0.228280
0.037600 0.000402
0.053528 0.017036
0.036154 0.053236
0.045556 0.076239
0.026659 0.114374
0.039965 0.105701
0.070747 0.137169
0.104246 0.148813
0.017444 0.174039
0.065613 0.164179
0.023734 0.246747
0.064227 0.223609
0.071836 0.194320
0.020525 0.377176
0.046661 0.000882
0.035686 0.016706
0.063967 0.027361
0.057068 0.038226
0.034376 0.066571
0.060374 0.082016
0.018487 0.101776
0.068534 0.116332
0.093872 0.138549
0.081583 0.152687
0.086550 0.185232
0.118383 0.177689
0.100955 0.197079
0.156775 0.197545
0.122651 0.234395
0.055845 0.000071
0.074204 0.016841
0.076323 0.034612
0.053176 0.063280
0.068584 0.067894
0.036454 0.088586
0.051416 0.094518
0.058542 0.106873
0.141346 0.156995
0.098664 0.162994
0.117476 0.160245
0.128439 0.190738
0.070739 0.239170
0.145758 0.185082
0.064789 0.000798
0.073621 0.000304
0.087622 0.023318
0.086033 0.044331
0.073357 0.052410
0.085087 0.064585
0.093900 0.090181
0.073070 0.089913
0.081730 0.127940
0.127470 0.147708
0.166285 0.165342
0.105129 0.182289
0.142388 0.209315
0.120941 0.204124
0.124652 0.252046
0.082458 0.000679
0.100959 0.016915
0.109686 0.029021
0.109396 0.048044
0.096953 0.055047
0.081418 0.079977
0.078463 0.102159
0.088380 0.114600
0.104058 0.123133
0.141517 0.137529
0.132720 0.169762
0.154726 0.151886
0.169189 0.187372
0.149757 0.253565
0.091145 0.000435
0.108836 0.000304
0.120735 0.018319
0.097913 0.035523
0.116398 0.061407
0.099480 0.069513
0.106260 0.081239
0.099683 0.106761
0.118893 0.113381
0.113533 0.135438
0.161283 0.136934
0.154774 0.174930
0.227922 0.195571
0.122216 0.219225
0.133863 0.253936
0.099928 0.000094
0.131060 0.028667
0.121189 0.039431
0.129490 0.053295
0.135519 0.067996
0.120190 0.074939
0.110445 0.096491
0.125371 0.100060
0.136916 0.112229
0.126608 0.128353
0.173058 0.150762
0.199560 0.182340
0.194268 0.198249
0.091477 0.209059
0.117560 0.000508
0.143871 0.000528
0.140751 0.017970
0.139728 0.040275
0.145763 0.054268
0.153713 0.069568
0.129409 0.086263
0.151950 0.106879
0.146334 0.124611
0.162878 0.120503
0.178436 0.133907
0.186060 0.165175
0.218156 0.177488
0.218315 0.212722
0.154679 0.220263
0.126380 0.000076
0.150992 0.029692
0.158557 0.041201
0.161249 0.056202
0.174510 0.064006
0.145603 0.080778
0.145087 0.094488
0.168401 0.103882
0.194384 0.130437
0.189479 0.148677
0.203135 0.163148
0.183079 0.179785
0.265405 0.215099
0.234572 0.217968
0.135132 0.000769
0.178505 0.000593
0.160083 0.019068
0.176253 0.046806
0.168190 0.076995
0.163655 0.089723
0.182756 0.096592
0.178415 0.117601
0.205334 0.145319
0.206393 0.120858
0.218607 0.161531
0.238507 0.182940
0.252340 0.234039
0.182042 0.205318
0.170182 0.213419
0.152559 0.000066
0.171479 0.032751
0.188457 0.055485
0.192207 0.071028
0.184061 0.082348
0.202092 0.100642
0.191218 0.110850
0.223955 0.122989
0.216008 0.136395
0.239280 0.167059
0.263202 0.191480
0.211277 0.195835
0.187165 0.249485
0.161207 0.249285
0.161158 0.000513
0.176322 0.018991
0.187268 0.033989
0.198525 0.042064
0.209921 0.074785
0.201699 0.086719
0.217041 0.107644
0.245323 0.127323
0.234835 0.138057
0.228978 0.152177
0.254634 0.174641
0.247131 0.196856
0.250263 0.213880
0.206025 0.220320
0.199327 0.251776
0.169774 0.000099
0.210641 0.033522
0.203816 0.059570
0.234008 0.056339
0.221411 0.064338
0.221357 0.094636
0.255879 0.141179
0.270614 0.132905
0.248266 0.153008
0.280198 0.196923
0.280960 0.214647
0.302022 0.239422
0.284552 0.231741
0.218270 0.245062
0.187009 0.000096
0.192471 0.020639
0.232302 0.030611
0.214433 0.049220
0.238744 0.071103
0.224525 0.081099
0.235818 0.113320
0.274026 0.117767
0.265170 0.163325
0.311960 0.210977
0.298384 0.180870
0.269463 0.239193
0.343001 0.283291
0.259801 0.256431
0.230953 0.252220
0.195548 0.000653
0.206470 0.020314
0.250346 0.032177
0.250477 0.059181
0.241435 0.086136
0.239190 0.099874
0.257376 0.119721
0.287635 0.146457
0.275833 0.180299
0.294172 0.195964
0.298589 0.219220
0.334601 0.262681
0.187912 0.223035
0.166063 0.236850
0.204063 0.000311
0.255098 0.000662
0.221903 0.020279
0.227133 0.041815
0.256422 0.074264
0.258293 0.088902
0.254399 0.104335
0.271829 0.103234
0.304360 0.145102
0.272625 0.149051
0.341394 0.242766
0.318638 0.230081
0.322211 0.245810
0.298384 0.271095
0.229273 0.233512
0.212595 0.000691
0.240414 0.018820
0.267263 0.033342
0.266681 0.061492
0.276146 0.074231
0.273671 0.087912
0.291860 0.115465
0.287778 0.129981
0.314447 0.162301
0.297213 0.162644
0.359222 0.240044
0.366304 0.268089
0.365709 0.293265
0.196964 0.238352
0.221031 0.000168
0.288842 0.000537
0.257923 0.020170
0.246151 0.044942
0.281791 0.059459
0.290162 0.084857
0.288189 0.100493
0.308182 0.113207
0.305076 0.129269
0.356932 0.159071
0.329508 0.184980
0.281468 0.165233
0.381602 0.284083
0.382685 0.265294
0.307473 0.258904
0.229502 0.000971
0.274864 0.020101
0.282057 0.044630
0.264375 0.046943
0.305961 0.081563
0.304608 0.097876
0.319383 0.095430
0.321946 0.130665
0.321140 0.146728
0.368682 0.195378
0.328923 0.216596
0.353760 0.208806
0.245023 0.253024
0.353393 0.289987
0.238039 0.000904
0.313524 0.001000
0.285134 0.031716
0.297979 0.053308
0.295311 0.068790
0.321410 0.079129
0.348625 0.088686
0.323458 0.113723
0.339179 0.149929
0.352742 0.122625
0.331725 0.163044
0.314791 0.178184
0.314429 0.195092
0.287809 0.260758
0.377603 0.305572
0.246666 0.000898
0.292494 0.019683
0.314913 0.049071
0.310586 0.064405
0.326944 0.063298
0.337356 0.077934
0.352156 0.104871
0.337659 0.131373
0.368172 0.126035
0.352701 0.140313
0.338158 0.201749
0.393383 0.248182
0.273883 0.258315
0.350619 0.258953
0.263459 0.000400
0.338239 0.000499
0.301185 0.038908
0.331909 0.048399
0.343102 0.062508
0.355033 0.071624
0.363918 0.089194
0.333734 0.096034
0.338813 0.113258
0.368391 0.144374
0.373779 0.162613
0.365021 0.219778
0.398288 0.190895
0.467946 0.364205
0.382050 0.203364
0.271948 0.000351
0.305332 0.025245
0.319915 0.035749
0.375786 0.050835
0.362856 0.056004
0.370395 0.073593
0.397769 0.122891
0.368128 0.106859
0.381827 0.116459
0.383876 0.134416
0.345234 0.171793
0.416220 0.329416
0.574835 0.382376
0.322810 0.281284
0.280366 0.000544
0.362894 0.000644
0.349845 0.048468
0.337992 0.035282
0.369263 0.037372
0.390341 0.078538
0.379054 0.089794
0.419016 0.095465
0.421513 0.113619
0.401448 0.140689
0.386805 0.150400
0.392230 0.167658
0.382946 0.183157
0.365368 0.177540
0.427034 0.343937
0.297153 0.000525
0.318300 0.020387
0.347606 0.020569
0.384755 0.035241
0.383316 0.064524
0.401206 0.092306
0.387729 0.101424
0.414082 0.128106
0.429379 0.133658
0.405868 0.158854
0.408431 0.178601
0.442905 0.209108
0.314557 0.278829
0.416275 0.312533
0.305392 0.000774
0.332562 0.021616
0.377325 0.021197
0.392421 0.049116
0.409702 0.079000
0.451220 0.077807
0.434858 0.104554
0.405656 0.108986
0.442954 0.090461
0.420899 0.170396
0.465179 0.182818
0.440164 0.172756
0.429556 0.218583
0.407962 0.204968
0.349021 0.187503
0.321790 0.000323
0.354399 0.034596
0.392846 0.021224
0.401693 0.037338
0.417569 0.038298
0.420460 0.067510
0.460125 0.094628
0.466565 0.115458
0.444719 0.145673
0.419914 0.147958
0.433619 0.157685
0.425590 0.238647
0.404548 0.322045
0.345478 0.225544
0.330014 0.000818
0.403812 0.000594
0.363202 0.020574
0.406807 0.022377
0.401032 0.066200
0.438579 0.068104
0.428166 0.081751
0.450417 0.109237
0.440031 0.122166
0.454260 0.163643
0.471800 0.133048
0.392568 0.217456
0.411519 0.221106
0.399708 0.299707
0.437435 0.345890
0.346413 0.000059
0.433703 0.038565
0.408857 0.053117
0.443014 0.053841
0.477288 0.068639
0.486865 0.091423
0.461604 0.149056
0.455031 0.130581
0.484390 0.300093
0.421120 0.193773
0.434453 0.189381
0.460097 0.218486
0.433523 0.302723
0.389259 0.313133
0.354669 0.000738
0.411986 0.000975
0.477058 0.000113
0.446886 0.022664
0.420070 0.023467
0.492725 0.065794
0.470974 0.082924
0.496024 0.080596
0.479112 0.150854
0.476334 0.102019
0.439280 0.287065
0.464960 0.200702
0.380770 0.228445
0.417924 0.255641
0.479238 0.240098
0.371092 0.000070
0.460853 0.001229
0.433179 0.023090
0.426366 0.053918
0.518748 0.109412
0.534066 0.119596
0.496148 0.107911
0.490763 0.134843
0.473220 0.166380
0.406613 0.237709
0.377705 0.246237
0.537403 0.399239
0.489599 0.381216
0.433766 0.258447
0.379291 0.001012
0.452695 0.000094
0.485200 0.000510
0.485646 0.036584
0.520414 0.035321
0.559377 0.150347
0.523506 0.146950
0.519096 0.128961
0.586861 0.203291
0.446815 0.312732
0.498258 0.381263
0.973145 0.149174
0.526449 0.247711
0.442016 0.332525
0.407974 0.267922
0.420066 0.000585
0.468978 0.000732
0.603087 0.042645
0.460862 0.066317
0.458290 0.051574
0.533088 0.166482
0.506701 0.141670
0.483932 0.119674
0.514940 0.205522
0.450960 0.192334
0.474795 0.365704
0.422218 0.283245
0.458169 0.316380
0.404210 0.283063
0.395626 0.000550
0.436288 0.000620
0.509595 0.000452
0.461314 0.022796
0.611925 0.161564
0.508082 0.059284
0.582902 0.271981
0.495435 0.154257
0.447709 0.276559
0.486327 0.177163
0.975331 0.246955
0.578523 0.298105
0.589942 0.286270
0.461026 0.346253
0.524605 0.392847
0.534182 0.000288
0.501512 0.000554
0.428161 0.000140
0.101817 0.253638
0.475861 0.052393
0.506917 0.096551
0.441134 0.229663
0.572609 0.255995
0.502745 0.223370
0.539055 0.393244
0.898835 0.215663
0.504685 0.283064
0.622986 0.364712
0.474847 0.316154
0.599275 0.000647
0.550399 0.000152
0.387439 0.000370
0.493433 0.000696
0.531760 0.023159
0.467260 0.037424
0.511411 0.078551
0.552588 0.133376
0.502737 0.192486
0.621259 0.366539
0.449202 0.254543
0.472194 0.336741
0.488852 0.332343
0.464008 0.289579
0.508592 0.350926
0.591054 0.000396
0.517787 0.000345
0.444488 0.001119
0.490110 0.021259
0.450076 0.037433
0.930168 0.250617
0.591590 0.372226
0.508822 0.389221
0.561387 0.330692
0.510530 0.302361
0.605818 0.361274
0.492287 0.354036
0.496117 0.306780
0.531608 0.226516
0.615492 0.000137
0.566643 0.000311
0.502461 0.027429
0.526053 0.000155
0.492137 0.050554
0.505581 0.042191
0.523968 0.049579
0.504691 0.122441
0.536857 0.137200
0.499502 0.173787
0.493613 0.208062
0.463927 0.251250
0.491167 0.236195
0.478495 0.261091
0.529345 0.303257
0.631910 0.000407
0.542295 0.000570
0.547891 0.022466
0.515986 0.021201
0.475492 0.023726
0.522403 0.066887
0.547307 0.110649
0.560347 0.119301
0.570937 0.132876
0.514186 0.161471
0.469531 0.276645
0.528869 0.208261
0.496849 0.257142
0.511465 0.334279
0.640035 0.000072
0.558521 0.000322
0.580256 0.023591
0.570966 0.037384
0.555891 0.035732
0.534563 0.100895
0.560836 0.096402
0.584803 0.118394
0.563387 0.167870
0.515128 0.179785
0.552581 0.208850
0.522421 0.329031
0.478578 0.215463
0.508806 0.248444
0.580753 0.387138
0.656389 0.000830
0.608549 0.026344
0.595569 0.021680
0.564551 0.021982
0.538887 0.036958
0.536241 0.058301
0.522311 0.089954
0.546421 0.088858
0.575447 0.149649
0.548645 0.176128
0.567913 0.241962
0.529072 0.184636
0.516453 0.232313
0.458854 0.234192
0.664568 0.000158
0.574761 0.000296
0.622745 0.021291
0.549449 0.050259
0.578884 0.050762
0.563222 0.056571
0.534440 0.077831
0.560985 0.076701
0.572079 0.108039
0.578144 0.170295
0.556953 0.189745
0.540606 0.195965
0.570932 0.309883
0.539204 0.362726
0.551986 0.315935
0.680983 0.000620
0.582903 0.000458
0.607388 0.000287
0.589368 0.036387
0.548452 0.069189
0.588430 0.076436
0.574066 0.085765
0.592378 0.151688
0.607794 0.145251
0.576951 0.187282
0.543026 0.155305
0.521997 0.287555
0.535532 0.264791
0.489564 0.278268
0.689212 0.000271
0.623630 0.000931
0.637130 0.023444
0.627789 0.061593
0.593058 0.056849
0.575318 0.066977
0.586255 0.096688
0.589396 0.134439
0.620730 0.122486
0.638060 0.125318
0.545683 0.230357
0.629028 0.156101
0.563150 0.224990
0.579601 0.219024
0.606638 0.288334
0.705751 0.000588
0.631900 0.044054
0.634582 0.076141
0.620623 0.036448
0.613640 0.053952
0.603040 0.067407
0.600628 0.087458
0.603911 0.127354
0.611118 0.178763
0.623952 0.139675
0.617447 0.193262
0.563677 0.364214
0.481447 0.194225
0.544292 0.364058
0.714075 0.000605
0.648185 0.000781
0.652770 0.021947
0.643859 0.054289
0.616842 0.074591
0.616146 0.091526
0.598243 0.107684
0.630423 0.107554
0.648107 0.113452
0.628858 0.172878
0.594573 0.168146
0.547919 0.267604
0.547561 0.247238
0.568244 0.203656
0.533793 0.322235
0.722478 0.000949
0.668645 0.022280
0.645909 0.036006
0.659508 0.050226
0.649690 0.068211
0.612852 0.108416
0.650050 0.097253
0.660327 0.124730
0.641891 0.142283
0.595957 0.186255
0.665997 0.242674
0.560415 0.293943
0.520949 0.358122
0.518346 0.266592
0.739104 0.000764
0.672781 0.000610
0.683243 0.022483
0.663276 0.036158
0.676638 0.052468
0.667648 0.065408
0.633467 0.091063
0.666538 0.109379
0.646314 0.158992
0.638694 0.184210
0.642877 0.217271
0.644845 0.198078
0.563563 0.276547
0.554243 0.340624
0.664442 0.262275
0.747446 0.000644
0.698398 0.022476
0.680713 0.037458
0.692823 0.052747
0.688588 0.067699
0.654462 0.081933
0.667905 0.093293
0.666997 0.153976
0.654181 0.171764
0.625677 0.207237
0.605078 0.204821
0.544694 0.293781
0.644719 0.240357
0.617666 0.281332
0.755806 0.000640
0.697431 0.000604
0.713528 0.020885
0.697350 0.037024
0.706985 0.064681
0.674296 0.078654
0.683815 0.098378
0.680647 0.119582
0.657485 0.141455
0.675529 0.167135
0.599181 0.225403
0.626161 0.237415
0.584815 0.235745
0.705454 0.261393
0.652177 0.267817
0.764155 0.000619
0.729437 0.022132
0.715899 0.034222
0.709194 0.049521
0.691209 0.083211
0.702931 0.096247
0.694162 0.110786
0.686085 0.146522
0.661796 0.184225
0.677242 0.204247
0.607631 0.260866
0.619613 0.220546
0.756130 0.253109
0.641765 0.255936
0.772535 0.000717
0.730785 0.000321
0.746346 0.020439
0.726640 0.060076
0.707956 0.080338
0.716005 0.104926
0.707975 0.120298
0.674802 0.135896
0.678931 0.181892
0.590687 0.254431
0.691280 0.191394
0.673821 0.221001
0.691289 0.216534
0.679253 0.261382
0.682712 0.236704
0.789564 0.000601
0.755520 0.032363
0.738540 0.034194
0.722417 0.074872
0.724854 0.091346
0.726148 0.116013
0.694924 0.131141
0.705028 0.144924
0.659194 0.204673
0.715039 0.215022
0.731323 0.206458
0.609733 0.239011
0.706573 0.229475
0.621926 0.260070
0.798097 0.000191
0.764932 0.020160
0.725737 0.044708
0.746165 0.061422
0.748244 0.086923
0.737989 0.100587
0.748440 0.111136
0.717778 0.134050
0.693525 0.160087
0.717062 0.155733
0.655609 0.226907
0.705412 0.201048
0.719852 0.241297
0.773218 0.244965
0.694348 0.265723
0.806644 0.000960
0.780002 0.043691
0.760182 0.045433
0.737056 0.076456
0.768363 0.083073
0.759706 0.097874
0.770521 0.110209
0.730874 0.141745
0.751552 0.160945
0.750059 0.193174
0.732752 0.225490
0.696627 0.248741
0.729129 0.260139
0.632256 0.274598
0.823688 0.000465
0.781029 0.000117
0.773926 0.031733
0.742649 0.048430
0.766865 0.058069
0.756270 0.071758
0.777807 0.095272
0.738320 0.125691
0.736280 0.157206
0.699418 0.175109
0.716563 0.170401
0.767202 0.187441
0.774557 0.213273
0.765979 0.259190
0.783978 0.255474
0.832320 0.000776
0.784403 0.019731
0.792945 0.030747
0.785228 0.056636
0.791368 0.074654
0.776571 0.070219
0.759131 0.123671
0.774334 0.128466
0.748776 0.137588
0.773100 0.158594
0.732661 0.189968
0.758092 0.175718
0.734180 0.255418
0.746335 0.231829
0.840889 0.000621
0.815153 0.000741
0.804211 0.019338
0.799101 0.042825
0.800033 0.062062
0.812477 0.085235
0.794137 0.087798
0.793804 0.102633
0.785932 0.115902
0.714817 0.187561
0.736636 0.173991
0.752525 0.210841
0.794880 0.208860
0.889634 0.247117
0.801532 0.254360
0.858187 0.000171
0.824097 0.019250
0.812102 0.030778
0.811440 0.051733
0.812786 0.071726
0.833161 0.070247
0.812532 0.099758
0.807774 0.114164
0.761051 0.146940
0.779896 0.142759
0.783494 0.167231
0.790816 0.180806
0.763275 0.225029
0.790096 0.225440
0.866632 0.000364
0.849591 0.000211
0.845804 0.018576
0.834893 0.028817
0.821963 0.039399
0.835881 0.047122
0.830432 0.083707
0.828804 0.098144
0.822643 0.120233
0.795851 0.127987
0.795565 0.146527
0.809240 0.172594
0.803335 0.190333
0.778001 0.195913
0.799082 0.238922
0.884051 0.000312
0.871765 0.019852
0.859247 0.025528
0.847498 0.036055
0.824614 0.058898
0.854934 0.075462
0.846176 0.087681
0.835672 0.111356
0.837046 0.128412
0.810198 0.133888
0.802376 0.159333
0.822658 0.183854
0.833075 0.194102
0.818776 0.250082
0.892806 0.000867
0.875285 0.001010
0.886813 0.020467
0.866961 0.038518
0.853905 0.049204
0.845101 0.061823
0.863044 0.063707
0.864061 0.090836
0.850142 0.101437
0.855326 0.115364
0.820012 0.143045
0.823814 0.157731
0.886408 0.196611
0.864132 0.241473
0.832999 0.253778
0.901448 0.000345
0.916244 0.019798
0.881221 0.034650
0.889044 0.047670
0.872554 0.052311
0.881754 0.065675
0.873674 0.078030
0.869951 0.105982
0.874712 0.120417
0.837896 0.145843
0.853445 0.130633
0.834143 0.168880
0.851911 0.197573
0.814209 0.205279
0.910226 0.000718
0.918996 0.000491
0.925290 0.031187
0.902127 0.019821
0.897652 0.034221
0.895306 0.061539
0.906986 0.074541
0.881934 0.091943
0.889346 0.105870
0.869060 0.134086
0.883867 0.141934
0.853281 0.147241
0.847952 0.180680
0.898120 0.262892
0.846368 0.235585
0.927853 0.000296
0.933719 0.016911
0.912499 0.037348
0.907075 0.050782
0.926858 0.075035
0.891848 0.079624
0.900116 0.094877
0.891921 0.119890
0.897645 0.131196
0.870242 0.153786
0.873113 0.167388
0.882640 0.182008
0.866563 0.183291
0.834748 0.210874
0.936854 0.000732
0.952290 0.018069
0.943958 0.029841
0.925616 0.052597
0.915728 0.062755
0.914089 0.086723
0.907778 0.111044
0.919444 0.120977
0.917636 0.135555
0.891294 0.157508
0.906843 0.185513
0.898439 0.170662
0.851488 0.163146
0.868192 0.204944
0.827857 0.231616
0.945866 0.000280
0.954262 0.040156
0.934571 0.041492
0.938551 0.064800
0.942901 0.078286
0.919277 0.100248
0.934863 0.137571
0.916609 0.153202
0.915299 0.169349
0.930851 0.182319
0.951060 0.192792
0.922582 0.194263
0.903312 0.201723
0.846806 0.256486
0.954968 0.000767
0.969093 0.016426
0.964597 0.030523
0.945717 0.053822
0.966006 0.090979
0.932967 0.092290
0.932138 0.110439
0.902762 0.144958
0.952130 0.162610
0.935319 0.167425
0.955968 0.180301
0.921721 0.210482
0.966747 0.227504
0.882687 0.229851
0.939542 0.218597
0.964015 0.000349
0.985391 0.021319
0.962644 0.052133
0.957674 0.077991
0.965137 0.123447
0.957952 0.147949
0.952370 0.133653
0.963625 0.210913
0.999723 0.319677
0.943517 0.203568
0.971331 0.198400
0.940179 0.276109
0.875296 0.216271
0.946839 0.287999
0.973230 0.000368
0.994502 0.000229
0.978463 0.034422
0.982597 0.086828
0.948797 0.094518
0.949099 0.111034
0.968214 0.171771
0.981004 0.162397
0.980920 0.223323
0.954006 0.246657
0.999100 0.351344
0.978888 0.372775
0.877282 0.260127
0.903813 0.232568
0.864085 0.261151
0.982781 0.000516
0.977845 0.046726
0.962898 0.065272
0.979656 0.104213
0.963967 0.105993
0.940143 0.123327
0.998457 0.268109
0.999392 0.299454
0.999751 0.247998
0.954818 0.269779
0.990708 0.306468
0.963449 0.258917
0.956459 0.304172
0.815865 0.222377
0.998953 0.008250
0.999356 0.040353
0.983026 0.059900
0.976436 0.073230
0.999544 0.102492
0.999420 0.180685
0.999846 0.136464
0.999728 0.147079
0.999650 0.329051
0.999119 0.258520
0.999518 0.339609
0.950649 0.231129
0.971843 0.367650
0.999366 0.225230
0.918456 0.243922
0.999125 0.000131
0.999311 0.050088
0.998913 0.070914
0.999702 0.091715
0.999715 0.113668
0.977477 0.135480
0.981085 0.186623
0.988817 0.286808
0.999987 0.236821
0.999474 0.192238
0.999692 0.279933
0.986984 0.360982
0.852491 0.218856
0.953444 0.305898
0.999453 0.020260
0.999410 0.030696
0.999783 0.060422
0.999716 0.081197
0.981448 0.120666
0.999859 0.125182
0.999912 0.203459
0.935363 0.152551
0.999528 0.214083
0.999248 0.157763
0.999213 0.169152
0.924773 0.229125
0.999789 0.370276
0.911344 0.266311
0.922891 0.271564
