0.000147 0.027274
0.000480 0.058570
0.000755 0.088918
0.000290 0.120479
0.000514 0.131275
0.001244 0.281393
0.000084 0.175455
0.000862 0.186777
0.000733 0.291820
0.028725 0.350816
0.094713 0.247560
0.043887 0.233480
0.032277 0.250356
0.081579 0.243039
0.001177 0.016785
0.000598 0.038036
0.000997 0.068713
0.016641 0.044412
0.020069 0.153646
0.000199 0.197704
0.000859 0.163861
0.000442 0.262363
0.000433 0.230460
0.000792 0.241327
0.000582 0.326341
0.001807 0.342073
0.042734 0.264739
0.042854 0.273901
0.106562 0.211986
0.000717 0.003786
0.000173 0.048151
0.000955 0.078714
0.001195 0.099467
0.000263 0.110141
0.000190 0.209092
0.000364 0.152593
0.000050 0.271818
0.000488 0.219801
0.003871 0.301648
0.001538 0.313494
0.013709 0.319813
0.033023 0.362734
0.056660 0.273038
0.000800 0.000814
0.020197 0.018214
0.028991 0.034231
0.020835 0.073666
0.016510 0.123193
0.062006 0.142707
0.035169 0.131692
0.000520 0.252163
0.033763 0.197744
0.028090 0.182740
0.031582 0.212931
0.001162 0.371967
0.002706 0.351377
0.006777 0.370813
0.105492 0.228521
0.008120 0.000454
0.041359 0.027245
0.011597 0.030721
0.016525 0.059094
0.000990 0.141865
0.034447 0.160038
0.045450 0.140567
0.048766 0.157629
0.018908 0.198694
0.055602 0.186055
0.023237 0.225116
0.076458 0.201776
0.049229 0.221123
0.071974 0.253244
0.028338 0.000662
0.018795 0.000281
0.057096 0.049820
0.041756 0.042227
0.022411 0.139763
0.018699 0.087203
0.041492 0.116704
0.054625 0.123261
0.043267 0.176213
0.066633 0.172472
0.085079 0.162603
0.051767 0.203673
0.087183 0.220338
0.055435 0.247791
0.148677 0.223759
0.037586 0.000500
0.052708 0.016432
0.033629 0.052997
0.043579 0.074632
0.028581 0.112608
0.039471 0.099949
0.070106 0.132275
0.103115 0.144042
0.019134 0.170228
0.063819 0.158964
0.024024 0.243619
0.066249 0.214393
0.071009 0.186509
0.023276 0.368540
0.046626 0.001203
0.033844 0.015345
0.063733 0.026438
0.055566 0.036600
0.033569 0.066140
0.060653 0.078421
0.016285 0.101706
0.068356 0.112347
0.093133 0.133251
0.081626 0.147009
0.088494 0.178776
0.121315 0.173444
0.105153 0.191183
0.158447 0.194092
0.128590 0.227209
0.055767 0.000506
0.073492 0.015159
0.075134 0.033843
0.051471 0.061963
0.067832 0.065189
0.034768 0.087169
0.051695 0.090405
0.056719 0.104387
0.143360 0.152265
0.100148 0.157861
0.118749 0.154167
0.131277 0.183058
0.071764 0.231660
0.149235 0.181102
0.064635 0.000521
0.073614 0.000238
0.086906 0.022958
0.085754 0.042342
0.072111 0.049693
0.083575 0.062222
0.092727 0.087979
0.071960 0.086894
0.082061 0.123892
0.127172 0.142915
0.169401 0.162489
0.105476 0.173949
0.142272 0.202510
0.121153 0.196133
0.127372 0.244301
0.082550 0.000066
0.100660 0.016190
0.109748 0.028802
0.109742 0.046102
0.096135 0.053009
0.082553 0.076470
0.077144 0.098487
0.086725 0.110003
0.103724 0.119481
0.142284 0.134941
0.135152 0.164414
0.157568 0.147998
0.173186 0.183872
0.154434 0.243330
0.091154 0.000348
0.108946 0.000017
0.119404 0.017740
0.097457 0.034157
0.115244 0.059311
0.098051 0.067709
0.106515 0.079199
0.098573 0.102690
0.117631 0.110599
0.114456 0.130959
0.163252 0.133494
0.157639 0.169776
0.231620 0.193865
0.126000 0.211458
0.139379 0.244796
0.099974 0.000580
0.130862 0.027356
0.122298 0.038585
0.129864 0.053099
0.134901 0.066480
0.118810 0.073296
0.111037 0.094264
0.125877 0.097435
0.136504 0.109117
0.128664 0.123550
0.175676 0.147489
0.203842 0.178292
0.199443 0.194921
0.091103 0.200676
0.117676 0.000886
0.143843 0.000114
0.140544 0.017345
0.140032 0.039742
0.145972 0.053688
0.154406 0.068571
0.129926 0.083112
0.154007 0.104057
0.147869 0.121477
0.164558 0.117826
0.180599 0.130503
0.188281 0.161257
0.223263 0.175643
0.223443 0.210192
0.159156 0.212688
0.126405 0.000370
0.150283 0.029257
0.158648 0.041075
0.162406 0.056163
0.176770 0.063183
0.146180 0.078913
0.144392 0.092875
0.170329 0.101854
0.197884 0.128554
0.192745 0.145395
0.207202 0.160712
0.187006 0.176412
0.270423 0.214844
0.239752 0.216362
0.135063 0.000845
0.178499 0.000241
0.159984 0.018584
0.176517 0.046098
0.169260 0.075943
0.163574 0.088309
0.184638 0.094931
0.181290 0.115895
0.208949 0.144221
0.209064 0.118604
0.222754 0.160191
0.243549 0.181705
0.257082 0.233876
0.186341 0.199302
0.174856 0.208703
0.152514 0.000481
0.170699 0.032287
0.189569 0.053880
0.193777 0.070256
0.184858 0.081200
0.204465 0.098998
0.194014 0.109156
0.226652 0.121117
0.219269 0.134734
0.241693 0.164668
0.268110 0.192247
0.215504 0.193186
0.189877 0.242893
0.169107 0.243186
0.161147 0.000689
0.176800 0.019280
0.186903 0.034260
0.200064 0.040768
0.212060 0.074558
0.203018 0.085524
0.219489 0.105906
0.248254 0.125846
0.236978 0.135788
0.232858 0.150199
0.257542 0.174846
0.251323 0.196080
0.254911 0.212823
0.210959 0.217886
0.206136 0.246968
0.169809 0.000386
0.212067 0.033316
0.204191 0.059281
0.236135 0.055120
0.222929 0.063130
0.223318 0.092851
0.258489 0.139808
0.272813 0.132084
0.251433 0.151620
0.282659 0.197471
0.286000 0.216903
0.305430 0.242793
0.289500 0.233683
0.222363 0.244759
0.187019 0.000391
0.192459 0.020715
0.234239 0.029936
0.215588 0.049245
0.240482 0.070121
0.226654 0.079398
0.238646 0.112431
0.276858 0.116225
0.267265 0.163055
0.315490 0.212583
0.301367 0.180107
0.273163 0.240117
0.344455 0.288891
0.264465 0.258214
0.237120 0.251666
0.195579 0.000402
0.206944 0.020616
0.252209 0.031720
0.252808 0.058789
0.243695 0.084773
0.240496 0.098459
0.260486 0.117999
0.290974 0.146627
0.278971 0.178795
0.298098 0.195184
0.302818 0.219137
0.338631 0.265769
0.191061 0.219021
0.175032 0.231825
0.204083 0.000296
0.255079 0.000573
0.222538 0.020201
0.227778 0.040923
0.258129 0.073486
0.260087 0.088269
0.256119 0.103584
0.273118 0.101835
0.307173 0.145171
0.274512 0.148355
0.344171 0.244584
0.320572 0.230921
0.327908 0.248408
0.302918 0.275465
0.234281 0.232626
0.212617 0.000172
0.242293 0.019601
0.269444 0.033091
0.268338 0.060802
0.278868 0.073044
0.275428 0.086706
0.294135 0.114692
0.290243 0.130337
0.318522 0.161117
0.299595 0.162247
0.363055 0.241090
0.368493 0.268918
0.366687 0.295983
0.203166 0.232948
0.221087 0.000472
0.288697 0.000789
0.260629 0.019307
0.247251 0.044268
0.284175 0.058937
0.292552 0.083759
0.289817 0.099566
0.310975 0.111959
0.307173 0.128338
0.359493 0.159005
0.333196 0.184344
0.284335 0.164319
0.384239 0.287118
0.385035 0.267989
0.311506 0.261579
0.229539 0.001123
0.277471 0.020680
0.283846 0.044629
0.265673 0.045793
0.308558 0.080620
0.306301 0.096765
0.321704 0.094773
0.323717 0.129608
0.324223 0.146200
0.371479 0.195914
0.332749 0.217289
0.357111 0.208433
0.249819 0.253381
0.355561 0.292492
0.238012 0.000288
0.313416 0.000021
0.288016 0.031987
0.300726 0.053402
0.297455 0.067941
0.324478 0.078273
0.351556 0.087871
0.326106 0.112896
0.342220 0.149327
0.355296 0.121391
0.335617 0.163985
0.316492 0.179601
0.317934 0.195940
0.291709 0.262127
0.378836 0.308997
0.246576 0.000241
0.294696 0.019429
0.317203 0.048770
0.314100 0.064313
0.330151 0.062702
0.340082 0.077597
0.354735 0.103243
0.339933 0.131231
0.369571 0.125153
0.355632 0.139959
0.340852 0.201332
0.396499 0.250186
0.278854 0.260354
0.354850 0.262160
0.263486 0.000757
0.338214 0.000287
0.303423 0.038686
0.334032 0.047852
0.345775 0.061839
0.358332 0.071607
0.366681 0.088637
0.336589 0.095567
0.341252 0.112362
0.370531 0.144689
0.377027 0.163201
0.369231 0.220982
0.399992 0.191810
0.468999 0.365132
0.384553 0.205162
0.271911 0.000418
0.307339 0.025337
0.322366 0.035168
0.378195 0.050718
0.364669 0.056568
0.373314 0.073085
0.399599 0.122437
0.370783 0.106648
0.384078 0.116188
0.385925 0.134056
0.348772 0.172915
0.418003 0.332172
0.589891 0.378144
0.327608 0.284367
0.280286 0.000871
0.362906 0.000097
0.352055 0.048535
0.340140 0.034911
0.370249 0.038118
0.392786 0.078640
0.381455 0.089813
0.420220 0.094586
0.423252 0.113590
0.403801 0.140391
0.388942 0.149696
0.393393 0.166721
0.386265 0.184239
0.368440 0.177039
0.428766 0.344928
0.297023 0.000299
0.319886 0.019617
0.349023 0.020037
0.386407 0.034941
0.385165 0.064721
0.402771 0.092166
0.390029 0.101569
0.415734 0.128699
0.431023 0.133012
0.408396 0.158211
0.410060 0.178718
0.442399 0.208809
0.317129 0.280836
0.418394 0.313784
0.305285 0.000065
0.334190 0.021764
0.377938 0.021499
0.394009 0.049522
0.411174 0.080084
0.451725 0.078752
0.435700 0.103662
0.407642 0.108522
0.443394 0.090720
0.423853 0.171611
0.464978 0.182196
0.441646 0.173318
0.429296 0.218076
0.409342 0.205105
0.353004 0.188832
0.321729 0.000642
0.356250 0.033827
0.393105 0.021014
0.403138 0.037689
0.419037 0.039072
0.421967 0.068125
0.461263 0.094576
0.466346 0.115805
0.445834 0.143868
0.421660 0.147260
0.434748 0.157047
0.427131 0.240535
0.404506 0.325964
0.347811 0.226573
0.329978 0.000991
0.403937 0.000494
0.364978 0.021132
0.407007 0.022676
0.402500 0.065287
0.439898 0.068471
0.429287 0.082088
0.452066 0.108393
0.441411 0.121234
0.455278 0.163089
0.472401 0.133417
0.394946 0.219606
0.412604 0.222352
0.401925 0.302185
0.438161 0.348211
0.346414 0.000547
0.434774 0.038916
0.410580 0.052665
0.443916 0.054020
0.477187 0.069534
0.486267 0.091899
0.462452 0.148898
0.455390 0.130303
0.482521 0.300124
0.422395 0.194784
0.436358 0.189046
0.460169 0.218771
0.433750 0.304400
0.390192 0.315432
0.354674 0.000688
0.412094 0.000872
0.477097 0.000559
0.447681 0.022875
0.420808 0.022459
0.492610 0.066591
0.471526 0.083346
0.495871 0.081135
0.478906 0.150085
0.476079 0.103130
0.439860 0.288283
0.465740 0.202138
0.382286 0.229384
0.418631 0.257111
0.476739 0.241613
0.371173 0.000207
0.460845 0.000854
0.433823 0.023408
0.426974 0.054154
0.517185 0.109130
0.533328 0.119916
0.495597 0.107853
0.490706 0.135790
0.473311 0.166298
0.408364 0.237576
0.379556 0.248820
0.543633 0.401426
0.496624 0.383933
0.434385 0.261175
0.379404 0.000920
0.452739 0.000612
0.485264 0.000666
0.485343 0.036999
0.520342 0.035277
0.557383 0.149913
0.522990 0.147537
0.517524 0.127883
0.583664 0.202127
0.447441 0.313596
0.503974 0.382816
0.972931 0.145899
0.524893 0.249374
0.443321 0.334281
0.408361 0.269730
0.420194 0.000045
0.468972 0.000629
0.601621 0.041691
0.461377 0.067322
0.459408 0.053133
0.531406 0.166420
0.506523 0.141965
0.483387 0.118884
0.512208 0.205930
0.451259 0.191295
0.476200 0.370073
0.423887 0.284724
0.458810 0.318216
0.406455 0.285158
0.395762 0.000258
0.436456 0.000791
0.509658 0.000909
0.461966 0.023265
0.609462 0.159722
0.507798 0.059515
0.578960 0.275024
0.494884 0.154309
0.449683 0.277892
0.484939 0.176762
0.978598 0.244402
0.574661 0.301933
0.585213 0.290307
0.462112 0.349362
0.528799 0.393771
0.534124 0.000374
0.501577 0.000528
0.428307 0.000509
0.108150 0.245429
0.476630 0.053239
0.505469 0.096403
0.442196 0.230995
0.566385 0.259979
0.500525 0.221073
0.545175 0.396105
0.894338 0.206366
0.501804 0.286059
0.636998 0.361275
0.477522 0.319392
0.599253 0.000235
0.550345 0.000177
0.387549 0.000404
0.493514 0.000065
0.532074 0.023177
0.467604 0.038411
0.511040 0.078281
0.550789 0.133295
0.502114 0.193071
0.627891 0.360128
0.448475 0.256744
0.475638 0.341129
0.489149 0.335910
0.466623 0.293723
0.510636 0.354668
0.591033 0.000367
0.517828 0.000176
0.444610 0.000082
0.490775 0.021443
0.450683 0.038541
0.928644 0.239345
0.600561 0.368527
0.512480 0.392542
0.560018 0.331817
0.511095 0.304560
0.615018 0.360117
0.494878 0.355380
0.495193 0.312105
0.529027 0.224693
0.615436 0.000319
0.566666 0.001019
0.502698 0.027690
0.526034 0.000520
0.492078 0.050948
0.505054 0.042430
0.523399 0.049582
0.503028 0.122035
0.535492 0.136880
0.498733 0.173682
0.492031 0.208790
0.461837 0.252915
0.490030 0.236754
0.477731 0.263730
0.528320 0.306605
0.631897 0.000491
0.542242 0.000209
0.547041 0.022394
0.515786 0.021441
0.475824 0.023779
0.522066 0.066452
0.546346 0.110552
0.558767 0.119037
0.568738 0.132760
0.513020 0.160690
0.469519 0.280387
0.528195 0.210558
0.494683 0.259934
0.510260 0.338790
0.640021 0.000055
0.558505 0.000755
0.578962 0.023380
0.570294 0.036983
0.555726 0.035499
0.533126 0.101425
0.559407 0.096023
0.582576 0.117711
0.560045 0.166785
0.514134 0.180302
0.547601 0.211261
0.525253 0.334544
0.477563 0.217516
0.506303 0.250575
0.589636 0.382302
0.656379 0.000140
0.607141 0.025701
0.593988 0.021576
0.563466 0.021274
0.537983 0.037410
0.536372 0.058527
0.521587 0.090268
0.545167 0.088832
0.573253 0.150084
0.545585 0.174585
0.563748 0.243930
0.526323 0.185993
0.514117 0.233364
0.458777 0.235155
0.664548 0.000542
0.574808 0.000341
0.621903 0.021304
0.548976 0.049172
0.577742 0.050765
0.562136 0.056610
0.533019 0.078515
0.559628 0.077131
0.571182 0.107308
0.575446 0.170495
0.554690 0.189507
0.537732 0.196315
0.567283 0.314584
0.541200 0.364323
0.549884 0.322708
0.681033 0.000623
0.582918 0.000355
0.607344 0.000169
0.587802 0.037334
0.547714 0.069239
0.587182 0.075717
0.572534 0.085317
0.589418 0.151642
0.605022 0.143736
0.573295 0.186230
0.540910 0.154871
0.518991 0.289056
0.530285 0.268039
0.488788 0.279422
0.689219 0.000395
0.623628 0.000641
0.635520 0.023988
0.625826 0.061483
0.592475 0.056513
0.574423 0.066961
0.584787 0.096073
0.586858 0.134246
0.617579 0.121669
0.635272 0.123689
0.545129 0.230787
0.626331 0.154044
0.560540 0.225468
0.575884 0.219167
0.602259 0.289727
0.705750 0.000201
0.629886 0.043365
0.632913 0.076355
0.618098 0.036872
0.612265 0.054308
0.601627 0.068083
0.599335 0.087162
0.601085 0.126378
0.608025 0.177097
0.621168 0.137528
0.614840 0.191741
0.569269 0.367602
0.480565 0.194841
0.552932 0.369255
0.714103 0.001214
0.648155 0.000170
0.650606 0.021961
0.641443 0.054518
0.615521 0.074641
0.614186 0.090879
0.595520 0.107896
0.628068 0.106633
0.645855 0.112149
0.624872 0.171537
0.591726 0.168188
0.545395 0.270838
0.543871 0.250019
0.564383 0.202371
0.534461 0.328287
0.722476 0.001060
0.666910 0.021909
0.644602 0.036888
0.657094 0.049639
0.647749 0.067813
0.610505 0.107653
0.647113 0.096471
0.657251 0.123851
0.638652 0.140075
0.592931 0.186644
0.660585 0.242171
0.557268 0.294789
0.525492 0.363254
0.515462 0.267865
0.738991 0.000632
0.672798 0.000648
0.681938 0.022925
0.662187 0.035375
0.673760 0.053143
0.663932 0.065294
0.631278 0.090846
0.664001 0.108515
0.643737 0.158241
0.635927 0.182658
0.635887 0.217698
0.641047 0.196983
0.559101 0.279465
0.556411 0.344717
0.658014 0.263810
0.747376 0.000626
0.696590 0.022755
0.678694 0.037777
0.689809 0.053571
0.685907 0.067923
0.652009 0.081980
0.665139 0.092617
0.663122 0.154524
0.650296 0.171276
0.622708 0.206664
0.601227 0.204529
0.542352 0.296243
0.641150 0.239163
0.612772 0.282388
0.755799 0.000623
0.697430 0.000061
0.711696 0.021036
0.695521 0.037917
0.704426 0.064869
0.672269 0.078092
0.680037 0.098247
0.677563 0.118391
0.653699 0.140522
0.672650 0.165230
0.594674 0.224145
0.619402 0.236834
0.580411 0.237516
0.699798 0.259302
0.645530 0.268027
0.764238 0.001007
0.726865 0.022887
0.712976 0.035030
0.706821 0.050380
0.688353 0.082952
0.699475 0.096150
0.691027 0.110519
0.682215 0.145557
0.658611 0.185436
0.672631 0.201416
0.601989 0.264518
0.614094 0.220222
0.750532 0.247260
0.635870 0.256121
0.772642 0.000303
0.730718 0.000429
0.744065 0.020110
0.724650 0.060226
0.704872 0.080552
0.713511 0.103782
0.704824 0.119467
0.670441 0.135402
0.674999 0.180584
0.586378 0.255534
0.686984 0.190156
0.668381 0.219088
0.688470 0.213819
0.673211 0.259614
0.677382 0.233700
0.789546 0.000759
0.753419 0.032441
0.736284 0.034228
0.718808 0.074903
0.722215 0.091356
0.723035 0.115402
0.690956 0.129302
0.700462 0.143787
0.653866 0.204505
0.712018 0.212201
0.727513 0.203116
0.602539 0.238780
0.698844 0.226572
0.616881 0.259157
0.798062 0.000203
0.762760 0.020064
0.723781 0.045038
0.743549 0.061895
0.745152 0.086670
0.735269 0.099455
0.745303 0.109848
0.714169 0.133371
0.690905 0.158312
0.713229 0.153906
0.650432 0.225725
0.701639 0.198623
0.713895 0.237016
0.767854 0.237883
0.688533 0.262107
0.806624 0.000702
0.777937 0.043415
0.757999 0.046081
0.733809 0.076567
0.765199 0.082483
0.757614 0.097372
0.766877 0.109246
0.727934 0.140292
0.747925 0.157947
0.746720 0.189787
0.727499 0.221954
0.691777 0.244123
0.721083 0.254490
0.626493 0.276371
0.823725 0.000187
0.781078 0.000207
0.770758 0.031841
0.740794 0.048672
0.764379 0.058247
0.753662 0.071909
0.776733 0.093524
0.734912 0.123872
0.731940 0.155644
0.696311 0.173378
0.712977 0.168504
0.764334 0.183622
0.769153 0.209525
0.760017 0.252737
0.778913 0.249262
0.832313 0.000552
0.782609 0.020125
0.790964 0.030484
0.783583 0.056775
0.789002 0.073309
0.773812 0.070614
0.755190 0.122510
0.770294 0.126268
0.744928 0.136748
0.768517 0.155896
0.728240 0.187027
0.754859 0.173069
0.729559 0.251437
0.741105 0.227936
0.840842 0.000227
0.815189 0.000715
0.803415 0.019409
0.796548 0.043162
0.799053 0.061240
0.809547 0.083997
0.792514 0.086229
0.792030 0.101128
0.782354 0.113703
0.710320 0.186304
0.733373 0.171722
0.746727 0.206569
0.789852 0.204174
0.884120 0.237200
0.794402 0.247441
0.858185 0.000640
0.822542 0.019977
0.810206 0.030836
0.810485 0.051121
0.810943 0.070435
0.832089 0.068972
0.810835 0.098250
0.804970 0.112425
0.758705 0.143976
0.777020 0.140638
0.780446 0.163771
0.786635 0.177361
0.757258 0.219959
0.783472 0.219408
0.866631 0.000034
0.849587 0.000954
0.844683 0.018330
0.833342 0.028564
0.821122 0.039428
0.835856 0.046430
0.827698 0.082524
0.826251 0.097374
0.819778 0.117831
0.791066 0.125895
0.792663 0.143447
0.805745 0.168799
0.798766 0.186182
0.774839 0.192513
0.794060 0.234211
0.883979 0.001144
0.871622 0.019556
0.858893 0.024070
0.847912 0.034853
0.824150 0.057776
0.853123 0.073772
0.843826 0.085116
0.834385 0.109517
0.835027 0.124174
0.807611 0.129473
0.799737 0.154965
0.819092 0.179028
0.830060 0.188730
0.811110 0.242423
0.892651 0.000208
0.875296 0.001052
0.887138 0.020434
0.866410 0.037181
0.853841 0.048345
0.844708 0.061341
0.862912 0.062305
0.862051 0.088986
0.847447 0.098970
0.854671 0.112035
0.817598 0.139294
0.819772 0.154980
0.882375 0.189335
0.858399 0.230582
0.827773 0.243913
0.901366 0.000889
0.917553 0.019754
0.881287 0.034678
0.890594 0.046927
0.872910 0.050456
0.880515 0.063561
0.871793 0.076594
0.868474 0.102774
0.874460 0.116858
0.833757 0.143227
0.851281 0.127214
0.832326 0.164450
0.846465 0.190845
0.809331 0.199456
0.910227 0.000803
0.919011 0.000286
0.926199 0.031225
0.903011 0.018306
0.897259 0.033235
0.896044 0.060548
0.907594 0.072973
0.879617 0.088795
0.888054 0.101110
0.867623 0.129938
0.882330 0.136054
0.850649 0.141959
0.845367 0.173724
0.891732 0.250370
0.841256 0.226757
0.927878 0.000196
0.933963 0.016366
0.911475 0.035209
0.908451 0.049443
0.927773 0.072923
0.891063 0.076287
0.898763 0.091302
0.890574 0.115420
0.899370 0.126544
0.868755 0.147446
0.871060 0.160655
0.881063 0.173214
0.863047 0.176433
0.829785 0.205767
0.936973 0.000629
0.953653 0.017489
0.945178 0.028316
0.926583 0.051735
0.915799 0.060790
0.913971 0.083352
0.905808 0.107958
0.920093 0.116018
0.917831 0.130225
0.890556 0.151697
0.903624 0.177039
0.896622 0.163261
0.850790 0.156988
0.864844 0.195057
0.822469 0.223927
0.945992 0.001132
0.953511 0.038657
0.934354 0.040152
0.938613 0.061444
0.943966 0.075010
0.917978 0.097023
0.934912 0.133912
0.917003 0.147110
0.915444 0.162061
0.931347 0.174336
0.951434 0.186110
0.921761 0.186251
0.903030 0.191121
0.841593 0.245361
0.955099 0.000054
0.969958 0.015648
0.965921 0.030738
0.949334 0.052198
0.967192 0.088546
0.933274 0.088857
0.930966 0.105037
0.901764 0.140279
0.951025 0.157569
0.934598 0.161983
0.955668 0.172919
0.917252 0.200823
0.968306 0.221544
0.879303 0.219950
0.937785 0.209585
0.964142 0.000496
0.987177 0.020741
0.964401 0.050286
0.958896 0.076709
0.965493 0.119594
0.958343 0.142387
0.953255 0.128695
0.962319 0.204226
0.999310 0.316615
0.941545 0.195358
0.972674 0.193919
0.938122 0.259839
0.872150 0.208085
0.946665 0.269546
0.973409 0.000273
0.995129 0.000121
0.979652 0.032995
0.985282 0.084858
0.948683 0.091256
0.949673 0.107290
0.969815 0.166977
0.980609 0.158537
0.980660 0.216336
0.954325 0.237128
0.999692 0.352239
0.975036 0.366739
0.871414 0.249535
0.899804 0.220905
0.858486 0.250331
0.983039 0.000562
0.978310 0.045640
0.963439 0.063682
0.979974 0.101720
0.963983 0.103301
0.939948 0.119607
0.999372 0.270032
0.999350 0.298430
0.999761 0.247866
0.955263 0.259546
0.983439 0.301354
0.968424 0.247830
0.953010 0.289231
0.809486 0.215562
0.998992 0.008158
0.999588 0.040522
0.985292 0.058924
0.976047 0.071942
0.999959 0.102905
0.999739 0.180556
0.999637 0.136281
0.999965 0.146924
0.999790 0.326745
0.999910 0.258815
0.999282 0.337455
0.947665 0.220479
0.965873 0.360750
0.999710 0.225128
0.916175 0.232517
0.999427 0.000806
0.999391 0.050160
0.998926 0.071089
0.999808 0.092299
0.999467 0.113775
0.979305 0.133431
0.980026 0.182123
0.979770 0.284989
0.999829 0.236685
0.999440 0.191971
0.999469 0.281754
0.981539 0.359169
0.850095 0.209241
0.946640 0.288952
0.998842 0.020373
0.999664 0.031068
0.999699 0.060625
0.999491 0.081316
0.982172 0.117754
0.999521 0.125164
0.999853 0.202838
0.936072 0.146723
0.999621 0.213607
0.999830 0.157801
0.999859 0.169259
0.923630 0.218778
0.997873 0.363233
0.907703 0.253843
0.918734 0.254379
