0.000977 0.026821
0.000109 0.058846
0.000543 0.088877
0.000685 0.120868
0.000502 0.131791
0.002053 0.281277
0.000418 0.175476
0.000579 0.186200
0.000676 0.292797
0.035153 0.347030
0.101761 0.240812
0.044741 0.226402
0.032477 0.244134
0.089398 0.234297
0.000733 0.016143
0.000886 0.038398
0.000770 0.068950
0.020025 0.042352
0.021087 0.152463
0.000154 0.197485
0.000375 0.164193
0.000553 0.261947
0.000420 0.230024
0.000180 0.240820
0.000390 0.328064
0.001816 0.342416
0.043533 0.256424
0.045205 0.264220
0.111531 0.205281
0.000274 0.002775
0.000915 0.048526
0.001443 0.078767
0.000741 0.099465
0.000326 0.110288
0.000325 0.208806
0.000131 0.153036
0.000928 0.271790
0.001050 0.219448
0.009765 0.301025
0.000747 0.316429
0.015934 0.311184
0.039981 0.348432
0.061138 0.255400
0.000846 0.000350
0.018486 0.018562
0.030239 0.032495
0.019247 0.072595
0.015063 0.122371
0.061051 0.138866
0.033641 0.127251
0.000572 0.251691
0.036409 0.193547
0.029304 0.179982
0.030695 0.210035
0.001141 0.369533
0.003956 0.352426
0.011137 0.363316
0.110053 0.222206
0.008093 0.000057
0.041744 0.027106
0.010130 0.031112
0.014394 0.057484
0.000916 0.142384
0.036369 0.155930
0.043991 0.137228
0.049542 0.153199
0.018536 0.194546
0.057087 0.180272
0.023555 0.219363
0.078453 0.194637
0.053008 0.213525
0.076103 0.245011
0.028262 0.000146
0.018702 0.001199
0.056032 0.049284
0.041409 0.044632
0.021816 0.139419
0.016867 0.087543
0.041355 0.113353
0.054057 0.120504
0.042993 0.173234
0.069531 0.165668
0.085758 0.156577
0.054092 0.195418
0.091493 0.211078
0.062973 0.240149
0.155182 0.221742
0.037572 0.000505
0.052272 0.016024
0.030892 0.052497
0.042703 0.074854
0.029101 0.111083
0.038039 0.096376
0.069385 0.127680
0.103309 0.139579
0.020431 0.168088
0.064197 0.153519
0.023590 0.241224
0.069527 0.206453
0.072708 0.180047
0.030272 0.357509
0.046525 0.000025
0.033423 0.014436
0.063915 0.025460
0.054349 0.035088
0.032553 0.065973
0.060877 0.074644
0.015568 0.103752
0.067917 0.109733
0.093015 0.129262
0.081339 0.142498
0.090873 0.173845
0.123387 0.168760
0.108987 0.186048
0.161364 0.192406
0.135254 0.222324
0.055674 0.000492
0.073877 0.014526
0.074264 0.033470
0.049640 0.061317
0.067521 0.063113
0.031496 0.086389
0.053477 0.087317
0.055094 0.102421
0.145890 0.148958
0.102024 0.154526
0.120065 0.149982
0.137137 0.178190
0.072374 0.224428
0.152326 0.179026
0.064518 0.001111
0.073647 0.000444
0.086538 0.022684
0.086069 0.041245
0.071172 0.047687
0.081479 0.059407
0.091629 0.086195
0.070106 0.084523
0.082443 0.120847
0.127677 0.138080
0.173954 0.161825
0.105554 0.166830
0.142860 0.197083
0.122248 0.189653
0.129789 0.239952
0.082707 0.000613
0.100549 0.016356
0.111352 0.029275
0.110474 0.044398
0.096659 0.051562
0.084215 0.073771
0.075632 0.095625
0.085853 0.106104
0.103639 0.116145
0.143581 0.133670
0.139064 0.160320
0.160868 0.145524
0.176754 0.182089
0.160467 0.235807
0.091250 0.000862
0.109012 0.000860
0.119035 0.017174
0.097312 0.033356
0.114067 0.057791
0.098010 0.066482
0.106613 0.078343
0.098993 0.099269
0.116007 0.109480
0.115907 0.127525
0.165029 0.130718
0.160185 0.165541
0.236473 0.194830
0.131110 0.205538
0.146646 0.239007
0.100045 0.000777
0.131213 0.026486
0.124426 0.038718
0.130096 0.052922
0.134915 0.065725
0.118538 0.071713
0.112204 0.092217
0.127184 0.095331
0.137104 0.107054
0.131078 0.119662
0.178788 0.144690
0.208892 0.175025
0.205703 0.194731
0.093044 0.192864
0.117806 0.000215
0.143941 0.000222
0.141532 0.016963
0.140913 0.039746
0.147290 0.053864
0.156041 0.067446
0.130643 0.080298
0.156452 0.102398
0.150200 0.118617
0.166228 0.115658
0.183468 0.128877
0.191181 0.158684
0.229076 0.176604
0.229512 0.210678
0.164343 0.207114
0.126507 0.000474
0.150675 0.029149
0.159141 0.041517
0.164498 0.056240
0.179824 0.062828
0.147659 0.077749
0.144344 0.092720
0.173249 0.100125
0.201539 0.127886
0.196518 0.142581
0.210257 0.160172
0.190884 0.175178
0.275780 0.217821
0.244983 0.217798
0.135139 0.000729
0.178544 0.000190
0.160997 0.018761
0.176795 0.045701
0.170859 0.075346
0.163271 0.087635
0.186858 0.094167
0.184259 0.114263
0.212536 0.144342
0.211616 0.117330
0.226444 0.160468
0.247963 0.182049
0.261602 0.236236
0.190397 0.194614
0.179416 0.206227
0.152647 0.000262
0.169900 0.031642
0.191614 0.051854
0.195710 0.069691
0.185287 0.080578
0.207357 0.097761
0.197290 0.108282
0.229147 0.119907
0.222367 0.134108
0.244854 0.164647
0.273258 0.195095
0.220004 0.192883
0.192496 0.241029
0.177160 0.241011
0.161313 0.000110
0.178258 0.019578
0.187649 0.034572
0.201575 0.039155
0.214081 0.074277
0.203872 0.084425
0.222320 0.105100
0.252016 0.125487
0.239836 0.134573
0.237124 0.148650
0.262439 0.177230
0.256110 0.198243
0.260250 0.215285
0.216437 0.217062
0.214130 0.246009
0.169929 0.000021
0.214647 0.032984
0.205398 0.058762
0.238149 0.053401
0.224622 0.061542
0.225302 0.091134
0.262058 0.138860
0.276290 0.131921
0.255722 0.152609
0.286709 0.200577
0.291705 0.221086
0.309242 0.248220
0.294974 0.239350
0.226505 0.248525
0.187079 0.000404
0.193327 0.021012
0.236288 0.029062
0.216524 0.049175
0.242428 0.068743
0.229380 0.077511
0.242108 0.112030
0.281873 0.116103
0.269291 0.163991
0.320968 0.215004
0.304132 0.180368
0.277080 0.243544
0.344375 0.295316
0.268801 0.262238
0.243294 0.253688
0.195624 0.000286
0.207520 0.020427
0.254859 0.031002
0.255577 0.057914
0.246374 0.083256
0.241309 0.097175
0.264988 0.117464
0.295743 0.147468
0.283887 0.180007
0.303515 0.197493
0.307105 0.221482
0.341936 0.270363
0.195030 0.216135
0.184073 0.228888
0.204141 0.000417
0.254926 0.000666
0.224004 0.019655
0.228654 0.040143
0.260983 0.072903
0.262235 0.087800
0.257963 0.103331
0.275432 0.101049
0.312047 0.146527
0.277098 0.148818
0.347012 0.246894
0.323834 0.234841
0.333480 0.252191
0.306995 0.281535
0.239559 0.234719
0.212627 0.000540
0.244714 0.018994
0.271952 0.032548
0.270621 0.060046
0.281885 0.072130
0.278323 0.085903
0.298018 0.114705
0.293775 0.131643
0.323357 0.162433
0.305194 0.163865
0.366554 0.242767
0.370803 0.270980
0.368265 0.300833
0.210971 0.230814
0.221109 0.000333
0.288508 0.000573
0.263447 0.018621
0.248337 0.042930
0.287204 0.058114
0.295910 0.083433
0.292613 0.099473
0.314692 0.111750
0.310658 0.128612
0.362185 0.160146
0.337811 0.185139
0.288685 0.165459
0.386283 0.290808
0.387695 0.271388
0.316104 0.264998
0.229539 0.000758
0.280043 0.020810
0.285432 0.044697
0.266895 0.044788
0.312291 0.080523
0.308443 0.096650
0.324915 0.095152
0.326859 0.129755
0.329185 0.146623
0.373984 0.197875
0.338353 0.219826
0.360600 0.210226
0.254707 0.256954
0.356392 0.296491
0.237917 0.000139
0.313380 0.000612
0.291122 0.032856
0.303855 0.053331
0.300360 0.068247
0.328262 0.078852
0.354447 0.087993
0.330028 0.113191
0.345964 0.149897
0.358020 0.121513
0.339378 0.166817
0.320458 0.181225
0.323041 0.199031
0.295222 0.265825
0.380041 0.313185
0.246412 0.000926
0.296701 0.018931
0.319663 0.049152
0.318211 0.064935
0.333495 0.062962
0.343209 0.078202
0.358327 0.103616
0.342947 0.132053
0.371903 0.126269
0.359126 0.140402
0.343214 0.202998
0.399206 0.253261
0.282790 0.265041
0.358800 0.265942
0.263406 0.000072
0.338228 0.000412
0.305765 0.039223
0.336357 0.048083
0.349062 0.062382
0.361631 0.072773
0.370065 0.089794
0.340102 0.096240
0.344394 0.113233
0.373818 0.146117
0.380708 0.164766
0.372356 0.223178
0.401748 0.193418
0.470380 0.366354
0.386907 0.208445
0.271860 0.000804
0.309647 0.025950
0.324937 0.034992
0.381209 0.051368
0.367105 0.058243
0.376946 0.073473
0.401974 0.123151
0.373767 0.107713
0.386839 0.117692
0.387838 0.134520
0.353256 0.175089
0.418315 0.336006
0.606630 0.370334
0.332817 0.289109
0.280195 0.000332
0.362991 0.000836
0.354886 0.048542
0.342803 0.035330
0.372004 0.039166
0.395955 0.079463
0.384224 0.090736
0.422238 0.096233
0.425445 0.114894
0.406713 0.142063
0.392004 0.150671
0.396356 0.167777
0.389380 0.185437
0.372057 0.178218
0.429641 0.346475
0.296898 0.000597
0.321296 0.019486
0.351010 0.019882
0.388940 0.035201
0.388244 0.065374
0.404963 0.094057
0.393257 0.104328
0.417635 0.130077
0.433625 0.134072
0.411889 0.159438
0.411522 0.178642
0.442089 0.209506
0.318703 0.285067
0.419714 0.315828
0.305193 0.000862
0.335876 0.022374
0.380339 0.022641
0.396490 0.051152
0.413481 0.080811
0.453361 0.079939
0.436365 0.104410
0.410371 0.109424
0.444364 0.092084
0.426337 0.172477
0.464745 0.181303
0.443903 0.173607
0.429389 0.217828
0.411098 0.206300
0.358001 0.192039
0.321696 0.000449
0.358493 0.034216
0.394510 0.021185
0.405790 0.037032
0.421816 0.038711
0.423727 0.068778
0.462333 0.095294
0.465903 0.117939
0.446338 0.143615
0.423478 0.148661
0.436082 0.157039
0.429137 0.242753
0.403255 0.330159
0.350704 0.229001
0.330006 0.000213
0.404093 0.000715
0.366542 0.022031
0.408585 0.023162
0.405237 0.065219
0.441715 0.069023
0.431816 0.082931
0.454076 0.108662
0.442924 0.121302
0.455544 0.164026
0.473514 0.134241
0.397030 0.222815
0.414636 0.224358
0.402762 0.305580
0.438524 0.351349
0.346465 0.000389
0.437011 0.039115
0.413792 0.053420
0.445391 0.054651
0.478189 0.070750
0.486065 0.092861
0.462680 0.149282
0.456029 0.130712
0.481256 0.302148
0.423710 0.197187
0.437375 0.189968
0.458734 0.219157
0.433296 0.306636
0.389568 0.318906
0.354767 0.000156
0.412252 0.000092
0.477133 0.001007
0.449659 0.022854
0.422283 0.021706
0.493272 0.067494
0.472611 0.084152
0.496082 0.081843
0.479672 0.150291
0.476116 0.105168
0.440656 0.290244
0.465672 0.204425
0.383719 0.232849
0.418284 0.258591
0.474064 0.242992
0.371225 0.000991
0.460940 0.000676
0.435971 0.023547
0.429192 0.054712
0.516187 0.110083
0.532000 0.120791
0.495796 0.108843
0.490895 0.136883
0.473219 0.166800
0.409131 0.239413
0.380955 0.252436
0.550320 0.400613
0.502292 0.386411
0.434056 0.264973
0.379457 0.000852
0.452874 0.001014
0.485277 0.000596
0.485371 0.036971
0.520653 0.035448
0.554659 0.149129
0.522334 0.148051
0.516888 0.127127
0.580447 0.202597
0.447672 0.314389
0.511245 0.384034
0.972054 0.143173
0.524592 0.250188
0.444896 0.336651
0.407099 0.271374
0.420366 0.000057
0.469041 0.000283
0.600469 0.041166
0.462061 0.068701
0.461600 0.054307
0.528069 0.167573
0.506631 0.142499
0.483639 0.120006
0.509554 0.207043
0.452285 0.191572
0.476638 0.373244
0.424952 0.286053
0.460652 0.320646
0.407195 0.287757
0.395885 0.000532
0.436608 0.000781
0.509655 0.000791
0.462974 0.023515
0.606409 0.158136
0.507873 0.059956
0.577089 0.278275
0.494537 0.156136
0.451822 0.278643
0.482971 0.177638
0.981132 0.243280
0.573510 0.307640
0.583248 0.296266
0.462188 0.353866
0.534570 0.393536
0.534053 0.000298
0.501572 0.001221
0.428497 0.000998
0.117015 0.239805
0.477355 0.053839
0.505295 0.096929
0.442499 0.232704
0.560511 0.264465
0.498830 0.221220
0.552082 0.397982
0.889165 0.197772
0.500473 0.290710
0.643135 0.354721
0.480350 0.322539
0.599291 0.000095
0.550303 0.001001
0.387646 0.000984
0.493473 0.000208
0.531887 0.022855
0.468800 0.039180
0.511337 0.078052
0.548617 0.133351
0.500256 0.193566
0.638490 0.351917
0.446418 0.258947
0.477443 0.346102
0.490863 0.337911
0.466898 0.300608
0.514660 0.359595
0.591106 0.000872
0.517809 0.000222
0.444765 0.000364
0.491630 0.021649
0.452482 0.038852
0.929057 0.228394
0.612587 0.361754
0.518433 0.395353
0.562220 0.335271
0.511790 0.309004
0.629511 0.358467
0.496696 0.357903
0.495775 0.318739
0.525611 0.226576
0.615471 0.000122
0.566687 0.001030
0.503070 0.027924
0.525979 0.000113
0.492693 0.051168
0.505212 0.042585
0.522672 0.049813
0.501739 0.122565
0.533526 0.136313
0.498000 0.172812
0.489488 0.209510
0.460306 0.255342
0.489772 0.237129
0.475915 0.265332
0.526761 0.310219
0.631874 0.000116
0.542178 0.000324
0.545926 0.022600
0.515634 0.020915
0.476907 0.023685
0.521916 0.066575
0.545748 0.110082
0.557790 0.118660
0.566962 0.132407
0.511352 0.160647
0.467827 0.283305
0.526333 0.212650
0.491855 0.262524
0.508848 0.341595
0.640001 0.000912
0.558458 0.000736
0.577605 0.023112
0.569678 0.037574
0.555186 0.035872
0.531784 0.102570
0.557214 0.097021
0.579272 0.118159
0.556119 0.166616
0.512285 0.180175
0.543494 0.214230
0.527202 0.341014
0.476222 0.221907
0.503718 0.251229
0.599215 0.374319
0.656374 0.000813
0.605723 0.024696
0.592160 0.022174
0.562205 0.021229
0.536635 0.038512
0.536670 0.059179
0.521432 0.091780
0.543929 0.090103
0.570982 0.150745
0.542324 0.174358
0.558777 0.247373
0.524279 0.187810
0.511247 0.234983
0.458210 0.236143
0.664596 0.000203
0.574851 0.000825
0.620675 0.021812
0.548550 0.049040
0.576356 0.051836
0.560795 0.057506
0.531995 0.079828
0.558188 0.077879
0.569540 0.106876
0.572483 0.170638
0.552105 0.188822
0.535557 0.196176
0.565931 0.320004
0.545463 0.365680
0.549190 0.328951
0.681065 0.000673
0.582979 0.000715
0.607378 0.000169
0.586015 0.038361
0.547125 0.069382
0.585900 0.075694
0.571365 0.086009
0.586251 0.151613
0.601610 0.142260
0.569241 0.186030
0.539170 0.153794
0.517876 0.291483
0.525936 0.272404
0.487848 0.280638
0.689211 0.000335
0.623682 0.001298
0.634123 0.024994
0.623626 0.061294
0.591518 0.056622
0.573379 0.067310
0.582970 0.095506
0.583203 0.134370
0.613756 0.121329
0.632066 0.122559
0.543642 0.234290
0.623327 0.152921
0.558278 0.226823
0.573093 0.219494
0.598279 0.291098
0.705745 0.000136
0.627792 0.042669
0.630834 0.076444
0.614888 0.037671
0.610294 0.055070
0.600170 0.069367
0.597257 0.087700
0.597498 0.125446
0.604740 0.176438
0.617292 0.136218
0.612565 0.191257
0.573749 0.369776
0.479900 0.194958
0.564702 0.372552
0.714111 0.001026
0.648144 0.000007
0.648367 0.022169
0.637990 0.055048
0.613830 0.075123
0.611738 0.091062
0.592158 0.108150
0.625076 0.105890
0.642945 0.111098
0.621139 0.170951
0.588677 0.168734
0.542566 0.273720
0.540365 0.253279
0.560905 0.202748
0.535581 0.333861
0.722430 0.000760
0.664907 0.021572
0.643300 0.037653
0.654423 0.049406
0.645118 0.067661
0.607450 0.106069
0.643355 0.096337
0.653579 0.123803
0.634487 0.138402
0.589638 0.188251
0.654881 0.244511
0.554647 0.297964
0.532650 0.368639
0.511805 0.270295
0.738951 0.000457
0.672839 0.000173
0.680400 0.023535
0.660832 0.034994
0.670450 0.054105
0.660080 0.065607
0.628198 0.091281
0.660752 0.108185
0.640040 0.158110
0.632038 0.181628
0.627583 0.220017
0.635373 0.196941
0.555494 0.281731
0.560355 0.350892
0.651376 0.267386
0.747375 0.000884
0.694135 0.023312
0.676345 0.038295
0.686191 0.054160
0.682470 0.068042
0.649288 0.082064
0.661629 0.091791
0.658106 0.155753
0.646379 0.171837
0.619626 0.206146
0.596936 0.205513
0.537900 0.299251
0.635628 0.239774
0.608369 0.285518
0.755813 0.000621
0.697452 0.000358
0.709391 0.021355
0.692798 0.038712
0.701074 0.065024
0.669360 0.077681
0.675886 0.098143
0.672681 0.118465
0.649632 0.140262
0.669680 0.164419
0.589878 0.223363
0.613086 0.238192
0.577106 0.241150
0.695037 0.259492
0.639100 0.270667
0.764295 0.000099
0.723865 0.023629
0.709282 0.036080
0.704386 0.051569
0.684734 0.083385
0.695378 0.096327
0.687643 0.110379
0.676673 0.145425
0.654739 0.187695
0.667478 0.199906
0.595452 0.269531
0.607958 0.221973
0.742603 0.244111
0.629463 0.258185
0.772710 0.000372
0.730634 0.000752
0.740729 0.020474
0.721793 0.060480
0.700606 0.081617
0.709496 0.102897
0.701353 0.119242
0.665593 0.134951
0.670207 0.179559
0.582811 0.257532
0.682316 0.190246
0.662518 0.218165
0.684381 0.211622
0.666253 0.260324
0.671007 0.232220
0.789548 0.000376
0.750218 0.032929
0.733126 0.034156
0.714416 0.074572
0.718354 0.091031
0.718862 0.115330
0.686048 0.128358
0.695117 0.142923
0.648892 0.206104
0.708169 0.211294
0.723885 0.201029
0.595100 0.241323
0.691051 0.224899
0.611792 0.258822
0.798015 0.000253
0.760420 0.020058
0.721292 0.045351
0.739719 0.062745
0.741798 0.086665
0.730942 0.098803
0.741675 0.109111
0.709390 0.132592
0.687445 0.158618
0.708668 0.152722
0.645160 0.225612
0.696691 0.198353
0.708769 0.235231
0.761961 0.231774
0.681976 0.261031
0.806585 0.000273
0.775052 0.043094
0.755350 0.046695
0.730077 0.076217
0.761590 0.083003
0.754554 0.096817
0.762752 0.108061
0.724102 0.139604
0.744371 0.156399
0.743263 0.187430
0.721424 0.220898
0.686880 0.241690
0.712520 0.250515
0.620663 0.279495
0.823655 0.000750
0.781121 0.001067
0.767385 0.032257
0.738331 0.048573
0.761403 0.058386
0.750606 0.071935
0.774738 0.091914
0.730724 0.122455
0.726759 0.155400
0.691770 0.172737
0.709606 0.168402
0.761086 0.180224
0.762572 0.206198
0.753338 0.248022
0.773620 0.245568
0.832143 0.000411
0.779572 0.020426
0.788380 0.030269
0.780461 0.056473
0.785653 0.071938
0.770227 0.071177
0.749980 0.122503
0.765958 0.125643
0.740490 0.137387
0.763155 0.156023
0.723700 0.184731
0.751012 0.170436
0.724950 0.248949
0.735506 0.227143
0.840658 0.000562
0.815151 0.000271
0.800857 0.019321
0.793014 0.043333
0.796917 0.060142
0.805470 0.082553
0.790070 0.085300
0.789335 0.100651
0.778195 0.111561
0.706095 0.185226
0.730051 0.171114
0.740691 0.202984
0.785022 0.200779
0.877871 0.229085
0.787233 0.243255
0.858057 0.000317
0.819806 0.020170
0.806784 0.031606
0.808405 0.049934
0.809501 0.068665
0.829794 0.068373
0.807840 0.097683
0.800190 0.111926
0.755941 0.141549
0.774092 0.140256
0.777525 0.160932
0.780996 0.174370
0.750573 0.216779
0.776579 0.215273
0.866554 0.001047
0.849471 0.000908
0.841749 0.018327
0.830879 0.028790
0.820179 0.039137
0.835199 0.045105
0.823088 0.081445
0.823008 0.097158
0.816476 0.117161
0.786001 0.125440
0.789466 0.141181
0.801661 0.166097
0.794398 0.183514
0.771601 0.190739
0.789504 0.230048
0.883875 0.000236
0.871543 0.019060
0.857138 0.021766
0.846906 0.033675
0.822318 0.056419
0.850544 0.072649
0.839491 0.082880
0.833109 0.108451
0.831465 0.123653
0.803355 0.127302
0.796764 0.151927
0.814282 0.174614
0.825858 0.184798
0.803404 0.236581
0.892568 0.000536
0.875263 0.000390
0.886514 0.019765
0.864525 0.035430
0.853065 0.047335
0.842998 0.059674
0.862085 0.060227
0.858179 0.087864
0.843570 0.097561
0.853292 0.110029
0.814777 0.137002
0.814282 0.153728
0.878042 0.183332
0.852687 0.220538
0.821061 0.235789
0.901308 0.000771
0.918467 0.019454
0.880188 0.034426
0.891259 0.046364
0.872998 0.048128
0.878994 0.061191
0.868971 0.074420
0.866233 0.100589
0.873760 0.114129
0.828892 0.141747
0.847426 0.124070
0.829379 0.160326
0.840590 0.186071
0.804702 0.194445
0.910251 0.000965
0.919058 0.000793
0.926160 0.031644
0.902537 0.017427
0.896288 0.032381
0.896514 0.059712
0.906087 0.070844
0.877197 0.086219
0.885775 0.097338
0.864951 0.126801
0.881266 0.130413
0.846213 0.138448
0.841972 0.167257
0.884378 0.238055
0.835615 0.218335
0.927920 0.000925
0.934499 0.016895
0.910674 0.033603
0.908891 0.046717
0.928679 0.071600
0.889624 0.073675
0.898041 0.087793
0.888392 0.112795
0.901387 0.121983
0.866310 0.141302
0.867967 0.155875
0.879334 0.166139
0.858243 0.170551
0.824330 0.202213
0.937057 0.000255
0.955378 0.017106
0.944709 0.026908
0.927318 0.050651
0.916590 0.059787
0.915138 0.081681
0.903793 0.105872
0.920493 0.111976
0.917695 0.125607
0.887714 0.145548
0.900070 0.168959
0.894862 0.157193
0.848647 0.152826
0.859843 0.185365
0.816197 0.218263
0.946068 0.000889
0.953094 0.037391
0.935950 0.040417
0.939203 0.058279
0.945556 0.072170
0.916167 0.095192
0.934866 0.129476
0.917115 0.141792
0.914784 0.156484
0.931952 0.169328
0.953206 0.180575
0.920667 0.178699
0.900609 0.182819
0.835749 0.236363
0.955165 0.000939
0.970486 0.015867
0.965924 0.031271
0.951861 0.052515
0.969331 0.087264
0.933891 0.085928
0.931639 0.100378
0.900957 0.137367
0.951534 0.152267
0.933557 0.156770
0.955671 0.166498
0.911410 0.194145
0.967277 0.217590
0.875072 0.212627
0.935082 0.201840
0.964261 0.001179
0.987825 0.020193
0.966940 0.048679
0.959678 0.076448
0.966456 0.117271
0.958622 0.137661
0.955064 0.124400
0.960136 0.198729
0.998283 0.310841
0.937966 0.187482
0.973910 0.190832
0.932633 0.242187
0.866912 0.201142
0.945281 0.253719
0.973621 0.000067
0.995954 0.000605
0.980693 0.032377
0.986891 0.084288
0.948749 0.089261
0.950023 0.104392
0.970853 0.164167
0.982426 0.155635
0.978882 0.208546
0.952830 0.227090
0.999041 0.351746
0.966554 0.359057
0.864081 0.239426
0.895388 0.210943
0.852296 0.239235
0.983316 0.000108
0.979087 0.046444
0.963666 0.062616
0.980773 0.100322
0.964424 0.102063
0.939560 0.115630
0.998934 0.273299
0.997217 0.297196
0.999368 0.248891
0.957814 0.249268
0.975641 0.291907
0.970736 0.238179
0.948169 0.272189
0.800981 0.210493
0.999382 0.008001
0.999515 0.040705
0.986620 0.059717
0.975858 0.071724
0.999826 0.103285
0.999986 0.180513
0.998982 0.136306
0.999360 0.146968
0.999450 0.322692
0.999829 0.261064
0.999064 0.334148
0.945033 0.212381
0.962526 0.352381
0.999468 0.225136
0.909680 0.221430
0.999499 0.000974
0.999506 0.050175
0.999441 0.071216
0.999383 0.092858
0.999646 0.114142
0.981526 0.131743
0.978681 0.177876
0.970079 0.283845
0.999848 0.236775
0.999748 0.191586
0.999515 0.286339
0.973591 0.354742
0.846867 0.201316
0.941605 0.269356
0.999663 0.020462
0.999906 0.031397
0.999507 0.060784
0.998995 0.081507
0.983169 0.115788
0.999169 0.125337
0.998975 0.202483
0.937487 0.141952
0.999688 0.213696
0.999905 0.158028
0.999496 0.169370
0.920658 0.208387
0.995289 0.353645
0.900616 0.241335
0.912159 0.238502
