0.001141 0.026683
0.000346 0.058862
0.000482 0.088902
0.000269 0.121027
0.000703 0.131988
0.002399 0.281773
0.000469 0.175452
0.000252 0.186099
0.000018 0.293413
0.037318 0.345174
0.104117 0.239497
0.045239 0.224936
0.033511 0.243260
0.092130 0.232424
0.000291 0.015984
0.000404 0.038487
0.000651 0.068997
0.021247 0.042015
0.021204 0.152523
0.000726 0.197454
0.000340 0.164278
0.000036 0.261901
0.000113 0.229970
0.000270 0.240763
0.000399 0.327851
0.001358 0.341412
0.043841 0.255078
0.046185 0.262270
0.112785 0.204363
0.000309 0.002451
0.000367 0.048519
0.000578 0.078802
0.000950 0.099466
0.000609 0.110332
0.000609 0.208694
0.000342 0.153169
0.000772 0.271987
0.000805 0.219350
0.012523 0.301227
0.000675 0.316771
0.017106 0.308955
0.042351 0.344097
0.062721 0.251194
0.000749 0.000401
0.018270 0.018627
0.030554 0.032072
0.018849 0.072507
0.015073 0.122872
0.060829 0.138025
0.032913 0.126818
0.000172 0.251592
0.037672 0.192960
0.029507 0.179371
0.031140 0.209556
0.001554 0.368737
0.003653 0.352876
0.012221 0.362222
0.111367 0.221149
0.008158 0.000336
0.041995 0.027212
0.009515 0.031297
0.013813 0.057389
0.000341 0.142621
0.036715 0.155109
0.043363 0.136739
0.049601 0.152526
0.018284 0.193717
0.057160 0.178906
0.023783 0.218576
0.079264 0.193415
0.054211 0.212004
0.077883 0.243726
0.028249 0.000189
0.018748 0.000659
0.056005 0.049266
0.041344 0.045287
0.021828 0.139226
0.016435 0.087943
0.041827 0.112641
0.054154 0.120224
0.043142 0.172421
0.070556 0.164016
0.085776 0.155329
0.054681 0.193843
0.093080 0.209479
0.065064 0.238346
0.156846 0.221511
0.037561 0.000508
0.052168 0.015960
0.030284 0.052485
0.042644 0.075451
0.028802 0.110753
0.037888 0.095879
0.069310 0.126628
0.103795 0.138505
0.020471 0.167920
0.064709 0.152273
0.023259 0.240687
0.070566 0.205306
0.073676 0.178648
0.032649 0.354582
0.046503 0.000173
0.033495 0.014369
0.063967 0.025257
0.054114 0.034789
0.032292 0.066143
0.060853 0.073700
0.015708 0.104497
0.067834 0.109271
0.093315 0.128595
0.081271 0.141454
0.091593 0.173001
0.123827 0.167440
0.109750 0.184878
0.162428 0.192233
0.136941 0.221573
0.055661 0.000751
0.074239 0.014582
0.074202 0.033464
0.049107 0.061355
0.067623 0.062705
0.030616 0.086078
0.053925 0.086962
0.054757 0.101903
0.146625 0.148350
0.102798 0.153651
0.120705 0.149464
0.138858 0.177258
0.072801 0.222661
0.153439 0.178692
0.064483 0.000258
0.073654 0.000936
0.086660 0.022636
0.086325 0.041218
0.070982 0.047248
0.081284 0.058695
0.091370 0.085803
0.069892 0.083974
0.082625 0.120213
0.128112 0.137083
0.175392 0.162104
0.106131 0.165698
0.143425 0.196316
0.122875 0.188386
0.130443 0.239476
0.082765 0.000028
0.100650 0.016657
0.111961 0.029455
0.110704 0.044025
0.097024 0.051511
0.084658 0.073420
0.075313 0.095056
0.085952 0.105264
0.103547 0.115478
0.144131 0.133494
0.140053 0.159547
0.161925 0.145271
0.177484 0.181852
0.162259 0.234854
0.091309 0.000226
0.109037 0.000585
0.119230 0.017075
0.097544 0.033175
0.113841 0.057648
0.098220 0.066209
0.106517 0.078370
0.099374 0.098623
0.115862 0.109310
0.116408 0.126961
0.165471 0.130305
0.160848 0.164657
0.238010 0.195629
0.132492 0.204889
0.148532 0.238312
0.100094 0.001011
0.131481 0.026295
0.125217 0.038922
0.130205 0.052930
0.135250 0.065713
0.118739 0.071329
0.112754 0.091851
0.127550 0.094969
0.137524 0.106798
0.131780 0.119100
0.179529 0.144255
0.210194 0.174743
0.207359 0.195327
0.094283 0.191354
0.117823 0.000450
0.143968 0.000489
0.142058 0.016953
0.141294 0.039855
0.147806 0.054114
0.156626 0.067271
0.130981 0.079826
0.157082 0.102206
0.150863 0.118246
0.166871 0.115373
0.184179 0.128854
0.192008 0.158439
0.230595 0.177326
0.231226 0.211546
0.165565 0.206310
0.126553 0.000558
0.151006 0.029167
0.159315 0.041763
0.165308 0.056349
0.180721 0.062796
0.148186 0.077687
0.144515 0.092805
0.174192 0.099814
0.202456 0.127975
0.197431 0.142195
0.210862 0.160391
0.192001 0.175246
0.277379 0.219281
0.246298 0.218941
0.135163 0.000930
0.178560 0.000299
0.161525 0.018805
0.176936 0.045652
0.171277 0.075307
0.163202 0.087491
0.187584 0.094222
0.184876 0.113959
0.213620 0.144743
0.212363 0.117289
0.227396 0.160783
0.249156 0.182463
0.262734 0.237340
0.191562 0.193697
0.180693 0.206071
0.152696 0.000297
0.169899 0.031453
0.192266 0.051330
0.196292 0.069607
0.185394 0.080487
0.208269 0.097448
0.198116 0.108245
0.229896 0.119797
0.223232 0.134263
0.245962 0.165100
0.274732 0.196056
0.221072 0.193250
0.193451 0.241715
0.179169 0.241457
0.161357 0.000665
0.178801 0.019590
0.187929 0.034603
0.201981 0.038665
0.214653 0.074181
0.204017 0.084139
0.223294 0.105021
0.253201 0.125602
0.240817 0.134543
0.238308 0.148484
0.264305 0.178296
0.257523 0.199285
0.261826 0.216679
0.217837 0.217225
0.216399 0.246498
0.169958 0.000841
0.215482 0.032772
0.205915 0.058682
0.238726 0.053038
0.225156 0.061215
0.225847 0.090716
0.263149 0.138899
0.277660 0.132182
0.257113 0.153280
0.288370 0.201843
0.293278 0.222522
0.310391 0.249895
0.296451 0.241336
0.227501 0.250164
0.187088 0.000909
0.193716 0.021065
0.236776 0.028886
0.216707 0.049172
0.243115 0.068246
0.230200 0.077013
0.243304 0.112003
0.283533 0.116359
0.270199 0.164463
0.322524 0.215921
0.304776 0.180997
0.278164 0.244836
0.344114 0.297211
0.269855 0.263728
0.244652 0.254725
0.195625 0.000278
0.207727 0.020257
0.255677 0.030865
0.256258 0.057674
0.247278 0.083025
0.241647 0.096930
0.266464 0.117489
0.296968 0.147937
0.285420 0.180893
0.305073 0.198657
0.308232 0.222512
0.342611 0.271780
0.196494 0.215564
0.186271 0.228581
0.204143 0.000963
0.254890 0.000966
0.224517 0.019429
0.229062 0.039954
0.262000 0.072898
0.262939 0.087858
0.258491 0.103335
0.276171 0.101027
0.313534 0.147071
0.278227 0.149375
0.347711 0.247678
0.324811 0.236441
0.334704 0.253411
0.308016 0.283318
0.240829 0.235923
0.212622 0.000779
0.245391 0.018664
0.272739 0.032466
0.271431 0.059956
0.282624 0.072101
0.279225 0.085861
0.299331 0.115043
0.294862 0.132313
0.324713 0.163303
0.307019 0.164586
0.367107 0.243421
0.371310 0.271987
0.368749 0.302403
0.213244 0.231188
0.221095 0.000128
0.288477 0.000621
0.264173 0.018617
0.248664 0.042587
0.288081 0.058033
0.296825 0.083597
0.293405 0.099642
0.315713 0.111959
0.311638 0.129054
0.362868 0.160649
0.338929 0.185644
0.289845 0.165946
0.386527 0.292008
0.388225 0.272605
0.317405 0.266097
0.229522 0.000862
0.280840 0.020821
0.285688 0.044751
0.267188 0.044727
0.313368 0.080763
0.309128 0.096883
0.325721 0.095531
0.327745 0.130142
0.330704 0.147026
0.374853 0.198618
0.339839 0.220987
0.361424 0.211248
0.255964 0.258544
0.356487 0.297781
0.237898 0.000247
0.313390 0.000944
0.291959 0.033110
0.304707 0.053528
0.301280 0.068558
0.329206 0.079417
0.355244 0.088296
0.331033 0.113511
0.347040 0.150531
0.358682 0.121929
0.340328 0.167754
0.321758 0.181900
0.324367 0.200086
0.296135 0.267311
0.380239 0.314430
0.246359 0.000275
0.297206 0.018884
0.320358 0.049380
0.319128 0.065228
0.334403 0.063132
0.344080 0.078508
0.359386 0.104128
0.343858 0.132581
0.372649 0.127118
0.360098 0.140829
0.343652 0.203796
0.399713 0.254121
0.283555 0.266792
0.359477 0.267039
0.263384 0.000368
0.338246 0.000275
0.306424 0.039507
0.336999 0.048288
0.350031 0.062689
0.362460 0.073331
0.371089 0.090408
0.341005 0.096710
0.345347 0.113826
0.374829 0.146863
0.381534 0.165265
0.372802 0.223867
0.402222 0.193983
0.470856 0.366926
0.387557 0.209416
0.271850 0.000819
0.310231 0.026208
0.325619 0.035100
0.381988 0.051438
0.367928 0.058658
0.377993 0.073913
0.402743 0.123881
0.374586 0.108171
0.387469 0.118539
0.388337 0.135083
0.354554 0.175752
0.418071 0.336960
0.611045 0.367888
0.334024 0.290611
0.280188 0.000758
0.363043 0.000845
0.355747 0.048585
0.343566 0.035534
0.372836 0.039548
0.396937 0.079932
0.385163 0.091172
0.422776 0.096844
0.425960 0.115715
0.407250 0.142793
0.392846 0.151175
0.397453 0.168500
0.390101 0.185885
0.373055 0.178802
0.429643 0.346905
0.296882 0.000659
0.321764 0.019507
0.351584 0.019817
0.389786 0.035622
0.389295 0.065660
0.405498 0.094594
0.394050 0.105185
0.418061 0.130571
0.434176 0.134577
0.412736 0.160317
0.411915 0.178844
0.442243 0.209892
0.318820 0.286509
0.419799 0.316727
0.305191 0.000989
0.336372 0.022476
0.381082 0.023012
0.397460 0.051365
0.414161 0.080880
0.453870 0.080217
0.436591 0.104953
0.411212 0.110052
0.444783 0.092508
0.426726 0.172947
0.464730 0.181515
0.444310 0.173793
0.429571 0.218080
0.411363 0.206795
0.359304 0.193076
0.321704 0.000248
0.359139 0.034483
0.395159 0.021275
0.406663 0.036957
0.422684 0.038284
0.424239 0.068995
0.462669 0.095539
0.465961 0.118804
0.446531 0.144107
0.423830 0.149370
0.436517 0.157422
0.429670 0.243323
0.402987 0.331095
0.351505 0.230060
0.330025 0.000749
0.404119 0.000697
0.367086 0.022108
0.409346 0.023326
0.406243 0.065511
0.442219 0.069104
0.432550 0.083002
0.454501 0.108818
0.443193 0.121425
0.455462 0.164321
0.473884 0.134676
0.397494 0.223746
0.415303 0.225125
0.402808 0.306788
0.438604 0.352089
0.346484 0.000315
0.437768 0.039032
0.414801 0.053527
0.445967 0.054767
0.478765 0.070918
0.486269 0.093221
0.462642 0.149522
0.456358 0.131168
0.481309 0.302964
0.423970 0.197778
0.437261 0.190416
0.458022 0.219204
0.432986 0.307463
0.389279 0.320179
0.354801 0.000555
0.412276 0.000797
0.477147 0.000157
0.450293 0.022807
0.422880 0.021672
0.493635 0.067598
0.473085 0.084441
0.496334 0.082143
0.479928 0.150586
0.476350 0.105722
0.440866 0.291054
0.465550 0.205070
0.384165 0.234258
0.418117 0.258938
0.473677 0.243500
0.371256 0.001011
0.460976 0.000088
0.436670 0.023592
0.430113 0.054820
0.516001 0.110437
0.531731 0.121005
0.495954 0.109042
0.491125 0.137212
0.473214 0.166852
0.409235 0.240220
0.381151 0.253573
0.552147 0.400181
0.503637 0.386875
0.433590 0.266282
0.379461 0.000518
0.452915 0.000411
0.485279 0.001017
0.485527 0.036873
0.520752 0.035381
0.554067 0.149016
0.522146 0.148179
0.516761 0.127195
0.579372 0.202955
0.447629 0.314809
0.513179 0.384207
0.971577 0.142729
0.524420 0.250322
0.445316 0.337329
0.406565 0.271998
0.420387 0.000058
0.469065 0.000044
0.600061 0.041066
0.462252 0.068905
0.462202 0.054400
0.527085 0.168212
0.506728 0.142549
0.483908 0.120650
0.509140 0.207348
0.452805 0.192222
0.476636 0.373524
0.425054 0.286534
0.461042 0.321544
0.407159 0.288786
0.395884 0.000143
0.436650 0.001035
0.509639 0.001238
0.463445 0.023502
0.605423 0.157998
0.507942 0.060074
0.576796 0.279269
0.494443 0.156812
0.452320 0.278937
0.482695 0.178468
0.981697 0.243681
0.573497 0.309244
0.582880 0.298232
0.461970 0.355236
0.536199 0.393181
0.534063 0.000186
0.501551 0.000662
0.428554 0.000159
0.119497 0.238888
0.477682 0.053943
0.505466 0.096937
0.442264 0.233176
0.559388 0.265588
0.498621 0.221897
0.554276 0.398025
0.887671 0.195439
0.500334 0.292273
0.644125 0.352418
0.480847 0.323335
0.599292 0.000904
0.550304 0.000255
0.387645 0.000164
0.493464 0.000545
0.531737 0.022712
0.469226 0.039172
0.511606 0.078113
0.548159 0.133358
0.499598 0.193670
0.641944 0.349315
0.445697 0.259374
0.477351 0.347648
0.491601 0.338272
0.466403 0.302781
0.515980 0.361027
0.591149 0.001050
0.517801 0.000241
0.444787 0.001183
0.491817 0.021593
0.453164 0.038786
0.929286 0.225679
0.616002 0.359526
0.520263 0.395873
0.563702 0.336495
0.511975 0.310524
0.633872 0.357643
0.497096 0.358966
0.496402 0.320393
0.524693 0.227923
0.615494 0.000841
0.566690 0.000200
0.503199 0.028008
0.525978 0.000672
0.492962 0.051181
0.505356 0.042559
0.522524 0.050051
0.501545 0.123081
0.532923 0.136206
0.497745 0.172879
0.488534 0.209556
0.460187 0.256087
0.489853 0.237530
0.475335 0.265544
0.526368 0.311311
0.631869 0.000850
0.542184 0.000808
0.545715 0.022761
0.515664 0.020667
0.477284 0.023517
0.522112 0.066759
0.545517 0.110053
0.557521 0.118776
0.566428 0.132570
0.510985 0.160874
0.467221 0.284002
0.525745 0.212929
0.491223 0.262978
0.508669 0.342086
0.639987 0.000047
0.558458 0.000956
0.577223 0.023092
0.569474 0.037782
0.554945 0.035899
0.531467 0.102948
0.556601 0.097234
0.578342 0.118573
0.555226 0.166848
0.511710 0.180331
0.542927 0.214939
0.527416 0.342974
0.475862 0.223356
0.503136 0.251264
0.601898 0.371517
0.656372 0.000851
0.605380 0.024238
0.591655 0.022461
0.561788 0.021424
0.536365 0.038761
0.536635 0.059501
0.521313 0.092102
0.543552 0.090300
0.570327 0.151190
0.541514 0.174792
0.557638 0.248350
0.523866 0.188592
0.510470 0.235786
0.457962 0.236475
0.664603 0.000511
0.574860 0.000254
0.620312 0.021956
0.548431 0.049137
0.575947 0.052277
0.560429 0.057912
0.531853 0.080012
0.557810 0.078062
0.568980 0.106704
0.571796 0.170731
0.551324 0.188883
0.535381 0.196339
0.566136 0.321200
0.547025 0.365980
0.549319 0.330177
0.681071 0.000884
0.582995 0.000253
0.607390 0.001068
0.585550 0.038500
0.546897 0.069531
0.585375 0.075672
0.570947 0.086145
0.585617 0.151942
0.600609 0.142211
0.568229 0.186252
0.538825 0.153700
0.517853 0.292325
0.524910 0.273610
0.487696 0.281007
0.689214 0.000182
0.623707 0.000830
0.633734 0.025195
0.622962 0.061148
0.591217 0.056653
0.572971 0.067498
0.582426 0.095319
0.582233 0.134739
0.612688 0.121317
0.631113 0.122481
0.543111 0.235611
0.622469 0.152957
0.557893 0.227226
0.572185 0.219748
0.597272 0.291874
0.705744 0.000643
0.627244 0.042307
0.630228 0.076318
0.614052 0.037791
0.609553 0.055243
0.599690 0.069526
0.596448 0.087945
0.596523 0.125332
0.603671 0.176514
0.616156 0.136311
0.611791 0.191350
0.574574 0.370017
0.479752 0.195048
0.568412 0.372854
0.714112 0.000676
0.648143 0.000430
0.647858 0.022166
0.636934 0.055034
0.613383 0.075120
0.611018 0.091232
0.591303 0.108344
0.624110 0.106141
0.642108 0.111133
0.620092 0.170857
0.587999 0.169109
0.541674 0.274490
0.539452 0.254122
0.559884 0.203390
0.535823 0.335068
0.722411 0.000589
0.664411 0.021378
0.642989 0.037684
0.653724 0.049226
0.644229 0.067579
0.606519 0.105845
0.642408 0.096426
0.652431 0.124043
0.633261 0.138319
0.588910 0.188643
0.653399 0.245765
0.554258 0.299313
0.534917 0.369966
0.510617 0.270884
0.738954 0.001093
0.672854 0.000524
0.679824 0.023550
0.660428 0.034915
0.669526 0.054180
0.659154 0.065625
0.627281 0.091381
0.659789 0.108222
0.638810 0.158204
0.630873 0.181517
0.625442 0.221212
0.633635 0.197269
0.554997 0.282626
0.561775 0.352958
0.649706 0.268384
0.747380 0.001253
0.693498 0.023348
0.675659 0.038382
0.685270 0.054071
0.681574 0.067989
0.648527 0.082071
0.660626 0.091659
0.656534 0.156201
0.645449 0.172248
0.618668 0.206155
0.596052 0.205806
0.536718 0.300244
0.634011 0.240438
0.607742 0.286696
0.755802 0.000641
0.697462 0.001118
0.708644 0.021408
0.691937 0.038829
0.700017 0.065063
0.668456 0.077614
0.674852 0.098268
0.671309 0.118825
0.648484 0.140613
0.668866 0.164426
0.588547 0.223454
0.611734 0.239079
0.576189 0.242360
0.693560 0.259784
0.637645 0.271629
0.764281 0.001103
0.722946 0.023699
0.708216 0.036230
0.703751 0.051803
0.683668 0.083639
0.694177 0.096575
0.686678 0.110526
0.675071 0.145618
0.653413 0.188328
0.665985 0.200012
0.593807 0.270860
0.606484 0.222776
0.740319 0.244203
0.627903 0.258953
0.772708 0.001071
0.730626 0.000988
0.739814 0.020637
0.720918 0.060515
0.699425 0.081918
0.708228 0.102886
0.700337 0.119460
0.664410 0.135092
0.668747 0.179267
0.581918 0.258223
0.681106 0.190403
0.660869 0.218447
0.682923 0.211320
0.664372 0.260799
0.669004 0.232542
0.789542 0.000379
0.749190 0.032982
0.732206 0.034131
0.713244 0.074432
0.717230 0.090792
0.717563 0.115482
0.684711 0.128526
0.693614 0.142760
0.647440 0.207029
0.706940 0.211431
0.722788 0.200841
0.593341 0.242578
0.689015 0.224983
0.610556 0.258787
0.798010 0.000523
0.759655 0.020038
0.720543 0.045310
0.738541 0.062887
0.740792 0.086714
0.729622 0.098813
0.740689 0.109033
0.707963 0.132638
0.686423 0.158902
0.707266 0.152475
0.643751 0.226105
0.695355 0.198648
0.707395 0.235401
0.760446 0.230834
0.680145 0.260989
0.806582 0.000573
0.774144 0.043006
0.754506 0.046742
0.729007 0.076128
0.760597 0.083354
0.753514 0.096787
0.761657 0.107948
0.722780 0.139553
0.743166 0.156091
0.742400 0.187075
0.719676 0.221124
0.685404 0.241997
0.710153 0.250273
0.619407 0.280355
0.823600 0.000692
0.781112 0.000354
0.766417 0.032318
0.737651 0.048468
0.760598 0.058419
0.749691 0.071808
0.773962 0.091657
0.729553 0.122360
0.725170 0.155493
0.690367 0.172871
0.708645 0.168576
0.760157 0.179622
0.760530 0.205456
0.751660 0.247295
0.772032 0.245180
0.832083 0.000752
0.778543 0.020421
0.787652 0.030103
0.779339 0.056391
0.784689 0.071504
0.769270 0.071215
0.748495 0.122671
0.764757 0.125591
0.739113 0.137781
0.761708 0.156470
0.722387 0.184395
0.749748 0.169937
0.723737 0.248830
0.734016 0.227639
0.840633 0.000421
0.815126 0.000249
0.799902 0.019252
0.791976 0.043294
0.796049 0.059932
0.804291 0.082149
0.789304 0.085081
0.788409 0.100713
0.776829 0.111104
0.704922 0.185092
0.729175 0.171160
0.739128 0.202321
0.783840 0.200314
0.876145 0.227381
0.785252 0.243190
0.858018 0.000389
0.818703 0.020045
0.805657 0.031862
0.807562 0.049438
0.809143 0.068214
0.829068 0.068330
0.806986 0.097709
0.798701 0.111903
0.755102 0.140913
0.773135 0.140461
0.776864 0.160142
0.779374 0.173750
0.748733 0.216463
0.774731 0.214939
0.866491 0.000200
0.849429 0.000605
0.840523 0.018374
0.830080 0.028783
0.819673 0.038873
0.834937 0.044745
0.821544 0.081362
0.822019 0.097179
0.815601 0.116975
0.784485 0.125389
0.788457 0.140704
0.800268 0.165850
0.793302 0.182952
0.770538 0.190602
0.788310 0.229216
0.883849 0.000314
0.871395 0.019079
0.856422 0.021058
0.846376 0.033404
0.821661 0.056076
0.849906 0.072476
0.838077 0.082482
0.832583 0.108207
0.830155 0.124069
0.801915 0.127157
0.795804 0.151507
0.813063 0.173845
0.824406 0.184099
0.801671 0.235792
0.892553 0.000595
0.875236 0.001035
0.886131 0.019592
0.863734 0.034933
0.852724 0.047110
0.842330 0.059117
0.861586 0.059746
0.856871 0.087572
0.842389 0.097174
0.852853 0.109589
0.813848 0.136564
0.812744 0.153704
0.876978 0.181982
0.851242 0.218131
0.819038 0.234388
0.901341 0.000329
0.918495 0.019277
0.879634 0.034300
0.891191 0.046339
0.872815 0.047511
0.878595 0.060824
0.868058 0.073856
0.865546 0.100025
0.873413 0.113439
0.827737 0.141595
0.846244 0.123267
0.828262 0.159483
0.838969 0.185200
0.803904 0.193416
0.910292 0.000136
0.919087 0.000397
0.925780 0.031892
0.902285 0.017434
0.895866 0.032182
0.896502 0.059516
0.905435 0.070459
0.876539 0.085535
0.885205 0.096485
0.863879 0.126081
0.881284 0.129111
0.844779 0.137906
0.840817 0.166032
0.882701 0.235760
0.833938 0.216371
0.927943 0.000255
0.934593 0.017025
0.910561 0.033231
0.908897 0.046094
0.928727 0.071328
0.888904 0.073404
0.897882 0.087040
0.887847 0.112366
0.901756 0.120938
0.865579 0.140014
0.867087 0.154989
0.878772 0.164957
0.857138 0.169219
0.822786 0.201497
0.937067 0.000964
0.955805 0.017080
0.944321 0.026540
0.926999 0.050456
0.916737 0.059831
0.915473 0.081396
0.903145 0.105177
0.920560 0.110997
0.917619 0.124727
0.886394 0.143864
0.899307 0.167359
0.894466 0.155789
0.847975 0.151985
0.858539 0.183192
0.814353 0.217386
0.946067 0.000002
0.953084 0.037192
0.936666 0.040624
0.939291 0.057828
0.945870 0.071547
0.915334 0.095003
0.934796 0.128163
0.917129 0.140662
0.914452 0.155605
0.932162 0.168843
0.953820 0.179790
0.920089 0.176991
0.899554 0.181152
0.833959 0.234910
0.955180 0.000417
0.970601 0.016143
0.965735 0.031396
0.952333 0.052872
0.969728 0.087293
0.933909 0.085206
0.932023 0.099468
0.900772 0.136883
0.951932 0.150986
0.933109 0.155495
0.955568 0.165305
0.909729 0.192853
0.966704 0.216889
0.873867 0.211081
0.934312 0.199921
0.964313 0.000944
0.987720 0.019973
0.967396 0.048240
0.959645 0.076730
0.966878 0.117083
0.958644 0.136739
0.955317 0.123448
0.959256 0.197565
0.997850 0.309147
0.936993 0.185446
0.974000 0.190535
0.930614 0.237829
0.865161 0.199392
0.944318 0.250127
0.973657 0.000965
0.996172 0.000773
0.980724 0.032450
0.986940 0.084315
0.948866 0.088967
0.949948 0.103921
0.970775 0.163896
0.983189 0.155075
0.978260 0.206668
0.952174 0.224579
0.999324 0.351236
0.963380 0.356965
0.861940 0.237517
0.894291 0.208828
0.850323 0.236985
0.983356 0.000139
0.979500 0.046793
0.963660 0.062488
0.980791 0.100228
0.964443 0.101896
0.939418 0.114644
0.998724 0.273893
0.996351 0.296921
0.999673 0.249506
0.958898 0.246936
0.973325 0.288316
0.970706 0.235733
0.946911 0.267701
0.798591 0.209781
0.999555 0.008003
0.999291 0.040715
0.986643 0.060222
0.975773 0.071767
0.999216 0.103396
0.999162 0.180555
0.999251 0.136383
0.998944 0.147021
0.999293 0.321145
0.999113 0.261749
0.999018 0.332495
0.944587 0.210716
0.961507 0.349669
0.999689 0.225171
0.907338 0.218844
0.999353 0.000767
0.999170 0.050153
0.999530 0.071238
0.999552 0.092985
0.999680 0.114251
0.981911 0.131548
0.978310 0.177048
0.967803 0.283674
0.998878 0.236863
0.999617 0.191577
0.999524 0.287435
0.971428 0.352862
0.845874 0.199704
0.940348 0.264231
0.999322 0.020507
0.999300 0.031423
0.999819 0.060790
0.999653 0.081554
0.983232 0.115658
0.999086 0.125406
0.999271 0.202556
0.937936 0.141040
0.999966 0.213842
0.999177 0.158130
0.999332 0.169478
0.919514 0.205849
0.994618 0.350951
0.898327 0.238382
0.910024 0.235154
