0.000521 0.026038
0.000259 0.058844
0.000871 0.089145
0.000691 0.121366
0.000222 0.132618
0.004157 0.284758
0.000067 0.175562
0.000976 0.186222
0.000285 0.295481
0.045351 0.337020
0.111518 0.237694
0.046966 0.221986
0.038439 0.241421
0.101156 0.227837
0.000870 0.015543
0.000436 0.038758
0.000358 0.069136
0.024198 0.040486
0.020992 0.154509
0.000258 0.197657
0.000487 0.164520
0.000756 0.262527
0.001181 0.229904
0.000521 0.240962
0.000261 0.325954
0.000314 0.337228
0.044876 0.253516
0.050228 0.257397
0.117184 0.203791
0.000805 0.001279
0.000778 0.048369
0.000143 0.078937
0.000652 0.099665
0.000348 0.110507
0.000602 0.208573
0.000919 0.153640
0.000322 0.273156
0.000108 0.219159
0.024725 0.300708
0.000350 0.317439
0.023103 0.302839
0.049476 0.329549
0.068856 0.241769
0.000594 0.000663
0.018353 0.019471
0.030527 0.030622
0.018235 0.072691
0.015697 0.126459
0.059716 0.135890
0.031593 0.126899
0.000702 0.252104
0.041758 0.193781
0.030244 0.179743
0.034472 0.208937
0.004926 0.362514
0.001838 0.354848
0.015421 0.358858
0.115756 0.219214
0.008490 0.000569
0.042895 0.028269
0.006742 0.032913
0.012716 0.056672
0.000436 0.143198
0.037122 0.154287
0.041592 0.136227
0.050615 0.152789
0.019031 0.192999
0.058077 0.174945
0.025310 0.218783
0.082460 0.191792
0.057708 0.209410
0.086652 0.241570
0.028193 0.000464
0.018884 0.000312
0.056619 0.049628
0.041456 0.047143
0.022337 0.139792
0.015326 0.090345
0.044048 0.111478
0.054311 0.121032
0.044439 0.170475
0.074014 0.161303
0.087198 0.152648
0.057273 0.191187
0.098696 0.207638
0.072188 0.232626
0.162230 0.221950
0.037506 0.000462
0.052395 0.015664
0.028895 0.053647
0.042887 0.078480
0.028844 0.110120
0.038390 0.095516
0.069967 0.124244
0.106599 0.136222
0.019844 0.169420
0.066609 0.149701
0.023237 0.239979
0.074874 0.204274
0.077072 0.175875
0.041134 0.342774
0.046506 0.000285
0.033552 0.014944
0.064331 0.024796
0.054089 0.035065
0.032197 0.067401
0.060255 0.071162
0.016477 0.106952
0.068159 0.108179
0.095232 0.128084
0.081944 0.138410
0.093874 0.171462
0.126298 0.164610
0.112597 0.182188
0.166342 0.192805
0.142797 0.220712
0.055728 0.000729
0.075994 0.015300
0.074949 0.033513
0.047048 0.062333
0.068925 0.061977
0.028871 0.085085
0.054986 0.087151
0.054301 0.100600
0.149473 0.147308
0.105462 0.150383
0.124098 0.149399
0.143245 0.175647
0.076243 0.218086
0.158278 0.178590
0.064556 0.000335
0.073653 0.000095
0.087891 0.022915
0.087706 0.041677
0.070441 0.046008
0.082560 0.057407
0.090642 0.085335
0.070942 0.081897
0.083868 0.118529
0.130536 0.135491
0.180234 0.164361
0.109940 0.164858
0.146331 0.195967
0.127204 0.185905
0.134897 0.240931
0.082900 0.001013
0.102085 0.017995
0.114688 0.029716
0.112053 0.043137
0.098508 0.052136
0.085463 0.072899
0.075061 0.094240
0.087303 0.103242
0.103074 0.114128
0.146768 0.133177
0.142497 0.159087
0.166302 0.146060
0.179396 0.182065
0.169330 0.235781
0.091542 0.001082
0.109094 0.000386
0.120726 0.017039
0.099269 0.032788
0.114207 0.058086
0.099358 0.065913
0.106445 0.079273
0.101351 0.097372
0.117309 0.108833
0.118365 0.125989
0.167195 0.130297
0.163445 0.162694
0.244065 0.199611
0.136681 0.205636
0.154887 0.238648
0.100268 0.000446
0.132999 0.025829
0.128353 0.039765
0.130887 0.053633
0.137584 0.065987
0.120241 0.070742
0.115623 0.091373
0.128619 0.094763
0.139478 0.106854
0.133940 0.118991
0.181851 0.144512
0.215116 0.176850
0.212039 0.199360
0.099516 0.189306
0.117882 0.000666
0.144038 0.000884
0.144540 0.017455
0.143172 0.040520
0.149501 0.055367
0.158872 0.067363
0.132438 0.079664
0.159478 0.102480
0.153164 0.118571
0.170247 0.115464
0.186675 0.129564
0.195106 0.158898
0.235605 0.180569
0.237278 0.216293
0.169275 0.206906
0.126691 0.001059
0.152661 0.029473
0.160109 0.042888
0.169010 0.056989
0.184168 0.062687
0.149928 0.078399
0.145754 0.093172
0.177207 0.099318
0.205748 0.128771
0.200429 0.142482
0.213159 0.162046
0.196510 0.176761
0.282943 0.225685
0.250840 0.224581
0.135264 0.000478
0.178582 0.000467
0.163728 0.018660
0.178029 0.045542
0.172813 0.075781
0.163767 0.087544
0.191192 0.095247
0.186869 0.114097
0.218352 0.147279
0.215531 0.118040
0.231491 0.162662
0.253797 0.184830
0.266455 0.242435
0.196045 0.192678
0.185651 0.208106
0.152820 0.000326
0.170965 0.031404
0.194624 0.050139
0.198431 0.069632
0.186187 0.080769
0.212160 0.096933
0.201343 0.109085
0.233170 0.120502
0.226837 0.135782
0.250255 0.167687
0.279629 0.200056
0.225045 0.195444
0.196741 0.246349
0.186048 0.245136
0.161417 0.000684
0.180717 0.019664
0.188561 0.034917
0.203908 0.037256
0.217110 0.074454
0.204764 0.083923
0.227316 0.105423
0.257771 0.126808
0.244947 0.135522
0.242752 0.149747
0.271546 0.183420
0.262718 0.203831
0.267536 0.222734
0.221390 0.219235
0.223021 0.250574
0.170037 0.000796
0.218335 0.032056
0.208037 0.058931
0.240765 0.052764
0.227403 0.061012
0.227749 0.089790
0.266705 0.140438
0.282532 0.134379
0.261792 0.156326
0.294854 0.207231
0.298132 0.228430
0.314122 0.255790
0.300798 0.248756
0.230285 0.257433
0.187103 0.000518
0.195267 0.021350
0.238669 0.028563
0.217282 0.048921
0.246395 0.067235
0.233475 0.076096
0.248013 0.112765
0.288672 0.117982
0.274264 0.167080
0.326940 0.220419
0.306651 0.185180
0.281952 0.250153
0.343052 0.304577
0.273036 0.270071
0.248022 0.260017
0.195609 0.001157
0.209171 0.019966
0.258370 0.030796
0.258294 0.057724
0.250660 0.083052
0.243400 0.096748
0.271778 0.118297
0.300769 0.151303
0.290623 0.185457
0.310149 0.203723
0.312092 0.227172
0.344328 0.277369
0.202225 0.215356
0.193155 0.229916
0.204101 0.000030
0.254871 0.000414
0.226624 0.018954
0.230978 0.039868
0.265650 0.073608
0.265546 0.089160
0.260619 0.104142
0.278504 0.102252
0.318223 0.149824
0.282964 0.152704
0.349784 0.251532
0.327445 0.242604
0.337274 0.258728
0.310695 0.289687
0.244515 0.241774
0.212585 0.001012
0.247791 0.018132
0.275801 0.032816
0.274620 0.060384
0.284974 0.072850
0.282270 0.086820
0.303999 0.117356
0.298621 0.135921
0.328567 0.167302
0.312663 0.167793
0.367978 0.246758
0.372060 0.277341
0.369726 0.307968
0.219895 0.235525
0.221028 0.001119
0.288474 0.001143
0.266581 0.019251
0.250067 0.041628
0.291560 0.058704
0.299514 0.084903
0.295398 0.101012
0.319073 0.113699
0.314766 0.132156
0.364961 0.163291
0.342478 0.188851
0.293565 0.168069
0.386059 0.296716
0.388661 0.278084
0.321604 0.270796
0.229476 0.000059
0.283910 0.021060
0.286128 0.045238
0.268119 0.045354
0.316801 0.082301
0.311571 0.098435
0.328261 0.097691
0.330291 0.132659
0.335249 0.149576
0.378336 0.201895
0.343402 0.225857
0.363520 0.215383
0.259946 0.265762
0.356616 0.302513
0.237850 0.000318
0.313460 0.000447
0.294995 0.034116
0.307311 0.055321
0.304428 0.070206
0.332360 0.082015
0.358228 0.090260
0.333919 0.115396
0.350608 0.154444
0.361001 0.124286
0.343521 0.171387
0.325433 0.185549
0.327741 0.203815
0.298770 0.273794
0.379477 0.319185
0.246326 0.000750
0.299452 0.019423
0.323125 0.050545
0.321751 0.066565
0.337702 0.064129
0.347128 0.079590
0.362805 0.106492
0.346811 0.135386
0.374965 0.130888
0.363076 0.143408
0.344939 0.206884
0.400165 0.256836
0.285266 0.274013
0.360126 0.271446
0.263362 0.000556
0.338315 0.000554
0.308805 0.040773
0.339578 0.049411
0.353662 0.063873
0.365564 0.075565
0.374498 0.092741
0.344104 0.099057
0.348635 0.116389
0.377974 0.150918
0.383329 0.167408
0.374050 0.226399
0.403459 0.197093
0.472040 0.369810
0.389790 0.213118
0.271835 0.000885
0.312181 0.027208
0.328104 0.035867
0.384479 0.052239
0.371344 0.060200
0.381359 0.075967
0.405116 0.127458
0.377586 0.110135
0.389081 0.121852
0.390164 0.138292
0.358977 0.178890
0.416535 0.339929
0.623882 0.359174
0.336877 0.296255
0.280189 0.000411
0.363221 0.000238
0.358820 0.049494
0.346181 0.036169
0.376294 0.040409
0.400047 0.081977
0.388906 0.093066
0.424361 0.098021
0.427458 0.119331
0.408214 0.145748
0.395298 0.153912
0.400395 0.171958
0.391433 0.188343
0.375841 0.181813
0.429160 0.348283
0.296914 0.001007
0.323770 0.019903
0.353767 0.020146
0.392910 0.037492
0.392791 0.066624
0.407372 0.096169
0.396253 0.107895
0.419330 0.133103
0.435318 0.136698
0.414775 0.164114
0.413353 0.181833
0.443271 0.211165
0.318041 0.292369
0.419465 0.320906
0.305245 0.000307
0.338510 0.022866
0.383286 0.024087
0.401439 0.051516
0.416828 0.081957
0.455772 0.081255
0.437773 0.106709
0.413642 0.112383
0.446453 0.093846
0.428001 0.176229
0.464367 0.183573
0.444991 0.176463
0.430007 0.220026
0.410968 0.209798
0.362639 0.196903
0.321731 0.000762
0.361762 0.035133
0.397453 0.021446
0.409480 0.037901
0.425468 0.037197
0.426343 0.069803
0.464340 0.096403
0.466864 0.121304
0.447473 0.146837
0.424511 0.151740
0.438151 0.159974
0.431040 0.245853
0.402604 0.333957
0.354169 0.234835
0.330104 0.000952
0.404072 0.001118
0.369771 0.021905
0.411845 0.023431
0.409676 0.066869
0.444061 0.069537
0.434758 0.083347
0.455999 0.109306
0.444345 0.122137
0.455619 0.165745
0.474955 0.136798
0.398515 0.226874
0.417035 0.228489
0.402913 0.311525
0.438693 0.353634
0.346567 0.000613
0.440515 0.038979
0.418217 0.052998
0.448745 0.054909
0.480797 0.071086
0.487189 0.094790
0.462941 0.150927
0.457517 0.133362
0.482207 0.305042
0.424329 0.199622
0.436536 0.192196
0.455876 0.219969
0.431340 0.310675
0.388295 0.326217
0.354910 0.000430
0.412246 0.000770
0.477198 0.000467
0.452309 0.022346
0.425427 0.021480
0.494980 0.067597
0.474977 0.085342
0.497110 0.083238
0.480520 0.152603
0.477401 0.107310
0.441587 0.294570
0.465859 0.207783
0.386090 0.239801
0.418095 0.260504
0.473240 0.245858
0.371402 0.000135
0.461020 0.001201
0.439017 0.023475
0.433541 0.054789
0.515152 0.111412
0.531859 0.121352
0.496270 0.109007
0.492226 0.139072
0.473371 0.166914
0.409244 0.243182
0.380956 0.258037
0.558365 0.398890
0.508517 0.387193
0.431294 0.272269
0.379527 0.000632
0.452947 0.000834
0.485321 0.000489
0.486846 0.036861
0.521154 0.034975
0.552586 0.149957
0.522206 0.149879
0.516325 0.128368
0.575516 0.204443
0.447014 0.317005
0.518366 0.384450
0.969994 0.143371
0.523239 0.251718
0.446384 0.339892
0.405101 0.275576
0.420402 0.001110
0.469095 0.000288
0.598044 0.040413
0.463487 0.069139
0.464195 0.054530
0.524859 0.170898
0.507288 0.143288
0.484781 0.122574
0.508759 0.208788
0.454407 0.195692
0.477219 0.373572
0.424944 0.288899
0.461748 0.325582
0.406981 0.293558
0.395842 0.000452
0.436730 0.000426
0.509616 0.000362
0.465621 0.023177
0.601952 0.158932
0.508230 0.060186
0.575388 0.283451
0.494024 0.159150
0.453503 0.280677
0.482521 0.182494
0.981829 0.247169
0.573911 0.314515
0.581854 0.305479
0.460116 0.359293
0.541448 0.391722
0.534175 0.000832
0.501557 0.000450
0.428618 0.000856
0.127112 0.239070
0.479265 0.054656
0.505997 0.096667
0.440891 0.235348
0.557157 0.269806
0.498507 0.223886
0.562923 0.397078
0.881828 0.188585
0.499307 0.297461
0.650350 0.343802
0.480914 0.325699
0.599287 0.000216
0.550381 0.000634
0.387649 0.000847
0.493474 0.000329
0.531480 0.022544
0.471085 0.038972
0.512475 0.078558
0.547140 0.133893
0.498097 0.195596
0.654175 0.336464
0.443044 0.260468
0.475928 0.352755
0.494106 0.340318
0.464051 0.309593
0.520100 0.365350
0.591142 0.001130
0.517815 0.000772
0.444840 0.000602
0.492871 0.021076
0.455772 0.038745
0.928785 0.217173
0.626038 0.351363
0.526356 0.396533
0.569627 0.340254
0.512397 0.315947
0.647493 0.354949
0.498664 0.363284
0.499419 0.324796
0.522890 0.232495
0.615563 0.000547
0.566724 0.000705
0.503907 0.028557
0.526056 0.000420
0.493895 0.051150
0.506267 0.042317
0.522263 0.050764
0.501193 0.125140
0.531452 0.137149
0.496666 0.174650
0.485603 0.210742
0.459985 0.259098
0.489657 0.239472
0.473501 0.267185
0.526663 0.316009
0.631848 0.000399
0.542310 0.000892
0.545511 0.023431
0.515831 0.020196
0.478822 0.022701
0.523050 0.067317
0.544536 0.110737
0.556555 0.120058
0.564232 0.134629
0.510980 0.162253
0.465986 0.287316
0.523923 0.213863
0.489807 0.265056
0.509415 0.343988
0.639938 0.000034
0.558529 0.000194
0.575572 0.022842
0.568521 0.038290
0.553968 0.035749
0.530573 0.104303
0.554904 0.097521
0.575593 0.120457
0.552847 0.168447
0.510537 0.182640
0.541760 0.217702
0.528136 0.349525
0.475139 0.228006
0.501839 0.252996
0.613516 0.359414
0.656323 0.000589
0.604301 0.022245
0.589854 0.023501
0.560593 0.022068
0.536061 0.039172
0.536075 0.059850
0.520624 0.092703
0.542081 0.090331
0.567691 0.154138
0.539051 0.176924
0.554997 0.251551
0.522247 0.192838
0.508596 0.238599
0.457148 0.238377
0.664636 0.000788
0.574871 0.000440
0.619087 0.022108
0.548080 0.049110
0.574557 0.053261
0.559249 0.058751
0.531698 0.080165
0.556678 0.078745
0.567447 0.106163
0.569621 0.171976
0.549218 0.190143
0.535755 0.199047
0.567754 0.324978
0.553024 0.365821
0.550802 0.333279
0.681126 0.000738
0.583014 0.001004
0.607409 0.000848
0.583869 0.038351
0.545962 0.070179
0.583625 0.075298
0.569025 0.086387
0.584103 0.154525
0.597191 0.143075
0.565732 0.187972
0.537949 0.155405
0.518064 0.294729
0.521780 0.277578
0.487441 0.283363
0.689251 0.000441
0.623761 0.000232
0.632118 0.025035
0.620354 0.060293
0.589995 0.056362
0.571327 0.068098
0.580642 0.095360
0.579735 0.137328
0.609331 0.121765
0.627700 0.123190
0.541327 0.239464
0.619332 0.154223
0.556570 0.229042
0.568802 0.221499
0.594682 0.296074
0.705783 0.000293
0.625391 0.040436
0.628100 0.076080
0.611696 0.037633
0.606699 0.055404
0.598028 0.069695
0.593770 0.088630
0.593444 0.125685
0.599787 0.178121
0.612348 0.137911
0.608419 0.192796
0.579168 0.368714
0.479353 0.196895
0.581979 0.373497
0.714154 0.000493
0.648072 0.000097
0.646318 0.021700
0.633633 0.054131
0.612015 0.075073
0.608821 0.091545
0.588454 0.109710
0.620812 0.108279
0.639279 0.112232
0.616422 0.171146
0.585757 0.171711
0.538733 0.277901
0.536821 0.257747
0.556199 0.207093
0.537037 0.338206
0.722408 0.000236
0.662760 0.020578
0.641836 0.037361
0.651215 0.048743
0.641003 0.067070
0.603310 0.106263
0.639475 0.096990
0.647937 0.125576
0.629098 0.139062
0.586660 0.190255
0.648737 0.251231
0.553821 0.304495
0.542309 0.373472
0.506367 0.273092
0.738967 0.000288
0.672925 0.000141
0.677552 0.023050
0.658833 0.034665
0.666432 0.054106
0.656344 0.065397
0.624394 0.091555
0.656440 0.108611
0.634168 0.159503
0.627280 0.182497
0.619232 0.226383
0.628265 0.199813
0.554609 0.287371
0.567354 0.358434
0.644806 0.272000
0.747317 0.000555
0.691647 0.022948
0.673275 0.038445
0.682702 0.053387
0.678903 0.067902
0.645620 0.082187
0.657284 0.091959
0.651007 0.158430
0.642829 0.175068
0.615084 0.207808
0.594297 0.207142
0.534821 0.303700
0.628932 0.243819
0.607873 0.291354
0.755727 0.000194
0.697511 0.000300
0.706014 0.021274
0.689065 0.038941
0.695751 0.065511
0.665317 0.077587
0.671435 0.099575
0.666996 0.120544
0.644435 0.143079
0.665994 0.165200
0.584576 0.225026
0.608243 0.243178
0.572526 0.246201
0.687922 0.261425
0.633770 0.276018
0.764185 0.000064
0.719660 0.023097
0.704770 0.036225
0.701743 0.052266
0.679755 0.084527
0.689998 0.097986
0.682731 0.111958
0.669890 0.147532
0.647971 0.191101
0.660728 0.202061
0.589561 0.275330
0.602124 0.225990
0.733192 0.248155
0.623481 0.262303
0.772638 0.000537
0.730643 0.000247
0.736851 0.020530
0.717789 0.060436
0.695755 0.082617
0.704346 0.103452
0.696489 0.120728
0.660649 0.136537
0.663184 0.179579
0.578975 0.261516
0.676937 0.191504
0.655580 0.221208
0.677128 0.211989
0.658548 0.263495
0.661970 0.235905
0.789463 0.001016
0.745584 0.032588
0.728812 0.034013
0.709410 0.074143
0.713587 0.089945
0.713338 0.116097
0.680171 0.130166
0.688349 0.143220
0.641695 0.211341
0.702032 0.213103
0.717991 0.202186
0.588833 0.247439
0.682273 0.227057
0.606731 0.259611
0.797957 0.000609
0.756122 0.019916
0.717770 0.044735
0.734615 0.063084
0.736787 0.086950
0.724924 0.099687
0.736948 0.109009
0.703291 0.134041
0.683199 0.160198
0.701912 0.152612
0.638927 0.229456
0.691317 0.200939
0.702166 0.237531
0.756010 0.230749
0.674166 0.261939
0.806522 0.000174
0.770851 0.042592
0.751186 0.046715
0.725553 0.076563
0.757001 0.084501
0.748833 0.097093
0.757543 0.108619
0.717711 0.139774
0.737964 0.154732
0.739573 0.187335
0.713704 0.223009
0.679904 0.245612
0.702055 0.253081
0.616414 0.283393
0.823453 0.000402
0.781049 0.000009
0.762759 0.032203
0.735380 0.048409
0.757455 0.058894
0.746413 0.071234
0.770889 0.091094
0.725806 0.122835
0.719188 0.156322
0.685561 0.174943
0.704713 0.169490
0.757113 0.179335
0.753325 0.204055
0.747118 0.246847
0.766616 0.245690
0.831920 0.000135
0.774385 0.020263
0.784713 0.029191
0.775070 0.056398
0.781734 0.070487
0.765927 0.071588
0.743241 0.123635
0.760302 0.125501
0.734078 0.139515
0.756859 0.158278
0.717311 0.185000
0.744507 0.169489
0.719707 0.250805
0.729257 0.230973
0.840559 0.000060
0.815002 0.000426
0.796185 0.019053
0.788187 0.043384
0.792857 0.060067
0.800014 0.080840
0.786417 0.084474
0.785008 0.100770
0.771712 0.110057
0.700334 0.186039
0.726065 0.171823
0.733873 0.202097
0.779714 0.200455
0.868955 0.223619
0.777981 0.245652
0.857853 0.000229
0.813790 0.019724
0.801856 0.032595
0.804179 0.048042
0.807525 0.066721
0.826708 0.068206
0.803852 0.098325
0.794089 0.111969
0.751730 0.139323
0.768335 0.141942
0.774527 0.157647
0.773653 0.173354
0.742471 0.217556
0.768321 0.216698
0.866395 0.000615
0.849250 0.000374
0.835532 0.018733
0.826703 0.028588
0.816830 0.038060
0.833248 0.044306
0.815926 0.081757
0.818363 0.097707
0.812266 0.115423
0.778648 0.124526
0.784620 0.139177
0.794018 0.167018
0.788759 0.182366
0.766466 0.191755
0.783859 0.228781
0.883816 0.001051
0.869746 0.020156
0.853386 0.019099
0.844226 0.032736
0.819246 0.055248
0.847555 0.072128
0.833136 0.081637
0.829894 0.107926
0.824920 0.125348
0.796943 0.127161
0.792102 0.151048
0.809752 0.172849
0.819098 0.183089
0.796917 0.236741
0.892573 0.000576
0.875148 0.000602
0.884639 0.019524
0.860379 0.033681
0.851363 0.046840
0.839389 0.058187
0.859059 0.058808
0.852267 0.086665
0.838502 0.095687
0.851253 0.108010
0.809659 0.135165
0.808044 0.153988
0.873266 0.178163
0.846767 0.212373
0.812246 0.233266
0.901403 0.000108
0.918105 0.018548
0.877438 0.034258
0.890046 0.046710
0.871357 0.046296
0.877206 0.060504
0.864280 0.072709
0.863161 0.097683
0.871079 0.111094
0.824370 0.141900
0.842397 0.120595
0.823671 0.158140
0.833811 0.183154
0.801981 0.192194
0.910330 0.000438
0.919153 0.000288
0.924312 0.033554
0.901312 0.018285
0.893908 0.032360
0.895864 0.058677
0.903164 0.070358
0.873456 0.083637
0.883211 0.094401
0.859422 0.123828
0.881698 0.125731
0.840528 0.136599
0.836215 0.164453
0.878044 0.233591
0.828068 0.212391
0.928062 0.000472
0.934160 0.017214
0.909953 0.032215
0.908264 0.045682
0.927731 0.070197
0.885353 0.073535
0.896997 0.085325
0.886444 0.111282
0.901912 0.118937
0.863130 0.137246
0.864751 0.152413
0.876835 0.162370
0.854323 0.165107
0.817283 0.200482
0.937137 0.000366
0.956086 0.017145
0.942583 0.025781
0.924103 0.049637
0.915818 0.060942
0.915867 0.080426
0.900043 0.102457
0.920143 0.108207
0.917007 0.123675
0.880612 0.139375
0.897886 0.163616
0.893005 0.150562
0.846342 0.149547
0.854515 0.178491
0.807758 0.217233
0.946118 0.000566
0.952735 0.037084
0.938740 0.041058
0.938410 0.057305
0.945855 0.070153
0.911761 0.094837
0.933747 0.125390
0.917378 0.138642
0.913338 0.154316
0.933516 0.167863
0.955311 0.179165
0.916599 0.172407
0.895479 0.176958
0.827455 0.233440
0.955234 0.000886
0.970665 0.017409
0.964798 0.031667
0.953188 0.053889
0.969933 0.088167
0.932832 0.083106
0.932153 0.097209
0.900235 0.136205
0.952691 0.148590
0.930689 0.152176
0.953718 0.163150
0.904704 0.189548
0.966075 0.215998
0.869462 0.207057
0.931215 0.194077
0.964431 0.000710
0.986491 0.019448
0.967374 0.046779
0.958965 0.078365
0.968571 0.118159
0.958121 0.134984
0.954231 0.121303
0.955599 0.194493
0.996444 0.305056
0.934402 0.179747
0.973812 0.190866
0.921924 0.227518
0.859038 0.194718
0.939780 0.239458
0.973768 0.000218
0.996904 0.001372
0.980094 0.033518
0.986583 0.084725
0.949004 0.088316
0.949346 0.103481
0.969450 0.163692
0.984701 0.154208
0.977087 0.203272
0.949828 0.219052
0.999179 0.346659
0.952617 0.347862
0.854084 0.234483
0.889913 0.203552
0.842450 0.233074
0.983470 0.000817
0.981729 0.047948
0.963887 0.062545
0.980425 0.100883
0.963832 0.101921
0.938345 0.112569
0.997802 0.274294
0.991147 0.295655
0.999916 0.251283
0.963084 0.241881
0.962728 0.274642
0.970896 0.228945
0.943312 0.254328
0.790787 0.209989
0.999661 0.008264
0.999972 0.040644
0.985677 0.062470
0.974857 0.071952
0.999889 0.103797
0.999482 0.181070
0.999046 0.136537
0.998933 0.147269
0.998997 0.317002
0.999435 0.263629
0.998773 0.326906
0.942924 0.205724
0.957867 0.339759
0.999615 0.225579
0.899836 0.212500
0.999936 0.000239
0.999737 0.050092
0.998970 0.071363
0.999223 0.093309
0.998735 0.114542
0.982048 0.132896
0.977246 0.175908
0.962507 0.281284
0.999473 0.237600
0.999514 0.192072
0.999627 0.287657
0.963976 0.345003
0.842262 0.196436
0.934912 0.249244
0.999405 0.020796
0.999510 0.031466
0.999765 0.060735
0.999984 0.081773
0.982986 0.116662
0.999251 0.125599
0.999180 0.203326
0.938719 0.139514
0.999562 0.214767
0.999975 0.158856
0.999633 0.170066
0.915405 0.199082
0.993138 0.341089
0.890566 0.231897
0.903110 0.228094
