0.000327 0.024795
0.000563 0.059188
0.000888 0.089300
0.000527 0.121573
0.000889 0.132881
0.006984 0.288946
0.000195 0.176123
0.000936 0.187013
0.001332 0.296699
0.054034 0.326242
0.117239 0.241358
0.048426 0.223769
0.043430 0.241128
0.107046 0.228308
0.000312 0.014918
0.000600 0.039334
0.001138 0.069373
0.024664 0.040027
0.021266 0.159353
0.000578 0.198241
0.000841 0.164954
0.000611 0.264956
0.000180 0.230543
0.001030 0.241894
0.000140 0.322392
0.001216 0.334436
0.046491 0.255334
0.055047 0.253564
0.122726 0.204566
0.000535 0.001243
0.000189 0.048744
0.000912 0.079123
0.000687 0.099983
0.000671 0.110974
0.000298 0.208989
0.001169 0.154178
0.000225 0.275182
0.000307 0.219448
0.036467 0.297880
0.000954 0.315611
0.031193 0.297239
0.053595 0.317133
0.074576 0.240645
0.000296 0.000841
0.018228 0.021464
0.029735 0.029876
0.017910 0.073365
0.016081 0.130345
0.059043 0.136992
0.033124 0.127127
0.001156 0.253493
0.044532 0.197163
0.032849 0.184578
0.037374 0.210698
0.010539 0.354417
0.000132 0.355225
0.017331 0.353101
0.121635 0.220529
0.008955 0.000631
0.044035 0.030413
0.001116 0.033285
0.014341 0.055309
0.000370 0.143607
0.037323 0.156942
0.042266 0.138847
0.053890 0.156409
0.022499 0.197148
0.061088 0.173894
0.026992 0.222693
0.085995 0.191973
0.059980 0.210472
0.096581 0.241633
0.028295 0.000104
0.019181 0.000952
0.057352 0.051502
0.041533 0.047809
0.024109 0.144123
0.015514 0.093860
0.045462 0.113152
0.054361 0.124133
0.045752 0.172165
0.077282 0.162990
0.091377 0.152852
0.061472 0.190962
0.103413 0.209451
0.079621 0.231217
0.167397 0.225466
0.037512 0.001172
0.053520 0.015849
0.028249 0.055181
0.044062 0.081289
0.031273 0.110695
0.038338 0.097072
0.072097 0.124889
0.110615 0.136856
0.020210 0.175131
0.068804 0.149550
0.025899 0.241060
0.079558 0.204475
0.079630 0.177412
0.050126 0.327092
0.046490 0.000517
0.034109 0.016238
0.064738 0.024646
0.055477 0.036825
0.032926 0.069046
0.058903 0.070128
0.017123 0.110152
0.069454 0.108491
0.097336 0.130390
0.083169 0.137846
0.096077 0.171516
0.129927 0.166234
0.116563 0.182528
0.170426 0.196320
0.149110 0.223253
0.055803 0.000638
0.077867 0.016338
0.077138 0.033257
0.045805 0.063657
0.071299 0.062184
0.028403 0.085566
0.057628 0.087519
0.055973 0.101326
0.153206 0.148459
0.106947 0.150075
0.127886 0.150637
0.146427 0.177966
0.082332 0.217693
0.163672 0.180786
0.064694 0.000984
0.073682 0.000801
0.090084 0.023788
0.089462 0.042033
0.070503 0.045404
0.085390 0.057333
0.090963 0.086509
0.073052 0.079605
0.085829 0.118096
0.133768 0.137147
0.184652 0.168525
0.113261 0.166835
0.150374 0.198319
0.133885 0.187227
0.143212 0.246312
0.082999 0.000644
0.104892 0.018599
0.118311 0.029929
0.114468 0.043544
0.100811 0.052589
0.085673 0.072592
0.075326 0.095159
0.089437 0.103049
0.103601 0.114155
0.150585 0.133806
0.145112 0.161829
0.171213 0.149045
0.181889 0.185043
0.176934 0.241555
0.091685 0.000777
0.109068 0.000768
0.123275 0.017077
0.101796 0.033541
0.116424 0.059101
0.101590 0.067432
0.107492 0.080721
0.104409 0.097628
0.120357 0.109649
0.120256 0.125853
0.169828 0.132128
0.166585 0.163563
0.250373 0.205231
0.140486 0.209763
0.161098 0.242056
0.100306 0.000063
0.135445 0.025921
0.131296 0.040585
0.131648 0.055376
0.141080 0.066684
0.122259 0.071633
0.118445 0.091371
0.130728 0.096727
0.142716 0.108284
0.135882 0.120926
0.185765 0.147310
0.221419 0.182445
0.215774 0.205382
0.104258 0.191261
0.117856 0.000383
0.144025 0.000118
0.147322 0.018433
0.145712 0.041564
0.151501 0.056749
0.161810 0.068206
0.134137 0.080958
0.162798 0.104612
0.156411 0.119964
0.174963 0.116705
0.190705 0.131267
0.199614 0.160821
0.240486 0.184927
0.242909 0.222358
0.173270 0.211778
0.126791 0.000774
0.155116 0.030372
0.161592 0.044707
0.173162 0.058542
0.187971 0.063267
0.151882 0.079969
0.148447 0.094404
0.179980 0.099614
0.209960 0.130846
0.204773 0.144919
0.216521 0.165084
0.202132 0.180076
0.287028 0.233069
0.255134 0.231342
0.135388 0.000960
0.178660 0.000144
0.165854 0.018722
0.179827 0.045964
0.175192 0.077183
0.166414 0.089313
0.196478 0.097713
0.190278 0.116035
0.224100 0.151037
0.219950 0.120307
0.236405 0.166125
0.258997 0.188870
0.269459 0.249252
0.200227 0.195333
0.190668 0.213436
0.152789 0.001157
0.172717 0.032677
0.197702 0.050296
0.201028 0.070781
0.188153 0.082730
0.216734 0.098412
0.205813 0.111759
0.237253 0.123248
0.230926 0.138439
0.254757 0.172016
0.283228 0.206142
0.231000 0.198987
0.199510 0.252652
0.192572 0.250921
0.161398 0.000680
0.182671 0.020047
0.189661 0.035639
0.206574 0.036901
0.220144 0.075979
0.206503 0.085596
0.231918 0.107649
0.262696 0.129604
0.249390 0.138092
0.247481 0.153683
0.277340 0.189902
0.267224 0.209695
0.272498 0.229211
0.224382 0.223630
0.226905 0.257543
0.170082 0.000369
0.220963 0.032341
0.211029 0.060501
0.242501 0.054168
0.229601 0.062101
0.229877 0.090339
0.269782 0.144214
0.285699 0.138199
0.265630 0.160074
0.299639 0.214075
0.301128 0.235899
0.316309 0.261964
0.302711 0.256693
0.232517 0.266254
0.187175 0.000149
0.197326 0.022021
0.241089 0.028939
0.218508 0.048728
0.250427 0.068634
0.237410 0.077030
0.251972 0.115705
0.292484 0.121203
0.277704 0.171879
0.329859 0.226931
0.308693 0.190886
0.285055 0.256714
0.341744 0.313165
0.275055 0.277797
0.249990 0.267449
0.195621 0.000414
0.211671 0.020340
0.261291 0.031526
0.260719 0.059327
0.253678 0.084490
0.245629 0.098122
0.276439 0.121466
0.304323 0.157153
0.294519 0.191417
0.313976 0.209606
0.315708 0.233457
0.345163 0.284614
0.207532 0.218699
0.198994 0.234598
0.204067 0.000902
0.254957 0.000013
0.229172 0.019307
0.233153 0.041625
0.268996 0.075398
0.268007 0.091750
0.262920 0.106614
0.280538 0.105608
0.321786 0.154149
0.286611 0.156965
0.351313 0.257131
0.328665 0.248429
0.337605 0.265828
0.310564 0.296693
0.247353 0.249063
0.212530 0.000121
0.250680 0.019150
0.279252 0.033984
0.278045 0.061692
0.287389 0.074597
0.285088 0.089382
0.307797 0.120926
0.301615 0.140496
0.330731 0.172201
0.315941 0.172596
0.368685 0.251684
0.371516 0.285020
0.369228 0.314016
0.224491 0.242398
0.220982 0.000579
0.288529 0.000255
0.269727 0.020476
0.251936 0.041580
0.295481 0.060020
0.301954 0.087370
0.297014 0.103882
0.321887 0.116618
0.317272 0.136787
0.366129 0.167173
0.345619 0.194075
0.296867 0.172068
0.384287 0.302178
0.387726 0.284641
0.324510 0.277480
0.229517 0.000661
0.287139 0.021692
0.287031 0.046607
0.269396 0.046855
0.319995 0.084729
0.313613 0.100883
0.330865 0.100415
0.332535 0.136179
0.338071 0.153532
0.380549 0.206727
0.344556 0.231060
0.363839 0.219547
0.262876 0.274241
0.355869 0.307762
0.237907 0.000931
0.313548 0.000854
0.298134 0.036034
0.309959 0.057653
0.307388 0.072898
0.335872 0.084588
0.360834 0.092977
0.336492 0.118493
0.352762 0.159526
0.363441 0.127340
0.345921 0.175948
0.327029 0.190490
0.329543 0.207714
0.299911 0.281557
0.376931 0.325158
0.246389 0.000819
0.302909 0.020680
0.326531 0.052182
0.324908 0.068442
0.341003 0.066114
0.350094 0.080673
0.365308 0.109071
0.348879 0.138872
0.376407 0.134343
0.364629 0.146519
0.346768 0.210844
0.398727 0.260795
0.285833 0.282403
0.359202 0.276848
0.263449 0.001313
0.338392 0.000297
0.311685 0.042739
0.343087 0.050946
0.357388 0.065120
0.368700 0.077727
0.377057 0.094726
0.347210 0.101582
0.351158 0.119158
0.379690 0.155521
0.384374 0.170906
0.375415 0.229939
0.403813 0.201514
0.471435 0.373215
0.390734 0.218092
0.271879 0.000302
0.314874 0.028322
0.330843 0.036992
0.386745 0.054639
0.374883 0.062039
0.384253 0.077854
0.406329 0.130057
0.380529 0.112683
0.390334 0.124608
0.391794 0.141603
0.361784 0.184113
0.414100 0.343483
0.634810 0.350634
0.337677 0.302827
0.280228 0.000243
0.363170 0.001002
0.361941 0.051096
0.348832 0.036956
0.379042 0.040418
0.402245 0.082891
0.392193 0.095257
0.426120 0.098920
0.429013 0.122123
0.409134 0.149196
0.397446 0.158556
0.401305 0.176085
0.391304 0.191713
0.377189 0.186576
0.428057 0.350224
0.296930 0.000393
0.326314 0.020992
0.356250 0.021779
0.395608 0.038393
0.395647 0.067258
0.409784 0.098439
0.398304 0.111042
0.420840 0.136385
0.436623 0.139013
0.416274 0.167739
0.414385 0.187517
0.443478 0.212700
0.316387 0.300256
0.418794 0.325837
0.305322 0.000109
0.341134 0.023596
0.385437 0.025128
0.404839 0.052819
0.419795 0.084086
0.457631 0.082502
0.438813 0.108065
0.415249 0.114184
0.447817 0.095186
0.429443 0.179855
0.464027 0.185644
0.446176 0.181379
0.430013 0.222800
0.410139 0.215609
0.363527 0.201948
0.321803 0.000023
0.364837 0.035563
0.399091 0.021941
0.411634 0.038840
0.427670 0.037309
0.428772 0.069839
0.466045 0.097241
0.467836 0.122651
0.447844 0.149513
0.425405 0.154074
0.438996 0.163385
0.431404 0.250673
0.401502 0.337418
0.356561 0.240214
0.330154 0.000098
0.403974 0.000563
0.372530 0.021750
0.412919 0.023226
0.412255 0.067935
0.445950 0.070514
0.436865 0.084538
0.457289 0.110429
0.446417 0.123358
0.456762 0.168637
0.475666 0.138838
0.398312 0.230990
0.417857 0.232906
0.402312 0.316268
0.438709 0.354677
0.346597 0.000280
0.443033 0.039526
0.421461 0.052793
0.451696 0.055338
0.481579 0.071681
0.487365 0.096414
0.463823 0.152805
0.457662 0.135092
0.483021 0.306424
0.423860 0.203208
0.436958 0.195053
0.455182 0.223768
0.429454 0.313442
0.386833 0.333812
0.354900 0.000266
0.412106 0.000514
0.477188 0.000215
0.454121 0.022112
0.427438 0.021242
0.496220 0.067976
0.476225 0.085420
0.496844 0.083470
0.481207 0.155592
0.477650 0.109179
0.442778 0.298318
0.467493 0.212374
0.387552 0.245987
0.418684 0.263953
0.473095 0.249459
0.371407 0.000162
0.461015 0.000587
0.441039 0.023515
0.436272 0.054942
0.514130 0.112973
0.532492 0.122155
0.496540 0.109819
0.493309 0.142074
0.474067 0.169291
0.408712 0.247045
0.379916 0.263973
0.566112 0.396218
0.512554 0.386056
0.429461 0.279719
0.379577 0.000379
0.452921 0.000088
0.485342 0.000782
0.488548 0.037091
0.521917 0.034601
0.551302 0.152296
0.523111 0.153438
0.516546 0.130106
0.572912 0.206878
0.445925 0.319658
0.521301 0.385046
0.969072 0.147223
0.521929 0.255580
0.447341 0.342792
0.404590 0.280618
0.420262 0.000455
0.469080 0.000903
0.596239 0.039164
0.465220 0.069855
0.466096 0.054736
0.524086 0.174600
0.508294 0.145719
0.485188 0.123923
0.508815 0.211993
0.455134 0.199485
0.479888 0.373883
0.424359 0.292277
0.462666 0.330858
0.406802 0.299219
0.395802 0.000434
0.436673 0.000431
0.509761 0.000371
0.467632 0.023151
0.599317 0.161779
0.508779 0.060204
0.573470 0.288457
0.494673 0.161953
0.453514 0.283272
0.482671 0.185598
0.978070 0.252004
0.575638 0.318963
0.583514 0.311062
0.456961 0.361605
0.547229 0.391226
0.534329 0.000319
0.501649 0.000857
0.428501 0.000587
0.133680 0.243960
0.480717 0.055761
0.506329 0.097145
0.440176 0.238437
0.556249 0.275105
0.498883 0.224953
0.570859 0.394759
0.875862 0.186676
0.497635 0.302142
0.659281 0.331838
0.479578 0.327596
0.599192 0.000925
0.550456 0.000049
0.387691 0.000285
0.493524 0.000902
0.531849 0.022153
0.473442 0.038818
0.512498 0.078689
0.546168 0.135407
0.498317 0.199757
0.663321 0.327116
0.440885 0.262808
0.474292 0.355812
0.495153 0.343853
0.462565 0.314298
0.523024 0.367314
0.591066 0.000810
0.517983 0.001042
0.444798 0.000418
0.494708 0.020371
0.458212 0.038695
0.925639 0.211648
0.635860 0.340180
0.532409 0.395894
0.575761 0.343531
0.513082 0.320251
0.660165 0.346373
0.500193 0.366985
0.501453 0.327742
0.523494 0.235651
0.615564 0.000699
0.566758 0.000784
0.504657 0.029071
0.526178 0.000151
0.494615 0.051025
0.507644 0.042405
0.522283 0.050632
0.501244 0.126502
0.530974 0.139599
0.495962 0.177823
0.484748 0.215830
0.458520 0.263029
0.488618 0.241673
0.471643 0.271303
0.529977 0.321710
0.631836 0.000828
0.542395 0.000790
0.545322 0.022846
0.516095 0.019903
0.480669 0.022437
0.523196 0.067533
0.544252 0.112272
0.556331 0.121718
0.562595 0.138236
0.511686 0.164857
0.466066 0.292557
0.522621 0.217071
0.488860 0.268474
0.511713 0.346564
0.639903 0.000122
0.558571 0.000650
0.574242 0.021823
0.567540 0.038748
0.553304 0.035772
0.529769 0.105835
0.553851 0.098459
0.573308 0.122746
0.551072 0.171663
0.510711 0.186317
0.540041 0.222325
0.529925 0.353818
0.474946 0.231828
0.501819 0.257640
0.627735 0.345210
0.656336 0.000160
0.602716 0.020698
0.588707 0.023654
0.560258 0.021398
0.536134 0.038943
0.535804 0.058352
0.520621 0.093573
0.540704 0.091193
0.565451 0.158148
0.536890 0.180104
0.553776 0.255681
0.520754 0.198033
0.508039 0.240697
0.456797 0.242061
0.664691 0.000825
0.574931 0.000139
0.617330 0.021964
0.548113 0.048969
0.573693 0.053312
0.558407 0.058512
0.531606 0.080523
0.555913 0.079568
0.566780 0.106946
0.567190 0.175331
0.548623 0.192172
0.536708 0.203736
0.569302 0.330160
0.559688 0.363600
0.552119 0.335568
0.681120 0.000530
0.583006 0.000374
0.607362 0.000787
0.582202 0.037733
0.545349 0.070368
0.583041 0.075136
0.567837 0.086970
0.582630 0.158240
0.594031 0.144466
0.564698 0.191579
0.537216 0.159784
0.518446 0.296616
0.519805 0.281191
0.487038 0.288155
0.689263 0.000173
0.623764 0.000857
0.630754 0.023885
0.617760 0.059220
0.588659 0.055885
0.570104 0.068537
0.579683 0.096739
0.578133 0.140958
0.606713 0.123102
0.624567 0.125080
0.539849 0.242776
0.616122 0.156737
0.555068 0.233328
0.567593 0.224636
0.594671 0.300620
0.705803 0.000942
0.623557 0.039085
0.626172 0.076589
0.609853 0.037328
0.604507 0.054832
0.596938 0.070442
0.592529 0.088928
0.590673 0.127258
0.597673 0.181929
0.608981 0.140330
0.605371 0.196054
0.587342 0.366218
0.479091 0.200423
0.594182 0.372373
0.714162 0.001041
0.648074 0.000804
0.645074 0.021167
0.631106 0.052756
0.610832 0.075626
0.607262 0.091803
0.585658 0.111562
0.618177 0.109950
0.636619 0.113646
0.613437 0.173724
0.583080 0.175970
0.536913 0.282459
0.535582 0.263701
0.553635 0.211365
0.539083 0.340086
0.722398 0.000853
0.661018 0.020487
0.640343 0.037017
0.648434 0.049567
0.638145 0.066461
0.600786 0.107121
0.636565 0.097962
0.643443 0.128132
0.625788 0.140712
0.584102 0.194287
0.644376 0.256552
0.553504 0.309059
0.549315 0.375246
0.503514 0.276743
0.738974 0.000329
0.672960 0.001037
0.675486 0.022791
0.656984 0.034792
0.663997 0.054469
0.653774 0.065616
0.622238 0.092510
0.652973 0.109612
0.629886 0.163132
0.624407 0.185939
0.615090 0.231308
0.624831 0.203971
0.554980 0.293257
0.574404 0.360855
0.641642 0.277652
0.747337 0.000983
0.689442 0.022728
0.671106 0.038486
0.680769 0.053153
0.676103 0.068577
0.642509 0.082384
0.654307 0.092887
0.646444 0.162010
0.640733 0.179812
0.611514 0.212678
0.593235 0.210467
0.536123 0.306533
0.625337 0.248161
0.609406 0.296501
0.755765 0.000422
0.697522 0.000765
0.703611 0.021286
0.686620 0.038909
0.691244 0.066476
0.662155 0.077997
0.668180 0.101473
0.662702 0.122383
0.640928 0.146403
0.663080 0.167739
0.582266 0.228396
0.605291 0.247695
0.568807 0.249177
0.683925 0.265022
0.631044 0.283263
0.764228 0.001027
0.717183 0.022195
0.701968 0.036442
0.699948 0.052986
0.675824 0.085540
0.686283 0.099589
0.678341 0.114296
0.664920 0.151392
0.642537 0.196084
0.656072 0.206184
0.588024 0.280489
0.597676 0.229374
0.726913 0.255800
0.620163 0.267182
0.772609 0.000233
0.730636 0.000301
0.733679 0.019877
0.714629 0.060370
0.692409 0.083650
0.700907 0.104208
0.692447 0.121785
0.656462 0.138729
0.657666 0.183411
0.576290 0.266746
0.672136 0.194347
0.652042 0.225287
0.670968 0.215467
0.654435 0.269140
0.656066 0.240718
0.789342 0.000632
0.741980 0.032464
0.725242 0.034365
0.705735 0.074019
0.709634 0.089783
0.709237 0.116818
0.675617 0.132224
0.682991 0.145289
0.635746 0.216540
0.696428 0.217469
0.712251 0.206596
0.586235 0.251792
0.676478 0.230767
0.602666 0.263397
0.797912 0.000363
0.751734 0.019906
0.714963 0.044296
0.730859 0.063227
0.732532 0.086971
0.719825 0.101470
0.732558 0.109215
0.699052 0.136131
0.680453 0.163078
0.696530 0.155248
0.634715 0.234196
0.687425 0.205410
0.697105 0.241306
0.751766 0.234332
0.669517 0.266300
0.806503 0.000377
0.767784 0.042320
0.747937 0.046858
0.722320 0.077656
0.752887 0.085331
0.743438 0.097326
0.752418 0.109719
0.712727 0.140652
0.732556 0.154768
0.736094 0.189909
0.708684 0.227084
0.675137 0.249736
0.695692 0.259468
0.614483 0.287840
0.823398 0.000516
0.780946 0.000647
0.759071 0.032531
0.732660 0.049073
0.753718 0.059742
0.743150 0.071430
0.767104 0.090912
0.721838 0.124219
0.713335 0.159159
0.680781 0.179817
0.700426 0.171966
0.753558 0.181290
0.746717 0.205636
0.743247 0.249526
0.761900 0.249763
0.831883 0.000227
0.769779 0.020578
0.780699 0.028954
0.770604 0.056553
0.778711 0.070372
0.762395 0.073036
0.737943 0.125065
0.755896 0.126010
0.729155 0.141567
0.752240 0.160419
0.712402 0.188214
0.738321 0.171083
0.715862 0.255213
0.724782 0.236429
0.840547 0.000227
0.814973 0.000898
0.791950 0.019360
0.783719 0.044276
0.789963 0.060714
0.796091 0.079680
0.782694 0.084902
0.781223 0.100397
0.767179 0.108958
0.695363 0.189500
0.722464 0.174243
0.728279 0.205371
0.775329 0.203061
0.860505 0.224634
0.771182 0.250514
0.857929 0.000581
0.808848 0.020213
0.798097 0.033170
0.800354 0.048338
0.805410 0.065540
0.823793 0.068228
0.799619 0.098779
0.790103 0.112873
0.747486 0.140487
0.762178 0.144476
0.771425 0.157101
0.767967 0.175165
0.736120 0.221839
0.761945 0.221279
0.866494 0.001180
0.849206 0.000727
0.830877 0.019327
0.822889 0.028888
0.813265 0.038303
0.830351 0.044357
0.810766 0.082530
0.815208 0.098190
0.808427 0.114161
0.772722 0.123594
0.780496 0.138186
0.786651 0.170252
0.783088 0.185258
0.762130 0.196016
0.779478 0.232631
0.883791 0.000382
0.866612 0.021521
0.849767 0.018529
0.841302 0.032313
0.816642 0.054827
0.843709 0.071700
0.827808 0.081707
0.826722 0.109124
0.819999 0.126222
0.792493 0.127813
0.788652 0.151856
0.805968 0.172743
0.814320 0.184770
0.793205 0.242359
0.892506 0.000342
0.875120 0.000333
0.882899 0.019694
0.856724 0.033158
0.849151 0.046678
0.835821 0.058555
0.856278 0.058390
0.847556 0.086765
0.834672 0.095076
0.849085 0.106719
0.804753 0.135006
0.803713 0.154208
0.868510 0.175331
0.843260 0.212833
0.806358 0.237770
0.901332 0.000828
0.916947 0.018756
0.875144 0.034464
0.887003 0.047070
0.868487 0.046944
0.875416 0.060679
0.860126 0.072250
0.860910 0.095856
0.867460 0.110220
0.821637 0.143212
0.838313 0.119159
0.819045 0.158566
0.830089 0.182277
0.798460 0.195082
0.910172 0.000246
0.919101 0.000885
0.923844 0.035092
0.899540 0.019604
0.891545 0.033475
0.893823 0.058400
0.900017 0.071647
0.869237 0.083195
0.880292 0.094274
0.855006 0.122035
0.881656 0.124067
0.837129 0.135342
0.831978 0.165560
0.872952 0.236778
0.822976 0.214027
0.928137 0.000882
0.932022 0.017471
0.908241 0.031534
0.905764 0.046667
0.926417 0.068464
0.881465 0.073815
0.894897 0.084485
0.884743 0.111086
0.900628 0.119130
0.860123 0.135251
0.863539 0.150461
0.876075 0.160411
0.851390 0.161882
0.811743 0.203253
0.937319 0.000552
0.954275 0.017300
0.940675 0.026531
0.921163 0.048369
0.912664 0.062356
0.914767 0.080993
0.896018 0.101600
0.918127 0.107107
0.915109 0.123765
0.875022 0.137737
0.896927 0.161083
0.890165 0.145650
0.844177 0.147972
0.849890 0.177648
0.801363 0.221034
0.946270 0.000425
0.951349 0.037669
0.938149 0.041718
0.935859 0.056913
0.944641 0.069927
0.909155 0.095379
0.931383 0.125945
0.917007 0.138859
0.911624 0.154900
0.934807 0.165604
0.956245 0.180467
0.912165 0.170918
0.891208 0.175124
0.821378 0.236360
0.955417 0.000573
0.970107 0.018010
0.963911 0.031497
0.952402 0.054736
0.968958 0.089906
0.931102 0.082537
0.929772 0.096317
0.898927 0.135823
0.951825 0.149491
0.927594 0.151320
0.950252 0.164083
0.900861 0.188266
0.966531 0.217403
0.865321 0.207051
0.926552 0.191079
0.964620 0.000484
0.984402 0.019662
0.966467 0.046513
0.957646 0.079406
0.968702 0.121536
0.957182 0.134216
0.951283 0.120802
0.952510 0.194029
0.995103 0.300904
0.932359 0.178326
0.973288 0.192010
0.910780 0.224012
0.854241 0.194025
0.934969 0.231567
0.973885 0.000142
0.998385 0.001236
0.979228 0.035007
0.985811 0.085889
0.947216 0.088469
0.948361 0.104418
0.968090 0.164705
0.983734 0.156482
0.977753 0.205531
0.947715 0.219299
0.996106 0.337644
0.945575 0.334441
0.846474 0.235102
0.883219 0.201810
0.834777 0.234393
0.983722 0.000584
0.983386 0.048976
0.964083 0.062616
0.979793 0.103072
0.962742 0.104026
0.935560 0.112311
0.995917 0.273409
0.980586 0.291383
0.999348 0.251392
0.966322 0.241933
0.952757 0.265618
0.972657 0.227859
0.941665 0.245711
0.784323 0.213871
0.999970 0.008929
0.999720 0.040522
0.983674 0.064642
0.972545 0.072906
0.999349 0.104070
0.999364 0.181690
0.999023 0.136741
0.998937 0.147707
0.999867 0.313906
0.999975 0.264018
0.999168 0.324606
0.940470 0.202734
0.953777 0.330523
0.999281 0.226753
0.894564 0.211215
0.999177 0.000936
0.999342 0.050215
0.999944 0.071498
0.999467 0.093634
0.999612 0.114780
0.980523 0.136955
0.977592 0.177271
0.958365 0.269240
0.999609 0.238575
0.999191 0.192799
0.999339 0.286087
0.954658 0.335306
0.837782 0.197107
0.927205 0.240111
0.999778 0.021079
0.999817 0.031314
0.999528 0.060763
0.999442 0.082039
0.982573 0.119268
0.999272 0.125737
0.999577 0.204345
0.938471 0.139678
0.999508 0.215755
0.999282 0.159482
0.999769 0.170802
0.911750 0.196838
0.992447 0.333436
0.882688 0.231548
0.897639 0.227703
