0.000996 0.023354
0.000884 0.060326
0.000320 0.090467
0.000376 0.122390
0.000881 0.133561
0.019148 0.291947
0.000764 0.177199
0.000390 0.188359
0.001537 0.293131
0.075545 0.296684
0.131520 0.257461
0.059323 0.235172
0.050157 0.251051
0.117913 0.242130
0.000302 0.013815
0.000981 0.041088
0.000354 0.070091
0.022145 0.041777
0.022521 0.177026
0.000277 0.199746
0.000536 0.166069
0.000250 0.268446
0.000275 0.234126
0.000563 0.245609
0.000144 0.319165
0.001541 0.329540
0.053061 0.262519
0.070448 0.251702
0.133501 0.212311
0.000285 0.000871
0.000076 0.050296
0.000558 0.080222
0.000874 0.100817
0.000097 0.111561
0.000993 0.210833
0.000450 0.155419
0.000016 0.278500
0.000860 0.222210
0.051221 0.287520
0.003757 0.302057
0.048976 0.276168
0.068154 0.280186
0.084220 0.250739
0.000720 0.000971
0.019183 0.024829
0.032275 0.030792
0.017538 0.078255
0.022038 0.143784
0.060127 0.150619
0.036269 0.136594
0.001502 0.257999
0.055518 0.209705
0.039299 0.200448
0.038709 0.224265
0.018131 0.341124
0.006959 0.343509
0.023920 0.333458
0.137968 0.236274
0.010794 0.000463
0.047006 0.034150
0.000325 0.032320
0.019006 0.057390
0.000132 0.144855
0.039799 0.171246
0.043696 0.153724
0.060307 0.169453
0.026024 0.217343
0.066819 0.183153
0.025348 0.239552
0.099192 0.200514
0.069177 0.222846
0.116228 0.252065
0.028901 0.000357
0.020308 0.000776
0.059821 0.058447
0.042617 0.047318
0.027624 0.158219
0.020062 0.103626
0.051155 0.121742
0.057819 0.134309
0.046297 0.186786
0.084849 0.171295
0.098645 0.160081
0.070118 0.202335
0.113817 0.220757
0.092563 0.245823
0.179370 0.242668
0.037660 0.000487
0.055140 0.019861
0.033707 0.060309
0.048600 0.090038
0.034038 0.117651
0.040700 0.103299
0.076007 0.133188
0.122573 0.145655
0.023815 0.195948
0.076317 0.156702
0.031512 0.249102
0.084001 0.214427
0.084096 0.190547
0.065985 0.297150
0.046734 0.000418
0.038278 0.018086
0.067583 0.026081
0.061454 0.041178
0.033616 0.077457
0.059460 0.074699
0.019876 0.124915
0.073436 0.118269
0.103218 0.139613
0.087343 0.145576
0.104052 0.181031
0.138275 0.178436
0.127069 0.193962
0.180311 0.212369
0.159512 0.239603
0.055991 0.000311
0.081652 0.018745
0.082063 0.033243
0.045571 0.066171
0.076098 0.063348
0.029072 0.091226
0.064587 0.091104
0.059521 0.108170
0.162918 0.158597
0.115033 0.160811
0.135247 0.160489
0.158394 0.190522
0.095299 0.228105
0.175685 0.191646
0.064937 0.000221
0.073608 0.000877
0.097540 0.023998
0.093138 0.042786
0.074599 0.047503
0.091561 0.058479
0.094100 0.092360
0.076169 0.081190
0.092104 0.123923
0.144190 0.148706
0.194695 0.181986
0.119891 0.176359
0.162994 0.211753
0.145727 0.201776
0.158443 0.261567
0.082606 0.000554
0.111137 0.019752
0.124756 0.031884
0.121464 0.046980
0.107016 0.055322
0.091401 0.075455
0.078024 0.100163
0.093634 0.108031
0.108916 0.122510
0.160446 0.142589
0.155053 0.171893
0.182381 0.159748
0.194052 0.199661
0.190408 0.261044
0.091518 0.001160
0.108916 0.000842
0.130293 0.019068
0.108452 0.036218
0.121626 0.063598
0.106346 0.072581
0.110488 0.086853
0.111600 0.104978
0.126823 0.115743
0.124365 0.130777
0.180901 0.143289
0.175405 0.175212
0.256674 0.222208
0.149182 0.226633
0.170857 0.259838
0.100081 0.000478
0.143349 0.028742
0.137487 0.044066
0.137892 0.061147
0.148117 0.072629
0.128294 0.078285
0.125766 0.095094
0.139922 0.106946
0.152586 0.117817
0.143025 0.131295
0.198052 0.159478
0.230951 0.199412
0.224326 0.217835
0.114140 0.205267
0.117757 0.000649
0.144174 0.000405
0.154288 0.020416
0.151642 0.045279
0.157851 0.060645
0.169263 0.074305
0.141369 0.088349
0.172757 0.113974
0.166676 0.128446
0.185930 0.126533
0.200125 0.142471
0.209208 0.172969
0.248284 0.198478
0.247330 0.238135
0.184756 0.226876
0.126770 0.000453
0.162776 0.034291
0.169697 0.051386
0.182173 0.065087
0.197251 0.067302
0.158845 0.085974
0.157197 0.101181
0.189724 0.106327
0.218874 0.142333
0.216978 0.157297
0.225352 0.180147
0.214480 0.193189
0.288828 0.251231
0.258784 0.250656
0.135621 0.000253
0.178748 0.000041
0.172169 0.021096
0.187221 0.050359
0.183617 0.082723
0.174591 0.097048
0.206742 0.108365
0.200709 0.124975
0.235161 0.164804
0.230870 0.129820
0.243167 0.180293
0.267059 0.203925
0.270067 0.268619
0.207292 0.209021
0.200333 0.228482
0.152768 0.000917
0.178569 0.035942
0.206058 0.054246
0.207487 0.077937
0.196494 0.091547
0.225839 0.108006
0.216579 0.123099
0.246708 0.135438
0.237722 0.149824
0.262065 0.186667
0.288568 0.226192
0.242570 0.215723
0.209582 0.272349
0.199248 0.270414
0.161437 0.000955
0.188268 0.022264
0.196452 0.037728
0.211860 0.038206
0.226987 0.082671
0.214415 0.093327
0.241685 0.115882
0.271052 0.139126
0.256955 0.149981
0.254463 0.166466
0.281974 0.204961
0.271294 0.226998
0.275260 0.245173
0.233413 0.240181
0.228457 0.277207
0.170086 0.000941
0.228923 0.034583
0.219556 0.066513
0.249893 0.060980
0.235353 0.066949
0.236631 0.096207
0.274907 0.157318
0.290385 0.149947
0.271908 0.172199
0.301548 0.233249
0.303504 0.256724
0.316260 0.279312
0.299893 0.277520
0.236098 0.285774
0.187310 0.000315
0.203758 0.023169
0.247618 0.031553
0.223646 0.050904
0.259241 0.074973
0.245463 0.082612
0.259076 0.126384
0.299417 0.131735
0.282292 0.187395
0.330547 0.242117
0.312269 0.206186
0.285214 0.275065
0.335935 0.331910
0.273574 0.297818
0.249754 0.287080
0.195790 0.000658
0.219305 0.021823
0.269262 0.034064
0.268436 0.063349
0.260640 0.092311
0.252703 0.105537
0.283704 0.131597
0.309040 0.169621
0.296911 0.207430
0.315037 0.226099
0.317696 0.250433
0.342596 0.304175
0.216227 0.234233
0.209662 0.249676
0.204221 0.000276
0.255073 0.000227
0.237636 0.021573
0.240214 0.047125
0.277210 0.081488
0.275088 0.098906
0.268886 0.114833
0.285281 0.114893
0.324869 0.165007
0.291160 0.168577
0.349876 0.273027
0.330082 0.264623
0.334561 0.283311
0.303936 0.315561
0.250153 0.265918
0.212719 0.000763
0.259636 0.022337
0.287044 0.036339
0.285518 0.066460
0.294936 0.080561
0.290758 0.097199
0.313310 0.130770
0.305631 0.152325
0.333045 0.183043
0.315591 0.186112
0.369152 0.266849
0.366769 0.304661
0.364608 0.332068
0.231249 0.258310
0.221269 0.000793
0.288617 0.000418
0.278613 0.022107
0.257296 0.045314
0.302858 0.063953
0.307053 0.094783
0.301950 0.112977
0.325934 0.123408
0.320478 0.147458
0.368589 0.176664
0.345981 0.205535
0.298901 0.186781
0.379940 0.317719
0.385663 0.299052
0.323253 0.298533
0.229779 0.000571
0.295702 0.023472
0.293211 0.051918
0.274610 0.049804
0.325667 0.091759
0.317515 0.108324
0.335048 0.107277
0.335890 0.143939
0.340199 0.162949
0.380831 0.218733
0.345115 0.247271
0.361813 0.233886
0.262441 0.292782
0.349475 0.323283
0.238307 0.000465
0.313596 0.000423
0.304257 0.040054
0.317972 0.063390
0.312943 0.079921
0.341457 0.090666
0.364396 0.098855
0.340215 0.127047
0.354040 0.169112
0.367243 0.133843
0.347695 0.187227
0.328078 0.202109
0.330460 0.220070
0.299848 0.300171
0.370555 0.343822
0.246685 0.000292
0.310264 0.022969
0.333754 0.056839
0.330511 0.074448
0.345743 0.070902
0.356150 0.084687
0.368943 0.115598
0.351516 0.146343
0.379399 0.142807
0.365408 0.155149
0.346563 0.225582
0.394870 0.277938
0.284733 0.304848
0.355803 0.289412
0.263468 0.000273
0.338261 0.000596
0.318539 0.047265
0.350435 0.055110
0.363025 0.068573
0.373315 0.083027
0.381260 0.099562
0.350662 0.107358
0.354547 0.125421
0.380998 0.161821
0.385046 0.179690
0.376244 0.243985
0.403139 0.213143
0.471594 0.375028
0.389689 0.230505
0.271804 0.000092
0.320964 0.031783
0.336175 0.040117
0.390940 0.056436
0.379211 0.066510
0.389168 0.083244
0.408194 0.135664
0.383718 0.117244
0.391544 0.132019
0.394736 0.150783
0.362204 0.195109
0.408180 0.354195
0.659894 0.325771
0.330194 0.322627
0.280213 0.000545
0.362857 0.000820
0.368152 0.053145
0.352569 0.039564
0.383446 0.042954
0.405861 0.085823
0.396377 0.100780
0.428693 0.102880
0.430838 0.127937
0.410286 0.155741
0.400100 0.169144
0.403360 0.186456
0.393050 0.200736
0.377463 0.197935
0.423120 0.355756
0.296950 0.000354
0.331612 0.022453
0.360009 0.023769
0.399349 0.041305
0.399380 0.070064
0.412313 0.102315
0.401703 0.117082
0.421911 0.143430
0.439115 0.143964
0.418109 0.176385
0.416336 0.199103
0.443906 0.220371
0.312103 0.321181
0.418255 0.337657
0.305326 0.000606
0.345735 0.024200
0.387941 0.026672
0.408405 0.055816
0.422494 0.087254
0.458617 0.086267
0.439426 0.113404
0.417971 0.120187
0.449615 0.099749
0.429941 0.186445
0.465210 0.193367
0.448708 0.190867
0.430733 0.231286
0.410258 0.231084
0.364159 0.215120
0.321780 0.000077
0.369413 0.037340
0.400499 0.022610
0.414409 0.039309
0.429863 0.038135
0.431694 0.070797
0.468197 0.100962
0.469310 0.128476
0.448579 0.158145
0.427813 0.160608
0.440254 0.173016
0.428433 0.262726
0.393426 0.349419
0.358805 0.254554
0.330021 0.000416
0.403749 0.000617
0.374930 0.021373
0.414376 0.023715
0.416901 0.071561
0.448284 0.073113
0.439004 0.087069
0.458378 0.114377
0.448766 0.128272
0.457965 0.173903
0.477043 0.144669
0.397031 0.246425
0.419733 0.246985
0.396862 0.327729
0.436843 0.360654
0.346483 0.000602
0.445601 0.040411
0.424141 0.054146
0.454337 0.057393
0.482482 0.073535
0.488287 0.101367
0.465635 0.158124
0.458144 0.141904
0.482776 0.315801
0.421922 0.215399
0.437703 0.204251
0.454394 0.236808
0.425985 0.321429
0.380590 0.349113
0.354663 0.000816
0.411933 0.000108
0.476902 0.000776
0.455020 0.022223
0.428051 0.022024
0.498505 0.070918
0.477454 0.088363
0.496228 0.087364
0.481910 0.161494
0.478269 0.114333
0.446204 0.308832
0.467988 0.223909
0.386345 0.261536
0.416294 0.277647
0.474282 0.264150
0.371112 0.001161
0.460747 0.000199
0.441729 0.024870
0.439856 0.055918
0.514087 0.117881
0.532301 0.127168
0.497508 0.114828
0.494410 0.148906
0.476096 0.177282
0.408073 0.261309
0.375746 0.283917
0.583466 0.387341
0.516534 0.380893
0.429123 0.291867
0.379396 0.000869
0.452645 0.000341
0.484990 0.000240
0.490837 0.037339
0.523451 0.035055
0.548130 0.157980
0.524631 0.160797
0.517765 0.135617
0.570429 0.219237
0.441655 0.327286
0.527640 0.388596
0.964589 0.157173
0.519294 0.268665
0.448239 0.348223
0.403238 0.291940
0.420125 0.000638
0.468841 0.001076
0.593968 0.039803
0.465603 0.071632
0.468473 0.054241
0.521955 0.184097
0.510049 0.151912
0.486827 0.130626
0.507709 0.220797
0.458420 0.210324
0.485425 0.372073
0.420159 0.305955
0.466888 0.343364
0.403310 0.313196
0.395577 0.000373
0.436479 0.000391
0.509736 0.000698
0.468975 0.023276
0.596098 0.170796
0.510909 0.062589
0.573305 0.300956
0.496960 0.167949
0.450985 0.291335
0.482454 0.193390
0.964180 0.267799
0.582949 0.326351
0.595618 0.321525
0.452160 0.366063
0.557940 0.388257
0.534288 0.000873
0.501554 0.000319
0.428335 0.000218
0.146295 0.260038
0.482501 0.058255
0.506761 0.100453
0.440267 0.246866
0.557031 0.286483
0.499880 0.235560
0.587782 0.384485
0.863497 0.193799
0.501557 0.314547
0.678340 0.297334
0.480237 0.333841
0.599445 0.000207
0.550581 0.000321
0.387523 0.000642
0.493216 0.000833
0.531874 0.022322
0.476214 0.039796
0.512389 0.082812
0.545098 0.139823
0.496384 0.208797
0.689265 0.310378
0.439235 0.275810
0.473120 0.360747
0.495094 0.352075
0.460571 0.322366
0.527076 0.368225
0.591319 0.000625
0.517990 0.000499
0.444536 0.000176
0.497250 0.019613
0.460437 0.038312
0.913481 0.214353
0.657645 0.307385
0.548171 0.386831
0.593687 0.347591
0.515876 0.325821
0.682322 0.314977
0.500230 0.370532
0.501786 0.334483
0.524199 0.248294
0.615724 0.000450
0.566932 0.000157
0.505570 0.031727
0.526166 0.000700
0.495770 0.053077
0.509810 0.045366
0.524224 0.051929
0.502015 0.132294
0.530756 0.146556
0.496441 0.187238
0.485330 0.229296
0.454876 0.272623
0.489518 0.253920
0.470055 0.284445
0.534994 0.331406
0.632012 0.000092
0.542436 0.000695
0.546180 0.022068
0.516166 0.020672
0.482689 0.023237
0.524599 0.070629
0.545327 0.115968
0.556270 0.127062
0.560967 0.146886
0.510905 0.172182
0.465904 0.305833
0.523291 0.229566
0.485408 0.275285
0.513461 0.350497
0.640159 0.000597
0.558729 0.000415
0.574581 0.022736
0.566041 0.040832
0.552993 0.035953
0.528404 0.110964
0.553831 0.101447
0.571107 0.130286
0.548979 0.179871
0.509664 0.196028
0.539136 0.235667
0.536322 0.358343
0.472453 0.243052
0.503105 0.268841
0.654149 0.318482
0.656587 0.000689
0.601337 0.022486
0.587640 0.023654
0.560821 0.022364
0.537936 0.038976
0.536995 0.059120
0.522088 0.096623
0.540052 0.096655
0.564410 0.166719
0.534327 0.193759
0.552293 0.270522
0.522171 0.208417
0.507059 0.250868
0.456825 0.255248
0.664796 0.000388
0.575091 0.001004
0.615116 0.023009
0.549875 0.051215
0.573859 0.055850
0.559039 0.062319
0.532452 0.082831
0.554144 0.083770
0.565798 0.111046
0.564455 0.184660
0.548398 0.200397
0.537659 0.214840
0.574704 0.342108
0.571759 0.357628
0.557697 0.339426
0.681091 0.000220
0.583203 0.000427
0.607616 0.000350
0.579747 0.039255
0.544887 0.072526
0.581902 0.077686
0.568527 0.090230
0.580774 0.168561
0.590942 0.151020
0.564692 0.203175
0.537363 0.170345
0.518209 0.307358
0.517326 0.288735
0.485908 0.298053
0.689313 0.000013
0.623868 0.000360
0.629151 0.022004
0.614559 0.061059
0.587328 0.058392
0.568765 0.072684
0.579654 0.100559
0.575503 0.149666
0.602881 0.128402
0.618818 0.131519
0.537715 0.257856
0.611433 0.162539
0.553559 0.248034
0.566231 0.234659
0.600288 0.310925
0.705767 0.000622
0.622051 0.038287
0.623058 0.079240
0.608254 0.039087
0.601481 0.055210
0.596412 0.072303
0.591342 0.090763
0.587593 0.132584
0.596361 0.191478
0.605105 0.146649
0.603173 0.207190
0.617679 0.360001
0.478607 0.209676
0.613465 0.361723
0.714012 0.000749
0.648375 0.000625
0.643898 0.022715
0.627047 0.052693
0.609501 0.077499
0.604976 0.095658
0.583083 0.116601
0.614032 0.113775
0.630976 0.119181
0.610131 0.183144
0.580810 0.186143
0.536404 0.294739
0.535706 0.278033
0.552283 0.222828
0.542617 0.344746
0.722341 0.000450
0.657861 0.022837
0.637317 0.037389
0.644402 0.053592
0.632499 0.066994
0.597548 0.111098
0.633242 0.102092
0.636115 0.136169
0.621885 0.148906
0.582970 0.205594
0.638490 0.270261
0.556323 0.319970
0.563405 0.376018
0.501122 0.288538
0.739177 0.001047
0.672944 0.000895
0.671061 0.024003
0.652347 0.039061
0.661044 0.056651
0.649046 0.068712
0.619480 0.097188
0.646543 0.115148
0.624719 0.174701
0.620215 0.196648
0.612279 0.244740
0.620177 0.215060
0.558618 0.305522
0.592592 0.363471
0.641880 0.294127
0.747591 0.000404
0.684353 0.022977
0.666600 0.040586
0.676840 0.055834
0.667921 0.072342
0.637424 0.084676
0.649020 0.097119
0.641422 0.172431
0.636578 0.189647
0.607316 0.228362
0.590830 0.221396
0.537255 0.312306
0.621796 0.265027
0.616947 0.315622
0.755971 0.001068
0.697509 0.000644
0.698358 0.023040
0.682287 0.040170
0.683153 0.070861
0.655226 0.082297
0.661939 0.107231
0.653216 0.129165
0.635339 0.156891
0.658587 0.179047
0.579094 0.244014
0.601878 0.261979
0.566251 0.259141
0.681229 0.280498
0.632035 0.304069
0.764374 0.000622
0.711942 0.022676
0.696623 0.038092
0.692977 0.056864
0.669014 0.090694
0.678201 0.105425
0.669809 0.122195
0.656956 0.161755
0.635530 0.211804
0.649237 0.218895
0.590300 0.291894
0.593561 0.242708
0.716830 0.275238
0.617254 0.279744
0.772699 0.000719
0.730741 0.000680
0.727395 0.021468
0.708338 0.063132
0.684626 0.088507
0.692673 0.108379
0.684400 0.128103
0.650010 0.146577
0.651449 0.196143
0.573922 0.280843
0.664186 0.206956
0.648692 0.238901
0.663616 0.228794
0.652891 0.286940
0.649645 0.257922
0.789552 0.000866
0.734347 0.035579
0.718792 0.036575
0.697575 0.075826
0.701268 0.093274
0.699813 0.124168
0.667535 0.139900
0.673192 0.154161
0.628163 0.232219
0.686281 0.235710
0.701425 0.221223
0.583633 0.264004
0.670279 0.245576
0.596135 0.279237
0.798004 0.000251
0.744149 0.020914
0.708177 0.046476
0.723562 0.066748
0.722898 0.090976
0.709966 0.106986
0.722535 0.115011
0.688329 0.144009
0.675334 0.174514
0.688311 0.164003
0.631150 0.249846
0.680630 0.218297
0.689021 0.255684
0.742260 0.247473
0.664534 0.282753
0.806391 0.000676
0.761380 0.043674
0.742749 0.049296
0.713043 0.081016
0.742610 0.089865
0.733532 0.102188
0.741124 0.116605
0.703060 0.149436
0.722974 0.164925
0.727864 0.201800
0.703474 0.242402
0.668570 0.260804
0.689969 0.277648
0.615576 0.297427
0.823271 0.000918
0.781068 0.000799
0.750915 0.033906
0.726263 0.052433
0.745335 0.063419
0.735526 0.075316
0.756888 0.095476
0.712336 0.131747
0.704461 0.168892
0.673113 0.192699
0.692722 0.184585
0.744063 0.192151
0.736671 0.218954
0.734057 0.264052
0.753227 0.267750
0.831999 0.000395
0.761413 0.020888
0.772288 0.030597
0.760865 0.060189
0.770377 0.072722
0.755681 0.077746
0.730246 0.131528
0.747456 0.133114
0.719307 0.148110
0.743762 0.170393
0.705938 0.201849
0.728808 0.180833
0.708878 0.271847
0.717379 0.254037
0.840636 0.000129
0.814750 0.000546
0.782874 0.020251
0.776043 0.047196
0.782223 0.063308
0.787517 0.079903
0.774018 0.089236
0.773394 0.105908
0.757373 0.111337
0.688385 0.202952
0.712399 0.186455
0.717610 0.219353
0.767048 0.214925
0.846578 0.238898
0.761166 0.265025
0.857927 0.000570
0.801023 0.021277
0.789170 0.033641
0.791635 0.050790
0.799646 0.067332
0.815410 0.070334
0.789057 0.101378
0.780659 0.119655
0.736783 0.150385
0.753027 0.152270
0.764347 0.165277
0.758046 0.183591
0.724916 0.236484
0.750646 0.233554
0.866492 0.000713
0.849342 0.000421
0.822996 0.018929
0.813429 0.029417
0.803484 0.040055
0.823104 0.044050
0.800343 0.086946
0.806834 0.102122
0.797786 0.118915
0.762137 0.128145
0.768197 0.143941
0.776628 0.181637
0.774130 0.198546
0.750765 0.211473
0.771014 0.249580
0.883926 0.000179
0.859801 0.020569
0.842292 0.020478
0.832495 0.031883
0.810767 0.054598
0.832870 0.074009
0.816907 0.085704
0.815404 0.115369
0.808079 0.132969
0.782634 0.134421
0.779454 0.160630
0.793839 0.180771
0.803798 0.196365
0.785068 0.260575
0.892771 0.000955
0.875162 0.000537
0.876461 0.020309
0.851466 0.034059
0.840259 0.046176
0.829587 0.059297
0.849126 0.059876
0.837709 0.088106
0.825468 0.099815
0.840177 0.106101
0.796014 0.143085
0.794323 0.160560
0.856052 0.176176
0.834496 0.222795
0.794770 0.258643
0.901499 0.000243
0.909844 0.021404
0.868549 0.033841
0.876675 0.047613
0.859682 0.048207
0.868599 0.062371
0.850224 0.073672
0.853617 0.097697
0.860254 0.115979
0.815112 0.151189
0.828677 0.123246
0.808774 0.168538
0.820560 0.190121
0.788167 0.206135
0.910314 0.000951
0.919198 0.001034
0.920491 0.034195
0.892821 0.019953
0.886607 0.034988
0.886900 0.060729
0.893899 0.075123
0.860496 0.083495
0.871412 0.097018
0.846284 0.122138
0.876189 0.129531
0.828086 0.138785
0.824586 0.172714
0.860793 0.248854
0.813994 0.225896
0.928426 0.000734
0.926627 0.019188
0.903151 0.034705
0.897349 0.048234
0.920327 0.068604
0.874294 0.075936
0.886569 0.088246
0.875352 0.113121
0.893861 0.121299
0.848324 0.137284
0.857558 0.156973
0.874107 0.165514
0.842897 0.165597
0.802304 0.216183
0.937529 0.000871
0.947743 0.019729
0.938219 0.029482
0.913215 0.050475
0.905353 0.065249
0.910210 0.083092
0.889701 0.103964
0.911411 0.111068
0.910455 0.126346
0.864673 0.139980
0.889980 0.163532
0.880105 0.147520
0.834260 0.152751
0.838740 0.185784
0.790726 0.234684
0.946565 0.000141
0.950119 0.041016
0.933283 0.044730
0.930885 0.058467
0.942036 0.073290
0.904113 0.096794
0.926865 0.133290
0.911538 0.144701
0.904738 0.163156
0.930055 0.167964
0.955902 0.190562
0.904844 0.181304
0.878477 0.181617
0.808284 0.251658
0.956019 0.000933
0.965424 0.017523
0.962164 0.032308
0.947831 0.058678
0.965096 0.097635
0.928153 0.082526
0.924569 0.098719
0.895992 0.139839
0.948162 0.156495
0.920823 0.158417
0.944272 0.178092
0.887748 0.193193
0.959435 0.222222
0.856485 0.218742
0.914247 0.193813
0.965459 0.000410
0.980510 0.023432
0.965292 0.049681
0.953966 0.082663
0.966076 0.129683
0.955496 0.138998
0.943630 0.124262
0.948839 0.205715
0.981189 0.287300
0.928026 0.186198
0.968288 0.203366
0.891429 0.231700
0.845224 0.202070
0.919978 0.227484
0.974823 0.000272
0.999545 0.000085
0.977781 0.037557
0.981913 0.091050
0.941742 0.093840
0.946352 0.106830
0.963068 0.175406
0.979934 0.168035
0.977372 0.218482
0.944473 0.226395
0.990574 0.324149
0.935091 0.300167
0.834444 0.246676
0.867843 0.208370
0.820736 0.248693
0.984769 0.000383
0.981447 0.053860
0.963687 0.063725
0.978697 0.109701
0.962252 0.113534
0.929254 0.114791
0.981706 0.274734
0.968211 0.273390
0.999803 0.252111
0.967306 0.249903
0.934834 0.254359
0.976593 0.236526
0.933144 0.240340
0.774232 0.230178
0.999325 0.010846
0.999762 0.040816
0.980342 0.070753
0.968195 0.081254
0.998927 0.104344
0.999328 0.182849
0.999330 0.137636
0.999675 0.148482
0.998902 0.300979
0.999349 0.263178
0.998159 0.320120
0.934207 0.206847
0.940847 0.302729
0.999579 0.228771
0.882813 0.217795
0.998901 0.000646
0.999777 0.050998
0.999015 0.072028
0.999328 0.093670
0.999481 0.115024
0.977670 0.146634
0.979440 0.189521
0.945397 0.244475
0.999292 0.241121
0.999698 0.194257
0.999205 0.286151
0.934010 0.309419
0.823706 0.207697
0.905901 0.233964
0.999618 0.021746
0.999666 0.031405
0.999154 0.061538
0.999519 0.082503
0.981869 0.127683
0.999742 0.126346
0.999928 0.205425
0.937655 0.144050
0.999840 0.217117
0.999607 0.159605
0.999223 0.171392
0.899259 0.205834
0.980919 0.319728
0.866181 0.242749
0.884733 0.243240
