0.001141 0.023524
0.000689 0.060712
0.000540 0.091302
0.000700 0.122660
0.000962 0.133796
0.023533 0.290619
0.000880 0.177446
0.000982 0.188699
0.000750 0.289731
0.080995 0.280218
0.137946 0.266893
0.064533 0.237751
0.048490 0.252463
0.122859 0.248425
0.000685 0.013920
0.000522 0.041474
0.000259 0.070512
0.022184 0.043699
0.023026 0.187158
0.000640 0.200062
0.000283 0.166677
0.000027 0.267984
0.000224 0.234213
0.000766 0.245661
0.000704 0.317755
0.000518 0.327136
0.056683 0.267614
0.081171 0.252210
0.137895 0.220304
0.000999 0.000702
0.000485 0.051003
0.001004 0.080861
0.000862 0.101466
0.000317 0.112028
0.000384 0.211631
0.000628 0.155792
0.000596 0.279735
0.000024 0.222750
0.056009 0.286824
0.008242 0.297493
0.047929 0.267703
0.083498 0.266193
0.091396 0.258416
0.000004 0.000796
0.021654 0.025315
0.033156 0.033930
0.019131 0.081762
0.024540 0.151982
0.060574 0.159017
0.039182 0.143062
0.001250 0.257902
0.059281 0.217807
0.040635 0.210236
0.039266 0.231592
0.021950 0.335087
0.012297 0.333571
0.026771 0.322317
0.143700 0.245636
0.011289 0.000139
0.049536 0.036215
0.000821 0.032613
0.021710 0.061724
0.000191 0.144931
0.041006 0.181148
0.044762 0.161270
0.062449 0.177042
0.026105 0.226893
0.068978 0.190507
0.023597 0.246870
0.105504 0.207013
0.074842 0.230550
0.124013 0.262794
0.029356 0.000480
0.020773 0.000587
0.061239 0.061626
0.042789 0.049557
0.026482 0.167599
0.021589 0.111203
0.053270 0.127751
0.059722 0.142028
0.047183 0.195492
0.088719 0.179086
0.101387 0.166192
0.073434 0.209327
0.118558 0.229679
0.102168 0.254372
0.185125 0.252868
0.038032 0.000010
0.056917 0.022201
0.035086 0.063333
0.050671 0.094470
0.034307 0.123536
0.042407 0.109236
0.077096 0.139534
0.127770 0.152225
0.025153 0.206582
0.078830 0.163952
0.031670 0.254070
0.087938 0.222312
0.087517 0.197215
0.078015 0.286429
0.046978 0.000513
0.038644 0.019683
0.069704 0.027230
0.063308 0.044297
0.035036 0.082435
0.060983 0.079374
0.021392 0.132704
0.075816 0.123996
0.107705 0.146221
0.091137 0.150821
0.106310 0.189028
0.143648 0.186872
0.132560 0.200885
0.182783 0.221042
0.164520 0.248057
0.056045 0.000217
0.083552 0.019790
0.084353 0.034600
0.047103 0.069406
0.077894 0.066330
0.028951 0.096703
0.066646 0.095942
0.060859 0.112931
0.167240 0.165768
0.119567 0.166932
0.138935 0.168835
0.163521 0.197968
0.102070 0.234147
0.180211 0.199878
0.064851 0.000368
0.073520 0.001063
0.100073 0.024491
0.096455 0.043803
0.077770 0.050678
0.093962 0.061205
0.096089 0.096571
0.078862 0.083617
0.094853 0.129466
0.149268 0.155240
0.197450 0.189315
0.123830 0.183857
0.168222 0.220518
0.151515 0.210417
0.164228 0.272127
0.082488 0.000113
0.115156 0.021868
0.127453 0.033495
0.125082 0.050500
0.110008 0.057912
0.094029 0.079398
0.080608 0.105588
0.095543 0.112569
0.111825 0.128992
0.164467 0.148795
0.158684 0.179654
0.186256 0.167109
0.198223 0.207928
0.195022 0.271346
0.091532 0.000223
0.108975 0.000579
0.135065 0.021324
0.111029 0.038470
0.124642 0.068291
0.109698 0.075502
0.112876 0.092652
0.114519 0.110248
0.130718 0.119403
0.127477 0.136323
0.185678 0.150326
0.179343 0.183127
0.258118 0.230746
0.154246 0.233813
0.175968 0.271477
0.100224 0.000417
0.147176 0.030774
0.140253 0.047193
0.141806 0.064793
0.150416 0.077136
0.130828 0.082294
0.129442 0.099719
0.144094 0.113197
0.156610 0.124861
0.146332 0.137996
0.202605 0.167379
0.232917 0.209229
0.226561 0.224777
0.118222 0.214261
0.117827 0.000989
0.144170 0.000462
0.157983 0.021822
0.155674 0.047995
0.161146 0.063655
0.172271 0.078457
0.145237 0.094352
0.177508 0.118768
0.171010 0.135065
0.189278 0.133039
0.203644 0.149743
0.211457 0.181248
0.251018 0.206057
0.247709 0.246928
0.188136 0.236100
0.126656 0.000530
0.166242 0.037139
0.174589 0.055443
0.185560 0.069023
0.201919 0.070108
0.163243 0.090370
0.161346 0.107204
0.193679 0.112179
0.221787 0.148697
0.221901 0.165289
0.228571 0.188599
0.217290 0.201398
0.288228 0.261874
0.259286 0.262600
0.135505 0.000114
0.178773 0.000310
0.175435 0.022728
0.191909 0.053356
0.188022 0.087075
0.178358 0.101556
0.210562 0.113710
0.204932 0.131024
0.238634 0.172375
0.235556 0.135330
0.245874 0.189178
0.267973 0.213391
0.269035 0.279455
0.209728 0.219016
0.203820 0.237663
0.152764 0.000964
0.182553 0.038152
0.210644 0.056758
0.210909 0.082505
0.200564 0.096312
0.229707 0.113310
0.221204 0.129909
0.250528 0.142163
0.239540 0.156102
0.264081 0.194081
0.289888 0.235789
0.244392 0.225990
0.213528 0.283132
0.200186 0.281599
0.161475 0.000218
0.191799 0.023865
0.200028 0.039007
0.216050 0.038789
0.230484 0.086079
0.219158 0.098128
0.245513 0.120454
0.273405 0.144803
0.260161 0.157002
0.256754 0.173589
0.282858 0.214081
0.272928 0.236060
0.274294 0.254368
0.234018 0.250031
0.225267 0.288199
0.170144 0.000068
0.233147 0.036043
0.223527 0.069147
0.254286 0.064292
0.239463 0.069026
0.240480 0.100075
0.276590 0.163189
0.291725 0.155516
0.274038 0.179686
0.301558 0.244186
0.303862 0.269165
0.314825 0.288671
0.297488 0.288838
0.235530 0.296858
0.187330 0.000544
0.207832 0.023194
0.251918 0.032914
0.227373 0.052787
0.263638 0.078416
0.248468 0.085231
0.262521 0.131379
0.301092 0.137232
0.283858 0.194630
0.329276 0.248213
0.313263 0.214531
0.282761 0.285424
0.332597 0.340724
0.272062 0.309209
0.247685 0.298791
0.195843 0.001009
0.224088 0.023383
0.272560 0.034977
0.272175 0.065071
0.263783 0.095610
0.256245 0.109517
0.286168 0.136080
0.309924 0.175970
0.297985 0.216898
0.314373 0.234635
0.316443 0.259655
0.340434 0.313562
0.218331 0.243698
0.212117 0.259479
0.204324 0.000272
0.255074 0.000209
0.242510 0.022330
0.243746 0.049872
0.280413 0.083962
0.278366 0.101839
0.271476 0.119052
0.287988 0.119455
0.325627 0.171372
0.293189 0.175719
0.347032 0.281230
0.329954 0.274123
0.331845 0.292774
0.298669 0.326440
0.250045 0.275280
0.212782 0.000634
0.263735 0.023005
0.290029 0.037594
0.287987 0.068809
0.298271 0.083062
0.293305 0.100762
0.315597 0.136094
0.306908 0.158410
0.332924 0.188055
0.315261 0.193337
0.368543 0.275624
0.362272 0.314818
0.360625 0.341085
0.231489 0.267217
0.221315 0.001029
0.288570 0.000795
0.282056 0.022379
0.260394 0.047308
0.305834 0.065623
0.308911 0.098474
0.303797 0.117821
0.327264 0.126588
0.322167 0.152485
0.369913 0.182161
0.345562 0.212163
0.299349 0.194851
0.376819 0.326275
0.383342 0.307451
0.320366 0.309399
0.229779 0.000379
0.298820 0.024328
0.296213 0.054020
0.278282 0.050580
0.327340 0.095029
0.319035 0.111945
0.336496 0.110779
0.336941 0.148451
0.340748 0.167406
0.379917 0.223734
0.344587 0.256111
0.361477 0.240438
0.260618 0.303088
0.345833 0.331773
0.238286 0.000172
0.313426 0.000142
0.306618 0.041167
0.321095 0.065479
0.314805 0.082092
0.343666 0.093312
0.365170 0.101955
0.341679 0.131805
0.354657 0.174104
0.368669 0.137697
0.348270 0.192560
0.329161 0.207640
0.330772 0.227337
0.298530 0.308704
0.366256 0.353740
0.246716 0.000210
0.313194 0.023066
0.336546 0.058484
0.332043 0.078038
0.347273 0.073017
0.357801 0.086995
0.369688 0.119311
0.353057 0.150201
0.380057 0.147294
0.365061 0.160222
0.345625 0.232902
0.392304 0.286049
0.282692 0.316549
0.353348 0.297182
0.263397 0.000129
0.338136 0.000385
0.320591 0.049417
0.352955 0.056920
0.364041 0.070182
0.374598 0.085274
0.381782 0.102485
0.351635 0.110586
0.356128 0.128692
0.381239 0.165995
0.384967 0.184898
0.376251 0.250668
0.401995 0.220580
0.470753 0.375489
0.389614 0.236261
0.271773 0.000297
0.323050 0.033754
0.337911 0.041196
0.391456 0.057870
0.380715 0.069222
0.390176 0.085156
0.408037 0.138888
0.384926 0.120635
0.391402 0.135616
0.395818 0.155916
0.361921 0.200661
0.405741 0.359121
0.672924 0.314281
0.323679 0.333943
0.280144 0.000125
0.362681 0.000431
0.369752 0.054314
0.353080 0.040611
0.384103 0.043856
0.406510 0.088096
0.397147 0.104252
0.429283 0.105395
0.431155 0.131884
0.410844 0.160165
0.400070 0.174868
0.403716 0.192347
0.393677 0.205981
0.377237 0.203870
0.420151 0.359218
0.296857 0.000368
0.332307 0.022339
0.360189 0.024380
0.400001 0.041377
0.399247 0.071943
0.413360 0.105097
0.402252 0.120858
0.422193 0.147618
0.439381 0.147506
0.417309 0.180134
0.417277 0.204470
0.444259 0.224535
0.309184 0.331848
0.417213 0.344493
0.305130 0.000017
0.346416 0.024635
0.387355 0.027446
0.409097 0.057572
0.423342 0.089375
0.459200 0.088502
0.439717 0.116456
0.418271 0.123007
0.449639 0.102478
0.429818 0.192239
0.464417 0.198051
0.448664 0.195970
0.430127 0.235882
0.408981 0.237738
0.364163 0.221344
0.321661 0.000431
0.369566 0.037675
0.399733 0.022691
0.414486 0.039710
0.430329 0.039435
0.433074 0.072087
0.468511 0.103367
0.468926 0.131503
0.447403 0.162719
0.428194 0.164408
0.440296 0.178604
0.427045 0.267255
0.390095 0.356546
0.358746 0.261953
0.329857 0.000442
0.403650 0.000769
0.375253 0.022088
0.413494 0.024146
0.417390 0.073002
0.448995 0.074975
0.439488 0.089376
0.458940 0.117143
0.449380 0.131378
0.458276 0.178177
0.476901 0.147431
0.396460 0.253481
0.419480 0.253137
0.393319 0.334963
0.434783 0.364277
0.346373 0.000065
0.446216 0.041098
0.424017 0.055356
0.455059 0.058756
0.482277 0.075383
0.488341 0.104209
0.465667 0.162181
0.457983 0.145704
0.482228 0.321272
0.420861 0.221220
0.436811 0.208671
0.453848 0.242094
0.424000 0.327163
0.376834 0.356879
0.354520 0.000554
0.411805 0.000735
0.476894 0.000868
0.454474 0.022336
0.427854 0.022085
0.498718 0.073535
0.477160 0.089971
0.495453 0.089546
0.482043 0.166427
0.478507 0.117558
0.445733 0.314754
0.467424 0.229987
0.384930 0.268413
0.414304 0.285216
0.473666 0.270007
0.370931 0.001024
0.460712 0.001279
0.441276 0.025156
0.440010 0.056610
0.514216 0.120233
0.532762 0.130193
0.497425 0.118080
0.495038 0.152386
0.476581 0.181119
0.406782 0.268108
0.371935 0.294687
0.591145 0.382508
0.519576 0.379779
0.429201 0.297664
0.379227 0.000186
0.452559 0.000167
0.484973 0.000264
0.491043 0.038339
0.523240 0.036626
0.547307 0.162243
0.525218 0.165912
0.518037 0.138808
0.571468 0.225843
0.439024 0.332893
0.530567 0.386777
0.962813 0.162838
0.519303 0.274954
0.446088 0.350930
0.402688 0.298859
0.419982 0.000315
0.468795 0.000750
0.593226 0.040801
0.466010 0.073189
0.469074 0.054779
0.521779 0.187756
0.510916 0.155537
0.487053 0.133419
0.507508 0.224943
0.458700 0.215232
0.487727 0.374677
0.417531 0.313423
0.466901 0.347805
0.400189 0.320959
0.395508 0.000529
0.436351 0.000756
0.509767 0.000432
0.469083 0.023674
0.595848 0.175176
0.511451 0.065170
0.576583 0.309110
0.496390 0.172187
0.449120 0.296960
0.481856 0.197999
0.950456 0.272582
0.586223 0.329274
0.604029 0.330376
0.448793 0.368505
0.561423 0.385854
0.534299 0.000251
0.501528 0.000353
0.428167 0.000467
0.149695 0.270052
0.482818 0.060312
0.507008 0.103092
0.439568 0.252162
0.557944 0.292942
0.500238 0.241078
0.596967 0.378329
0.856289 0.198449
0.503106 0.319082
0.691333 0.288047
0.481231 0.336773
0.599443 0.000979
0.550635 0.000469
0.387418 0.001049
0.493210 0.000153
0.531311 0.023158
0.476527 0.040544
0.512198 0.085379
0.545795 0.142141
0.495164 0.214690
0.705982 0.304627
0.437490 0.282671
0.470952 0.363825
0.495637 0.355473
0.458815 0.327715
0.528214 0.371311
0.591314 0.000305
0.517996 0.000153
0.444422 0.000304
0.497489 0.021002
0.460774 0.038493
0.907639 0.216880
0.667883 0.298154
0.554179 0.380963
0.605475 0.347917
0.518555 0.329578
0.695369 0.305769
0.501560 0.373471
0.501237 0.338378
0.523600 0.254106
0.615704 0.000656
0.566948 0.000172
0.505482 0.033784
0.526164 0.000722
0.496161 0.055519
0.510014 0.047998
0.525341 0.053698
0.502846 0.135781
0.531242 0.150806
0.496947 0.190982
0.485487 0.234764
0.453778 0.276536
0.489020 0.258824
0.469963 0.292559
0.535491 0.334484
0.632105 0.000647
0.542450 0.000000
0.546079 0.022185
0.515546 0.022097
0.482543 0.024147
0.524176 0.072797
0.545517 0.118544
0.556063 0.130613
0.560304 0.150981
0.511480 0.176542
0.465829 0.311310
0.522774 0.235134
0.484409 0.280445
0.514359 0.352237
0.640310 0.000092
0.558785 0.000834
0.574913 0.023849
0.565650 0.042895
0.552213 0.036479
0.528332 0.114485
0.555110 0.103888
0.571350 0.134766
0.548812 0.184419
0.509126 0.202448
0.539753 0.241924
0.540437 0.361036
0.471461 0.248937
0.502683 0.274713
0.662583 0.317571
0.656674 0.000997
0.601536 0.023704
0.588316 0.023580
0.561793 0.023203
0.538076 0.040223
0.537321 0.061125
0.522175 0.098627
0.539414 0.100426
0.563618 0.171068
0.533682 0.199979
0.552348 0.277474
0.522274 0.214433
0.506959 0.255145
0.456281 0.261297
0.664842 0.000895
0.575077 0.000068
0.614875 0.023062
0.550902 0.053138
0.573281 0.057997
0.559069 0.065147
0.532700 0.085610
0.553146 0.087273
0.565817 0.115024
0.563837 0.189960
0.549509 0.204991
0.536939 0.221231
0.579856 0.346233
0.577210 0.356661
0.562898 0.341110
0.681147 0.000316
0.583192 0.000495
0.607554 0.000902
0.579725 0.040602
0.544893 0.074459
0.581873 0.080068
0.568762 0.093498
0.580134 0.173393
0.590140 0.156167
0.565378 0.208333
0.537149 0.176621
0.517885 0.313002
0.516156 0.293282
0.485529 0.302134
0.689378 0.000726
0.623892 0.000129
0.629209 0.021284
0.613954 0.063016
0.586945 0.060778
0.567899 0.076073
0.580006 0.104030
0.575122 0.154264
0.601506 0.131864
0.617241 0.135663
0.537339 0.265556
0.610450 0.166829
0.552464 0.254081
0.565024 0.239902
0.605675 0.315727
0.705897 0.000659
0.622215 0.037970
0.622358 0.082658
0.608155 0.040746
0.601330 0.055829
0.596104 0.073974
0.591329 0.092898
0.586627 0.136835
0.595577 0.196673
0.604244 0.150048
0.603024 0.214382
0.629870 0.354117
0.478665 0.216061
0.626749 0.355525
0.714129 0.000247
0.648489 0.000875
0.644091 0.023028
0.625672 0.053275
0.608492 0.080611
0.604327 0.098708
0.581953 0.120167
0.613078 0.117207
0.628265 0.123727
0.609778 0.187586
0.580216 0.191899
0.537259 0.301721
0.535904 0.284262
0.552066 0.228702
0.544416 0.348269
0.722411 0.000590
0.657053 0.023414
0.636497 0.038055
0.643289 0.055564
0.630824 0.068289
0.596724 0.114282
0.632526 0.105946
0.633934 0.141024
0.621705 0.154130
0.583970 0.210896
0.637294 0.277254
0.560340 0.326277
0.569502 0.375294
0.499243 0.296127
0.739163 0.001058
0.672972 0.000185
0.669527 0.024493
0.650991 0.040976
0.660033 0.058270
0.647396 0.070681
0.618689 0.100056
0.644626 0.119788
0.623597 0.180211
0.620352 0.202881
0.612607 0.252363
0.618586 0.221416
0.561492 0.311720
0.602239 0.363607
0.638865 0.302484
0.747570 0.000481
0.682678 0.022584
0.665815 0.041092
0.675529 0.057678
0.664966 0.075156
0.635976 0.087114
0.647427 0.101237
0.641316 0.178441
0.635411 0.195656
0.606396 0.235440
0.589803 0.227835
0.537643 0.315920
0.620865 0.273742
0.623547 0.326374
0.755988 0.000672
0.697615 0.000441
0.696584 0.023384
0.680531 0.040706
0.679948 0.074747
0.652831 0.085969
0.659874 0.112221
0.649896 0.134282
0.634113 0.163000
0.657895 0.186086
0.578603 0.252103
0.602452 0.268973
0.566893 0.265462
0.680569 0.284678
0.631840 0.317971
0.764355 0.000816
0.709796 0.023230
0.695061 0.038853
0.690254 0.058538
0.667206 0.094411
0.675568 0.110876
0.667056 0.127468
0.655534 0.167388
0.634815 0.218929
0.647090 0.226079
0.592538 0.300004
0.595012 0.249464
0.718920 0.285929
0.617357 0.287256
0.772702 0.000443
0.730759 0.000531
0.725153 0.022467
0.705973 0.064791
0.682131 0.092300
0.690071 0.113424
0.681995 0.133043
0.648574 0.151934
0.650106 0.202957
0.574568 0.287604
0.662869 0.215077
0.647203 0.246379
0.663064 0.235267
0.650606 0.291548
0.648944 0.265889
0.789593 0.000113
0.731260 0.037557
0.715913 0.037802
0.694349 0.078754
0.698424 0.097527
0.696599 0.129785
0.665146 0.144910
0.670405 0.161268
0.628038 0.240020
0.684540 0.244858
0.697669 0.229607
0.583777 0.270431
0.669466 0.252791
0.596532 0.287168
0.798004 0.000419
0.741004 0.021510
0.705568 0.049321
0.720902 0.069997
0.718696 0.095932
0.706747 0.111450
0.717618 0.121232
0.684750 0.149553
0.674480 0.181082
0.686815 0.169381
0.632068 0.257239
0.679307 0.225037
0.688400 0.261601
0.739964 0.255487
0.663906 0.285084
0.806372 0.000062
0.758229 0.045484
0.740892 0.051467
0.709407 0.083870
0.738237 0.093842
0.729898 0.107637
0.737324 0.122200
0.699990 0.156339
0.719612 0.171946
0.725440 0.208614
0.703471 0.249772
0.666297 0.265685
0.699152 0.283530
0.617674 0.302644
0.823467 0.000689
0.781120 0.000606
0.747786 0.034704
0.723495 0.054726
0.741224 0.066710
0.732030 0.079644
0.752860 0.100267
0.708900 0.137539
0.702714 0.174584
0.672134 0.198715
0.690619 0.191468
0.741261 0.200037
0.734209 0.227597
0.732466 0.273230
0.749404 0.276718
0.832134 0.000496
0.758438 0.021493
0.768327 0.032089
0.757212 0.062089
0.766656 0.076034
0.752158 0.082113
0.727186 0.137495
0.743318 0.140094
0.716140 0.153489
0.740577 0.177014
0.705209 0.209944
0.726765 0.187725
0.709728 0.281583
0.716756 0.262738
0.840672 0.000980
0.814819 0.000260
0.779137 0.020520
0.772906 0.049245
0.778377 0.065535
0.783094 0.082101
0.769671 0.093369
0.769065 0.111170
0.752125 0.115955
0.687183 0.210412
0.708768 0.193108
0.714766 0.227180
0.764062 0.222888
0.840151 0.247292
0.757098 0.273012
0.857930 0.000482
0.797243 0.021476
0.785088 0.034221
0.788804 0.053231
0.796709 0.069849
0.811402 0.072635
0.784903 0.104853
0.775833 0.125232
0.731947 0.157880
0.749255 0.158087
0.759985 0.173049
0.754169 0.190899
0.722251 0.244487
0.748222 0.240454
0.866633 0.000617
0.849280 0.000806
0.819693 0.019884
0.809223 0.030093
0.798872 0.041480
0.818568 0.044658
0.795864 0.090445
0.801775 0.106511
0.792297 0.124228
0.758760 0.132397
0.763335 0.150457
0.773302 0.189168
0.769207 0.206377
0.747183 0.218646
0.767032 0.257762
0.884135 0.000603
0.856225 0.020253
0.839308 0.022306
0.828755 0.032200
0.807861 0.056303
0.827261 0.076970
0.812600 0.089061
0.809367 0.120733
0.803046 0.138729
0.778124 0.141727
0.774706 0.166606
0.789241 0.188428
0.799291 0.203114
0.780958 0.269842
0.893019 0.000711
0.875402 0.000121
0.874170 0.022107
0.848637 0.035452
0.836259 0.046813
0.826542 0.060735
0.845173 0.061704
0.833948 0.090346
0.820676 0.104980
0.835111 0.108995
0.791890 0.150358
0.791177 0.166405
0.850627 0.181207
0.829468 0.228120
0.790463 0.269475
0.901778 0.000510
0.906815 0.022168
0.865938 0.034621
0.872909 0.049304
0.855640 0.049433
0.864641 0.064552
0.845421 0.076409
0.849616 0.101980
0.856764 0.121395
0.810665 0.158134
0.824635 0.127267
0.803819 0.177610
0.814926 0.197555
0.783706 0.213660
0.910750 0.000479
0.919572 0.000322
0.918694 0.035417
0.890819 0.020943
0.884336 0.035892
0.882626 0.062602
0.890856 0.078216
0.857238 0.084941
0.866866 0.099857
0.841827 0.124763
0.874071 0.135005
0.823047 0.143130
0.820254 0.178386
0.854605 0.258192
0.810400 0.234180
0.928686 0.000526
0.924900 0.020652
0.901998 0.036953
0.892968 0.050234
0.917176 0.070556
0.871896 0.078230
0.882105 0.092163
0.871150 0.116765
0.889211 0.125089
0.842573 0.143714
0.853945 0.161725
0.870622 0.170834
0.838274 0.171271
0.798205 0.224871
0.937750 0.000466
0.945766 0.021390
0.936918 0.032040
0.911273 0.051614
0.902301 0.066276
0.908286 0.085510
0.887937 0.108445
0.907941 0.114760
0.908231 0.130980
0.858724 0.143620
0.886855 0.167734
0.876352 0.151742
0.829585 0.158106
0.833711 0.194030
0.786912 0.241930
0.946772 0.000377
0.949390 0.043899
0.930932 0.045501
0.929503 0.060268
0.941011 0.075318
0.901845 0.098909
0.924590 0.138600
0.908006 0.149562
0.901306 0.169873
0.927449 0.173110
0.954737 0.195347
0.900647 0.187303
0.872228 0.187381
0.802535 0.259747
0.956264 0.000947
0.963582 0.018359
0.961770 0.033269
0.946403 0.060839
0.962554 0.102781
0.926644 0.084291
0.921868 0.101712
0.893292 0.144656
0.945450 0.163588
0.917696 0.163252
0.940902 0.185708
0.880900 0.198050
0.957750 0.226678
0.850165 0.227124
0.909050 0.197018
0.965731 0.000927
0.978643 0.024966
0.964186 0.051120
0.952156 0.085038
0.965173 0.134319
0.953649 0.145171
0.940367 0.128285
0.945487 0.212027
0.974319 0.288539
0.926029 0.191854
0.967681 0.210031
0.882465 0.241448
0.839242 0.209157
0.911219 0.230663
0.975177 0.000031
0.998742 0.000905
0.977831 0.039191
0.980236 0.094683
0.939305 0.097610
0.945782 0.110994
0.961230 0.180748
0.977145 0.173733
0.976866 0.225256
0.941501 0.229313
0.986072 0.314172
0.930714 0.282952
0.828178 0.254859
0.861418 0.214877
0.814820 0.257019
0.984842 0.000889
0.979836 0.057256
0.963139 0.067239
0.978965 0.113487
0.960911 0.120036
0.927108 0.118534
0.978280 0.273330
0.960710 0.266651
0.999146 0.254561
0.967216 0.252355
0.924710 0.252724
0.976981 0.242180
0.921712 0.245320
0.770551 0.239368
0.999159 0.011560
0.999756 0.041262
0.979470 0.074446
0.967242 0.084910
0.999625 0.104491
0.999811 0.182819
0.999929 0.137984
0.999796 0.148998
0.997606 0.294308
0.999320 0.264142
0.995096 0.315079
0.927572 0.209344
0.933091 0.289571
0.999262 0.229378
0.875084 0.222906
0.999192 0.000106
0.999257 0.051356
0.999605 0.072243
0.999920 0.093659
0.998946 0.115166
0.976670 0.153237
0.978641 0.195957
0.940988 0.243599
0.998994 0.242436
0.999040 0.194418
0.999758 0.286957
0.925070 0.291412
0.817846 0.215172
0.894340 0.238263
0.999739 0.022153
0.999169 0.031785
0.999413 0.061693
0.999469 0.082705
0.980632 0.133698
0.999999 0.126468
0.999949 0.205756
0.936200 0.149286
0.999483 0.217279
0.999497 0.159929
0.999692 0.171311
0.890618 0.211905
0.980431 0.310090
0.861907 0.250475
0.877786 0.253657
