0.000411 0.023655
0.000917 0.060844
0.000052 0.091567
0.000879 0.122794
0.000744 0.133877
0.024382 0.290174
0.000401 0.177520
0.000547 0.188794
0.000174 0.289359
0.082765 0.277002
0.139560 0.269818
0.065237 0.238180
0.047871 0.251708
0.124539 0.250302
0.000218 0.014011
0.001107 0.041581
0.000978 0.070620
0.022208 0.044570
0.023436 0.189961
0.000252 0.200131
0.000120 0.166756
0.000947 0.267975
0.000726 0.234063
0.000274 0.245541
0.000905 0.316999
0.000604 0.326777
0.058327 0.269606
0.083154 0.251158
0.139176 0.222914
0.000398 0.001152
0.000392 0.051178
0.000605 0.081031
0.000567 0.101640
0.000938 0.112136
0.000066 0.211634
0.000366 0.155830
0.000397 0.280117
0.000685 0.222700
0.057429 0.286598
0.010690 0.296915
0.045854 0.267382
0.087875 0.263844
0.094892 0.260878
0.000327 0.000371
0.022358 0.025534
0.033399 0.035144
0.019826 0.082949
0.025116 0.154360
0.061058 0.161526
0.040035 0.144952
0.000759 0.257530
0.059807 0.219851
0.041081 0.212957
0.039858 0.233236
0.023570 0.332647
0.014060 0.330840
0.026982 0.319131
0.145193 0.248395
0.011413 0.000432
0.050449 0.036746
0.000004 0.032721
0.022316 0.062953
0.000913 0.144956
0.041255 0.183971
0.044938 0.163627
0.063051 0.179283
0.026063 0.229001
0.069599 0.192707
0.022876 0.248581
0.106919 0.208630
0.076431 0.232285
0.126448 0.266085
0.029529 0.000207
0.020953 0.000801
0.061701 0.062474
0.042751 0.050420
0.026115 0.170607
0.021965 0.113440
0.053805 0.129659
0.060402 0.144520
0.047629 0.197968
0.089835 0.181462
0.102214 0.168246
0.074339 0.210813
0.120143 0.232452
0.106821 0.256598
0.186331 0.255953
0.038125 0.000368
0.057388 0.022884
0.035050 0.064105
0.050983 0.095728
0.034425 0.125469
0.042762 0.111072
0.077483 0.141807
0.129108 0.154294
0.025531 0.209299
0.079504 0.166165
0.031535 0.256008
0.089657 0.224004
0.088681 0.198973
0.080956 0.284439
0.047067 0.000454
0.038788 0.020474
0.070151 0.027840
0.063789 0.045189
0.035708 0.084041
0.061451 0.080857
0.021886 0.135048
0.076502 0.125663
0.108964 0.148494
0.092103 0.152525
0.106877 0.191201
0.144988 0.189462
0.133972 0.202813
0.183303 0.223624
0.166014 0.250637
0.056053 0.000848
0.084149 0.020256
0.084957 0.035375
0.047932 0.070792
0.078356 0.067521
0.028830 0.098642
0.067320 0.097627
0.061386 0.114523
0.168297 0.167902
0.120473 0.168869
0.139865 0.171365
0.164567 0.200221
0.104316 0.235418
0.181331 0.202586
0.064834 0.000375
0.073499 0.000636
0.100764 0.024802
0.097501 0.044247
0.078741 0.051596
0.094645 0.062161
0.096745 0.097835
0.079636 0.084543
0.095450 0.131395
0.150343 0.157269
0.197998 0.191527
0.124665 0.186150
0.169265 0.223299
0.153003 0.212978
0.165782 0.275252
0.082477 0.000078
0.116480 0.022591
0.128180 0.034078
0.126045 0.051712
0.110825 0.058679
0.094754 0.080688
0.081224 0.107428
0.096231 0.114267
0.112615 0.130902
0.165491 0.150730
0.159454 0.181983
0.187046 0.169304
0.198980 0.210320
0.195596 0.274237
0.091552 0.000980
0.109008 0.000421
0.136480 0.021949
0.111758 0.039208
0.125614 0.069737
0.110738 0.076633
0.113648 0.094428
0.115194 0.111959
0.131673 0.120770
0.128458 0.138123
0.186781 0.152321
0.180233 0.185352
0.258721 0.233303
0.155705 0.235887
0.177167 0.274859
0.100292 0.001032
0.148215 0.031511
0.141071 0.048155
0.142858 0.065821
0.151117 0.078657
0.131509 0.083614
0.130272 0.101188
0.145326 0.115066
0.157640 0.126943
0.146968 0.139965
0.203795 0.169565
0.233459 0.211983
0.226956 0.227072
0.119444 0.216615
0.117838 0.000369
0.144152 0.001109
0.159160 0.022314
0.156896 0.048908
0.162087 0.064751
0.173055 0.079595
0.146407 0.096094
0.178696 0.120147
0.172141 0.136928
0.190127 0.134859
0.204671 0.151726
0.212120 0.183683
0.251737 0.208406
0.248140 0.249606
0.188529 0.239099
0.126617 0.000306
0.167291 0.037894
0.175951 0.056622
0.186458 0.070302
0.203185 0.071045
0.164429 0.091724
0.162459 0.109111
0.194730 0.113955
0.222425 0.150460
0.223115 0.167637
0.229308 0.190811
0.217665 0.203728
0.288026 0.265070
0.259429 0.266097
0.135463 0.000419
0.178761 0.000342
0.176358 0.023233
0.193339 0.054281
0.189258 0.088337
0.179430 0.102795
0.211634 0.115152
0.206041 0.132803
0.239415 0.174481
0.236830 0.136924
0.246595 0.191720
0.268072 0.216199
0.268633 0.282667
0.210172 0.222122
0.204396 0.240487
0.152767 0.000986
0.183691 0.038789
0.211867 0.057406
0.211911 0.083858
0.201724 0.097687
0.230622 0.114755
0.222297 0.131771
0.251488 0.144052
0.239975 0.157797
0.264703 0.196233
0.290020 0.238424
0.244611 0.228913
0.214314 0.286683
0.199935 0.285332
0.161471 0.000490
0.192856 0.024300
0.201073 0.039319
0.217197 0.038909
0.231370 0.086948
0.220447 0.099580
0.246481 0.121873
0.273914 0.146531
0.260866 0.158975
0.257325 0.175645
0.283148 0.216799
0.273474 0.238782
0.273994 0.257099
0.233862 0.253009
0.224323 0.291819
0.170147 0.000554
0.234357 0.036370
0.224504 0.070052
0.255449 0.065066
0.240594 0.069648
0.241490 0.101240
0.277139 0.164881
0.292018 0.157125
0.274670 0.181861
0.301616 0.247694
0.303867 0.272833
0.314309 0.291370
0.296755 0.292123
0.235195 0.300398
0.187317 0.000195
0.208980 0.023229
0.253139 0.033294
0.228455 0.053433
0.264761 0.079468
0.249124 0.085958
0.263262 0.132720
0.301581 0.138955
0.284205 0.196787
0.329062 0.250045
0.313613 0.216863
0.281906 0.288493
0.331678 0.343296
0.271563 0.312751
0.246917 0.302468
0.195822 0.000590
0.225428 0.023732
0.273330 0.035193
0.273057 0.065408
0.264478 0.096498
0.257162 0.110629
0.286672 0.137406
0.310115 0.177948
0.298398 0.219671
0.314307 0.237040
0.316182 0.262346
0.339718 0.316241
0.218706 0.246431
0.212359 0.262476
0.204328 0.000880
0.255050 0.000662
0.243796 0.022408
0.244734 0.050687
0.281240 0.084714
0.279104 0.102703
0.272067 0.120135
0.288684 0.120637
0.325885 0.173343
0.293629 0.177809
0.346270 0.283335
0.329838 0.276571
0.331017 0.295694
0.296879 0.329687
0.249818 0.278304
0.212795 0.000768
0.264660 0.022966
0.290786 0.037827
0.288622 0.069431
0.299014 0.083742
0.294005 0.101723
0.316240 0.137718
0.307233 0.160072
0.332876 0.189650
0.315389 0.195618
0.368332 0.278169
0.360856 0.317753
0.359341 0.343680
0.231489 0.270122
0.221317 0.000340
0.288524 0.000152
0.282984 0.022390
0.261256 0.047897
0.306593 0.066032
0.309440 0.099524
0.304368 0.119245
0.327585 0.127534
0.322595 0.153937
0.370041 0.183846
0.345621 0.214257
0.299592 0.197368
0.375776 0.328763
0.382575 0.309916
0.319469 0.312562
0.229762 0.000417
0.299429 0.024468
0.296970 0.054502
0.279277 0.050805
0.327713 0.095982
0.319411 0.112949
0.336844 0.111790
0.337246 0.149848
0.340989 0.168740
0.379468 0.225245
0.344309 0.258566
0.361359 0.242242
0.259986 0.306313
0.344778 0.334262
0.238255 0.000148
0.313384 0.000944
0.307182 0.041338
0.321938 0.065915
0.315294 0.082683
0.344219 0.094054
0.365333 0.102878
0.342051 0.133259
0.354809 0.175779
0.369034 0.139056
0.348357 0.194098
0.329517 0.209179
0.330934 0.229455
0.298010 0.311200
0.364888 0.356520
0.246691 0.000113
0.313846 0.022955
0.337223 0.058919
0.332510 0.079075
0.347532 0.073644
0.358096 0.087706
0.369833 0.120268
0.353488 0.151368
0.380180 0.148765
0.364965 0.161785
0.345617 0.235082
0.391335 0.288173
0.281905 0.320037
0.352622 0.299611
0.263374 0.000409
0.338110 0.000534
0.321032 0.050144
0.353549 0.057368
0.364212 0.070576
0.374795 0.086049
0.381790 0.103327
0.351899 0.111556
0.356416 0.129671
0.381250 0.167394
0.385056 0.186620
0.376021 0.252498
0.401601 0.222687
0.470360 0.375889
0.389382 0.238008
0.271756 0.000062
0.323496 0.034372
0.338230 0.041509
0.391468 0.058300
0.381014 0.069812
0.390458 0.085900
0.407919 0.139863
0.385275 0.121685
0.391409 0.136783
0.396013 0.157317
0.361714 0.202439
0.404733 0.360642
0.676448 0.312455
0.321720 0.337335
0.280120 0.000220
0.362665 0.000817
0.370130 0.054731
0.353203 0.040979
0.384120 0.044146
0.406680 0.088758
0.397275 0.105200
0.429432 0.106266
0.431159 0.132997
0.411031 0.161675
0.399946 0.176632
0.403709 0.194177
0.393800 0.207542
0.377164 0.205674
0.419210 0.360810
0.296816 0.000883
0.332243 0.022284
0.360077 0.024463
0.400067 0.041247
0.399356 0.072489
0.413703 0.106036
0.402435 0.122061
0.422245 0.148788
0.439478 0.148682
0.417053 0.181169
0.417244 0.206054
0.444179 0.225889
0.308111 0.335007
0.416575 0.346336
0.305087 0.000546
0.346406 0.024771
0.387245 0.027839
0.409149 0.058216
0.423550 0.089926
0.459252 0.089155
0.439695 0.117434
0.418390 0.123805
0.449500 0.103243
0.429575 0.193841
0.464291 0.199338
0.448671 0.197426
0.429887 0.237228
0.408555 0.239565
0.363837 0.223281
0.321606 0.000241
0.369410 0.037916
0.399500 0.022782
0.414527 0.039730
0.430390 0.039756
0.433438 0.072501
0.468480 0.104090
0.468729 0.132525
0.446942 0.163959
0.428276 0.165776
0.440112 0.180154
0.426763 0.268694
0.389134 0.358660
0.358699 0.263943
0.329830 0.000561
0.403624 0.001175
0.375161 0.022243
0.413203 0.024392
0.417377 0.073453
0.449072 0.075538
0.439619 0.090084
0.458996 0.118044
0.449469 0.132351
0.458408 0.179682
0.476879 0.148328
0.396112 0.255466
0.419251 0.254696
0.392116 0.337187
0.434289 0.365648
0.346352 0.000266
0.446348 0.041361
0.424057 0.055886
0.455094 0.059181
0.482096 0.076095
0.488286 0.105022
0.465550 0.163318
0.457900 0.146913
0.481916 0.322774
0.420516 0.222952
0.436458 0.210184
0.453518 0.243471
0.423288 0.328678
0.375650 0.359208
0.354492 0.000023
0.411784 0.000096
0.476925 0.000701
0.454363 0.022548
0.427612 0.022301
0.498701 0.074407
0.476958 0.090477
0.495172 0.090220
0.482123 0.167763
0.478532 0.118622
0.445270 0.316321
0.467222 0.231860
0.384386 0.270401
0.413698 0.287361
0.473184 0.271364
0.370886 0.000231
0.460711 0.000788
0.441032 0.025410
0.439904 0.056948
0.514062 0.121104
0.532803 0.131446
0.497394 0.119194
0.495150 0.153436
0.476659 0.182572
0.406174 0.270152
0.370803 0.297592
0.593586 0.380907
0.520063 0.380227
0.429001 0.299466
0.379180 0.000652
0.452552 0.000574
0.484993 0.000565
0.490975 0.038800
0.523142 0.036941
0.547156 0.163510
0.525276 0.167318
0.518150 0.139931
0.571980 0.227639
0.438392 0.334547
0.531449 0.386207
0.962393 0.164387
0.519378 0.276614
0.445436 0.351855
0.402468 0.300964
0.419956 0.000745
0.468805 0.001270
0.593058 0.041057
0.466016 0.073691
0.469111 0.054971
0.521706 0.189189
0.511108 0.156656
0.487067 0.134357
0.507510 0.226139
0.458616 0.216502
0.488249 0.375825
0.416691 0.315234
0.466617 0.348880
0.399126 0.323111
0.395475 0.000336
0.436305 0.000133
0.509764 0.000488
0.469037 0.023896
0.595887 0.176605
0.511483 0.065931
0.577825 0.311511
0.496250 0.173589
0.448548 0.298590
0.481729 0.199317
0.945939 0.273650
0.587159 0.329819
0.606753 0.333268
0.447729 0.369291
0.562607 0.385419
0.534291 0.000615
0.501530 0.000291
0.428136 0.000213
0.150666 0.273129
0.482789 0.060744
0.506981 0.103989
0.439227 0.253770
0.558237 0.294954
0.500275 0.242552
0.599656 0.376617
0.854193 0.199952
0.502925 0.320129
0.695195 0.287822
0.481309 0.337710
0.599412 0.000498
0.550635 0.000213
0.387351 0.000517
0.493228 0.001139
0.531192 0.023219
0.476583 0.040773
0.512077 0.086113
0.545786 0.143128
0.494820 0.216186
0.711614 0.304469
0.436792 0.284468
0.470083 0.365012
0.495737 0.356550
0.458255 0.329436
0.528607 0.372185
0.591296 0.001135
0.517988 0.000589
0.444402 0.000236
0.497577 0.021450
0.460788 0.038609
0.906102 0.217549
0.670403 0.298263
0.555610 0.379596
0.609419 0.348241
0.519621 0.331245
0.699556 0.305780
0.501867 0.374602
0.500977 0.339709
0.523535 0.255599
0.615691 0.000616
0.566937 0.000816
0.505438 0.034243
0.526152 0.000514
0.496180 0.056127
0.509960 0.048768
0.525554 0.054181
0.503050 0.136932
0.531365 0.152014
0.497086 0.192061
0.485415 0.236375
0.453380 0.277757
0.488677 0.259961
0.469582 0.294810
0.535861 0.335529
0.632124 0.000509
0.542444 0.000174
0.545958 0.022050
0.515412 0.022318
0.482569 0.024386
0.523978 0.073539
0.545532 0.119373
0.556041 0.131716
0.560052 0.152355
0.511462 0.177933
0.465651 0.312755
0.522577 0.236765
0.484273 0.282000
0.514793 0.352798
0.640335 0.000800
0.558791 0.000607
0.574841 0.024130
0.565593 0.043301
0.552023 0.036357
0.528272 0.115540
0.555463 0.104701
0.571379 0.136214
0.548920 0.186075
0.509042 0.204174
0.539863 0.243760
0.541875 0.361673
0.471328 0.250625
0.502454 0.276349
0.664889 0.318258
0.656701 0.000528
0.601496 0.024062
0.588428 0.023508
0.561957 0.023330
0.537949 0.040456
0.537431 0.061733
0.522079 0.099317
0.539195 0.101568
0.563358 0.172335
0.533499 0.201740
0.552597 0.279239
0.522230 0.215940
0.506990 0.256360
0.455951 0.262879
0.664874 0.000204
0.575068 0.000448
0.614809 0.023084
0.551166 0.053593
0.573119 0.058592
0.559010 0.065911
0.532736 0.086513
0.552828 0.088320
0.565826 0.116406
0.563693 0.191631
0.549823 0.206490
0.536898 0.222908
0.581729 0.347037
0.578804 0.357113
0.564135 0.341677
0.681173 0.000908
0.583172 0.000452
0.607527 0.000008
0.579657 0.040868
0.544893 0.075154
0.581874 0.080745
0.568847 0.094478
0.579886 0.174825
0.589957 0.157866
0.565512 0.209985
0.536967 0.178509
0.518015 0.314102
0.515926 0.294501
0.485231 0.303403
0.689408 0.001031
0.623886 0.000142
0.629380 0.021251
0.613858 0.063685
0.586817 0.061440
0.567713 0.077197
0.580179 0.105099
0.575018 0.155781
0.601125 0.132963
0.616843 0.137111
0.537294 0.267446
0.610236 0.168374
0.552200 0.255741
0.564960 0.241563
0.607251 0.317069
0.705953 0.000490
0.622218 0.037948
0.622315 0.083607
0.608141 0.041311
0.601434 0.056075
0.596010 0.074373
0.591282 0.093609
0.586479 0.138380
0.595669 0.198248
0.604044 0.151109
0.603103 0.216350
0.632769 0.352453
0.478678 0.217760
0.631024 0.353491
0.714172 0.000403
0.648506 0.000541
0.644030 0.023211
0.625325 0.053541
0.608211 0.081541
0.604172 0.099777
0.581656 0.121317
0.612879 0.118215
0.627662 0.125002
0.609682 0.189159
0.580034 0.193564
0.537725 0.303512
0.535921 0.286084
0.552098 0.230055
0.545062 0.349091
0.722448 0.000202
0.656839 0.023674
0.636440 0.038315
0.643004 0.056161
0.630457 0.068759
0.596595 0.115273
0.632306 0.107265
0.633520 0.142616
0.621733 0.155718
0.584214 0.212543
0.636868 0.279354
0.561445 0.328035
0.571522 0.375143
0.498812 0.298146
0.739184 0.000421
0.672990 0.000138
0.669372 0.024770
0.650806 0.041520
0.659868 0.058814
0.647036 0.071350
0.618640 0.101024
0.644172 0.121234
0.623391 0.181890
0.620417 0.204771
0.612750 0.254355
0.618262 0.223299
0.562225 0.313336
0.605454 0.363788
0.637570 0.305667
0.747571 0.001202
0.682323 0.022619
0.665743 0.041359
0.675258 0.058292
0.664353 0.076018
0.635823 0.087865
0.647243 0.102501
0.641470 0.180416
0.635204 0.197644
0.606180 0.237314
0.589452 0.230008
0.538204 0.317172
0.620535 0.275714
0.626066 0.329691
0.755985 0.001027
0.697662 0.000461
0.696173 0.023605
0.680192 0.040979
0.679186 0.075919
0.652358 0.087105
0.659444 0.113681
0.649195 0.135942
0.633981 0.164896
0.657766 0.188350
0.578616 0.254048
0.602489 0.270638
0.567094 0.267287
0.679165 0.284339
0.632305 0.322317
0.764335 0.000156
0.709523 0.023564
0.694774 0.039192
0.689706 0.059157
0.666828 0.095578
0.675057 0.112469
0.666457 0.129148
0.655278 0.169220
0.634697 0.220750
0.646709 0.228200
0.592982 0.302825
0.595279 0.251176
0.722146 0.289926
0.617454 0.289758
0.772696 0.000668
0.730778 0.000844
0.724581 0.022889
0.705278 0.065486
0.681671 0.093587
0.689415 0.115008
0.681407 0.134666
0.648247 0.153637
0.649862 0.205043
0.574820 0.289466
0.662670 0.217382
0.646803 0.248107
0.663004 0.236845
0.648627 0.293105
0.648745 0.267510
0.789610 0.000512
0.730471 0.038330
0.715162 0.038308
0.693658 0.079642
0.697670 0.098752
0.695856 0.131556
0.664718 0.146476
0.669869 0.163451
0.628186 0.241904
0.684556 0.247013
0.696940 0.232008
0.583849 0.272168
0.669341 0.254053
0.596675 0.289169
0.798026 0.000491
0.740119 0.021836
0.705019 0.050350
0.720213 0.071052
0.717641 0.097472
0.706062 0.112757
0.716527 0.123235
0.683975 0.151189
0.674423 0.183112
0.686553 0.171153
0.632278 0.258900
0.679041 0.226936
0.688763 0.262294
0.739703 0.257688
0.663002 0.284642
0.806397 0.000320
0.757281 0.046300
0.740342 0.052283
0.708632 0.084705
0.737073 0.095130
0.728990 0.109395
0.736387 0.123983
0.699244 0.158288
0.718884 0.174216
0.724804 0.210634
0.703833 0.251458
0.665668 0.266416
0.703620 0.283804
0.618643 0.304568
0.823531 0.000027
0.781138 0.000152
0.746934 0.035143
0.722874 0.055430
0.740153 0.067790
0.731099 0.081140
0.751892 0.101729
0.708077 0.139459
0.702464 0.176631
0.672005 0.200657
0.690308 0.193527
0.740598 0.202533
0.733584 0.230202
0.732947 0.275928
0.748490 0.279521
0.832163 0.000793
0.757702 0.021796
0.767304 0.032672
0.756304 0.062770
0.765512 0.077106
0.751122 0.083436
0.726421 0.139394
0.742340 0.142347
0.715441 0.155210
0.739804 0.178962
0.705335 0.212269
0.726245 0.190032
0.711920 0.283605
0.717170 0.264375
0.840679 0.000253
0.814859 0.000124
0.778130 0.020799
0.772037 0.050042
0.777230 0.066260
0.781915 0.083059
0.768487 0.094780
0.767838 0.112734
0.750676 0.117598
0.687061 0.212467
0.708040 0.195123
0.714266 0.229381
0.763412 0.225500
0.838375 0.249818
0.756357 0.275524
0.857988 0.000144
0.796122 0.021668
0.783951 0.034551
0.788024 0.054203
0.795649 0.070852
0.810307 0.073614
0.783779 0.106030
0.774525 0.127098
0.730926 0.160265
0.748189 0.160012
0.758757 0.175527
0.753265 0.193239
0.721853 0.246664
0.747927 0.242551
0.866712 0.000150
0.849303 0.000497
0.818773 0.020348
0.808065 0.030422
0.797662 0.041883
0.817241 0.044930
0.794713 0.091593
0.800430 0.107886
0.790818 0.126010
0.757919 0.133857
0.762218 0.152557
0.772347 0.191330
0.767670 0.208722
0.746483 0.220615
0.766105 0.259935
0.884208 0.000947
0.855341 0.020482
0.838564 0.022786
0.827740 0.032494
0.807009 0.056998
0.825760 0.077979
0.811445 0.090423
0.807871 0.122596
0.801940 0.140553
0.776906 0.144136
0.773470 0.168441
0.788002 0.190677
0.797955 0.205189
0.779916 0.272526
0.893089 0.000112
0.875438 0.000575
0.873657 0.022656
0.847798 0.035845
0.835222 0.047244
0.825766 0.061384
0.844042 0.062465
0.833063 0.091477
0.819186 0.106593
0.833819 0.110172
0.790765 0.152580
0.790313 0.168332
0.849229 0.182923
0.828239 0.230012
0.789342 0.272502
0.901889 0.000301
0.906216 0.022343
0.865278 0.034854
0.872088 0.049919
0.854484 0.050097
0.863328 0.065488
0.844095 0.077484
0.848648 0.103459
0.855756 0.123215
0.809410 0.160300
0.823531 0.128590
0.802537 0.180372
0.813465 0.199631
0.782475 0.216220
0.910867 0.000257
0.919667 0.000285
0.918087 0.035818
0.890379 0.021499
0.883762 0.036136
0.881615 0.063521
0.890020 0.079438
0.856357 0.085834
0.865578 0.100990
0.840647 0.125946
0.873485 0.136691
0.821484 0.144498
0.819060 0.180102
0.852764 0.260887
0.809408 0.237017
0.928769 0.000561
0.924527 0.020949
0.901735 0.037511
0.891815 0.051123
0.916435 0.071265
0.871363 0.079229
0.880962 0.093550
0.870120 0.117990
0.888026 0.126531
0.841077 0.145676
0.853114 0.162915
0.869460 0.172283
0.836822 0.173086
0.796835 0.227712
0.937819 0.000460
0.945407 0.021823
0.936737 0.032634
0.910927 0.052155
0.901297 0.066686
0.907713 0.086531
0.887444 0.110026
0.907003 0.116015
0.907577 0.132399
0.857087 0.144800
0.885880 0.169040
0.875240 0.153171
0.828253 0.159768
0.832253 0.196421
0.785890 0.244122
0.946839 0.000504
0.949248 0.044681
0.930303 0.045897
0.929024 0.061118
0.940552 0.076097
0.901235 0.099822
0.923875 0.140136
0.907079 0.151020
0.900362 0.171910
0.926849 0.174651
0.954640 0.196801
0.899020 0.188824
0.870509 0.188972
0.800899 0.262129
0.956338 0.000311
0.963111 0.018912
0.961609 0.033606
0.946248 0.061476
0.961863 0.104402
0.926231 0.085222
0.921022 0.102853
0.892253 0.146078
0.944522 0.165786
0.916853 0.164491
0.939967 0.187668
0.879162 0.199687
0.957479 0.228277
0.848250 0.229867
0.907622 0.198309
0.965800 0.000765
0.978078 0.025186
0.963941 0.051552
0.951632 0.086098
0.964746 0.135904
0.953013 0.147009
0.939654 0.129777
0.944223 0.213629
0.972509 0.288794
0.925270 0.193623
0.967801 0.211601
0.879662 0.244747
0.837533 0.211602
0.908926 0.232025
0.975222 0.000948
0.999392 0.000436
0.977857 0.039969
0.979706 0.096032
0.938524 0.098827
0.945569 0.112565
0.960984 0.182241
0.976452 0.175465
0.976730 0.226909
0.940095 0.230297
0.984765 0.311908
0.928917 0.277126
0.826448 0.257307
0.859563 0.217079
0.813347 0.259498
0.984829 0.000896
0.979343 0.058195
0.962884 0.068380
0.978797 0.114632
0.960401 0.121940
0.926370 0.119800
0.977724 0.273035
0.958471 0.264944
0.999183 0.255065
0.966754 0.252985
0.921853 0.252551
0.976838 0.243869
0.918069 0.247244
0.769711 0.242073
0.999610 0.011799
0.999672 0.041393
0.979323 0.075533
0.966967 0.086132
0.999837 0.104524
0.999308 0.182811
0.999086 0.138005
0.999588 0.149093
0.997611 0.292075
0.999480 0.264742
0.994724 0.313405
0.925442 0.210317
0.931354 0.286436
0.999668 0.229465
0.872730 0.224578
0.999125 0.001281
0.999787 0.051463
0.999855 0.072284
0.999777 0.093676
0.999756 0.115289
0.976324 0.155231
0.978189 0.197647
0.939725 0.244209
0.999159 0.242572
0.999227 0.194405
0.999858 0.286529
0.922129 0.286328
0.816375 0.217552
0.891404 0.240085
0.999752 0.022251
0.999624 0.031931
0.998921 0.061747
0.999733 0.082779
0.980036 0.135572
0.999662 0.126480
0.999805 0.205812
0.935701 0.150939
0.999846 0.217336
0.999664 0.160074
0.999027 0.171334
0.888035 0.213688
0.979494 0.306846
0.860712 0.252936
0.875636 0.256765
