0.000643 0.024041
0.000538 0.061287
0.000380 0.091858
0.000927 0.123120
0.000490 0.134088
0.026808 0.289034
0.000221 0.177687
0.000130 0.188873
0.000681 0.290136
0.085273 0.273143
0.143531 0.278127
0.065492 0.239918
0.047940 0.250278
0.130328 0.254740
0.000110 0.014270
0.000157 0.042018
0.000243 0.071068
0.022240 0.047004
0.024850 0.196288
0.000007 0.200060
0.000964 0.166801
0.000067 0.268425
0.000948 0.233543
0.000850 0.245220
0.001018 0.314834
0.000656 0.325001
0.062038 0.276272
0.085478 0.246422
0.142415 0.229523
0.000116 0.000848
0.000665 0.051455
0.000236 0.081358
0.000484 0.102071
0.000398 0.112377
0.000124 0.211230
0.000573 0.155887
0.000220 0.280752
0.000310 0.222269
0.061004 0.283918
0.018712 0.295975
0.041414 0.269045
0.095501 0.260148
0.107291 0.268299
0.000895 0.000619
0.023975 0.026211
0.034119 0.038188
0.021858 0.086271
0.026668 0.160366
0.062652 0.167812
0.041965 0.149967
0.000295 0.256983
0.060645 0.223989
0.042437 0.218806
0.042335 0.236696
0.028258 0.325530
0.018511 0.324567
0.027513 0.310785
0.149343 0.255304
0.011779 0.000658
0.052775 0.038038
0.000862 0.033000
0.022969 0.066178
0.000197 0.145065
0.041689 0.190176
0.044849 0.169726
0.064339 0.184642
0.025515 0.232919
0.070951 0.197948
0.020933 0.252649
0.110007 0.212162
0.080267 0.235497
0.132845 0.275380
0.029864 0.000192
0.021389 0.000261
0.062848 0.064385
0.043031 0.052954
0.025604 0.177958
0.022901 0.118793
0.055223 0.134667
0.062220 0.150883
0.049232 0.203507
0.092304 0.186789
0.104208 0.173388
0.076464 0.213578
0.125148 0.238688
0.121118 0.262402
0.188408 0.263902
0.038434 0.000787
0.058348 0.024146
0.035234 0.066409
0.051275 0.099100
0.035143 0.130703
0.043649 0.115608
0.078647 0.147967
0.132095 0.159676
0.026187 0.214784
0.081164 0.171489
0.031781 0.262783
0.094714 0.226709
0.091537 0.203224
0.086531 0.282277
0.047263 0.000115
0.039429 0.022856
0.071316 0.029630
0.065091 0.047625
0.037603 0.088383
0.062752 0.084763
0.023305 0.141414
0.078077 0.130121
0.111811 0.154503
0.094129 0.156988
0.108651 0.195982
0.147596 0.195958
0.136993 0.207620
0.184928 0.230118
0.169510 0.257546
0.056114 0.000081
0.085764 0.021779
0.086336 0.037601
0.050214 0.074745
0.079380 0.070819
0.028447 0.103622
0.069162 0.102195
0.062769 0.118938
0.170485 0.173121
0.122105 0.173902
0.141829 0.177630
0.166474 0.205750
0.109722 0.237195
0.183850 0.209595
0.064839 0.000026
0.073527 0.000868
0.102672 0.025548
0.099944 0.045620
0.081145 0.053933
0.096412 0.064841
0.098326 0.101076
0.081378 0.087521
0.096644 0.136799
0.152290 0.162639
0.199119 0.197083
0.126332 0.191828
0.170850 0.230573
0.155899 0.219337
0.169130 0.283279
0.082473 0.000655
0.119735 0.024107
0.130064 0.035575
0.128298 0.054900
0.112628 0.060803
0.096733 0.083969
0.082505 0.112248
0.098202 0.119151
0.114352 0.135690
0.167786 0.155770
0.161031 0.187438
0.188622 0.174621
0.200463 0.216297
0.196029 0.281644
0.091577 0.000303
0.109073 0.000735
0.139810 0.023305
0.113761 0.040795
0.128097 0.073210
0.113013 0.079967
0.115505 0.098794
0.116552 0.116703
0.133485 0.124706
0.130729 0.142676
0.189095 0.157228
0.181953 0.190603
0.260227 0.240021
0.159010 0.241557
0.179470 0.283784
0.100417 0.000356
0.150664 0.033620
0.143331 0.050424
0.145487 0.068229
0.152905 0.082803
0.133329 0.087455
0.132086 0.105018
0.148313 0.119686
0.159946 0.132166
0.148078 0.144869
0.206446 0.174558
0.234837 0.218375
0.227701 0.233266
0.122911 0.221530
0.117828 0.000843
0.144041 0.000154
0.162089 0.023715
0.159930 0.051429
0.164350 0.067685
0.174852 0.082200
0.149317 0.100359
0.181248 0.123620
0.174726 0.141389
0.192201 0.139249
0.207078 0.156465
0.213947 0.189780
0.253196 0.214618
0.249638 0.256634
0.188571 0.247079
0.126556 0.000383
0.170044 0.039644
0.179230 0.059253
0.188787 0.073519
0.206029 0.073421
0.167016 0.095308
0.165027 0.113862
0.197268 0.118358
0.223668 0.154775
0.225573 0.173433
0.230866 0.196179
0.218198 0.209497
0.287580 0.273020
0.259547 0.274629
0.135360 0.000224
0.178700 0.000440
0.178701 0.024562
0.196945 0.056578
0.192200 0.091306
0.182094 0.105683
0.214159 0.118687
0.208473 0.137165
0.241155 0.179672
0.239701 0.140824
0.248101 0.197957
0.268270 0.223084
0.267223 0.290788
0.210875 0.229855
0.205105 0.247670
0.152725 0.000627
0.186406 0.040470
0.214495 0.058663
0.214229 0.087081
0.204467 0.101190
0.232526 0.118291
0.224537 0.136058
0.253633 0.148720
0.240986 0.161871
0.266392 0.201742
0.290376 0.244948
0.244744 0.236265
0.214964 0.296046
0.198409 0.295566
0.161395 0.000861
0.195320 0.025312
0.203657 0.040142
0.219695 0.039321
0.233253 0.088940
0.223382 0.103226
0.248533 0.125492
0.275008 0.150787
0.262061 0.163904
0.258563 0.180795
0.284066 0.223423
0.274894 0.245973
0.273343 0.264036
0.233622 0.260744
0.222373 0.302080
0.170094 0.000233
0.237255 0.037097
0.226421 0.072459
0.258091 0.066738
0.243028 0.071271
0.243716 0.104202
0.278689 0.169365
0.292815 0.161243
0.276293 0.187161
0.301812 0.257061
0.303688 0.281672
0.313043 0.298168
0.294895 0.300311
0.234233 0.309962
0.187247 0.000614
0.211641 0.023629
0.255741 0.034323
0.230790 0.054978
0.267154 0.082077
0.250381 0.087765
0.264761 0.135895
0.302832 0.143419
0.284958 0.202560
0.328754 0.255061
0.314576 0.222609
0.279646 0.296275
0.329261 0.349646
0.270001 0.322088
0.244854 0.312226
0.195725 0.000282
0.228494 0.024398
0.274779 0.035631
0.274791 0.066032
0.265693 0.098662
0.259133 0.113303
0.287542 0.140586
0.310453 0.182986
0.299533 0.226594
0.314157 0.243067
0.315767 0.268967
0.337513 0.322813
0.219602 0.253267
0.212423 0.270346
0.204244 0.000288
0.254921 0.000259
0.246517 0.022625
0.246907 0.052521
0.283268 0.086762
0.280636 0.105101
0.273508 0.122689
0.290183 0.123402
0.326400 0.178207
0.294518 0.182996
0.344723 0.288103
0.329514 0.282080
0.329052 0.303293
0.292169 0.337875
0.248715 0.286338
0.212756 0.001014
0.266434 0.022628
0.292350 0.038197
0.290181 0.070939
0.300463 0.085447
0.295638 0.104142
0.317712 0.141822
0.308054 0.164247
0.332808 0.193879
0.315911 0.201537
0.367627 0.284574
0.357298 0.324909
0.355986 0.350387
0.231684 0.277890
0.221266 0.000194
0.288413 0.000852
0.284912 0.022431
0.263226 0.049354
0.308173 0.067181
0.310657 0.102017
0.305755 0.123008
0.328250 0.130022
0.323349 0.157860
0.369933 0.188194
0.345947 0.219643
0.300263 0.204025
0.373040 0.334940
0.380620 0.315828
0.317192 0.320637
0.229673 0.000522
0.300481 0.024721
0.298589 0.055602
0.281443 0.051482
0.328399 0.098393
0.320162 0.115501
0.337551 0.114450
0.337973 0.153506
0.341603 0.172091
0.378248 0.229227
0.343407 0.264707
0.361022 0.247053
0.258139 0.314796
0.341869 0.340640
0.238108 0.000192
0.313213 0.000317
0.308382 0.041509
0.323935 0.067111
0.316368 0.084195
0.345228 0.096057
0.365799 0.105213
0.342771 0.136971
0.355119 0.180395
0.369796 0.142649
0.348406 0.197920
0.330345 0.213095
0.331164 0.234748
0.296667 0.317862
0.361462 0.363299
0.246577 0.000736
0.315072 0.022808
0.338655 0.060029
0.333544 0.081621
0.347853 0.075282
0.358765 0.089450
0.370285 0.122602
0.354466 0.154308
0.380543 0.152871
0.364892 0.165928
0.345861 0.240932
0.388579 0.293251
0.279673 0.329245
0.350785 0.305664
0.263302 0.000086
0.338089 0.000239
0.321804 0.052071
0.354719 0.058395
0.364684 0.071750
0.375163 0.088183
0.381921 0.105428
0.352460 0.114216
0.356869 0.132203
0.381269 0.171223
0.385317 0.191203
0.374977 0.257166
0.400486 0.227690
0.469533 0.377432
0.388297 0.242665
0.271686 0.000820
0.324284 0.035941
0.338658 0.042199
0.391629 0.059130
0.381505 0.071155
0.391185 0.088363
0.407729 0.142717
0.385995 0.124246
0.391447 0.140112
0.396358 0.160639
0.361068 0.207072
0.401508 0.364665
0.683935 0.310352
0.316817 0.346020
0.280029 0.000017
0.362613 0.000250
0.371157 0.055968
0.353492 0.041851
0.384122 0.045109
0.407151 0.090708
0.397522 0.107302
0.429656 0.108466
0.430931 0.135846
0.411319 0.165538
0.399296 0.180913
0.403596 0.198863
0.393912 0.211651
0.376967 0.210211
0.416568 0.365979
0.296709 0.000187
0.331818 0.022295
0.359623 0.024399
0.400159 0.041372
0.399948 0.073875
0.414221 0.108262
0.402889 0.124995
0.422063 0.151512
0.439733 0.151763
0.416557 0.183877
0.416586 0.210142
0.443750 0.229565
0.304952 0.342946
0.414237 0.350564
0.304947 0.000384
0.346001 0.025101
0.386940 0.029062
0.408948 0.059552
0.423764 0.091142
0.458997 0.090957
0.439552 0.120164
0.418773 0.125986
0.449070 0.105245
0.428667 0.197457
0.464290 0.202546
0.448608 0.200946
0.429264 0.240770
0.407492 0.244200
0.362502 0.228309
0.321488 0.001013
0.368843 0.038657
0.398895 0.022917
0.414793 0.040184
0.430322 0.040490
0.433916 0.073714
0.468286 0.106218
0.468232 0.135451
0.446118 0.167214
0.428433 0.169600
0.439589 0.183907
0.425976 0.272736
0.386571 0.363990
0.358519 0.268880
0.329790 0.000369
0.403550 0.000042
0.374612 0.022387
0.412730 0.025039
0.417280 0.074809
0.449009 0.076900
0.439732 0.091821
0.458985 0.120290
0.449455 0.134940
0.458687 0.183421
0.476956 0.151188
0.394978 0.260601
0.418292 0.258515
0.388833 0.342961
0.433105 0.369869
0.346307 0.000181
0.446491 0.042138
0.424024 0.057295
0.454828 0.060213
0.481603 0.077794
0.488024 0.107173
0.465141 0.166145
0.457842 0.150422
0.481039 0.326478
0.419559 0.227342
0.435582 0.214398
0.452259 0.246619
0.421118 0.332177
0.372514 0.365105
0.354441 0.000581
0.411751 0.000827
0.476960 0.000593
0.454033 0.023147
0.426820 0.023062
0.498477 0.076487
0.476341 0.092244
0.494478 0.092336
0.482101 0.170438
0.478491 0.121311
0.443548 0.319931
0.466536 0.236403
0.382793 0.275572
0.411918 0.292364
0.471758 0.274676
0.370825 0.001003
0.460713 0.000508
0.440287 0.026146
0.439495 0.057903
0.513422 0.123586
0.532658 0.134957
0.497207 0.122089
0.495054 0.156331
0.476605 0.186496
0.404365 0.275589
0.368135 0.304311
0.599592 0.377412
0.519882 0.382796
0.427935 0.304075
0.379070 0.001059
0.452530 0.000528
0.485057 0.000042
0.490813 0.040218
0.522922 0.037554
0.546684 0.166998
0.525248 0.170621
0.518410 0.143122
0.573149 0.231968
0.436890 0.338481
0.533942 0.385629
0.961247 0.167842
0.519397 0.280338
0.443913 0.354475
0.401441 0.306123
0.419913 0.000689
0.468849 0.000224
0.592641 0.041700
0.465710 0.074703
0.468886 0.055568
0.521432 0.193513
0.511272 0.159759
0.487002 0.137203
0.507536 0.229137
0.458304 0.219579
0.489374 0.378752
0.414250 0.319119
0.465748 0.351455
0.396160 0.328225
0.395374 0.000760
0.436262 0.000314
0.509718 0.000872
0.468770 0.024325
0.595957 0.180698
0.511440 0.067491
0.581256 0.317036
0.496031 0.176982
0.447164 0.302360
0.481584 0.202800
0.936349 0.276142
0.589753 0.330825
0.611844 0.339853
0.445033 0.371695
0.565896 0.384732
0.534250 0.000570
0.501507 0.000354
0.428103 0.000281
0.153660 0.281395
0.482524 0.061565
0.506574 0.106487
0.438026 0.257921
0.559032 0.299761
0.500242 0.246103
0.606765 0.373487
0.849231 0.203986
0.501994 0.322729
0.699720 0.289545
0.481240 0.340716
0.599377 0.000415
0.550640 0.000128
0.387236 0.000582
0.493263 0.000979
0.530925 0.023390
0.476597 0.041386
0.511683 0.088085
0.545334 0.146271
0.493866 0.219316
0.726234 0.308282
0.434738 0.288437
0.467947 0.368702
0.495773 0.359784
0.456764 0.333922
0.529649 0.373920
0.591255 0.000414
0.517922 0.000144
0.444371 0.000833
0.497831 0.022358
0.460626 0.039031
0.902160 0.219557
0.676092 0.302734
0.559049 0.377070
0.618513 0.350527
0.522012 0.336052
0.709000 0.309707
0.501930 0.377643
0.500407 0.343275
0.523643 0.259260
0.615639 0.001006
0.566922 0.000731
0.505539 0.035244
0.526085 0.000883
0.496111 0.057473
0.509935 0.050594
0.526014 0.055193
0.503262 0.140187
0.531494 0.155257
0.497333 0.195039
0.484921 0.240375
0.452191 0.281309
0.487716 0.262921
0.467799 0.299502
0.536953 0.338382
0.632149 0.000510
0.542421 0.000996
0.545587 0.021879
0.515196 0.022588
0.482822 0.024633
0.523816 0.075426
0.545451 0.121501
0.556001 0.134493
0.559301 0.156179
0.511038 0.181360
0.464585 0.316200
0.522280 0.240900
0.484039 0.285515
0.515801 0.354339
0.640417 0.000288
0.558792 0.000071
0.574568 0.025007
0.565307 0.044014
0.551604 0.035907
0.527978 0.118253
0.556127 0.106933
0.571262 0.140123
0.549281 0.190559
0.508773 0.208008
0.540099 0.248234
0.545795 0.363350
0.471172 0.254871
0.501633 0.280078
0.671596 0.318430
0.656773 0.000022
0.601329 0.025139
0.588370 0.023408
0.561813 0.023765
0.537589 0.040999
0.537816 0.063046
0.521622 0.101360
0.538762 0.104526
0.562630 0.175730
0.533211 0.206066
0.553651 0.283212
0.522211 0.219297
0.507049 0.259970
0.454784 0.266663
0.664903 0.000944
0.575033 0.000303
0.614577 0.023277
0.551585 0.054211
0.572755 0.059896
0.558807 0.067563
0.532841 0.088688
0.551989 0.090860
0.565661 0.120006
0.563614 0.195867
0.550248 0.210730
0.537262 0.226887
0.587151 0.348245
0.582591 0.359742
0.566869 0.343894
0.681284 0.000358
0.583134 0.000171
0.607488 0.000161
0.579231 0.041498
0.544809 0.076951
0.581797 0.082196
0.569121 0.096855
0.579237 0.178836
0.589850 0.162501
0.565782 0.214589
0.536389 0.183191
0.518485 0.316232
0.515486 0.297346
0.484092 0.306542
0.689551 0.000845
0.623862 0.000782
0.629747 0.021742
0.613685 0.065814
0.586382 0.062740
0.567302 0.079986
0.580646 0.107710
0.574664 0.159939
0.600250 0.135814
0.615930 0.141244
0.537331 0.271616
0.609904 0.172562
0.551812 0.259842
0.564982 0.246060
0.610011 0.320079
0.706036 0.000371
0.622041 0.037949
0.622337 0.085687
0.608094 0.042628
0.601560 0.056960
0.595897 0.075047
0.591030 0.095334
0.586430 0.142731
0.596335 0.202248
0.603737 0.154131
0.603276 0.220705
0.644364 0.348367
0.478408 0.221593
0.641953 0.352247
0.714283 0.000437
0.648585 0.000203
0.643729 0.024000
0.624680 0.054378
0.607714 0.083775
0.603921 0.102589
0.581139 0.124467
0.612466 0.120769
0.626661 0.128149
0.609354 0.193695
0.579817 0.197603
0.539064 0.307218
0.535899 0.290545
0.552340 0.232929
0.546889 0.350692
0.722546 0.000581
0.656415 0.024504
0.636630 0.039238
0.642413 0.057711
0.629742 0.070209
0.596375 0.117945
0.631884 0.110686
0.632781 0.146875
0.621710 0.159949
0.584820 0.216601
0.636041 0.285333
0.563695 0.332067
0.576906 0.375518
0.498371 0.302525
0.739239 0.000556
0.673044 0.000729
0.669285 0.025667
0.650752 0.043074
0.659627 0.060381
0.646412 0.073184
0.618932 0.103418
0.643232 0.124957
0.623163 0.186182
0.620279 0.209415
0.613093 0.258993
0.617625 0.227976
0.563596 0.316502
0.613767 0.365372
0.636957 0.313605
0.747599 0.000576
0.681874 0.023045
0.665550 0.042546
0.674649 0.060159
0.663205 0.078133
0.635902 0.089847
0.647233 0.105649
0.641937 0.185765
0.634855 0.202682
0.605800 0.241607
0.588544 0.235738
0.540069 0.320647
0.619285 0.279555
0.633466 0.338229
0.755979 0.000315
0.697814 0.000815
0.695546 0.024407
0.679868 0.042093
0.677591 0.078776
0.651663 0.089928
0.658606 0.117179
0.647915 0.140287
0.633895 0.169978
0.657536 0.194261
0.578624 0.258247
0.602061 0.274483
0.567367 0.271857
0.676272 0.283751
0.637686 0.330661
0.764306 0.001079
0.709317 0.024541
0.694433 0.040265
0.688550 0.061105
0.666079 0.098595
0.674100 0.116137
0.665090 0.133470
0.654797 0.174196
0.634228 0.224594
0.646091 0.233195
0.593853 0.309929
0.595394 0.255279
0.735138 0.303765
0.617459 0.295926
0.772710 0.000408
0.730865 0.000095
0.723466 0.024100
0.703555 0.067916
0.680946 0.097035
0.688121 0.118938
0.680011 0.139009
0.647602 0.158189
0.649562 0.210241
0.575590 0.293731
0.662422 0.222405
0.645789 0.251434
0.662850 0.239972
0.644483 0.299093
0.647840 0.271230
0.789688 0.001051
0.728837 0.040511
0.713404 0.039828
0.692278 0.081858
0.695977 0.101670
0.694475 0.136008
0.664007 0.150823
0.669044 0.168952
0.628247 0.245744
0.685428 0.251287
0.695915 0.237227
0.584036 0.276615
0.669362 0.255854
0.596590 0.293497
0.798112 0.000907
0.738227 0.022874
0.703979 0.053070
0.718771 0.073808
0.715295 0.101376
0.704880 0.115932
0.714516 0.128318
0.682399 0.155506
0.674448 0.188291
0.685970 0.175846
0.632018 0.262536
0.678613 0.231017
0.690293 0.264260
0.740328 0.262158
0.660235 0.285077
0.806503 0.000624
0.754930 0.048668
0.738818 0.054799
0.707246 0.086980
0.734432 0.098712
0.726913 0.113927
0.734243 0.128807
0.697562 0.162951
0.717535 0.180168
0.723341 0.215857
0.705144 0.254777
0.664790 0.268581
0.711724 0.282264
0.621591 0.309432
0.823638 0.000635
0.781187 0.000207
0.744948 0.036332
0.721803 0.057439
0.737814 0.070789
0.728959 0.085125
0.749850 0.105389
0.706344 0.144597
0.702023 0.182289
0.671823 0.205904
0.689895 0.198811
0.739140 0.209050
0.732363 0.236596
0.736890 0.282048
0.748096 0.288090
0.832233 0.000161
0.755969 0.022710
0.764997 0.034332
0.754246 0.065164
0.762554 0.080049
0.748641 0.086679
0.724881 0.144183
0.740578 0.148006
0.714006 0.159718
0.738187 0.183854
0.706006 0.217900
0.725038 0.196265
0.721299 0.288194
0.719151 0.265933
0.840727 0.000316
0.815004 0.000959
0.775708 0.021856
0.770201 0.052304
0.774386 0.068447
0.779121 0.086088
0.765901 0.098519
0.765195 0.116742
0.747480 0.122095
0.687218 0.217121
0.706760 0.200408
0.713696 0.234282
0.762312 0.232397
0.834282 0.256440
0.756890 0.282211
0.858155 0.000101
0.793493 0.022393
0.781295 0.035796
0.786330 0.057018
0.792726 0.073823
0.807759 0.076510
0.781021 0.109417
0.771708 0.132046
0.729117 0.166362
0.745814 0.165108
0.756180 0.181857
0.751616 0.199245
0.722062 0.251177
0.747940 0.247779
0.866898 0.000111
0.849388 0.000633
0.816572 0.021452
0.805289 0.031292
0.794851 0.043002
0.814114 0.046024
0.792094 0.094701
0.797296 0.111642
0.787302 0.130681
0.755989 0.137982
0.759940 0.157878
0.770136 0.196566
0.764118 0.214537
0.745239 0.225444
0.764550 0.265184
0.884388 0.000211
0.853642 0.021642
0.836905 0.023623
0.825421 0.033583
0.805016 0.059149
0.822484 0.080877
0.808944 0.094476
0.804462 0.127581
0.799576 0.145205
0.774150 0.150131
0.770765 0.173332
0.784934 0.196288
0.794516 0.210922
0.777853 0.279641
0.893227 0.000415
0.875556 0.000294
0.872403 0.023743
0.846024 0.036841
0.832804 0.048862
0.823903 0.063444
0.841417 0.064926
0.831183 0.095138
0.815463 0.110615
0.830960 0.113367
0.788212 0.157919
0.788148 0.173673
0.846055 0.187313
0.825551 0.235465
0.786841 0.280184
0.902089 0.001087
0.905372 0.022754
0.863628 0.035703
0.870254 0.051740
0.852009 0.052318
0.859865 0.068231
0.841000 0.080670
0.846516 0.107385
0.853328 0.128051
0.806559 0.165841
0.820998 0.132082
0.799664 0.187279
0.810265 0.204698
0.779835 0.223019
0.911030 0.000750
0.919908 0.000581
0.916586 0.036587
0.889417 0.023191
0.882511 0.037143
0.879421 0.066481
0.888340 0.082991
0.854178 0.088805
0.862549 0.104352
0.837979 0.129594
0.871717 0.140836
0.817560 0.148139
0.816457 0.184466
0.847974 0.267643
0.807013 0.244613
0.929025 0.000417
0.923895 0.021558
0.900838 0.039036
0.889347 0.053712
0.914665 0.073383
0.870154 0.082196
0.878505 0.097577
0.867773 0.121052
0.885530 0.130481
0.837588 0.150505
0.851231 0.165844
0.866346 0.175828
0.833281 0.177812
0.793297 0.234974
0.937992 0.000963
0.944582 0.022701
0.936553 0.033739
0.910128 0.054262
0.898744 0.068181
0.906258 0.089198
0.886088 0.114012
0.904921 0.119485
0.906044 0.135935
0.853283 0.147812
0.883313 0.172437
0.872235 0.157259
0.825113 0.164043
0.828705 0.201988
0.783792 0.249829
0.947058 0.000875
0.948700 0.046564
0.928926 0.047538
0.927725 0.063832
0.939131 0.078429
0.899556 0.102462
0.922044 0.143856
0.904965 0.154817
0.898269 0.176893
0.925308 0.178415
0.954562 0.201154
0.894055 0.192316
0.866316 0.192766
0.796805 0.268507
0.956539 0.000737
0.962069 0.020527
0.961154 0.034728
0.946059 0.063282
0.960344 0.108429
0.925197 0.088157
0.919059 0.106123
0.889553 0.149747
0.941990 0.171299
0.914785 0.167388
0.937988 0.192475
0.875236 0.204222
0.956430 0.232189
0.843651 0.237151
0.904087 0.202170
0.965985 0.001019
0.976981 0.025519
0.963603 0.052999
0.950259 0.089595
0.963524 0.140251
0.951227 0.151472
0.938130 0.133925
0.940868 0.217481
0.967649 0.288248
0.923103 0.198146
0.967934 0.215113
0.872975 0.253246
0.833576 0.218167
0.902998 0.235084
0.975354 0.000281
0.999585 0.000976
0.978042 0.042127
0.978192 0.100002
0.936617 0.102188
0.944635 0.116700
0.960485 0.186210
0.975341 0.179963
0.976214 0.230101
0.936080 0.232395
0.981791 0.308237
0.923720 0.262172
0.822562 0.263863
0.855008 0.222826
0.810170 0.266162
0.984861 0.000518
0.977997 0.060512
0.962018 0.071383
0.977856 0.117775
0.959167 0.126386
0.924420 0.123123
0.975606 0.272309
0.952906 0.261318
0.999870 0.256163
0.964581 0.255075
0.915379 0.253142
0.976358 0.247954
0.907037 0.250703
0.768086 0.248884
0.999512 0.012283
0.999314 0.041698
0.978939 0.078407
0.966083 0.089652
0.999197 0.104672
0.999510 0.182839
0.999385 0.137961
0.999925 0.149206
0.998453 0.287954
0.999450 0.265987
0.994216 0.309162
0.920396 0.213800
0.927280 0.280767
0.999956 0.229614
0.867221 0.229119
0.999099 0.000035
0.998962 0.051706
0.999582 0.072445
0.999254 0.093750
0.999401 0.115591
0.975544 0.159929
0.976782 0.201732
0.937074 0.245748
0.999045 0.242745
0.999144 0.194385
0.999291 0.284497
0.913778 0.274497
0.812730 0.223738
0.884601 0.244627
0.999620 0.022632
0.999542 0.032223
0.999014 0.061954
0.999637 0.082962
0.978421 0.140100
0.999092 0.126523
0.999660 0.206043
0.934262 0.155117
0.999971 0.217514
0.999409 0.160359
0.999476 0.171472
0.881764 0.218553
0.974671 0.298175
0.857357 0.259642
0.870305 0.264903
