0.000624 0.024266
0.000330 0.061635
0.000776 0.092029
0.000533 0.123365
0.000045 0.134203
0.030196 0.287312
0.000036 0.177634
0.000087 0.188715
0.000177 0.291324
0.086086 0.272077
0.146789 0.286471
0.065039 0.242821
0.049489 0.250670
0.136053 0.257361
0.000778 0.014615
0.000904 0.042182
0.000642 0.071433
0.022537 0.048894
0.026012 0.200403
0.000978 0.199917
0.000431 0.166712
0.000640 0.268934
0.000778 0.233092
0.000028 0.244913
0.000530 0.313636
0.001097 0.321980
0.065146 0.281866
0.087044 0.244349
0.145037 0.234373
0.000484 0.000846
0.000463 0.051784
0.000820 0.081685
0.000372 0.102376
0.000917 0.112566
0.000583 0.210859
0.000592 0.155878
0.000375 0.281265
0.000893 0.221968
0.064031 0.280921
0.025131 0.295361
0.040030 0.271744
0.100266 0.258055
0.116921 0.275834
0.001131 0.000084
0.025107 0.026992
0.034729 0.040275
0.023671 0.089141
0.027971 0.164988
0.063888 0.172513
0.043218 0.154128
0.000148 0.257001
0.061387 0.226254
0.043346 0.222306
0.044453 0.239458
0.032117 0.319552
0.021486 0.320710
0.029180 0.304594
0.153572 0.260861
0.012193 0.000141
0.054320 0.039117
0.000816 0.033156
0.022908 0.069031
0.000066 0.145070
0.041845 0.193800
0.044297 0.174376
0.065007 0.188331
0.024661 0.235314
0.071751 0.201502
0.019940 0.255596
0.112344 0.214703
0.082932 0.237278
0.136738 0.284612
0.030175 0.001060
0.021643 0.000073
0.063586 0.065755
0.043817 0.055313
0.025584 0.183023
0.023701 0.122888
0.056426 0.138724
0.063493 0.155702
0.050986 0.206885
0.093624 0.189909
0.105616 0.176988
0.077972 0.215143
0.129433 0.242739
0.130841 0.268274
0.189646 0.270367
0.038671 0.000091
0.058948 0.024442
0.036086 0.068752
0.051311 0.102223
0.036084 0.135102
0.044423 0.119167
0.079647 0.152845
0.134139 0.163931
0.026176 0.217818
0.082380 0.175252
0.032398 0.268792
0.099241 0.227974
0.093398 0.206485
0.090161 0.281237
0.047395 0.000743
0.040186 0.024905
0.072495 0.030904
0.066204 0.049853
0.038960 0.091912
0.064036 0.088023
0.024548 0.146843
0.079087 0.133930
0.113765 0.159114
0.095426 0.160461
0.110587 0.198828
0.149150 0.200852
0.138949 0.211420
0.186975 0.235019
0.172066 0.263492
0.056187 0.000244
0.087240 0.023204
0.087418 0.039171
0.051823 0.077897
0.080072 0.073559
0.028107 0.107448
0.070655 0.105989
0.063712 0.122779
0.171810 0.177001
0.123092 0.177755
0.143100 0.182266
0.167754 0.209828
0.113136 0.238466
0.185515 0.215011
0.064904 0.000881
0.073616 0.000980
0.104301 0.025985
0.101643 0.046856
0.083023 0.055986
0.097882 0.067179
0.099344 0.103849
0.082558 0.090569
0.097369 0.141389
0.153327 0.166985
0.199811 0.201292
0.127602 0.195971
0.171598 0.236103
0.157600 0.223861
0.171004 0.290396
0.082497 0.000110
0.121939 0.024901
0.131767 0.036797
0.129888 0.057439
0.113865 0.062723
0.098424 0.086474
0.083457 0.116104
0.099837 0.123333
0.115438 0.139462
0.169307 0.159752
0.162208 0.191194
0.189755 0.178625
0.201573 0.221021
0.196468 0.288077
0.091536 0.000091
0.109065 0.000230
0.142292 0.024163
0.115550 0.041663
0.130031 0.075677
0.114471 0.082862
0.116793 0.102103
0.117362 0.120740
0.134456 0.128074
0.132172 0.146121
0.190521 0.161051
0.182941 0.194560
0.261051 0.245606
0.161354 0.246599
0.181119 0.292024
0.100396 0.000171
0.152440 0.035323
0.145222 0.052001
0.147516 0.069998
0.154173 0.086162
0.134895 0.090900
0.133407 0.108232
0.150339 0.123219
0.161468 0.136342
0.148779 0.148621
0.208093 0.178142
0.235894 0.222992
0.228197 0.238473
0.126063 0.224451
0.117788 0.000182
0.143995 0.000446
0.164054 0.024825
0.162257 0.053636
0.166003 0.070017
0.176084 0.084033
0.151375 0.103712
0.182821 0.126350
0.176449 0.144754
0.193707 0.142577
0.208603 0.160141
0.215399 0.194547
0.253914 0.219869
0.250840 0.262502
0.188140 0.253613
0.126497 0.000234
0.172152 0.040905
0.181629 0.060903
0.190643 0.075907
0.207844 0.075237
0.168738 0.098325
0.166875 0.117476
0.199037 0.121669
0.224486 0.158192
0.226883 0.177864
0.231910 0.200569
0.218567 0.214188
0.287256 0.279221
0.259223 0.281101
0.135283 0.000853
0.178578 0.000687
0.180487 0.025550
0.199507 0.058294
0.194213 0.093443
0.184170 0.107776
0.215843 0.121479
0.209936 0.140493
0.242493 0.183758
0.241544 0.143865
0.249022 0.202856
0.268411 0.228334
0.265622 0.297334
0.211272 0.235767
0.205367 0.253426
0.152668 0.000220
0.188349 0.041963
0.216156 0.059283
0.215723 0.089422
0.206271 0.104055
0.233789 0.121123
0.225973 0.139140
0.255163 0.152420
0.241708 0.165029
0.267701 0.206307
0.291021 0.250186
0.244546 0.242224
0.214151 0.303390
0.196832 0.304320
0.161274 0.000198
0.196963 0.025939
0.205503 0.040852
0.221361 0.039824
0.234423 0.090404
0.225379 0.105961
0.249772 0.128356
0.275804 0.154036
0.262546 0.167934
0.259431 0.184968
0.284866 0.228424
0.275978 0.252054
0.272936 0.269693
0.233799 0.267270
0.220981 0.311284
0.170007 0.000734
0.239220 0.037780
0.227442 0.074270
0.259822 0.068062
0.244453 0.072564
0.245159 0.106518
0.279951 0.173199
0.293497 0.164509
0.277484 0.191177
0.301830 0.264767
0.303286 0.288252
0.312173 0.303709
0.293373 0.306780
0.233191 0.318150
0.187125 0.000338
0.213395 0.024217
0.257148 0.035310
0.232151 0.056027
0.268648 0.083985
0.251139 0.089158
0.265807 0.138347
0.303599 0.146950
0.285455 0.207541
0.328512 0.259443
0.315367 0.227200
0.277858 0.302578
0.326970 0.354537
0.268349 0.329840
0.243218 0.320511
0.195629 0.000302
0.230398 0.024805
0.275444 0.035968
0.275793 0.066630
0.266178 0.100237
0.260323 0.115349
0.287921 0.142896
0.310544 0.187023
0.300385 0.232154
0.313825 0.248002
0.315567 0.274100
0.335244 0.327808
0.220547 0.258825
0.212496 0.277054
0.204155 0.000991
0.254807 0.000460
0.248016 0.023048
0.248081 0.053746
0.284730 0.088530
0.281579 0.107209
0.274760 0.124763
0.291192 0.125589
0.326553 0.181808
0.295078 0.187096
0.343846 0.291709
0.329217 0.286194
0.327662 0.309478
0.288381 0.344472
0.247156 0.292992
0.212617 0.001082
0.267295 0.022487
0.293135 0.038495
0.291260 0.072159
0.301204 0.086860
0.296725 0.106195
0.318662 0.144950
0.308681 0.167769
0.332694 0.197306
0.316242 0.206189
0.366735 0.289816
0.354566 0.330296
0.353214 0.356017
0.231881 0.284433
0.221137 0.000523
0.288294 0.001030
0.285845 0.022709
0.264524 0.050486
0.309007 0.068359
0.311403 0.103851
0.306649 0.126341
0.328622 0.132199
0.323616 0.161398
0.369637 0.191745
0.346120 0.223951
0.300700 0.209517
0.370780 0.339716
0.378994 0.320247
0.315340 0.327215
0.229567 0.000840
0.301011 0.024879
0.299554 0.056447
0.282822 0.052193
0.328746 0.100352
0.320491 0.117672
0.337999 0.116744
0.338521 0.156554
0.341983 0.174690
0.377451 0.232553
0.342468 0.269742
0.360798 0.251339
0.256499 0.321829
0.339110 0.345909
0.237946 0.000965
0.313107 0.000539
0.309074 0.041570
0.325339 0.068444
0.316999 0.085458
0.345688 0.097943
0.366145 0.107104
0.343125 0.139938
0.355229 0.184246
0.370242 0.145360
0.348293 0.200926
0.330902 0.216430
0.330945 0.238949
0.295669 0.323624
0.358805 0.368520
0.246386 0.000135
0.315588 0.023039
0.339630 0.060902
0.334132 0.083607
0.347993 0.076655
0.359336 0.090710
0.370817 0.124703
0.355182 0.156608
0.380812 0.156391
0.364942 0.169374
0.345892 0.246020
0.386165 0.297224
0.277671 0.337113
0.349217 0.310277
0.263181 0.000856
0.338075 0.000820
0.322005 0.053631
0.355383 0.059172
0.365184 0.073101
0.375497 0.089792
0.382224 0.107213
0.352816 0.116602
0.357171 0.134320
0.381303 0.174605
0.385368 0.195007
0.373945 0.261094
0.399449 0.231492
0.469174 0.379232
0.387098 0.246671
0.271576 0.000341
0.324608 0.037142
0.338787 0.042659
0.391984 0.059717
0.381799 0.072486
0.391626 0.090562
0.407708 0.145383
0.386349 0.126335
0.391317 0.142937
0.396584 0.163134
0.360595 0.210857
0.398721 0.367941
0.689612 0.310233
0.313041 0.353001
0.279921 0.000133
0.362574 0.000315
0.372015 0.057154
0.353702 0.042385
0.384101 0.045931
0.407473 0.092562
0.397692 0.108923
0.429707 0.110123
0.430584 0.138326
0.411328 0.168490
0.398462 0.184018
0.403536 0.202460
0.393695 0.215255
0.376766 0.213772
0.414260 0.370551
0.296635 0.000982
0.331419 0.022601
0.359206 0.024310
0.400199 0.041949
0.400338 0.075113
0.414176 0.109910
0.403100 0.127202
0.421646 0.153579
0.439814 0.154227
0.416288 0.186303
0.415825 0.213543
0.443321 0.232586
0.302167 0.349283
0.411877 0.353872
0.304841 0.000183
0.345435 0.025495
0.386509 0.030092
0.408495 0.060123
0.423671 0.092122
0.458546 0.092538
0.439484 0.122596
0.419033 0.127934
0.448764 0.107032
0.427874 0.200100
0.464360 0.205155
0.448214 0.203696
0.428720 0.243848
0.406594 0.248090
0.361191 0.232317
0.321428 0.001051
0.368407 0.039156
0.398266 0.022829
0.415019 0.041099
0.430146 0.041061
0.433784 0.074875
0.468054 0.108281
0.467819 0.137952
0.445924 0.170080
0.428475 0.172758
0.439314 0.186955
0.425029 0.276305
0.384483 0.368278
0.358266 0.273017
0.329766 0.001192
0.403521 0.000061
0.374168 0.022498
0.412434 0.025389
0.417177 0.076066
0.448888 0.077990
0.439598 0.093233
0.458887 0.122081
0.449273 0.137161
0.458722 0.186173
0.477043 0.153976
0.394020 0.264864
0.417047 0.261684
0.386155 0.347710
0.431889 0.373637
0.346269 0.000882
0.446433 0.042754
0.423696 0.058353
0.454408 0.060973
0.481284 0.078907
0.487649 0.109038
0.464712 0.168649
0.457871 0.153495
0.480429 0.329325
0.418683 0.230805
0.434995 0.217864
0.450944 0.248944
0.419031 0.335056
0.369841 0.369847
0.354395 0.000437
0.411725 0.000700
0.476964 0.000490
0.453705 0.023424
0.426248 0.023524
0.498150 0.077908
0.475799 0.094025
0.494016 0.094255
0.481707 0.172128
0.478273 0.123450
0.441715 0.322666
0.465837 0.239724
0.381419 0.279853
0.410198 0.295834
0.470593 0.277574
0.370818 0.000055
0.460699 0.001124
0.439810 0.026484
0.439117 0.058640
0.512903 0.125789
0.532412 0.137559
0.496870 0.124414
0.494666 0.158962
0.476324 0.189470
0.402804 0.280094
0.366143 0.309204
0.603504 0.376022
0.518982 0.385438
0.426562 0.307800
0.379055 0.000926
0.452503 0.001032
0.485067 0.000502
0.490792 0.041331
0.522675 0.038087
0.546099 0.170349
0.525130 0.173340
0.518476 0.145773
0.573613 0.235176
0.435441 0.341438
0.535860 0.385761
0.960186 0.170292
0.519160 0.282880
0.442556 0.356892
0.399951 0.310042
0.419902 0.000039
0.468831 0.000753
0.592359 0.042244
0.465373 0.075302
0.468498 0.056198
0.521164 0.197250
0.511037 0.162644
0.486783 0.139762
0.507458 0.231734
0.457938 0.222064
0.490280 0.380933
0.411975 0.321913
0.465069 0.353511
0.393585 0.332139
0.395313 0.000938
0.436258 0.000405
0.509654 0.000891
0.468579 0.024374
0.595828 0.184302
0.511388 0.068489
0.583464 0.320683
0.495862 0.179449
0.446165 0.305020
0.481627 0.205798
0.930263 0.278817
0.592561 0.332239
0.613660 0.343790
0.442655 0.374060
0.568728 0.384436
0.534194 0.000222
0.501458 0.000627
0.428112 0.000811
0.156981 0.289198
0.482210 0.062241
0.506026 0.108598
0.436754 0.261362
0.559562 0.303068
0.500159 0.248704
0.612870 0.373028
0.845708 0.207475
0.501384 0.324999
0.700690 0.292881
0.481110 0.343783
0.599373 0.000039
0.550654 0.000316
0.387198 0.000065
0.493220 0.000424
0.530587 0.023810
0.476493 0.041624
0.511350 0.089672
0.544903 0.149108
0.493104 0.221544
0.736867 0.314056
0.432817 0.291058
0.466349 0.372182
0.495683 0.362863
0.455511 0.337507
0.530095 0.375296
0.591265 0.000172
0.517854 0.000878
0.444342 0.000962
0.497825 0.022915
0.460464 0.039297
0.898654 0.221174
0.680350 0.308282
0.561774 0.376226
0.624866 0.353982
0.522885 0.339854
0.715971 0.313234
0.501571 0.380211
0.500225 0.346044
0.523886 0.262119
0.615622 0.000920
0.566950 0.000592
0.505731 0.036012
0.526011 0.000965
0.496002 0.058559
0.510153 0.051959
0.526330 0.055974
0.503132 0.142958
0.531375 0.158208
0.497331 0.197641
0.484341 0.243391
0.451120 0.284654
0.487043 0.265599
0.465825 0.302135
0.537484 0.340605
0.632178 0.000025
0.542410 0.000426
0.545256 0.022108
0.514980 0.022740
0.483069 0.024485
0.524043 0.076834
0.545250 0.123314
0.555939 0.136698
0.558750 0.159344
0.510619 0.183899
0.463192 0.318912
0.522174 0.244115
0.483820 0.287954
0.516330 0.355817
0.640472 0.000378
0.558823 0.000747
0.574500 0.025749
0.564855 0.044543
0.551265 0.035878
0.527603 0.120509
0.556485 0.108913
0.571010 0.143429
0.549427 0.194116
0.508383 0.210713
0.540224 0.251462
0.548857 0.365424
0.471042 0.258210
0.500683 0.282687
0.677960 0.316787
0.656831 0.000336
0.601099 0.026193
0.588034 0.023331
0.561385 0.024137
0.537342 0.041714
0.538197 0.063909
0.521126 0.103220
0.538525 0.106925
0.561920 0.178761
0.533269 0.209263
0.554599 0.286011
0.522221 0.221980
0.506960 0.263396
0.453570 0.269498
0.664952 0.000256
0.575024 0.000093
0.614288 0.023557
0.551589 0.054381
0.572386 0.060853
0.558633 0.068667
0.532820 0.090273
0.551381 0.092747
0.565392 0.122803
0.563883 0.199170
0.550199 0.214421
0.537729 0.230162
0.591997 0.348891
0.585333 0.362766
0.569071 0.346878
0.681360 0.000996
0.583113 0.000749
0.607479 0.000747
0.578793 0.042102
0.544659 0.078260
0.581674 0.083074
0.569413 0.098673
0.578710 0.182440
0.590111 0.166399
0.566075 0.218557
0.535883 0.186769
0.518700 0.317865
0.515171 0.299682
0.482896 0.308883
0.689665 0.000143
0.623856 0.000042
0.629815 0.022615
0.613577 0.067850
0.585864 0.063365
0.566883 0.081979
0.580957 0.109734
0.574324 0.163380
0.599687 0.138010
0.615416 0.144759
0.537462 0.274565
0.609892 0.175941
0.551728 0.263041
0.564753 0.249861
0.611448 0.322663
0.706126 0.000357
0.621759 0.038096
0.622314 0.087207
0.608054 0.043541
0.601434 0.057898
0.595937 0.075449
0.590798 0.096532
0.586517 0.146513
0.596813 0.205482
0.603660 0.156955
0.603050 0.223621
0.658925 0.345653
0.477746 0.224501
0.652132 0.356268
0.714365 0.000140
0.648668 0.000459
0.643580 0.024827
0.624390 0.055129
0.607441 0.085674
0.603871 0.104737
0.580931 0.127255
0.612251 0.122894
0.626261 0.130803
0.609128 0.197531
0.579883 0.200704
0.539885 0.309496
0.535737 0.293864
0.552635 0.235087
0.548436 0.351670
0.722629 0.000869
0.656380 0.025182
0.636939 0.040339
0.641965 0.058954
0.629387 0.071583
0.596184 0.120219
0.631732 0.113373
0.632355 0.150331
0.621572 0.163534
0.585237 0.219611
0.636129 0.290507
0.564787 0.334854
0.581224 0.376910
0.498612 0.305557
0.739306 0.000182
0.673104 0.000343
0.669368 0.026456
0.651032 0.044455
0.659431 0.061797
0.646089 0.074728
0.619454 0.105070
0.642666 0.128052
0.623261 0.189448
0.619763 0.212816
0.613373 0.262543
0.617153 0.231682
0.564032 0.318151
0.621325 0.367933
0.639597 0.318734
0.747662 0.000398
0.681959 0.023549
0.665439 0.043806
0.674179 0.061863
0.662562 0.079757
0.636155 0.091652
0.647394 0.108141
0.642220 0.190131
0.634640 0.206348
0.605633 0.244628
0.587897 0.240238
0.541443 0.323600
0.618114 0.281934
0.639286 0.344936
0.755997 0.000941
0.697925 0.000582
0.695499 0.025063
0.680120 0.043274
0.676649 0.081020
0.651547 0.092108
0.658138 0.119959
0.647277 0.143789
0.633940 0.174193
0.657495 0.198753
0.578369 0.261092
0.601403 0.277617
0.567205 0.275433
0.675910 0.284748
0.646262 0.333024
0.764335 0.000706
0.709389 0.025107
0.694493 0.041227
0.687783 0.062854
0.665687 0.101045
0.673604 0.118831
0.664035 0.136802
0.654511 0.178348
0.633581 0.226933
0.645710 0.236773
0.595071 0.314664
0.595022 0.258549
0.746592 0.317397
0.617036 0.300103
0.772755 0.000852
0.730936 0.000152
0.723037 0.024966
0.702341 0.070410
0.680655 0.099890
0.687583 0.122128
0.678987 0.142431
0.647245 0.162002
0.649503 0.214089
0.576286 0.296662
0.662363 0.225376
0.645126 0.253806
0.662634 0.242097
0.643605 0.304770
0.646863 0.274629
0.789754 0.000980
0.727941 0.042248
0.712152 0.041172
0.691366 0.083700
0.694889 0.103990
0.693823 0.139257
0.663578 0.154701
0.668811 0.173228
0.627736 0.248191
0.686382 0.254410
0.695641 0.240305
0.584186 0.280381
0.669613 0.257001
0.596275 0.296250
0.798223 0.000336
0.737303 0.023658
0.703480 0.055205
0.717963 0.075931
0.713762 0.104513
0.704333 0.118571
0.713388 0.132247
0.681471 0.159175
0.674482 0.192220
0.685577 0.179632
0.631153 0.265657
0.678562 0.233583
0.691861 0.268343
0.742101 0.265062
0.658647 0.288131
0.806614 0.000562
0.753268 0.050630
0.737569 0.057113
0.706643 0.089157
0.732786 0.102122
0.725537 0.117536
0.732765 0.132922
0.696510 0.166500
0.716898 0.184767
0.722604 0.219995
0.705868 0.257617
0.665024 0.271550
0.714436 0.281087
0.624348 0.313230
0.823751 0.000873
0.781240 0.000748
0.743729 0.037152
0.721293 0.059288
0.736356 0.073445
0.727475 0.088438
0.748553 0.108391
0.705231 0.148847
0.701664 0.186725
0.671785 0.210116
0.689683 0.202788
0.738313 0.214119
0.732205 0.241051
0.741101 0.286140
0.750342 0.297708
0.832294 0.000310
0.754655 0.023437
0.763306 0.035801
0.752905 0.067642
0.760390 0.082692
0.746859 0.089340
0.724018 0.147987
0.739864 0.152252
0.713138 0.163548
0.737184 0.187768
0.706487 0.221992
0.724369 0.201201
0.728783 0.294184
0.721016 0.267040
0.840827 0.000572
0.815150 0.000209
0.773807 0.022883
0.769192 0.054169
0.772363 0.070596
0.777097 0.088991
0.764301 0.101601
0.763571 0.120076
0.745601 0.125738
0.687786 0.220225
0.706214 0.204537
0.713766 0.237283
0.762111 0.237708
0.831440 0.261986
0.760434 0.288018
0.858299 0.000246
0.791627 0.023206
0.779422 0.037229
0.785486 0.059490
0.790478 0.076517
0.805919 0.079037
0.778937 0.112565
0.769991 0.136037
0.728120 0.171099
0.744364 0.169313
0.754815 0.186749
0.750903 0.203920
0.723589 0.253875
0.748722 0.251726
0.867044 0.000050
0.849545 0.000043
0.815143 0.022374
0.803429 0.032062
0.792925 0.044253
0.812047 0.047401
0.790373 0.097292
0.795016 0.114999
0.784790 0.134397
0.754604 0.141579
0.758616 0.162007
0.768749 0.200541
0.762080 0.218971
0.744893 0.229147
0.764214 0.269371
0.884526 0.000615
0.852807 0.023083
0.835652 0.024142
0.824009 0.034833
0.803734 0.061279
0.820410 0.083501
0.807470 0.097976
0.802019 0.131575
0.797870 0.148940
0.772395 0.154553
0.769157 0.177483
0.782739 0.200773
0.791962 0.216106
0.777005 0.286288
0.893281 0.000065
0.875690 0.000762
0.871505 0.024341
0.844898 0.037888
0.831073 0.050517
0.822328 0.065377
0.839624 0.067272
0.829845 0.098556
0.812731 0.113794
0.828946 0.116046
0.786584 0.161854
0.786539 0.178361
0.843883 0.190797
0.823538 0.240252
0.785769 0.286966
0.902219 0.000007
0.905117 0.023367
0.862401 0.036944
0.868862 0.053542
0.850649 0.054438
0.857326 0.070652
0.838828 0.083518
0.844985 0.110669
0.851602 0.131950
0.804626 0.170303
0.819302 0.134875
0.797800 0.192649
0.808242 0.208858
0.778494 0.228318
0.911157 0.001070
0.920144 0.000740
0.915650 0.037197
0.888730 0.024689
0.881649 0.038586
0.877648 0.069225
0.887384 0.086078
0.852588 0.091512
0.860475 0.107311
0.836049 0.132951
0.870000 0.143895
0.814668 0.151273
0.814803 0.188065
0.843950 0.273403
0.805378 0.250726
0.929216 0.000046
0.923697 0.022411
0.899819 0.040593
0.887786 0.055790
0.913270 0.075329
0.869146 0.084708
0.876881 0.101106
0.866133 0.123450
0.884001 0.133801
0.834949 0.154255
0.849661 0.168389
0.863763 0.178804
0.830829 0.181671
0.790984 0.240388
0.938191 0.001110
0.943942 0.023296
0.936356 0.034711
0.909500 0.056438
0.896841 0.069785
0.905185 0.091170
0.884847 0.117072
0.903524 0.122460
0.904867 0.138779
0.850610 0.150226
0.881419 0.175316
0.869726 0.160927
0.822953 0.167478
0.826094 0.206059
0.783111 0.254574
0.947289 0.000961
0.947785 0.048147
0.928005 0.049457
0.926798 0.066217
0.937988 0.080470
0.898033 0.104771
0.920605 0.146678
0.903331 0.158050
0.897050 0.180666
0.923830 0.181490
0.954240 0.205203
0.889423 0.194900
0.863116 0.195759
0.793902 0.274134
0.956731 0.000505
0.961523 0.021787
0.960884 0.036021
0.945856 0.065018
0.959314 0.111411
0.924370 0.090846
0.917740 0.108955
0.887569 0.152866
0.940011 0.175747
0.913127 0.169824
0.936798 0.196291
0.872374 0.208059
0.955334 0.234728
0.840414 0.243079
0.901257 0.205242
0.966158 0.000248
0.976553 0.025747
0.963501 0.054646
0.949069 0.092873
0.962603 0.144043
0.949654 0.154949
0.937084 0.137426
0.938334 0.220042
0.963455 0.287238
0.921251 0.201493
0.967620 0.217742
0.868370 0.259878
0.830777 0.223452
0.897550 0.236094
0.975382 0.000451
0.998510 0.000772
0.978143 0.043620
0.976890 0.103429
0.935282 0.105114
0.943345 0.119973
0.959872 0.189466
0.975118 0.183466
0.975683 0.231833
0.932848 0.232819
0.980082 0.305840
0.921095 0.252084
0.819996 0.269841
0.851482 0.227290
0.808167 0.272182
0.984888 0.001167
0.976843 0.062599
0.961118 0.073999
0.976751 0.120743
0.958362 0.129549
0.922972 0.125849
0.973018 0.271833
0.948504 0.259250
0.999973 0.255856
0.962143 0.257078
0.910296 0.253061
0.976156 0.250750
0.894635 0.252695
0.767420 0.254195
0.999666 0.012640
0.998997 0.041879
0.978404 0.080838
0.965204 0.092531
0.999129 0.104795
0.999570 0.182886
0.999243 0.137874
0.999884 0.149200
0.999763 0.288229
0.999921 0.266021
0.992612 0.305222
0.916879 0.217234
0.924096 0.278001
0.999647 0.229712
0.863362 0.233000
0.999486 0.000888
0.999661 0.051969
0.999576 0.072614
0.999610 0.093843
0.999190 0.115792
0.975173 0.163310
0.975659 0.204733
0.936210 0.246404
0.999327 0.242461
0.999828 0.194405
0.999508 0.282466
0.906309 0.267357
0.809735 0.228691
0.879049 0.247752
0.999522 0.022897
0.999423 0.032394
0.999505 0.062185
0.999785 0.083119
0.977381 0.143465
0.999377 0.126653
0.999510 0.206180
0.932960 0.158518
0.999797 0.217730
0.999032 0.160427
0.999477 0.171561
0.876952 0.222679
0.969617 0.291725
0.854219 0.265551
0.866351 0.271923
