0.000092 0.024942
0.000548 0.062259
0.000228 0.092575
0.000284 0.123533
0.000166 0.134152
0.046280 0.279316
0.000456 0.176768
0.000824 0.187822
0.000328 0.293058
0.091468 0.273620
0.149715 0.313524
0.068534 0.255258
0.057641 0.257647
0.146333 0.266282
0.001009 0.015462
0.001117 0.042880
0.000628 0.072352
0.026269 0.054170
0.027867 0.209251
0.000312 0.198740
0.000871 0.165929
0.000170 0.270742
0.000044 0.232990
0.000661 0.244895
0.000855 0.312893
0.003639 0.309438
0.079873 0.290383
0.095574 0.253599
0.151412 0.245890
0.001631 0.000813
0.000593 0.052543
0.000328 0.082477
0.000381 0.102730
0.000669 0.113090
0.000907 0.210090
0.000155 0.155296
0.000619 0.282771
0.000787 0.221430
0.076397 0.276358
0.030385 0.294620
0.055501 0.272877
0.112890 0.260347
0.137446 0.294232
0.000488 0.000746
0.027585 0.030207
0.036159 0.044251
0.027886 0.096423
0.029060 0.173564
0.065294 0.180994
0.045524 0.162800
0.000125 0.257559
0.065438 0.230791
0.042929 0.228880
0.045638 0.245913
0.042913 0.311306
0.026352 0.316158
0.044100 0.306072
0.164348 0.280421
0.012964 0.000024
0.057447 0.041867
0.000432 0.033684
0.024638 0.076541
0.000028 0.144750
0.042329 0.199790
0.042869 0.183061
0.064963 0.195194
0.023623 0.241498
0.073840 0.208516
0.019745 0.258669
0.118109 0.220959
0.085854 0.239643
0.137393 0.310941
0.030801 0.000231
0.022177 0.000948
0.065051 0.069870
0.046976 0.061466
0.024485 0.191185
0.026423 0.133152
0.059155 0.147680
0.064613 0.164674
0.055808 0.213808
0.094310 0.195190
0.108039 0.183604
0.081979 0.221424
0.134890 0.256393
0.143789 0.288819
0.194955 0.288264
0.039048 0.000758
0.060979 0.025643
0.039232 0.075746
0.052356 0.112002
0.037943 0.144885
0.045646 0.127934
0.081271 0.162159
0.138832 0.172648
0.025517 0.224376
0.084851 0.182741
0.027392 0.270895
0.109091 0.232968
0.096656 0.214579
0.099639 0.274569
0.047697 0.000710
0.042332 0.029669
0.075436 0.033174
0.069802 0.055158
0.040894 0.100149
0.068174 0.096454
0.026703 0.158430
0.080487 0.142967
0.118674 0.167288
0.098561 0.167583
0.114951 0.202392
0.154581 0.210895
0.143639 0.221394
0.195127 0.247257
0.178229 0.282547
0.056505 0.000487
0.091306 0.027442
0.090103 0.042212
0.055067 0.084990
0.081568 0.080218
0.027466 0.116328
0.073447 0.114907
0.064785 0.132101
0.174958 0.185229
0.126319 0.185493
0.146557 0.191692
0.173464 0.219268
0.119200 0.249671
0.188499 0.227585
0.065381 0.000256
0.073981 0.000406
0.108603 0.028233
0.105615 0.050658
0.087812 0.062082
0.101338 0.073045
0.100984 0.111561
0.085251 0.099570
0.098657 0.151049
0.155930 0.176573
0.201696 0.210702
0.132431 0.204053
0.176315 0.246575
0.163384 0.232668
0.173709 0.312466
0.082634 0.000980
0.126052 0.026421
0.136445 0.040121
0.132493 0.063022
0.116825 0.067568
0.102185 0.091801
0.086632 0.125057
0.102843 0.132463
0.117405 0.148302
0.172285 0.168187
0.166420 0.198644
0.193893 0.188653
0.205626 0.232879
0.202378 0.306543
0.091384 0.000729
0.108868 0.000116
0.147224 0.026122
0.120330 0.043091
0.134424 0.081043
0.118324 0.089826
0.119088 0.109328
0.118937 0.129243
0.136651 0.135688
0.134709 0.153241
0.192892 0.170235
0.185802 0.205035
0.261417 0.260321
0.167111 0.261587
0.187757 0.321695
0.100101 0.000066
0.156021 0.039106
0.148637 0.055569
0.151115 0.074579
0.155883 0.093385
0.138292 0.098979
0.136304 0.116593
0.153479 0.131462
0.164007 0.146455
0.151533 0.156641
0.210997 0.187680
0.238081 0.234779
0.229799 0.252755
0.134303 0.232564
0.117596 0.000002
0.143658 0.000336
0.166850 0.026961
0.167214 0.059387
0.168931 0.075855
0.177708 0.088770
0.154843 0.112172
0.185096 0.132928
0.179553 0.152625
0.196427 0.150623
0.210848 0.169568
0.218410 0.206228
0.254455 0.235044
0.252840 0.278094
0.188910 0.269887
0.126354 0.000433
0.175400 0.043163
0.185711 0.063993
0.193590 0.081126
0.210466 0.079687
0.172208 0.105787
0.170761 0.125602
0.201633 0.129229
0.227317 0.167349
0.228664 0.188748
0.234328 0.212804
0.220877 0.227114
0.284966 0.296257
0.257005 0.297866
0.135033 0.000408
0.178061 0.000368
0.183513 0.026951
0.202707 0.062215
0.197006 0.098151
0.188494 0.112739
0.218557 0.128766
0.212119 0.148803
0.245583 0.194308
0.244620 0.152451
0.251115 0.215635
0.268582 0.242444
0.259971 0.315641
0.213176 0.251119
0.207274 0.269319
0.152346 0.000476
0.191515 0.045675
0.218644 0.060572
0.217706 0.095488
0.208979 0.111711
0.236651 0.128873
0.228980 0.146995
0.258836 0.162205
0.242973 0.173791
0.269556 0.219257
0.293058 0.264413
0.244021 0.258547
0.210830 0.322886
0.194329 0.330235
0.160901 0.000565
0.198657 0.026356
0.207679 0.041985
0.224380 0.041046
0.235933 0.094614
0.228993 0.111716
0.252052 0.135793
0.277489 0.162982
0.262930 0.179171
0.261572 0.196918
0.285088 0.241441
0.277596 0.268499
0.271712 0.285607
0.235242 0.285679
0.216001 0.337337
0.169518 0.000046
0.241604 0.040102
0.228502 0.078026
0.261810 0.072696
0.245844 0.075862
0.247270 0.112102
0.281809 0.183620
0.294145 0.172168
0.278973 0.201661
0.299062 0.284196
0.300188 0.305415
0.309335 0.319354
0.288219 0.323963
0.227551 0.340590
0.186647 0.000256
0.215272 0.025715
0.258258 0.038337
0.233752 0.058988
0.271169 0.088108
0.252544 0.092760
0.267869 0.145446
0.303648 0.156114
0.285742 0.221519
0.326793 0.271157
0.317031 0.239068
0.273343 0.319837
0.318535 0.367465
0.261923 0.349847
0.238513 0.343907
0.195113 0.001189
0.231973 0.025209
0.275459 0.037461
0.277538 0.070101
0.266157 0.104088
0.262095 0.121132
0.287869 0.149159
0.309951 0.198507
0.300850 0.247242
0.311406 0.262259
0.314536 0.287827
0.328082 0.340577
0.223974 0.274035
0.214845 0.295714
0.203593 0.000201
0.254328 0.000346
0.249015 0.024569
0.249102 0.057353
0.286479 0.094217
0.282172 0.112688
0.277193 0.130843
0.293570 0.131431
0.326102 0.190221
0.295431 0.198465
0.342125 0.303070
0.326867 0.299076
0.324059 0.325342
0.278952 0.363367
0.240857 0.311862
0.212006 0.000875
0.267294 0.023558
0.292871 0.040161
0.292361 0.075776
0.301811 0.091559
0.298164 0.112750
0.320203 0.152623
0.309124 0.178095
0.331229 0.206092
0.315514 0.217117
0.362046 0.304540
0.348083 0.344003
0.345568 0.371604
0.231325 0.303499
0.220548 0.000822
0.287959 0.000166
0.284952 0.024272
0.266428 0.054139
0.309975 0.072480
0.312471 0.108492
0.308186 0.136493
0.329079 0.138983
0.323496 0.171234
0.368853 0.201340
0.344961 0.235273
0.300778 0.223789
0.363715 0.351774
0.373871 0.332571
0.309060 0.344956
0.228945 0.001038
0.300976 0.025160
0.301264 0.058807
0.284764 0.055040
0.329477 0.106146
0.319951 0.123916
0.338613 0.123197
0.339585 0.164610
0.342568 0.181376
0.375977 0.241855
0.339262 0.283280
0.360028 0.263009
0.251959 0.339822
0.330510 0.360825
0.237404 0.000619
0.312957 0.000330
0.309360 0.043046
0.328418 0.073167
0.317874 0.089333
0.346553 0.104473
0.365641 0.112081
0.343025 0.147686
0.354192 0.193368
0.370913 0.151545
0.347214 0.209163
0.331837 0.226210
0.329223 0.250173
0.292630 0.339384
0.352002 0.381615
0.245793 0.000795
0.315391 0.024903
0.341430 0.062849
0.335233 0.089081
0.348656 0.080185
0.359788 0.094526
0.372051 0.131343
0.357065 0.162832
0.380123 0.166046
0.364436 0.178247
0.343709 0.260411
0.379857 0.308951
0.270485 0.359294
0.343704 0.322705
0.262720 0.000631
0.337933 0.000048
0.321278 0.058225
0.356833 0.061464
0.365761 0.077446
0.376103 0.093820
0.382192 0.112959
0.353613 0.123094
0.357610 0.140389
0.381052 0.184515
0.384880 0.205494
0.371954 0.272266
0.396533 0.241800
0.468503 0.383852
0.383605 0.257717
0.271214 0.000147
0.324738 0.040644
0.339044 0.045164
0.392308 0.062324
0.382924 0.077163
0.391704 0.095262
0.407153 0.152239
0.386792 0.132798
0.389881 0.149779
0.396886 0.169555
0.359402 0.221333
0.392999 0.376697
0.715605 0.311717
0.304212 0.371200
0.279652 0.001034
0.362454 0.000577
0.373016 0.060864
0.354140 0.043938
0.383064 0.047753
0.407850 0.097490
0.397922 0.114854
0.429845 0.114594
0.429561 0.145475
0.411096 0.176073
0.396229 0.191252
0.403751 0.210204
0.392286 0.225908
0.375528 0.223113
0.408253 0.380277
0.296358 0.000462
0.330698 0.024309
0.358190 0.024631
0.400058 0.042286
0.399915 0.079273
0.413874 0.115295
0.403027 0.133301
0.420746 0.160246
0.438789 0.160875
0.414933 0.194163
0.414459 0.223253
0.441846 0.240252
0.295091 0.366809
0.405424 0.363582
0.304619 0.000629
0.344367 0.027199
0.385238 0.031972
0.407255 0.060894
0.423730 0.095697
0.457768 0.096193
0.439079 0.129008
0.419135 0.133120
0.448029 0.112129
0.425625 0.207722
0.463641 0.212495
0.445441 0.211879
0.426661 0.253042
0.403766 0.258338
0.358068 0.242924
0.321293 0.000789
0.368023 0.040097
0.396149 0.023003
0.415103 0.043221
0.430204 0.041965
0.432872 0.078072
0.467381 0.113448
0.466406 0.144132
0.445324 0.178015
0.427910 0.180053
0.438795 0.195840
0.421080 0.285943
0.378956 0.379829
0.356822 0.285006
0.329619 0.000396
0.403552 0.000425
0.373916 0.023422
0.410516 0.026228
0.416548 0.079013
0.449194 0.081100
0.439397 0.097211
0.458023 0.127394
0.448522 0.143718
0.457739 0.193858
0.476350 0.160387
0.391938 0.275830
0.412478 0.270636
0.379348 0.360398
0.426870 0.382648
0.346055 0.000551
0.446073 0.044062
0.422644 0.061114
0.453189 0.062831
0.480681 0.082000
0.486332 0.113699
0.462776 0.177102
0.456885 0.160206
0.478708 0.335953
0.415865 0.239840
0.433378 0.226125
0.447516 0.256415
0.412950 0.344925
0.361961 0.382335
0.354242 0.001205
0.411730 0.000798
0.476920 0.000842
0.452739 0.024208
0.424965 0.024313
0.497097 0.081273
0.474522 0.097796
0.493383 0.098333
0.479656 0.178222
0.477210 0.129451
0.436222 0.330856
0.463884 0.248382
0.377840 0.290975
0.405638 0.304551
0.467197 0.286469
0.370727 0.000873
0.460592 0.000258
0.439192 0.026597
0.438336 0.060536
0.512168 0.132235
0.532295 0.142723
0.495600 0.130351
0.494235 0.165964
0.475608 0.196387
0.398722 0.291672
0.360315 0.322701
0.613116 0.375310
0.517702 0.389989
0.422072 0.318583
0.378968 0.000313
0.452433 0.000313
0.485051 0.000477
0.490675 0.044088
0.521158 0.039764
0.544353 0.179954
0.524658 0.181393
0.518314 0.152064
0.572734 0.242912
0.430036 0.349000
0.538168 0.385266
0.957456 0.177071
0.517322 0.288730
0.438019 0.364244
0.393692 0.320605
0.419866 0.000887
0.468759 0.000864
0.592350 0.043927
0.465251 0.077544
0.467662 0.057705
0.519682 0.206643
0.509992 0.170458
0.485647 0.145674
0.505986 0.240205
0.456189 0.229107
0.491575 0.386518
0.406004 0.330749
0.463302 0.358999
0.386768 0.343228
0.395309 0.000843
0.436163 0.000081
0.509577 0.000177
0.468540 0.024850
0.594455 0.192658
0.511112 0.072498
0.582822 0.329110
0.494429 0.186240
0.443463 0.312656
0.481593 0.214076
0.912372 0.278946
0.602291 0.341535
0.621871 0.353217
0.434575 0.380869
0.577724 0.385403
0.534127 0.000394
0.501399 0.001116
0.428061 0.000080
0.164436 0.315244
0.481137 0.064503
0.504763 0.113558
0.433277 0.270805
0.559690 0.310617
0.499437 0.254896
0.630265 0.376503
0.837851 0.217870
0.499984 0.331906
0.706737 0.303047
0.479800 0.352537
0.599499 0.000630
0.550634 0.000600
0.387126 0.000105
0.493233 0.000200
0.529069 0.025580
0.476181 0.041434
0.510644 0.093320
0.544774 0.156010
0.491719 0.229159
0.764423 0.338246
0.427363 0.298212
0.461923 0.381746
0.494452 0.370910
0.452507 0.346395
0.529676 0.381235
0.591373 0.000692
0.517798 0.000244
0.444284 0.000595
0.497131 0.025005
0.460555 0.039853
0.887462 0.223008
0.686678 0.317417
0.568351 0.378429
0.646398 0.361847
0.520434 0.347922
0.737543 0.316340
0.501980 0.388594
0.499800 0.351294
0.523401 0.269363
0.615831 0.000340
0.566944 0.000949
0.505193 0.038536
0.525969 0.000966
0.495324 0.061873
0.510477 0.055556
0.526091 0.059516
0.502649 0.149414
0.530643 0.165673
0.496000 0.204504
0.482826 0.250893
0.448224 0.294241
0.485592 0.273105
0.461344 0.307527
0.536662 0.346440
0.632375 0.000372
0.542381 0.000233
0.543686 0.023310
0.513657 0.023410
0.483154 0.025291
0.524488 0.080658
0.544698 0.128879
0.555497 0.142892
0.557909 0.166424
0.510218 0.190692
0.459292 0.327446
0.520530 0.251682
0.482242 0.295413
0.517017 0.361436
0.640572 0.000479
0.558826 0.000514
0.574434 0.027600
0.563882 0.046159
0.550361 0.036895
0.526218 0.126108
0.557496 0.114349
0.570243 0.151834
0.548861 0.202820
0.506641 0.218168
0.539054 0.258115
0.554124 0.374034
0.469346 0.266513
0.497051 0.289515
0.693958 0.323761
0.656940 0.000426
0.600541 0.029073
0.587587 0.023244
0.560728 0.024358
0.536318 0.044415
0.538858 0.067177
0.519893 0.108061
0.538180 0.112230
0.559771 0.186871
0.533942 0.216653
0.554179 0.293480
0.521136 0.230612
0.505319 0.272675
0.450154 0.275814
0.665085 0.000808
0.575023 0.000475
0.613778 0.023512
0.550714 0.056088
0.570845 0.064222
0.558509 0.072332
0.531598 0.095195
0.550647 0.098068
0.565501 0.128830
0.564203 0.207627
0.548961 0.223312
0.536467 0.239890
0.606599 0.354207
0.593666 0.371224
0.576004 0.356906
0.681505 0.000258
0.583151 0.000398
0.607628 0.000754
0.578279 0.044302
0.544278 0.082334
0.581096 0.084980
0.570471 0.103456
0.576701 0.190827
0.590640 0.175559
0.566713 0.227732
0.534389 0.195620
0.517778 0.324251
0.513763 0.307498
0.478956 0.315588
0.689807 0.000519
0.624096 0.000073
0.629735 0.024915
0.613297 0.072753
0.584613 0.064484
0.565321 0.087070
0.581307 0.115403
0.573648 0.171388
0.598605 0.142937
0.614576 0.152090
0.536674 0.282523
0.609748 0.183686
0.550897 0.271383
0.562095 0.259381
0.620808 0.332900
0.706309 0.000207
0.621700 0.038972
0.621731 0.091507
0.608477 0.046333
0.601302 0.060936
0.596042 0.077612
0.589981 0.099442
0.586322 0.156189
0.595809 0.213555
0.603008 0.164335
0.600580 0.231655
0.690495 0.341837
0.474427 0.233400
0.680009 0.355612
0.714656 0.000045
0.648768 0.000745
0.644262 0.026604
0.623548 0.057493
0.605663 0.092098
0.603658 0.110330
0.580642 0.135446
0.612116 0.128701
0.624960 0.138597
0.609715 0.205273
0.579616 0.208399
0.538988 0.315540
0.533415 0.301481
0.553238 0.242065
0.552847 0.354304
0.722894 0.000552
0.657410 0.026012
0.637516 0.043387
0.640314 0.061733
0.629070 0.075416
0.595178 0.125892
0.631264 0.120327
0.631215 0.158233
0.621033 0.172004
0.584714 0.227700
0.640175 0.303513
0.566796 0.342254
0.593882 0.384747
0.498354 0.314288
0.739567 0.000491
0.673264 0.000073
0.669951 0.028466
0.652260 0.046975
0.658113 0.065335
0.644944 0.079075
0.620511 0.109108
0.641396 0.136263
0.623375 0.196368
0.617356 0.220953
0.614964 0.271727
0.616321 0.242042
0.564666 0.324312
0.646784 0.375253
0.654992 0.334237
0.747996 0.000760
0.682549 0.025138
0.666763 0.046220
0.673246 0.065850
0.661242 0.083716
0.636219 0.097878
0.646892 0.114837
0.642218 0.200101
0.633443 0.214262
0.605109 0.252635
0.587277 0.250823
0.543161 0.332162
0.619325 0.290590
0.663049 0.362343
0.756367 0.000188
0.698061 0.000600
0.696432 0.026391
0.681514 0.046515
0.675478 0.087074
0.652132 0.097724
0.657328 0.128011
0.646554 0.152590
0.634165 0.183222
0.658161 0.207653
0.576832 0.267904
0.601311 0.286711
0.565864 0.283664
0.679174 0.291544
0.677591 0.341299
0.764786 0.000837
0.710300 0.025659
0.695347 0.043712
0.687091 0.066439
0.665149 0.107685
0.673008 0.126211
0.661843 0.144599
0.653979 0.187759
0.632059 0.233196
0.644585 0.247304
0.602344 0.321416
0.593981 0.267716
0.768921 0.344732
0.617502 0.309146
0.773221 0.000683
0.731185 0.000588
0.723805 0.027339
0.700417 0.077279
0.679768 0.107080
0.687244 0.131430
0.676672 0.149932
0.646490 0.171079
0.648428 0.223964
0.578076 0.305743
0.661874 0.232881
0.646280 0.265048
0.661941 0.252364
0.651350 0.319530
0.647084 0.286163
0.790106 0.000391
0.727095 0.046041
0.711040 0.044316
0.689569 0.089302
0.693424 0.110588
0.692658 0.146379
0.662307 0.164622
0.668667 0.182249
0.626830 0.255795
0.687967 0.267526
0.695300 0.250217
0.584141 0.289872
0.670198 0.265522
0.597708 0.304179
0.798549 0.000278
0.737516 0.024902
0.703498 0.060338
0.717155 0.080494
0.711461 0.112221
0.703326 0.127085
0.711167 0.142103
0.679964 0.167290
0.673815 0.200528
0.685484 0.188153
0.631762 0.277502
0.679264 0.243305
0.695588 0.288935
0.747042 0.280925
0.659154 0.301397
0.806962 0.000808
0.751103 0.056186
0.735914 0.062647
0.706295 0.096084
0.730988 0.112896
0.723702 0.127154
0.730210 0.143924
0.695389 0.174557
0.716671 0.194559
0.723472 0.230521
0.704846 0.270483
0.667872 0.284513
0.717745 0.289374
0.635494 0.325461
0.824180 0.000343
0.781639 0.000175
0.742641 0.040040
0.720113 0.063827
0.734710 0.080822
0.724653 0.097095
0.746344 0.116779
0.702758 0.159242
0.700657 0.195021
0.672269 0.220131
0.688850 0.210146
0.738092 0.224463
0.734844 0.250212
0.748603 0.298081
0.758639 0.333743
0.832678 0.000758
0.753666 0.024767
0.760354 0.040201
0.751552 0.073615
0.757242 0.090119
0.743122 0.097258
0.722616 0.158391
0.739593 0.161920
0.712188 0.173853
0.735990 0.197974
0.705562 0.232256
0.724929 0.211102
0.740223 0.317605
0.726845 0.281837
0.841375 0.000172
0.815599 0.000691
0.771033 0.025136
0.768629 0.058817
0.769220 0.076348
0.773515 0.097111
0.762035 0.109345
0.760584 0.129362
0.743541 0.134178
0.689889 0.228537
0.706792 0.212974
0.713834 0.247601
0.764755 0.249210
0.825541 0.276171
0.770235 0.307915
0.858670 0.000999
0.788303 0.025537
0.776780 0.041013
0.785345 0.065523
0.786111 0.084038
0.801947 0.085961
0.775302 0.121145
0.766839 0.146078
0.726250 0.180953
0.742847 0.180037
0.753809 0.196770
0.750504 0.214145
0.728259 0.263741
0.751857 0.262858
0.867310 0.000074
0.850000 0.000067
0.813097 0.025369
0.800815 0.033370
0.790309 0.048285
0.808979 0.051350
0.788407 0.104008
0.790294 0.124089
0.781030 0.143295
0.751389 0.151251
0.757055 0.172352
0.767434 0.209562
0.762302 0.229613
0.747565 0.239348
0.764523 0.285010
0.884974 0.001021
0.851912 0.027096
0.832947 0.026012
0.822508 0.038315
0.802108 0.067280
0.817270 0.090660
0.805515 0.105808
0.797739 0.140849
0.793788 0.159084
0.770451 0.164565
0.768112 0.187780
0.781068 0.212412
0.788815 0.229944
0.779784 0.311352
0.893710 0.000382
0.876140 0.000017
0.870191 0.025700
0.841944 0.041298
0.828187 0.055107
0.818440 0.070470
0.835766 0.073182
0.826650 0.107006
0.807288 0.122464
0.824417 0.123816
0.784751 0.172237
0.784347 0.190802
0.839344 0.199833
0.818168 0.253712
0.791841 0.311024
0.902639 0.000207
0.904198 0.026263
0.860577 0.041205
0.865547 0.059173
0.848504 0.059402
0.852980 0.077477
0.834465 0.090829
0.841365 0.119686
0.848684 0.140744
0.800810 0.181931
0.815909 0.141889
0.795841 0.205329
0.805730 0.221078
0.778440 0.239769
0.911483 0.000675
0.920578 0.000248
0.913997 0.039667
0.887506 0.027944
0.879243 0.042932
0.872521 0.076177
0.885365 0.093490
0.849537 0.098034
0.856596 0.114303
0.831475 0.142081
0.865495 0.151215
0.809609 0.160204
0.811442 0.198245
0.833180 0.293547
0.804307 0.266663
0.929639 0.000421
0.923302 0.026288
0.897176 0.045171
0.884933 0.060150
0.909750 0.080558
0.866096 0.091110
0.873513 0.109241
0.863035 0.130505
0.881487 0.143122
0.828583 0.163571
0.844286 0.175923
0.857721 0.187148
0.826652 0.191340
0.790771 0.252740
0.938682 0.000377
0.942766 0.025492
0.935110 0.038610
0.907461 0.061352
0.892520 0.074689
0.903318 0.095802
0.881648 0.125091
0.900492 0.130013
0.901295 0.146875
0.845589 0.157290
0.878479 0.182675
0.864103 0.170190
0.818832 0.176263
0.820816 0.216510
0.787240 0.270018
0.947833 0.000297
0.944373 0.052634
0.925406 0.055340
0.925279 0.071940
0.936121 0.085985
0.894303 0.110988
0.917498 0.153830
0.898182 0.166770
0.895530 0.189891
0.918638 0.189775
0.952420 0.214268
0.876301 0.200389
0.855384 0.204012
0.789741 0.290562
0.957175 0.000319
0.960519 0.025503
0.960427 0.040868
0.944958 0.070225
0.957428 0.118462
0.922090 0.097851
0.914403 0.115915
0.882919 0.161863
0.937062 0.186798
0.908989 0.177347
0.935404 0.203503
0.864764 0.216169
0.954865 0.238951
0.833380 0.258624
0.893826 0.207855
0.966207 0.000564
0.975257 0.028032
0.963067 0.059770
0.945727 0.101160
0.960716 0.154516
0.945342 0.164065
0.935454 0.146798
0.936100 0.219886
0.946867 0.285173
0.915108 0.205560
0.966285 0.224441
0.859232 0.280730
0.824022 0.236176
0.883293 0.237313
0.975201 0.000429
0.999524 0.001020
0.976229 0.046525
0.974945 0.111894
0.932828 0.112962
0.938974 0.128846
0.957464 0.195441
0.975280 0.190732
0.975126 0.235809
0.924535 0.230669
0.978895 0.296507
0.914049 0.234590
0.816097 0.291228
0.839650 0.236916
0.804905 0.292892
0.984721 0.000158
0.974400 0.069296
0.958663 0.081425
0.974091 0.130042
0.957301 0.136976
0.920268 0.133528
0.967364 0.270740
0.934586 0.260904
0.999008 0.254665
0.954656 0.261052
0.895460 0.256574
0.976850 0.254683
0.864443 0.265844
0.769641 0.269263
0.999334 0.013614
0.998884 0.042856
0.976102 0.087776
0.963718 0.098812
0.999468 0.104952
0.999258 0.182913
0.999194 0.137629
0.999099 0.148856
0.999290 0.293597
0.999805 0.266185
0.983667 0.293955
0.906591 0.224367
0.916802 0.275625
0.999393 0.229758
0.851821 0.243615
0.999654 0.000017
0.999673 0.052758
0.999779 0.073230
0.999706 0.094268
0.999909 0.115810
0.974444 0.171497
0.974633 0.209297
0.936138 0.251440
0.999761 0.241788
0.999562 0.194461
0.999859 0.279821
0.888601 0.258222
0.803846 0.241330
0.861092 0.253739
0.999739 0.023699
0.999730 0.033087
0.999620 0.062924
0.999931 0.083668
0.976087 0.150597
0.999539 0.126724
0.999848 0.206126
0.929378 0.167968
0.999779 0.217884
0.999427 0.160188
0.999005 0.171592
0.864667 0.231114
0.956158 0.281686
0.844129 0.285123
0.856654 0.293807
