0.000363 0.025127
0.000332 0.062513
0.000377 0.092611
0.000508 0.123379
0.000695 0.133924
0.051616 0.278064
0.001040 0.176432
0.000656 0.187602
0.000354 0.293750
0.093164 0.276579
0.148490 0.322829
0.072810 0.257924
0.059664 0.259502
0.148953 0.270941
0.000609 0.015802
0.000126 0.043321
0.000609 0.072432
0.028072 0.056420
0.028364 0.211849
0.000443 0.198614
0.000138 0.165568
0.000703 0.270884
0.000147 0.232847
0.000445 0.244871
0.000847 0.313321
0.005554 0.305792
0.085427 0.290031
0.098534 0.256815
0.153584 0.250553
0.001037 0.000415
0.000365 0.052822
0.000235 0.082515
0.000975 0.102771
0.000963 0.113037
0.000859 0.209784
0.000345 0.154954
0.000291 0.283007
0.000021 0.221214
0.081410 0.278286
0.030008 0.294250
0.063722 0.273356
0.117811 0.263533
0.143577 0.301050
0.000537 0.000713
0.028296 0.031395
0.036405 0.045081
0.028609 0.098312
0.028138 0.175129
0.065247 0.182560
0.045998 0.164505
0.000296 0.257692
0.066959 0.232781
0.042946 0.230785
0.044875 0.246895
0.046710 0.310834
0.028079 0.313815
0.051385 0.308669
0.166727 0.288288
0.013151 0.000961
0.058567 0.042645
0.000204 0.033931
0.026097 0.078475
0.000775 0.144475
0.042695 0.201980
0.042860 0.184991
0.064380 0.197205
0.024931 0.243529
0.074989 0.210617
0.021466 0.259423
0.119633 0.222872
0.086536 0.239946
0.137647 0.318712
0.030996 0.000093
0.022577 0.001086
0.065709 0.071403
0.048003 0.062896
0.023494 0.192967
0.027159 0.135676
0.059821 0.149466
0.064406 0.166298
0.056731 0.216749
0.094326 0.197460
0.108437 0.185506
0.083910 0.225299
0.136402 0.262710
0.146588 0.296132
0.196904 0.294708
0.039303 0.000299
0.061898 0.026993
0.039846 0.077838
0.053084 0.114744
0.037784 0.146750
0.045369 0.129870
0.081489 0.163865
0.140126 0.174445
0.025878 0.226437
0.085419 0.184723
0.024943 0.269912
0.110874 0.235083
0.098267 0.217487
0.104946 0.274286
0.047824 0.000937
0.042930 0.030594
0.076071 0.033580
0.071409 0.056234
0.041294 0.102335
0.069267 0.098620
0.026449 0.160190
0.080695 0.144918
0.120361 0.168606
0.099705 0.169332
0.115461 0.203591
0.156759 0.213684
0.145035 0.225081
0.197444 0.252238
0.179832 0.290264
0.056615 0.000714
0.092601 0.028590
0.090700 0.043160
0.056224 0.087085
0.081915 0.081977
0.027477 0.118399
0.073668 0.116909
0.064841 0.133896
0.176447 0.187213
0.127570 0.187640
0.147801 0.194378
0.175905 0.222476
0.121520 0.254138
0.189413 0.231921
0.065433 0.000040
0.074057 0.000183
0.109632 0.029403
0.106676 0.052047
0.089075 0.063929
0.102022 0.074677
0.101471 0.113474
0.086165 0.101916
0.098947 0.152673
0.157098 0.178971
0.202925 0.213632
0.134173 0.206636
0.178297 0.250109
0.165542 0.236270
0.174255 0.319793
0.082707 0.000734
0.126896 0.026890
0.137604 0.040993
0.132728 0.064178
0.117544 0.068783
0.102905 0.092966
0.087767 0.127143
0.103281 0.134223
0.117882 0.150463
0.173235 0.170138
0.167994 0.200658
0.195753 0.191781
0.207380 0.236576
0.204399 0.312526
0.091385 0.000116
0.108759 0.000553
0.147861 0.026547
0.121386 0.043459
0.135391 0.082555
0.119658 0.091682
0.119442 0.110789
0.119455 0.130532
0.137394 0.137282
0.135348 0.154780
0.193587 0.172761
0.187223 0.208448
0.261354 0.265247
0.168688 0.267013
0.189550 0.333353
0.100034 0.000410
0.156707 0.040171
0.149029 0.056833
0.151469 0.075961
0.155935 0.095121
0.138804 0.100827
0.136877 0.118737
0.154042 0.133528
0.164552 0.148822
0.152655 0.158518
0.212074 0.191002
0.238541 0.238871
0.230499 0.257682
0.136604 0.236374
0.117494 0.000003
0.143519 0.000548
0.166859 0.027268
0.168081 0.060893
0.169105 0.077618
0.177501 0.090669
0.155480 0.114439
0.185483 0.134821
0.180523 0.154640
0.197221 0.153011
0.211453 0.172253
0.219404 0.209877
0.254426 0.240502
0.253275 0.283257
0.189488 0.274917
0.126206 0.000714
0.175265 0.043570
0.185925 0.064869
0.193563 0.082457
0.210676 0.081067
0.172797 0.107726
0.171531 0.127507
0.202011 0.131494
0.228425 0.170267
0.229281 0.192200
0.235139 0.216761
0.222224 0.231374
0.283289 0.302644
0.256276 0.303861
0.134856 0.000142
0.177839 0.000267
0.183407 0.027242
0.202592 0.063348
0.197148 0.099395
0.189286 0.114294
0.219155 0.131210
0.212781 0.151471
0.246085 0.197781
0.245177 0.155613
0.251790 0.219772
0.268582 0.247718
0.257866 0.322372
0.214021 0.256644
0.207980 0.275158
0.152163 0.000059
0.191643 0.046624
0.218384 0.061059
0.217639 0.097667
0.209477 0.114196
0.237240 0.131475
0.229589 0.149671
0.259771 0.165447
0.243223 0.177021
0.269405 0.223840
0.293064 0.269463
0.244166 0.264336
0.210229 0.330087
0.193724 0.340264
0.160708 0.000779
0.198275 0.026470
0.207363 0.042097
0.224553 0.041309
0.235684 0.096347
0.229484 0.113475
0.252555 0.138329
0.277661 0.166380
0.262759 0.183022
0.262082 0.201358
0.284335 0.246111
0.277478 0.273961
0.270978 0.291340
0.236026 0.291802
0.213978 0.346812
0.169269 0.000824
0.241342 0.040817
0.228102 0.079155
0.261491 0.074393
0.245361 0.077081
0.247223 0.113968
0.281827 0.187093
0.293844 0.174520
0.278830 0.205503
0.296994 0.290394
0.298419 0.311470
0.307577 0.324871
0.285748 0.330072
0.225000 0.348571
0.186398 0.001071
0.214792 0.026104
0.257879 0.039407
0.233501 0.060182
0.271595 0.089412
0.252520 0.094184
0.267969 0.148087
0.303230 0.159388
0.285435 0.226221
0.325761 0.275054
0.317063 0.242659
0.271612 0.325956
0.315033 0.372257
0.259140 0.356187
0.236649 0.352149
0.194756 0.000657
0.231398 0.025203
0.274977 0.038402
0.277839 0.071603
0.265737 0.105759
0.262229 0.123417
0.287472 0.151445
0.309495 0.202674
0.300259 0.252165
0.310153 0.267555
0.313734 0.292627
0.325703 0.345404
0.225085 0.279130
0.215639 0.301726
0.203437 0.000456
0.254142 0.000351
0.248478 0.024934
0.249213 0.058729
0.286433 0.096654
0.281605 0.114488
0.277246 0.132965
0.294249 0.133174
0.325813 0.192882
0.294943 0.202551
0.341313 0.307544
0.325005 0.304400
0.322509 0.330237
0.275911 0.370240
0.238995 0.319333
0.211823 0.000646
0.266392 0.024180
0.292336 0.040662
0.292435 0.077212
0.301822 0.093550
0.298191 0.115401
0.320330 0.155500
0.308540 0.181849
0.330345 0.209152
0.314700 0.220531
0.359885 0.309426
0.346061 0.349032
0.342819 0.376809
0.230806 0.310693
0.220326 0.000384
0.287873 0.000361
0.284083 0.024753
0.266477 0.055686
0.310134 0.074219
0.312619 0.110005
0.308531 0.140132
0.329062 0.141366
0.323105 0.174155
0.368401 0.204685
0.344029 0.239157
0.300521 0.228555
0.360692 0.355960
0.371971 0.337481
0.305907 0.351053
0.228738 0.000792
0.300399 0.025217
0.301700 0.059711
0.284774 0.056270
0.329524 0.108314
0.319214 0.125991
0.338213 0.125464
0.339540 0.167176
0.342577 0.183820
0.375096 0.245094
0.337977 0.287657
0.359163 0.266450
0.250237 0.345318
0.327635 0.366197
0.237246 0.000272
0.312897 0.000524
0.308887 0.043716
0.329171 0.074789
0.317979 0.090819
0.346650 0.106870
0.365230 0.113593
0.342616 0.150281
0.353337 0.196199
0.371010 0.153729
0.346604 0.212196
0.331760 0.229490
0.328620 0.254104
0.290903 0.344664
0.349675 0.385989
0.245690 0.000721
0.314985 0.025717
0.341336 0.063527
0.335505 0.091120
0.348670 0.081224
0.359273 0.096216
0.371988 0.133363
0.357552 0.165130
0.379395 0.169528
0.363915 0.181211
0.342440 0.265356
0.378042 0.313424
0.267126 0.366970
0.341137 0.327478
0.262559 0.000513
0.337797 0.000617
0.320923 0.059911
0.357256 0.062392
0.365482 0.078745
0.376004 0.095714
0.381719 0.114899
0.353732 0.125255
0.357125 0.142628
0.380620 0.187980
0.384672 0.209246
0.371271 0.276336
0.395623 0.245287
0.467539 0.384311
0.382149 0.261257
0.271050 0.000873
0.324507 0.041772
0.338772 0.046504
0.392002 0.063338
0.383310 0.078521
0.391708 0.096977
0.406545 0.154217
0.386976 0.134935
0.389238 0.152289
0.396603 0.171665
0.358611 0.224921
0.391400 0.380026
0.726065 0.313803
0.301534 0.377463
0.279493 0.000422
0.362375 0.000224
0.373002 0.062200
0.354018 0.044603
0.382611 0.048915
0.407917 0.099036
0.397750 0.116984
0.429903 0.116052
0.429079 0.147677
0.410843 0.178757
0.395649 0.193584
0.403513 0.212436
0.391866 0.229321
0.374707 0.226162
0.406408 0.382749
0.296262 0.000753
0.330234 0.024926
0.357611 0.024860
0.399922 0.042158
0.399946 0.080700
0.414016 0.117206
0.403071 0.135595
0.420422 0.163037
0.438207 0.163409
0.414031 0.197033
0.413865 0.226758
0.441043 0.242982
0.292527 0.373068
0.403461 0.366930
0.304547 0.000953
0.343935 0.027817
0.385034 0.032576
0.407078 0.061284
0.423831 0.097037
0.457663 0.097254
0.438680 0.130826
0.419118 0.134745
0.447886 0.113693
0.424532 0.210544
0.463281 0.215167
0.444458 0.215102
0.425791 0.256361
0.402793 0.261262
0.357193 0.246822
0.321199 0.000916
0.367942 0.040532
0.395644 0.023337
0.415218 0.043600
0.430293 0.042111
0.432767 0.078999
0.467267 0.114704
0.466025 0.146101
0.444662 0.180526
0.427497 0.182292
0.438372 0.198737
0.419665 0.289196
0.376792 0.383684
0.355954 0.289112
0.329514 0.000700
0.403566 0.000179
0.373640 0.023640
0.409987 0.026703
0.416188 0.079743
0.449191 0.081982
0.439515 0.098356
0.457559 0.129128
0.448165 0.145995
0.457157 0.197031
0.475875 0.162077
0.391170 0.279422
0.411184 0.273809
0.376841 0.364714
0.424764 0.385158
0.345962 0.000344
0.445900 0.044610
0.422494 0.062123
0.452783 0.063532
0.480440 0.083310
0.485956 0.115053
0.462033 0.179948
0.456434 0.162097
0.477563 0.338034
0.414883 0.243037
0.432517 0.228886
0.446457 0.259747
0.410973 0.348846
0.359237 0.386451
0.354134 0.000585
0.411728 0.001069
0.476930 0.000971
0.452481 0.024706
0.424384 0.024771
0.496687 0.082386
0.474233 0.098828
0.493249 0.099671
0.478927 0.180606
0.476942 0.131260
0.434509 0.334033
0.463119 0.251670
0.376490 0.294824
0.404532 0.308418
0.465801 0.289581
0.370640 0.000361
0.460620 0.000143
0.438746 0.026675
0.437994 0.061318
0.511914 0.134417
0.532523 0.144351
0.495306 0.131935
0.494298 0.167939
0.475538 0.198822
0.397235 0.295691
0.358051 0.328084
0.618105 0.375118
0.517474 0.390626
0.420648 0.322644
0.378883 0.000925
0.452423 0.000959
0.485069 0.000510
0.490458 0.045490
0.520804 0.040428
0.543851 0.182293
0.524379 0.183726
0.518400 0.154120
0.572200 0.245936
0.428124 0.351487
0.538717 0.384570
0.957015 0.179107
0.516124 0.290906
0.436649 0.366776
0.391344 0.324496
0.419859 0.000170
0.468762 0.000814
0.592514 0.044392
0.465181 0.078424
0.467359 0.058038
0.518611 0.209722
0.509797 0.172500
0.485356 0.147468
0.504860 0.243016
0.455495 0.231642
0.491240 0.388279
0.404387 0.334351
0.462546 0.360904
0.384712 0.347451
0.395303 0.000474
0.436125 0.000261
0.509558 0.000463
0.468312 0.025067
0.593829 0.194974
0.510927 0.074276
0.582568 0.332420
0.493650 0.188583
0.442192 0.316096
0.481144 0.217000
0.907095 0.274970
0.605115 0.344230
0.627506 0.357003
0.431665 0.383012
0.581601 0.385830
0.534131 0.000071
0.501384 0.000321
0.428030 0.000883
0.165139 0.324731
0.480553 0.065176
0.504351 0.115156
0.432326 0.274162
0.559516 0.313242
0.498545 0.257542
0.637472 0.376436
0.835957 0.221273
0.498954 0.334563
0.709219 0.307224
0.478557 0.355430
0.599554 0.000419
0.550599 0.001116
0.387089 0.001010
0.493220 0.000778
0.528716 0.026252
0.476078 0.041812
0.510419 0.094697
0.544607 0.158074
0.491044 0.232233
0.775360 0.350522
0.425919 0.301762
0.460910 0.384460
0.493313 0.373262
0.451694 0.349249
0.529629 0.383562
0.591428 0.000785
0.517810 0.000554
0.444270 0.000900
0.497059 0.025650
0.460392 0.040420
0.882994 0.223853
0.686994 0.319365
0.570384 0.379629
0.655230 0.364707
0.519067 0.349964
0.743299 0.317314
0.502513 0.391761
0.499054 0.352618
0.522551 0.272073
0.615932 0.000151
0.566938 0.000479
0.504830 0.039615
0.525974 0.000876
0.495039 0.062973
0.510339 0.056789
0.525790 0.061005
0.502540 0.151339
0.530385 0.167415
0.495172 0.206711
0.482073 0.253627
0.446992 0.297352
0.484753 0.275641
0.460391 0.309896
0.536346 0.348938
0.632425 0.000944
0.542373 0.000021
0.543110 0.023953
0.513163 0.023712
0.483043 0.025880
0.524583 0.081991
0.544708 0.130724
0.555263 0.144849
0.557403 0.168385
0.510055 0.193192
0.458088 0.331038
0.519298 0.254221
0.481194 0.298787
0.517240 0.364020
0.640636 0.000295
0.558793 0.000214
0.574184 0.028253
0.563721 0.046501
0.550216 0.037149
0.525760 0.127511
0.557751 0.116233
0.569973 0.154018
0.548450 0.205545
0.505882 0.220812
0.538128 0.260183
0.555255 0.376901
0.468180 0.269433
0.495578 0.292341
0.700068 0.329367
0.656969 0.000431
0.600524 0.029862
0.587672 0.023434
0.560755 0.024407
0.535907 0.045277
0.538943 0.068550
0.519506 0.109842
0.538260 0.113748
0.559019 0.188996
0.533698 0.219177
0.553010 0.296707
0.520426 0.233304
0.504113 0.275717
0.449187 0.277871
0.665157 0.000827
0.575036 0.000110
0.613719 0.023456
0.550357 0.057042
0.570297 0.065385
0.558505 0.073838
0.531057 0.097364
0.550604 0.100254
0.565832 0.130367
0.563603 0.210389
0.548166 0.225944
0.535137 0.242919
0.612076 0.357206
0.597036 0.374166
0.578516 0.359945
0.681577 0.001000
0.583176 0.000023
0.607731 0.000161
0.578231 0.045001
0.544193 0.084246
0.580819 0.085452
0.570893 0.105038
0.575697 0.192629
0.590399 0.177933
0.566346 0.229898
0.533585 0.198405
0.517369 0.327300
0.512927 0.310463
0.477287 0.318431
0.689871 0.000752
0.624210 0.001018
0.630132 0.025403
0.613224 0.074220
0.584554 0.064830
0.564885 0.089031
0.581268 0.117486
0.573328 0.173611
0.598176 0.144502
0.613900 0.153626
0.535743 0.285677
0.609182 0.185846
0.550091 0.274556
0.560921 0.262259
0.626100 0.336434
0.706398 0.000466
0.622103 0.039067
0.621437 0.092752
0.608882 0.047380
0.601438 0.062058
0.596034 0.078833
0.589434 0.100540
0.586187 0.158655
0.595371 0.215880
0.602526 0.166094
0.600011 0.235022
0.699083 0.341116
0.473023 0.236533
0.688222 0.351949
0.714781 0.000217
0.648791 0.000185
0.644636 0.027091
0.623199 0.058507
0.604810 0.094300
0.603452 0.112365
0.580400 0.138352
0.612059 0.130295
0.624219 0.140998
0.610046 0.207162
0.579349 0.210632
0.537920 0.318396
0.532003 0.304015
0.553081 0.244756
0.554694 0.355663
0.722992 0.000109
0.657675 0.025993
0.637805 0.043966
0.640038 0.062377
0.629116 0.076853
0.594680 0.127397
0.630879 0.122548
0.630639 0.160274
0.620699 0.173952
0.584153 0.230806
0.642260 0.308729
0.568348 0.345434
0.598686 0.387415
0.497093 0.317507
0.739679 0.000111
0.673362 0.000254
0.670347 0.029152
0.652745 0.047306
0.657509 0.066219
0.644520 0.080659
0.620509 0.110587
0.640874 0.138468
0.623056 0.198440
0.616407 0.224068
0.615905 0.274833
0.616697 0.245583
0.565854 0.328115
0.655375 0.375219
0.661509 0.339737
0.748163 0.000202
0.682950 0.025662
0.667546 0.046856
0.673000 0.067085
0.660940 0.084579
0.636117 0.100124
0.646448 0.116914
0.642152 0.203292
0.632841 0.217107
0.605036 0.256118
0.587529 0.254149
0.543407 0.335522
0.621581 0.295234
0.672348 0.366991
0.756500 0.000395
0.698139 0.000893
0.697001 0.026758
0.682025 0.047779
0.675260 0.088700
0.652409 0.099383
0.656916 0.130329
0.646401 0.155162
0.634189 0.185191
0.658518 0.210705
0.576593 0.270711
0.602206 0.289884
0.565890 0.286448
0.680704 0.295476
0.688633 0.345456
0.765030 0.000521
0.711020 0.025765
0.695925 0.044323
0.687304 0.067315
0.664821 0.109840
0.672834 0.128283
0.661308 0.146772
0.653804 0.190405
0.632159 0.236329
0.644442 0.251566
0.605339 0.323742
0.594203 0.271582
0.775624 0.351830
0.619300 0.313027
0.773450 0.000110
0.731310 0.000098
0.724544 0.028408
0.700107 0.079341
0.679319 0.109038
0.686951 0.133944
0.675912 0.151975
0.646045 0.173399
0.647983 0.228017
0.579026 0.310302
0.661798 0.236806
0.647666 0.270437
0.661908 0.257221
0.655907 0.325314
0.648364 0.290848
0.790319 0.000505
0.727415 0.046994
0.711732 0.044862
0.689333 0.091210
0.693397 0.112726
0.692281 0.148747
0.661900 0.167220
0.668563 0.184360
0.627656 0.259456
0.688754 0.273118
0.695690 0.255671
0.583948 0.292853
0.670608 0.270080
0.599203 0.308599
0.798775 0.000516
0.738397 0.025200
0.703730 0.061898
0.717365 0.081832
0.711242 0.114387
0.703197 0.129782
0.710937 0.145143
0.679603 0.168911
0.673271 0.203403
0.685588 0.190592
0.633483 0.282375
0.679502 0.248296
0.696459 0.296425
0.748467 0.288372
0.660573 0.307357
0.807209 0.000950
0.751363 0.058139
0.736084 0.064181
0.706328 0.098156
0.730864 0.116135
0.723411 0.130423
0.729806 0.147217
0.695183 0.176614
0.716789 0.197773
0.723738 0.235141
0.704774 0.275132
0.668705 0.289750
0.718940 0.293954
0.640895 0.330187
0.824372 0.000815
0.781928 0.000452
0.742899 0.041349
0.719923 0.065010
0.734946 0.083141
0.724142 0.099447
0.746274 0.119158
0.702073 0.161843
0.700486 0.197407
0.672727 0.224092
0.688745 0.212712
0.738255 0.227839
0.735418 0.254120
0.750976 0.302776
0.761417 0.346492
0.832938 0.000044
0.754649 0.025225
0.760250 0.041660
0.751760 0.075162
0.756894 0.092303
0.742256 0.099667
0.722336 0.161764
0.739721 0.164828
0.712280 0.176864
0.736266 0.201470
0.705168 0.236528
0.725341 0.214390
0.744518 0.326883
0.730044 0.287808
0.841560 0.000837
0.815815 0.000486
0.771390 0.025811
0.769238 0.060188
0.769063 0.077803
0.773074 0.099512
0.761858 0.111472
0.760188 0.132391
0.743407 0.136669
0.690288 0.232271
0.707451 0.216114
0.713973 0.253780
0.765823 0.254101
0.824054 0.280594
0.772117 0.315103
0.858853 0.000866
0.788021 0.026314
0.776976 0.041773
0.785716 0.066972
0.785098 0.086192
0.801068 0.088126
0.774882 0.123476
0.766150 0.149269
0.726366 0.183085
0.743127 0.183262
0.754106 0.199088
0.750623 0.217302
0.728940 0.268496
0.752524 0.267603
0.867470 0.000739
0.850150 0.000098
0.813041 0.026268
0.800633 0.033391
0.790543 0.049430
0.808619 0.052137
0.788620 0.106163
0.789325 0.126572
0.780897 0.145860
0.750732 0.154263
0.757239 0.175535
0.767539 0.212125
0.763600 0.233121
0.748942 0.244081
0.765032 0.292124
0.885211 0.000150
0.851823 0.027831
0.832882 0.026488
0.822585 0.038997
0.802076 0.068858
0.816999 0.092637
0.805456 0.107673
0.797374 0.143525
0.792768 0.162214
0.770712 0.167244
0.768732 0.190503
0.781805 0.216278
0.788927 0.233643
0.783159 0.321952
0.893924 0.000636
0.876352 0.000457
0.870020 0.026284
0.841244 0.041962
0.828039 0.056561
0.817749 0.071907
0.834765 0.074603
0.826104 0.109288
0.806139 0.125185
0.823523 0.126448
0.784878 0.175840
0.784489 0.194571
0.837907 0.202452
0.816665 0.259461
0.795686 0.320281
0.902764 0.000801
0.903644 0.027069
0.860407 0.042026
0.864744 0.060897
0.847832 0.060416
0.852022 0.079489
0.833625 0.092853
0.840523 0.122629
0.848250 0.142748
0.800222 0.185390
0.815005 0.144208
0.796239 0.208772
0.805594 0.225222
0.778357 0.243918
0.911727 0.000657
0.920723 0.000840
0.913467 0.040432
0.887305 0.028430
0.878280 0.043587
0.871316 0.077878
0.884787 0.095359
0.848734 0.100003
0.855662 0.116153
0.830566 0.144894
0.864252 0.153476
0.808960 0.163016
0.810732 0.201444
0.830098 0.302711
0.804909 0.273044
0.929750 0.000780
0.923112 0.027118
0.896601 0.046277
0.884324 0.061305
0.908743 0.081971
0.865319 0.093330
0.872817 0.111254
0.862474 0.132976
0.881083 0.146053
0.827138 0.166029
0.842260 0.178158
0.856146 0.189091
0.825922 0.193856
0.791604 0.258060
0.938792 0.000564
0.942592 0.026239
0.934757 0.039559
0.906468 0.062474
0.891235 0.076329
0.903025 0.097373
0.880917 0.127728
0.899771 0.132112
0.900215 0.149495
0.844713 0.159947
0.877914 0.184224
0.862610 0.172471
0.817897 0.179048
0.819809 0.219449
0.789157 0.277066
0.947916 0.000113
0.943502 0.054073
0.924295 0.057050
0.924872 0.073789
0.935774 0.087998
0.893486 0.112993
0.916852 0.155915
0.896370 0.168833
0.894938 0.192434
0.917001 0.191719
0.952299 0.216696
0.872152 0.201635
0.852877 0.206688
0.788309 0.296693
0.957237 0.001113
0.959906 0.026576
0.959935 0.042382
0.944736 0.071809
0.957026 0.120661
0.921373 0.099883
0.913165 0.117866
0.881183 0.164678
0.937147 0.189095
0.908058 0.178954
0.935568 0.204550
0.862489 0.218506
0.954695 0.240312
0.831802 0.264904
0.891346 0.207129
0.966248 0.000438
0.974388 0.029045
0.962923 0.061428
0.944741 0.103699
0.960282 0.157607
0.943990 0.166506
0.935409 0.149680
0.936945 0.219521
0.939883 0.283998
0.912457 0.205813
0.965952 0.226531
0.857786 0.289631
0.821505 0.240180
0.879283 0.239830
0.975189 0.000266
0.999214 0.001778
0.975045 0.047554
0.974784 0.114436
0.932370 0.115491
0.937915 0.131909
0.957140 0.196282
0.975316 0.192255
0.975299 0.237619
0.923229 0.231216
0.977817 0.293434
0.909514 0.233594
0.816029 0.300860
0.835097 0.239552
0.803819 0.302093
0.984710 0.000120
0.974064 0.071540
0.958029 0.083687
0.973367 0.133058
0.957093 0.139213
0.919645 0.136195
0.966659 0.270395
0.928015 0.263824
0.999478 0.254717
0.951583 0.261345
0.891022 0.259293
0.977154 0.255315
0.857491 0.273224
0.771232 0.275476
0.999500 0.013992
0.999745 0.043199
0.975470 0.090047
0.963692 0.100884
0.999177 0.104983
0.999421 0.182720
0.998901 0.137529
0.999111 0.148697
0.999373 0.294586
0.999053 0.266646
0.981313 0.290460
0.901651 0.226350
0.912732 0.276237
0.999823 0.229628
0.847854 0.247726
0.999582 0.000366
0.999652 0.053074
0.999494 0.073338
0.999712 0.094374
0.999507 0.115748
0.974206 0.173686
0.975047 0.209586
0.935066 0.253258
0.999143 0.241765
0.999052 0.194401
0.999863 0.279882
0.884104 0.256712
0.803191 0.245776
0.856001 0.256495
0.999208 0.024047
0.999530 0.033401
0.999627 0.063120
0.999002 0.083710
0.975762 0.152291
0.999460 0.126596
0.999107 0.206082
0.928114 0.170636
0.999110 0.217791
0.999995 0.159997
0.999469 0.171354
0.861362 0.233653
0.950389 0.280492
0.841468 0.293314
0.853393 0.301149
