0.000026 0.025487
0.000389 0.062711
0.000489 0.092515
0.000013 0.122934
0.000360 0.133318
0.056637 0.277866
0.000108 0.175969
0.000123 0.187322
0.000605 0.295558
0.098580 0.283353
0.146016 0.335354
0.079940 0.258045
0.059362 0.260202
0.153830 0.277795
0.000650 0.016021
0.000041 0.043655
0.000107 0.072423
0.030476 0.059584
0.029317 0.213883
0.000639 0.198560
0.000469 0.165186
0.000854 0.270613
0.000498 0.232734
0.000281 0.244639
0.002397 0.312462
0.009911 0.303749
0.093447 0.292628
0.102460 0.257856
0.157179 0.257710
0.000702 0.000996
0.000760 0.053117
0.000397 0.082416
0.000800 0.102553
0.000973 0.112634
0.000048 0.209744
0.000602 0.154376
0.000118 0.283005
0.000704 0.221157
0.085522 0.284463
0.030969 0.295138
0.071701 0.276871
0.126180 0.270952
0.150174 0.312953
0.000406 0.000366
0.029275 0.032919
0.036109 0.045571
0.028861 0.099931
0.026716 0.176969
0.065242 0.184567
0.046078 0.166518
0.000819 0.257508
0.068249 0.235880
0.044768 0.232861
0.044904 0.248683
0.052198 0.308493
0.032056 0.306911
0.058547 0.310925
0.169889 0.299107
0.013326 0.000772
0.059808 0.043806
0.000407 0.034439
0.028109 0.079981
0.000976 0.143854
0.043553 0.204876
0.043042 0.187292
0.063483 0.200189
0.027957 0.246053
0.076856 0.212545
0.026223 0.261468
0.122196 0.225417
0.088448 0.241052
0.140767 0.329599
0.031181 0.000003
0.022808 0.000559
0.066579 0.072983
0.049390 0.063758
0.022867 0.195078
0.027244 0.137497
0.060534 0.150833
0.064128 0.168069
0.057825 0.220746
0.094406 0.201071
0.108797 0.188182
0.086906 0.230400
0.141209 0.272595
0.150652 0.304805
0.198665 0.303930
0.039453 0.000372
0.062894 0.029089
0.040558 0.079864
0.054263 0.116767
0.037172 0.148432
0.044369 0.130941
0.082037 0.165842
0.141372 0.176643
0.026408 0.228265
0.085955 0.187259
0.024327 0.271464
0.113288 0.237572
0.101904 0.220968
0.116051 0.276914
0.048056 0.000418
0.043329 0.031071
0.076876 0.033489
0.073548 0.057106
0.041868 0.104372
0.070052 0.100272
0.025598 0.160993
0.080963 0.146613
0.122327 0.170249
0.101244 0.171738
0.115995 0.205874
0.159215 0.217854
0.146791 0.230478
0.199214 0.260235
0.181890 0.301583
0.056770 0.000530
0.094221 0.029350
0.091071 0.044281
0.057872 0.089309
0.082027 0.083617
0.027717 0.119609
0.073383 0.118420
0.064964 0.134719
0.178912 0.189791
0.129165 0.190878
0.149251 0.198537
0.178546 0.227202
0.126363 0.256462
0.190867 0.238865
0.065459 0.000741
0.074107 0.000209
0.110111 0.030739
0.107537 0.053741
0.090009 0.065705
0.102395 0.076467
0.102155 0.114749
0.087447 0.103763
0.099220 0.153990
0.158681 0.182225
0.204945 0.218314
0.136393 0.210915
0.180461 0.256438
0.167696 0.242596
0.173875 0.330138
0.082721 0.000182
0.127336 0.027231
0.138397 0.041700
0.132455 0.064754
0.117953 0.069917
0.103261 0.093773
0.088878 0.128881
0.103705 0.135677
0.118219 0.152637
0.174499 0.172488
0.169713 0.203672
0.198067 0.195830
0.209453 0.241784
0.205582 0.321030
0.091336 0.000459
0.108547 0.000152
0.147365 0.026676
0.121812 0.043752
0.135903 0.084061
0.120989 0.093422
0.119488 0.111623
0.120185 0.131049
0.138035 0.138688
0.136034 0.156383
0.194700 0.175911
0.189045 0.212992
0.261380 0.272217
0.170754 0.274670
0.190021 0.349123
0.099942 0.000338
0.156864 0.041574
0.148937 0.058697
0.151244 0.077228
0.155728 0.096944
0.138867 0.102520
0.137210 0.120636
0.154692 0.135604
0.165341 0.150764
0.153838 0.160863
0.213832 0.195299
0.238772 0.244791
0.231181 0.264477
0.139869 0.241884
0.117261 0.000251
0.143189 0.000326
0.165839 0.027138
0.168249 0.062312
0.168625 0.079557
0.176747 0.093496
0.156054 0.116599
0.186010 0.137043
0.182047 0.156669
0.198529 0.155940
0.212382 0.175361
0.220815 0.214978
0.254186 0.248134
0.253401 0.290813
0.189560 0.281640
0.125881 0.001027
0.174077 0.044089
0.185098 0.066066
0.192669 0.083780
0.210307 0.082823
0.173018 0.109724
0.172107 0.129175
0.202418 0.134361
0.229639 0.173911
0.230409 0.196698
0.236291 0.222016
0.224024 0.237313
0.280255 0.312161
0.255174 0.312566
0.134616 0.000330
0.177539 0.000397
0.182129 0.027757
0.201713 0.064756
0.196946 0.100736
0.189981 0.116324
0.219879 0.134521
0.213935 0.154973
0.246259 0.202547
0.245669 0.160007
0.252627 0.225496
0.268526 0.255480
0.254544 0.332312
0.214650 0.264757
0.208121 0.283766
0.151881 0.000539
0.190860 0.047728
0.216859 0.061541
0.216681 0.100521
0.209861 0.117362
0.237532 0.134912
0.230068 0.153205
0.260571 0.169826
0.243687 0.181682
0.268640 0.230407
0.292388 0.276913
0.244328 0.272798
0.209480 0.340073
0.192288 0.355451
0.160323 0.000430
0.196961 0.026904
0.206273 0.042357
0.223846 0.041870
0.234631 0.098724
0.229358 0.116155
0.252838 0.141927
0.277423 0.171283
0.262267 0.188310
0.262477 0.207730
0.283209 0.252884
0.276958 0.281606
0.269535 0.299657
0.237181 0.300192
0.210592 0.360936
0.168895 0.000442
0.240127 0.041793
0.226686 0.080695
0.260329 0.076713
0.243726 0.078993
0.246499 0.116609
0.281588 0.191956
0.293175 0.178030
0.278366 0.211255
0.293836 0.298859
0.295780 0.319763
0.304364 0.332736
0.281805 0.339300
0.221616 0.360610
0.185933 0.000230
0.213253 0.026586
0.256687 0.040896
0.232395 0.061684
0.271752 0.091241
0.251841 0.096294
0.267610 0.151847
0.302417 0.164010
0.284862 0.232602
0.323841 0.280831
0.316272 0.247441
0.268683 0.335001
0.309743 0.379531
0.255042 0.365307
0.234035 0.364004
0.194552 0.000032
0.229955 0.025424
0.273893 0.040027
0.277899 0.073630
0.264586 0.108332
0.261817 0.126800
0.286634 0.154302
0.308682 0.208227
0.299297 0.258584
0.308252 0.275287
0.312114 0.299449
0.322244 0.353146
0.226187 0.286349
0.215758 0.309562
0.203090 0.000767
0.253940 0.000283
0.247067 0.025494
0.249056 0.060345
0.286024 0.100184
0.280270 0.117063
0.276892 0.136090
0.294811 0.135637
0.325174 0.196489
0.293780 0.208262
0.339584 0.313734
0.321402 0.312268
0.319847 0.336664
0.271142 0.379757
0.236939 0.331273
0.211546 0.000139
0.264449 0.025187
0.291290 0.041115
0.292578 0.079420
0.301463 0.096406
0.297752 0.119323
0.319937 0.160061
0.307031 0.187522
0.328898 0.213538
0.313155 0.225441
0.356865 0.315829
0.342883 0.356639
0.338373 0.383820
0.229649 0.321141
0.220059 0.000991
0.287691 0.000030
0.282504 0.025354
0.266033 0.057882
0.309905 0.076867
0.312416 0.111905
0.308422 0.145281
0.328662 0.144370
0.321906 0.177987
0.367270 0.209495
0.342263 0.244751
0.300062 0.235476
0.355911 0.362222
0.369383 0.344705
0.300539 0.359746
0.228545 0.001036
0.298991 0.025598
0.301813 0.061112
0.284416 0.058025
0.329132 0.111424
0.317506 0.128920
0.336885 0.128795
0.338959 0.170741
0.342048 0.187525
0.373222 0.249561
0.335864 0.293911
0.357225 0.270958
0.247499 0.352912
0.323633 0.373822
0.237057 0.000249
0.312748 0.000819
0.307583 0.044416
0.329596 0.076975
0.317850 0.092838
0.346239 0.110058
0.364936 0.115585
0.341919 0.153917
0.351759 0.200460
0.370963 0.156784
0.345583 0.216666
0.331034 0.233832
0.327530 0.259687
0.287586 0.352572
0.346125 0.392599
0.245549 0.000667
0.314128 0.026999
0.340517 0.064595
0.335641 0.094092
0.348353 0.082473
0.358267 0.098315
0.371378 0.135891
0.357841 0.168401
0.378163 0.174446
0.362817 0.185574
0.340408 0.272418
0.375655 0.319753
0.261989 0.377735
0.336931 0.334495
0.262427 0.001074
0.337574 0.000224
0.320220 0.062005
0.357464 0.063630
0.365113 0.080741
0.375712 0.098463
0.381113 0.117320
0.353581 0.128557
0.355899 0.145940
0.379401 0.192941
0.384099 0.214586
0.369924 0.282573
0.394059 0.250045
0.465322 0.384488
0.379679 0.266143
0.270840 0.000653
0.323680 0.042914
0.337841 0.048240
0.391661 0.064685
0.383481 0.080434
0.391835 0.099754
0.405534 0.156803
0.387112 0.137541
0.388203 0.156212
0.395649 0.174403
0.356834 0.229807
0.388625 0.385440
0.740089 0.319077
0.297641 0.386461
0.279296 0.001193
0.362241 0.000526
0.372910 0.064133
0.353432 0.045209
0.382211 0.051118
0.407915 0.101157
0.397221 0.119390
0.429950 0.117658
0.428211 0.150495
0.409943 0.182458
0.394672 0.196705
0.402397 0.215750
0.391211 0.233550
0.373105 0.230229
0.403859 0.386369
0.296032 0.000465
0.329244 0.025751
0.356420 0.025317
0.399442 0.042802
0.400308 0.082624
0.413983 0.119269
0.403182 0.138869
0.419546 0.166848
0.437593 0.166985
0.412673 0.200835
0.412427 0.231643
0.439567 0.247126
0.288008 0.382047
0.400737 0.371218
0.304407 0.001022
0.342956 0.028649
0.384449 0.033747
0.406729 0.061893
0.423630 0.098693
0.457347 0.098819
0.438134 0.133169
0.419188 0.137019
0.447959 0.115723
0.422925 0.214444
0.462712 0.218860
0.443308 0.219621
0.424437 0.261164
0.401318 0.265184
0.355994 0.252618
0.321043 0.000255
0.367537 0.040958
0.394943 0.023750
0.415266 0.044565
0.430271 0.042543
0.432546 0.080412
0.467046 0.116436
0.465674 0.148671
0.443812 0.183970
0.426914 0.185728
0.437550 0.202387
0.417700 0.294106
0.373331 0.388915
0.354290 0.294943
0.329357 0.000591
0.403512 0.000913
0.372460 0.023982
0.409547 0.027305
0.415556 0.080815
0.448720 0.082972
0.439592 0.099640
0.456942 0.131341
0.447472 0.148950
0.456163 0.201630
0.475234 0.164738
0.389879 0.284699
0.409744 0.278764
0.372929 0.371002
0.421496 0.388672
0.345812 0.000365
0.445531 0.045522
0.422076 0.063442
0.452281 0.064690
0.480100 0.085047
0.485350 0.117027
0.461147 0.183377
0.456191 0.165046
0.475361 0.340968
0.413641 0.247838
0.430977 0.232997
0.444709 0.264642
0.408191 0.354490
0.355898 0.392282
0.353978 0.000578
0.411684 0.000906
0.476960 0.000147
0.452344 0.025431
0.423484 0.025376
0.496115 0.083724
0.473926 0.100478
0.493088 0.101757
0.477897 0.183223
0.476485 0.133349
0.432411 0.338587
0.461613 0.256403
0.374329 0.300767
0.403261 0.314777
0.463591 0.294027
0.370525 0.000977
0.460618 0.000791
0.438044 0.026672
0.437190 0.062451
0.511478 0.137429
0.532691 0.146337
0.494997 0.133739
0.493907 0.170499
0.475285 0.202129
0.394877 0.301704
0.354738 0.336025
0.626417 0.374718
0.516413 0.391095
0.418651 0.328226
0.378769 0.000841
0.452433 0.001015
0.485085 0.000838
0.490149 0.047628
0.520775 0.041511
0.542896 0.184714
0.523692 0.186405
0.518428 0.156835
0.571719 0.250986
0.425700 0.355080
0.540612 0.382863
0.957087 0.180924
0.513944 0.294665
0.435122 0.370289
0.387990 0.330002
0.419834 0.000906
0.468782 0.000190
0.592919 0.044928
0.464816 0.079399
0.466685 0.058502
0.516703 0.213559
0.509408 0.174987
0.485127 0.150145
0.502830 0.246387
0.454367 0.235381
0.490763 0.390280
0.402184 0.339461
0.461135 0.364095
0.382165 0.353626
0.395263 0.000072
0.436131 0.000091
0.509576 0.000270
0.467860 0.025044
0.592988 0.198598
0.510794 0.076635
0.584006 0.337261
0.492642 0.191186
0.440006 0.321384
0.479957 0.221206
0.899945 0.268539
0.609096 0.346987
0.637359 0.362479
0.428296 0.385858
0.587883 0.385578
0.534140 0.000331
0.501388 0.000776
0.427995 0.000195
0.165695 0.337263
0.479615 0.066175
0.503661 0.117632
0.430722 0.279501
0.559477 0.316890
0.496616 0.262409
0.648564 0.374420
0.835261 0.225974
0.497140 0.338611
0.712870 0.314646
0.476548 0.359782
0.599613 0.000848
0.550549 0.000231
0.387010 0.000635
0.493208 0.000986
0.528356 0.027202
0.476041 0.042391
0.510169 0.096752
0.543857 0.160671
0.489353 0.236384
0.790495 0.366258
0.424355 0.307829
0.460326 0.387264
0.491326 0.376709
0.450274 0.353147
0.529897 0.386688
0.591498 0.000825
0.517833 0.000717
0.444273 0.000615
0.497078 0.026165
0.459853 0.041226
0.877353 0.225621
0.687036 0.321496
0.573400 0.380935
0.668662 0.368419
0.517546 0.352456
0.751337 0.323396
0.502933 0.395324
0.497582 0.354983
0.521201 0.276331
0.616052 0.001001
0.566944 0.000855
0.504529 0.040949
0.525999 0.000365
0.494914 0.064551
0.510348 0.058423
0.525689 0.062839
0.502136 0.153986
0.529767 0.169517
0.493858 0.209518
0.480471 0.257755
0.444533 0.301702
0.482954 0.279601
0.458912 0.313853
0.536337 0.352850
0.632537 0.000767
0.542351 0.000721
0.542452 0.025132
0.512631 0.024335
0.482983 0.026431
0.525105 0.083642
0.544696 0.133002
0.554841 0.147004
0.556300 0.171103
0.509482 0.196484
0.456141 0.336286
0.517375 0.258319
0.479298 0.304078
0.517604 0.368130
0.640711 0.000033
0.558747 0.000582
0.573976 0.029331
0.563318 0.047177
0.550162 0.037741
0.525181 0.129179
0.557796 0.118883
0.569306 0.156357
0.547655 0.208814
0.504452 0.224326
0.537013 0.263739
0.557215 0.380172
0.466239 0.274114
0.493468 0.297082
0.710676 0.333547
0.657100 0.000184
0.600973 0.030785
0.587984 0.024279
0.560684 0.024871
0.535650 0.046684
0.539186 0.070281
0.518833 0.112642
0.538455 0.116056
0.557773 0.191591
0.532595 0.222764
0.551679 0.302209
0.519350 0.236316
0.501973 0.280134
0.447912 0.281627
0.665335 0.000507
0.575069 0.000667
0.613632 0.024030
0.550007 0.058358
0.569713 0.066408
0.558350 0.075702
0.530433 0.100181
0.550539 0.103129
0.566178 0.132297
0.562556 0.214114
0.546997 0.229860
0.533370 0.246665
0.619733 0.360989
0.602169 0.378677
0.582575 0.364198
0.681741 0.000128
0.583208 0.000157
0.607804 0.000248
0.578214 0.046118
0.544054 0.086943
0.580332 0.085394
0.571523 0.106773
0.574159 0.194870
0.589806 0.180995
0.565546 0.232530
0.532011 0.201872
0.517444 0.332128
0.511527 0.314699
0.474619 0.322805
0.689995 0.000944
0.624303 0.000243
0.630879 0.025748
0.613226 0.076216
0.584678 0.065091
0.564514 0.091481
0.581071 0.120204
0.572544 0.176464
0.597412 0.146548
0.612460 0.155438
0.534462 0.290516
0.608170 0.188799
0.548953 0.279775
0.559584 0.266459
0.633970 0.341133
0.706588 0.000043
0.622636 0.039036
0.621023 0.093980
0.609728 0.048651
0.601586 0.063444
0.595999 0.080675
0.588450 0.101849
0.585853 0.161257
0.595386 0.219285
0.601953 0.168217
0.599995 0.240107
0.716609 0.340081
0.470951 0.240527
0.697482 0.353295
0.714922 0.000925
0.648878 0.000666
0.645181 0.027876
0.623037 0.059986
0.604015 0.096706
0.603203 0.114734
0.579733 0.142234
0.611863 0.131662
0.623375 0.143736
0.610303 0.210256
0.579244 0.213606
0.536769 0.323350
0.530203 0.308232
0.552605 0.248821
0.557221 0.358434
0.723165 0.000224
0.658256 0.025931
0.638328 0.044703
0.640197 0.062991
0.629421 0.078814
0.593933 0.128976
0.630252 0.125080
0.629704 0.162753
0.620003 0.176346
0.583702 0.235407
0.644856 0.317203
0.571756 0.350682
0.605130 0.388913
0.494544 0.321666
0.739865 0.000652
0.673521 0.000248
0.671239 0.030287
0.653622 0.047646
0.656789 0.066959
0.644150 0.082857
0.620243 0.112150
0.640135 0.140743
0.622916 0.201635
0.615033 0.228987
0.617354 0.279860
0.617808 0.250449
0.568149 0.333576
0.667916 0.373945
0.670508 0.346898
0.748327 0.000734
0.684064 0.026559
0.668576 0.048018
0.672813 0.068885
0.660846 0.085065
0.636066 0.102650
0.645862 0.119050
0.642287 0.208360
0.632129 0.221583
0.605388 0.262044
0.588093 0.258827
0.543714 0.340335
0.624947 0.302759
0.683339 0.372443
0.756749 0.000997
0.698283 0.000241
0.698142 0.027443
0.683139 0.049939
0.674988 0.090102
0.652868 0.100905
0.656143 0.132464
0.645977 0.158152
0.634070 0.188034
0.658904 0.216313
0.576662 0.275751
0.603903 0.294844
0.566822 0.291386
0.683684 0.302797
0.702588 0.349961
0.765249 0.000135
0.712606 0.025879
0.697198 0.044862
0.687872 0.068495
0.664153 0.112291
0.672633 0.129974
0.660471 0.149054
0.653546 0.194746
0.632835 0.241462
0.644713 0.257654
0.609733 0.328437
0.595198 0.278566
0.784022 0.363020
0.622667 0.319638
0.773691 0.000370
0.731477 0.000453
0.726295 0.029710
0.699961 0.081592
0.678937 0.110836
0.686440 0.135736
0.674895 0.154213
0.645156 0.176557
0.648097 0.234009
0.581000 0.317153
0.662361 0.243315
0.649873 0.278339
0.662332 0.263724
0.663758 0.334494
0.650608 0.298106
0.790738 0.000881
0.728658 0.048280
0.713254 0.045203
0.689322 0.093546
0.693600 0.115305
0.691850 0.151804
0.661376 0.170506
0.668536 0.187526
0.629477 0.265754
0.690525 0.281088
0.696951 0.263892
0.583903 0.297671
0.671802 0.276891
0.601364 0.315717
0.799098 0.000614
0.740456 0.025601
0.704102 0.063697
0.718112 0.083406
0.711437 0.116966
0.703345 0.132453
0.711225 0.148581
0.679222 0.171036
0.672555 0.208435
0.685418 0.194622
0.635695 0.289419
0.680034 0.255498
0.698098 0.307185
0.750554 0.296063
0.663853 0.317456
0.807608 0.000697
0.752608 0.060381
0.736566 0.066122
0.706344 0.100127
0.730705 0.119622
0.723077 0.134403
0.729803 0.150809
0.694616 0.179851
0.716862 0.203241
0.723543 0.243081
0.706036 0.281411
0.669445 0.297308
0.719619 0.300199
0.649035 0.337435
0.824685 0.001025
0.782250 0.000137
0.743909 0.042807
0.720132 0.066380
0.735741 0.085691
0.723903 0.101768
0.746954 0.121499
0.701496 0.164638
0.700441 0.201892
0.673754 0.230679
0.689067 0.217802
0.738455 0.234045
0.735785 0.260601
0.755905 0.311881
0.767534 0.362769
0.833194 0.000456
0.756751 0.026171
0.760798 0.043318
0.752311 0.077184
0.756678 0.094704
0.741536 0.102328
0.722054 0.166041
0.740023 0.168825
0.712288 0.181365
0.736807 0.207067
0.705340 0.243267
0.725425 0.220657
0.752055 0.340998
0.734464 0.294353
0.841885 0.000036
0.816081 0.000223
0.772718 0.026597
0.770795 0.061525
0.769659 0.079328
0.773204 0.102147
0.761880 0.113866
0.760508 0.136095
0.743448 0.139615
0.690606 0.238224
0.708143 0.222249
0.714849 0.263629
0.766517 0.263227
0.822750 0.287926
0.775919 0.326946
0.859165 0.000488
0.788665 0.026965
0.778020 0.042385
0.786614 0.068410
0.784220 0.088327
0.800434 0.090462
0.774615 0.125885
0.765784 0.153160
0.727278 0.186171
0.743728 0.187863
0.754672 0.202631
0.750831 0.222892
0.729564 0.275238
0.753315 0.274281
0.867863 0.000769
0.850417 0.000088
0.813833 0.026790
0.801239 0.033050
0.791989 0.050780
0.808962 0.052568
0.789496 0.108831
0.788674 0.129083
0.781241 0.148734
0.750607 0.157692
0.758065 0.179413
0.767398 0.216275
0.764737 0.238272
0.750507 0.251912
0.768798 0.302238
0.885465 0.000802
0.851892 0.027928
0.833770 0.026511
0.823033 0.039358
0.802489 0.070468
0.817086 0.094473
0.806154 0.109657
0.797700 0.146774
0.791782 0.165491
0.771649 0.169857
0.769843 0.193918
0.782224 0.222318
0.788638 0.238683
0.788720 0.337566
0.894320 0.000304
0.876699 0.000922
0.869983 0.027072
0.841126 0.042237
0.828544 0.058204
0.817492 0.073437
0.834114 0.075848
0.826171 0.112008
0.805390 0.127972
0.823139 0.129468
0.785362 0.180472
0.784850 0.199791
0.836052 0.205700
0.815110 0.269311
0.800283 0.333540
0.903160 0.000895
0.903049 0.027697
0.860356 0.042604
0.864075 0.062793
0.847233 0.061180
0.851128 0.081404
0.833371 0.094941
0.839976 0.126193
0.847876 0.144234
0.800224 0.189148
0.814149 0.147126
0.796853 0.213187
0.804990 0.231156
0.777142 0.251432
0.912083 0.000366
0.920984 0.000486
0.913027 0.041146
0.887339 0.028565
0.877144 0.043748
0.870446 0.079269
0.884216 0.097182
0.847876 0.102501
0.854835 0.118217
0.830372 0.148096
0.862820 0.155759
0.808629 0.166068
0.810436 0.205255
0.826614 0.317288
0.805754 0.284021
0.929965 0.000269
0.922794 0.027497
0.896119 0.047207
0.883681 0.062526
0.907772 0.083178
0.864876 0.096246
0.872494 0.113449
0.862390 0.135583
0.880950 0.148853
0.826153 0.167939
0.839738 0.180625
0.854482 0.190484
0.825388 0.196204
0.791425 0.267676
0.938956 0.000759
0.942219 0.027145
0.934195 0.040341
0.905045 0.063667
0.889695 0.078356
0.902945 0.099474
0.880324 0.130735
0.899307 0.134199
0.899385 0.152146
0.844239 0.163160
0.877118 0.185667
0.860687 0.174629
0.816816 0.182376
0.819349 0.222471
0.791000 0.288328
0.948098 0.000678
0.942400 0.056100
0.922747 0.058905
0.924409 0.076205
0.935405 0.090755
0.892805 0.115441
0.916325 0.157910
0.894415 0.170163
0.893870 0.195209
0.916050 0.194166
0.952409 0.220450
0.867573 0.202990
0.849817 0.210457
0.786121 0.306462
0.957423 0.000220
0.958960 0.027471
0.958709 0.044100
0.944391 0.073541
0.956406 0.123191
0.920736 0.102219
0.911773 0.120066
0.878526 0.167663
0.937598 0.190816
0.907739 0.179306
0.935074 0.206495
0.860171 0.222639
0.952849 0.242792
0.832016 0.275522
0.888098 0.207345
0.966420 0.000672
0.973118 0.030183
0.962853 0.063707
0.943644 0.106886
0.960109 0.160761
0.942361 0.168621
0.935775 0.152647
0.936526 0.221747
0.930293 0.280286
0.909414 0.208506
0.965594 0.229005
0.856583 0.301947
0.817566 0.246592
0.874503 0.245231
0.975314 0.000042
0.999077 0.001912
0.973690 0.049229
0.974479 0.117559
0.931946 0.118719
0.937078 0.135460
0.957486 0.197581
0.975637 0.193777
0.975554 0.240382
0.921729 0.233100
0.974795 0.290477
0.904957 0.234781
0.816706 0.316177
0.830980 0.243635
0.801660 0.316886
0.984811 0.000067
0.973794 0.074091
0.957174 0.086226
0.972520 0.136439
0.956607 0.141747
0.918920 0.139200
0.965027 0.269767
0.917862 0.267700
0.999732 0.254840
0.946525 0.261275
0.885579 0.264124
0.976619 0.256493
0.848818 0.284595
0.773711 0.283907
0.999693 0.014558
0.999675 0.043603
0.974727 0.092722
0.963650 0.104035
0.999876 0.104981
0.999576 0.182292
0.999718 0.137325
0.999684 0.148483
0.998399 0.292840
0.998940 0.267808
0.979493 0.285217
0.895421 0.229766
0.906215 0.276443
0.999120 0.229434
0.843968 0.255013
0.999810 0.000258
0.999915 0.053448
0.999622 0.073437
0.999142 0.094413
0.999592 0.115641
0.974424 0.175401
0.975850 0.209920
0.932537 0.254802
0.999195 0.241707
0.999828 0.194126
1.000000 0.281036
0.877922 0.256374
0.802195 0.253064
0.851687 0.263887
0.999715 0.024670
0.999913 0.033986
0.999952 0.063397
0.998964 0.083795
0.975400 0.154017
0.999828 0.126381
0.999768 0.206072
0.926198 0.173405
0.999487 0.217736
0.999849 0.159772
0.999156 0.170865
0.857250 0.238677
0.940504 0.279005
0.839422 0.305300
0.849808 0.310618
