0.000677 0.025739
0.000480 0.062767
0.000799 0.091942
0.000623 0.122375
0.000346 0.132630
0.063815 0.277535
0.000892 0.175749
0.000579 0.187056
0.000415 0.297255
0.109901 0.292852
0.143119 0.350242
0.089237 0.258765
0.060122 0.262812
0.162427 0.289369
0.000647 0.016391
0.000874 0.043784
0.000250 0.072270
0.032733 0.061955
0.030412 0.213701
0.000065 0.198531
0.000498 0.164796
0.000933 0.269528
0.000801 0.233522
0.000492 0.245150
0.006534 0.306701
0.017550 0.306142
0.104917 0.298314
0.108249 0.258334
0.162586 0.265387
0.000409 0.000750
0.000070 0.053333
0.000740 0.082082
0.000706 0.101852
0.000895 0.111941
0.000987 0.210066
0.000217 0.153828
0.000001 0.282089
0.000395 0.221752
0.087724 0.293766
0.035001 0.295796
0.078256 0.281258
0.136960 0.282713
0.157413 0.330553
0.001513 0.001039
0.030323 0.033607
0.034224 0.044903
0.027876 0.099229
0.026873 0.178441
0.066171 0.186436
0.045436 0.168397
0.000205 0.257188
0.069148 0.240901
0.049630 0.233469
0.049592 0.254104
0.064200 0.304146
0.042335 0.295575
0.061938 0.307504
0.172723 0.313812
0.013298 0.000479
0.059558 0.044897
0.000727 0.034695
0.028794 0.078902
0.000513 0.143038
0.045479 0.206993
0.043522 0.188248
0.063737 0.203568
0.030361 0.248176
0.079802 0.212403
0.034709 0.265740
0.127554 0.228258
0.093058 0.248815
0.147614 0.345253
0.031130 0.000445
0.022631 0.000181
0.066402 0.072385
0.050765 0.061720
0.024846 0.196606
0.026306 0.136622
0.060903 0.151257
0.064204 0.169258
0.061154 0.223778
0.094215 0.204967
0.109319 0.190704
0.089944 0.232353
0.149554 0.287540
0.155930 0.315824
0.199442 0.316732
0.039523 0.000214
0.062403 0.030430
0.041820 0.080026
0.055372 0.116137
0.037776 0.149882
0.042487 0.130236
0.083321 0.168313
0.142178 0.179930
0.025837 0.228964
0.086340 0.189402
0.026230 0.277047
0.117551 0.242982
0.108189 0.222749
0.128646 0.282688
0.048085 0.000360
0.043088 0.030246
0.077465 0.031266
0.074644 0.056282
0.041919 0.104172
0.069823 0.099743
0.025742 0.160286
0.080883 0.147966
0.123764 0.173219
0.102856 0.174675
0.117352 0.207843
0.162270 0.223489
0.150262 0.236649
0.199715 0.271232
0.184617 0.317988
0.056773 0.000150
0.094752 0.028431
0.090083 0.044289
0.058651 0.089459
0.081142 0.083619
0.028373 0.117591
0.072999 0.118751
0.064969 0.134670
0.181586 0.193751
0.131209 0.194768
0.150900 0.203901
0.180518 0.233241
0.132034 0.254907
0.192715 0.248076
0.065369 0.000691
0.073938 0.000428
0.108504 0.030807
0.106860 0.054661
0.089183 0.065320
0.101825 0.077060
0.102223 0.114681
0.088553 0.103856
0.099092 0.155452
0.159980 0.186877
0.205781 0.226148
0.139798 0.216137
0.183077 0.265259
0.169609 0.250307
0.171487 0.345268
0.082466 0.000484
0.125835 0.026819
0.137383 0.041573
0.130768 0.062939
0.117144 0.070052
0.102415 0.093206
0.088707 0.129603
0.104197 0.137060
0.117760 0.154497
0.174740 0.175589
0.171015 0.208345
0.198941 0.201284
0.209905 0.249002
0.204773 0.334839
0.091066 0.001025
0.108230 0.000007
0.144192 0.026395
0.120082 0.043368
0.134755 0.083954
0.120980 0.093172
0.118667 0.111197
0.120614 0.131189
0.137505 0.140418
0.136542 0.158320
0.195324 0.180234
0.189831 0.218973
0.261150 0.281500
0.175198 0.285072
0.188624 0.368352
0.099667 0.000457
0.154950 0.042667
0.147453 0.060416
0.149759 0.077375
0.154864 0.097938
0.138164 0.103290
0.136938 0.121629
0.154933 0.137975
0.165986 0.152142
0.154381 0.164684
0.215104 0.200255
0.237853 0.253579
0.230514 0.272837
0.144579 0.249369
0.116909 0.000617
0.142669 0.000402
0.162571 0.026140
0.166367 0.062643
0.167150 0.080972
0.175501 0.096298
0.155660 0.117757
0.186232 0.139435
0.182874 0.158730
0.199416 0.159339
0.212837 0.179419
0.221206 0.221842
0.252947 0.258044
0.251364 0.302051
0.189550 0.290315
0.125388 0.000226
0.171445 0.044214
0.182381 0.067435
0.190042 0.084291
0.208425 0.084486
0.172561 0.111292
0.171989 0.130251
0.202451 0.137399
0.229917 0.178164
0.231152 0.201965
0.237022 0.228819
0.224364 0.245516
0.275418 0.325611
0.252153 0.324202
0.134177 0.000386
0.177129 0.001038
0.178823 0.028254
0.199339 0.066226
0.196098 0.101512
0.190564 0.118555
0.220224 0.138114
0.215090 0.159176
0.245909 0.208921
0.246136 0.165300
0.252962 0.233651
0.267801 0.265853
0.248487 0.345474
0.214206 0.275868
0.207166 0.295478
0.151353 0.000469
0.188042 0.048596
0.213762 0.061602
0.214056 0.102954
0.209334 0.120370
0.237424 0.138306
0.230719 0.157108
0.260695 0.175225
0.244651 0.187728
0.267193 0.240003
0.290617 0.287409
0.242822 0.284421
0.207093 0.353313
0.189818 0.375791
0.159950 0.001148
0.193444 0.027620
0.203698 0.042942
0.221231 0.043257
0.232452 0.100733
0.227970 0.119401
0.252447 0.146432
0.276499 0.177364
0.261795 0.195072
0.262316 0.215691
0.282452 0.261848
0.276053 0.292129
0.266945 0.311233
0.237282 0.311785
0.204535 0.379635
0.168589 0.000371
0.237371 0.043528
0.223919 0.082156
0.257692 0.079715
0.240363 0.081376
0.244916 0.119294
0.280818 0.198377
0.291909 0.183291
0.277625 0.219527
0.290128 0.309843
0.292673 0.329652
0.299495 0.343913
0.276733 0.352765
0.216580 0.377436
0.185695 0.001054
0.209831 0.026910
0.254098 0.042867
0.230242 0.063250
0.270662 0.093341
0.250060 0.098417
0.266865 0.156664
0.300632 0.169463
0.283857 0.240505
0.320744 0.289156
0.314243 0.254359
0.263799 0.347578
0.302063 0.390162
0.249131 0.379279
0.229654 0.380297
0.194233 0.000657
0.227100 0.026597
0.271408 0.042320
0.276553 0.076096
0.261913 0.110881
0.260131 0.130584
0.285184 0.157315
0.307477 0.214301
0.298780 0.266574
0.305765 0.285675
0.309204 0.308819
0.316751 0.364892
0.226218 0.296585
0.215070 0.319416
0.202718 0.000429
0.253718 0.000369
0.244287 0.026778
0.247532 0.062105
0.284115 0.104081
0.277472 0.120134
0.276109 0.140204
0.294283 0.139714
0.323691 0.201000
0.291785 0.215525
0.336204 0.321854
0.315656 0.322979
0.315632 0.345088
0.263533 0.392417
0.232112 0.349054
0.211262 0.000531
0.261273 0.026864
0.288565 0.041651
0.291791 0.082339
0.299394 0.099817
0.295875 0.123671
0.318714 0.166217
0.304023 0.195864
0.326522 0.219159
0.310490 0.232205
0.352690 0.324109
0.336624 0.366945
0.331136 0.393183
0.226095 0.334931
0.219709 0.001182
0.287406 0.000974
0.278859 0.026318
0.264541 0.060866
0.308420 0.079723
0.310948 0.113792
0.306818 0.151872
0.326974 0.147604
0.318982 0.183210
0.364792 0.215809
0.338875 0.252898
0.299081 0.245338
0.349077 0.371245
0.365618 0.353661
0.292951 0.372006
0.228212 0.000667
0.296147 0.026361
0.300345 0.063076
0.283281 0.060181
0.327843 0.115625
0.314185 0.133043
0.334386 0.133000
0.337548 0.175552
0.339971 0.192277
0.370231 0.255475
0.332567 0.303327
0.354033 0.277448
0.242232 0.364067
0.317789 0.383898
0.236807 0.000472
0.312478 0.000201
0.304536 0.045353
0.328617 0.079558
0.317250 0.095126
0.344926 0.114228
0.364076 0.118340
0.340689 0.158713
0.348872 0.206560
0.370199 0.159955
0.343559 0.223001
0.329057 0.239394
0.325288 0.267159
0.281934 0.365318
0.340931 0.401773
0.245214 0.000743
0.311909 0.027949
0.338858 0.066027
0.335377 0.097824
0.347316 0.083399
0.356400 0.100109
0.369924 0.139167
0.357153 0.172571
0.376011 0.180445
0.360343 0.191340
0.337417 0.282043
0.371513 0.327924
0.254709 0.392316
0.331067 0.343553
0.262137 0.000044
0.337304 0.001042
0.318384 0.063648
0.356230 0.064363
0.364761 0.083753
0.374659 0.100874
0.380233 0.120721
0.352425 0.132911
0.354112 0.150301
0.376451 0.199727
0.382393 0.221061
0.367642 0.291536
0.390429 0.256647
0.462152 0.386556
0.376064 0.273349
0.270586 0.000396
0.321227 0.043698
0.335814 0.050142
0.391089 0.067009
0.382431 0.083641
0.391276 0.102994
0.404514 0.159951
0.386477 0.140575
0.386236 0.160860
0.393560 0.177641
0.353119 0.236677
0.383366 0.393790
0.751811 0.330801
0.291542 0.398280
0.278960 0.001161
0.362084 0.000690
0.371598 0.066689
0.351879 0.045864
0.380959 0.053445
0.407486 0.103895
0.396332 0.122526
0.429877 0.119277
0.426900 0.154496
0.407731 0.186719
0.392706 0.200166
0.399856 0.220587
0.389701 0.238881
0.370123 0.235898
0.400168 0.392529
0.295779 0.000165
0.326991 0.026167
0.354192 0.026350
0.397683 0.044079
0.399626 0.085150
0.413182 0.121654
0.402943 0.142740
0.417842 0.170956
0.436848 0.170749
0.411296 0.205140
0.409395 0.237485
0.436861 0.252976
0.280303 0.394622
0.396234 0.376518
0.304099 0.000038
0.340450 0.029742
0.382694 0.035107
0.405386 0.062628
0.422814 0.100597
0.456718 0.100592
0.437453 0.136278
0.419284 0.139672
0.447959 0.118261
0.421185 0.219460
0.461276 0.222911
0.441320 0.224848
0.421869 0.268002
0.398137 0.271466
0.354018 0.260655
0.320712 0.000124
0.366480 0.041580
0.393018 0.024630
0.414359 0.045918
0.429796 0.042808
0.431618 0.082609
0.466075 0.118949
0.464759 0.151258
0.443041 0.188356
0.425862 0.190707
0.435780 0.206782
0.413792 0.301332
0.367983 0.395699
0.351212 0.303036
0.329093 0.000121
0.403343 0.000077
0.370427 0.025088
0.408128 0.027983
0.414594 0.082451
0.447803 0.084062
0.439321 0.101311
0.455882 0.134714
0.445868 0.152511
0.454407 0.206953
0.473948 0.168312
0.387596 0.291935
0.406872 0.286318
0.367203 0.380066
0.416847 0.393534
0.345559 0.000147
0.444763 0.046548
0.420806 0.064623
0.451797 0.066121
0.479653 0.086732
0.484064 0.119530
0.459673 0.187528
0.455611 0.168979
0.472796 0.345255
0.411831 0.254848
0.428105 0.238378
0.441212 0.270392
0.403832 0.362218
0.351842 0.400165
0.353788 0.000918
0.411527 0.000154
0.477004 0.000769
0.452047 0.026454
0.422229 0.025901
0.495574 0.085052
0.473641 0.102330
0.493092 0.103780
0.476127 0.185877
0.475159 0.136074
0.429935 0.344945
0.458538 0.262219
0.370998 0.309430
0.400678 0.323238
0.460348 0.300180
0.370356 0.000742
0.460609 0.001039
0.437291 0.026398
0.435886 0.063337
0.510752 0.141354
0.531849 0.148017
0.494091 0.136152
0.492189 0.173766
0.474056 0.205739
0.390934 0.309624
0.349902 0.345942
0.638590 0.373836
0.514659 0.391029
0.414671 0.334714
0.378619 0.000068
0.452424 0.000109
0.485135 0.000377
0.489948 0.049970
0.520935 0.042867
0.540979 0.188106
0.522240 0.189874
0.517606 0.159376
0.572052 0.258880
0.422454 0.361175
0.544751 0.379135
0.957234 0.182671
0.511381 0.301048
0.432802 0.375902
0.382617 0.337168
0.419737 0.000296
0.468828 0.000069
0.593959 0.045309
0.464322 0.080429
0.465868 0.058689
0.514348 0.217443
0.508210 0.178333
0.484432 0.153219
0.500674 0.250891
0.451674 0.240856
0.491344 0.392943
0.397954 0.345950
0.458128 0.369676
0.378807 0.361769
0.395094 0.000960
0.436061 0.000877
0.509682 0.000028
0.467849 0.025331
0.592176 0.204674
0.511023 0.079298
0.589386 0.342825
0.491668 0.193511
0.436793 0.327903
0.477997 0.226234
0.889797 0.258496
0.615137 0.350002
0.651742 0.370465
0.424872 0.389538
0.596313 0.384269
0.534209 0.000707
0.501470 0.000052
0.427914 0.000904
0.166832 0.351747
0.478796 0.067563
0.502511 0.120648
0.426892 0.287915
0.560318 0.321659
0.494482 0.269731
0.662610 0.370792
0.836757 0.234740
0.495351 0.344364
0.720574 0.325426
0.475884 0.365570
0.599650 0.000432
0.550580 0.000789
0.386861 0.000561
0.493290 0.000171
0.527859 0.027733
0.476568 0.042137
0.510054 0.098772
0.542494 0.163314
0.486422 0.241903
0.802346 0.382258
0.421974 0.316191
0.458661 0.391123
0.489409 0.381396
0.446286 0.358183
0.531471 0.389258
0.591498 0.000378
0.517897 0.000687
0.444238 0.000858
0.496987 0.026939
0.459426 0.041411
0.874094 0.227123
0.688393 0.326851
0.576606 0.381669
0.690483 0.368621
0.516507 0.355518
0.763289 0.348279
0.503356 0.397401
0.496021 0.359242
0.520497 0.282102
0.616112 0.000821
0.566987 0.000648
0.504157 0.041856
0.526054 0.000413
0.495309 0.066601
0.510676 0.060005
0.525782 0.064423
0.500763 0.157051
0.528241 0.172678
0.491798 0.212568
0.477920 0.263321
0.439539 0.307400
0.479921 0.285791
0.455466 0.319449
0.537367 0.358410
0.632603 0.001014
0.542392 0.000468
0.542244 0.025965
0.512572 0.025700
0.483214 0.027205
0.526044 0.085437
0.544157 0.135261
0.554074 0.149172
0.555021 0.175027
0.507913 0.200318
0.452886 0.342395
0.515363 0.264582
0.476533 0.311009
0.518871 0.374154
0.640855 0.000532
0.558790 0.000225
0.574408 0.029849
0.562826 0.048250
0.550293 0.038199
0.524218 0.131297
0.557652 0.121158
0.567493 0.159683
0.546347 0.212566
0.501656 0.229183
0.536579 0.270116
0.560023 0.382359
0.463643 0.280992
0.491594 0.304513
0.727085 0.337721
0.657317 0.000009
0.601904 0.031175
0.588012 0.025621
0.560577 0.025327
0.535866 0.048698
0.539720 0.072313
0.517517 0.115605
0.538222 0.118706
0.555880 0.196003
0.530882 0.227501
0.551560 0.310682
0.517924 0.240599
0.499714 0.286003
0.445687 0.288629
0.665568 0.000392
0.575153 0.000476
0.614161 0.025394
0.550082 0.059822
0.569567 0.066461
0.558081 0.077669
0.529391 0.102343
0.550462 0.105311
0.566497 0.134532
0.561858 0.219323
0.546303 0.236143
0.531935 0.251942
0.628744 0.364184
0.610904 0.383977
0.589586 0.369582
0.681988 0.000863
0.583272 0.000997
0.607844 0.000871
0.578579 0.047363
0.543831 0.089959
0.579450 0.083685
0.572169 0.107504
0.572622 0.199099
0.589116 0.185720
0.565332 0.236988
0.529987 0.206199
0.518877 0.338668
0.509903 0.320625
0.471115 0.328972
0.690238 0.000966
0.624389 0.000083
0.632216 0.025295
0.613295 0.077609
0.585419 0.065040
0.564582 0.093202
0.580488 0.122333
0.571537 0.180161
0.596682 0.148372
0.610716 0.157890
0.533938 0.296940
0.607415 0.193441
0.548555 0.287694
0.558921 0.273062
0.642651 0.347329
0.706862 0.000245
0.623482 0.039133
0.620697 0.094644
0.611514 0.050283
0.601915 0.064494
0.595880 0.082531
0.587166 0.102198
0.585105 0.164778
0.596040 0.225512
0.601821 0.172346
0.600533 0.247998
0.745725 0.341075
0.468238 0.245531
0.709420 0.359651
0.715243 0.000822
0.649100 0.000382
0.646843 0.028942
0.623916 0.061612
0.603728 0.098002
0.602746 0.115822
0.578800 0.146229
0.611592 0.132466
0.623182 0.146634
0.610817 0.215871
0.579462 0.218534
0.537166 0.330981
0.529002 0.315081
0.552437 0.255116
0.559349 0.363614
0.723498 0.000838
0.660907 0.025787
0.638994 0.045712
0.640774 0.063125
0.630376 0.079790
0.593362 0.130524
0.629536 0.127119
0.629046 0.166153
0.619236 0.180556
0.583513 0.242323
0.647170 0.328125
0.577723 0.357920
0.614080 0.387884
0.491851 0.326430
0.740239 0.000634
0.673723 0.000586
0.673474 0.031514
0.655540 0.047077
0.656483 0.066376
0.644371 0.085059
0.619899 0.112562
0.639709 0.143260
0.624304 0.206718
0.613711 0.236329
0.618988 0.287935
0.619285 0.257418
0.570660 0.338588
0.685685 0.381714
0.686747 0.355082
0.748639 0.000622
0.686073 0.027694
0.670478 0.049239
0.673480 0.070461
0.661447 0.084360
0.636380 0.104117
0.645343 0.119889
0.643128 0.215922
0.631375 0.228233
0.606397 0.271380
0.588796 0.265367
0.544843 0.345879
0.628312 0.312551
0.701309 0.377534
0.757139 0.000780
0.698517 0.000729
0.700253 0.028323
0.685843 0.052653
0.675387 0.090555
0.653998 0.100875
0.655578 0.134025
0.645571 0.161803
0.633986 0.193492
0.659193 0.225455
0.577081 0.283472
0.606521 0.302637
0.568908 0.299605
0.688244 0.312217
0.723095 0.355575
0.765505 0.000205
0.715758 0.026211
0.699685 0.044558
0.689314 0.069842
0.663506 0.113939
0.672714 0.130884
0.659646 0.151381
0.653817 0.201954
0.633902 0.248754
0.645459 0.265741
0.614740 0.337771
0.597077 0.289754
0.793401 0.379807
0.628149 0.329179
0.774051 0.000237
0.731840 0.000145
0.729938 0.030401
0.700985 0.082702
0.679397 0.110821
0.686434 0.136514
0.674284 0.156358
0.644626 0.181737
0.649466 0.241252
0.584201 0.325196
0.664217 0.252699
0.652822 0.288680
0.663828 0.271697
0.678125 0.346269
0.653762 0.308632
0.791060 0.000169
0.731574 0.050427
0.715810 0.045083
0.689940 0.095757
0.694311 0.117615
0.691314 0.154982
0.661085 0.175401
0.668863 0.193151
0.631613 0.275760
0.692494 0.291765
0.697998 0.273336
0.584537 0.305531
0.674608 0.286275
0.603018 0.324372
0.799547 0.000318
0.744260 0.026242
0.705366 0.064310
0.719589 0.084345
0.712868 0.119104
0.703699 0.134791
0.711688 0.152426
0.679173 0.174892
0.672373 0.215925
0.684756 0.201712
0.636879 0.298472
0.681556 0.264641
0.703648 0.321729
0.752404 0.300753
0.669576 0.330256
0.807964 0.000000
0.755534 0.061980
0.737705 0.067741
0.706676 0.100801
0.730901 0.122321
0.723309 0.137896
0.730936 0.154723
0.693754 0.185989
0.717187 0.211620
0.723058 0.253927
0.709959 0.291547
0.669632 0.306328
0.721144 0.307659
0.658517 0.347599
0.825114 0.000168
0.782541 0.000459
0.746326 0.043693
0.721234 0.067037
0.737290 0.086830
0.724257 0.103034
0.748350 0.123132
0.701694 0.168591
0.700845 0.209639
0.675666 0.239612
0.690180 0.225909
0.738929 0.244408
0.736580 0.268295
0.765250 0.326034
0.787163 0.378741
0.833713 0.000326
0.760107 0.027662
0.763008 0.044914
0.753611 0.079146
0.757276 0.096286
0.741588 0.104804
0.721224 0.171800
0.740103 0.174650
0.711391 0.189550
0.736540 0.216005
0.706603 0.252484
0.725182 0.231130
0.767562 0.358591
0.738503 0.301778
0.842337 0.000541
0.816492 0.001117
0.775625 0.026922
0.773723 0.061555
0.771384 0.080241
0.774949 0.103675
0.762223 0.115501
0.761828 0.139311
0.743674 0.141858
0.691192 0.246816
0.708425 0.232283
0.716673 0.275663
0.767558 0.277311
0.821885 0.301287
0.782360 0.349068
0.859758 0.000037
0.791375 0.026721
0.780854 0.042897
0.788590 0.069234
0.784656 0.089490
0.800920 0.091745
0.774483 0.127126
0.765906 0.156642
0.728141 0.192474
0.743791 0.195239
0.754684 0.209205
0.750471 0.232563
0.731109 0.286234
0.754030 0.283834
0.868454 0.000708
0.851093 0.000048
0.816841 0.025894
0.803835 0.032550
0.795577 0.051729
0.811890 0.052116
0.791492 0.110777
0.789331 0.130219
0.781868 0.150024
0.750534 0.161051
0.759001 0.183840
0.766067 0.223300
0.764374 0.245565
0.752314 0.261459
0.778342 0.313885
0.885990 0.000724
0.853285 0.026540
0.836330 0.025741
0.824443 0.039419
0.804143 0.071462
0.817823 0.094555
0.808784 0.110727
0.798698 0.148967
0.790974 0.167932
0.772799 0.172204
0.770449 0.198628
0.780741 0.231988
0.786961 0.247609
0.795137 0.363266
0.894798 0.000889
0.877214 0.000256
0.870994 0.027203
0.842791 0.042066
0.830248 0.058645
0.818540 0.074398
0.835477 0.076298
0.827625 0.113652
0.806051 0.128505
0.823421 0.130974
0.785521 0.186174
0.784514 0.207959
0.834357 0.210815
0.813712 0.281983
0.806990 0.354523
0.903775 0.000501
0.903521 0.027885
0.860794 0.043195
0.864529 0.063766
0.848176 0.061073
0.851783 0.082069
0.834921 0.095505
0.840485 0.128146
0.847998 0.143491
0.800325 0.192886
0.814177 0.149054
0.796789 0.220475
0.804226 0.240397
0.775484 0.263125
0.912582 0.000780
0.921520 0.000642
0.913759 0.041683
0.888230 0.028261
0.877532 0.043476
0.870523 0.079449
0.884455 0.097394
0.848012 0.103945
0.855358 0.118825
0.831803 0.149937
0.862481 0.155980
0.808086 0.168341
0.810652 0.210828
0.824482 0.339482
0.807384 0.301216
0.930425 0.000894
0.922575 0.027133
0.896235 0.047401
0.883561 0.062635
0.907650 0.082846
0.865611 0.098087
0.873602 0.114282
0.864331 0.136082
0.881761 0.149809
0.826339 0.167395
0.837780 0.183515
0.853960 0.192194
0.825614 0.197888
0.790160 0.281307
0.939476 0.000566
0.941852 0.028227
0.933463 0.041146
0.903909 0.064397
0.888944 0.079960
0.903657 0.100630
0.880593 0.132125
0.899973 0.134732
0.899695 0.153490
0.845088 0.165233
0.877868 0.188771
0.859485 0.176488
0.815192 0.185017
0.819797 0.227361
0.794055 0.304226
0.948654 0.000472
0.940882 0.058353
0.921443 0.060126
0.924357 0.078165
0.935359 0.092975
0.892814 0.116343
0.916455 0.159031
0.893707 0.171354
0.894593 0.198069
0.916724 0.199268
0.951683 0.224491
0.865750 0.204777
0.848551 0.215803
0.787170 0.322323
0.957744 0.000465
0.959110 0.027948
0.957004 0.045246
0.943780 0.074423
0.955652 0.124249
0.920875 0.103245
0.911634 0.120740
0.876380 0.170051
0.937909 0.193137
0.908608 0.179745
0.932532 0.210430
0.858864 0.229171
0.947703 0.245894
0.836762 0.289272
0.885266 0.210994
0.966777 0.001150
0.972048 0.031365
0.962968 0.065680
0.943087 0.108873
0.960396 0.162912
0.941111 0.170653
0.937100 0.154300
0.932078 0.227526
0.918625 0.275839
0.907514 0.216160
0.965135 0.230248
0.855506 0.317546
0.813133 0.257938
0.869046 0.250152
0.975569 0.000265
0.998705 0.000512
0.972585 0.050691
0.974148 0.119876
0.931396 0.121191
0.937084 0.137253
0.957566 0.201460
0.975430 0.195575
0.975183 0.242616
0.918472 0.234889
0.969042 0.286220
0.903365 0.236451
0.818406 0.338572
0.829158 0.251132
0.799083 0.337980
0.985010 0.000426
0.972947 0.075811
0.956226 0.087902
0.972604 0.137901
0.955660 0.143471
0.918483 0.140287
0.960559 0.268442
0.904852 0.270019
0.999532 0.254053
0.940147 0.260582
0.878247 0.275125
0.973277 0.258305
0.841691 0.300508
0.776899 0.292756
0.999504 0.015170
0.999629 0.043759
0.973461 0.094530
0.963566 0.107118
0.999303 0.104839
0.999271 0.181919
0.999863 0.136893
0.998955 0.147965
0.995357 0.286909
0.999920 0.267947
0.975329 0.279175
0.891066 0.234064
0.896346 0.279074
0.998909 0.229516
0.840404 0.267025
0.999373 0.000143
0.999976 0.053746
0.999377 0.073581
0.999550 0.094328
0.999828 0.115343
0.975443 0.175369
0.975422 0.211828
0.927568 0.252788
0.999158 0.241585
0.999594 0.193887
0.999732 0.282651
0.868411 0.262271
0.800037 0.265395
0.848854 0.277878
0.999789 0.025152
0.999537 0.034377
0.999717 0.063568
0.999962 0.083876
0.975581 0.154827
0.999904 0.126012
0.998828 0.206115
0.923970 0.177609
0.999909 0.217947
0.999369 0.159227
0.999820 0.170488
0.849884 0.248283
0.927559 0.276242
0.837897 0.322233
0.850547 0.324006
