0.000392 0.025764
0.000419 0.062740
0.000683 0.091878
0.000524 0.122323
0.000296 0.132605
0.064776 0.277456
0.000817 0.175731
0.000297 0.187030
0.000463 0.297266
0.110881 0.293841
0.142897 0.351683
0.090202 0.259099
0.060477 0.263180
0.163269 0.290797
0.000558 0.016410
0.000864 0.043783
0.000219 0.072242
0.032806 0.061957
0.030486 0.213719
0.000507 0.198531
0.000473 0.164772
0.000949 0.269453
0.000813 0.233613
0.000513 0.245249
0.006994 0.305785
0.018143 0.306402
0.106109 0.298490
0.108917 0.258479
0.163042 0.265921
0.000636 0.000366
0.000265 0.053320
0.000656 0.082025
0.000398 0.101766
0.000761 0.111896
0.000832 0.210120
0.000226 0.153803
0.000250 0.282042
0.000117 0.221873
0.088114 0.294546
0.035159 0.295611
0.079071 0.281669
0.137854 0.283824
0.158028 0.332194
0.001462 0.001006
0.030339 0.033499
0.033917 0.044787
0.027739 0.098925
0.027063 0.178440
0.066345 0.186467
0.045388 0.168441
0.000146 0.257226
0.069348 0.241381
0.050054 0.233437
0.050137 0.254641
0.065779 0.303629
0.043858 0.294517
0.062353 0.306919
0.172794 0.315348
0.013300 0.000242
0.059368 0.044859
0.000648 0.034683
0.028671 0.078553
0.000550 0.143019
0.045698 0.207149
0.043621 0.188134
0.063907 0.203823
0.030447 0.248260
0.080176 0.212348
0.035503 0.266106
0.128124 0.228486
0.093618 0.249763
0.148130 0.346928
0.031131 0.000438
0.022636 0.000084
0.066249 0.072109
0.050809 0.061272
0.025208 0.196680
0.026272 0.136366
0.060897 0.151206
0.064259 0.169217
0.061679 0.223980
0.094215 0.205327
0.109406 0.190838
0.090181 0.232258
0.150242 0.289176
0.156468 0.317004
0.199489 0.318080
0.039525 0.000143
0.062185 0.030382
0.041952 0.079869
0.055405 0.115948
0.038004 0.149908
0.042300 0.130105
0.083455 0.168497
0.142236 0.180247
0.025807 0.229068
0.086370 0.189457
0.026357 0.277457
0.117973 0.243723
0.108757 0.222807
0.129445 0.283272
0.048074 0.000244
0.043057 0.030054
0.077392 0.030887
0.074576 0.055990
0.041862 0.103950
0.069751 0.099575
0.025916 0.160076
0.080820 0.148062
0.123846 0.173530
0.102993 0.174874
0.117513 0.207912
0.162654 0.224004
0.150740 0.237156
0.199777 0.272269
0.184893 0.319802
0.056757 0.000480
0.094582 0.028234
0.089839 0.044134
0.058556 0.089256
0.080983 0.083472
0.028485 0.117220
0.073015 0.118741
0.064919 0.134693
0.181752 0.194159
0.131422 0.195049
0.151085 0.204304
0.180674 0.233800
0.132463 0.254775
0.192882 0.248859
0.065333 0.000547
0.073908 0.000378
0.108219 0.030684
0.106629 0.054632
0.088968 0.065078
0.101675 0.076954
0.102125 0.114685
0.088562 0.103788
0.099034 0.155582
0.160058 0.187314
0.205686 0.226997
0.140176 0.216518
0.183347 0.265975
0.169781 0.250910
0.171345 0.346853
0.082394 0.000012
0.125523 0.026717
0.137128 0.041489
0.130492 0.062577
0.116970 0.069980
0.102241 0.093078
0.088583 0.129625
0.104222 0.137201
0.117668 0.154630
0.174614 0.175891
0.171123 0.208796
0.198867 0.201870
0.209781 0.249715
0.204613 0.336507
0.091015 0.000816
0.108221 0.000295
0.143748 0.026358
0.119752 0.043266
0.134529 0.083803
0.120851 0.092984
0.118538 0.111136
0.120582 0.131247
0.137351 0.140645
0.136573 0.158515
0.195250 0.180684
0.189812 0.219555
0.261053 0.282442
0.175828 0.286125
0.188483 0.370238
0.099633 0.000179
0.154606 0.042664
0.147206 0.060479
0.149533 0.077344
0.154700 0.097943
0.138054 0.103302
0.136870 0.121692
0.154859 0.138256
0.165958 0.152299
0.154382 0.165119
0.215080 0.200737
0.237672 0.254540
0.230357 0.273620
0.145050 0.250274
0.116851 0.000448
0.142641 0.000303
0.162106 0.026050
0.166042 0.062563
0.166945 0.081064
0.175356 0.096460
0.155481 0.117821
0.186157 0.139678
0.182781 0.158973
0.199355 0.159685
0.212763 0.179891
0.221081 0.222506
0.252732 0.259045
0.250996 0.303233
0.189706 0.291266
0.125366 0.000146
0.171141 0.044139
0.182035 0.067521
0.189688 0.084259
0.208146 0.084575
0.172463 0.111435
0.171888 0.130348
0.202391 0.137686
0.229826 0.178598
0.231073 0.202473
0.236970 0.229495
0.224227 0.246327
0.274867 0.327036
0.251706 0.325387
0.134131 0.000276
0.177102 0.000974
0.178406 0.028280
0.199026 0.066324
0.195951 0.101529
0.190574 0.118753
0.220177 0.138413
0.215102 0.159586
0.245813 0.209608
0.246151 0.165795
0.252877 0.234532
0.267635 0.266897
0.247775 0.346710
0.214173 0.277000
0.207097 0.296678
0.151318 0.000435
0.187663 0.048632
0.213433 0.061575
0.213761 0.103082
0.209202 0.120578
0.237400 0.138525
0.230798 0.157445
0.260631 0.175745
0.244714 0.188320
0.267016 0.241076
0.290348 0.288486
0.242522 0.285578
0.206738 0.354682
0.189576 0.377790
0.159912 0.001024
0.193008 0.027688
0.203359 0.042977
0.220857 0.043380
0.232189 0.100844
0.227773 0.119640
0.252366 0.146838
0.276384 0.177919
0.261771 0.195759
0.262209 0.216439
0.282384 0.262747
0.275898 0.293233
0.266648 0.312439
0.237129 0.313030
0.203808 0.381467
0.168559 0.000244
0.237037 0.043705
0.223614 0.082230
0.257361 0.079980
0.239986 0.081555
0.244727 0.119462
0.280672 0.199020
0.291756 0.183840
0.277505 0.220425
0.289760 0.310961
0.292360 0.330588
0.298966 0.345121
0.276238 0.354134
0.215980 0.379148
0.185659 0.000842
0.209439 0.026899
0.253780 0.043047
0.230007 0.063390
0.270454 0.093510
0.249822 0.098551
0.266785 0.157116
0.300395 0.169940
0.283702 0.241257
0.320452 0.290015
0.314050 0.255130
0.263247 0.348828
0.301244 0.391328
0.248454 0.380827
0.229072 0.381974
0.194209 0.000522
0.226752 0.026736
0.271069 0.042535
0.276288 0.076313
0.261585 0.111044
0.259903 0.130861
0.285018 0.157613
0.307364 0.214845
0.298774 0.267409
0.305509 0.286704
0.308862 0.309794
0.316128 0.366126
0.226121 0.297658
0.215058 0.320414
0.202685 0.000593
0.253678 0.000081
0.243942 0.026906
0.247281 0.062284
0.283810 0.104397
0.277125 0.120401
0.275986 0.140541
0.294146 0.140151
0.323511 0.201432
0.291566 0.216254
0.335799 0.322717
0.315055 0.324090
0.315169 0.345981
0.262718 0.393770
0.231295 0.350921
0.211239 0.000441
0.260923 0.027003
0.288173 0.041692
0.291595 0.082608
0.299089 0.100123
0.295600 0.123955
0.318605 0.166760
0.303666 0.196710
0.326245 0.219711
0.310179 0.232884
0.352206 0.324995
0.335819 0.367944
0.330352 0.394172
0.225552 0.336298
0.219683 0.001024
0.287377 0.000948
0.278365 0.026397
0.264328 0.061175
0.308221 0.079921
0.310722 0.113935
0.306611 0.152478
0.326716 0.147899
0.318609 0.183741
0.364500 0.216425
0.338473 0.253789
0.298920 0.246354
0.348378 0.372162
0.365146 0.354496
0.292235 0.373308
0.228183 0.000176
0.295791 0.026408
0.300095 0.063266
0.283105 0.060376
0.327642 0.116034
0.313818 0.133433
0.334111 0.133369
0.337385 0.176014
0.339693 0.192693
0.369939 0.256072
0.332218 0.304364
0.353697 0.278189
0.241541 0.365316
0.317162 0.384915
0.236774 0.000014
0.312445 0.000674
0.304158 0.045471
0.328395 0.079794
0.317171 0.095338
0.344771 0.114650
0.363877 0.118618
0.340496 0.159175
0.348532 0.207163
0.370051 0.160215
0.343296 0.223674
0.328820 0.239957
0.325040 0.267944
0.281267 0.366752
0.340384 0.402639
0.245169 0.000335
0.311554 0.027951
0.338642 0.066174
0.335303 0.098160
0.347133 0.083431
0.356119 0.100277
0.369742 0.139482
0.357013 0.172984
0.375748 0.181002
0.360029 0.191865
0.337123 0.283018
0.370940 0.328752
0.253881 0.393853
0.330522 0.344443
0.262114 0.000869
0.337282 0.000974
0.318125 0.063725
0.355981 0.064354
0.364662 0.084025
0.374451 0.101067
0.380078 0.121098
0.352214 0.133276
0.353923 0.150714
0.376090 0.200407
0.382164 0.221625
0.367372 0.292422
0.389951 0.257342
0.461857 0.386979
0.375692 0.274142
0.270542 0.000078
0.320875 0.043750
0.335530 0.050313
0.390958 0.067300
0.382241 0.083963
0.391122 0.103273
0.404426 0.160255
0.386346 0.140880
0.386004 0.161237
0.393302 0.177962
0.352672 0.237456
0.382763 0.394653
0.752570 0.331944
0.290834 0.399444
0.278933 0.001160
0.362052 0.000273
0.371338 0.066919
0.351644 0.045957
0.380713 0.053619
0.407396 0.104163
0.396238 0.122904
0.429841 0.119446
0.426734 0.154946
0.407452 0.187093
0.392463 0.200461
0.399575 0.221056
0.389500 0.239460
0.369774 0.236528
0.399755 0.393227
0.295745 0.000724
0.326667 0.026169
0.353900 0.026463
0.397449 0.044143
0.399423 0.085382
0.413069 0.121945
0.402869 0.143070
0.417653 0.171335
0.436708 0.171062
0.411154 0.205525
0.409016 0.238028
0.436529 0.253577
0.279463 0.395971
0.395671 0.377105
0.304082 0.000623
0.340098 0.029861
0.382484 0.035189
0.405184 0.062690
0.422716 0.100776
0.456672 0.100706
0.437339 0.136566
0.419263 0.139873
0.447901 0.118487
0.420994 0.219969
0.461074 0.223278
0.441047 0.225332
0.421527 0.268720
0.397691 0.272163
0.353773 0.261471
0.320682 0.001045
0.366311 0.041714
0.392789 0.024752
0.414194 0.045963
0.429684 0.042766
0.431479 0.082788
0.465926 0.119159
0.464590 0.151469
0.442915 0.188755
0.425677 0.191176
0.435516 0.207218
0.413226 0.302078
0.367405 0.396409
0.350838 0.303849
0.329071 0.000191
0.403333 0.000164
0.370214 0.025210
0.407888 0.028042
0.414490 0.082586
0.447724 0.084136
0.439276 0.101498
0.455720 0.135091
0.445638 0.152872
0.454201 0.207421
0.473743 0.168588
0.387287 0.292630
0.406432 0.287064
0.366598 0.380998
0.416338 0.394010
0.345535 0.000951
0.444668 0.046651
0.420653 0.064696
0.451743 0.066217
0.479585 0.086857
0.483902 0.119709
0.459455 0.187974
0.455444 0.169319
0.472631 0.345768
0.411580 0.255570
0.427726 0.238890
0.440783 0.270917
0.403320 0.363011
0.351365 0.400959
0.353774 0.000714
0.411510 0.000448
0.477007 0.000391
0.451978 0.026567
0.422040 0.025966
0.495520 0.085162
0.473617 0.102456
0.493087 0.103902
0.475904 0.186186
0.474982 0.136353
0.429656 0.345643
0.458178 0.262772
0.370614 0.310299
0.400268 0.324029
0.460036 0.300786
0.370324 0.000181
0.460610 0.001089
0.437193 0.026406
0.435768 0.063365
0.510654 0.141703
0.531711 0.148169
0.493934 0.136395
0.491971 0.174070
0.473869 0.206083
0.390455 0.310367
0.349369 0.346886
0.639859 0.373780
0.514615 0.391040
0.414105 0.335349
0.378604 0.000939
0.452426 0.000295
0.485146 0.000605
0.489928 0.050205
0.520959 0.042970
0.540793 0.188508
0.522092 0.190263
0.517486 0.159574
0.572145 0.259733
0.422057 0.361917
0.545248 0.378757
0.957173 0.182907
0.511241 0.301737
0.432491 0.376598
0.381979 0.337926
0.419718 0.000137
0.468826 0.000367
0.594116 0.045280
0.464280 0.080520
0.465820 0.058653
0.514164 0.217846
0.508064 0.178669
0.484285 0.153435
0.500575 0.251421
0.451305 0.241444
0.491461 0.393321
0.397389 0.346607
0.457768 0.370263
0.378397 0.362566
0.395081 0.000953
0.436057 0.000706
0.509688 0.000456
0.467897 0.025392
0.592141 0.205346
0.511061 0.079506
0.590044 0.343306
0.491581 0.193756
0.436487 0.328509
0.477828 0.226681
0.888800 0.257358
0.615742 0.350385
0.653272 0.371470
0.424506 0.389941
0.597028 0.384129
0.534214 0.000396
0.501476 0.000482
0.427895 0.000855
0.166958 0.353301
0.478746 0.067660
0.502357 0.120874
0.426400 0.288762
0.560483 0.322173
0.494369 0.270412
0.664135 0.370563
0.836827 0.235774
0.495246 0.344941
0.721571 0.326644
0.475998 0.366068
0.599659 0.000477
0.550586 0.000697
0.386836 0.000144
0.493300 0.000877
0.527838 0.027724
0.476644 0.042082
0.510030 0.098911
0.542388 0.163543
0.486160 0.242516
0.803556 0.383871
0.421636 0.316979
0.458327 0.391659
0.489259 0.381779
0.445737 0.358697
0.531716 0.389301
0.591505 0.000186
0.517899 0.000355
0.444239 0.000772
0.496985 0.027004
0.459421 0.041397
0.874059 0.227131
0.688788 0.327589
0.576804 0.381682
0.693097 0.368786
0.516420 0.355796
0.764482 0.351533
0.503426 0.397503
0.495906 0.359684
0.520543 0.282653
0.616113 0.000473
0.566992 0.000534
0.504110 0.041900
0.526061 0.000553
0.495357 0.066767
0.510697 0.060095
0.525768 0.064498
0.500575 0.157322
0.528085 0.173028
0.491569 0.212889
0.477686 0.263871
0.438949 0.307923
0.479630 0.286431
0.455020 0.320001
0.537539 0.358993
0.632613 0.000964
0.542400 0.000621
0.542265 0.025964
0.512616 0.025831
0.483259 0.027261
0.526097 0.085574
0.544098 0.135427
0.554005 0.149392
0.554948 0.175456
0.507708 0.200731
0.452566 0.342939
0.515237 0.265212
0.476274 0.311628
0.519094 0.374755
0.640884 0.000622
0.558795 0.000743
0.574471 0.029797
0.562809 0.048279
0.550302 0.038151
0.524095 0.131480
0.557663 0.121262
0.567282 0.160118
0.546224 0.213015
0.501353 0.229739
0.536605 0.270829
0.560302 0.382429
0.463398 0.281634
0.491535 0.305271
0.728790 0.338486
0.657329 0.000867
0.601968 0.031115
0.587991 0.025701
0.560590 0.025336
0.535909 0.048842
0.539762 0.072479
0.517356 0.115783
0.538150 0.118878
0.555720 0.196569
0.530778 0.228022
0.551615 0.311522
0.517803 0.241141
0.499606 0.286562
0.445400 0.289361
0.665596 0.000297
0.575165 0.000990
0.614297 0.025496
0.550114 0.059907
0.569582 0.066374
0.558065 0.077820
0.529251 0.102485
0.550459 0.105440
0.566554 0.134746
0.561829 0.219918
0.546301 0.236858
0.531853 0.252536
0.629562 0.364419
0.611936 0.384338
0.590384 0.370011
0.682032 0.000656
0.583283 0.001001
0.607847 0.000807
0.578648 0.047378
0.543812 0.090218
0.579362 0.083441
0.572200 0.107522
0.572546 0.199651
0.589082 0.186272
0.565377 0.237569
0.529860 0.206714
0.519056 0.339260
0.509797 0.321222
0.470804 0.329623
0.690267 0.000906
0.624391 0.000197
0.632414 0.025234
0.613299 0.077609
0.585562 0.064991
0.564632 0.093271
0.580417 0.122440
0.571505 0.180554
0.596674 0.148515
0.610607 0.158159
0.533959 0.297537
0.607402 0.193993
0.548603 0.288490
0.558932 0.273788
0.643364 0.347941
0.706882 0.000111
0.623627 0.039116
0.620711 0.094660
0.611724 0.050425
0.601979 0.064515
0.595866 0.082649
0.587083 0.102139
0.585060 0.165211
0.596112 0.226281
0.601859 0.172889
0.600579 0.248924
0.748532 0.341444
0.467980 0.246066
0.711229 0.360185
0.715265 0.000567
0.649116 0.000278
0.647104 0.029046
0.624076 0.061715
0.603723 0.098024
0.602667 0.115820
0.578770 0.146559
0.611596 0.132582
0.623215 0.146932
0.610905 0.216507
0.579483 0.219147
0.537347 0.331723
0.528949 0.315765
0.552471 0.255797
0.559519 0.364167
0.723532 0.000733
0.661279 0.025789
0.639077 0.045739
0.640864 0.063084
0.630515 0.079728
0.593367 0.130706
0.629494 0.127286
0.629054 0.166538
0.619221 0.181065
0.583475 0.243095
0.647440 0.329056
0.578352 0.358536
0.615237 0.387881
0.491723 0.326892
0.740303 0.000042
0.673750 0.000391
0.673776 0.031621
0.655793 0.046864
0.656538 0.066184
0.644462 0.085194
0.619908 0.112555
0.639735 0.143546
0.624521 0.207291
0.613647 0.237121
0.619129 0.288763
0.619402 0.258200
0.570861 0.338949
0.687656 0.382942
0.688954 0.355820
0.748679 0.000287
0.686327 0.027772
0.670757 0.049304
0.673622 0.070476
0.661546 0.084186
0.636451 0.104168
0.645317 0.119895
0.643254 0.216695
0.631284 0.228960
0.606497 0.272345
0.588861 0.266070
0.545101 0.346309
0.628573 0.313404
0.703556 0.377960
0.757166 0.000308
0.698560 0.000425
0.700563 0.028334
0.686191 0.052844
0.675519 0.090545
0.654181 0.100781
0.655595 0.134187
0.645605 0.162226
0.634023 0.194121
0.659220 0.226401
0.577127 0.284197
0.606819 0.303480
0.569096 0.300430
0.688747 0.312904
0.725119 0.356015
0.765537 0.000868
0.716155 0.026252
0.699981 0.044428
0.689508 0.069954
0.663499 0.114047
0.672745 0.130993
0.659639 0.151655
0.653925 0.202688
0.633984 0.249521
0.645503 0.266564
0.615088 0.338857
0.597246 0.290846
0.794572 0.382099
0.628791 0.330066
0.774074 0.000752
0.731864 0.000355
0.730352 0.030374
0.701208 0.082688
0.679496 0.110711
0.686508 0.136660
0.674311 0.156598
0.644691 0.182301
0.649613 0.241940
0.584506 0.325931
0.664385 0.253671
0.653120 0.289674
0.663973 0.272526
0.679739 0.347235
0.654092 0.309709
0.791071 0.000173
0.731922 0.050643
0.716142 0.044993
0.690072 0.095922
0.694433 0.117802
0.691273 0.155301
0.661123 0.175925
0.668916 0.193743
0.631790 0.276786
0.692595 0.292860
0.697966 0.274179
0.584641 0.306363
0.674944 0.287254
0.603078 0.325100
0.799573 0.000173
0.744663 0.026285
0.705588 0.064195
0.719761 0.084368
0.713077 0.119236
0.703737 0.135068
0.711694 0.152887
0.679217 0.175318
0.672416 0.216630
0.684691 0.202474
0.636928 0.299303
0.681757 0.265585
0.704570 0.323240
0.752631 0.301325
0.670090 0.331253
0.807983 0.000902
0.755886 0.062067
0.737916 0.067805
0.706776 0.100795
0.730965 0.122501
0.723376 0.138199
0.731073 0.155211
0.693697 0.186655
0.717271 0.212436
0.723023 0.254943
0.710336 0.292796
0.669625 0.307120
0.721432 0.308495
0.659395 0.348590
0.825141 0.000031
0.782591 0.000366
0.746606 0.043706
0.721395 0.066984
0.737482 0.086804
0.724322 0.103061
0.748453 0.123262
0.701768 0.169089
0.700920 0.210424
0.675838 0.240408
0.690305 0.226661
0.739006 0.245495
0.736695 0.268879
0.766215 0.327344
0.789054 0.380452
0.833757 0.000232
0.760469 0.027768
0.763364 0.045035
0.753812 0.079255
0.757428 0.096335
0.741655 0.104986
0.721084 0.172431
0.740047 0.175295
0.711256 0.190465
0.736433 0.216916
0.706756 0.253428
0.725188 0.232160
0.769251 0.360400
0.738972 0.302780
0.842382 0.000443
0.816527 0.001143
0.776006 0.026906
0.774061 0.061440
0.771570 0.080237
0.775216 0.103685
0.762291 0.115517
0.761950 0.139530
0.743678 0.142008
0.691270 0.247708
0.708426 0.233253
0.716789 0.276681
0.767818 0.278705
0.821792 0.302828
0.782927 0.351473
0.859795 0.000262
0.791754 0.026653
0.781279 0.042921
0.788833 0.069232
0.784816 0.089507
0.801056 0.091745
0.774495 0.127125
0.765885 0.156922
0.728125 0.193215
0.743749 0.196034
0.754629 0.209932
0.750381 0.233549
0.731354 0.287549
0.754041 0.284971
0.868535 0.000476
0.851127 0.000784
0.817258 0.025716
0.804183 0.032532
0.796013 0.051725
0.812348 0.052027
0.791719 0.110819
0.789477 0.130200
0.781908 0.149965
0.750401 0.161412
0.759009 0.184269
0.765922 0.223998
0.764309 0.246322
0.752528 0.262211
0.779181 0.314905
0.886056 0.000439
0.853587 0.026363
0.836657 0.025670
0.824672 0.039411
0.804383 0.071467
0.817958 0.094382
0.809147 0.110677
0.798767 0.149018
0.790891 0.168152
0.772834 0.172502
0.770434 0.199125
0.780608 0.232999
0.786866 0.248652
0.795831 0.366101
0.894851 0.000896
0.877285 0.001012
0.871213 0.027139
0.843076 0.042021
0.830476 0.058548
0.818763 0.074415
0.835764 0.076272
0.827853 0.113586
0.806188 0.128355
0.823445 0.130948
0.785452 0.186793
0.784458 0.208887
0.834201 0.211443
0.813611 0.283070
0.808156 0.356806
0.903827 0.000240
0.903685 0.027875
0.860913 0.043237
0.864706 0.063705
0.848410 0.060979
0.852008 0.082027
0.835167 0.095372
0.840613 0.128072
0.848114 0.143305
0.800264 0.193335
0.814259 0.149098
0.796791 0.221381
0.804279 0.241401
0.775483 0.264205
0.912631 0.000720
0.921592 0.000387
0.913940 0.041721
0.888384 0.028217
0.877762 0.043427
0.870617 0.079380
0.884594 0.097228
0.848139 0.103886
0.855544 0.118689
0.832025 0.149973
0.862628 0.155867
0.807993 0.168533
0.810655 0.211536
0.824621 0.341855
0.807743 0.303010
0.930474 0.000824
0.922622 0.027057
0.896320 0.047342
0.883646 0.062502
0.907719 0.082670
0.865765 0.098045
0.873827 0.114164
0.864664 0.135958
0.881925 0.149860
0.826423 0.167267
0.837689 0.183845
0.854017 0.192488
0.825702 0.198066
0.790229 0.282545
0.939566 0.000213
0.941883 0.028326
0.933455 0.041224
0.903874 0.064384
0.889019 0.080002
0.903790 0.100540
0.880741 0.132085
0.900133 0.134673
0.899806 0.153574
0.845285 0.165337
0.878180 0.189209
0.859535 0.176679
0.815010 0.185208
0.819804 0.228048
0.794568 0.305833
0.948696 0.000477
0.940771 0.058475
0.921397 0.060145
0.924408 0.078225
0.935417 0.093015
0.892901 0.116189
0.916563 0.159120
0.893746 0.171582
0.894872 0.198288
0.916835 0.199843
0.951568 0.224694
0.865843 0.204960
0.848607 0.216299
0.787700 0.324190
0.957779 0.000402
0.959259 0.028001
0.956893 0.045275
0.943752 0.074382
0.955613 0.124184
0.920953 0.103134
0.911765 0.120602
0.876375 0.170252
0.937952 0.193444
0.908681 0.179968
0.932263 0.210729
0.858799 0.229818
0.947158 0.246089
0.837361 0.290376
0.885129 0.211383
0.966793 0.001096
0.972012 0.031514
0.963015 0.065713
0.943123 0.108830
0.960388 0.163081
0.941048 0.170936
0.937272 0.154413
0.931589 0.228028
0.917514 0.275635
0.907409 0.216874
0.965083 0.230187
0.855428 0.319160
0.812800 0.259209
0.868583 0.250333
0.975593 0.000003
0.998491 0.000348
0.972509 0.050735
0.974169 0.119927
0.931335 0.121261
0.937150 0.137259
0.957440 0.201951
0.975230 0.195725
0.975077 0.242632
0.918085 0.234967
0.968326 0.285634
0.903349 0.236591
0.818684 0.340837
0.828942 0.252029
0.799001 0.339990
0.985037 0.000083
0.972837 0.075847
0.956195 0.087917
0.972696 0.137808
0.955573 0.143566
0.918503 0.140239
0.959912 0.268298
0.903460 0.270126
0.999493 0.253988
0.939625 0.260557
0.877476 0.276545
0.972780 0.258384
0.841438 0.302246
0.777171 0.293607
0.999274 0.015272
0.999836 0.043783
0.973327 0.094528
0.963605 0.107221
0.999543 0.104790
0.999461 0.181913
0.999983 0.136833
0.998942 0.147915
0.994984 0.286443
0.999989 0.267813
0.974610 0.278708
0.890712 0.234401
0.895098 0.279514
0.998958 0.229553
0.839989 0.268323
0.999580 0.000853
0.999035 0.053751
0.999631 0.073594
0.999521 0.094306
0.999150 0.115299
0.975483 0.175298
0.975165 0.212133
0.926951 0.252340
0.999162 0.241592
0.999918 0.193839
0.999350 0.282768
0.867353 0.263504
0.799909 0.266717
0.848704 0.279360
0.999668 0.025188
0.999687 0.034398
0.999904 0.063582
0.999351 0.083876
0.975600 0.154818
0.999401 0.125980
0.998854 0.206102
0.923845 0.178169
0.999015 0.217963
0.999578 0.159161
0.999118 0.170474
0.848922 0.249403
0.926420 0.275942
0.837772 0.324098
0.851051 0.325458
