0.000515 0.025500
0.001007 0.062364
0.000158 0.091643
0.000958 0.122039
0.000819 0.132472
0.075385 0.276385
0.000984 0.175914
0.000865 0.187130
0.001038 0.295567
0.121083 0.302984
0.143909 0.363594
0.099484 0.264345
0.065646 0.263566
0.168479 0.306033
0.000692 0.016208
0.000507 0.043462
0.000197 0.071884
0.030854 0.058985
0.031166 0.215295
0.000406 0.198526
0.000742 0.164779
0.000849 0.268588
0.000469 0.234175
0.000087 0.246360
0.013518 0.296495
0.024030 0.303863
0.117853 0.297554
0.116969 0.261034
0.165291 0.270504
0.001063 0.000116
0.000368 0.052966
0.000005 0.081735
0.000414 0.101720
0.000225 0.111810
0.000761 0.210181
0.000534 0.153856
0.000188 0.281104
0.000798 0.221881
0.094071 0.300774
0.035570 0.292442
0.091504 0.285522
0.145214 0.293009
0.160850 0.345931
0.000440 0.000704
0.028121 0.029959
0.029137 0.043593
0.026853 0.093550
0.029241 0.177082
0.068065 0.185276
0.044955 0.167429
0.000309 0.257357
0.072766 0.242967
0.052310 0.232293
0.052545 0.254773
0.083095 0.299407
0.058117 0.283866
0.066739 0.299060
0.171096 0.329704
0.013113 0.000708
0.055764 0.041880
0.000430 0.034353
0.026306 0.073292
0.000802 0.143130
0.047254 0.208739
0.045116 0.186189
0.065473 0.204891
0.031599 0.246257
0.083743 0.213515
0.040569 0.267198
0.132000 0.229514
0.098693 0.253263
0.147354 0.365085
0.030785 0.000402
0.022416 0.000777
0.063772 0.068522
0.048885 0.055894
0.029531 0.196841
0.027113 0.132515
0.060476 0.149163
0.065439 0.167460
0.067715 0.226416
0.096284 0.209164
0.110585 0.190997
0.092502 0.229923
0.154174 0.305420
0.160608 0.328234
0.199478 0.331308
0.039177 0.000472
0.058367 0.027492
0.042346 0.077091
0.054960 0.113164
0.040807 0.147467
0.040885 0.127639
0.084423 0.169129
0.142252 0.182047
0.027809 0.230614
0.086425 0.187819
0.028034 0.279593
0.121374 0.249035
0.112897 0.223338
0.135470 0.287599
0.047718 0.000289
0.041894 0.027472
0.074034 0.026841
0.071939 0.051490
0.041035 0.100102
0.068742 0.097437
0.028081 0.156479
0.080017 0.147711
0.123922 0.175360
0.104183 0.174981
0.118786 0.208546
0.165860 0.228170
0.154964 0.241007
0.200693 0.280524
0.187160 0.339139
0.056413 0.000425
0.090044 0.026164
0.086019 0.041336
0.056343 0.085861
0.078688 0.081139
0.029908 0.112715
0.073379 0.117785
0.063643 0.133699
0.182274 0.196773
0.132842 0.196709
0.152491 0.206237
0.181605 0.238820
0.135998 0.255135
0.193740 0.254945
0.064954 0.001043
0.073523 0.000040
0.104558 0.028932
0.102162 0.053543
0.085594 0.062193
0.098371 0.074793
0.100346 0.115321
0.086933 0.102745
0.098109 0.155661
0.160447 0.190266
0.204542 0.234351
0.142706 0.219201
0.184032 0.271260
0.170054 0.256423
0.172963 0.361987
0.082057 0.000408
0.120622 0.025481
0.132904 0.040606
0.126526 0.058376
0.114363 0.069285
0.099659 0.091979
0.086840 0.129130
0.103847 0.137711
0.116700 0.154898
0.172453 0.177683
0.171910 0.211562
0.197717 0.207177
0.208231 0.256338
0.202016 0.355522
0.090721 0.000499
0.107940 0.000275
0.139001 0.025801
0.114616 0.042122
0.131082 0.081786
0.118046 0.091005
0.116849 0.110557
0.119239 0.131452
0.134911 0.142659
0.136429 0.159617
0.193447 0.183697
0.189739 0.223495
0.258990 0.291923
0.180761 0.294479
0.185965 0.386891
0.099388 0.000326
0.150313 0.041691
0.143839 0.060370
0.146516 0.077645
0.151820 0.097678
0.135768 0.103086
0.135432 0.121956
0.152649 0.140641
0.164263 0.153449
0.153854 0.168392
0.213713 0.204984
0.235382 0.263565
0.229085 0.280183
0.150151 0.261493
0.116535 0.000687
0.142455 0.000364
0.156724 0.025862
0.161613 0.061054
0.163707 0.081789
0.173063 0.097414
0.152135 0.118398
0.184053 0.141830
0.180453 0.161447
0.197486 0.162799
0.210914 0.184310
0.219229 0.227595
0.250037 0.268648
0.247301 0.314077
0.192915 0.302273
0.125139 0.000819
0.167795 0.042664
0.177755 0.067201
0.185409 0.083606
0.204231 0.084372
0.170543 0.113469
0.169496 0.131138
0.201038 0.140894
0.227697 0.182640
0.228753 0.207058
0.235060 0.235384
0.222727 0.252636
0.268420 0.341883
0.246727 0.337981
0.133756 0.000396
0.176836 0.000372
0.173818 0.027765
0.195358 0.066249
0.193090 0.101827
0.189167 0.120617
0.218323 0.141368
0.213796 0.163254
0.243491 0.216779
0.244716 0.170314
0.250214 0.243023
0.265095 0.277119
0.240800 0.357750
0.214995 0.287719
0.206974 0.309054
0.151112 0.000587
0.183532 0.048766
0.210058 0.061092
0.210804 0.103552
0.206886 0.122107
0.236181 0.139652
0.230583 0.160054
0.258400 0.180656
0.243729 0.193791
0.264283 0.252347
0.286096 0.298504
0.239462 0.295899
0.202371 0.367763
0.185589 0.398151
0.159701 0.000569
0.188885 0.028033
0.199214 0.042511
0.216308 0.043223
0.228495 0.101634
0.224836 0.121059
0.250773 0.150252
0.274708 0.182406
0.260809 0.202628
0.259318 0.223215
0.280741 0.271591
0.272469 0.304302
0.263576 0.324401
0.234401 0.326430
0.195819 0.400758
0.168334 0.000181
0.233285 0.044428
0.219695 0.081999
0.253716 0.081357
0.235998 0.082224
0.241841 0.120288
0.277691 0.205295
0.290018 0.189011
0.274669 0.230082
0.285160 0.321962
0.288212 0.339969
0.292530 0.357550
0.270623 0.366269
0.210438 0.395971
0.185382 0.000291
0.205891 0.026289
0.249963 0.043999
0.227062 0.063970
0.267904 0.094555
0.246425 0.099157
0.265426 0.160844
0.297495 0.173705
0.281038 0.247936
0.317784 0.298343
0.312508 0.262496
0.256856 0.360319
0.292774 0.404046
0.240644 0.395976
0.222551 0.398532
0.193905 0.000824
0.223102 0.027315
0.266785 0.044370
0.273016 0.077581
0.258150 0.111951
0.257066 0.132740
0.282870 0.160759
0.306264 0.220218
0.298044 0.276581
0.302157 0.296256
0.304699 0.319148
0.309121 0.377752
0.224654 0.308018
0.215921 0.330114
0.202438 0.001007
0.253321 0.000277
0.239715 0.027257
0.244141 0.063309
0.280324 0.106514
0.273572 0.122945
0.273758 0.142267
0.292205 0.143324
0.321689 0.205170
0.288847 0.223625
0.330569 0.331839
0.308643 0.335265
0.309322 0.355547
0.254703 0.408047
0.220473 0.369635
0.210998 0.000487
0.256459 0.027296
0.283359 0.041565
0.288858 0.084715
0.296073 0.102125
0.292372 0.124813
0.317950 0.170563
0.299546 0.203738
0.323348 0.225062
0.306359 0.239417
0.346338 0.334437
0.326721 0.376968
0.322756 0.404172
0.219385 0.349729
0.219503 0.000660
0.286894 0.000810
0.272594 0.026807
0.261623 0.063352
0.305915 0.081094
0.307900 0.114914
0.304702 0.156869
0.323296 0.150490
0.314017 0.188404
0.361365 0.222233
0.334309 0.262456
0.295986 0.255677
0.341346 0.380501
0.358846 0.362411
0.285780 0.385738
0.227963 0.000574
0.290966 0.026955
0.296840 0.064933
0.280681 0.061523
0.324145 0.119103
0.309992 0.135849
0.330871 0.136139
0.335557 0.179698
0.336856 0.196014
0.367017 0.261027
0.328110 0.314739
0.350148 0.286130
0.234064 0.378060
0.310813 0.394891
0.236418 0.000209
0.312005 0.000473
0.299740 0.046639
0.324626 0.081885
0.315732 0.097350
0.342701 0.118080
0.360990 0.120619
0.337466 0.162592
0.345038 0.212593
0.367619 0.162669
0.340639 0.230281
0.326104 0.245168
0.322579 0.276351
0.272648 0.380742
0.334534 0.409654
0.244848 0.000406
0.306475 0.027920
0.335155 0.067816
0.333492 0.100577
0.344170 0.083415
0.352020 0.101917
0.367285 0.141861
0.355336 0.176799
0.372709 0.185797
0.356747 0.196082
0.334425 0.292321
0.363311 0.337020
0.244067 0.409694
0.325837 0.353222
0.261711 0.000065
0.336960 0.000891
0.314685 0.063743
0.352564 0.063879
0.361904 0.085764
0.371206 0.103625
0.377599 0.124020
0.348960 0.135953
0.351473 0.154164
0.372306 0.206642
0.379399 0.225908
0.363520 0.300139
0.384861 0.263208
0.458792 0.392881
0.371541 0.281644
0.270175 0.000909
0.316317 0.043685
0.331069 0.051262
0.388544 0.069962
0.379899 0.086313
0.388659 0.105945
0.402734 0.163031
0.384240 0.143902
0.383580 0.164026
0.389711 0.180977
0.348139 0.245740
0.376593 0.402282
0.757757 0.337787
0.282545 0.410664
0.278522 0.000410
0.361740 0.001231
0.367930 0.068655
0.347900 0.046149
0.377546 0.055481
0.405542 0.106092
0.394651 0.126110
0.428680 0.120524
0.423783 0.158974
0.403796 0.190330
0.389285 0.203115
0.396567 0.224641
0.386945 0.245125
0.366042 0.242494
0.394884 0.400119
0.295251 0.000646
0.322585 0.026662
0.350234 0.027212
0.394586 0.045225
0.397034 0.087301
0.411432 0.124343
0.401301 0.145636
0.415102 0.175318
0.434217 0.174323
0.408649 0.209090
0.404559 0.242960
0.432770 0.259089
0.270899 0.409892
0.388649 0.383997
0.303649 0.000913
0.335993 0.030994
0.379537 0.035539
0.402520 0.063242
0.421170 0.101650
0.456028 0.100760
0.435337 0.138342
0.418252 0.140998
0.446568 0.119707
0.418088 0.225061
0.458817 0.227756
0.438253 0.230180
0.417496 0.275496
0.392652 0.277976
0.350845 0.268738
0.320400 0.000126
0.363533 0.043424
0.389904 0.025616
0.411911 0.046097
0.427857 0.042109
0.429517 0.083317
0.463911 0.120074
0.462131 0.153617
0.440375 0.192155
0.422561 0.194989
0.432053 0.211626
0.406231 0.309581
0.361753 0.404085
0.346327 0.311033
0.328748 0.000632
0.403092 0.000704
0.366925 0.025763
0.404867 0.028675
0.412833 0.083083
0.446336 0.084106
0.438383 0.102736
0.453345 0.137880
0.442674 0.156154
0.451932 0.211843
0.471179 0.170535
0.382918 0.298637
0.401297 0.292756
0.360201 0.389223
0.410020 0.398542
0.345242 0.000244
0.443431 0.047777
0.418798 0.065088
0.450643 0.066425
0.478281 0.087342
0.482010 0.120366
0.456935 0.192626
0.452884 0.172290
0.471265 0.351615
0.408072 0.261799
0.423087 0.243559
0.436533 0.275967
0.397844 0.370196
0.345160 0.408451
0.353533 0.000343
0.411311 0.000798
0.476966 0.000210
0.450588 0.027190
0.419763 0.026899
0.494735 0.085779
0.473006 0.103301
0.492441 0.104665
0.473621 0.189851
0.473131 0.137974
0.426064 0.352604
0.454907 0.267821
0.366045 0.318181
0.394777 0.331276
0.457867 0.305997
0.370089 0.001051
0.460553 0.000285
0.436072 0.027023
0.434288 0.063393
0.509578 0.143911
0.531020 0.150164
0.492139 0.138183
0.489877 0.176677
0.471847 0.209977
0.384998 0.317223
0.343535 0.356176
0.654917 0.374468
0.516116 0.392581
0.407432 0.342180
0.378294 0.000011
0.452357 0.000410
0.485158 0.000079
0.489448 0.052555
0.521488 0.043287
0.539980 0.192545
0.521163 0.194524
0.516886 0.161922
0.573134 0.267819
0.417086 0.369393
0.549810 0.377996
0.956824 0.184595
0.511304 0.307544
0.429426 0.384324
0.375203 0.346367
0.419516 0.000715
0.468763 0.000310
0.596585 0.043963
0.463188 0.080764
0.465246 0.057952
0.512971 0.223114
0.507117 0.181639
0.482171 0.154869
0.500799 0.257061
0.447595 0.246995
0.492346 0.397612
0.391092 0.353232
0.454610 0.375630
0.372947 0.370013
0.394859 0.000050
0.435962 0.000537
0.509693 0.000276
0.467467 0.025837
0.592680 0.212016
0.511443 0.080138
0.596262 0.347929
0.490824 0.196694
0.433891 0.334325
0.476645 0.230958
0.877886 0.249944
0.621598 0.358239
0.670872 0.381062
0.420438 0.394698
0.603824 0.382665
0.534218 0.000054
0.501526 0.000779
0.427766 0.001061
0.166531 0.372208
0.477943 0.067770
0.500347 0.122518
0.421738 0.295523
0.562894 0.327709
0.493749 0.275893
0.680879 0.370369
0.836303 0.243728
0.494582 0.349410
0.731160 0.338294
0.477031 0.369799
0.599818 0.000578
0.550673 0.000537
0.386554 0.000275
0.493350 0.000407
0.528069 0.027453
0.477082 0.042036
0.509308 0.099669
0.542227 0.165898
0.484097 0.249055
0.822770 0.403528
0.417289 0.324331
0.454338 0.396002
0.486726 0.384325
0.440247 0.363805
0.534204 0.387867
0.591698 0.000229
0.517876 0.000900
0.444180 0.000081
0.497748 0.027119
0.459023 0.041211
0.872239 0.225671
0.694890 0.335033
0.579005 0.381539
0.719448 0.378084
0.515116 0.357522
0.772739 0.384788
0.503586 0.398386
0.494764 0.363886
0.521719 0.287516
0.616213 0.001033
0.567101 0.000850
0.503571 0.042093
0.526038 0.000136
0.495655 0.067801
0.510605 0.059959
0.525754 0.064282
0.498830 0.160164
0.527508 0.176541
0.489636 0.217193
0.475772 0.269110
0.433241 0.311975
0.477507 0.292044
0.450652 0.324925
0.538165 0.363374
0.632787 0.000234
0.542439 0.000053
0.542212 0.025507
0.513332 0.026357
0.483615 0.027216
0.526302 0.085801
0.544457 0.136693
0.554179 0.151580
0.554761 0.180179
0.505929 0.205753
0.450257 0.347823
0.514818 0.270655
0.473906 0.316103
0.521918 0.379275
0.641084 0.000933
0.558884 0.000180
0.574871 0.028927
0.563178 0.047244
0.550022 0.037407
0.523096 0.132828
0.558323 0.122314
0.566217 0.165015
0.545510 0.218815
0.498973 0.235579
0.537347 0.277392
0.564934 0.383845
0.461475 0.286327
0.491767 0.311303
0.745310 0.347588
0.657567 0.000354
0.602851 0.029253
0.588634 0.025776
0.561111 0.025494
0.536601 0.049176
0.539969 0.073142
0.515756 0.116906
0.537377 0.119972
0.555203 0.202628
0.530592 0.233880
0.551289 0.317660
0.517109 0.246870
0.499468 0.291293
0.442278 0.295055
0.665863 0.000614
0.575265 0.000094
0.616682 0.025708
0.550514 0.059896
0.569718 0.064488
0.557992 0.078109
0.528095 0.103936
0.550593 0.106845
0.567592 0.137547
0.561677 0.226207
0.546519 0.244096
0.531684 0.258262
0.638419 0.368364
0.622751 0.387314
0.599299 0.373791
0.682365 0.000310
0.583443 0.000017
0.607974 0.000095
0.579762 0.045875
0.543837 0.091908
0.578873 0.080897
0.572380 0.108518
0.572820 0.205707
0.589348 0.192055
0.565999 0.244140
0.529492 0.212899
0.520450 0.343420
0.509476 0.326258
0.468014 0.335689
0.690567 0.000075
0.624477 0.000390
0.635237 0.024946
0.613777 0.077011
0.587342 0.063640
0.565678 0.093091
0.580407 0.123465
0.572340 0.184791
0.597417 0.150662
0.610403 0.161492
0.534175 0.302254
0.607980 0.200121
0.549643 0.295342
0.559502 0.280841
0.651331 0.354551
0.707169 0.000272
0.625387 0.037950
0.622041 0.094749
0.613700 0.050353
0.603027 0.063618
0.595925 0.083124
0.587468 0.101432
0.585761 0.169706
0.596924 0.234321
0.602901 0.178418
0.601099 0.258535
0.774008 0.351047
0.465598 0.251296
0.735561 0.365343
0.715510 0.000986
0.649318 0.000849
0.650164 0.028952
0.626180 0.061797
0.604622 0.098183
0.601967 0.116098
0.579478 0.150030
0.612555 0.134558
0.624106 0.150288
0.611882 0.222655
0.579960 0.225920
0.539652 0.337003
0.528520 0.320798
0.552865 0.261957
0.563147 0.367240
0.723891 0.000178
0.665215 0.025485
0.640531 0.044637
0.643140 0.062479
0.632435 0.078666
0.594275 0.133239
0.629955 0.129321
0.629704 0.170571
0.620159 0.185924
0.582943 0.250335
0.653053 0.335810
0.584501 0.362794
0.629678 0.388184
0.491267 0.330757
0.740641 0.000518
0.674114 0.000170
0.677867 0.032420
0.658780 0.043378
0.658556 0.063393
0.646193 0.085962
0.620818 0.113511
0.640848 0.146642
0.626532 0.213306
0.613790 0.244649
0.620262 0.295588
0.620378 0.266147
0.572187 0.341781
0.712918 0.387615
0.712165 0.360889
0.749073 0.000983
0.690041 0.027426
0.674602 0.049887
0.675641 0.069101
0.662916 0.081634
0.637743 0.104568
0.645587 0.120464
0.644466 0.223708
0.630017 0.236220
0.607204 0.280663
0.589789 0.273337
0.549782 0.347835
0.630145 0.319805
0.726476 0.384494
0.757443 0.000202
0.698851 0.000928
0.704963 0.026503
0.690547 0.053463
0.677659 0.090406
0.657211 0.100316
0.656388 0.136162
0.646743 0.166853
0.634982 0.199671
0.659631 0.235011
0.577622 0.289652
0.610542 0.311903
0.569907 0.306302
0.694968 0.319002
0.746198 0.360102
0.765903 0.000074
0.720730 0.026203
0.703110 0.042282
0.691990 0.071464
0.664353 0.115763
0.673468 0.132454
0.660377 0.154728
0.655459 0.208838
0.634530 0.256977
0.645613 0.273893
0.616729 0.346991
0.598017 0.298915
0.812472 0.415756
0.635726 0.336294
0.774324 0.000124
0.732275 0.000448
0.734845 0.029404
0.704605 0.081774
0.680640 0.110435
0.687905 0.139128
0.675383 0.159407
0.646326 0.187216
0.650449 0.248650
0.586513 0.332244
0.664883 0.262686
0.655872 0.297781
0.664147 0.280536
0.695365 0.354813
0.657719 0.319811
0.791305 0.000882
0.735925 0.051866
0.720780 0.043182
0.692351 0.097270
0.696139 0.120118
0.691659 0.158655
0.662323 0.180339
0.669403 0.198210
0.633855 0.285117
0.693995 0.303552
0.697828 0.282220
0.585957 0.313063
0.678120 0.296493
0.604178 0.329620
0.799856 0.000804
0.749122 0.026223
0.708584 0.061438
0.721916 0.084225
0.714865 0.120782
0.704799 0.138695
0.711838 0.158001
0.680283 0.178843
0.672959 0.222479
0.684242 0.209095
0.637755 0.305687
0.683518 0.274608
0.715566 0.337771
0.757786 0.310560
0.676227 0.339037
0.808338 0.000908
0.759481 0.062003
0.741500 0.067579
0.708520 0.101453
0.731680 0.124294
0.723962 0.141883
0.731796 0.161106
0.693391 0.191839
0.718888 0.219328
0.722959 0.264937
0.713122 0.305986
0.671025 0.314742
0.723764 0.318776
0.671043 0.358706
0.825539 0.000813
0.782808 0.000281
0.749878 0.042956
0.723507 0.065698
0.739619 0.086384
0.725545 0.102922
0.749038 0.125291
0.702745 0.174557
0.701699 0.217080
0.676496 0.246389
0.691082 0.232537
0.740321 0.255775
0.738051 0.274523
0.777683 0.337836
0.798287 0.403964
0.834231 0.000239
0.764546 0.028000
0.767897 0.045007
0.756468 0.079538
0.759559 0.096418
0.742833 0.105953
0.719715 0.178431
0.739213 0.181608
0.709953 0.198273
0.735597 0.224397
0.707770 0.263102
0.725680 0.240112
0.782014 0.383239
0.744001 0.316458
0.842993 0.000305
0.816896 0.000910
0.779967 0.026583
0.777834 0.059633
0.773409 0.079077
0.777943 0.103110
0.763165 0.114384
0.762661 0.141573
0.743478 0.143848
0.691544 0.255795
0.707998 0.240707
0.717398 0.285300
0.771714 0.290279
0.823989 0.318215
0.790147 0.370931
0.860402 0.000117
0.795930 0.026033
0.786668 0.042123
0.791463 0.068382
0.787204 0.088557
0.802938 0.090596
0.774805 0.126918
0.765323 0.159793
0.727349 0.199619
0.743994 0.202730
0.754703 0.216187
0.749916 0.240620
0.733186 0.299325
0.753303 0.294768
0.869309 0.000685
0.851730 0.001032
0.821841 0.024124
0.808144 0.032819
0.800668 0.050780
0.817292 0.051519
0.793819 0.110046
0.791061 0.129890
0.781814 0.149061
0.748214 0.165642
0.758562 0.187855
0.766150 0.228795
0.765273 0.253523
0.755637 0.268718
0.785831 0.323757
0.886898 0.000373
0.858564 0.025434
0.840717 0.025678
0.828189 0.038462
0.807032 0.070212
0.820010 0.091323
0.813197 0.108757
0.798977 0.149433
0.790091 0.170681
0.772665 0.176334
0.770571 0.203753
0.781346 0.241282
0.787859 0.258066
0.807539 0.390590
0.895563 0.000583
0.878100 0.000410
0.874888 0.026038
0.846960 0.040763
0.833561 0.056906
0.822259 0.073297
0.839662 0.074644
0.831110 0.111236
0.807832 0.126608
0.824198 0.130583
0.784633 0.193039
0.784876 0.217573
0.832203 0.217664
0.814490 0.292637
0.826003 0.378642
0.904437 0.000427
0.907071 0.026847
0.863693 0.042560
0.868171 0.061058
0.851716 0.059358
0.855729 0.080416
0.837669 0.092507
0.842626 0.125729
0.850675 0.141982
0.799782 0.199115
0.815847 0.149501
0.797830 0.230276
0.805929 0.249699
0.776944 0.272026
0.913421 0.000508
0.922264 0.000511
0.916961 0.041141
0.891389 0.027029
0.881711 0.042091
0.872894 0.077691
0.887398 0.094434
0.850636 0.102063
0.858699 0.116855
0.834871 0.150211
0.865388 0.155002
0.807214 0.170848
0.810736 0.218371
0.831362 0.365506
0.814959 0.320595
0.931402 0.000663
0.924846 0.025539
0.898983 0.045171
0.885918 0.059914
0.909559 0.079632
0.868075 0.095687
0.877124 0.111989
0.868219 0.134529
0.884407 0.151235
0.827669 0.167396
0.837377 0.186947
0.853809 0.195713
0.826901 0.200289
0.794674 0.293594
0.940246 0.000590
0.943941 0.027930
0.935153 0.040825
0.904741 0.062637
0.891582 0.078227
0.905947 0.097816
0.884338 0.131039
0.902644 0.134232
0.902054 0.154444
0.847922 0.166453
0.882041 0.192300
0.860885 0.178506
0.813615 0.187159
0.819148 0.234588
0.801344 0.321486
0.949257 0.000789
0.941193 0.057433
0.922316 0.058832
0.926142 0.076984
0.937389 0.091259
0.895230 0.113360
0.919016 0.159736
0.894615 0.173443
0.898550 0.198149
0.917533 0.203034
0.950576 0.224422
0.866431 0.205463
0.848565 0.219391
0.796914 0.345043
0.958292 0.000318
0.961702 0.027343
0.956707 0.044096
0.944961 0.072398
0.955684 0.122951
0.922745 0.100294
0.914196 0.118187
0.877626 0.171488
0.939414 0.195074
0.908602 0.181740
0.931633 0.210617
0.856213 0.236122
0.943666 0.247029
0.843267 0.300629
0.884461 0.211990
0.967066 0.000699
0.973446 0.032353
0.964234 0.063503
0.944762 0.106585
0.959848 0.164294
0.940668 0.173124
0.938546 0.155636
0.931574 0.229932
0.906496 0.274410
0.905609 0.217886
0.965467 0.228552
0.854879 0.335493
0.811466 0.271392
0.864006 0.253352
0.975841 0.000019
0.998947 0.000732
0.973009 0.049821
0.974873 0.118474
0.931430 0.120517
0.938432 0.136759
0.955787 0.205613
0.972501 0.195264
0.974130 0.240844
0.914960 0.235668
0.959452 0.279294
0.900860 0.240991
0.822553 0.360817
0.825304 0.260686
0.801307 0.357445
0.985283 0.000424
0.972948 0.074640
0.957278 0.086210
0.973150 0.135414
0.955498 0.144142
0.919553 0.140065
0.950210 0.266880
0.887739 0.271996
0.999649 0.253877
0.934457 0.262842
0.871286 0.288500
0.968144 0.256279
0.841657 0.321495
0.780344 0.303830
0.999280 0.015499
0.999855 0.043912
0.973289 0.092132
0.965010 0.105713
0.999834 0.104282
0.999336 0.182112
0.999726 0.136554
0.999460 0.147589
0.991783 0.281899
0.999773 0.267318
0.967605 0.276186
0.884305 0.238280
0.879843 0.282507
0.999766 0.229633
0.835136 0.281375
0.999631 0.000527
0.999169 0.053839
0.999551 0.073569
0.999742 0.093997
0.999318 0.114786
0.974632 0.174579
0.972276 0.214391
0.920331 0.251660
0.999502 0.241963
0.999502 0.193625
0.999297 0.282109
0.858769 0.278338
0.800358 0.279247
0.850560 0.293556
0.999032 0.025183
0.999855 0.034415
0.999877 0.063638
0.999571 0.083717
0.974556 0.154021
0.999838 0.125612
0.999749 0.205511
0.924432 0.182316
0.999016 0.217524
0.999833 0.159027
0.999758 0.170640
0.840735 0.260880
0.914039 0.272378
0.838527 0.342546
0.857344 0.339402
