0.000828 0.009044
0.000456 0.045827
0.000976 0.076243
0.000550 0.116823
0.000615 0.147058
0.000458 0.181416
0.000017 0.209835
0.000819 0.240042
0.001564 0.269084
0.001177 0.304947
0.000301 0.342307
0.003628 0.367918
0.000806 0.402870
0.000571 0.435542
0.005719 0.000182
0.000276 0.022026
0.000366 0.056160
0.000480 0.096621
0.000494 0.127983
0.000405 0.166156
0.000262 0.195890
0.000500 0.226973
0.000704 0.252005
0.002070 0.280021
0.006568 0.313606
0.000259 0.347466
0.001949 0.379991
0.001426 0.407119
0.020655 0.431603
0.000608 0.000528
0.000460 0.032844
0.000109 0.066378
0.000804 0.086370
0.000068 0.106737
0.005197 0.137562
0.005472 0.156009
0.015703 0.182553
0.014147 0.209536
0.017338 0.245350
0.013595 0.288222
0.016995 0.323733
0.017066 0.364339
0.001285 0.436641
0.020642 0.000509
0.018159 0.016444
0.012000 0.036460
0.018737 0.062815
0.019812 0.087825
0.021117 0.111805
0.025509 0.138211
0.021583 0.166894
0.028511 0.194435
0.025214 0.224009
0.025632 0.262037
0.027371 0.301769
0.027523 0.343883
0.031161 0.385389
0.032110 0.420116
0.032067 0.000258
0.026986 0.026772
0.026764 0.047585
0.029057 0.073777
0.028014 0.099030
0.032743 0.122587
0.033821 0.151054
0.036001 0.175767
0.038988 0.206417
0.041431 0.238946
0.039992 0.277438
0.039080 0.319119
0.037675 0.356965
0.036334 0.397971
0.045267 0.000565
0.038284 0.009641
0.037773 0.036101
0.037938 0.057895
0.041468 0.083411
0.042099 0.107029
0.043906 0.132825
0.045191 0.160382
0.047825 0.187981
0.049290 0.219362
0.050396 0.255415
0.050142 0.295168
0.047958 0.337558
0.048430 0.378754
0.042443 0.416160
0.055745 0.000332
0.048185 0.024652
0.047952 0.046858
0.050201 0.070112
0.053696 0.093415
0.055799 0.118361
0.057084 0.144734
0.058622 0.172863
0.058126 0.201493
0.057565 0.234287
0.056902 0.273081
0.057859 0.313684
0.057503 0.357866
0.057636 0.404266
0.066923 0.000069
0.061705 0.015594
0.060113 0.035542
0.060776 0.057488
0.062719 0.081049
0.065050 0.105494
0.067193 0.130219
0.068680 0.157678
0.070732 0.185401
0.070345 0.215205
0.069538 0.251368
0.068240 0.291930
0.068920 0.333324
0.068972 0.372838
0.068470 0.414504
0.077220 0.000458
0.072695 0.026901
0.072365 0.047129
0.074056 0.068937
0.076110 0.091985
0.077768 0.116734
0.078711 0.143032
0.079940 0.171274
0.081361 0.200225
0.081682 0.233245
0.080428 0.272408
0.078312 0.313037
0.077372 0.355633
0.078220 0.401909
0.088150 0.000265
0.085790 0.015779
0.084464 0.037181
0.084836 0.057568
0.086968 0.080832
0.088667 0.104709
0.090393 0.129427
0.091189 0.156830
0.091811 0.185147
0.092031 0.214637
0.091449 0.249895
0.090243 0.289320
0.087757 0.330487
0.086520 0.372264
0.087096 0.418260
0.098494 0.000609
0.097816 0.027091
0.097067 0.048125
0.097604 0.069924
0.099415 0.092983
0.100851 0.117224
0.102177 0.143197
0.103008 0.171180
0.103049 0.200068
0.101348 0.232791
0.098316 0.271893
0.097444 0.313578
0.098440 0.356855
0.097378 0.405915
0.109166 0.000248
0.110365 0.016637
0.109714 0.037637
0.110237 0.058092
0.111285 0.081712
0.112376 0.105579
0.112991 0.129910
0.113756 0.157452
0.114520 0.185314
0.113612 0.213675
0.111131 0.247862
0.108987 0.288907
0.107255 0.329308
0.105404 0.370457
0.108458 0.416812
0.119566 0.000476
0.122240 0.027110
0.122317 0.048544
0.122989 0.070426
0.124401 0.093369
0.124974 0.117555
0.125121 0.143351
0.125459 0.171667
0.125151 0.199715
0.123684 0.232248
0.121682 0.272063
0.118498 0.312898
0.117346 0.357670
0.117671 0.410391
0.129844 0.001117
0.134736 0.016869
0.133597 0.037692
0.134880 0.058969
0.135758 0.082461
0.136584 0.105880
0.137146 0.129882
0.137207 0.157355
0.136449 0.184934
0.135291 0.212601
0.133220 0.245983
0.129438 0.285448
0.126899 0.326579
0.127778 0.369765
0.130617 0.422085
0.140347 0.000673
0.147322 0.027458
0.146826 0.048764
0.147479 0.070881
0.148187 0.094082
0.148502 0.117871
0.148763 0.143555
0.148287 0.171109
0.146989 0.199033
0.144416 0.231272
0.140525 0.270538
0.138072 0.312734
0.136549 0.359760
0.138396 0.407538
0.150444 0.001064
0.159546 0.017421
0.159250 0.037812
0.159896 0.058872
0.160366 0.082572
0.160461 0.105948
0.160264 0.130204
0.159806 0.157186
0.159362 0.184192
0.157494 0.211130
0.153753 0.244638
0.149902 0.283783
0.146763 0.324859
0.148132 0.370435
0.146359 0.421863
0.160882 0.000463
0.172097 0.027932
0.172074 0.048864
0.172348 0.070816
0.172720 0.093740
0.172455 0.117904
0.171792 0.143150
0.171266 0.170880
0.170065 0.198230
0.168047 0.229691
0.163096 0.268311
0.158658 0.312370
0.157547 0.360637
0.158878 0.414707
0.170964 0.001038
0.183999 0.017059
0.184200 0.037617
0.184717 0.059083
0.184852 0.082490
0.184815 0.105774
0.184399 0.129964
0.183251 0.157527
0.182490 0.184371
0.180725 0.209958
0.176559 0.241437
0.170916 0.279869
0.169159 0.322499
0.168561 0.370065
0.172899 0.421428
0.181325 0.000885
0.196737 0.027919
0.197178 0.048872
0.197152 0.070457
0.197179 0.093662
0.196937 0.117645
0.196038 0.143351
0.195008 0.171575
0.193368 0.197564
0.189161 0.228441
0.183775 0.267464
0.179919 0.312404
0.179300 0.362476
0.178457 0.410028
0.191558 0.000793
0.209151 0.016866
0.209362 0.037288
0.210099 0.058800
0.209707 0.082222
0.209476 0.105486
0.208520 0.129612
0.208053 0.157716
0.206064 0.184370
0.201316 0.208097
0.198727 0.237711
0.194534 0.274913
0.191149 0.320780
0.190221 0.369921
0.189582 0.424452
0.201721 0.000155
0.221814 0.028036
0.222649 0.048243
0.222578 0.069962
0.222252 0.093391
0.221266 0.117113
0.220659 0.143709
0.220338 0.171821
0.216748 0.195400
0.212640 0.226861
0.207307 0.267313
0.203474 0.312930
0.201243 0.361511
0.200460 0.410580
0.212125 0.001168
0.234132 0.016454
0.235148 0.037064
0.235592 0.058465
0.235022 0.081677
0.234347 0.104755
0.233191 0.128920
0.232419 0.158962
0.229012 0.183337
0.224667 0.206593
0.219994 0.232830
0.218431 0.269416
0.214700 0.317541
0.211498 0.368961
0.208890 0.421843
0.222249 0.000382
0.247097 0.027284
0.248299 0.048000
0.248085 0.069216
0.247330 0.092678
0.246240 0.116045
0.244938 0.142690
0.242542 0.169850
0.237419 0.193152
0.234375 0.225012
0.231379 0.267302
0.227023 0.311195
0.223517 0.361659
0.221039 0.413297
0.232888 0.000048
0.259728 0.016794
0.260482 0.036747
0.261387 0.057885
0.260608 0.080874
0.259586 0.103506
0.257725 0.127589
0.255695 0.155902
0.253557 0.179947
0.248247 0.202852
0.245339 0.229094
0.241605 0.265160
0.237624 0.315033
0.233006 0.367394
0.231413 0.421000
0.243086 0.000939
0.272854 0.027014
0.274281 0.046975
0.274356 0.068309
0.273034 0.091561
0.270782 0.113965
0.269052 0.140223
0.267284 0.167024
0.262365 0.190858
0.259059 0.224714
0.256277 0.265634
0.251687 0.310933
0.246874 0.358430
0.241985 0.410978
0.253420 0.000915
0.285816 0.016928
0.287482 0.036294
0.288006 0.057149
0.286620 0.079429
0.284447 0.101247
0.282413 0.125289
0.280733 0.154000
0.274139 0.177653
0.270311 0.202129
0.266870 0.227434
0.265094 0.262009
0.261209 0.310645
0.254384 0.364955
0.251642 0.421292
0.264108 0.000316
0.300356 0.025884
0.301716 0.045751
0.300865 0.066150
0.298698 0.089081
0.296497 0.111598
0.293562 0.138293
0.290147 0.162981
0.286039 0.187930
0.281645 0.219733
0.280150 0.261610
0.276504 0.305819
0.269264 0.357941
0.263736 0.409441
0.274350 0.000584
0.313928 0.017053
0.315105 0.035105
0.315613 0.055115
0.314021 0.076876
0.311173 0.098798
0.307172 0.122347
0.303193 0.149323
0.301765 0.173794
0.299721 0.199961
0.296695 0.230406
0.288635 0.263772
0.283257 0.307198
0.276895 0.360928
0.271843 0.417907
0.285094 0.000373
0.329177 0.024983
0.330745 0.043665
0.330114 0.063891
0.326549 0.086439
0.321893 0.107864
0.318182 0.133266
0.315395 0.160594
0.310896 0.186895
0.308369 0.219255
0.305941 0.257319
0.301483 0.303761
0.294215 0.353257
0.285492 0.409585
0.295642 0.000063
0.344915 0.015987
0.346594 0.033911
0.346290 0.052631
0.343056 0.072523
0.338383 0.094006
0.333974 0.118772
0.330386 0.146450
0.322751 0.171920
0.314731 0.198368
0.312264 0.228557
0.313248 0.261047
0.307681 0.300527
0.298980 0.354738
0.294412 0.413682
0.306744 0.000951
0.362232 0.022388
0.363269 0.039049
0.360580 0.058717
0.355763 0.081662
0.350102 0.104938
0.344540 0.131549
0.338886 0.156966
0.336484 0.182410
0.333209 0.216778
0.331033 0.256360
0.326556 0.296753
0.320891 0.346489
0.308864 0.406514
0.318035 0.000273
0.378557 0.014447
0.379973 0.031017
0.379237 0.048901
0.374082 0.068855
0.366580 0.090584
0.359430 0.114906
0.353910 0.141561
0.351095 0.168368
0.349115 0.197765
0.347350 0.230789
0.342546 0.264870
0.332355 0.299087
0.325364 0.347324
0.316971 0.408492
0.328929 0.000106
0.398487 0.017724
0.397867 0.035029
0.394108 0.053654
0.386212 0.075404
0.378865 0.098125
0.373682 0.124926
0.366596 0.153127
0.357543 0.181864
0.352593 0.215773
0.351001 0.251747
0.350219 0.292385
0.345347 0.343429
0.337657 0.403109
0.340566 0.000601
0.415949 0.005385
0.416123 0.026207
0.414608 0.040974
0.406769 0.060548
0.396964 0.085530
0.389614 0.112166
0.381725 0.139529
0.372441 0.165559
0.363773 0.194299
0.361441 0.228442
0.360493 0.266189
0.359666 0.293478
0.352567 0.336505
0.335639 0.397871
0.352366 0.000990
0.436324 0.018167
0.433774 0.034209
0.426383 0.053075
0.415404 0.072606
0.404731 0.096259
0.396676 0.122561
0.392517 0.149611
0.391845 0.178286
0.389066 0.212580
0.383174 0.247419
0.377816 0.283782
0.379289 0.333449
0.362275 0.393182
0.364650 0.000312
0.422106 0.000400
0.455050 0.017384
0.451885 0.033185
0.441217 0.052468
0.428609 0.077245
0.420323 0.104805
0.412113 0.132555
0.403295 0.162636
0.399402 0.194439
0.393187 0.229802
0.387956 0.266252
0.382114 0.307402
0.360353 0.331220
0.368195 0.393666
0.377723 0.000569
0.469194 0.001659
0.466494 0.032112
0.457294 0.047302
0.445208 0.067753
0.433624 0.094026
0.424480 0.119673
0.413299 0.146191
0.406118 0.176193
0.399765 0.207314
0.394559 0.240556
0.390780 0.275287
0.383914 0.316263
0.373686 0.386133
0.390318 0.000835
0.460131 0.000495
0.489371 0.000566
0.476750 0.027540
0.474961 0.045567
0.474748 0.077274
0.461636 0.094747
0.448770 0.131297
0.444475 0.164234
0.439448 0.194894
0.433937 0.229231
0.431975 0.255737
0.426883 0.295260
0.416618 0.330978
0.388574 0.362699
0.432879 0.000112
0.479285 0.000542
0.537860 0.036803
0.495194 0.044683
0.467688 0.059990
0.448724 0.081016
0.440525 0.111823
0.435003 0.145087
0.430551 0.174891
0.427473 0.208680
0.423189 0.238995
0.417922 0.280267
0.406512 0.317367
0.391289 0.355495
0.405599 0.000881
0.445524 0.000977
0.508495 0.000669
0.495667 0.038366
0.490149 0.062710
0.482083 0.070921
0.466616 0.104964
0.456819 0.119141
0.445132 0.151357
0.441964 0.186326
0.440321 0.222197
0.434676 0.260853
0.420339 0.290044
0.414534 0.325330
0.398716 0.352400
0.532405 0.000932
0.497220 0.000128
0.481553 0.015254
0.485539 0.066044
0.499383 0.058633
0.514593 0.075972
0.527129 0.106318
0.538411 0.145482
0.543434 0.174736
0.554275 0.216244
0.551030 0.250952
0.559424 0.275651
0.570822 0.302866
0.583392 0.338992
0.596811 0.000277
0.550773 0.000508
0.444939 0.010798
0.495261 0.030099
0.516235 0.052559
0.535145 0.074643
0.546956 0.096651
0.553434 0.125881
0.556249 0.156755
0.561552 0.189763
0.563736 0.217515
0.567091 0.258151
0.574104 0.300309
0.578962 0.330556
0.605652 0.357848
0.582240 0.000298
0.518766 0.000197
0.498237 0.010936
0.512515 0.035724
0.511652 0.067211
0.522016 0.091223
0.536549 0.115297
0.545783 0.139360
0.550993 0.176252
0.550385 0.205241
0.556856 0.243852
0.554151 0.270000
0.570308 0.318280
0.611148 0.370520
0.611166 0.000939
0.565300 0.000412
0.517251 0.015757
0.528728 0.034704
0.538416 0.058043
0.551613 0.080846
0.561607 0.106619
0.571051 0.133186
0.581144 0.160994
0.586757 0.191408
0.591764 0.222871
0.598561 0.258628
0.606567 0.295474
0.602537 0.339664
0.610832 0.378321
0.623771 0.000604
0.533192 0.001416
0.534520 0.020098
0.542817 0.044066
0.556012 0.063604
0.566611 0.089863
0.575045 0.118761
0.582726 0.147277
0.589729 0.177618
0.591558 0.211642
0.598883 0.247597
0.605948 0.283886
0.611421 0.333027
0.620375 0.386545
0.636734 0.000381
0.558705 0.005404
0.551058 0.025550
0.557732 0.040666
0.568917 0.061290
0.581581 0.084061
0.590802 0.108683
0.596227 0.135126
0.598507 0.162920
0.599811 0.193044
0.603945 0.228389
0.609274 0.261271
0.618414 0.297707
0.628925 0.339025
0.636181 0.393829
0.649050 0.000421
0.572414 0.016933
0.573666 0.031720
0.578539 0.050533
0.588761 0.072860
0.597922 0.097906
0.605175 0.125462
0.613916 0.152232
0.622611 0.179211
0.628024 0.210687
0.626904 0.245951
0.629348 0.289557
0.636287 0.342505
0.642896 0.395799
0.660523 0.000202
0.594404 0.011155
0.592775 0.029377
0.592680 0.044680
0.599863 0.062851
0.608707 0.085405
0.614864 0.111042
0.620482 0.138564
0.628519 0.166748
0.634764 0.197218
0.638230 0.232075
0.645694 0.266752
0.648420 0.299044
0.653971 0.345783
0.657652 0.398895
0.672063 0.000409
0.611969 0.021728
0.610802 0.038458
0.613965 0.058243
0.620597 0.079570
0.628328 0.101083
0.634763 0.127435
0.638711 0.154084
0.641016 0.181549
0.643125 0.214477
0.645428 0.250403
0.647995 0.292444
0.659207 0.343207
0.663156 0.406334
0.683243 0.000171
0.629368 0.014744
0.628343 0.032301
0.629220 0.050193
0.632824 0.069742
0.638612 0.091794
0.644629 0.117079
0.649645 0.143829
0.654160 0.168803
0.656027 0.197074
0.657170 0.233306
0.662945 0.260026
0.670862 0.301413
0.677879 0.352439
0.683747 0.409185
0.694243 0.000279
0.645882 0.023544
0.644962 0.041632
0.647032 0.060991
0.651515 0.082788
0.656093 0.104917
0.659646 0.131970
0.665263 0.158621
0.672116 0.183512
0.677767 0.214053
0.673182 0.254879
0.677222 0.303904
0.684318 0.351835
0.689006 0.406418
0.705369 0.000347
0.663510 0.017482
0.662150 0.034871
0.661598 0.054269
0.664221 0.074787
0.668687 0.095528
0.673024 0.118799
0.675264 0.145702
0.677604 0.171933
0.681058 0.200063
0.686426 0.229914
0.690391 0.263855
0.693875 0.304982
0.702224 0.358118
0.704629 0.414211
0.715847 0.000772
0.678841 0.025894
0.677717 0.044669
0.678641 0.064683
0.681024 0.087349
0.684520 0.108791
0.688444 0.134541
0.690180 0.159818
0.690705 0.185319
0.692700 0.220220
0.697294 0.256678
0.701053 0.302851
0.708792 0.354795
0.714088 0.410779
0.726513 0.000339
0.694239 0.018543
0.693153 0.036401
0.693382 0.056358
0.695182 0.077572
0.697247 0.098676
0.699414 0.123106
0.702476 0.150086
0.705350 0.172630
0.706685 0.199038
0.710890 0.228999
0.714878 0.262699
0.718721 0.308041
0.723842 0.363323
0.726073 0.417486
0.737101 0.000498
0.708960 0.026671
0.707845 0.046828
0.708560 0.067053
0.710707 0.089742
0.712552 0.111045
0.714061 0.137795
0.715945 0.161392
0.720964 0.186295
0.724655 0.221987
0.723279 0.262339
0.725828 0.309614
0.732021 0.358555
0.737232 0.412039
0.747351 0.000103
0.724047 0.019123
0.723337 0.037087
0.722852 0.057940
0.723643 0.079916
0.725499 0.100961
0.727579 0.124455
0.728486 0.151474
0.731740 0.175882
0.731959 0.202709
0.734605 0.226417
0.739380 0.262109
0.741527 0.312202
0.746235 0.366277
0.750500 0.420258
0.757797 0.000322
0.738086 0.027485
0.737380 0.047871
0.737610 0.068546
0.738488 0.091613
0.739991 0.113192
0.741416 0.140002
0.743746 0.164681
0.741388 0.185999
0.745390 0.222906
0.748493 0.266089
0.751430 0.311141
0.755404 0.360312
0.757930 0.411096
0.768197 0.000318
0.752468 0.019228
0.751655 0.037780
0.751331 0.058708
0.751981 0.081199
0.752772 0.102550
0.753917 0.126980
0.755357 0.153268
0.754061 0.172793
0.762002 0.203310
0.763626 0.225971
0.765628 0.262927
0.764448 0.314653
0.768049 0.367759
0.769889 0.423076
0.778251 0.000174
0.766016 0.027553
0.765112 0.048433
0.765154 0.069386
0.765866 0.092638
0.766938 0.114686
0.767671 0.142083
0.769659 0.166121
0.775938 0.194250
0.772173 0.227513
0.774328 0.269198
0.775381 0.314439
0.777794 0.361440
0.779279 0.410325
0.788764 0.000498
0.779456 0.018231
0.778873 0.037752
0.778426 0.058873
0.778774 0.081993
0.779236 0.103737
0.780357 0.128095
0.780314 0.155663
0.784288 0.175754
0.781137 0.196328
0.787153 0.226328
0.786954 0.262294
0.788222 0.314782
0.789512 0.369271
0.787621 0.422279
0.798636 0.000884
0.792326 0.027766
0.791834 0.048450
0.791742 0.069662
0.791930 0.093192
0.792500 0.115481
0.792839 0.142831
0.793755 0.168642
0.795739 0.191807
0.798697 0.231682
0.798181 0.270075
0.800443 0.314505
0.800756 0.361652
0.799860 0.413529
0.809089 0.000995
0.805065 0.017286
0.804842 0.037395
0.804680 0.058879
0.804768 0.081789
0.804828 0.104273
0.805162 0.128224
0.805086 0.156365
0.807426 0.178442
0.814411 0.200820
0.808369 0.228069
0.809426 0.265427
0.812423 0.316180
0.811386 0.369160
0.811526 0.422235
0.819136 0.000720
0.817769 0.027613
0.817527 0.048300
0.817639 0.069566
0.817150 0.092824
0.817451 0.115924
0.817510 0.142292
0.817620 0.169678
0.819291 0.194185
0.822081 0.226018
0.822236 0.268051
0.824187 0.310888
0.822443 0.360809
0.820976 0.410363
0.829353 0.000488
0.829783 0.016430
0.830044 0.037159
0.830195 0.058161
0.829975 0.081482
0.829649 0.104261
0.829778 0.127936
0.828818 0.156101
0.829606 0.180833
0.830906 0.205457
0.833622 0.233311
0.833658 0.268542
0.834477 0.316186
0.831089 0.367890
0.829029 0.421810
0.839809 0.000509
0.842355 0.027691
0.842784 0.047876
0.842892 0.069355
0.842353 0.092553
0.841896 0.115822
0.841438 0.140733
0.840487 0.168320
0.842087 0.193804
0.843614 0.224985
0.846424 0.264244
0.847338 0.309308
0.845161 0.359990
0.841807 0.411771
0.849718 0.000824
0.854182 0.016083
0.855184 0.036727
0.855602 0.058091
0.855126 0.081088
0.854286 0.103776
0.853445 0.127207
0.852828 0.153992
0.852079 0.180884
0.853961 0.206984
0.856097 0.238615
0.857837 0.273661
0.857582 0.315473
0.854862 0.366231
0.852460 0.420949
0.860407 0.000429
0.867401 0.027256
0.868115 0.047549
0.867762 0.068835
0.866554 0.091485
0.865520 0.115122
0.865050 0.139859
0.864530 0.167292
0.863491 0.194433
0.864890 0.225126
0.867714 0.262617
0.869791 0.306856
0.867491 0.356805
0.862762 0.408196
0.870667 0.000942
0.878758 0.016130
0.880050 0.036144
0.879990 0.057255
0.879237 0.080262
0.878214 0.102908
0.877229 0.126632
0.876533 0.153249
0.875486 0.180149
0.874795 0.207606
0.875946 0.241119
0.879382 0.278785
0.879405 0.316228
0.875007 0.363330
0.870043 0.418479
0.881056 0.000138
0.891187 0.027053
0.892213 0.047182
0.892344 0.068235
0.890996 0.091032
0.889777 0.114436
0.888484 0.139216
0.887082 0.166266
0.885765 0.193957
0.885996 0.225537
0.888231 0.262445
0.889388 0.302694
0.888376 0.353368
0.884424 0.409971
0.891627 0.000212
0.902489 0.015303
0.904218 0.035961
0.904757 0.056533
0.903743 0.079583
0.902247 0.102301
0.900690 0.125756
0.898975 0.152139
0.897261 0.179462
0.896521 0.208020
0.897153 0.242746
0.898841 0.281304
0.900632 0.318927
0.898158 0.360455
0.894537 0.415239
0.902014 0.000556
0.915452 0.025579
0.917376 0.046472
0.916593 0.067120
0.914763 0.089860
0.913263 0.113496
0.910969 0.138040
0.908813 0.165491
0.906921 0.193804
0.907127 0.225858
0.908489 0.263281
0.908507 0.302659
0.909424 0.345838
0.905135 0.403621
0.912878 0.000461
0.926865 0.014492
0.929273 0.035138
0.928997 0.055287
0.927493 0.078463
0.925729 0.101494
0.924109 0.124693
0.921604 0.151184
0.919000 0.178599
0.917259 0.208828
0.917778 0.243605
0.918803 0.282414
0.920875 0.324450
0.916476 0.359341
0.913359 0.412640
0.923182 0.000937
0.939526 0.025848
0.942030 0.044823
0.940042 0.066950
0.937647 0.090254
0.936245 0.113490
0.933981 0.138073
0.931956 0.164819
0.927919 0.193399
0.928661 0.226130
0.929224 0.262855
0.929605 0.303479
0.926176 0.342490
0.927331 0.404278
0.934269 0.000357
0.951664 0.015633
0.954147 0.032567
0.951613 0.055082
0.949677 0.080296
0.949713 0.103595
0.948059 0.126179
0.946387 0.152871
0.942899 0.179811
0.939959 0.211143
0.939086 0.245278
0.936943 0.282316
0.937473 0.325496
0.939646 0.364822
0.938476 0.398122
0.944466 0.000069
0.967955 0.018906
0.964323 0.044625
0.962847 0.069921
0.962915 0.094124
0.961435 0.117597
0.956122 0.141106
0.952877 0.167538
0.947826 0.195706
0.946019 0.228848
0.946666 0.265046
0.947117 0.303314
0.951220 0.350080
0.951174 0.391675
0.955347 0.000516
0.975055 0.000268
0.974538 0.034276
0.972041 0.057741
0.972072 0.083447
0.971686 0.108540
0.972390 0.132748
0.967359 0.155911
0.966375 0.184688
0.960804 0.215207
0.965090 0.252995
0.962483 0.286172
0.953191 0.326444
0.949061 0.369570
0.952711 0.408559
0.965469 0.000849
0.982851 0.018915
0.983474 0.046315
0.983198 0.069945
0.983531 0.096409
0.987054 0.124395
0.976673 0.145683
0.976133 0.176573
0.965470 0.198370
0.969401 0.241193
0.970237 0.268393
0.966095 0.305770
0.970063 0.343203
0.969862 0.408061
0.985407 0.000134
0.998883 0.023711
0.999612 0.043182
0.999650 0.075430
0.999414 0.107890
0.999901 0.143699
0.989654 0.173736
0.998066 0.206418
0.979843 0.217431
0.985606 0.235307
0.984096 0.287234
0.984343 0.314798
0.983058 0.334444
0.978046 0.366733
0.981135 0.404097
0.998972 0.000632
0.999809 0.033357
0.999239 0.064485
0.999241 0.096646
0.999030 0.131755
0.999822 0.165903
0.999824 0.194418
0.999937 0.233103
0.999910 0.263535
0.999111 0.287704
0.999240 0.327505
0.999878 0.359314
0.998038 0.388366
0.972158 0.375130
0.998690 0.000380
0.999936 0.012558
0.999147 0.054145
0.999429 0.085822
0.999898 0.118752
0.999067 0.154177
0.999504 0.182871
0.999158 0.218416
0.999920 0.252188
0.999607 0.274991
0.998697 0.313640
0.999713 0.351603
0.999384 0.384226
0.997776 0.421473
0.996706 0.419884
