0.000597 0.025084
0.000200 0.062695
0.000019 0.092351
0.000673 0.122674
0.000304 0.133143
0.085413 0.271646
0.000741 0.176303
0.000505 0.187219
0.001074 0.289304
0.132981 0.307358
0.148536 0.372456
0.107433 0.265517
0.071478 0.256841
0.170390 0.316671
0.001076 0.015541
0.000196 0.043454
0.000472 0.072713
0.027868 0.054462
0.031933 0.213962
0.000219 0.198249
0.000081 0.165260
0.001114 0.267096
0.000225 0.232381
0.000601 0.244509
0.019226 0.291951
0.032434 0.294552
0.128223 0.294890
0.123940 0.265188
0.164753 0.278285
0.001130 0.000924
0.000292 0.053093
0.000273 0.082318
0.000519 0.102300
0.000787 0.112311
0.000535 0.209404
0.000744 0.154450
0.000767 0.281242
0.000677 0.220831
0.102308 0.303507
0.040315 0.286946
0.108435 0.284766
0.152359 0.299424
0.159861 0.358129
0.000357 0.001109
0.023317 0.025672
0.024700 0.040931
0.026467 0.087509
0.030359 0.174420
0.068152 0.184473
0.042469 0.165324
0.000237 0.255756
0.078385 0.240355
0.051853 0.228172
0.051032 0.247825
0.096855 0.298320
0.069230 0.275357
0.072574 0.282991
0.169360 0.340337
0.012459 0.000432
0.050703 0.039587
0.000786 0.034232
0.025082 0.070104
0.000077 0.143780
0.047984 0.206748
0.046044 0.184705
0.065315 0.201281
0.034098 0.239981
0.082871 0.212452
0.043844 0.261942
0.132921 0.229748
0.101208 0.248296
0.144638 0.379106
0.030476 0.000167
0.021904 0.000684
0.060807 0.065200
0.044324 0.054361
0.034035 0.194435
0.026905 0.128479
0.059517 0.146505
0.065622 0.165054
0.072689 0.226958
0.100352 0.208680
0.109687 0.189314
0.095013 0.229054
0.155779 0.317418
0.159574 0.335727
0.196485 0.340563
0.038859 0.000016
0.053191 0.024527
0.040859 0.073117
0.053714 0.108798
0.040580 0.142855
0.040216 0.122453
0.083553 0.168588
0.140112 0.181195
0.031927 0.230589
0.085089 0.185564
0.033196 0.273173
0.122341 0.246975
0.114420 0.225310
0.139960 0.288441
0.047408 0.000834
0.036757 0.027781
0.068235 0.027709
0.065917 0.048478
0.039922 0.095594
0.066827 0.094707
0.028838 0.152506
0.078589 0.145055
0.121998 0.174268
0.103796 0.173206
0.119114 0.207883
0.165264 0.230169
0.154862 0.242158
0.199015 0.285493
0.186744 0.354759
0.056192 0.000684
0.084823 0.026260
0.082109 0.040814
0.054966 0.082342
0.075473 0.078724
0.029319 0.107904
0.072381 0.114401
0.061275 0.128919
0.180991 0.196171
0.132162 0.196674
0.151970 0.205997
0.180631 0.241598
0.140089 0.254987
0.192113 0.259115
0.064853 0.000050
0.073482 0.000743
0.100091 0.028667
0.096012 0.054054
0.079882 0.061552
0.093346 0.073307
0.098316 0.114460
0.083727 0.100422
0.096107 0.153178
0.159588 0.190983
0.203145 0.238390
0.143456 0.221118
0.183080 0.278079
0.167880 0.258770
0.171753 0.375623
0.082120 0.000801
0.116159 0.026239
0.127267 0.040812
0.121532 0.057383
0.110959 0.069773
0.096727 0.091226
0.084664 0.127515
0.101445 0.135648
0.115388 0.153314
0.170389 0.176452
0.170930 0.211709
0.196012 0.209512
0.206686 0.263140
0.195371 0.368846
0.090735 0.000796
0.107856 0.000656
0.134683 0.026072
0.108145 0.043085
0.126110 0.079447
0.112868 0.090348
0.114186 0.108440
0.116557 0.128719
0.131309 0.141665
0.135079 0.158762
0.191476 0.181976
0.189194 0.224164
0.255204 0.300702
0.181816 0.298746
0.179261 0.400000
0.099297 0.000413
0.145680 0.041955
0.139065 0.060934
0.142715 0.078740
0.148089 0.097603
0.131058 0.101110
0.132539 0.120317
0.148719 0.139357
0.161164 0.151348
0.152040 0.167634
0.211540 0.205917
0.232127 0.268471
0.226831 0.284533
0.152259 0.272064
0.116491 0.000215
0.142345 0.000310
0.152302 0.026706
0.156080 0.060292
0.159283 0.081866
0.169078 0.097905
0.148334 0.117347
0.181041 0.141200
0.177859 0.160811
0.195309 0.162876
0.208713 0.185364
0.216985 0.228686
0.248091 0.275341
0.245256 0.321149
0.192739 0.310886
0.125095 0.000639
0.164071 0.041666
0.171810 0.066205
0.180286 0.083403
0.197998 0.083769
0.167380 0.114326
0.165692 0.130636
0.198634 0.142698
0.225505 0.183821
0.227029 0.208268
0.232379 0.238788
0.221652 0.254203
0.262089 0.354722
0.242225 0.350081
0.133728 0.000176
0.176657 0.000700
0.169876 0.026096
0.190716 0.065265
0.188235 0.102507
0.185674 0.121342
0.215055 0.143293
0.211923 0.164565
0.240296 0.221274
0.241099 0.172819
0.246972 0.248684
0.263486 0.284678
0.233767 0.367460
0.213634 0.295084
0.203807 0.319695
0.150938 0.000491
0.179180 0.049634
0.206284 0.061112
0.206457 0.102919
0.202620 0.122660
0.232815 0.139444
0.228554 0.159918
0.254471 0.184085
0.241240 0.196553
0.260722 0.261109
0.281018 0.304886
0.237287 0.303010
0.194489 0.382839
0.179926 0.415189
0.159522 0.000033
0.185046 0.027519
0.193774 0.041708
0.211077 0.042187
0.223156 0.101703
0.219860 0.121582
0.247827 0.152398
0.271291 0.184253
0.258542 0.206781
0.255815 0.227332
0.278736 0.278039
0.266464 0.314408
0.260492 0.333689
0.230896 0.338419
0.185426 0.418673
0.168101 0.000501
0.228461 0.044419
0.213917 0.081225
0.249367 0.081374
0.231400 0.081914
0.237173 0.119959
0.273188 0.210113
0.287157 0.192853
0.269706 0.237681
0.279544 0.330443
0.282321 0.348443
0.284203 0.368568
0.265211 0.376261
0.204244 0.411464
0.185188 0.000941
0.202207 0.025828
0.245303 0.043769
0.222623 0.063129
0.263684 0.094844
0.241217 0.098979
0.262491 0.162847
0.293507 0.175407
0.277540 0.252011
0.313174 0.304953
0.309537 0.266165
0.248835 0.370690
0.283435 0.414670
0.233378 0.407080
0.216322 0.413507
0.193676 0.000725
0.219377 0.026742
0.261764 0.045541
0.269409 0.077555
0.254181 0.111669
0.252283 0.133816
0.279133 0.163195
0.303552 0.224232
0.295325 0.284365
0.296787 0.303150
0.299065 0.325681
0.299762 0.385962
0.222904 0.315024
0.214808 0.337933
0.202201 0.000606
0.253058 0.000589
0.235169 0.026887
0.240026 0.063031
0.275602 0.106739
0.269387 0.124936
0.269731 0.143050
0.288278 0.144421
0.318502 0.207091
0.285116 0.228682
0.321930 0.339297
0.300972 0.343823
0.300409 0.364453
0.246709 0.420473
0.212555 0.386856
0.210701 0.000511
0.251178 0.026886
0.278140 0.040558
0.284793 0.085315
0.292594 0.101041
0.287746 0.124548
0.315603 0.172950
0.294504 0.207780
0.319877 0.228432
0.301051 0.244412
0.339797 0.341488
0.317311 0.383582
0.315333 0.411936
0.215668 0.359685
0.219192 0.000674
0.286644 0.000179
0.267249 0.026776
0.257650 0.063378
0.302339 0.080910
0.303745 0.115629
0.301189 0.158201
0.318395 0.151847
0.308130 0.191178
0.356785 0.226317
0.329253 0.267672
0.291627 0.262063
0.334315 0.386784
0.351693 0.369325
0.278691 0.394544
0.227680 0.000381
0.285038 0.026751
0.292648 0.065871
0.277001 0.060739
0.319830 0.119855
0.305140 0.135925
0.327082 0.136961
0.332424 0.181694
0.332984 0.198199
0.363088 0.263170
0.321400 0.322844
0.346478 0.291517
0.228043 0.388344
0.303373 0.403296
0.236134 0.001112
0.311736 0.000677
0.294408 0.047043
0.320024 0.081931
0.312609 0.098592
0.338957 0.119085
0.357605 0.120875
0.333362 0.162899
0.340655 0.215726
0.363538 0.164040
0.337905 0.234274
0.321143 0.248338
0.318249 0.283360
0.262740 0.392005
0.327846 0.413953
0.244592 0.000179
0.300537 0.027452
0.330410 0.067905
0.330329 0.100724
0.340590 0.082547
0.347742 0.101654
0.363495 0.142145
0.352722 0.178631
0.368852 0.188201
0.352709 0.198500
0.330682 0.299184
0.355800 0.342535
0.234283 0.422594
0.320142 0.360569
0.261455 0.000249
0.336677 0.000241
0.310624 0.062592
0.348070 0.062889
0.357457 0.085747
0.367009 0.104705
0.374471 0.124575
0.344808 0.137553
0.348168 0.155321
0.367776 0.210366
0.376113 0.227813
0.358644 0.305688
0.381076 0.265727
0.455526 0.396756
0.367110 0.285882
0.269839 0.000333
0.310876 0.041626
0.325602 0.051379
0.384181 0.071176
0.376035 0.087586
0.384763 0.107116
0.399730 0.164181
0.380784 0.145526
0.380991 0.164302
0.384694 0.182045
0.343226 0.252103
0.370443 0.406702
0.766270 0.336364
0.273248 0.419169
0.278283 0.000880
0.361538 0.000134
0.363487 0.069632
0.342370 0.044759
0.374066 0.056492
0.402107 0.105943
0.391543 0.126643
0.425869 0.119385
0.419802 0.159747
0.399409 0.192239
0.385017 0.205085
0.393644 0.225558
0.383537 0.247739
0.361988 0.244714
0.389705 0.404516
0.295050 0.000891
0.317543 0.026754
0.346180 0.027191
0.389950 0.046607
0.394176 0.088731
0.408719 0.123678
0.398859 0.146218
0.412051 0.178280
0.431748 0.176972
0.405479 0.211789
0.400708 0.245959
0.429206 0.262224
0.261966 0.420835
0.381101 0.390658
0.303393 0.000978
0.331557 0.030420
0.374961 0.035407
0.398484 0.063512
0.418149 0.100586
0.454210 0.099269
0.433100 0.138829
0.416220 0.141397
0.444339 0.119396
0.415114 0.228550
0.456889 0.232433
0.436758 0.233635
0.413885 0.280389
0.389081 0.280856
0.347170 0.272550
0.320146 0.000516
0.359664 0.044744
0.386060 0.026459
0.408143 0.045869
0.424747 0.041737
0.426421 0.082485
0.461126 0.120313
0.459461 0.155691
0.437619 0.194957
0.419444 0.197574
0.429483 0.215150
0.400654 0.316164
0.357258 0.410564
0.341031 0.316481
0.328356 0.001183
0.402855 0.000776
0.362001 0.026690
0.401123 0.029103
0.408898 0.082351
0.442939 0.083525
0.436036 0.102009
0.450886 0.138706
0.439542 0.157698
0.449720 0.215151
0.469535 0.172506
0.378704 0.302789
0.398384 0.295908
0.353424 0.394518
0.402780 0.400732
0.344957 0.000996
0.441299 0.047596
0.415331 0.064158
0.448648 0.065362
0.476596 0.086537
0.480263 0.120868
0.455579 0.196136
0.451079 0.174987
0.468255 0.354850
0.404808 0.265051
0.419359 0.246914
0.433634 0.280173
0.394153 0.374165
0.338449 0.413419
0.353239 0.000541
0.411062 0.000426
0.476825 0.000251
0.448184 0.026834
0.416448 0.026825
0.494088 0.086431
0.471739 0.103495
0.491869 0.104994
0.472731 0.192695
0.471184 0.138081
0.422284 0.356821
0.452377 0.270928
0.361331 0.324414
0.389771 0.336091
0.456629 0.309361
0.369801 0.000862
0.460398 0.000701
0.433407 0.027541
0.431040 0.062945
0.509329 0.145185
0.531961 0.152367
0.491384 0.140307
0.488637 0.178753
0.470544 0.213098
0.380168 0.322588
0.336574 0.364596
0.673541 0.376819
0.517477 0.394099
0.402859 0.347715
0.378083 0.000988
0.452193 0.000232
0.485010 0.000791
0.488136 0.053030
0.521011 0.043466
0.540655 0.195459
0.520914 0.198133
0.517477 0.164480
0.573346 0.270619
0.412486 0.373908
0.552943 0.380377
0.959718 0.182724
0.510996 0.309008
0.426753 0.389511
0.369745 0.353440
0.419266 0.000033
0.468567 0.000085
0.599979 0.043842
0.460748 0.079858
0.463639 0.057095
0.512326 0.227094
0.507373 0.183809
0.480552 0.156155
0.500728 0.260470
0.444958 0.250271
0.494065 0.397474
0.386387 0.358184
0.451616 0.377851
0.366925 0.375487
0.394656 0.000939
0.435739 0.000707
0.509614 0.000282
0.465543 0.026236
0.594219 0.216174
0.511901 0.079809
0.603998 0.351275
0.490826 0.198652
0.431732 0.338052
0.475761 0.233992
0.868385 0.248671
0.629835 0.366060
0.688783 0.380447
0.415864 0.397247
0.613766 0.382787
0.534214 0.000885
0.501425 0.000221
0.427509 0.000655
0.163669 0.387061
0.476276 0.067628
0.499324 0.124229
0.418635 0.299869
0.565597 0.330203
0.492030 0.278584
0.699054 0.374216
0.836271 0.245622
0.493417 0.349466
0.739439 0.344300
0.475605 0.370815
0.599981 0.000211
0.550765 0.001126
0.386331 0.000196
0.493213 0.001115
0.527903 0.028473
0.476707 0.041325
0.509175 0.099607
0.543476 0.167979
0.482166 0.253622
0.830581 0.423640
0.413784 0.329562
0.450226 0.395168
0.483436 0.385626
0.435741 0.366434
0.536877 0.383759
0.591758 0.000839
0.517829 0.000414
0.443977 0.000684
0.497080 0.027247
0.457362 0.040316
0.867112 0.220099
0.701337 0.343033
0.580745 0.381450
0.742212 0.387867
0.513634 0.357031
0.792467 0.409068
0.501526 0.396803
0.493836 0.366921
0.521268 0.289690
0.616490 0.000612
0.567167 0.000383
0.501702 0.042266
0.526006 0.000659
0.495617 0.069068
0.510175 0.059118
0.526299 0.064356
0.498647 0.163025
0.528553 0.179576
0.488900 0.220683
0.473976 0.272710
0.428584 0.314393
0.476270 0.295606
0.446959 0.327498
0.536795 0.363918
0.632973 0.000822
0.542471 0.000390
0.542530 0.025347
0.512563 0.026679
0.482406 0.027004
0.527037 0.086483
0.546018 0.138168
0.555864 0.153601
0.555159 0.184668
0.505678 0.209455
0.448508 0.350200
0.514457 0.273282
0.471065 0.317525
0.524191 0.379576
0.641273 0.000432
0.558955 0.000231
0.575643 0.028881
0.565247 0.046375
0.549705 0.038516
0.523673 0.134887
0.560181 0.124706
0.567477 0.169042
0.545860 0.222675
0.497329 0.238918
0.537913 0.279869
0.572193 0.384869
0.459873 0.288187
0.490044 0.313080
0.764890 0.353135
0.657796 0.000569
0.605356 0.027741
0.590201 0.026548
0.561424 0.026133
0.537305 0.049579
0.540535 0.074171
0.515154 0.118231
0.537542 0.121291
0.556367 0.206164
0.530784 0.237201
0.549089 0.318610
0.516221 0.249472
0.498550 0.293745
0.439510 0.298087
0.666088 0.000404
0.575359 0.000724
0.620103 0.025993
0.551949 0.060675
0.571202 0.063776
0.559018 0.078531
0.528656 0.105067
0.551943 0.108242
0.569729 0.141005
0.562131 0.229127
0.546826 0.247771
0.531956 0.261326
0.649121 0.372893
0.636309 0.388313
0.609155 0.376613
0.682576 0.000503
0.583516 0.000020
0.608207 0.000399
0.582727 0.045042
0.545250 0.093172
0.580170 0.080415
0.573411 0.110240
0.574008 0.209738
0.590456 0.196371
0.566979 0.248241
0.529333 0.216266
0.521020 0.345245
0.508259 0.328940
0.464781 0.338380
0.690757 0.000405
0.624719 0.000203
0.639051 0.026344
0.615602 0.078081
0.588961 0.063121
0.568180 0.093463
0.582862 0.124892
0.574128 0.188507
0.599187 0.153668
0.611620 0.165356
0.532941 0.304062
0.609640 0.204740
0.551138 0.299291
0.559684 0.284394
0.660088 0.359684
0.707446 0.000619
0.627638 0.039111
0.625146 0.095412
0.616208 0.050396
0.605375 0.064219
0.597096 0.083578
0.589423 0.101377
0.587810 0.172922
0.597778 0.239482
0.604569 0.182454
0.602183 0.263179
0.797517 0.365356
0.463414 0.253992
0.763049 0.372345
0.715926 0.000085
0.649540 0.000685
0.653859 0.027881
0.629114 0.062207
0.608168 0.099316
0.602535 0.117416
0.581068 0.154024
0.614779 0.136134
0.625681 0.153071
0.612505 0.225887
0.581224 0.230260
0.540165 0.339040
0.527562 0.322310
0.552950 0.264502
0.568413 0.366050
0.724275 0.001022
0.670438 0.025847
0.643654 0.045543
0.646870 0.063519
0.634723 0.079183
0.596352 0.135396
0.631927 0.131348
0.630429 0.173270
0.622159 0.189086
0.583386 0.252736
0.660856 0.340904
0.589598 0.364403
0.644111 0.384921
0.488685 0.331683
0.740973 0.000008
0.674373 0.000520
0.682784 0.034332
0.662448 0.041988
0.661932 0.061328
0.649064 0.087655
0.622298 0.115780
0.642585 0.148799
0.628205 0.217528
0.614562 0.248376
0.621064 0.299063
0.621190 0.270909
0.572936 0.344860
0.736474 0.388526
0.730604 0.360627
0.749319 0.000162
0.694038 0.027026
0.678927 0.051272
0.679068 0.069148
0.664823 0.080662
0.640326 0.104981
0.646745 0.121173
0.645145 0.227106
0.629461 0.239852
0.608318 0.285102
0.591621 0.278106
0.554865 0.347555
0.631907 0.325708
0.753148 0.395748
0.757778 0.000072
0.699082 0.000782
0.710151 0.025608
0.696062 0.054478
0.680074 0.090885
0.661954 0.100901
0.657383 0.137649
0.647773 0.169527
0.636236 0.202572
0.660367 0.239350
0.578895 0.292608
0.615533 0.318534
0.569680 0.307858
0.701355 0.326077
0.774115 0.368964
0.766205 0.000165
0.725899 0.026775
0.706415 0.041163
0.694892 0.075244
0.665922 0.117718
0.675404 0.133340
0.661325 0.156016
0.656096 0.212209
0.634970 0.260189
0.647211 0.276906
0.620723 0.349357
0.597779 0.301908
0.833312 0.429409
0.641930 0.339845
0.774645 0.000406
0.732611 0.000454
0.739983 0.029403
0.708745 0.081588
0.682340 0.111662
0.689451 0.140701
0.676503 0.160377
0.647513 0.190066
0.650866 0.252691
0.588468 0.335207
0.666166 0.267238
0.658704 0.302280
0.664528 0.285920
0.711158 0.359732
0.660543 0.327003
0.791609 0.000333
0.739856 0.052619
0.725790 0.043423
0.695280 0.098178
0.697692 0.122214
0.693594 0.160007
0.663830 0.181518
0.669369 0.199762
0.636824 0.289352
0.697082 0.309291
0.700494 0.287736
0.587616 0.315147
0.680129 0.301466
0.609311 0.331139
0.800209 0.000592
0.754237 0.025806
0.711823 0.059692
0.724610 0.084227
0.715801 0.122751
0.707560 0.141162
0.713412 0.160574
0.681816 0.179881
0.672667 0.225439
0.684307 0.212472
0.640979 0.309438
0.684666 0.279232
0.724285 0.349774
0.765656 0.317430
0.685079 0.343624
0.808753 0.000991
0.762573 0.061019
0.745483 0.068330
0.710419 0.104115
0.732937 0.126127
0.725567 0.144927
0.732394 0.164784
0.692907 0.194330
0.721371 0.224433
0.724569 0.272160
0.718001 0.313327
0.675676 0.320985
0.727697 0.325873
0.685492 0.366616
0.826015 0.000350
0.783157 0.000014
0.753947 0.043203
0.726212 0.066082
0.741267 0.087767
0.727966 0.103938
0.750604 0.128568
0.703455 0.178548
0.702574 0.221425
0.677080 0.249352
0.691986 0.236674
0.742780 0.261591
0.741287 0.281943
0.789144 0.344929
0.817274 0.426394
0.834710 0.000626
0.769171 0.027432
0.772403 0.043892
0.758971 0.080487
0.761955 0.097761
0.744657 0.107377
0.720577 0.182590
0.740213 0.186195
0.709589 0.202564
0.737277 0.229639
0.708126 0.269140
0.726931 0.244972
0.788345 0.407854
0.750592 0.326330
0.843384 0.000882
0.817280 0.000961
0.783879 0.026089
0.781188 0.058849
0.775725 0.078058
0.780527 0.104363
0.764181 0.114616
0.763784 0.143659
0.744577 0.146235
0.691684 0.259830
0.708382 0.244948
0.720385 0.291711
0.773882 0.296705
0.833104 0.328649
0.797411 0.390405
0.860841 0.000101
0.800672 0.024898
0.791773 0.040579
0.793674 0.068460
0.789594 0.088270
0.805438 0.091036
0.776051 0.127997
0.766563 0.161897
0.727740 0.202907
0.746546 0.205411
0.756763 0.219806
0.750681 0.242878
0.736502 0.304795
0.752338 0.299167
0.869613 0.001093
0.852120 0.000301
0.825187 0.023757
0.813063 0.032813
0.804797 0.050372
0.821231 0.052414
0.796601 0.110859
0.793384 0.131099
0.782407 0.149695
0.749226 0.168286
0.759640 0.188671
0.768754 0.230402
0.767656 0.257686
0.760101 0.275144
0.790968 0.327902
0.887285 0.000450
0.863613 0.025000
0.845540 0.024683
0.832730 0.036468
0.809550 0.069517
0.822407 0.090571
0.816734 0.108910
0.800100 0.151287
0.790744 0.171747
0.774391 0.178533
0.772499 0.205613
0.783025 0.245056
0.789275 0.263258
0.822915 0.417442
0.896120 0.000421
0.878438 0.000369
0.880411 0.024525
0.851220 0.039383
0.838404 0.055666
0.826386 0.071934
0.844778 0.073036
0.834829 0.110919
0.810232 0.127098
0.826479 0.132350
0.786327 0.195481
0.786563 0.220711
0.830052 0.219801
0.819211 0.301353
0.842079 0.395955
0.905093 0.000671
0.913350 0.024455
0.868954 0.040708
0.873270 0.058240
0.856029 0.058625
0.860512 0.079392
0.840082 0.091500
0.844572 0.124810
0.853008 0.141580
0.800972 0.202393
0.817939 0.150585
0.798947 0.234788
0.806946 0.252862
0.777424 0.276112
0.914003 0.000298
0.922964 0.000869
0.922198 0.039352
0.897221 0.024494
0.887074 0.039919
0.877534 0.076153
0.890998 0.093398
0.854347 0.101986
0.862867 0.117588
0.836989 0.150442
0.866720 0.153741
0.807309 0.171710
0.811089 0.218120
0.839223 0.388958
0.822466 0.336473
0.931913 0.000124
0.931184 0.023549
0.905396 0.041174
0.890371 0.058012
0.914021 0.077248
0.871435 0.094669
0.880605 0.111526
0.870639 0.133539
0.886115 0.150630
0.828043 0.168164
0.835779 0.185883
0.849843 0.195828
0.826676 0.200293
0.800920 0.305154
0.940846 0.000822
0.949563 0.024259
0.940073 0.038061
0.908574 0.059298
0.895848 0.075059
0.909558 0.095322
0.889055 0.129760
0.905108 0.133136
0.904908 0.152915
0.848719 0.166062
0.881632 0.190667
0.860597 0.178046
0.812534 0.187207
0.819404 0.237034
0.807920 0.333142
0.949858 0.000728
0.944888 0.054227
0.926139 0.056948
0.930566 0.074305
0.941445 0.088340
0.899312 0.111882
0.921993 0.158378
0.894186 0.170115
0.900634 0.196891
0.916456 0.204467
0.947043 0.224546
0.864287 0.203036
0.846242 0.218129
0.810840 0.364017
0.958976 0.000207
0.965732 0.023541
0.959150 0.040607
0.949305 0.069244
0.955945 0.121406
0.926581 0.097891
0.917158 0.116057
0.876393 0.169558
0.941448 0.192492
0.908598 0.177986
0.931739 0.210789
0.849242 0.239115
0.942051 0.245919
0.845131 0.312519
0.884570 0.210649
0.967763 0.000121
0.977802 0.030157
0.966016 0.058894
0.947613 0.104685
0.960592 0.161872
0.940139 0.170872
0.938730 0.153637
0.933115 0.230077
0.895905 0.272466
0.902147 0.216503
0.968379 0.228732
0.858139 0.349686
0.814086 0.279459
0.855591 0.257684
0.976602 0.001162
0.999182 0.001375
0.976434 0.047318
0.975111 0.115437
0.933834 0.117793
0.940263 0.133763
0.956569 0.205069
0.973702 0.191253
0.974765 0.240665
0.911325 0.233223
0.952414 0.271666
0.896802 0.245154
0.831170 0.379645
0.822928 0.264490
0.808728 0.376467
0.986035 0.000607
0.975708 0.070888
0.959823 0.083063
0.972545 0.132446
0.957679 0.142060
0.921692 0.138863
0.939468 0.265467
0.876227 0.271185
0.999427 0.253436
0.927707 0.266088
0.868861 0.300367
0.965128 0.252219
0.845847 0.340249
0.783033 0.312906
0.999998 0.015177
0.999125 0.043974
0.975884 0.088467
0.966734 0.102620
0.999574 0.104576
0.999368 0.181920
0.999576 0.136880
0.999492 0.147848
0.988980 0.275843
0.999931 0.267205
0.962732 0.272749
0.880568 0.238041
0.870104 0.283548
0.999093 0.229148
0.829591 0.292256
0.999725 0.000523
0.999350 0.053940
0.999761 0.073604
0.999970 0.094200
0.999980 0.115098
0.975184 0.172514
0.975006 0.211739
0.913246 0.253947
0.999519 0.241563
0.999440 0.193612
0.997119 0.278619
0.850587 0.285410
0.798850 0.288953
0.856178 0.307379
0.998999 0.024968
0.999732 0.034393
0.999526 0.063696
0.999823 0.083828
0.973711 0.150728
0.999992 0.125932
0.999501 0.205268
0.926430 0.180300
0.999914 0.216846
0.999620 0.158932
0.999354 0.170351
0.837782 0.268873
0.900941 0.267912
0.842211 0.359788
0.862928 0.352002
