0.000180 0.025070
0.000799 0.062748
0.000225 0.092379
0.000709 0.122724
0.000184 0.133221
0.086331 0.271123
0.000763 0.176301
0.000375 0.187182
0.001131 0.288552
0.133851 0.307519
0.148819 0.373206
0.107981 0.265332
0.072005 0.256118
0.170543 0.317285
0.000640 0.015486
0.000031 0.043502
0.000451 0.072761
0.027680 0.054308
0.031867 0.213419
0.000031 0.198180
0.000086 0.165278
0.001116 0.266959
0.000086 0.232271
0.000494 0.244278
0.019486 0.291670
0.033191 0.293711
0.128674 0.294774
0.124373 0.265378
0.164862 0.278943
0.001209 0.000308
0.000152 0.053146
0.000055 0.082408
0.000367 0.102363
0.000662 0.112400
0.000418 0.209292
0.000776 0.154481
0.000698 0.281285
0.000683 0.220792
0.102864 0.303203
0.040982 0.286395
0.109650 0.284590
0.153091 0.300015
0.159647 0.359026
0.000937 0.000981
0.023078 0.025378
0.024543 0.040674
0.026325 0.087266
0.030340 0.174077
0.068084 0.184391
0.042166 0.164984
0.000139 0.255530
0.078958 0.240147
0.051960 0.227581
0.051003 0.247277
0.098059 0.298144
0.070029 0.274703
0.073217 0.281491
0.169279 0.341021
0.012427 0.000233
0.050368 0.039509
0.000267 0.034286
0.024980 0.070130
0.000356 0.143815
0.048077 0.206298
0.046053 0.184456
0.065354 0.200806
0.034188 0.239714
0.082656 0.211981
0.044137 0.261363
0.132898 0.229838
0.101402 0.247808
0.144748 0.379724
0.030482 0.000772
0.021912 0.000452
0.060568 0.064957
0.044027 0.054465
0.034212 0.194044
0.026762 0.128260
0.059394 0.146363
0.065477 0.164714
0.073023 0.226727
0.100546 0.208295
0.109449 0.189142
0.095245 0.229060
0.155893 0.318255
0.159335 0.336121
0.196163 0.341126
0.038865 0.000342
0.052857 0.024345
0.040682 0.072864
0.053532 0.108505
0.040396 0.142541
0.040124 0.122048
0.083368 0.168422
0.139893 0.181052
0.031984 0.230241
0.084981 0.185497
0.033668 0.272209
0.122278 0.246687
0.114411 0.225520
0.140210 0.288211
0.047423 0.000719
0.036458 0.027916
0.067917 0.027932
0.065412 0.048261
0.039749 0.095384
0.066597 0.094545
0.028847 0.152202
0.078321 0.144835
0.121788 0.174076
0.103641 0.173003
0.119078 0.207612
0.165190 0.230245
0.154766 0.242183
0.198800 0.285772
0.186643 0.355610
0.056210 0.000639
0.084537 0.026230
0.081914 0.040859
0.054902 0.082185
0.075235 0.078615
0.029050 0.107624
0.072197 0.114179
0.061010 0.128581
0.180816 0.196031
0.132066 0.196540
0.151877 0.205852
0.180536 0.241725
0.140378 0.254820
0.191885 0.259288
0.064866 0.000737
0.073499 0.000474
0.099748 0.028619
0.095615 0.054164
0.079404 0.061511
0.093050 0.073236
0.098102 0.114326
0.083481 0.100247
0.095851 0.152919
0.159454 0.190931
0.202894 0.238639
0.143594 0.221132
0.183100 0.278602
0.167758 0.258639
0.171382 0.376554
0.082124 0.000739
0.115926 0.026354
0.126852 0.040778
0.121161 0.057429
0.110654 0.069778
0.096496 0.091149
0.084397 0.127450
0.101138 0.135479
0.115207 0.153139
0.170184 0.176289
0.170809 0.211654
0.195768 0.209558
0.206466 0.263647
0.194851 0.369427
0.090737 0.000659
0.107858 0.000363
0.134339 0.026152
0.107685 0.043185
0.125765 0.079228
0.112459 0.090304
0.113947 0.108237
0.116307 0.128443
0.130955 0.141462
0.134936 0.158658
0.191279 0.181732
0.189066 0.224230
0.254778 0.301263
0.181872 0.298970
0.178623 0.401036
0.099300 0.000663
0.145293 0.042042
0.138651 0.060971
0.142418 0.078811
0.147813 0.097592
0.130695 0.100819
0.132277 0.120119
0.148338 0.139109
0.160884 0.151103
0.151850 0.167460
0.211293 0.205826
0.231778 0.268690
0.226493 0.284828
0.152224 0.272553
0.116488 0.001033
0.142333 0.000178
0.151963 0.026811
0.155628 0.060255
0.158968 0.081804
0.168714 0.097850
0.148070 0.117139
0.180800 0.141018
0.177602 0.160595
0.195101 0.162733
0.208498 0.185334
0.216661 0.228647
0.247921 0.275721
0.245025 0.321558
0.192549 0.311353
0.125086 0.000434
0.163737 0.041615
0.171305 0.066175
0.179872 0.083367
0.197457 0.083749
0.167099 0.114212
0.165356 0.130575
0.198402 0.142664
0.225360 0.183775
0.226942 0.208197
0.232123 0.238976
0.221440 0.254163
0.261656 0.355513
0.241827 0.350830
0.133719 0.000815
0.176618 0.000391
0.169526 0.026067
0.190307 0.065215
0.187869 0.102493
0.185410 0.121295
0.214828 0.143270
0.211813 0.164570
0.240049 0.221435
0.240838 0.172869
0.246765 0.249016
0.263392 0.285091
0.232971 0.368224
0.213370 0.295505
0.203420 0.320401
0.150898 0.000278
0.178793 0.049746
0.205938 0.061170
0.206052 0.102787
0.202268 0.122603
0.232531 0.139304
0.228413 0.159735
0.254222 0.184249
0.241075 0.196626
0.260419 0.261625
0.280631 0.305191
0.236992 0.303431
0.193814 0.384159
0.179554 0.416330
0.159509 0.000532
0.184685 0.027525
0.193293 0.041726
0.210619 0.042195
0.222720 0.101626
0.219438 0.121553
0.247589 0.152463
0.270981 0.184283
0.258371 0.206906
0.255638 0.227511
0.278588 0.278377
0.265931 0.315148
0.260184 0.334268
0.230519 0.339126
0.184476 0.419810
0.168080 0.000309
0.227991 0.044484
0.213437 0.081201
0.248949 0.081393
0.230973 0.081906
0.236785 0.119843
0.272882 0.210382
0.286850 0.193062
0.269290 0.238074
0.279101 0.330959
0.281806 0.348997
0.283504 0.369346
0.264839 0.377056
0.203619 0.412575
0.185155 0.000644
0.201868 0.025878
0.244886 0.043748
0.222223 0.063107
0.263189 0.094860
0.240732 0.098947
0.262202 0.162933
0.293159 0.175462
0.277272 0.252194
0.312750 0.305351
0.309235 0.266276
0.248112 0.371566
0.282672 0.415282
0.232839 0.407719
0.215753 0.414592
0.193657 0.000333
0.219048 0.026737
0.261342 0.045615
0.269046 0.077547
0.253802 0.111616
0.251801 0.133813
0.278786 0.163327
0.303218 0.224418
0.295083 0.284793
0.296318 0.303558
0.298591 0.326050
0.298936 0.386487
0.222703 0.315377
0.214480 0.338460
0.202187 0.000468
0.253022 0.000078
0.234829 0.026899
0.239624 0.063072
0.275137 0.106737
0.268960 0.125001
0.269334 0.143128
0.287856 0.144464
0.318101 0.207147
0.284809 0.228880
0.321161 0.339744
0.300358 0.344316
0.299666 0.365050
0.246017 0.421323
0.212115 0.388093
0.210670 0.000643
0.250781 0.026888
0.277726 0.040518
0.284366 0.085316
0.292239 0.100886
0.287269 0.124519
0.315260 0.173142
0.294081 0.208023
0.319532 0.228550
0.300593 0.244661
0.339300 0.341829
0.316567 0.383995
0.314684 0.412356
0.215359 0.360281
0.219174 0.000360
0.286632 0.001045
0.266802 0.026769
0.257244 0.063409
0.302003 0.080858
0.303303 0.115675
0.300790 0.158237
0.317919 0.151903
0.307643 0.191288
0.356319 0.226518
0.328772 0.267931
0.291298 0.262430
0.333716 0.387186
0.351185 0.369738
0.278066 0.395111
0.227666 0.000249
0.284579 0.026679
0.292295 0.065901
0.276639 0.060645
0.319537 0.119835
0.304698 0.135903
0.326736 0.136952
0.332068 0.181759
0.332553 0.198287
0.362734 0.263299
0.320814 0.323347
0.346200 0.291738
0.227511 0.389012
0.302723 0.403872
0.236122 0.001096
0.311720 0.000351
0.293995 0.047082
0.319679 0.081841
0.312300 0.098646
0.338578 0.119068
0.357261 0.120867
0.332975 0.162843
0.340191 0.215827
0.363177 0.164069
0.337604 0.234450
0.320622 0.248475
0.317822 0.283747
0.261959 0.392820
0.327257 0.414206
0.244581 0.000475
0.300093 0.027420
0.330034 0.067778
0.330016 0.100656
0.340255 0.082421
0.347411 0.101579
0.363161 0.142067
0.352394 0.178661
0.368514 0.188274
0.352305 0.198590
0.330335 0.299571
0.355297 0.342778
0.233542 0.423403
0.319592 0.361019
0.261439 0.000464
0.336655 0.000421
0.310278 0.062450
0.347661 0.062734
0.357107 0.085685
0.366629 0.104638
0.374210 0.124607
0.344456 0.137602
0.347855 0.155325
0.367361 0.210481
0.375863 0.227880
0.358310 0.306030
0.380834 0.265869
0.455261 0.396782
0.366807 0.286078
0.269819 0.000444
0.310445 0.041447
0.325195 0.051377
0.383764 0.071235
0.375653 0.087638
0.384394 0.107116
0.399539 0.164216
0.380489 0.145540
0.380789 0.164206
0.384336 0.182009
0.342753 0.252481
0.369915 0.406941
0.767087 0.336175
0.272547 0.419721
0.278254 0.000628
0.361537 0.000307
0.363074 0.069638
0.341908 0.044663
0.373737 0.056486
0.401826 0.105908
0.391296 0.126663
0.425624 0.119278
0.419562 0.159715
0.399108 0.192274
0.384688 0.205139
0.393448 0.225522
0.383241 0.247790
0.361646 0.244725
0.389336 0.404702
0.295019 0.000459
0.317134 0.026729
0.345889 0.027188
0.389517 0.046602
0.393857 0.088774
0.408509 0.123576
0.398687 0.146150
0.411877 0.178400
0.431612 0.177057
0.405299 0.211876
0.400474 0.246088
0.428939 0.262374
0.261176 0.421516
0.380539 0.391030
0.303379 0.000924
0.331182 0.030311
0.374582 0.035334
0.398110 0.063514
0.417897 0.100483
0.454090 0.099164
0.432963 0.138861
0.416064 0.141403
0.444147 0.119363
0.414951 0.228684
0.456780 0.232648
0.436666 0.233751
0.413619 0.280670
0.388840 0.281045
0.346846 0.272745
0.320116 0.000074
0.359309 0.044859
0.385751 0.026542
0.407767 0.045767
0.424429 0.041738
0.426132 0.082375
0.460945 0.120346
0.459280 0.155820
0.437472 0.195102
0.419271 0.197683
0.429366 0.215298
0.400308 0.316556
0.356922 0.410920
0.340614 0.316868
0.328346 0.001052
0.402831 0.000713
0.361642 0.026780
0.400769 0.029121
0.408508 0.082208
0.442646 0.083469
0.435838 0.101938
0.450761 0.138772
0.439326 0.157777
0.449578 0.215266
0.469452 0.172623
0.378451 0.302990
0.398203 0.296114
0.352850 0.394817
0.402261 0.400726
0.344921 0.000662
0.441070 0.047510
0.414985 0.063995
0.448457 0.065249
0.476483 0.086507
0.480178 0.120955
0.455527 0.196298
0.450971 0.175141
0.467970 0.354896
0.404600 0.265205
0.419155 0.247107
0.433452 0.280412
0.393959 0.374285
0.337962 0.413641
0.353228 0.000271
0.411047 0.000275
0.476810 0.000134
0.447915 0.026831
0.416075 0.026780
0.494045 0.086576
0.471659 0.103514
0.491861 0.105078
0.472716 0.192832
0.471047 0.138120
0.422005 0.356969
0.452138 0.271068
0.360967 0.324831
0.389431 0.336307
0.456459 0.309523
0.369791 0.000862
0.460386 0.000653
0.433062 0.027592
0.430731 0.062867
0.509341 0.145298
0.532059 0.152510
0.491351 0.140530
0.488575 0.178852
0.470472 0.213206
0.379825 0.322861
0.335962 0.365134
0.674918 0.376983
0.517520 0.393942
0.402624 0.347995
0.378067 0.000980
0.452180 0.000878
0.484990 0.000488
0.487990 0.053117
0.520929 0.043543
0.540703 0.195593
0.520886 0.198298
0.517536 0.164615
0.573341 0.270531
0.412177 0.374089
0.553179 0.380410
0.959897 0.182590
0.510863 0.308964
0.426481 0.389704
0.369350 0.353816
0.419253 0.000888
0.468562 0.000568
0.600269 0.043946
0.460546 0.079801
0.463474 0.057065
0.512270 0.227209
0.507417 0.183906
0.480456 0.156227
0.500640 0.260547
0.444751 0.250429
0.494202 0.397181
0.386063 0.358429
0.451347 0.377809
0.366488 0.375729
0.394628 0.000931
0.435702 0.000185
0.509619 0.001014
0.465336 0.026288
0.594333 0.216292
0.511951 0.079840
0.604681 0.351427
0.490845 0.198700
0.431533 0.338178
0.475685 0.234075
0.867887 0.248380
0.630516 0.366333
0.690140 0.380456
0.415484 0.397180
0.614657 0.382766
0.534210 0.000848
0.501423 0.000654
0.427467 0.000158
0.163233 0.388009
0.476150 0.067673
0.499306 0.124360
0.418397 0.300163
0.565816 0.330147
0.491819 0.278628
0.700871 0.374749
0.836243 0.245637
0.493260 0.349309
0.740363 0.344606
0.475432 0.370698
0.599988 0.000726
0.550763 0.000918
0.386313 0.000080
0.493211 0.000917
0.527871 0.028630
0.476592 0.041309
0.509235 0.099669
0.543600 0.168084
0.482006 0.253804
0.831942 0.425068
0.413566 0.329801
0.449872 0.394906
0.483181 0.385553
0.435390 0.366459
0.537185 0.383256
0.591764 0.000572
0.517833 0.000291
0.443957 0.000263
0.496948 0.027291
0.457147 0.040286
0.866845 0.219616
0.701773 0.343403
0.580788 0.381379
0.744494 0.388401
0.513475 0.356898
0.794186 0.410533
0.501411 0.396511
0.493751 0.366980
0.521107 0.289682
0.616507 0.000325
0.567176 0.000382
0.501540 0.042353
0.526007 0.000282
0.495582 0.069220
0.510143 0.059138
0.526349 0.064452
0.498685 0.163175
0.528653 0.179731
0.488848 0.220761
0.473793 0.272860
0.428219 0.314531
0.476148 0.295776
0.446638 0.327566
0.536731 0.363850
0.632992 0.000734
0.542467 0.000736
0.542590 0.025442
0.512499 0.026747
0.482209 0.027013
0.527115 0.086689
0.546138 0.138275
0.556011 0.153748
0.555201 0.184905
0.505685 0.209553
0.448345 0.350221
0.514390 0.273317
0.470795 0.317557
0.524333 0.379438
0.641290 0.000930
0.558958 0.001004
0.575748 0.028922
0.565457 0.046402
0.549713 0.038721
0.523777 0.135080
0.560372 0.124915
0.567605 0.169274
0.545898 0.222749
0.497177 0.238994
0.537921 0.279835
0.572763 0.384699
0.459666 0.288225
0.489799 0.313088
0.766507 0.353599
0.657813 0.000275
0.605612 0.027741
0.590332 0.026703
0.561410 0.026251
0.537337 0.049720
0.540613 0.074339
0.515148 0.118345
0.537607 0.121409
0.556477 0.206256
0.530779 0.237223
0.548902 0.318599
0.516098 0.249457
0.498407 0.293824
0.439294 0.298241
0.666100 0.000431
0.575375 0.000246
0.620436 0.026090
0.552125 0.060828
0.571379 0.063862
0.559168 0.078684
0.528754 0.105180
0.552126 0.108380
0.569952 0.141199
0.562174 0.229095
0.546835 0.247776
0.531935 0.261398
0.650124 0.372961
0.637332 0.388294
0.609859 0.376687
0.682587 0.000363
0.583521 0.000704
0.608223 0.000049
0.583048 0.045116
0.545446 0.093353
0.580372 0.080545
0.573539 0.110381
0.574093 0.209878
0.590558 0.196570
0.567054 0.248355
0.529299 0.216270
0.521047 0.345310
0.508039 0.329071
0.464502 0.338434
0.690786 0.000228
0.624738 0.001051
0.639359 0.026578
0.615781 0.078283
0.589118 0.063212
0.568432 0.093639
0.583115 0.124989
0.574248 0.188694
0.599349 0.153826
0.611740 0.165583
0.532766 0.304082
0.609795 0.204924
0.551246 0.299477
0.559662 0.284414
0.660774 0.359821
0.707483 0.000095
0.627913 0.039352
0.625411 0.095525
0.616436 0.050569
0.605625 0.064457
0.597272 0.083695
0.589607 0.101433
0.587962 0.173083
0.597835 0.239693
0.604677 0.182689
0.602290 0.263244
0.799095 0.366389
0.463244 0.254046
0.765362 0.372800
0.715933 0.000917
0.649562 0.000201
0.654196 0.027869
0.629381 0.062351
0.608489 0.099462
0.602621 0.117510
0.581197 0.154290
0.614936 0.136198
0.625772 0.153190
0.612539 0.225939
0.581310 0.230377
0.540133 0.339131
0.527460 0.322362
0.552958 0.264537
0.568748 0.365928
0.724310 0.000814
0.670908 0.025978
0.644002 0.045767
0.647148 0.063758
0.634922 0.079301
0.596530 0.135516
0.632103 0.131458
0.630485 0.173363
0.622313 0.189249
0.583484 0.252715
0.661477 0.341307
0.590018 0.364411
0.645340 0.384716
0.488360 0.331668
0.740979 0.000770
0.674393 0.000916
0.683138 0.034589
0.662741 0.042035
0.662224 0.061265
0.649330 0.087855
0.622393 0.115933
0.642694 0.148891
0.628362 0.217695
0.614648 0.248497
0.621205 0.299197
0.621300 0.271120
0.573109 0.345090
0.738126 0.388805
0.732237 0.360579
0.749331 0.000004
0.694316 0.027042
0.679266 0.051447
0.679412 0.069321
0.664972 0.080697
0.640578 0.105021
0.646846 0.121154
0.645230 0.227184
0.629538 0.239918
0.608529 0.285318
0.591769 0.278259
0.555129 0.347547
0.632238 0.326178
0.755322 0.396153
0.757786 0.000751
0.699097 0.000658
0.710572 0.025740
0.696455 0.054730
0.680243 0.090946
0.662342 0.100944
0.657457 0.137694
0.647842 0.169596
0.636348 0.202670
0.660471 0.239448
0.579039 0.292754
0.615968 0.318830
0.569692 0.307952
0.701805 0.326441
0.776204 0.369654
0.766218 0.001100
0.726314 0.026897
0.706710 0.041146
0.695084 0.075613
0.666002 0.117817
0.675597 0.133380
0.661408 0.156012
0.656152 0.212335
0.635022 0.260214
0.647419 0.276934
0.621200 0.349392
0.597802 0.302053
0.835430 0.430898
0.642431 0.340060
0.774664 0.000277
0.732637 0.000386
0.740377 0.029486
0.709082 0.081684
0.682532 0.111741
0.689568 0.140769
0.676602 0.160325
0.647598 0.190187
0.650936 0.252834
0.588709 0.335299
0.666433 0.267366
0.658983 0.302566
0.664723 0.286243
0.712543 0.360075
0.660748 0.327346
0.791634 0.000166
0.740138 0.052755
0.726107 0.043597
0.695528 0.098221
0.697795 0.122295
0.693806 0.160018
0.663962 0.181462
0.669394 0.199802
0.637067 0.289615
0.697337 0.309459
0.700795 0.288007
0.587761 0.315239
0.680335 0.301680
0.609726 0.331313
0.800239 0.000202
0.754576 0.025793
0.712087 0.059748
0.724848 0.084312
0.715921 0.122856
0.707826 0.141266
0.713598 0.160692
0.681960 0.179852
0.672664 0.225488
0.684386 0.212590
0.641372 0.309625
0.684837 0.279401
0.725106 0.350507
0.766230 0.317646
0.685731 0.343681
0.808794 0.000694
0.762825 0.061045
0.745769 0.068544
0.710594 0.104364
0.733116 0.126210
0.725818 0.145078
0.732488 0.164952
0.692889 0.194504
0.721576 0.224749
0.724801 0.272440
0.718488 0.313557
0.676174 0.321303
0.728191 0.326132
0.686410 0.366791
0.826041 0.000201
0.783170 0.000958
0.754259 0.043355
0.726473 0.066257
0.741434 0.087985
0.728188 0.104112
0.750828 0.128790
0.703528 0.178763
0.702707 0.221650
0.677230 0.249485
0.692162 0.236909
0.742989 0.261771
0.741620 0.282402
0.790072 0.345360
0.818236 0.428326
0.834735 0.000450
0.769514 0.027416
0.772775 0.043908
0.759185 0.080693
0.762216 0.097916
0.744852 0.107591
0.720765 0.182867
0.740373 0.186489
0.709642 0.202819
0.737513 0.230014
0.708226 0.269351
0.727090 0.245323
0.788886 0.409561
0.751111 0.326806
0.843423 0.000498
0.817330 0.000625
0.784269 0.026100
0.781446 0.058909
0.775936 0.078123
0.780787 0.104582
0.764326 0.114780
0.763957 0.143755
0.744762 0.146423
0.691816 0.259984
0.708561 0.245203
0.720715 0.292040
0.773986 0.296900
0.833813 0.329166
0.797958 0.391956
0.860863 0.000777
0.801064 0.024886
0.792152 0.040585
0.793867 0.068618
0.789757 0.088426
0.805687 0.091246
0.776263 0.128090
0.766763 0.161979
0.727841 0.203090
0.746784 0.205477
0.756933 0.219981
0.750737 0.243007
0.736889 0.304963
0.752311 0.299269
0.869632 0.000825
0.852143 0.000991
0.825419 0.023833
0.813453 0.032955
0.805084 0.050487
0.821551 0.052592
0.796876 0.111047
0.793622 0.131207
0.782556 0.149726
0.749480 0.168380
0.759789 0.188636
0.768954 0.230488
0.767773 0.257828
0.760445 0.275535
0.791536 0.328146
0.887317 0.000909
0.863911 0.025029
0.845929 0.024606
0.833116 0.036515
0.809800 0.069667
0.822626 0.090687
0.816978 0.109078
0.800246 0.151367
0.790832 0.171669
0.774609 0.178577
0.772655 0.205611
0.783082 0.245253
0.789364 0.263544
0.823727 0.418546
0.896176 0.000011
0.878451 0.000274
0.880851 0.024533
0.851551 0.039454
0.838818 0.055631
0.826707 0.071996
0.845182 0.073136
0.835087 0.110973
0.810433 0.127193
0.826669 0.132488
0.786524 0.195437
0.786667 0.220694
0.829892 0.219733
0.819649 0.302010
0.843218 0.396624
0.905111 0.000502
0.913912 0.024377
0.869408 0.040674
0.873667 0.058184
0.856438 0.058683
0.860871 0.079501
0.840308 0.091588
0.844668 0.124780
0.853088 0.141477
0.801089 0.202460
0.818050 0.150573
0.798958 0.234978
0.806889 0.253024
0.777467 0.276315
0.914025 0.000082
0.922988 0.000774
0.922685 0.039352
0.897705 0.024452
0.887547 0.039885
0.877969 0.076165
0.891265 0.093389
0.854618 0.102031
0.863150 0.117664
0.837063 0.150356
0.866714 0.153557
0.807331 0.171569
0.811046 0.217758
0.839885 0.390744
0.822919 0.337600
0.931922 0.000839
0.931783 0.023532
0.905912 0.040989
0.890803 0.057977
0.914413 0.077198
0.871712 0.094720
0.880830 0.111504
0.870796 0.133428
0.886163 0.150406
0.827994 0.168089
0.835584 0.185493
0.849504 0.195680
0.826543 0.200157
0.801476 0.305983
0.940877 0.000368
0.950104 0.024033
0.940518 0.037930
0.908971 0.059128
0.896231 0.074963
0.909838 0.095126
0.889305 0.129610
0.905242 0.132929
0.905029 0.152711
0.848674 0.165878
0.881482 0.190426
0.860569 0.177927
0.812407 0.187062
0.819393 0.237090
0.808478 0.333867
0.949893 0.000203
0.945232 0.054051
0.926513 0.056933
0.930941 0.074137
0.941755 0.088120
0.899628 0.111747
0.922115 0.158290
0.894085 0.169789
0.900678 0.196754
0.916372 0.204570
0.946725 0.224502
0.864256 0.202803
0.846190 0.217849
0.812174 0.365118
0.959012 0.000066
0.966135 0.023298
0.959495 0.040359
0.949712 0.069037
0.955992 0.121194
0.926880 0.097709
0.917342 0.115849
0.876205 0.169382
0.941543 0.192290
0.908617 0.177620
0.931711 0.210805
0.848883 0.239027
0.941905 0.245647
0.845237 0.313303
0.884560 0.210633
0.967797 0.000971
0.978070 0.029946
0.966080 0.058606
0.947831 0.104515
0.960656 0.161562
0.940120 0.170698
0.938791 0.153290
0.933000 0.230059
0.894839 0.272449
0.901812 0.216555
0.968516 0.228616
0.858684 0.350809
0.814233 0.279925
0.854968 0.258007
0.976673 0.001121
0.999228 0.001234
0.976667 0.047148
0.975157 0.115153
0.934043 0.117447
0.940372 0.133393
0.956684 0.204964
0.973864 0.191038
0.974743 0.240724
0.910932 0.232843
0.952163 0.270981
0.896426 0.245083
0.832203 0.381147
0.822715 0.264578
0.809513 0.378232
0.986167 0.000131
0.975889 0.070555
0.960046 0.082848
0.972610 0.132172
0.957890 0.141794
0.921875 0.138579
0.938686 0.265334
0.875383 0.270917
0.999451 0.253361
0.927112 0.266158
0.868594 0.301138
0.964835 0.251938
0.846285 0.341597
0.783296 0.313344
0.999428 0.015152
0.999213 0.043995
0.976079 0.088267
0.966847 0.102321
0.999548 0.104621
0.999563 0.181883
0.999741 0.136884
0.999787 0.147838
0.988426 0.275473
0.999508 0.267201
0.962260 0.272164
0.880427 0.237707
0.869510 0.283633
0.999094 0.229111
0.829248 0.293056
0.999579 0.000210
0.999507 0.053963
0.999923 0.073632
0.998992 0.094226
0.999390 0.115126
0.975339 0.172243
0.975207 0.211363
0.912725 0.253751
0.999663 0.241439
0.999575 0.193597
0.996944 0.278384
0.849954 0.285711
0.798575 0.289507
0.856782 0.308360
0.999142 0.024952
0.999499 0.034399
0.999809 0.063729
0.999280 0.083867
0.973819 0.150352
0.999007 0.125949
0.999508 0.205261
0.926497 0.180156
0.998989 0.216836
0.999647 0.158912
0.999662 0.170286
0.837740 0.269426
0.900164 0.267436
0.842591 0.361125
0.863321 0.352930
