0.001023 0.025061
0.000527 0.062873
0.000190 0.092489
0.000525 0.122863
0.000360 0.133342
0.088280 0.270009
0.000728 0.176285
0.000022 0.187099
0.001299 0.287096
0.135551 0.307848
0.149224 0.374614
0.109018 0.264862
0.073035 0.254572
0.170848 0.318448
0.000084 0.015392
0.000153 0.043579
0.000773 0.072857
0.027278 0.054125
0.031650 0.212167
0.000168 0.198121
0.000615 0.165310
0.001120 0.266601
0.000564 0.232161
0.000219 0.243792
0.020088 0.291013
0.034674 0.291884
0.129325 0.294654
0.125224 0.265642
0.165190 0.280139
0.000777 0.000257
0.000171 0.053242
0.000772 0.082519
0.000703 0.102496
0.000117 0.112630
0.000105 0.209039
0.000703 0.154568
0.000477 0.281338
0.000606 0.220668
0.103912 0.302393
0.042235 0.285220
0.111932 0.284203
0.154611 0.301237
0.159188 0.360670
0.000747 0.000672
0.022715 0.024825
0.024305 0.040212
0.025971 0.086973
0.030203 0.173331
0.067936 0.184137
0.041565 0.164192
0.000068 0.255170
0.080103 0.239704
0.052280 0.226268
0.051019 0.246199
0.100497 0.297805
0.071428 0.273342
0.074537 0.278705
0.169107 0.342293
0.012398 0.000316
0.049761 0.039345
0.000835 0.034354
0.024713 0.070291
0.000204 0.143874
0.048255 0.205351
0.046043 0.183828
0.065507 0.199863
0.034266 0.239350
0.082235 0.210878
0.044660 0.260239
0.132827 0.229993
0.101788 0.246807
0.145056 0.380799
0.030543 0.000192
0.021939 0.000350
0.060113 0.064514
0.043493 0.054731
0.034368 0.193212
0.026437 0.127878
0.059122 0.146110
0.065121 0.163931
0.073625 0.226093
0.100848 0.207393
0.108916 0.188808
0.095717 0.228984
0.156075 0.319891
0.158861 0.336824
0.195505 0.342180
0.038905 0.000955
0.052292 0.023979
0.040336 0.072463
0.053118 0.108000
0.040001 0.141924
0.039910 0.121297
0.082964 0.167991
0.139464 0.180739
0.031920 0.229312
0.084829 0.185413
0.034586 0.270273
0.122136 0.246084
0.114357 0.225861
0.140737 0.287601
0.047479 0.000641
0.036043 0.028183
0.067408 0.028352
0.064498 0.047782
0.039370 0.095084
0.066104 0.094292
0.028824 0.151594
0.077700 0.144427
0.121367 0.173644
0.103277 0.172545
0.118983 0.206978
0.165080 0.230340
0.154579 0.242243
0.198403 0.286239
0.186450 0.357122
0.056269 0.000606
0.084033 0.026112
0.081611 0.040934
0.054765 0.081966
0.074794 0.078461
0.028410 0.107164
0.071791 0.113828
0.060442 0.127997
0.180450 0.195715
0.131873 0.196222
0.151665 0.205486
0.180368 0.241962
0.140967 0.254419
0.191404 0.259519
0.064927 0.000395
0.073531 0.000181
0.099113 0.028486
0.094901 0.054367
0.078496 0.061378
0.092534 0.073096
0.097625 0.114077
0.083004 0.099956
0.095309 0.152404
0.159167 0.190760
0.202352 0.239099
0.143905 0.221041
0.183160 0.279512
0.167558 0.258265
0.170650 0.378275
0.082138 0.000042
0.115496 0.026572
0.126057 0.040662
0.120458 0.057504
0.110020 0.069731
0.096015 0.090999
0.083810 0.127365
0.100502 0.135181
0.114807 0.152775
0.169747 0.175956
0.170574 0.211493
0.195242 0.209581
0.205999 0.264576
0.193888 0.370454
0.090742 0.000141
0.107866 0.000111
0.133680 0.026302
0.106814 0.043331
0.125148 0.078789
0.111698 0.090207
0.113475 0.107877
0.115795 0.127926
0.130214 0.141036
0.134641 0.158441
0.190856 0.181242
0.188795 0.224368
0.253871 0.302250
0.181971 0.299359
0.177370 0.403024
0.099314 0.000232
0.144524 0.042206
0.137837 0.061006
0.141844 0.078934
0.147274 0.097570
0.130022 0.100199
0.131748 0.119728
0.147542 0.138588
0.160308 0.150630
0.151465 0.167090
0.210770 0.205592
0.231053 0.269057
0.225779 0.285360
0.152157 0.273266
0.116481 0.000681
0.142306 0.000027
0.151284 0.027003
0.154738 0.060159
0.158373 0.081637
0.167986 0.097688
0.147558 0.116694
0.180318 0.140626
0.177051 0.160123
0.194664 0.162405
0.208033 0.185254
0.215949 0.228523
0.247533 0.276398
0.244481 0.322313
0.192158 0.312217
0.125068 0.000104
0.163058 0.041503
0.170318 0.066129
0.179067 0.083261
0.196404 0.083708
0.166536 0.113922
0.164672 0.130465
0.197924 0.142521
0.225051 0.183641
0.226748 0.208022
0.231578 0.239303
0.220947 0.254025
0.260793 0.356954
0.241015 0.352184
0.133699 0.000446
0.176560 0.000083
0.168797 0.026071
0.189496 0.065124
0.187183 0.102423
0.184904 0.121159
0.214399 0.143134
0.211602 0.164562
0.239533 0.221685
0.240340 0.172893
0.246347 0.249626
0.263171 0.285818
0.231269 0.369706
0.212843 0.296271
0.202658 0.321739
0.150857 0.000587
0.178008 0.049967
0.205228 0.061299
0.205249 0.102488
0.201595 0.122438
0.231974 0.138954
0.228147 0.159305
0.253775 0.184518
0.240748 0.196731
0.259779 0.262566
0.279843 0.305698
0.236313 0.304177
0.192540 0.386711
0.178780 0.418515
0.159445 0.000071
0.183946 0.027560
0.192340 0.041791
0.209693 0.042248
0.221864 0.101435
0.218614 0.121449
0.247131 0.152525
0.270378 0.184294
0.258021 0.207069
0.255303 0.227801
0.278262 0.278964
0.264858 0.316548
0.259508 0.335364
0.229722 0.340390
0.182618 0.421961
0.168031 0.000517
0.227022 0.044638
0.212497 0.081169
0.248102 0.081433
0.230096 0.081891
0.236024 0.119564
0.272316 0.210860
0.286212 0.193409
0.268441 0.238755
0.278228 0.331899
0.280752 0.350019
0.282106 0.370814
0.264074 0.378593
0.202368 0.414662
0.185094 0.000627
0.201182 0.026011
0.244032 0.043719
0.221425 0.063098
0.262160 0.094882
0.239752 0.098878
0.261612 0.163063
0.292479 0.175529
0.276731 0.252493
0.311951 0.306062
0.308645 0.266430
0.246639 0.373290
0.281176 0.416384
0.231763 0.408855
0.214577 0.416658
0.193624 0.000552
0.218365 0.026761
0.260499 0.045761
0.268293 0.077527
0.253037 0.111514
0.250829 0.133739
0.278103 0.163545
0.302522 0.224721
0.294620 0.285539
0.295390 0.304303
0.297666 0.326708
0.297313 0.387480
0.222268 0.315990
0.213740 0.339438
0.202152 0.000840
0.252986 0.001186
0.234148 0.026964
0.238802 0.063189
0.274216 0.106738
0.268086 0.125069
0.268531 0.143265
0.286996 0.144512
0.317244 0.207212
0.284198 0.229176
0.319665 0.340560
0.299179 0.345202
0.298244 0.366152
0.244612 0.422941
0.211248 0.390440
0.210630 0.000269
0.250017 0.026923
0.276910 0.040476
0.283482 0.085311
0.291515 0.100587
0.286292 0.124440
0.314525 0.173498
0.293249 0.208466
0.318836 0.228714
0.299688 0.245068
0.338345 0.342397
0.315117 0.384748
0.313382 0.413078
0.214683 0.361391
0.219138 0.000177
0.286597 0.000817
0.265896 0.026768
0.256408 0.063506
0.301326 0.080766
0.302371 0.115749
0.299976 0.158271
0.316945 0.151983
0.306694 0.191438
0.355374 0.226849
0.327814 0.268395
0.290660 0.263086
0.332505 0.387916
0.350212 0.370441
0.276812 0.396191
0.227637 0.000240
0.283679 0.026544
0.291587 0.065947
0.275892 0.060470
0.318955 0.119757
0.303813 0.135843
0.326007 0.136911
0.331327 0.181819
0.331656 0.198400
0.362037 0.263544
0.319692 0.324266
0.345663 0.292090
0.226380 0.390251
0.301444 0.404970
0.236073 0.000474
0.311697 0.000767
0.293194 0.047174
0.318989 0.081659
0.311652 0.098739
0.337791 0.118996
0.356538 0.120851
0.332168 0.162711
0.339233 0.215956
0.362473 0.164103
0.336969 0.234753
0.319572 0.248686
0.316989 0.284431
0.260385 0.394392
0.326069 0.414647
0.244553 0.000239
0.299227 0.027386
0.329282 0.067496
0.329342 0.100493
0.339535 0.082164
0.346738 0.101439
0.362499 0.141878
0.351692 0.178668
0.367845 0.188367
0.351488 0.198706
0.329665 0.300255
0.354327 0.343170
0.232067 0.424900
0.318497 0.361829
0.261398 0.000047
0.336617 0.000284
0.309554 0.062167
0.346836 0.062394
0.356413 0.085549
0.365851 0.104473
0.373687 0.124682
0.343739 0.137654
0.347204 0.155315
0.366532 0.210616
0.375381 0.227972
0.357670 0.306639
0.380367 0.266128
0.454710 0.396660
0.366232 0.286412
0.269792 0.000398
0.309595 0.041123
0.324389 0.051345
0.382934 0.071340
0.374889 0.087714
0.383655 0.107095
0.399198 0.164280
0.379912 0.145524
0.380395 0.163983
0.383668 0.181891
0.341794 0.253168
0.368841 0.407368
0.768714 0.335893
0.271193 0.420772
0.278201 0.001204
0.361530 0.000921
0.362243 0.069599
0.340991 0.044472
0.373062 0.056448
0.401288 0.105846
0.390828 0.126713
0.425158 0.119084
0.419134 0.159645
0.398538 0.192272
0.384053 0.205175
0.393072 0.225405
0.382642 0.247832
0.360971 0.244703
0.388625 0.404981
0.294975 0.000275
0.316339 0.026677
0.345327 0.027180
0.388651 0.046556
0.393195 0.088814
0.408115 0.123383
0.398365 0.145974
0.411567 0.178578
0.431365 0.177154
0.404974 0.211960
0.400024 0.246288
0.428405 0.262629
0.259566 0.422787
0.379440 0.391654
0.303333 0.000143
0.330434 0.030078
0.373818 0.035158
0.397355 0.063523
0.417416 0.100277
0.453889 0.098992
0.432722 0.138910
0.415771 0.141391
0.443774 0.119296
0.414652 0.228873
0.456586 0.232968
0.436471 0.233893
0.413085 0.281153
0.388349 0.281395
0.346204 0.273104
0.320083 0.000618
0.358574 0.045087
0.385130 0.026690
0.406998 0.045546
0.423781 0.041768
0.425546 0.082139
0.460629 0.120405
0.458945 0.156047
0.437208 0.195323
0.418953 0.197827
0.429158 0.215504
0.399637 0.317244
0.356253 0.411523
0.339805 0.317591
0.328316 0.000230
0.402759 0.000848
0.360948 0.026935
0.400046 0.029152
0.407733 0.081885
0.442083 0.083356
0.435473 0.101813
0.450556 0.138902
0.438923 0.157923
0.449316 0.215399
0.469298 0.172804
0.377963 0.303302
0.397818 0.296486
0.351691 0.395338
0.401263 0.400632
0.344872 0.000636
0.440590 0.047330
0.414285 0.063656
0.448055 0.065045
0.476268 0.086497
0.480038 0.121140
0.455435 0.196542
0.450760 0.175398
0.467416 0.354899
0.404192 0.265460
0.418771 0.247444
0.433102 0.280815
0.393583 0.374416
0.337002 0.413981
0.353211 0.000965
0.411013 0.000463
0.476791 0.000298
0.447336 0.026850
0.415315 0.026697
0.493962 0.086921
0.471517 0.103576
0.491849 0.105301
0.472692 0.193047
0.470797 0.138209
0.421454 0.357161
0.451633 0.271287
0.360232 0.325600
0.388763 0.336649
0.456064 0.309765
0.369759 0.000209
0.460350 0.000639
0.432338 0.027696
0.430123 0.062718
0.509365 0.145505
0.532254 0.152763
0.491282 0.140966
0.488458 0.178986
0.470334 0.213338
0.379141 0.323298
0.334740 0.366098
0.677608 0.377273
0.517590 0.393435
0.402184 0.348458
0.378017 0.000349
0.452138 0.000345
0.484963 0.000630
0.487691 0.053364
0.520767 0.043730
0.540775 0.195793
0.520819 0.198537
0.517649 0.164829
0.573332 0.270263
0.411576 0.374362
0.553617 0.380355
0.960131 0.182365
0.510571 0.308828
0.425916 0.389984
0.368561 0.354460
0.419212 0.000765
0.468553 0.000845
0.600859 0.044160
0.460147 0.079722
0.463145 0.057049
0.512156 0.227347
0.507502 0.184033
0.480270 0.156335
0.500436 0.260597
0.444324 0.250699
0.494407 0.396501
0.385401 0.358829
0.450812 0.377632
0.365634 0.376073
0.394532 0.000282
0.435663 0.001019
0.509636 0.000546
0.464909 0.026393
0.594548 0.216419
0.512058 0.079927
0.606005 0.351684
0.490877 0.198731
0.431111 0.338338
0.475531 0.234146
0.867029 0.247688
0.631803 0.366712
0.692851 0.380569
0.414737 0.396919
0.616416 0.382615
0.534195 0.000452
0.501426 0.000095
0.427429 0.000525
0.162273 0.389852
0.475914 0.067798
0.499280 0.124608
0.417901 0.300698
0.566253 0.329937
0.491380 0.278617
0.704563 0.375822
0.836131 0.245643
0.492924 0.348935
0.742358 0.345095
0.475082 0.370365
0.600013 0.000297
0.550755 0.000120
0.386288 0.000559
0.493204 0.000330
0.527822 0.028956
0.476325 0.041334
0.509374 0.099847
0.543848 0.168242
0.481693 0.254067
0.834987 0.427859
0.413134 0.330179
0.449185 0.394317
0.482656 0.385270
0.434702 0.366426
0.537847 0.382185
0.591778 0.000957
0.517837 0.000419
0.443922 0.000320
0.496683 0.027403
0.456689 0.040273
0.866406 0.218680
0.702600 0.343937
0.580906 0.381201
0.749141 0.389472
0.513118 0.356579
0.797369 0.413189
0.501297 0.395866
0.493567 0.366976
0.520759 0.289582
0.616529 0.000539
0.567186 0.000085
0.501241 0.042569
0.526008 0.001010
0.495501 0.069539
0.510083 0.059247
0.526453 0.064694
0.498766 0.163412
0.528849 0.179964
0.488728 0.220805
0.473405 0.273075
0.427490 0.314769
0.475886 0.296035
0.445980 0.327627
0.536645 0.363648
0.633047 0.000394
0.542462 0.000282
0.542703 0.025707
0.512412 0.026910
0.481791 0.027040
0.527270 0.087153
0.546368 0.138466
0.556295 0.154014
0.555282 0.185271
0.505689 0.209642
0.448013 0.350188
0.514249 0.273294
0.470249 0.317588
0.524590 0.379113
0.641320 0.000576
0.558978 0.000731
0.575966 0.029017
0.565874 0.046496
0.549755 0.039177
0.523993 0.135447
0.560751 0.125334
0.567848 0.169668
0.545958 0.222797
0.496860 0.239059
0.537926 0.279680
0.573849 0.384277
0.459202 0.288235
0.489309 0.313058
0.769742 0.354516
0.657838 0.000425
0.606130 0.027797
0.590617 0.027044
0.561381 0.026538
0.537391 0.050066
0.540778 0.074693
0.515141 0.118578
0.537750 0.121648
0.556682 0.206348
0.530755 0.237163
0.548539 0.318575
0.515838 0.249330
0.498113 0.293919
0.438865 0.298482
0.666119 0.000413
0.575391 0.000503
0.621114 0.026329
0.552490 0.061163
0.571722 0.064080
0.559474 0.079022
0.528955 0.105436
0.552506 0.108690
0.570404 0.141525
0.562242 0.228923
0.546832 0.247650
0.531865 0.261454
0.652211 0.372902
0.639252 0.388225
0.611228 0.376761
0.682614 0.000184
0.583548 0.000268
0.608238 0.000556
0.583694 0.045308
0.545856 0.093740
0.580790 0.080859
0.573800 0.110680
0.574252 0.210064
0.590765 0.196875
0.567178 0.248487
0.529223 0.216171
0.521105 0.345362
0.507562 0.329278
0.463959 0.338477
0.690824 0.001013
0.624779 0.000830
0.639966 0.027084
0.616141 0.078720
0.589443 0.063430
0.568928 0.094044
0.583604 0.125179
0.574465 0.188977
0.599670 0.154072
0.611975 0.165963
0.532405 0.304064
0.610111 0.205181
0.551444 0.299776
0.559613 0.284336
0.662175 0.359929
0.707518 0.000493
0.628494 0.039829
0.625932 0.095787
0.616875 0.050964
0.606126 0.064979
0.597651 0.083968
0.589980 0.101582
0.588247 0.173339
0.597952 0.240019
0.604868 0.183098
0.602506 0.263278
0.802099 0.368324
0.462910 0.254078
0.769937 0.373655
0.715949 0.000661
0.649585 0.000982
0.654884 0.027869
0.629913 0.062670
0.609107 0.099778
0.602798 0.117684
0.581443 0.154762
0.615223 0.136307
0.625918 0.153364
0.612604 0.225952
0.581454 0.230495
0.540077 0.339251
0.527256 0.322438
0.552977 0.264550
0.569363 0.365635
0.724376 0.000243
0.671834 0.026241
0.644727 0.046221
0.647691 0.064299
0.635330 0.079557
0.596871 0.135749
0.632451 0.131648
0.630607 0.173477
0.622612 0.189518
0.583698 0.252627
0.662739 0.342060
0.590899 0.364337
0.647816 0.384435
0.487704 0.331613
0.741009 0.000344
0.674415 0.000689
0.683830 0.035111
0.663304 0.042144
0.662818 0.061186
0.649863 0.088265
0.622571 0.116215
0.642886 0.149036
0.628684 0.217944
0.614843 0.248685
0.621542 0.299381
0.621563 0.271485
0.573518 0.345468
0.741730 0.389287
0.735649 0.360553
0.749347 0.000483
0.694846 0.027060
0.679943 0.051822
0.680108 0.069704
0.665255 0.080776
0.641087 0.105120
0.647044 0.121089
0.645439 0.227274
0.629760 0.239971
0.609012 0.285691
0.592042 0.278459
0.555579 0.347474
0.633004 0.327045
0.759428 0.396520
0.757810 0.000429
0.699139 0.001034
0.711385 0.026064
0.697188 0.055299
0.680564 0.091081
0.663096 0.101031
0.657606 0.137740
0.647992 0.169674
0.636587 0.202786
0.660717 0.239549
0.579329 0.292974
0.616834 0.319237
0.569731 0.308140
0.702682 0.327016
0.780201 0.370961
0.766259 0.000787
0.727115 0.027163
0.707287 0.041131
0.695449 0.076331
0.666133 0.118000
0.675987 0.133457
0.661588 0.155976
0.656311 0.212503
0.635146 0.260199
0.647855 0.276910
0.622174 0.349419
0.597880 0.302307
0.839860 0.434071
0.643441 0.340428
0.774702 0.000666
0.732682 0.000449
0.741135 0.029704
0.709755 0.081921
0.682938 0.111896
0.689815 0.140906
0.676829 0.160186
0.647801 0.190352
0.651106 0.253058
0.589199 0.335414
0.667023 0.267530
0.659557 0.303094
0.665173 0.286820
0.715286 0.360780
0.661176 0.327880
0.791686 0.000486
0.740700 0.053069
0.726689 0.043985
0.696039 0.098305
0.697997 0.122428
0.694261 0.160030
0.664247 0.181290
0.669490 0.199830
0.637554 0.290103
0.697845 0.309689
0.701409 0.288462
0.588049 0.315420
0.680795 0.302036
0.610460 0.331684
0.800290 0.000940
0.755195 0.025832
0.712619 0.059941
0.725341 0.084544
0.716198 0.123048
0.708364 0.141453
0.713979 0.160931
0.682274 0.179747
0.672709 0.225491
0.684598 0.212752
0.642200 0.309902
0.685230 0.279661
0.726828 0.351772
0.767289 0.317952
0.687007 0.343630
0.808870 0.001136
0.763337 0.061175
0.746342 0.069032
0.710968 0.104857
0.733508 0.126347
0.726362 0.145348
0.732685 0.165265
0.692887 0.194836
0.721973 0.225299
0.725279 0.272833
0.719444 0.313909
0.677227 0.321824
0.729211 0.326506
0.688150 0.366921
0.826082 0.000470
0.783231 0.000661
0.754872 0.043709
0.727022 0.066652
0.741817 0.088459
0.728634 0.104493
0.751306 0.129186
0.703702 0.179141
0.703011 0.222017
0.677572 0.249695
0.692565 0.237293
0.743383 0.261988
0.742271 0.283162
0.791924 0.346180
0.819895 0.432197
0.834787 0.000250
0.770167 0.027462
0.773524 0.044016
0.759639 0.081158
0.762787 0.098222
0.745276 0.108053
0.721166 0.183389
0.740688 0.187036
0.709792 0.203283
0.738004 0.230704
0.708478 0.269661
0.727428 0.245999
0.790253 0.412719
0.752095 0.327677
0.843486 0.000079
0.817415 0.000406
0.785095 0.026196
0.781971 0.059087
0.776367 0.078331
0.781326 0.105034
0.764653 0.115146
0.764326 0.143891
0.745147 0.146805
0.692147 0.260230
0.708990 0.245657
0.721349 0.292579
0.774219 0.297105
0.835173 0.330087
0.799019 0.395040
0.860931 0.000440
0.801872 0.024942
0.792899 0.040700
0.794285 0.069009
0.790074 0.088809
0.806195 0.091705
0.776733 0.128241
0.767162 0.162097
0.728053 0.203425
0.747243 0.205557
0.757248 0.220258
0.750841 0.243250
0.737657 0.305225
0.752295 0.299362
0.869682 0.000344
0.852188 0.000461
0.825881 0.024030
0.814212 0.033345
0.805639 0.050820
0.822200 0.053020
0.797426 0.111426
0.794091 0.131389
0.782878 0.149736
0.749999 0.168530
0.760073 0.188549
0.769337 0.230633
0.767964 0.257998
0.761106 0.276200
0.792791 0.328659
0.887366 0.000516
0.864472 0.025164
0.846664 0.024525
0.833892 0.036735
0.810332 0.070074
0.823077 0.090941
0.817443 0.109426
0.800534 0.151437
0.790974 0.171439
0.775021 0.178626
0.772914 0.205564
0.783172 0.245597
0.789571 0.264058
0.825031 0.420290
0.896227 0.000702
0.878483 0.000190
0.881690 0.024651
0.852207 0.039707
0.839627 0.055625
0.827344 0.072211
0.845951 0.073448
0.835576 0.111050
0.810815 0.127364
0.827039 0.132699
0.786875 0.195268
0.786840 0.220584
0.829591 0.219520
0.820497 0.303297
0.845486 0.397769
0.905144 0.000715
0.915021 0.024304
0.870299 0.040693
0.874427 0.058175
0.857274 0.058866
0.861558 0.079788
0.840766 0.091793
0.844841 0.124691
0.853209 0.141219
0.801302 0.202545
0.818229 0.150461
0.798956 0.235306
0.806724 0.253329
0.777627 0.276655
0.914053 0.000801
0.923029 0.000694
0.923645 0.039446
0.898635 0.024485
0.888489 0.039917
0.878829 0.076243
0.891768 0.093356
0.855126 0.102093
0.863662 0.117763
0.837189 0.150117
0.866688 0.153174
0.807376 0.171175
0.810923 0.216984
0.841309 0.394136
0.823816 0.339716
0.931948 0.000227
0.932933 0.023583
0.906868 0.040726
0.891666 0.057963
0.915156 0.077153
0.872250 0.094838
0.881244 0.111420
0.871108 0.133194
0.886244 0.149925
0.827885 0.167871
0.835222 0.184613
0.848883 0.195339
0.826271 0.199865
0.802632 0.307482
0.940912 0.000318
0.951125 0.023682
0.941365 0.037757
0.909754 0.058867
0.896993 0.074861
0.910355 0.094712
0.889723 0.129300
0.905495 0.132497
0.905214 0.152324
0.848582 0.165468
0.881219 0.189914
0.860560 0.177697
0.812146 0.186733
0.819315 0.237159
0.809665 0.335239
0.949930 0.000195
0.945872 0.053765
0.927240 0.056979
0.931643 0.073841
0.942325 0.087687
0.900225 0.111432
0.922288 0.158172
0.893895 0.169213
0.900736 0.196396
0.916223 0.204698
0.946140 0.224305
0.864308 0.202310
0.846185 0.217230
0.814904 0.367133
0.959049 0.000244
0.966903 0.022915
0.960198 0.039940
0.950503 0.068677
0.956108 0.120742
0.927425 0.097322
0.917665 0.115422
0.875869 0.169084
0.941698 0.191926
0.908644 0.176949
0.931662 0.210738
0.848353 0.238687
0.941594 0.245024
0.845538 0.314718
0.884530 0.210587
0.967887 0.000184
0.978535 0.029603
0.966155 0.058121
0.948249 0.104136
0.960734 0.160971
0.940113 0.170426
0.938957 0.152576
0.932673 0.229969
0.892638 0.272426
0.901136 0.216663
0.968680 0.228247
0.859850 0.352994
0.814431 0.280751
0.853845 0.258636
0.976900 0.000096
0.999027 0.000871
0.977065 0.046889
0.975276 0.114577
0.934416 0.116721
0.940542 0.132679
0.956877 0.204736
0.974114 0.190695
0.974618 0.240810
0.910128 0.232016
0.951766 0.269628
0.895624 0.244760
0.834299 0.383982
0.822225 0.264682
0.811080 0.381763
0.986323 0.000936
0.976191 0.069915
0.960489 0.082460
0.972815 0.131621
0.958264 0.141302
0.922234 0.137969
0.937095 0.265042
0.873699 0.270359
0.999605 0.253188
0.925899 0.266176
0.867854 0.302468
0.964217 0.251378
0.847106 0.344142
0.783900 0.314023
0.999450 0.015036
0.999024 0.044068
0.976417 0.087926
0.967051 0.101700
0.999601 0.104748
0.999520 0.181807
0.999572 0.136895
0.999145 0.147827
0.987195 0.274776
0.999614 0.267234
0.961325 0.270881
0.880146 0.236941
0.868322 0.283831
0.999253 0.229020
0.828675 0.294578
0.999549 0.000284
0.999187 0.054020
0.999501 0.073686
0.999261 0.094337
0.999624 0.115217
0.975625 0.171659
0.975453 0.210582
0.911739 0.253211
0.999679 0.241194
0.999731 0.193541
0.996561 0.277942
0.848833 0.286295
0.798025 0.290474
0.858059 0.310112
0.998957 0.024905
0.999030 0.034412
0.999389 0.063778
0.999544 0.083959
0.974103 0.149629
0.999147 0.126014
0.999747 0.205216
0.926568 0.179965
0.998968 0.216824
0.999311 0.158863
0.999045 0.170195
0.837720 0.270501
0.898694 0.266451
0.843362 0.363679
0.864134 0.354739
