0.000625 0.025056
0.000059 0.062962
0.000075 0.092546
0.000298 0.122950
0.000238 0.133396
0.089314 0.269421
0.000663 0.176276
0.000403 0.187083
0.001413 0.286428
0.136390 0.308015
0.149333 0.375243
0.109505 0.264583
0.073520 0.253745
0.170999 0.319002
0.000307 0.015369
0.000214 0.043620
0.000698 0.072879
0.027065 0.054092
0.031504 0.211479
0.000171 0.198085
0.000599 0.165321
0.001126 0.266376
0.000549 0.232116
0.000049 0.243545
0.020447 0.290624
0.035393 0.290895
0.129547 0.294664
0.125656 0.265714
0.165399 0.280670
0.000893 0.000594
0.000470 0.053286
0.000554 0.082614
0.000711 0.102554
0.000761 0.112695
0.000906 0.208947
0.000586 0.154621
0.000323 0.281332
0.000523 0.220580
0.104408 0.301922
0.042805 0.284602
0.112996 0.283989
0.155382 0.301859
0.158953 0.361400
0.000567 0.000546
0.022600 0.024555
0.024229 0.040018
0.025767 0.086929
0.030079 0.172937
0.067857 0.183951
0.041276 0.163746
0.000090 0.255073
0.080657 0.239454
0.052477 0.225554
0.051058 0.245650
0.101702 0.297648
0.072003 0.272620
0.075215 0.277465
0.169014 0.342882
0.012387 0.000488
0.049491 0.039254
0.000491 0.034397
0.024553 0.070411
0.000002 0.143919
0.048331 0.204876
0.046025 0.183448
0.065619 0.199411
0.034260 0.239226
0.082034 0.210257
0.044884 0.259694
0.132788 0.230039
0.101980 0.246296
0.145216 0.381283
0.030566 0.000525
0.021951 0.000794
0.059903 0.064319
0.043257 0.054886
0.034337 0.192782
0.026257 0.127714
0.058974 0.145996
0.064912 0.163492
0.073878 0.225688
0.100958 0.206880
0.108627 0.188647
0.095952 0.228876
0.156129 0.320690
0.158630 0.337137
0.195169 0.342675
0.038930 0.000849
0.052077 0.023791
0.040176 0.072319
0.052888 0.107792
0.039797 0.141614
0.039787 0.120954
0.082747 0.167725
0.139254 0.180570
0.031818 0.228740
0.084792 0.185390
0.035026 0.269315
0.122072 0.245767
0.114323 0.225970
0.141028 0.287231
0.047509 0.000539
0.035938 0.028307
0.067229 0.028527
0.064102 0.047517
0.039173 0.094995
0.065845 0.094202
0.028783 0.151288
0.077350 0.144241
0.121159 0.173404
0.103072 0.172285
0.118928 0.206619
0.165046 0.230352
0.154493 0.242279
0.198234 0.286421
0.186361 0.357792
0.056300 0.000510
0.083813 0.026009
0.081505 0.040948
0.054691 0.081902
0.074593 0.078415
0.028044 0.106993
0.071575 0.113700
0.060139 0.127751
0.180262 0.195538
0.131777 0.196041
0.151543 0.205268
0.180298 0.242074
0.141276 0.254188
0.191153 0.259573
0.064967 0.000174
0.073543 0.000635
0.098824 0.028384
0.094583 0.054453
0.078070 0.061284
0.092308 0.073026
0.097362 0.113967
0.082773 0.099844
0.095029 0.152153
0.159016 0.190642
0.202068 0.239310
0.144072 0.220931
0.183192 0.279885
0.167480 0.258032
0.170317 0.379063
0.082141 0.000958
0.115290 0.026655
0.125675 0.040573
0.120126 0.057521
0.109691 0.069677
0.095761 0.090928
0.083493 0.127340
0.100177 0.135052
0.114589 0.152588
0.169517 0.175786
0.170461 0.211384
0.194966 0.209556
0.205762 0.264991
0.193443 0.370909
0.090745 0.000086
0.107870 0.000530
0.133363 0.026356
0.106403 0.043364
0.124877 0.078572
0.111350 0.090156
0.113243 0.107727
0.115533 0.127690
0.129828 0.140820
0.134488 0.158325
0.190632 0.180997
0.188658 0.224434
0.253393 0.302671
0.182009 0.299523
0.176761 0.403964
0.099321 0.000432
0.144143 0.042275
0.137439 0.061001
0.141565 0.078984
0.147008 0.097559
0.129713 0.099875
0.131482 0.119539
0.147127 0.138320
0.160011 0.150405
0.151270 0.166897
0.210496 0.205452
0.230681 0.269204
0.225412 0.285590
0.152140 0.273490
0.116475 0.000222
0.142299 0.000346
0.150941 0.027078
0.154300 0.060096
0.158091 0.081529
0.167624 0.097584
0.147309 0.116465
0.180077 0.140421
0.176758 0.159871
0.194436 0.162226
0.207782 0.185206
0.215568 0.228438
0.247312 0.276694
0.244166 0.322661
0.191968 0.312623
0.125063 0.000122
0.162715 0.041438
0.169838 0.066109
0.178677 0.083189
0.195895 0.083684
0.166257 0.113755
0.164325 0.130419
0.197680 0.142417
0.224882 0.183556
0.226635 0.207924
0.231289 0.239439
0.220671 0.253928
0.260353 0.357607
0.240602 0.352792
0.133682 0.000379
0.176548 0.000182
0.168417 0.026096
0.189098 0.065081
0.186861 0.102370
0.184659 0.121072
0.214194 0.143027
0.211496 0.164550
0.239257 0.221779
0.240099 0.172869
0.246131 0.249904
0.263038 0.286132
0.230373 0.370417
0.212592 0.296617
0.202290 0.322376
0.150836 0.000494
0.177611 0.050070
0.204863 0.061367
0.204853 0.102325
0.201275 0.122333
0.231699 0.138747
0.228017 0.159063
0.253572 0.184623
0.240580 0.196767
0.259437 0.262993
0.279439 0.305902
0.235930 0.304500
0.191944 0.387930
0.178360 0.419558
0.159426 0.000571
0.183569 0.027583
0.191870 0.041835
0.209228 0.042287
0.221443 0.101325
0.218212 0.121375
0.246910 0.152523
0.270087 0.184275
0.257837 0.207112
0.255136 0.227916
0.278078 0.279213
0.264321 0.317203
0.259138 0.335886
0.229306 0.340950
0.181723 0.422993
0.167995 0.000211
0.226527 0.044719
0.212038 0.081157
0.247677 0.081450
0.229648 0.081880
0.235650 0.119401
0.272053 0.211070
0.285881 0.193545
0.268004 0.239046
0.277797 0.332322
0.280212 0.350486
0.281407 0.371497
0.263669 0.379326
0.201749 0.415636
0.185072 0.000631
0.200839 0.026090
0.243594 0.043713
0.221030 0.063107
0.261634 0.094886
0.239260 0.098841
0.261310 0.163106
0.292149 0.175543
0.276456 0.252611
0.311582 0.306374
0.308361 0.266476
0.245889 0.374126
0.280444 0.416879
0.231224 0.409353
0.213972 0.417637
0.193600 0.000274
0.218015 0.026786
0.260078 0.045835
0.267906 0.077516
0.252656 0.111465
0.250346 0.133670
0.277772 0.163629
0.302164 0.224839
0.294400 0.285858
0.294932 0.304640
0.297216 0.326995
0.296525 0.387948
0.222036 0.316252
0.213337 0.339887
0.202135 0.000827
0.252959 0.001066
0.233799 0.027011
0.238386 0.063260
0.273767 0.106740
0.267644 0.125072
0.268128 0.143319
0.286563 0.144512
0.316793 0.207223
0.283890 0.229279
0.318945 0.340931
0.298615 0.345596
0.297570 0.366652
0.243899 0.423712
0.210811 0.391545
0.210611 0.000564
0.249642 0.026959
0.276510 0.040475
0.283028 0.085306
0.291150 0.100448
0.285798 0.124386
0.314139 0.173656
0.292842 0.208665
0.318490 0.228762
0.299242 0.245226
0.337887 0.342626
0.314416 0.385086
0.312733 0.413378
0.214315 0.361906
0.219123 0.000264
0.286571 0.000369
0.265439 0.026780
0.255980 0.063570
0.300985 0.080732
0.301883 0.115776
0.299566 0.158266
0.316451 0.152006
0.306234 0.191476
0.354901 0.226979
0.327342 0.268601
0.290348 0.263375
0.331893 0.388241
0.349746 0.370727
0.276183 0.396707
0.227619 0.000769
0.283242 0.026485
0.291230 0.065967
0.275508 0.060393
0.318660 0.119701
0.303372 0.135803
0.325622 0.136883
0.330947 0.181810
0.331197 0.198423
0.361695 0.263655
0.319161 0.324680
0.345404 0.292225
0.225781 0.390821
0.300820 0.405493
0.236042 0.001026
0.311681 0.000489
0.292804 0.047225
0.318639 0.081575
0.311312 0.098778
0.337386 0.118943
0.356161 0.120841
0.331751 0.162633
0.338744 0.215987
0.362132 0.164108
0.336641 0.234883
0.319050 0.248759
0.316590 0.284731
0.259586 0.395146
0.325473 0.414830
0.244541 0.000074
0.298802 0.027382
0.328905 0.067350
0.328980 0.100399
0.339149 0.082038
0.346393 0.101377
0.362172 0.141770
0.351321 0.178646
0.367518 0.188387
0.351079 0.198732
0.329348 0.300553
0.353855 0.343318
0.231331 0.425588
0.317957 0.362187
0.261386 0.000806
0.336602 0.000135
0.309173 0.062030
0.346422 0.062216
0.356064 0.085477
0.365455 0.104383
0.373425 0.124721
0.343374 0.137658
0.346867 0.155304
0.366121 0.210638
0.375150 0.227996
0.357362 0.306903
0.380137 0.266242
0.454422 0.396509
0.365956 0.286550
0.269779 0.000239
0.309174 0.040978
0.323985 0.051309
0.382525 0.071385
0.374512 0.087739
0.383290 0.107078
0.399047 0.164310
0.379632 0.145496
0.380203 0.163859
0.383357 0.181809
0.341314 0.253475
0.368296 0.407554
0.769521 0.335802
0.270540 0.421273
0.278181 0.001250
0.361526 0.000867
0.361826 0.069555
0.340536 0.044372
0.372720 0.056419
0.401032 0.105818
0.390608 0.126741
0.424941 0.118995
0.418944 0.159608
0.398267 0.192237
0.383745 0.205158
0.392887 0.225324
0.382339 0.247825
0.360640 0.244673
0.388282 0.405071
0.294956 0.000638
0.315952 0.026649
0.345050 0.027177
0.388220 0.046519
0.392858 0.088816
0.407932 0.123291
0.398212 0.145869
0.411430 0.178638
0.431252 0.177167
0.404825 0.211958
0.399803 0.246358
0.428136 0.262732
0.258748 0.423377
0.378900 0.391905
0.303320 0.001034
0.330060 0.029953
0.373435 0.035053
0.396976 0.063531
0.417189 0.100172
0.453807 0.098927
0.432620 0.138924
0.415634 0.141370
0.443595 0.119261
0.414510 0.228929
0.456500 0.233073
0.436367 0.233918
0.412813 0.281351
0.388095 0.281553
0.345889 0.273268
0.320055 0.000349
0.358196 0.045200
0.384817 0.026745
0.406604 0.045433
0.423454 0.041804
0.425249 0.082016
0.460493 0.120428
0.458790 0.156143
0.437090 0.195396
0.418803 0.197860
0.429063 0.215562
0.399306 0.317538
0.355918 0.411767
0.339414 0.317922
0.328307 0.000266
0.402735 0.000811
0.360617 0.026997
0.399675 0.029160
0.407355 0.081710
0.441813 0.083299
0.435307 0.101759
0.450476 0.138962
0.438736 0.157988
0.449195 0.215418
0.469224 0.172866
0.377724 0.303411
0.397608 0.296647
0.351107 0.395559
0.400782 0.400545
0.344862 0.000639
0.440342 0.047243
0.413935 0.063487
0.447843 0.064960
0.476165 0.086519
0.479982 0.121238
0.455392 0.196623
0.450657 0.175499
0.467150 0.354860
0.403987 0.265557
0.418588 0.247584
0.432930 0.280975
0.393394 0.374427
0.336527 0.414098
0.353199 0.000734
0.410985 0.000049
0.476783 0.000484
0.447034 0.026875
0.414927 0.026663
0.493922 0.087119
0.471453 0.103621
0.491843 0.105439
0.472681 0.193122
0.470684 0.138255
0.421179 0.357204
0.451368 0.271365
0.359859 0.325949
0.388430 0.336776
0.455840 0.309841
0.369749 0.001029
0.460337 0.000556
0.431967 0.027755
0.429828 0.062654
0.509376 0.145596
0.532350 0.152871
0.491244 0.141172
0.488402 0.179018
0.470265 0.213362
0.378798 0.323462
0.334130 0.366521
0.678941 0.377395
0.517617 0.393082
0.401971 0.348639
0.377993 0.000697
0.452115 0.000718
0.484958 0.000309
0.487542 0.053523
0.520689 0.043834
0.540798 0.195856
0.520780 0.198608
0.517702 0.164906
0.573331 0.270093
0.411281 0.374454
0.553814 0.380264
0.960178 0.182271
0.510418 0.308739
0.425626 0.390073
0.368164 0.354727
0.419181 0.000353
0.468550 0.000739
0.601159 0.044263
0.459948 0.079702
0.462983 0.057065
0.512099 0.227373
0.507541 0.184059
0.480178 0.156370
0.500323 0.260572
0.444103 0.250809
0.494468 0.396118
0.385059 0.358980
0.450549 0.377501
0.365215 0.376173
0.394496 0.001061
0.435640 0.000830
0.509646 0.000539
0.464692 0.026447
0.594649 0.216433
0.512115 0.079983
0.606641 0.351791
0.490886 0.198713
0.430887 0.338373
0.475452 0.234135
0.866662 0.247293
0.632408 0.366831
0.694216 0.380641
0.414370 0.396728
0.617284 0.382476
0.534195 0.000348
0.501427 0.000888
0.427408 0.000186
0.161759 0.390762
0.475806 0.067879
0.499270 0.124724
0.417640 0.300933
0.566469 0.329786
0.491155 0.278562
0.706406 0.376342
0.836045 0.245636
0.492748 0.348718
0.743421 0.345277
0.474908 0.370151
0.600024 0.000275
0.550752 0.000047
0.386261 0.000158
0.493206 0.000268
0.527812 0.029116
0.476180 0.041375
0.509450 0.099962
0.543970 0.168293
0.481539 0.254150
0.836595 0.429250
0.412915 0.330319
0.448854 0.393994
0.482385 0.385058
0.434368 0.366370
0.538202 0.381620
0.591786 0.001011
0.517839 0.000263
0.443898 0.000619
0.496557 0.027464
0.456450 0.040291
0.866229 0.218234
0.702999 0.344110
0.580997 0.381094
0.751480 0.390001
0.512919 0.356391
0.798830 0.414392
0.501307 0.395512
0.493468 0.366913
0.520580 0.289492
0.616537 0.000316
0.567188 0.000776
0.501104 0.042687
0.526010 0.000806
0.495457 0.069707
0.510056 0.059337
0.526508 0.064840
0.498806 0.163496
0.528942 0.180036
0.488659 0.220773
0.473200 0.273140
0.427126 0.314866
0.475747 0.296120
0.445644 0.327617
0.536624 0.363509
0.633065 0.000303
0.542461 0.000753
0.542761 0.025863
0.512382 0.026997
0.481585 0.027056
0.527346 0.087405
0.546476 0.138549
0.556431 0.154130
0.555320 0.185396
0.505683 0.209636
0.447843 0.350136
0.514177 0.273236
0.469976 0.317584
0.524705 0.378930
0.641341 0.000019
0.558990 0.000285
0.576071 0.029065
0.566079 0.046559
0.549791 0.039414
0.524101 0.135618
0.560936 0.125546
0.567960 0.169826
0.545978 0.222777
0.496697 0.239050
0.537925 0.279564
0.574356 0.384036
0.458948 0.288205
0.489069 0.313020
0.771361 0.354957
0.657851 0.000046
0.606393 0.027853
0.590769 0.027225
0.561365 0.026696
0.537415 0.050268
0.540865 0.074876
0.515140 0.118697
0.537826 0.121769
0.556776 0.206350
0.530737 0.237086
0.548363 0.318560
0.515705 0.249220
0.497966 0.293934
0.438654 0.298566
0.666126 0.000258
0.575396 0.000247
0.621458 0.026469
0.552678 0.061341
0.571883 0.064206
0.559628 0.079202
0.529056 0.105581
0.552697 0.108863
0.570630 0.141657
0.562267 0.228790
0.546818 0.247523
0.531815 0.261439
0.653289 0.372786
0.640154 0.388164
0.611904 0.376764
0.682625 0.000595
0.583562 0.001003
0.608255 0.000128
0.584012 0.045419
0.546066 0.093941
0.581001 0.081034
0.573929 0.110841
0.574326 0.210113
0.590870 0.196978
0.567222 0.248508
0.529182 0.216072
0.521136 0.345344
0.507310 0.329351
0.463696 0.338464
0.690839 0.000913
0.624810 0.000396
0.640259 0.027346
0.616321 0.078951
0.589609 0.063552
0.569167 0.094267
0.583835 0.125274
0.574561 0.189070
0.599827 0.154160
0.612088 0.166116
0.532224 0.304024
0.610271 0.205255
0.551534 0.299888
0.559587 0.284244
0.662895 0.359905
0.707543 0.000177
0.628797 0.040055
0.626187 0.095937
0.617082 0.051180
0.606373 0.065253
0.597852 0.084119
0.590166 0.101674
0.588379 0.173432
0.598015 0.240137
0.604952 0.183269
0.602616 0.263257
0.803552 0.369229
0.462745 0.254057
0.772188 0.374055
0.715964 0.000172
0.649600 0.000784
0.655231 0.027878
0.630176 0.062837
0.609401 0.099948
0.602889 0.117765
0.581559 0.154967
0.615353 0.136355
0.625974 0.153420
0.612635 0.225917
0.581511 0.230500
0.540057 0.339274
0.527156 0.322457
0.552986 0.264533
0.569642 0.365453
0.724388 0.000163
0.672283 0.026371
0.645101 0.046443
0.647957 0.064595
0.635539 0.079692
0.597032 0.135865
0.632623 0.131730
0.630677 0.173499
0.622759 0.189621
0.583811 0.252567
0.663384 0.342403
0.591364 0.364250
0.649050 0.384358
0.487378 0.331573
0.741023 0.000514
0.674430 0.000251
0.684170 0.035376
0.663574 0.042199
0.663120 0.061166
0.650128 0.088470
0.622654 0.116347
0.642971 0.149091
0.628847 0.218027
0.614954 0.248755
0.621739 0.299431
0.621717 0.271641
0.573750 0.345606
0.743702 0.389485
0.737423 0.360564
0.749364 0.000083
0.695100 0.027067
0.680284 0.052020
0.680456 0.069907
0.665390 0.080813
0.641342 0.105180
0.647141 0.121048
0.645565 0.227289
0.629903 0.239963
0.609282 0.285849
0.592166 0.278509
0.555768 0.347400
0.633435 0.327434
0.761364 0.396499
0.757826 0.000380
0.699158 0.000989
0.711785 0.026250
0.697529 0.055610
0.680718 0.091156
0.663463 0.101079
0.657683 0.137743
0.648076 0.169686
0.636717 0.202803
0.660862 0.239557
0.579473 0.293045
0.617263 0.319344
0.569757 0.308229
0.703114 0.327231
0.782121 0.371576
0.766290 0.000243
0.727504 0.027299
0.707569 0.041136
0.695629 0.076675
0.666185 0.118087
0.676182 0.133493
0.661688 0.155947
0.656418 0.212542
0.635221 0.260166
0.648080 0.276860
0.622670 0.349414
0.597935 0.302414
0.842054 0.435635
0.643951 0.340578
0.774729 0.000216
0.732697 0.000397
0.741496 0.029833
0.710091 0.082059
0.683151 0.111975
0.689950 0.140978
0.676960 0.160102
0.647924 0.190393
0.651209 0.253145
0.589444 0.335435
0.667340 0.267570
0.659850 0.303330
0.665423 0.287070
0.716630 0.361143
0.661401 0.328068
0.791731 0.000875
0.740984 0.053244
0.726955 0.044193
0.696303 0.098350
0.698097 0.122485
0.694506 0.160035
0.664403 0.181175
0.669563 0.199816
0.637799 0.290322
0.698101 0.309755
0.701722 0.288647
0.588191 0.315505
0.681050 0.302177
0.610775 0.331870
0.800331 0.000627
0.755476 0.025884
0.712888 0.060073
0.725599 0.084690
0.716355 0.123141
0.708634 0.141541
0.714174 0.161057
0.682445 0.179674
0.672761 0.225447
0.684732 0.212798
0.642630 0.309988
0.685449 0.279754
0.727720 0.352307
0.767771 0.318048
0.687642 0.343528
0.808904 0.001149
0.763599 0.061276
0.746632 0.069302
0.711168 0.105099
0.733718 0.126403
0.726653 0.145470
0.732785 0.165413
0.692904 0.194991
0.722165 0.225527
0.725520 0.272946
0.719909 0.314041
0.677783 0.322026
0.729731 0.326626
0.688992 0.366896
0.826117 0.000060
0.783276 0.000086
0.755176 0.043904
0.727312 0.066864
0.742036 0.088714
0.728858 0.104698
0.751556 0.129360
0.703805 0.179306
0.703182 0.222157
0.677760 0.249770
0.692790 0.237440
0.743567 0.262027
0.742583 0.283455
0.792850 0.346571
0.820706 0.434056
0.834809 0.000891
0.770474 0.027525
0.773898 0.044103
0.759881 0.081414
0.763097 0.098369
0.745505 0.108297
0.721374 0.183634
0.740839 0.187289
0.709890 0.203491
0.738255 0.231011
0.708628 0.269762
0.727606 0.246322
0.791115 0.414156
0.752561 0.328079
0.843500 0.000978
0.817450 0.000359
0.785518 0.026287
0.782240 0.059204
0.776588 0.078469
0.781603 0.105262
0.764833 0.115343
0.764517 0.143932
0.745343 0.147000
0.692344 0.260323
0.709235 0.245854
0.721642 0.292788
0.774356 0.297121
0.835830 0.330498
0.799539 0.396582
0.860972 0.000487
0.802289 0.025020
0.793264 0.040812
0.794512 0.069238
0.790232 0.089030
0.806451 0.091944
0.776986 0.128297
0.767354 0.162135
0.728162 0.203578
0.747460 0.205573
0.757392 0.220357
0.750893 0.243361
0.738028 0.305331
0.752314 0.299359
0.869703 0.000308
0.852218 0.000936
0.826128 0.024151
0.814587 0.033600
0.805907 0.051042
0.822530 0.053269
0.797698 0.111608
0.794318 0.131458
0.783043 0.149714
0.750254 0.168588
0.760202 0.188501
0.769521 0.230690
0.768040 0.258023
0.761422 0.276469
0.793476 0.328930
0.887389 0.000957
0.864732 0.025258
0.847015 0.024516
0.834285 0.036897
0.810612 0.070326
0.823308 0.091071
0.817665 0.109598
0.800671 0.151424
0.791023 0.171290
0.775209 0.178636
0.773015 0.205524
0.783208 0.245741
0.789697 0.264284
0.825575 0.421061
0.896263 0.000327
0.878496 0.000991
0.882071 0.024753
0.852535 0.039874
0.840021 0.055657
0.827661 0.072359
0.846312 0.073650
0.835806 0.111065
0.810996 0.127434
0.827221 0.132764
0.787021 0.195148
0.786907 0.220498
0.829454 0.219384
0.820904 0.303933
0.846636 0.398294
0.905156 0.000642
0.915571 0.024311
0.870732 0.040735
0.874788 0.058220
0.857699 0.058991
0.861886 0.079958
0.840998 0.091901
0.844923 0.124629
0.853257 0.141065
0.801395 0.202570
0.818298 0.150360
0.798946 0.235445
0.806625 0.253472
0.777753 0.276792
0.914078 0.000383
0.923040 0.000599
0.924113 0.039535
0.899068 0.024562
0.888947 0.039980
0.879248 0.076302
0.892001 0.093330
0.855362 0.102106
0.863888 0.117783
0.837248 0.149966
0.866674 0.152981
0.807400 0.170928
0.810849 0.216590
0.842055 0.395743
0.824265 0.340704
0.931957 0.000960
0.933478 0.023641
0.907304 0.040651
0.892088 0.057982
0.915501 0.077152
0.872508 0.094899
0.881435 0.111358
0.871268 0.133076
0.886284 0.149676
0.827831 0.167733
0.835063 0.184136
0.848602 0.195150
0.826142 0.199715
0.803227 0.308151
0.940922 0.000803
0.951594 0.023551
0.941757 0.037709
0.910132 0.058776
0.897367 0.074850
0.910588 0.094495
0.889894 0.129146
0.905619 0.132281
0.905284 0.152147
0.848545 0.165248
0.881114 0.189641
0.860583 0.177591
0.812015 0.186554
0.819250 0.237176
0.810298 0.335890
0.949942 0.000113
0.946159 0.053654
0.927585 0.057037
0.931967 0.073714
0.942583 0.087477
0.900503 0.111253
0.922344 0.158143
0.893811 0.168966
0.900756 0.196169
0.916158 0.204712
0.945880 0.224145
0.864387 0.202044
0.846226 0.216897
0.816285 0.368066
0.959063 0.000606
0.967255 0.022756
0.960542 0.039765
0.950879 0.068530
0.956178 0.120510
0.927670 0.097117
0.917802 0.115210
0.875728 0.168964
0.941757 0.191760
0.908652 0.176648
0.931641 0.210647
0.848177 0.238441
0.941425 0.244676
0.845737 0.315356
0.884510 0.210547
0.967918 0.001142
0.978723 0.029464
0.966162 0.057929
0.948449 0.103929
0.960733 0.160698
0.940125 0.170326
0.939058 0.152219
0.932462 0.229895
0.891517 0.272395
0.900800 0.216707
0.968711 0.227994
0.860458 0.354045
0.814485 0.281104
0.853343 0.258937
0.976950 0.000791
0.999008 0.000638
0.977223 0.046800
0.975351 0.114285
0.934579 0.116350
0.940602 0.132349
0.956952 0.204612
0.974191 0.190569
0.974520 0.240826
0.909723 0.231574
0.951603 0.268963
0.895199 0.244521
0.835338 0.385292
0.821952 0.264701
0.811852 0.383507
0.986433 0.000462
0.976309 0.069624
0.960709 0.082292
0.972948 0.131340
0.958415 0.141083
0.922409 0.137657
0.936273 0.264880
0.872870 0.270068
0.999729 0.253100
0.925281 0.266117
0.867381 0.303042
0.963898 0.251090
0.847479 0.345336
0.784243 0.314264
0.999704 0.014992
0.999136 0.044095
0.976566 0.087789
0.967148 0.101386
0.999678 0.104782
0.999510 0.181788
0.999772 0.136898
0.999258 0.147820
0.986545 0.274434
0.999733 0.267276
0.960875 0.270195
0.879998 0.236519
0.867733 0.283936
0.999406 0.228968
0.828447 0.295286
0.999386 0.000849
0.999254 0.054053
0.999839 0.073744
0.999655 0.094425
0.999987 0.115279
0.975734 0.171352
0.975491 0.210184
0.911272 0.252884
0.999655 0.241143
0.999732 0.193522
0.996340 0.277718
0.848346 0.286573
0.797760 0.290884
0.858724 0.310877
0.999057 0.024883
0.999222 0.034417
0.999698 0.063821
0.999997 0.084034
0.974260 0.149290
0.999414 0.126054
0.999980 0.205181
0.926573 0.179917
0.999036 0.216818
0.999357 0.158853
0.999126 0.170167
0.837731 0.271016
0.897984 0.265947
0.843746 0.364888
0.864562 0.355618
