0.000043 0.025076
0.000031 0.063168
0.000185 0.092833
0.000176 0.123296
0.000491 0.133696
0.094695 0.266324
0.000871 0.176215
0.000166 0.186970
0.002377 0.284463
0.140652 0.308776
0.148919 0.377251
0.111555 0.262823
0.075336 0.249255
0.171733 0.321551
0.000041 0.015262
0.000383 0.043839
0.000141 0.072970
0.025886 0.054381
0.030562 0.207829
0.000012 0.197902
0.000321 0.165413
0.001202 0.264772
0.000033 0.231754
0.000556 0.243042
0.022974 0.287894
0.038639 0.285431
0.130281 0.295616
0.128094 0.265461
0.166639 0.282638
0.001025 0.000136
0.001063 0.053529
0.000318 0.083014
0.000261 0.102926
0.000310 0.113065
0.000928 0.208698
0.000866 0.154834
0.000866 0.280847
0.000321 0.220134
0.106675 0.299936
0.045071 0.281329
0.117620 0.282491
0.158987 0.304850
0.157861 0.363957
0.000684 0.000673
0.022586 0.023463
0.024145 0.039467
0.024638 0.087562
0.028887 0.170968
0.067341 0.182214
0.040040 0.161268
0.000514 0.254338
0.082858 0.237718
0.053440 0.221653
0.051376 0.242360
0.106806 0.296846
0.073526 0.268670
0.078865 0.272782
0.168473 0.345402
0.012352 0.000768
0.048392 0.038836
0.001065 0.034500
0.023599 0.071221
0.000520 0.144156
0.048388 0.202784
0.045792 0.180937
0.066347 0.197538
0.033966 0.238503
0.081171 0.206698
0.045697 0.256894
0.132753 0.229644
0.102900 0.243785
0.145578 0.383584
0.030664 0.000680
0.021978 0.000821
0.059065 0.063663
0.042359 0.055743
0.033154 0.190627
0.025211 0.127176
0.058086 0.145519
0.063624 0.161075
0.074421 0.222825
0.101200 0.203858
0.107106 0.187814
0.097001 0.227204
0.155805 0.324418
0.157517 0.338402
0.193413 0.344853
0.039087 0.001112
0.051741 0.022891
0.039602 0.072202
0.051615 0.107155
0.038818 0.139974
0.039094 0.119569
0.081594 0.165970
0.138251 0.179581
0.031058 0.225166
0.085054 0.185294
0.036847 0.264690
0.122077 0.243960
0.114356 0.225514
0.142909 0.285052
0.047709 0.000264
0.036201 0.028841
0.066981 0.028979
0.062828 0.046052
0.038280 0.095000
0.064514 0.094098
0.028070 0.149825
0.075364 0.143500
0.120182 0.171947
0.101888 0.170606
0.118720 0.204512
0.165073 0.229866
0.154166 0.242378
0.197860 0.286770
0.185988 0.360447
0.056542 0.000037
0.082951 0.025243
0.081392 0.040861
0.054230 0.081879
0.073791 0.078413
0.025923 0.106703
0.070450 0.113507
0.058498 0.126904
0.179345 0.194470
0.131329 0.194994
0.150745 0.203915
0.180134 0.242533
0.143012 0.252791
0.189880 0.259256
0.065075 0.000349
0.073603 0.000630
0.097778 0.027661
0.093314 0.054717
0.076218 0.060582
0.091353 0.072673
0.095838 0.113588
0.081700 0.099643
0.093658 0.151040
0.158220 0.189716
0.200735 0.240089
0.144930 0.219691
0.183242 0.280758
0.167321 0.256586
0.169306 0.382324
0.082190 0.000545
0.114289 0.026743
0.123894 0.039936
0.118652 0.057288
0.107949 0.069159
0.094342 0.090651
0.081782 0.127252
0.098627 0.134536
0.113370 0.151639
0.168318 0.174877
0.169946 0.210521
0.193541 0.209050
0.204711 0.266455
0.191507 0.372698
0.090800 0.000001
0.107918 0.000359
0.131946 0.026328
0.104597 0.043111
0.123826 0.077584
0.109960 0.089895
0.112112 0.107327
0.114147 0.126746
0.127780 0.139773
0.133675 0.157656
0.189440 0.179763
0.188061 0.224567
0.250881 0.304025
0.182007 0.300078
0.173926 0.407962
0.099372 0.000832
0.142298 0.042472
0.135563 0.060731
0.140237 0.079101
0.145691 0.097546
0.128364 0.098234
0.130113 0.118685
0.144926 0.136979
0.158438 0.149393
0.150289 0.165844
0.209081 0.204569
0.228809 0.269534
0.223634 0.286261
0.152432 0.273432
0.116469 0.000264
0.142221 0.000859
0.149210 0.027174
0.152202 0.059589
0.156795 0.080773
0.165879 0.096929
0.146126 0.115413
0.178863 0.139378
0.175194 0.158514
0.193279 0.161220
0.206372 0.184872
0.213576 0.227748
0.245931 0.277742
0.242182 0.324151
0.191203 0.314470
0.125035 0.000776
0.160999 0.041044
0.167596 0.065956
0.176870 0.082644
0.193572 0.083473
0.164929 0.112902
0.162552 0.130263
0.196426 0.141737
0.223811 0.182979
0.225843 0.207421
0.229708 0.239796
0.219124 0.253150
0.257909 0.360227
0.238508 0.355234
0.133633 0.000960
0.176475 0.000011
0.166479 0.026349
0.187208 0.064822
0.185394 0.102012
0.183404 0.120533
0.213155 0.142275
0.210910 0.164451
0.237637 0.222011
0.238855 0.172451
0.244878 0.251000
0.262088 0.287268
0.225686 0.373534
0.211602 0.298032
0.200688 0.325256
0.150735 0.000758
0.175606 0.050439
0.202965 0.061637
0.202931 0.101456
0.199814 0.121683
0.230315 0.137507
0.227288 0.157713
0.252651 0.184889
0.239586 0.196850
0.257460 0.264693
0.277239 0.306442
0.233684 0.305595
0.189359 0.393364
0.175737 0.424179
0.159291 0.000519
0.181722 0.027662
0.189637 0.042044
0.206906 0.042509
0.219417 0.100676
0.216293 0.120850
0.245870 0.152225
0.268757 0.183980
0.256707 0.207012
0.254118 0.228202
0.276886 0.280061
0.261657 0.319907
0.256925 0.338301
0.227197 0.343159
0.177701 0.427994
0.167862 0.000294
0.224026 0.045096
0.209868 0.081087
0.245640 0.081451
0.227373 0.081733
0.233843 0.118389
0.270850 0.211863
0.284121 0.193827
0.265602 0.240091
0.275685 0.333944
0.277335 0.352390
0.277887 0.374280
0.261235 0.382455
0.198823 0.419751
0.184979 0.000484
0.199110 0.026486
0.241318 0.043772
0.219135 0.063201
0.259050 0.094795
0.236877 0.098612
0.259727 0.163113
0.290640 0.175391
0.274979 0.252927
0.310108 0.307473
0.307081 0.266448
0.242030 0.377824
0.276899 0.418852
0.228518 0.411184
0.210806 0.421974
0.193509 0.000794
0.216166 0.027010
0.257993 0.046220
0.265957 0.077432
0.250873 0.111244
0.248077 0.133032
0.276259 0.163741
0.300374 0.225146
0.293427 0.286977
0.292687 0.305996
0.295082 0.327996
0.292889 0.389959
0.220787 0.317183
0.211185 0.341731
0.201999 0.000374
0.252809 0.000322
0.231953 0.027396
0.236333 0.063602
0.271767 0.106708
0.265475 0.124818
0.266163 0.143382
0.284444 0.144206
0.314439 0.207068
0.282263 0.229453
0.315676 0.342410
0.296053 0.347093
0.294612 0.368588
0.240269 0.427170
0.208468 0.396352
0.210520 0.000654
0.247807 0.027318
0.274595 0.040631
0.280709 0.085273
0.289342 0.099870
0.283373 0.123960
0.312139 0.174148
0.290919 0.209403
0.316915 0.228699
0.297087 0.245602
0.335799 0.343236
0.311185 0.386335
0.309554 0.414289
0.212243 0.364089
0.219024 0.000001
0.286490 0.000778
0.263186 0.027023
0.253810 0.063975
0.299250 0.080723
0.299307 0.115794
0.297568 0.157958
0.313994 0.151896
0.304127 0.191291
0.352648 0.227285
0.325179 0.269399
0.288805 0.264448
0.328803 0.389404
0.347555 0.371475
0.273015 0.399073
0.227490 0.000277
0.281158 0.026359
0.289391 0.066113
0.273500 0.060151
0.317058 0.119272
0.301257 0.135453
0.323489 0.136692
0.329085 0.181356
0.328944 0.198210
0.360104 0.264006
0.316869 0.326255
0.344188 0.292550
0.222514 0.393113
0.297901 0.407850
0.235927 0.000158
0.311627 0.000689
0.290912 0.047520
0.316817 0.081272
0.309424 0.098917
0.335278 0.118536
0.354194 0.120778
0.329587 0.162094
0.336354 0.215842
0.360585 0.164044
0.335008 0.235341
0.316615 0.248791
0.314849 0.285874
0.255398 0.398529
0.322516 0.415319
0.244434 0.000410
0.296707 0.027490
0.326969 0.066710
0.326927 0.099802
0.336990 0.081502
0.344577 0.101171
0.360581 0.141165
0.349372 0.178300
0.365967 0.188252
0.349140 0.198566
0.327990 0.301606
0.351549 0.343606
0.227641 0.428454
0.315408 0.363491
0.261263 0.000535
0.336530 0.000410
0.307046 0.061491
0.344360 0.061378
0.354269 0.085124
0.363451 0.103990
0.372118 0.124884
0.341485 0.137487
0.345120 0.155205
0.364155 0.210352
0.374066 0.227873
0.355879 0.307766
0.378981 0.266538
0.452896 0.394889
0.364657 0.286922
0.269681 0.000846
0.307097 0.040453
0.321915 0.050906
0.380580 0.071565
0.372736 0.087802
0.381562 0.107010
0.398406 0.164430
0.378304 0.145224
0.379269 0.163164
0.381992 0.181207
0.339028 0.254619
0.365483 0.408160
0.773497 0.335697
0.267446 0.423520
0.278062 0.000379
0.361446 0.000639
0.359752 0.069162
0.338282 0.043762
0.371022 0.056264
0.399891 0.105694
0.389641 0.126846
0.424059 0.118601
0.418178 0.159400
0.396984 0.191752
0.382263 0.204760
0.391946 0.224700
0.380784 0.247495
0.359089 0.244346
0.386631 0.404933
0.294877 0.000394
0.314142 0.026459
0.343648 0.027136
0.386124 0.046345
0.391226 0.088751
0.407150 0.122850
0.397511 0.145251
0.410838 0.178657
0.430743 0.176892
0.404120 0.211535
0.398648 0.246374
0.426732 0.262959
0.254573 0.425865
0.376281 0.392573
0.303219 0.000947
0.328218 0.029231
0.371470 0.034448
0.395079 0.063639
0.416187 0.099606
0.453537 0.098813
0.432279 0.138814
0.415064 0.141100
0.442793 0.119050
0.413789 0.228838
0.456117 0.233067
0.435731 0.233609
0.411362 0.281830
0.386689 0.282054
0.344432 0.273896
0.319955 0.000623
0.356231 0.045711
0.383219 0.026805
0.404593 0.044955
0.421854 0.042146
0.423755 0.081445
0.459985 0.120448
0.458125 0.156416
0.436578 0.195373
0.418069 0.197652
0.428587 0.215439
0.397597 0.318472
0.354243 0.412359
0.337603 0.319181
0.328260 0.000825
0.402604 0.000939
0.359010 0.027117
0.397823 0.029126
0.405616 0.080833
0.440581 0.083073
0.434647 0.101544
0.450258 0.139141
0.437947 0.158188
0.448652 0.215082
0.468873 0.172861
0.376482 0.303460
0.396329 0.297135
0.348160 0.396225
0.398460 0.399747
0.344841 0.000603
0.439080 0.046853
0.412224 0.062743
0.446701 0.064766
0.475690 0.086892
0.479793 0.121744
0.455174 0.196593
0.450151 0.175706
0.465945 0.354287
0.402882 0.265682
0.417654 0.247935
0.432052 0.281314
0.392322 0.373947
0.334147 0.414132
0.353141 0.000697
0.410852 0.000988
0.476759 0.000057
0.445461 0.027069
0.413088 0.026547
0.493764 0.088312
0.471175 0.103981
0.491794 0.106358
0.472603 0.193137
0.470217 0.138441
0.419765 0.356865
0.449933 0.271378
0.357897 0.327263
0.386724 0.336972
0.454486 0.309704
0.369671 0.000021
0.460285 0.000340
0.430133 0.027989
0.428493 0.062535
0.509410 0.145856
0.532798 0.153191
0.491021 0.142015
0.488116 0.178779
0.469893 0.213090
0.377017 0.323710
0.331142 0.368013
0.685831 0.377634
0.517646 0.390349
0.400857 0.349013
0.377898 0.000651
0.452029 0.000451
0.484956 0.000359
0.486852 0.054571
0.520339 0.044394
0.540757 0.195783
0.520513 0.198442
0.517920 0.164956
0.573366 0.269059
0.409805 0.374468
0.554549 0.379119
0.959763 0.181802
0.509684 0.308068
0.424115 0.390040
0.366131 0.355544
0.419100 0.000723
0.468504 0.000099
0.602710 0.044615
0.458951 0.079819
0.462251 0.057398
0.511797 0.227154
0.507673 0.183759
0.479708 0.156333
0.499690 0.259981
0.442904 0.251063
0.494383 0.393740
0.383183 0.359235
0.449305 0.376423
0.363145 0.375937
0.394345 0.000049
0.435556 0.000262
0.509671 0.000773
0.463598 0.026746
0.595121 0.216095
0.512415 0.080359
0.609494 0.352121
0.490847 0.198257
0.429625 0.338098
0.475001 0.233654
0.865252 0.244931
0.635135 0.366994
0.701286 0.380639
0.412599 0.395271
0.621554 0.381078
0.534218 0.000756
0.501456 0.001100
0.427359 0.000119
0.159060 0.395288
0.475351 0.068457
0.499214 0.125226
0.416157 0.301668
0.567485 0.328612
0.490012 0.277813
0.715135 0.378257
0.835398 0.245453
0.491880 0.347326
0.749149 0.345666
0.474093 0.368690
0.600066 0.000142
0.550740 0.000704
0.386155 0.001121
0.493224 0.000982
0.527932 0.029813
0.475425 0.041806
0.509838 0.100713
0.544530 0.168234
0.480782 0.254090
0.844616 0.436569
0.411701 0.330525
0.447335 0.392185
0.480995 0.383324
0.432808 0.365719
0.540233 0.378567
0.591873 0.000863
0.517866 0.000839
0.443811 0.000366
0.496040 0.027943
0.455263 0.040558
0.865583 0.216317
0.705037 0.344240
0.581995 0.380338
0.762830 0.392320
0.511735 0.355112
0.805233 0.419487
0.501962 0.393406
0.492955 0.366035
0.519720 0.288687
0.616599 0.000419
0.567218 0.000602
0.500531 0.043320
0.526044 0.000677
0.495245 0.070614
0.509935 0.060084
0.526794 0.065784
0.498974 0.163551
0.529341 0.179921
0.488222 0.220110
0.472094 0.273031
0.425303 0.315075
0.474995 0.296048
0.443923 0.327112
0.536758 0.362339
0.633137 0.000451
0.542482 0.000780
0.542980 0.026831
0.512386 0.027538
0.480637 0.027271
0.527696 0.088753
0.546938 0.138829
0.557036 0.154491
0.555477 0.185399
0.505544 0.209148
0.446953 0.349542
0.513851 0.272503
0.468646 0.317292
0.525094 0.377849
0.641386 0.000833
0.558999 0.000560
0.576552 0.029339
0.567090 0.046962
0.550090 0.040630
0.524600 0.136281
0.561744 0.126624
0.568400 0.170204
0.545941 0.222333
0.495846 0.238626
0.537921 0.278699
0.576437 0.382704
0.457511 0.287690
0.488028 0.312532
0.779439 0.356633
0.657899 0.000746
0.607805 0.028271
0.591692 0.028172
0.561295 0.027632
0.537497 0.051524
0.541319 0.075804
0.515133 0.119320
0.538201 0.122358
0.557139 0.205932
0.530588 0.236338
0.547534 0.318345
0.515053 0.248280
0.497277 0.293657
0.437625 0.298555
0.666165 0.000227
0.575426 0.000440
0.623208 0.027183
0.553626 0.062291
0.572562 0.064915
0.560351 0.080112
0.529539 0.106436
0.553580 0.109875
0.571705 0.142031
0.562299 0.227792
0.546623 0.246362
0.531465 0.260956
0.658798 0.371693
0.644368 0.387251
0.615361 0.376431
0.682703 0.000261
0.583624 0.000590
0.608340 0.000100
0.585485 0.046041
0.547087 0.094910
0.581963 0.081935
0.574510 0.111740
0.574662 0.209961
0.591412 0.197008
0.567253 0.248229
0.528949 0.215192
0.521332 0.344712
0.506025 0.329327
0.462494 0.338006
0.690970 0.000771
0.624880 0.000121
0.641592 0.028470
0.617219 0.080103
0.590422 0.064168
0.570183 0.095423
0.584789 0.125768
0.574927 0.189035
0.600572 0.154284
0.612615 0.166516
0.531381 0.303502
0.611131 0.205142
0.551889 0.300025
0.559456 0.283377
0.666735 0.359157
0.707649 0.000835
0.630341 0.040857
0.627392 0.096819
0.618005 0.052276
0.607487 0.066545
0.598871 0.084929
0.591049 0.102252
0.588950 0.173536
0.598411 0.240302
0.605301 0.183762
0.603171 0.262918
0.810759 0.373195
0.461930 0.253564
0.782771 0.375666
0.716026 0.001010
0.649634 0.000380
0.656877 0.027869
0.631414 0.063588
0.610656 0.100853
0.603349 0.118099
0.582047 0.155665
0.615893 0.136561
0.626110 0.153427
0.612805 0.225428
0.581664 0.230066
0.540105 0.338908
0.526713 0.322256
0.553009 0.264247
0.570743 0.364041
0.724412 0.000321
0.674321 0.026870
0.646981 0.047362
0.649246 0.066162
0.636592 0.080337
0.597715 0.136494
0.633478 0.132060
0.631149 0.173280
0.623509 0.189784
0.584411 0.252200
0.666802 0.343635
0.593942 0.363256
0.654909 0.384315
0.485864 0.331185
0.741084 0.001055
0.674465 0.001038
0.685868 0.036623
0.664792 0.042304
0.664660 0.061146
0.651400 0.089438
0.623052 0.116931
0.643325 0.149235
0.629675 0.218090
0.615660 0.248895
0.622944 0.299277
0.622711 0.272182
0.575102 0.345656
0.754926 0.389926
0.746622 0.360463
0.749468 0.000874
0.696300 0.027036
0.682000 0.053015
0.682124 0.070864
0.666002 0.080845
0.642582 0.105590
0.647636 0.120861
0.646433 0.227144
0.630892 0.239644
0.610790 0.286344
0.592659 0.278361
0.556433 0.346503
0.635906 0.328780
0.770241 0.395119
0.757901 0.000099
0.699298 0.000224
0.713697 0.027209
0.699056 0.057236
0.681436 0.091653
0.665230 0.101415
0.658134 0.137603
0.648617 0.169520
0.637494 0.202474
0.661828 0.239263
0.580156 0.292948
0.619349 0.318966
0.569903 0.308485
0.705283 0.327734
0.791402 0.374129
0.766403 0.000045
0.729315 0.027902
0.708829 0.041280
0.696606 0.078170
0.666408 0.118542
0.677152 0.133685
0.662304 0.155734
0.657271 0.212293
0.635765 0.259819
0.649298 0.276259
0.625226 0.349208
0.598347 0.302691
0.850790 0.441600
0.646519 0.340928
0.774858 0.000329
0.732770 0.000803
0.743179 0.030607
0.711785 0.082855
0.684297 0.112444
0.690785 0.141399
0.677820 0.159599
0.648811 0.190152
0.651923 0.253396
0.590634 0.335119
0.669031 0.267405
0.661337 0.304143
0.666810 0.287818
0.723004 0.363017
0.662646 0.328171
0.791877 0.000572
0.742460 0.054237
0.728065 0.045263
0.697729 0.098651
0.698603 0.122771
0.695907 0.160107
0.665344 0.180345
0.670205 0.199412
0.639071 0.291084
0.699428 0.309639
0.703303 0.289144
0.588917 0.315783
0.682546 0.302472
0.611876 0.332555
0.800484 0.000732
0.756770 0.026381
0.714297 0.060937
0.727025 0.085683
0.717281 0.123689
0.709995 0.141970
0.715145 0.161768
0.683476 0.179112
0.673341 0.224845
0.685678 0.212701
0.644856 0.309843
0.686693 0.279842
0.732358 0.354226
0.769797 0.318105
0.690994 0.342381
0.809106 0.000129
0.764963 0.062057
0.748142 0.070757
0.712289 0.106238
0.734836 0.126664
0.728180 0.146006
0.733243 0.166108
0.693182 0.195568
0.723033 0.226122
0.726691 0.272744
0.722057 0.314419
0.680815 0.322454
0.732347 0.326720
0.693260 0.366244
0.826237 0.000224
0.783441 0.000001
0.756730 0.044900
0.728926 0.067947
0.743414 0.090095
0.729982 0.105801
0.752787 0.130020
0.704484 0.179879
0.704204 0.222419
0.678801 0.249834
0.694062 0.237677
0.744336 0.261596
0.743909 0.283961
0.797452 0.348231
0.826194 0.441110
0.834922 0.000514
0.771867 0.028067
0.775713 0.044678
0.761216 0.082783
0.764840 0.099019
0.746815 0.109572
0.722397 0.184644
0.741436 0.188298
0.710574 0.204252
0.739499 0.232013
0.709604 0.269812
0.728524 0.247764
0.797346 0.419837
0.754738 0.329812
0.843619 0.000437
0.817612 0.000729
0.787597 0.027001
0.783651 0.060000
0.777762 0.079347
0.782987 0.106286
0.765812 0.116351
0.765418 0.143893
0.746244 0.148051
0.693529 0.260488
0.710667 0.246483
0.722780 0.293236
0.775359 0.296529
0.839012 0.332158
0.802277 0.404362
0.861107 0.000601
0.804429 0.025780
0.794980 0.041737
0.795827 0.070631
0.791027 0.090250
0.807679 0.093053
0.778320 0.128345
0.768095 0.162137
0.728690 0.204207
0.748394 0.205482
0.757989 0.220437
0.751223 0.243797
0.739666 0.305790
0.752793 0.299000
0.869810 0.000567
0.852373 0.000329
0.827438 0.024981
0.816359 0.035340
0.807166 0.052653
0.824198 0.054802
0.798985 0.112259
0.795293 0.131556
0.783769 0.149350
0.751315 0.168738
0.760656 0.188261
0.770413 0.230760
0.768237 0.257515
0.762834 0.277140
0.797310 0.330338
0.887457 0.000099
0.865922 0.026000
0.848545 0.024949
0.836200 0.038092
0.812096 0.071943
0.824468 0.091600
0.818699 0.110269
0.801224 0.150903
0.790983 0.170331
0.775867 0.178639
0.773187 0.205247
0.783347 0.246087
0.790678 0.265086
0.828147 0.425587
0.896340 0.000564
0.878623 0.000715
0.883612 0.025579
0.854189 0.041036
0.841880 0.056205
0.829240 0.073331
0.847878 0.074885
0.836820 0.110818
0.811819 0.127554
0.828172 0.132621
0.787394 0.194283
0.787047 0.219889
0.828982 0.218577
0.822722 0.307104
0.852583 0.400617
0.905197 0.000180
0.918040 0.024586
0.872702 0.041193
0.876359 0.058871
0.859809 0.059918
0.863370 0.080842
0.842140 0.092346
0.845402 0.124117
0.853521 0.140101
0.801696 0.202575
0.818506 0.149453
0.798912 0.235862
0.806188 0.254073
0.778931 0.277178
0.914131 0.000973
0.923035 0.000634
0.926094 0.040222
0.900918 0.025292
0.891017 0.040616
0.881100 0.076636
0.892925 0.093100
0.856380 0.101979
0.864745 0.117607
0.837676 0.149000
0.866715 0.152078
0.807559 0.169376
0.810517 0.214839
0.845826 0.403336
0.826639 0.344937
0.931933 0.000126
0.935537 0.024121
0.908997 0.040633
0.893967 0.058272
0.916901 0.077246
0.873678 0.095158
0.882268 0.110922
0.872151 0.132582
0.886571 0.148473
0.827681 0.166880
0.834622 0.181649
0.847456 0.194064
0.825758 0.198997
0.806226 0.310695
0.940887 0.000902
0.953266 0.023400
0.943271 0.037824
0.911751 0.058640
0.899053 0.075054
0.911455 0.093446
0.890465 0.128488
0.906310 0.131413
0.905544 0.151458
0.848598 0.164136
0.880960 0.188066
0.860921 0.177193
0.811424 0.185622
0.818814 0.237093
0.813853 0.338838
0.949917 0.000267
0.947116 0.053398
0.928996 0.057568
0.933266 0.073302
0.943579 0.086583
0.901661 0.110288
0.922422 0.158234
0.893596 0.168124
0.900879 0.194485
0.915918 0.204170
0.944973 0.222751
0.865132 0.200379
0.846654 0.215111
0.823234 0.372146
0.959067 0.000973
0.968634 0.022350
0.962071 0.039315
0.952501 0.068198
0.956678 0.119512
0.928613 0.096095
0.918276 0.114337
0.875385 0.168602
0.941847 0.190994
0.908661 0.175463
0.931557 0.209548
0.847936 0.236625
0.940375 0.242666
0.847194 0.318015
0.884391 0.210011
0.968069 0.000220
0.979542 0.029345
0.966074 0.057490
0.949359 0.102884
0.960344 0.159624
0.940307 0.170037
0.939650 0.150587
0.930992 0.229258
0.885908 0.271653
0.899269 0.216637
0.968496 0.226140
0.863545 0.358748
0.814415 0.282154
0.851293 0.260117
0.977128 0.000636
0.999646 0.000703
0.977821 0.046860
0.975865 0.112954
0.935153 0.114624
0.940678 0.131163
0.957106 0.203919
0.974049 0.190204
0.973802 0.240428
0.907824 0.229218
0.950699 0.265797
0.892900 0.242911
0.840288 0.390764
0.820415 0.264523
0.815574 0.391786
0.986737 0.000441
0.976824 0.068563
0.961853 0.081778
0.973814 0.129974
0.958779 0.140363
0.923233 0.136289
0.931694 0.263807
0.869037 0.268435
0.999751 0.252929
0.922159 0.265051
0.864281 0.305322
0.962336 0.249365
0.848948 0.350525
0.786296 0.314595
0.999562 0.014843
0.999646 0.044267
0.977317 0.087391
0.967607 0.099979
0.999871 0.104975
0.999617 0.181675
0.999737 0.136927
0.999974 0.147817
0.983327 0.272569
0.999100 0.267572
0.958979 0.266567
0.879072 0.234177
0.864922 0.284329
0.998894 0.228807
0.827856 0.298023
0.999594 0.000933
0.999402 0.054331
0.999936 0.073996
0.999737 0.094668
0.999989 0.115528
0.975788 0.169665
0.974872 0.208315
0.909190 0.250988
0.999399 0.240889
0.999452 0.193395
0.994812 0.276332
0.846587 0.287681
0.796661 0.292202
0.862075 0.313591
0.999819 0.024813
0.999787 0.034472
0.999400 0.063971
0.999471 0.084306
0.975043 0.147937
0.998988 0.126193
0.999701 0.205109
0.926325 0.180033
0.999892 0.216855
0.999409 0.158848
0.998823 0.170076
0.837809 0.273160
0.894493 0.263393
0.845580 0.370193
0.866981 0.359690
