0.000859 0.025083
0.000665 0.063171
0.000700 0.092902
0.000999 0.123347
0.000149 0.133798
0.095703 0.265714
0.000855 0.176216
0.000084 0.186944
0.002673 0.284385
0.141527 0.308886
0.148669 0.377404
0.111873 0.262420
0.075532 0.248358
0.171878 0.322012
0.000988 0.015258
0.000276 0.043869
0.000498 0.072979
0.025657 0.054510
0.030355 0.207112
0.000402 0.197889
0.000218 0.165434
0.001222 0.264396
0.001032 0.231705
0.000540 0.242908
0.023603 0.287180
0.039191 0.284314
0.130456 0.295996
0.128651 0.265294
0.166885 0.282911
0.001008 0.001206
0.001036 0.053557
0.000888 0.083072
0.000157 0.102968
0.000311 0.113114
0.000880 0.208652
0.000740 0.154872
0.000765 0.280636
0.000319 0.220085
0.107043 0.299755
0.045463 0.280658
0.118426 0.282086
0.159603 0.305386
0.157671 0.364264
0.000435 0.000456
0.022700 0.023334
0.024190 0.039450
0.024423 0.087820
0.028549 0.170625
0.067183 0.181691
0.039849 0.160788
0.000519 0.254251
0.083138 0.237263
0.053571 0.220848
0.051434 0.241536
0.107584 0.296625
0.073643 0.267868
0.079619 0.272017
0.168344 0.345837
0.012353 0.000131
0.048210 0.038800
0.000759 0.034525
0.023420 0.071394
0.000500 0.144192
0.048306 0.202439
0.045714 0.180350
0.066466 0.197242
0.033884 0.238235
0.081026 0.205948
0.045840 0.256257
0.132803 0.229398
0.103067 0.243314
0.145544 0.384052
0.030691 0.000178
0.021986 0.000597
0.058942 0.063596
0.042230 0.055913
0.032751 0.190209
0.024971 0.127114
0.057868 0.145433
0.063325 0.160617
0.074356 0.222117
0.101202 0.203203
0.106819 0.187609
0.097168 0.226602
0.155589 0.325089
0.157285 0.338611
0.193044 0.345227
0.039113 0.001076
0.051825 0.022743
0.039539 0.072287
0.051359 0.107090
0.038645 0.139616
0.038943 0.119350
0.081359 0.165560
0.138059 0.179350
0.030921 0.224368
0.085183 0.185239
0.037092 0.263782
0.122173 0.243548
0.114442 0.225182
0.143366 0.284611
0.047734 0.000112
0.036367 0.028937
0.067045 0.028980
0.062711 0.045768
0.038141 0.095056
0.064262 0.094130
0.027803 0.149563
0.074960 0.143384
0.120005 0.171605
0.101635 0.170187
0.118718 0.204053
0.165111 0.229624
0.154127 0.242337
0.197892 0.286728
0.185912 0.360865
0.056566 0.001022
0.082812 0.025056
0.081436 0.040822
0.054119 0.081898
0.073669 0.078440
0.025465 0.106751
0.070235 0.113535
0.058159 0.126787
0.179176 0.194221
0.131255 0.194763
0.150546 0.203609
0.180143 0.242585
0.143383 0.252476
0.189638 0.259089
0.065091 0.000108
0.073617 0.000493
0.097649 0.027488
0.093109 0.054746
0.075896 0.060414
0.091170 0.072611
0.095508 0.113539
0.081506 0.099667
0.093410 0.150855
0.158061 0.189467
0.200518 0.240175
0.145096 0.219309
0.183216 0.280726
0.167338 0.256272
0.169233 0.382865
0.082210 0.000018
0.114083 0.026689
0.123562 0.039798
0.118389 0.057177
0.107592 0.069026
0.094040 0.090613
0.081444 0.127214
0.098350 0.134439
0.113113 0.151453
0.168084 0.174675
0.169854 0.210285
0.193259 0.208868
0.204555 0.266617
0.191162 0.372979
0.090806 0.000203
0.107933 0.000318
0.131710 0.026259
0.104287 0.042987
0.123650 0.077414
0.109747 0.089846
0.111888 0.107311
0.113853 0.126597
0.127360 0.139579
0.133505 0.157500
0.189199 0.179503
0.187970 0.224523
0.250381 0.304154
0.181964 0.300142
0.173398 0.408606
0.099391 0.000388
0.141947 0.042480
0.135210 0.060635
0.139979 0.079098
0.145427 0.097554
0.128114 0.097918
0.129831 0.118529
0.144473 0.136717
0.158108 0.149208
0.150095 0.165615
0.208803 0.204359
0.228448 0.269509
0.223314 0.286283
0.152583 0.273227
0.116471 0.000205
0.142211 0.000792
0.148877 0.027127
0.151802 0.059447
0.156548 0.080586
0.165547 0.096789
0.145902 0.115243
0.178617 0.139175
0.174879 0.158229
0.193057 0.161002
0.206069 0.184779
0.213188 0.227546
0.245607 0.277864
0.241723 0.324401
0.191097 0.314800
0.125031 0.000712
0.160668 0.040950
0.167181 0.065902
0.176534 0.082506
0.193152 0.083408
0.164684 0.112759
0.162194 0.130242
0.196172 0.141595
0.223551 0.182834
0.225636 0.207326
0.229377 0.239790
0.218807 0.252934
0.257358 0.360626
0.238089 0.355614
0.133628 0.000913
0.176466 0.000509
0.166108 0.026391
0.186853 0.064749
0.185110 0.101939
0.183128 0.120417
0.212930 0.142114
0.210773 0.164423
0.237261 0.222018
0.238584 0.172322
0.244588 0.251154
0.261842 0.287420
0.224748 0.374053
0.211466 0.298259
0.200423 0.325765
0.150725 0.000707
0.175205 0.050466
0.202575 0.061662
0.202556 0.101288
0.199539 0.121545
0.230025 0.137243
0.227108 0.157438
0.252461 0.184894
0.239343 0.196850
0.257016 0.264945
0.276762 0.306461
0.233200 0.305711
0.188898 0.394322
0.175120 0.424974
0.159266 0.000006
0.181370 0.027647
0.189218 0.042062
0.206450 0.042539
0.219027 0.100538
0.215925 0.120727
0.245668 0.152119
0.268512 0.183885
0.256424 0.206940
0.253857 0.228203
0.276592 0.280158
0.261134 0.320322
0.256414 0.338742
0.226797 0.343500
0.176974 0.428956
0.167849 0.000267
0.223537 0.045141
0.209459 0.081057
0.245264 0.081429
0.226925 0.081675
0.233491 0.118156
0.270611 0.211974
0.283748 0.193805
0.265070 0.240233
0.275271 0.334164
0.276728 0.352683
0.277180 0.374693
0.260651 0.382954
0.198267 0.420424
0.184960 0.000123
0.198768 0.026539
0.240851 0.043789
0.218778 0.063211
0.258568 0.094749
0.236433 0.098553
0.259392 0.163077
0.290366 0.175318
0.274661 0.252942
0.309882 0.307599
0.306853 0.266397
0.241245 0.378438
0.276202 0.419155
0.227979 0.411426
0.210147 0.422730
0.193485 0.000523
0.215795 0.027050
0.257581 0.046290
0.265579 0.077408
0.250556 0.111200
0.247668 0.132860
0.275986 0.163696
0.300031 0.225162
0.293256 0.287117
0.292240 0.306203
0.294672 0.328105
0.292227 0.390281
0.220532 0.317306
0.210763 0.342019
0.201971 0.001012
0.252786 0.000784
0.231567 0.027469
0.235942 0.063644
0.271428 0.106679
0.265063 0.124724
0.265789 0.143351
0.284037 0.144080
0.313972 0.207000
0.281908 0.229442
0.315086 0.342631
0.295582 0.347301
0.294092 0.368854
0.239538 0.427780
0.207949 0.397171
0.210492 0.000201
0.247439 0.027400
0.274225 0.040675
0.280246 0.085263
0.288991 0.099776
0.282911 0.123847
0.311744 0.174175
0.290560 0.209492
0.316651 0.228632
0.296668 0.245607
0.335416 0.343255
0.310592 0.386486
0.308936 0.414359
0.211801 0.364448
0.219015 0.000370
0.286466 0.000481
0.262747 0.027095
0.253382 0.064053
0.298898 0.080753
0.298782 0.115775
0.297187 0.157832
0.313524 0.151821
0.303751 0.191186
0.352236 0.227277
0.324799 0.269512
0.288491 0.264589
0.328183 0.389535
0.347139 0.371488
0.272374 0.399499
0.227463 0.001002
0.280747 0.026366
0.289011 0.066160
0.273085 0.060133
0.316707 0.119164
0.300863 0.135348
0.323033 0.136644
0.328743 0.181187
0.328527 0.198108
0.359811 0.264013
0.316477 0.326464
0.343957 0.292548
0.221823 0.393454
0.297356 0.408263
0.235910 0.000903
0.311611 0.000572
0.290537 0.047579
0.316436 0.081234
0.309010 0.098936
0.334852 0.118435
0.353798 0.120762
0.329156 0.161948
0.335910 0.215759
0.360313 0.164012
0.334704 0.235397
0.316180 0.248730
0.314553 0.286039
0.254522 0.399117
0.321938 0.415325
0.244392 0.000426
0.296273 0.027531
0.326570 0.066615
0.326481 0.099660
0.336528 0.081420
0.344202 0.101148
0.360270 0.141042
0.348981 0.178187
0.365676 0.188182
0.348787 0.198479
0.327761 0.301728
0.351093 0.343576
0.226901 0.428916
0.314929 0.363656
0.261226 0.000393
0.336514 0.000018
0.306582 0.061425
0.343950 0.061245
0.353894 0.085060
0.363055 0.103938
0.371860 0.124896
0.341100 0.137422
0.344771 0.155176
0.363787 0.210227
0.373860 0.227796
0.355586 0.307841
0.378743 0.266520
0.452592 0.394414
0.364405 0.286925
0.269650 0.000577
0.306682 0.040395
0.321487 0.050786
0.380213 0.071597
0.372405 0.087815
0.381245 0.107007
0.398288 0.164439
0.378053 0.145152
0.379084 0.163013
0.381745 0.181052
0.338611 0.254761
0.364906 0.408204
0.774283 0.335702
0.266851 0.423910
0.278043 0.000041
0.361434 0.000500
0.359341 0.069067
0.337836 0.043622
0.370694 0.056239
0.399686 0.105666
0.389469 0.126847
0.423923 0.118524
0.418047 0.159344
0.396730 0.191603
0.381971 0.204627
0.391745 0.224531
0.380464 0.247366
0.358804 0.244243
0.386305 0.404773
0.294849 0.000640
0.313787 0.026424
0.343376 0.027130
0.385720 0.046326
0.390923 0.088745
0.407016 0.122757
0.397378 0.145119
0.410725 0.178608
0.430645 0.176775
0.403972 0.211379
0.398395 0.246303
0.426431 0.262936
0.253730 0.426264
0.375769 0.392593
0.303198 0.000679
0.327863 0.029087
0.371068 0.034320
0.394702 0.063675
0.416010 0.099483
0.453499 0.098828
0.432240 0.138749
0.414970 0.141010
0.442649 0.118996
0.413629 0.228748
0.456036 0.232970
0.435577 0.233466
0.411048 0.281814
0.386378 0.282077
0.344170 0.273971
0.319931 0.000274
0.355833 0.045796
0.382887 0.026772
0.404188 0.044887
0.421549 0.042241
0.423457 0.081356
0.459905 0.120428
0.458009 0.156423
0.436481 0.195296
0.417912 0.197544
0.428478 0.215341
0.397230 0.318549
0.353910 0.412343
0.337265 0.319341
0.328244 0.000505
0.402571 0.000610
0.358700 0.027099
0.397464 0.029103
0.405306 0.080683
0.440358 0.083047
0.434543 0.101507
0.450238 0.139140
0.437813 0.158189
0.448545 0.214940
0.468804 0.172796
0.376215 0.303371
0.396024 0.297156
0.347571 0.396263
0.397994 0.399518
0.344839 0.000217
0.438836 0.046786
0.411896 0.062626
0.446466 0.064777
0.475604 0.087010
0.479766 0.121844
0.455121 0.196501
0.450050 0.175687
0.465728 0.354097
0.402636 0.265623
0.417450 0.247922
0.431863 0.281283
0.392062 0.373747
0.333667 0.414025
0.353126 0.000146
0.410837 0.000999
0.476758 0.000767
0.445153 0.027111
0.412764 0.026539
0.493746 0.088574
0.471123 0.104072
0.491779 0.106569
0.472578 0.193064
0.470136 0.138459
0.419469 0.356685
0.449631 0.271295
0.357487 0.327429
0.386366 0.336924
0.454180 0.309564
0.369665 0.001055
0.460277 0.000668
0.429792 0.028011
0.428263 0.062561
0.509410 0.145860
0.532876 0.153207
0.490969 0.142134
0.488055 0.178648
0.469806 0.212965
0.376645 0.323647
0.330562 0.368187
0.687299 0.377579
0.517617 0.389626
0.400605 0.348979
0.377883 0.000515
0.452017 0.000234
0.484960 0.000322
0.486734 0.054807
0.520277 0.044507
0.540718 0.195693
0.520446 0.198304
0.517950 0.164898
0.573385 0.268836
0.409501 0.374381
0.554655 0.378747
0.959571 0.181672
0.509557 0.307880
0.423799 0.389943
0.365714 0.355609
0.419095 0.000701
0.468499 0.000724
0.603021 0.044635
0.458752 0.079881
0.462127 0.057509
0.511732 0.227049
0.507682 0.183610
0.479608 0.156284
0.499557 0.259781
0.442645 0.251041
0.494314 0.393155
0.382767 0.359183
0.449074 0.376117
0.362729 0.375746
0.394342 0.000262
0.435551 0.000173
0.509678 0.000305
0.463391 0.026808
0.595213 0.215969
0.512473 0.080450
0.609989 0.352134
0.490821 0.198093
0.429347 0.337958
0.474895 0.233481
0.865013 0.244401
0.635651 0.366974
0.702766 0.380500
0.412254 0.394896
0.622405 0.380671
0.534224 0.000557
0.501460 0.000892
0.427353 0.000900
0.158525 0.396162
0.475275 0.068603
0.499200 0.125309
0.415820 0.301708
0.567673 0.328294
0.489787 0.277577
0.716731 0.378417
0.835242 0.245371
0.491724 0.346985
0.750336 0.345670
0.473951 0.368338
0.600072 0.000458
0.550739 0.000226
0.386126 0.000966
0.493222 0.000747
0.527991 0.029935
0.475284 0.041915
0.509911 0.100877
0.544627 0.168161
0.480632 0.253990
0.846184 0.438122
0.411421 0.330471
0.447047 0.391802
0.480733 0.382860
0.432516 0.365513
0.540696 0.377922
0.591893 0.000521
0.517874 0.000537
0.443792 0.001023
0.495950 0.028085
0.455049 0.040629
0.865462 0.216008
0.705487 0.344157
0.582309 0.380123
0.764944 0.392696
0.511467 0.354781
0.806434 0.420380
0.502178 0.392908
0.492861 0.365765
0.519570 0.288462
0.616609 0.000389
0.567230 0.000130
0.500430 0.043444
0.526059 0.000319
0.495209 0.070807
0.509912 0.060276
0.526849 0.066006
0.498995 0.163489
0.529404 0.179802
0.488119 0.219888
0.471863 0.272925
0.424941 0.315049
0.474842 0.295927
0.443579 0.326913
0.536831 0.361995
0.633144 0.000338
0.542487 0.000667
0.543007 0.027056
0.512406 0.027681
0.480469 0.027347
0.527758 0.089018
0.547010 0.138856
0.557139 0.154514
0.555498 0.185281
0.505490 0.208970
0.446763 0.349353
0.513797 0.272276
0.468393 0.317161
0.525125 0.377602
0.641392 0.000861
0.559001 0.000505
0.576649 0.029393
0.567294 0.047047
0.550170 0.040871
0.524682 0.136368
0.561872 0.126837
0.568462 0.170196
0.545906 0.222189
0.495672 0.238471
0.537924 0.278481
0.576766 0.382413
0.457207 0.287514
0.487860 0.312357
0.781036 0.356797
0.657906 0.000767
0.608093 0.028361
0.591901 0.028347
0.561300 0.027839
0.537503 0.051812
0.541409 0.075985
0.515129 0.119445
0.538267 0.122464
0.557189 0.205770
0.530548 0.236133
0.547377 0.318248
0.514932 0.248025
0.497155 0.293526
0.437425 0.298459
0.666174 0.000138
0.575437 0.000829
0.623542 0.027313
0.553810 0.062480
0.572675 0.065057
0.560481 0.080283
0.529628 0.106619
0.553728 0.110091
0.571902 0.142055
0.562293 0.227549
0.546564 0.246046
0.531381 0.260786
0.659890 0.371440
0.645211 0.386899
0.616073 0.376289
0.682721 0.000906
0.583640 0.000326
0.608347 0.000208
0.585746 0.046158
0.547273 0.095078
0.582125 0.082093
0.574607 0.111927
0.574727 0.209864
0.591525 0.196924
0.567223 0.248105
0.528897 0.214954
0.521377 0.344466
0.505782 0.329228
0.462274 0.337823
0.691011 0.000401
0.624887 0.000651
0.641836 0.028640
0.617400 0.080311
0.590575 0.064274
0.570341 0.095633
0.584933 0.125867
0.574979 0.188933
0.600713 0.154258
0.612716 0.166535
0.531235 0.303325
0.611321 0.205037
0.551943 0.299961
0.559433 0.283142
0.667548 0.358917
0.707663 0.000818
0.630643 0.040954
0.627617 0.097007
0.618170 0.052483
0.607676 0.066759
0.599063 0.085080
0.591207 0.102375
0.589051 0.173488
0.598513 0.240256
0.605365 0.183787
0.603281 0.262821
0.812253 0.373886
0.461764 0.253388
0.784693 0.375880
0.716045 0.000790
0.649634 0.000558
0.657179 0.027853
0.631642 0.063694
0.610859 0.101030
0.603440 0.118152
0.582126 0.155741
0.615987 0.136599
0.626119 0.153383
0.612847 0.225286
0.581674 0.229907
0.540148 0.338720
0.526639 0.322134
0.553008 0.264156
0.570918 0.363650
0.724418 0.000142
0.674689 0.026941
0.647346 0.047503
0.649495 0.066457
0.636795 0.080443
0.597825 0.136630
0.633651 0.132116
0.631274 0.173181
0.623671 0.189747
0.584534 0.252120
0.667521 0.343761
0.594494 0.362942
0.655977 0.384304
0.485594 0.331050
0.741100 0.000954
0.674471 0.000852
0.686221 0.036844
0.665015 0.042278
0.664965 0.061137
0.651641 0.089611
0.623132 0.117036
0.643391 0.149247
0.629841 0.218044
0.615830 0.248881
0.623214 0.299176
0.622947 0.272240
0.575404 0.345529
0.757294 0.389882
0.748449 0.360336
0.749495 0.000858
0.696533 0.027019
0.682343 0.053195
0.682431 0.071024
0.666119 0.080805
0.642818 0.105685
0.647741 0.120845
0.646650 0.227080
0.631132 0.239532
0.611101 0.286380
0.592733 0.278265
0.556527 0.346206
0.636428 0.328913
0.771954 0.394748
0.757916 0.000268
0.699316 0.001030
0.714051 0.027391
0.699344 0.057543
0.681576 0.091780
0.665578 0.101503
0.658245 0.137557
0.648754 0.169449
0.637678 0.202333
0.662069 0.239151
0.580284 0.292832
0.619750 0.318735
0.569930 0.308470
0.705739 0.327739
0.793300 0.374507
0.766417 0.000964
0.729651 0.028010
0.709041 0.041335
0.696835 0.078418
0.666463 0.118644
0.677345 0.133727
0.662453 0.155683
0.657500 0.212158
0.635908 0.259720
0.649563 0.276070
0.625753 0.349113
0.598451 0.302683
0.851934 0.442335
0.647029 0.340904
0.774896 0.000011
0.732779 0.000703
0.743497 0.030788
0.712128 0.083021
0.684538 0.112558
0.690992 0.141495
0.678032 0.159488
0.649044 0.190016
0.652109 0.253416
0.590869 0.334963
0.669373 0.267305
0.661634 0.304218
0.667098 0.287850
0.724219 0.363388
0.662913 0.328028
0.791910 0.000149
0.742768 0.054446
0.728250 0.045475
0.698032 0.098733
0.698709 0.122843
0.696220 0.160134
0.665566 0.180133
0.670385 0.199260
0.639339 0.291152
0.699710 0.309524
0.703620 0.289157
0.589073 0.315788
0.682878 0.302438
0.612024 0.332599
0.800504 0.000674
0.757036 0.026515
0.714598 0.061124
0.727339 0.085922
0.717483 0.123834
0.710266 0.142058
0.715335 0.161923
0.683716 0.178965
0.673519 0.224663
0.685914 0.212625
0.645298 0.309704
0.686954 0.279782
0.733309 0.354502
0.770154 0.318052
0.691713 0.342049
0.809122 0.000881
0.765244 0.062245
0.748454 0.071041
0.712529 0.106446
0.735060 0.126727
0.728482 0.146101
0.733319 0.166240
0.693273 0.195630
0.723187 0.226125
0.726915 0.272570
0.722461 0.314452
0.681458 0.322424
0.732872 0.326659
0.694162 0.366066
0.826261 0.000080
0.783457 0.000504
0.757053 0.045087
0.729279 0.068147
0.743736 0.090379
0.730204 0.106023
0.753009 0.130120
0.704648 0.179944
0.704433 0.222390
0.679014 0.249779
0.694328 0.237625
0.744468 0.261408
0.744123 0.283875
0.798360 0.348472
0.827677 0.441954
0.834960 0.000158
0.772140 0.028196
0.776062 0.044792
0.761498 0.083046
0.765212 0.099127
0.747103 0.109820
0.722585 0.184795
0.741516 0.188441
0.710742 0.204345
0.739736 0.232081
0.709833 0.269742
0.728705 0.248008
0.798903 0.420710
0.755163 0.330102
0.843649 0.000284
0.817650 0.000488
0.787997 0.027161
0.783943 0.060182
0.778008 0.079525
0.783247 0.106450
0.766003 0.116540
0.765570 0.143848
0.746395 0.148277
0.693782 0.260457
0.710972 0.246527
0.722942 0.293213
0.775631 0.296320
0.839643 0.332419
0.802904 0.405909
0.861130 0.000545
0.804866 0.025971
0.795301 0.041951
0.796115 0.070930
0.791188 0.090483
0.807901 0.093231
0.778576 0.128311
0.768186 0.162106
0.728788 0.204313
0.748550 0.205443
0.758087 0.220369
0.751322 0.243852
0.739948 0.305883
0.752976 0.298880
0.869835 0.000444
0.852399 0.000875
0.827712 0.025166
0.816694 0.035732
0.807400 0.053049
0.824526 0.055135
0.799226 0.112313
0.795447 0.131526
0.783871 0.149242
0.751467 0.168744
0.760705 0.188216
0.770594 0.230723
0.768244 0.257292
0.763077 0.277139
0.798117 0.330605
0.887464 0.000320
0.866138 0.026162
0.848795 0.025103
0.836559 0.038345
0.812394 0.072303
0.824689 0.091666
0.818895 0.110350
0.801304 0.150726
0.790923 0.170122
0.775940 0.178641
0.773161 0.205188
0.783370 0.246067
0.790956 0.265181
0.828710 0.426707
0.896344 0.000217
0.878666 0.000214
0.883842 0.025750
0.854519 0.041284
0.842227 0.056379
0.829554 0.073532
0.848143 0.075127
0.836997 0.110704
0.811976 0.127529
0.828383 0.132498
0.787404 0.194070
0.787042 0.219744
0.828941 0.218416
0.823048 0.307744
0.853693 0.401003
0.905196 0.000421
0.918444 0.024649
0.873047 0.041297
0.876619 0.059061
0.860211 0.060144
0.863637 0.080989
0.842361 0.092399
0.845533 0.123981
0.853604 0.139887
0.801725 0.202552
0.818538 0.149211
0.798925 0.235877
0.806150 0.254161
0.779275 0.277200
0.914123 0.000665
0.923024 0.000549
0.926386 0.040367
0.901205 0.025442
0.891363 0.040760
0.881404 0.076685
0.893054 0.093047
0.856561 0.101924
0.864871 0.117533
0.837809 0.148789
0.866758 0.151922
0.807605 0.169044
0.810485 0.214568
0.846610 0.404780
0.827156 0.345641
0.931926 0.001181
0.935790 0.024200
0.909233 0.040656
0.894272 0.058351
0.917111 0.077268
0.873888 0.095198
0.882422 0.110834
0.872353 0.132520
0.886659 0.148254
0.827684 0.166698
0.834613 0.181177
0.847263 0.193827
0.825753 0.198862
0.806803 0.311055
0.940872 0.000733
0.953452 0.023433
0.943478 0.037880
0.912000 0.058655
0.899333 0.075119
0.911568 0.093278
0.890546 0.128396
0.906473 0.131308
0.905601 0.151353
0.848673 0.163928
0.881014 0.187707
0.861014 0.177138
0.811329 0.185441
0.818738 0.237041
0.814636 0.339359
0.949910 0.000337
0.947202 0.053396
0.929198 0.057698
0.933463 0.073268
0.943720 0.086458
0.901844 0.110115
0.922417 0.158277
0.893603 0.168013
0.900925 0.194040
0.915887 0.203931
0.944865 0.222372
0.865316 0.199961
0.846744 0.214749
0.824639 0.372861
0.959064 0.000927
0.968824 0.022302
0.962326 0.039284
0.952762 0.068220
0.956798 0.119383
0.928751 0.095925
0.918338 0.114234
0.875391 0.168554
0.941816 0.190838
0.908668 0.175280
0.931539 0.209207
0.847959 0.236179
0.940112 0.242222
0.847562 0.318469
0.884362 0.209811
0.968078 0.000381
0.979703 0.029426
0.966052 0.057490
0.949518 0.102716
0.960191 0.159468
0.940358 0.169984
0.939765 0.150311
0.930630 0.229085
0.884816 0.271347
0.899016 0.216535
0.968394 0.225674
0.864152 0.359562
0.814351 0.282215
0.850940 0.260254
0.977153 0.000339
0.998894 0.000283
0.977931 0.046959
0.975973 0.112746
0.935232 0.114341
0.940659 0.131034
0.957092 0.203777
0.973927 0.190146
0.973636 0.240233
0.907509 0.228743
0.950434 0.265198
0.892421 0.242568
0.841255 0.391703
0.820102 0.264435
0.816326 0.393338
0.986786 0.000641
0.976938 0.068437
0.962083 0.081746
0.973981 0.129732
0.958769 0.140297
0.923384 0.136092
0.930670 0.263520
0.868364 0.268064
0.999796 0.252931
0.921549 0.264675
0.863596 0.305704
0.962039 0.248936
0.849172 0.351410
0.786753 0.314517
0.999774 0.014829
0.999751 0.044289
0.977487 0.087360
0.967678 0.099776
0.999938 0.105006
0.999834 0.181658
0.999869 0.136945
0.999116 0.147825
0.982722 0.272146
0.999145 0.267659
0.958684 0.265845
0.878828 0.233687
0.864407 0.284351
0.998904 0.228797
0.827826 0.298376
0.999793 0.000873
0.999506 0.054360
0.999105 0.074023
0.999295 0.094708
0.999143 0.115554
0.975682 0.169304
0.974614 0.207989
0.908825 0.250603
0.999382 0.240877
0.999715 0.193365
0.994418 0.275991
0.846350 0.287826
0.796501 0.292329
0.862701 0.313930
0.999234 0.024814
0.999913 0.034487
0.999523 0.064013
0.999501 0.084344
0.975161 0.147750
0.999021 0.126209
0.999707 0.205106
0.926224 0.180100
0.999859 0.216863
0.999629 0.158867
0.998867 0.170087
0.837802 0.273469
0.893789 0.262882
0.845925 0.371121
0.867513 0.360424
