0.000202 0.025251
0.000384 0.063178
0.001004 0.093135
0.000229 0.123660
0.001065 0.134022
0.099034 0.263469
0.000217 0.176239
0.000872 0.186921
0.004250 0.284388
0.144956 0.309045
0.147361 0.377393
0.112814 0.260775
0.075699 0.245094
0.172442 0.323636
0.000692 0.015325
0.000578 0.043931
0.000474 0.073017
0.024943 0.055100
0.029530 0.204396
0.000479 0.197796
0.000360 0.165508
0.001312 0.263224
0.001125 0.231385
0.000263 0.242256
0.026139 0.283746
0.040857 0.280213
0.131367 0.297934
0.131003 0.264363
0.167728 0.283722
0.000921 0.001328
0.000785 0.053616
0.000564 0.083150
0.000072 0.103171
0.000358 0.113331
0.000367 0.208543
0.000407 0.155024
0.000178 0.279763
0.000106 0.219873
0.108177 0.299478
0.047254 0.277936
0.121329 0.280324
0.161566 0.307180
0.156962 0.365070
0.000534 0.000249
0.023576 0.023307
0.024555 0.039679
0.023837 0.088996
0.027011 0.169573
0.066240 0.179123
0.039237 0.159195
0.000353 0.253823
0.083709 0.235164
0.053788 0.217709
0.051608 0.237644
0.110116 0.295587
0.074110 0.264742
0.082401 0.268882
0.167693 0.347414
0.012343 0.000159
0.047563 0.039043
0.000724 0.034631
0.023040 0.071957
0.000113 0.144378
0.047629 0.201173
0.045322 0.177943
0.066542 0.196149
0.033555 0.236569
0.080535 0.203066
0.046591 0.253223
0.133193 0.227803
0.103589 0.241541
0.145336 0.385851
0.030757 0.000659
0.022024 0.000748
0.058577 0.063503
0.041868 0.056514
0.030876 0.188542
0.023944 0.127100
0.056781 0.145057
0.062016 0.159263
0.073555 0.219114
0.101116 0.200691
0.105889 0.186451
0.097651 0.223408
0.154180 0.327424
0.156218 0.339348
0.191479 0.346466
0.039214 0.000649
0.052524 0.022422
0.039485 0.072851
0.050470 0.106919
0.038018 0.138153
0.038362 0.118647
0.080427 0.163928
0.137310 0.178273
0.030558 0.221116
0.085770 0.184682
0.037475 0.260099
0.122843 0.241706
0.115076 0.223096
0.145228 0.283119
0.047776 0.001057
0.037147 0.029322
0.067526 0.028832
0.062595 0.044858
0.037874 0.095256
0.063411 0.094324
0.026290 0.148706
0.073517 0.142944
0.119399 0.170092
0.100626 0.168255
0.118931 0.202234
0.165343 0.228054
0.154084 0.241702
0.198322 0.286246
0.185457 0.362304
0.056661 0.000235
0.082395 0.024346
0.081759 0.040699
0.053681 0.081884
0.073299 0.078553
0.023776 0.107252
0.069483 0.113728
0.056841 0.126392
0.178572 0.193102
0.131062 0.193756
0.149658 0.202316
0.180316 0.242513
0.144748 0.251149
0.188785 0.258214
0.065185 0.000918
0.073685 0.000317
0.097420 0.026755
0.092394 0.054867
0.074717 0.059758
0.090372 0.072460
0.094203 0.113351
0.080828 0.099885
0.092563 0.150236
0.157479 0.188248
0.199933 0.240215
0.145717 0.217422
0.183015 0.280004
0.167582 0.255071
0.169092 0.384786
0.082288 0.000332
0.113296 0.026199
0.122346 0.039285
0.117401 0.056585
0.106227 0.068526
0.092870 0.090480
0.080234 0.126909
0.097389 0.133979
0.112109 0.150752
0.167242 0.173761
0.169533 0.209152
0.192164 0.207873
0.204178 0.266868
0.189810 0.373982
0.090880 0.000308
0.107989 0.000444
0.130973 0.025731
0.103235 0.042354
0.122901 0.076844
0.109056 0.089648
0.110994 0.107341
0.112641 0.126044
0.125727 0.138858
0.132825 0.156782
0.188264 0.178351
0.187720 0.223987
0.248521 0.304284
0.181687 0.300248
0.171350 0.410638
0.099454 0.000500
0.140617 0.042359
0.133845 0.060176
0.138964 0.079010
0.144372 0.097614
0.127086 0.096762
0.128694 0.117893
0.142690 0.135692
0.156763 0.148477
0.149351 0.164635
0.207775 0.203413
0.227110 0.269070
0.222220 0.285966
0.153470 0.272010
0.116503 0.000866
0.142184 0.000390
0.147646 0.026653
0.150278 0.058770
0.155543 0.079794
0.164280 0.096264
0.145057 0.114750
0.177625 0.138403
0.173690 0.157060
0.192244 0.160080
0.204846 0.184281
0.211773 0.226466
0.244234 0.278085
0.239821 0.325236
0.190811 0.315872
0.125038 0.000376
0.159406 0.040503
0.165633 0.065581
0.175243 0.081913
0.191603 0.083063
0.163792 0.112362
0.160779 0.130151
0.195158 0.141101
0.222407 0.182145
0.224677 0.206950
0.228092 0.239462
0.217603 0.251873
0.254991 0.361819
0.236466 0.356773
0.133620 0.000313
0.176398 0.000855
0.164758 0.026350
0.185509 0.064356
0.183906 0.101693
0.181878 0.119969
0.211930 0.141561
0.210157 0.164269
0.235632 0.221905
0.237387 0.171716
0.243334 0.251514
0.260740 0.287841
0.221141 0.375742
0.211057 0.299013
0.199542 0.327487
0.150697 0.000284
0.173623 0.050357
0.201027 0.061614
0.201072 0.100699
0.198446 0.121040
0.228796 0.136243
0.226244 0.156398
0.251591 0.184777
0.238225 0.196761
0.255165 0.265637
0.274766 0.306274
0.231329 0.305871
0.187061 0.397764
0.172494 0.427759
0.159248 0.000996
0.180033 0.027383
0.187628 0.041964
0.204672 0.042560
0.217523 0.100004
0.214502 0.120235
0.244841 0.151598
0.267566 0.183412
0.255089 0.206518
0.252603 0.228008
0.275295 0.280332
0.259110 0.321549
0.254221 0.340301
0.225403 0.344564
0.174218 0.432408
0.167825 0.000488
0.221677 0.045167
0.207904 0.080842
0.243884 0.081266
0.225223 0.081324
0.232108 0.117167
0.269580 0.212271
0.282191 0.193502
0.262800 0.240626
0.273639 0.334677
0.274236 0.353558
0.274368 0.375839
0.258039 0.384494
0.196048 0.422652
0.184908 0.000291
0.197377 0.026564
0.239003 0.043846
0.217441 0.063154
0.256816 0.094466
0.234824 0.098251
0.257977 0.162852
0.289347 0.174904
0.273344 0.252864
0.309115 0.307777
0.305991 0.266047
0.238167 0.380427
0.273378 0.420073
0.225882 0.412050
0.207423 0.425400
0.193401 0.000506
0.214317 0.027139
0.255953 0.046499
0.264150 0.077276
0.249449 0.110995
0.246210 0.132112
0.274963 0.163286
0.298759 0.225122
0.292624 0.287436
0.290418 0.306809
0.293047 0.328218
0.289735 0.391221
0.219544 0.317637
0.209277 0.342885
0.201882 0.000820
0.252705 0.000268
0.230026 0.027698
0.234480 0.063635
0.270269 0.106423
0.263501 0.124269
0.264370 0.143110
0.282476 0.143388
0.312204 0.206619
0.280361 0.229329
0.312867 0.343231
0.293749 0.347826
0.292144 0.369513
0.236634 0.429912
0.205618 0.400008
0.210405 0.000105
0.246001 0.027686
0.272765 0.040815
0.278432 0.085188
0.287639 0.099436
0.281176 0.123354
0.310250 0.174038
0.289215 0.209628
0.315825 0.228200
0.295015 0.245457
0.333935 0.343003
0.308324 0.386712
0.306514 0.414289
0.210028 0.365629
0.218930 0.000204
0.286361 0.000606
0.261078 0.027384
0.251735 0.064263
0.297489 0.080924
0.296755 0.115643
0.295725 0.157109
0.311802 0.151337
0.302412 0.190603
0.350757 0.227010
0.323462 0.269784
0.287201 0.264921
0.325718 0.389685
0.345541 0.371113
0.269770 0.400982
0.227353 0.001170
0.279071 0.026445
0.287453 0.066412
0.271413 0.060127
0.315247 0.118695
0.299429 0.134811
0.321211 0.136409
0.327561 0.180298
0.327043 0.197539
0.358721 0.263743
0.315050 0.326924
0.343050 0.292314
0.219033 0.394437
0.295262 0.409647
0.235830 0.000014
0.311510 0.000757
0.289034 0.047785
0.314899 0.081090
0.307285 0.098994
0.333201 0.118011
0.352266 0.120684
0.327523 0.161211
0.334324 0.215265
0.359358 0.163796
0.333636 0.235495
0.314641 0.248276
0.313502 0.286504
0.250959 0.401121
0.319698 0.415022
0.244306 0.000023
0.294468 0.027687
0.324955 0.066338
0.324695 0.099045
0.334695 0.081180
0.342729 0.101097
0.359043 0.140577
0.347483 0.177602
0.364573 0.187777
0.347526 0.197993
0.326930 0.301924
0.349273 0.343191
0.223954 0.430418
0.313071 0.363986
0.261131 0.000267
0.336476 0.000351
0.304685 0.061323
0.342308 0.060909
0.352358 0.084851
0.361536 0.103846
0.370839 0.124839
0.339587 0.137092
0.343453 0.155001
0.362411 0.209554
0.373048 0.227285
0.354403 0.307797
0.377751 0.266098
0.451489 0.392157
0.363398 0.286653
0.269533 0.000807
0.305030 0.040291
0.319742 0.050231
0.378785 0.071743
0.371142 0.087919
0.380080 0.107039
0.397794 0.164366
0.377088 0.144825
0.378328 0.162363
0.380796 0.180331
0.337121 0.255005
0.362579 0.408066
0.777407 0.335595
0.264495 0.425183
0.277964 0.000823
0.361371 0.000727
0.357708 0.068728
0.336070 0.043031
0.369438 0.056194
0.398919 0.105526
0.388827 0.126742
0.423477 0.118195
0.417531 0.159013
0.395677 0.190884
0.380794 0.203964
0.390875 0.223699
0.379158 0.246606
0.357755 0.243670
0.384980 0.403622
0.294753 0.000212
0.312334 0.026303
0.342278 0.027110
0.384172 0.046336
0.389809 0.088829
0.406523 0.122349
0.396856 0.144589
0.410239 0.178243
0.430221 0.176124
0.403308 0.210575
0.397287 0.245731
0.425140 0.262562
0.250374 0.427493
0.373763 0.392327
0.303106 0.000073
0.326498 0.028526
0.369476 0.033908
0.393211 0.063843
0.415339 0.098978
0.453350 0.098964
0.432136 0.138328
0.414634 0.140532
0.442104 0.118741
0.412895 0.228161
0.455637 0.232315
0.434854 0.232653
0.409710 0.281349
0.385050 0.281830
0.343219 0.274031
0.319852 0.000139
0.354257 0.046075
0.381595 0.026567
0.402592 0.044712
0.420394 0.042692
0.422286 0.081133
0.459593 0.120259
0.457551 0.156274
0.436061 0.194777
0.417212 0.196943
0.427944 0.214755
0.395646 0.318485
0.352610 0.411820
0.335950 0.319636
0.328173 0.000092
0.402512 0.000700
0.357424 0.026934
0.396139 0.028976
0.404188 0.080259
0.439542 0.083015
0.434185 0.101353
0.450165 0.138971
0.437307 0.157999
0.448075 0.214187
0.468509 0.172340
0.375065 0.302694
0.394677 0.296937
0.345245 0.396066
0.396040 0.398382
0.344789 0.000072
0.437952 0.046570
0.410653 0.062259
0.445570 0.064941
0.475303 0.087535
0.479652 0.122204
0.454843 0.195867
0.449633 0.175420
0.464896 0.353050
0.401551 0.265058
0.416541 0.247529
0.431012 0.280814
0.390805 0.372619
0.331728 0.413215
0.353074 0.000106
0.410785 0.000210
0.476761 0.000700
0.444043 0.027351
0.411616 0.026604
0.493723 0.089601
0.470919 0.104435
0.491714 0.107381
0.472432 0.192518
0.469814 0.138424
0.418230 0.355593
0.448403 0.270622
0.355809 0.327729
0.384857 0.336443
0.452915 0.308614
0.369593 0.000199
0.460258 0.000817
0.428535 0.028079
0.427485 0.062816
0.509380 0.145686
0.533122 0.153101
0.490741 0.142406
0.487781 0.177864
0.469388 0.212265
0.375101 0.323030
0.328305 0.368473
0.693559 0.376876
0.517347 0.386271
0.399452 0.348480
0.377821 0.000859
0.452013 0.000683
0.484999 0.000241
0.486364 0.055714
0.520053 0.044881
0.540482 0.195123
0.520128 0.197436
0.518007 0.164451
0.573513 0.267928
0.408240 0.373726
0.555056 0.376779
0.958661 0.180893
0.509145 0.306884
0.422479 0.389268
0.364030 0.355581
0.419066 0.000697
0.468496 0.000320
0.604205 0.044517
0.457983 0.080199
0.461711 0.058049
0.511448 0.226448
0.507643 0.182744
0.479166 0.155963
0.499028 0.258759
0.441551 0.250651
0.493996 0.390398
0.380965 0.358632
0.448207 0.374544
0.361041 0.374546
0.394326 0.000858
0.435542 0.000708
0.509696 0.000993
0.462667 0.027157
0.595598 0.215371
0.512669 0.080843
0.611699 0.351910
0.490662 0.197207
0.428173 0.337121
0.474399 0.232586
0.864020 0.242168
0.637773 0.366731
0.708888 0.379366
0.410893 0.393184
0.625828 0.378741
0.534265 0.000899
0.501485 0.000753
0.427326 0.000548
0.156531 0.399242
0.474998 0.069246
0.499131 0.125564
0.414338 0.301433
0.568366 0.326730
0.488922 0.276393
0.722568 0.378100
0.834600 0.244810
0.491217 0.345384
0.755084 0.345595
0.473467 0.366801
0.600105 0.000970
0.550759 0.000168
0.386031 0.000245
0.493242 0.000260
0.528295 0.030297
0.474811 0.042371
0.510157 0.101457
0.544941 0.167699
0.480016 0.253331
0.852324 0.444228
0.410144 0.329945
0.445864 0.390258
0.479839 0.380716
0.431398 0.364416
0.542756 0.375244
0.591923 0.000566
0.517892 0.000400
0.443773 0.000651
0.495706 0.028737
0.454361 0.040963
0.864861 0.214985
0.707562 0.343601
0.583737 0.378941
0.772384 0.394064
0.510371 0.353172
0.811573 0.423801
0.503123 0.390617
0.492588 0.364443
0.519066 0.287366
0.616640 0.000512
0.567247 0.000201
0.500074 0.043834
0.526095 0.000475
0.495107 0.071596
0.509819 0.061071
0.527033 0.066916
0.499025 0.163020
0.529592 0.179055
0.487679 0.218749
0.470945 0.272231
0.423505 0.314661
0.474257 0.295079
0.442245 0.325768
0.537243 0.360200
0.633167 0.000704
0.542526 0.000449
0.543085 0.027929
0.512502 0.028269
0.479988 0.027804
0.527970 0.089980
0.547203 0.138864
0.557490 0.154423
0.555540 0.184498
0.505195 0.208059
0.445942 0.348342
0.513630 0.271147
0.467432 0.316310
0.525099 0.376463
0.641420 0.000983
0.559019 0.000050
0.577011 0.029526
0.568130 0.047295
0.550526 0.041718
0.524914 0.136533
0.562239 0.127612
0.568641 0.169931
0.545694 0.221472
0.494973 0.237638
0.537965 0.277484
0.577976 0.380962
0.456013 0.286574
0.487332 0.311314
0.787272 0.356710
0.657939 0.001149
0.609183 0.028653
0.592727 0.028906
0.561396 0.028574
0.537476 0.052970
0.541744 0.076652
0.515106 0.119898
0.538480 0.122779
0.557326 0.204901
0.530355 0.235191
0.546783 0.317557
0.514494 0.246836
0.496725 0.292726
0.436634 0.297746
0.666207 0.000874
0.575458 0.000832
0.624744 0.027733
0.554484 0.063145
0.573086 0.065557
0.560950 0.080883
0.529961 0.107295
0.554177 0.110887
0.572608 0.142004
0.562280 0.226525
0.546306 0.244604
0.531040 0.259902
0.664153 0.370483
0.648795 0.384869
0.618911 0.375425
0.682812 0.000381
0.583686 0.000402
0.608370 0.000159
0.586641 0.046512
0.547914 0.095593
0.582656 0.082565
0.574918 0.112599
0.574995 0.209311
0.591984 0.196358
0.567026 0.247410
0.528669 0.213845
0.521564 0.343068
0.504923 0.328455
0.461433 0.336715
0.691106 0.001072
0.624913 0.000643
0.642783 0.029083
0.618131 0.080971
0.591131 0.064580
0.570811 0.096293
0.585364 0.126211
0.575132 0.188291
0.601256 0.154055
0.613137 0.166492
0.530753 0.302340
0.612174 0.204441
0.552114 0.299361
0.559358 0.282056
0.670899 0.357765
0.707749 0.000989
0.631779 0.041205
0.628458 0.097701
0.618790 0.053229
0.608289 0.067376
0.599740 0.085550
0.591729 0.102792
0.589448 0.173133
0.599007 0.239846
0.605654 0.183669
0.603714 0.262357
0.818518 0.376380
0.461064 0.252417
0.791669 0.376164
0.716124 0.000982
0.649641 0.000558
0.658287 0.027746
0.632479 0.063880
0.611497 0.101617
0.603786 0.118290
0.582387 0.155864
0.616360 0.136708
0.626153 0.153110
0.613074 0.224647
0.581690 0.229129
0.540422 0.337544
0.526395 0.321289
0.552983 0.263673
0.571575 0.361793
0.724485 0.000127
0.676050 0.027153
0.648707 0.047945
0.650449 0.067423
0.637523 0.080731
0.598184 0.137166
0.634363 0.132327
0.631896 0.172660
0.624401 0.189399
0.585031 0.251766
0.670417 0.343795
0.596715 0.361329
0.659827 0.383935
0.484621 0.330205
0.741194 0.001091
0.674515 0.000474
0.687686 0.037582
0.665873 0.041995
0.666138 0.060990
0.652565 0.090192
0.623476 0.117404
0.643696 0.149273
0.630514 0.217712
0.616579 0.248668
0.624300 0.298603
0.623952 0.272257
0.576698 0.344607
0.766308 0.389075
0.755432 0.359224
0.749622 0.000427
0.697492 0.026934
0.683678 0.053760
0.683534 0.071525
0.666607 0.080464
0.643717 0.106030
0.648192 0.120894
0.647628 0.226709
0.632168 0.238925
0.612265 0.286279
0.592955 0.277696
0.556846 0.344626
0.638475 0.328976
0.779267 0.393461
0.758022 0.000507
0.699417 0.000136
0.715387 0.027990
0.700509 0.058611
0.682147 0.092350
0.666980 0.101884
0.658780 0.137372
0.649393 0.169072
0.638510 0.201584
0.663153 0.238544
0.580778 0.292034
0.621284 0.317463
0.570014 0.308058
0.707762 0.327460
0.801378 0.375513
0.766595 0.000367
0.730902 0.028379
0.709748 0.041610
0.697900 0.079243
0.666794 0.119079
0.678122 0.133906
0.663127 0.155454
0.658534 0.211385
0.636562 0.259211
0.650689 0.275075
0.627899 0.348402
0.598909 0.302387
0.854943 0.444180
0.649037 0.340435
0.775008 0.000114
0.732844 0.000375
0.744674 0.031570
0.713502 0.083633
0.685517 0.113053
0.691949 0.141888
0.678978 0.159008
0.650129 0.189250
0.652981 0.253375
0.591858 0.334011
0.670689 0.266687
0.662820 0.304193
0.668235 0.287528
0.728986 0.364757
0.663985 0.326994
0.792020 0.000204
0.744022 0.055224
0.728914 0.046245
0.699259 0.099113
0.699167 0.123200
0.697541 0.160274
0.666541 0.179168
0.671217 0.198425
0.640451 0.291081
0.700915 0.308709
0.704891 0.288926
0.589772 0.315545
0.684236 0.301943
0.612518 0.332325
0.800590 0.000137
0.758174 0.027128
0.715894 0.061828
0.728669 0.086926
0.718278 0.124561
0.711326 0.142396
0.716057 0.162540
0.684757 0.178291
0.674365 0.223805
0.686941 0.212183
0.646981 0.308851
0.687949 0.279272
0.737186 0.355373
0.771575 0.317651
0.694684 0.340500
0.809224 0.000568
0.766373 0.062966
0.749693 0.072019
0.713499 0.107169
0.735885 0.127057
0.729597 0.146415
0.733556 0.166736
0.693703 0.195653
0.723741 0.225770
0.727796 0.271597
0.724106 0.314434
0.684016 0.321924
0.735007 0.326169
0.697965 0.365368
0.826387 0.000146
0.783556 0.000830
0.758375 0.045734
0.730768 0.068812
0.745100 0.091467
0.731059 0.106842
0.753716 0.130459
0.705349 0.180053
0.705381 0.222064
0.679831 0.249315
0.695340 0.237112
0.745017 0.260473
0.744851 0.283073
0.801873 0.349018
0.834574 0.443700
0.835026 0.000567
0.773339 0.028676
0.777408 0.045132
0.762600 0.083916
0.766674 0.099467
0.748267 0.110701
0.723225 0.185203
0.741701 0.188774
0.711467 0.204505
0.740598 0.231829
0.710795 0.269246
0.729364 0.248766
0.805276 0.423689
0.756898 0.330990
0.843720 0.000012
0.817778 0.000945
0.789553 0.027710
0.785103 0.060849
0.778996 0.080054
0.784144 0.106929
0.766653 0.117192
0.766025 0.143604
0.746872 0.149217
0.694744 0.260087
0.712128 0.246383
0.723466 0.292804
0.776909 0.295373
0.842208 0.333204
0.805817 0.411598
0.861226 0.000732
0.806617 0.026736
0.796531 0.042695
0.797271 0.072022
0.791824 0.091234
0.808672 0.093726
0.779481 0.128071
0.768358 0.161907
0.729152 0.204720
0.749072 0.205281
0.758429 0.219851
0.751924 0.243908
0.740990 0.306238
0.753949 0.298282
0.869951 0.000158
0.852478 0.000972
0.828829 0.025836
0.817975 0.037219
0.808261 0.054682
0.825764 0.056333
0.800144 0.112239
0.795936 0.131290
0.784084 0.148805
0.751844 0.168709
0.760794 0.188031
0.771383 0.230401
0.768219 0.256070
0.763902 0.276755
0.801288 0.331449
0.887502 0.000122
0.866897 0.026662
0.849547 0.025767
0.837828 0.039142
0.813513 0.073663
0.825484 0.091777
0.819667 0.110486
0.801543 0.149933
0.790602 0.169337
0.776089 0.178681
0.772950 0.204969
0.783447 0.245658
0.792325 0.265362
0.831362 0.431629
0.896337 0.000509
0.878760 0.000981
0.884485 0.026195
0.855804 0.042111
0.843527 0.057138
0.830793 0.074151
0.849064 0.075852
0.837633 0.110109
0.812643 0.127315
0.829342 0.131781
0.787346 0.193126
0.786984 0.219111
0.828951 0.217829
0.824304 0.310260
0.857270 0.402360
0.905152 0.000498
0.919562 0.024786
0.874214 0.041579
0.877475 0.059824
0.861654 0.061022
0.864621 0.081358
0.843208 0.092475
0.846248 0.123396
0.854116 0.139055
0.801768 0.202328
0.818729 0.148182
0.799095 0.235629
0.806283 0.254326
0.780905 0.277129
0.914059 0.000299
0.922947 0.000054
0.927108 0.040833
0.901995 0.025783
0.892430 0.041179
0.882363 0.076747
0.893393 0.092912
0.857277 0.101702
0.865289 0.117222
0.838532 0.148010
0.867056 0.151393
0.807864 0.167841
0.810556 0.213796
0.849998 0.409893
0.829470 0.347967
0.931849 0.000754
0.936263 0.024322
0.909839 0.040644
0.895181 0.058619
0.917744 0.077321
0.874665 0.095372
0.883047 0.110626
0.873250 0.132436
0.887134 0.147476
0.827792 0.166004
0.834802 0.179521
0.846528 0.192848
0.825958 0.198313
0.808936 0.312045
0.940816 0.000650
0.953754 0.023645
0.944050 0.038078
0.912682 0.058732
0.900213 0.075357
0.911850 0.092931
0.890864 0.128188
0.907213 0.131173
0.905925 0.150965
0.849186 0.163172
0.881501 0.186188
0.861326 0.176966
0.811047 0.184759
0.818615 0.236670
0.817988 0.341119
0.949864 0.000062
0.947237 0.053504
0.929710 0.058173
0.934079 0.073305
0.944114 0.086244
0.902427 0.109654
0.922407 0.158405
0.893784 0.167608
0.901206 0.192003
0.915807 0.202614
0.944589 0.220690
0.866023 0.197997
0.846960 0.213325
0.830402 0.375436
0.959011 0.000279
0.969261 0.022099
0.963106 0.039241
0.953549 0.068579
0.957248 0.119228
0.929172 0.095533
0.918534 0.114154
0.875605 0.168277
0.941509 0.190155
0.908771 0.174639
0.931410 0.207594
0.848050 0.234254
0.938868 0.240329
0.849228 0.320094
0.884230 0.208628
0.968063 0.000440
0.980258 0.030012
0.965941 0.057638
0.950025 0.102380
0.959401 0.159034
0.940563 0.169624
0.940124 0.149420
0.929031 0.228298
0.880641 0.269626
0.898262 0.215752
0.967870 0.223648
0.866557 0.362370
0.814024 0.282031
0.849555 0.260339
0.977156 0.000588
0.999409 0.000598
0.978369 0.047545
0.976272 0.112230
0.935491 0.113535
0.940533 0.130826
0.956906 0.203257
0.973323 0.189770
0.972997 0.239084
0.906640 0.226928
0.948992 0.262855
0.890539 0.241324
0.845261 0.395312
0.818968 0.263921
0.819569 0.399133
0.986859 0.000799
0.977433 0.068191
0.962917 0.081856
0.974413 0.128978
0.958488 0.140218
0.923915 0.135647
0.926295 0.262078
0.866059 0.266410
0.999801 0.253012
0.919208 0.262701
0.860989 0.307088
0.960928 0.246890
0.849960 0.354454
0.788598 0.313855
0.999613 0.014764
0.999989 0.044343
0.978243 0.087387
0.967770 0.099412
0.999146 0.105126
0.999200 0.181654
0.999957 0.137024
0.999585 0.148000
0.980578 0.270188
0.999382 0.268069
0.957771 0.263084
0.877592 0.231709
0.862566 0.284191
0.999214 0.228767
0.827848 0.299121
0.999496 0.000978
0.999604 0.054449
0.999874 0.074210
0.999792 0.094886
0.999891 0.115743
0.974933 0.167891
0.973386 0.206892
0.907569 0.249127
0.999594 0.240879
0.999202 0.193299
0.992552 0.274331
0.845683 0.288143
0.796101 0.292475
0.864861 0.314706
0.999665 0.024790
0.999801 0.034511
0.999698 0.064208
0.999834 0.084498
0.975371 0.147315
0.999606 0.126358
0.999608 0.205105
0.925683 0.180392
0.999950 0.216902
0.999217 0.159011
0.999907 0.170286
0.837595 0.274215
0.890952 0.260854
0.847307 0.374498
0.869697 0.363018
