0.000293 0.025139
0.000571 0.062932
0.000581 0.092576
0.000287 0.123261
0.001136 0.133674
0.103590 0.253856
0.000351 0.176955
0.000321 0.187841
0.014228 0.275345
0.149820 0.302222
0.142644 0.371069
0.115709 0.250083
0.071272 0.234381
0.171691 0.326267
0.000023 0.015606
0.000132 0.043467
0.000337 0.072723
0.023793 0.055023
0.024562 0.198943
0.000531 0.199161
0.000715 0.165972
0.000794 0.270301
0.000143 0.232651
0.000431 0.244086
0.036351 0.257091
0.045955 0.262452
0.135512 0.300385
0.136801 0.256908
0.167723 0.283428
0.000638 0.001530
0.000293 0.053210
0.000403 0.082594
0.000984 0.102739
0.000436 0.112945
0.000179 0.210288
0.000494 0.155135
0.006005 0.280053
0.000837 0.221646
0.116572 0.291727
0.056639 0.256684
0.130721 0.272591
0.162766 0.308290
0.149356 0.363278
0.000681 0.000696
0.024535 0.025835
0.024759 0.039338
0.023307 0.090280
0.022978 0.166638
0.063333 0.173070
0.036744 0.154407
0.000786 0.254354
0.085805 0.222171
0.053290 0.205496
0.051787 0.220580
0.118739 0.286998
0.077392 0.248876
0.089776 0.249294
0.159167 0.347703
0.012270 0.000364
0.044998 0.042482
0.000798 0.034196
0.023601 0.071983
0.000845 0.144358
0.042401 0.190618
0.043254 0.173626
0.062022 0.187330
0.029263 0.227359
0.080773 0.193473
0.052226 0.237728
0.132757 0.218389
0.103339 0.230972
0.145225 0.384863
0.030362 0.000946
0.021736 0.000700
0.057308 0.062251
0.040370 0.056641
0.025234 0.181812
0.022601 0.128418
0.051560 0.140692
0.057079 0.156846
0.071590 0.209237
0.098440 0.194044
0.106777 0.175207
0.095943 0.209089
0.143666 0.330579
0.146268 0.334895
0.180347 0.343782
0.038844 0.000051
0.053749 0.025568
0.038201 0.074918
0.050634 0.104865
0.036796 0.134431
0.036192 0.114582
0.076718 0.159906
0.133949 0.170052
0.027862 0.214145
0.084735 0.176156
0.031981 0.241622
0.123854 0.232005
0.115806 0.212706
0.146921 0.280798
0.047458 0.000634
0.039552 0.025185
0.067665 0.027562
0.063184 0.043124
0.038971 0.092897
0.063796 0.093870
0.022171 0.147876
0.070467 0.140066
0.117520 0.164214
0.096440 0.161543
0.118549 0.195928
0.166646 0.216498
0.154278 0.228869
0.199455 0.280572
0.177764 0.362109
0.056237 0.001119
0.082438 0.024461
0.083045 0.040568
0.055111 0.079129
0.071907 0.077849
0.023676 0.107784
0.066710 0.113136
0.055279 0.125068
0.176274 0.183892
0.130248 0.185063
0.145905 0.192047
0.179368 0.233336
0.142976 0.242826
0.185911 0.252996
0.064794 0.001033
0.073429 0.000384
0.097453 0.025648
0.090820 0.055928
0.072804 0.057465
0.086146 0.072253
0.091735 0.110363
0.079292 0.099260
0.088031 0.145218
0.156040 0.178578
0.199957 0.233407
0.147858 0.210537
0.180893 0.269783
0.167632 0.248991
0.164102 0.386789
0.082076 0.000916
0.113543 0.024204
0.120096 0.039383
0.112987 0.054309
0.103812 0.067947
0.091994 0.088599
0.077982 0.125563
0.094425 0.129931
0.109565 0.146160
0.166171 0.165556
0.167824 0.199801
0.187936 0.197954
0.203703 0.262488
0.181687 0.375367
0.090717 0.000981
0.107921 0.000130
0.129652 0.024935
0.101425 0.040995
0.119068 0.074260
0.107304 0.087347
0.107741 0.104348
0.109019 0.122165
0.120620 0.133657
0.130934 0.149171
0.184991 0.168715
0.187367 0.216882
0.244357 0.299059
0.180847 0.295351
0.157238 0.410612
0.099331 0.000801
0.136748 0.040707
0.129647 0.059765
0.135834 0.076853
0.141199 0.095519
0.124561 0.093664
0.125055 0.111311
0.136274 0.129564
0.151103 0.142618
0.148116 0.159094
0.205682 0.194695
0.224417 0.259994
0.219650 0.278845
0.157870 0.262086
0.116548 0.001073
0.142332 0.000849
0.146064 0.025007
0.145384 0.056813
0.150667 0.076998
0.159010 0.092485
0.142383 0.112652
0.173651 0.133201
0.170362 0.149187
0.190640 0.153079
0.200671 0.177987
0.206833 0.215477
0.239251 0.275177
0.233004 0.322635
0.188667 0.311004
0.125169 0.000272
0.154185 0.039888
0.161133 0.063099
0.170278 0.078953
0.186430 0.080335
0.160560 0.109456
0.155580 0.126900
0.191395 0.136025
0.219373 0.176404
0.220872 0.201628
0.226139 0.231368
0.212969 0.243676
0.244910 0.360669
0.229497 0.355260
0.133764 0.000187
0.176390 0.000266
0.162272 0.025369
0.179635 0.061817
0.177614 0.097902
0.176543 0.116166
0.207707 0.138222
0.208012 0.160256
0.231273 0.216120
0.233168 0.166935
0.239717 0.246904
0.256598 0.285507
0.207277 0.376257
0.206282 0.298146
0.195348 0.326911
0.150854 0.000112
0.168165 0.047313
0.195207 0.059547
0.194679 0.098510
0.193463 0.117284
0.223359 0.131233
0.222847 0.150773
0.247581 0.180683
0.234411 0.190707
0.251168 0.261263
0.266157 0.300151
0.226855 0.299810
0.175870 0.405219
0.157820 0.435001
0.159374 0.000164
0.176926 0.025588
0.182222 0.040611
0.198361 0.041769
0.210881 0.096777
0.209595 0.116574
0.240657 0.146711
0.264755 0.179011
0.250735 0.201088
0.248987 0.220825
0.271367 0.274632
0.252224 0.318243
0.245124 0.338775
0.221392 0.340962
0.160611 0.434428
0.167883 0.000937
0.214832 0.042366
0.201827 0.078195
0.236980 0.078982
0.218902 0.078314
0.225946 0.112003
0.265573 0.209527
0.275691 0.190470
0.254759 0.238089
0.266959 0.328244
0.263667 0.349851
0.261797 0.371456
0.244131 0.382250
0.183437 0.426076
0.184884 0.000342
0.193422 0.024709
0.231798 0.042394
0.211503 0.060938
0.250470 0.092201
0.229422 0.094633
0.252161 0.161688
0.285605 0.171928
0.269686 0.248303
0.303106 0.300732
0.300978 0.258916
0.226793 0.381226
0.257592 0.415417
0.216575 0.408027
0.193840 0.429989
0.193405 0.000060
0.209161 0.025723
0.248811 0.044120
0.257236 0.074704
0.244822 0.108552
0.240409 0.128348
0.270816 0.158749
0.294102 0.222081
0.289745 0.282438
0.281473 0.302953
0.283781 0.320675
0.276857 0.385195
0.214832 0.315338
0.204667 0.340267
0.201918 0.000827
0.252475 0.000468
0.224617 0.025608
0.228324 0.060494
0.265568 0.102522
0.257036 0.121647
0.258580 0.141675
0.276425 0.139242
0.305206 0.202346
0.273090 0.226155
0.301089 0.337004
0.282775 0.341664
0.280379 0.363591
0.221593 0.430623
0.190970 0.404921
0.210391 0.001013
0.239869 0.026274
0.266486 0.040516
0.271688 0.083257
0.282591 0.097387
0.274261 0.121325
0.305039 0.169973
0.284888 0.205707
0.313303 0.221346
0.287930 0.240426
0.323114 0.333571
0.294239 0.377877
0.292956 0.405169
0.200465 0.363079
0.218834 0.001039
0.286123 0.001074
0.254867 0.026342
0.245059 0.061627
0.292049 0.079990
0.290678 0.114225
0.289145 0.152755
0.306543 0.148577
0.298313 0.186817
0.345043 0.218760
0.317430 0.264115
0.281761 0.260733
0.313203 0.380449
0.335960 0.360176
0.256450 0.398437
0.227275 0.000211
0.271356 0.025510
0.280257 0.065887
0.264530 0.058378
0.310208 0.115131
0.295501 0.131543
0.316338 0.133063
0.324036 0.174080
0.321416 0.191766
0.353108 0.253955
0.306501 0.319937
0.337113 0.283607
0.206021 0.391828
0.284111 0.405062
0.235706 0.000690
0.311256 0.000397
0.282397 0.047387
0.309228 0.078550
0.301687 0.098123
0.328071 0.115128
0.347260 0.119783
0.322188 0.155452
0.328595 0.208337
0.356906 0.159700
0.329232 0.231559
0.308567 0.240904
0.306971 0.281359
0.234356 0.400856
0.309396 0.403931
0.244104 0.000097
0.286785 0.026964
0.317909 0.063727
0.319421 0.095771
0.329511 0.080227
0.337807 0.100046
0.354013 0.138498
0.341850 0.172242
0.359624 0.181917
0.341871 0.192380
0.321098 0.294669
0.338475 0.333923
0.209725 0.429153
0.302291 0.356264
0.260880 0.000492
0.336257 0.000774
0.298083 0.061449
0.335227 0.061437
0.346887 0.084200
0.356539 0.103684
0.366424 0.122223
0.334373 0.134034
0.340219 0.151861
0.356387 0.202505
0.367995 0.218171
0.347675 0.299091
0.372394 0.254826
0.445278 0.372636
0.357333 0.276407
0.269311 0.000559
0.297493 0.040329
0.312860 0.047023
0.372608 0.073028
0.365549 0.088276
0.375880 0.106528
0.394156 0.159404
0.373397 0.140102
0.374749 0.156641
0.376178 0.174111
0.330497 0.248235
0.351491 0.398257
0.792109 0.325018
0.251950 0.421056
0.277729 0.001132
0.361185 0.000303
0.351496 0.068179
0.329493 0.042579
0.364281 0.057154
0.395282 0.103297
0.385647 0.123842
0.420363 0.114348
0.413239 0.153458
0.390040 0.184324
0.374889 0.196939
0.385963 0.214683
0.372391 0.236487
0.352209 0.235606
0.377222 0.386908
0.294484 0.000832
0.304281 0.026439
0.337317 0.028480
0.379139 0.046560
0.384942 0.088692
0.403340 0.119188
0.393775 0.141194
0.406488 0.172765
0.425929 0.169865
0.398428 0.201954
0.391050 0.235356
0.417671 0.253509
0.233441 0.424142
0.363925 0.381400
0.302875 0.000042
0.320291 0.027308
0.364514 0.035620
0.387659 0.064407
0.411855 0.096278
0.451629 0.096878
0.429496 0.133471
0.411687 0.135733
0.438884 0.115006
0.407443 0.219536
0.451070 0.223885
0.429635 0.223906
0.402712 0.270263
0.378483 0.270950
0.337963 0.265760
0.319588 0.000724
0.348040 0.046362
0.377337 0.027767
0.397024 0.044893
0.417219 0.044516
0.417417 0.079273
0.457109 0.116049
0.452954 0.151895
0.431776 0.188284
0.412323 0.190085
0.423014 0.206966
0.386821 0.308587
0.345096 0.399709
0.327449 0.312200
0.327902 0.000455
0.402633 0.000571
0.352654 0.027379
0.393526 0.028660
0.399248 0.078913
0.436679 0.081129
0.431722 0.097639
0.447536 0.134244
0.433248 0.152139
0.444028 0.206545
0.465001 0.167549
0.367811 0.291784
0.388555 0.287441
0.333487 0.384805
0.385347 0.385160
0.344563 0.000318
0.436099 0.044940
0.406483 0.061173
0.443517 0.063179
0.474589 0.086422
0.477565 0.120532
0.451032 0.188419
0.445363 0.170520
0.459415 0.337418
0.394959 0.254344
0.410780 0.237022
0.424397 0.270347
0.381847 0.358927
0.320122 0.399767
0.352896 0.000137
0.410894 0.000257
0.476848 0.000664
0.443025 0.028398
0.409970 0.029051
0.493598 0.089122
0.470140 0.102392
0.490785 0.106009
0.469889 0.186236
0.466556 0.134731
0.411560 0.341141
0.442469 0.258135
0.347577 0.318300
0.376519 0.325728
0.447046 0.294835
0.369472 0.000554
0.460380 0.000090
0.426515 0.028527
0.425543 0.062906
0.508353 0.140454
0.533136 0.149079
0.488175 0.138593
0.485124 0.170558
0.465369 0.205116
0.366359 0.311405
0.317478 0.359573
0.724725 0.360735
0.516700 0.362431
0.391940 0.336717
0.377734 0.000189
0.452174 0.000766
0.485072 0.000162
0.486607 0.056151
0.520520 0.043699
0.539376 0.190878
0.517948 0.189285
0.516911 0.158803
0.575567 0.258780
0.401962 0.361359
0.559565 0.356879
0.959766 0.178143
0.508042 0.293647
0.414943 0.376064
0.354905 0.346990
0.419152 0.000938
0.468609 0.000733
0.607740 0.041416
0.455729 0.078928
0.460873 0.058964
0.509062 0.218564
0.505691 0.175582
0.474996 0.151802
0.496352 0.248502
0.435520 0.241148
0.491371 0.368248
0.372333 0.347092
0.443720 0.358094
0.350886 0.361498
0.394327 0.000308
0.435692 0.000119
0.509762 0.000368
0.462279 0.027793
0.597946 0.211219
0.512375 0.079710
0.617787 0.341542
0.488822 0.189512
0.422208 0.324803
0.470845 0.223942
0.859869 0.232193
0.650122 0.354891
0.735689 0.367364
0.406373 0.377984
0.639787 0.362235
0.534335 0.000756
0.501541 0.000073
0.427434 0.000963
0.148879 0.399230
0.473944 0.069424
0.498129 0.122694
0.406361 0.289468
0.571171 0.310685
0.485191 0.264222
0.750996 0.368037
0.833441 0.239028
0.490195 0.327856
0.777791 0.340382
0.469585 0.353255
0.600153 0.000538
0.550706 0.000448
0.386046 0.000115
0.493321 0.000663
0.529352 0.029373
0.474244 0.042653
0.510298 0.098794
0.545305 0.163454
0.476361 0.243905
0.875979 0.457255
0.402094 0.318614
0.439319 0.376587
0.476976 0.364023
0.425864 0.350925
0.553036 0.355677
0.591929 0.000158
0.517959 0.000427
0.443943 0.000046
0.495964 0.028269
0.454561 0.041258
0.863421 0.207926
0.722659 0.334900
0.591069 0.361990
0.803961 0.387385
0.508346 0.335114
0.846284 0.436104
0.505416 0.371440
0.493575 0.349613
0.517829 0.274990
0.616707 0.000826
0.567155 0.000106
0.499497 0.043412
0.526146 0.000014
0.494698 0.071540
0.509336 0.059603
0.526374 0.066554
0.497191 0.156940
0.529393 0.173183
0.485242 0.209265
0.466247 0.261734
0.416546 0.303086
0.471712 0.281880
0.436552 0.311161
0.539582 0.340681
0.633251 0.000332
0.542541 0.000444
0.543575 0.028911
0.512879 0.028513
0.480462 0.028648
0.528842 0.088019
0.546902 0.136034
0.559162 0.149874
0.555402 0.179350
0.503043 0.201363
0.441002 0.334415
0.513025 0.259117
0.463552 0.302693
0.526080 0.360279
0.641564 0.000910
0.558949 0.000528
0.577699 0.028081
0.570666 0.044677
0.551336 0.042319
0.524367 0.132361
0.562497 0.125637
0.569826 0.165989
0.544929 0.213833
0.491369 0.228249
0.538283 0.267151
0.587400 0.362666
0.451530 0.274776
0.485512 0.296178
0.809191 0.347484
0.658158 0.000699
0.612344 0.027602
0.594152 0.027882
0.561321 0.027973
0.536656 0.053331
0.543147 0.074495
0.514833 0.116713
0.539310 0.119063
0.558047 0.197946
0.529221 0.227244
0.546198 0.303949
0.512729 0.237184
0.494788 0.280091
0.431164 0.285990
0.666481 0.000945
0.575390 0.000950
0.627977 0.027984
0.555564 0.060347
0.574520 0.063271
0.562613 0.078304
0.530976 0.104531
0.555168 0.108448
0.575493 0.138373
0.563851 0.220264
0.546844 0.234597
0.530178 0.249771
0.686544 0.359890
0.670377 0.365489
0.632562 0.359330
0.683124 0.000915
0.583681 0.000807
0.608428 0.000194
0.588980 0.044205
0.549165 0.092389
0.584400 0.079574
0.575904 0.109817
0.577021 0.204158
0.594007 0.192469
0.566632 0.238618
0.527313 0.205857
0.522336 0.327172
0.503151 0.314071
0.457012 0.321114
0.691476 0.000375
0.624992 0.000157
0.646442 0.028102
0.622029 0.078778
0.592993 0.061631
0.571709 0.093479
0.587348 0.122517
0.576017 0.184584
0.604101 0.152203
0.615981 0.165523
0.530268 0.288202
0.617022 0.200374
0.553230 0.287100
0.560021 0.271876
0.688403 0.343326
0.708243 0.000963
0.635361 0.040779
0.631362 0.096275
0.620736 0.053902
0.608870 0.065163
0.602122 0.082863
0.592570 0.099773
0.591933 0.170559
0.602168 0.233000
0.608310 0.181557
0.606229 0.255146
0.841021 0.385858
0.456135 0.241777
0.816117 0.367646
0.716677 0.000251
0.649841 0.001043
0.661802 0.027349
0.636350 0.060766
0.612819 0.098039
0.605769 0.115190
0.584048 0.153443
0.618121 0.132487
0.626775 0.149399
0.615052 0.220253
0.582568 0.223569
0.543397 0.322742
0.524765 0.307210
0.552888 0.254362
0.576689 0.344171
0.725035 0.000503
0.682020 0.027206
0.652763 0.047416
0.654073 0.066310
0.639805 0.078971
0.599495 0.135125
0.637160 0.129941
0.635333 0.168964
0.628794 0.185815
0.587552 0.245088
0.683920 0.332702
0.607913 0.344022
0.676802 0.369838
0.479619 0.315228
0.741849 0.000830
0.674855 0.001125
0.694031 0.037392
0.671235 0.038682
0.670737 0.056910
0.656933 0.088626
0.625896 0.114663
0.645324 0.147158
0.633309 0.213221
0.619946 0.242534
0.628402 0.290843
0.627996 0.265209
0.584285 0.330096
0.805614 0.378619
0.788141 0.344663
0.750192 0.000970
0.703902 0.026194
0.688673 0.053541
0.686848 0.071329
0.669962 0.076280
0.647439 0.102532
0.650312 0.118901
0.651241 0.221020
0.636162 0.231533
0.615489 0.277578
0.594140 0.268681
0.559499 0.326926
0.646861 0.320238
0.816373 0.387935
0.758499 0.000055
0.699841 0.000425
0.721529 0.027701
0.706247 0.059989
0.685654 0.090467
0.671127 0.099409
0.661558 0.134450
0.652014 0.164950
0.642702 0.197265
0.666468 0.230797
0.583310 0.280082
0.627543 0.305122
0.570615 0.295624
0.722137 0.319661
0.838784 0.373217
0.766918 0.000755
0.736638 0.027184
0.712476 0.042215
0.702972 0.078192
0.669743 0.116369
0.680605 0.131639
0.666210 0.151435
0.661091 0.204512
0.637920 0.251735
0.655032 0.265332
0.638450 0.333568
0.602274 0.291923
0.880998 0.451183
0.659840 0.327995
0.775369 0.000849
0.733466 0.000027
0.749012 0.032060
0.718890 0.082238
0.688739 0.111127
0.696503 0.139427
0.682832 0.153251
0.654669 0.184412
0.656423 0.247273
0.599451 0.321146
0.674929 0.259030
0.670122 0.296852
0.672442 0.277271
0.759551 0.359073
0.670566 0.315321
0.792407 0.000565
0.748534 0.052532
0.731477 0.044924
0.702785 0.097373
0.701800 0.121339
0.701606 0.158385
0.670684 0.172499
0.674046 0.191645
0.645554 0.281115
0.707701 0.297248
0.711872 0.281484
0.594854 0.304649
0.690030 0.292550
0.617156 0.320003
0.800907 0.000897
0.762883 0.026264
0.722513 0.061966
0.734065 0.087835
0.720036 0.124260
0.714701 0.141278
0.719096 0.161449
0.688165 0.173447
0.676657 0.217165
0.690000 0.207985
0.652291 0.298511
0.691397 0.271079
0.759344 0.347470
0.778749 0.309379
0.707634 0.328206
0.809476 0.000901
0.770147 0.060238
0.753104 0.069980
0.716442 0.105213
0.737770 0.126280
0.732732 0.144357
0.735029 0.166833
0.694186 0.191457
0.726950 0.222808
0.732923 0.265181
0.734674 0.308416
0.693767 0.311756
0.749116 0.317180
0.716532 0.354981
0.826614 0.000940
0.783867 0.000009
0.763904 0.043107
0.736758 0.068271
0.750391 0.092023
0.733158 0.106369
0.753814 0.130627
0.707509 0.179007
0.707908 0.218447
0.682263 0.240819
0.696893 0.230816
0.750754 0.255582
0.749666 0.275607
0.818319 0.342186
0.871115 0.444334
0.835233 0.000020
0.779304 0.025845
0.781994 0.041254
0.765514 0.081324
0.771348 0.097788
0.751599 0.109270
0.724267 0.184488
0.742534 0.185186
0.712847 0.199576
0.743331 0.224423
0.714577 0.261917
0.731591 0.244588
0.826145 0.427752
0.765915 0.322450
0.843894 0.000276
0.817996 0.001058
0.795768 0.025076
0.788716 0.056906
0.781552 0.075244
0.786073 0.106707
0.767592 0.116812
0.767972 0.140836
0.749504 0.150322
0.698173 0.252538
0.715524 0.239751
0.728106 0.284477
0.780075 0.289392
0.857496 0.331276
0.826257 0.420307
0.861224 0.000898
0.812536 0.024867
0.801210 0.039937
0.799834 0.070782
0.792494 0.089524
0.809876 0.092072
0.782422 0.126286
0.769941 0.159489
0.732101 0.205653
0.750890 0.202739
0.760602 0.215714
0.757579 0.238138
0.750326 0.301893
0.761623 0.289966
0.869910 0.000701
0.852513 0.000729
0.830071 0.023499
0.820499 0.038872
0.809600 0.055832
0.827834 0.053978
0.803744 0.109462
0.798415 0.128830
0.784649 0.147590
0.753410 0.168457
0.762113 0.185611
0.777040 0.225607
0.770960 0.249071
0.766265 0.269132
0.814161 0.322423
0.887474 0.000210
0.864439 0.023730
0.848400 0.024510
0.839462 0.037854
0.817213 0.073637
0.827828 0.089631
0.822411 0.109249
0.802650 0.146938
0.792039 0.165291
0.776795 0.177095
0.774530 0.201121
0.785460 0.240396
0.797536 0.260713
0.850049 0.448570
0.896337 0.000562
0.878699 0.000728
0.881657 0.023727
0.858363 0.040185
0.846485 0.054807
0.834161 0.070662
0.851564 0.073522
0.839124 0.106616
0.815783 0.126811
0.834248 0.127948
0.790136 0.186812
0.789638 0.211981
0.829267 0.212788
0.832424 0.313347
0.876590 0.408375
0.905231 0.000731
0.915896 0.024461
0.874532 0.039640
0.878984 0.057763
0.863113 0.059390
0.867721 0.079897
0.846405 0.089971
0.850530 0.120153
0.856564 0.136500
0.802292 0.196093
0.821627 0.143692
0.800278 0.226925
0.807759 0.245825
0.786010 0.270234
0.914150 0.000539
0.923074 0.000304
0.924981 0.040467
0.898753 0.023331
0.891013 0.039239
0.884116 0.075421
0.893900 0.091838
0.860200 0.099622
0.867320 0.116135
0.840527 0.146097
0.867670 0.150321
0.809768 0.164634
0.811669 0.210499
0.871371 0.422860
0.849335 0.348205
0.932036 0.000269
0.932413 0.024108
0.907936 0.039212
0.895060 0.057191
0.917994 0.077146
0.876775 0.095377
0.885171 0.111649
0.875694 0.132381
0.888950 0.146235
0.826556 0.160023
0.835106 0.173835
0.844245 0.187356
0.824895 0.191609
0.818944 0.305808
0.940971 0.001012
0.949956 0.024752
0.942325 0.038913
0.911182 0.058025
0.901752 0.075313
0.911909 0.094515
0.893309 0.126779
0.909409 0.130988
0.907862 0.149117
0.851200 0.159286
0.884734 0.181596
0.858337 0.175036
0.811150 0.180842
0.819240 0.229346
0.838802 0.336267
0.950050 0.000444
0.943686 0.055775
0.927281 0.058298
0.934194 0.075048
0.943918 0.089212
0.903169 0.109776
0.924565 0.157931
0.893780 0.162545
0.900375 0.186338
0.913862 0.198147
0.944187 0.215243
0.867496 0.188417
0.845301 0.202673
0.857480 0.379593
0.959156 0.001028
0.967609 0.022889
0.961347 0.039849
0.952419 0.072321
0.959105 0.123272
0.927565 0.096410
0.919712 0.115746
0.875618 0.163459
0.941944 0.187288
0.911198 0.169422
0.931526 0.202668
0.845535 0.223978
0.933238 0.232966
0.865145 0.321534
0.882668 0.200024
0.968137 0.000873
0.976981 0.032866
0.962023 0.058475
0.949835 0.105529
0.958732 0.159622
0.940405 0.167312
0.940185 0.149200
0.920871 0.223725
0.872051 0.260534
0.896160 0.208380
0.967704 0.216447
0.884261 0.362700
0.814406 0.277789
0.840835 0.251874
0.977150 0.000569
0.999784 0.000807
0.976250 0.051515
0.977366 0.114820
0.935869 0.113702
0.941850 0.129426
0.955789 0.199553
0.975431 0.184166
0.974035 0.230773
0.907174 0.219979
0.941350 0.248018
0.883509 0.234656
0.865778 0.411940
0.820922 0.260018
0.836875 0.421292
0.986790 0.000881
0.975619 0.070485
0.964003 0.084437
0.975791 0.132633
0.959311 0.140595
0.925682 0.137269
0.915491 0.253023
0.858562 0.256307
0.999415 0.254957
0.905631 0.254664
0.859644 0.302392
0.955552 0.234885
0.859955 0.353989
0.796173 0.305312
0.999736 0.015150
0.999398 0.044205
0.978107 0.090900
0.966129 0.102964
0.999569 0.106014
0.999174 0.182898
0.999146 0.138226
0.999780 0.149171
0.972786 0.253803
0.995860 0.264109
0.951855 0.251530
0.874314 0.219267
0.857691 0.279199
0.999587 0.228894
0.828664 0.292627
0.999611 0.000903
0.999569 0.054396
0.999684 0.074475
0.999707 0.095600
0.999900 0.116593
0.976306 0.167035
0.974992 0.201802
0.901973 0.238824
0.999227 0.240839
0.999835 0.194067
0.981116 0.262037
0.847474 0.285766
0.800751 0.287673
0.867979 0.305786
0.999883 0.025072
0.999871 0.034493
0.999638 0.064356
0.999796 0.084854
0.977385 0.149413
0.999785 0.127246
0.999444 0.205556
0.925078 0.181205
0.999574 0.217364
0.999297 0.160296
0.999949 0.171588
0.834589 0.271357
0.879940 0.250634
0.872875 0.381760
0.885316 0.365412
