0.000438 0.025123
0.000418 0.062921
0.000497 0.092567
0.000130 0.123226
0.000889 0.133592
0.103747 0.253465
0.000025 0.177001
0.000715 0.187906
0.014764 0.274847
0.149557 0.301661
0.142318 0.370355
0.115882 0.249537
0.071038 0.233886
0.171542 0.326131
0.000753 0.015594
0.000901 0.043462
0.000050 0.072703
0.023737 0.054817
0.024428 0.199180
0.000188 0.199243
0.000198 0.166000
0.000514 0.270832
0.000448 0.232854
0.000444 0.244238
0.036574 0.255977
0.046420 0.261855
0.135673 0.300089
0.136831 0.256394
0.167639 0.283142
0.000261 0.001653
0.000118 0.053205
0.000290 0.082577
0.000902 0.102724
0.000221 0.112927
0.000853 0.210366
0.000404 0.155124
0.006408 0.280051
0.000781 0.221758
0.116710 0.291467
0.057055 0.255619
0.130966 0.271999
0.162747 0.308105
0.148816 0.362672
0.000260 0.000962
0.024297 0.025802
0.024762 0.039141
0.023184 0.090151
0.023082 0.166374
0.063604 0.173172
0.036825 0.154153
0.000711 0.254596
0.085983 0.221634
0.053346 0.204993
0.051843 0.220108
0.118971 0.286143
0.077295 0.248470
0.090189 0.248695
0.158763 0.347209
0.012260 0.000882
0.044781 0.042289
0.000758 0.034194
0.023441 0.071824
0.000440 0.144306
0.042252 0.190333
0.043187 0.173666
0.062010 0.187209
0.028889 0.227250
0.080787 0.193183
0.052538 0.237314
0.132703 0.218078
0.103388 0.230544
0.144780 0.384443
0.030350 0.000875
0.021721 0.000590
0.057102 0.061961
0.040220 0.056627
0.025254 0.181909
0.022621 0.128153
0.051685 0.140598
0.057045 0.156385
0.071714 0.209038
0.098462 0.193554
0.106918 0.174996
0.095794 0.208882
0.143234 0.330288
0.145636 0.334219
0.179807 0.343275
0.038836 0.000299
0.053555 0.025711
0.038141 0.074792
0.050658 0.104672
0.036763 0.134225
0.036155 0.114277
0.076640 0.159729
0.133847 0.169714
0.027723 0.214193
0.084736 0.175866
0.031478 0.240977
0.123792 0.231789
0.115764 0.212490
0.146860 0.280552
0.047449 0.000528
0.039489 0.024909
0.067620 0.027406
0.063035 0.043010
0.039005 0.092697
0.063812 0.093762
0.022329 0.147719
0.070319 0.140089
0.117418 0.164013
0.096383 0.161412
0.118483 0.195633
0.166632 0.216262
0.154207 0.228372
0.199333 0.280229
0.177438 0.361615
0.056217 0.000792
0.082436 0.024457
0.082943 0.040457
0.055138 0.078895
0.071747 0.077698
0.023751 0.107571
0.066643 0.112966
0.055368 0.124878
0.176128 0.183468
0.130103 0.184807
0.145741 0.191634
0.179153 0.232829
0.142756 0.242346
0.185762 0.252643
0.064788 0.000919
0.073412 0.000112
0.097442 0.025588
0.090756 0.055845
0.072801 0.057290
0.086001 0.072084
0.091715 0.110211
0.079286 0.099169
0.087903 0.144934
0.155870 0.178325
0.199884 0.232992
0.147846 0.210326
0.180702 0.269218
0.167427 0.248571
0.163967 0.386386
0.082048 0.000835
0.113573 0.024198
0.120082 0.039374
0.112845 0.054203
0.103722 0.067899
0.092012 0.088508
0.078016 0.125461
0.094459 0.129801
0.109470 0.145927
0.166179 0.165091
0.167554 0.199231
0.187834 0.197456
0.203595 0.262103
0.181421 0.374969
0.090693 0.000629
0.107914 0.000248
0.129641 0.024932
0.101384 0.040882
0.119082 0.074094
0.107284 0.087181
0.107627 0.104144
0.108990 0.122038
0.120413 0.133401
0.130868 0.148723
0.184976 0.168228
0.187378 0.216634
0.244127 0.298591
0.180848 0.294828
0.156395 0.410368
0.099320 0.000730
0.136709 0.040656
0.129606 0.059725
0.135740 0.076666
0.141228 0.095329
0.124659 0.093550
0.124985 0.110989
0.136106 0.129278
0.150925 0.142287
0.148122 0.158863
0.205646 0.194199
0.224415 0.259405
0.219552 0.278416
0.157968 0.261490
0.116538 0.000790
0.142324 0.000534
0.146158 0.024940
0.145332 0.056808
0.150648 0.076838
0.158934 0.092277
0.142376 0.112467
0.173539 0.132810
0.170271 0.148690
0.190719 0.152633
0.200568 0.177596
0.206630 0.215028
0.239047 0.274838
0.232700 0.322137
0.188468 0.310394
0.125165 0.000307
0.154013 0.039897
0.161141 0.062983
0.170244 0.078773
0.186377 0.080177
0.160500 0.109162
0.155526 0.126608
0.191330 0.135497
0.219370 0.176110
0.220838 0.201284
0.226144 0.230943
0.212751 0.243252
0.244585 0.360361
0.229033 0.354918
0.133762 0.000832
0.176385 0.000590
0.162279 0.025360
0.179474 0.061764
0.177490 0.097540
0.176526 0.115840
0.207678 0.137901
0.208024 0.159897
0.231313 0.215696
0.233192 0.166561
0.239616 0.246525
0.256413 0.284994
0.206652 0.375861
0.205941 0.297823
0.195053 0.326594
0.150850 0.000647
0.168108 0.047176
0.195071 0.059510
0.194529 0.098332
0.193355 0.116940
0.223267 0.130859
0.222873 0.150397
0.247631 0.180362
0.234400 0.190274
0.251178 0.260836
0.265854 0.299676
0.226661 0.299228
0.175457 0.405126
0.157098 0.434941
0.159370 0.000364
0.176903 0.025567
0.182141 0.040641
0.198225 0.041820
0.210695 0.096518
0.209514 0.116260
0.240605 0.146346
0.264852 0.178682
0.250806 0.200733
0.249051 0.220303
0.271302 0.274032
0.251956 0.317771
0.244820 0.338249
0.221066 0.340398
0.159929 0.434157
0.167877 0.000827
0.214681 0.042306
0.201709 0.078067
0.236750 0.078771
0.218727 0.078168
0.225827 0.111693
0.265596 0.209214
0.275610 0.190304
0.254602 0.237773
0.266700 0.327648
0.263330 0.349350
0.261363 0.370915
0.243575 0.381751
0.182878 0.425966
0.184880 0.000243
0.193343 0.024753
0.231610 0.042356
0.211326 0.060842
0.250325 0.092047
0.229275 0.094399
0.252147 0.161526
0.285547 0.171739
0.269611 0.247908
0.302743 0.300117
0.300780 0.258326
0.226294 0.380860
0.256956 0.414811
0.216069 0.407486
0.193263 0.429773
0.193402 0.000671
0.209049 0.025752
0.248592 0.043966
0.256921 0.074570
0.244676 0.108347
0.240258 0.128069
0.270747 0.158492
0.293964 0.221768
0.289623 0.281878
0.281237 0.302454
0.283392 0.320030
0.276249 0.384505
0.214570 0.314962
0.204357 0.339894
0.201901 0.000218
0.252480 0.000312
0.224534 0.025570
0.228110 0.060385
0.265409 0.102342
0.256926 0.121437
0.258465 0.141530
0.276331 0.138991
0.304934 0.202070
0.272930 0.225807
0.300562 0.336335
0.282221 0.341059
0.279757 0.362979
0.220878 0.430242
0.190403 0.404711
0.210385 0.000929
0.239733 0.026245
0.266313 0.040544
0.271505 0.083141
0.282435 0.097297
0.274065 0.121140
0.304873 0.169663
0.284846 0.205386
0.313118 0.220824
0.287768 0.239921
0.322508 0.332810
0.293457 0.377099
0.292243 0.404351
0.199936 0.362546
0.218834 0.000666
0.286135 0.001017
0.254721 0.026296
0.244857 0.061502
0.291847 0.079919
0.290469 0.114136
0.288960 0.152566
0.306316 0.148482
0.298191 0.186558
0.344745 0.218107
0.317155 0.263543
0.281619 0.260347
0.312641 0.379619
0.335372 0.359322
0.255944 0.397843
0.227276 0.000056
0.271184 0.025483
0.280002 0.065822
0.264308 0.058310
0.310018 0.114928
0.295389 0.131401
0.316195 0.132849
0.323818 0.173743
0.321103 0.191336
0.352810 0.253279
0.306081 0.319263
0.336805 0.282880
0.205393 0.391335
0.283618 0.404280
0.235711 0.000280
0.311272 0.000979
0.282196 0.047357
0.309065 0.078437
0.301555 0.097976
0.327903 0.114943
0.347113 0.119682
0.321981 0.155151
0.328317 0.207862
0.356807 0.159436
0.328971 0.231130
0.308311 0.240337
0.306649 0.280724
0.233654 0.400384
0.308912 0.402961
0.244107 0.000501
0.286638 0.026931
0.317684 0.063550
0.319260 0.095584
0.329367 0.080100
0.337655 0.099911
0.353838 0.138365
0.341624 0.171911
0.359387 0.181447
0.341528 0.191948
0.320822 0.293978
0.337917 0.333123
0.209043 0.428780
0.301765 0.355529
0.260890 0.000187
0.336273 0.000422
0.297904 0.061413
0.335057 0.061388
0.346780 0.084118
0.356405 0.103594
0.366246 0.122020
0.334158 0.133856
0.340091 0.151649
0.356092 0.202033
0.367678 0.217497
0.347347 0.298361
0.372161 0.254078
0.444868 0.371468
0.357026 0.275607
0.269320 0.000399
0.297236 0.040315
0.312698 0.046784
0.372466 0.072948
0.365368 0.088177
0.375782 0.106356
0.393964 0.159048
0.373271 0.139690
0.374622 0.156296
0.375968 0.173733
0.330126 0.247666
0.350996 0.397396
0.792765 0.324175
0.251357 0.420451
0.277746 0.000913
0.361190 0.000188
0.351348 0.068037
0.329403 0.042527
0.364138 0.057125
0.395182 0.103040
0.385520 0.123585
0.420205 0.113967
0.413048 0.153101
0.389815 0.183850
0.374635 0.196412
0.385748 0.214094
0.372093 0.235819
0.351870 0.235015
0.376822 0.385829
0.294504 0.000404
0.304144 0.026390
0.337205 0.028418
0.379079 0.046461
0.384776 0.088476
0.403191 0.118916
0.393617 0.140938
0.406303 0.172370
0.425696 0.169462
0.398187 0.201343
0.390804 0.234632
0.417386 0.252863
0.232684 0.423677
0.363430 0.380460
0.302881 0.000709
0.320162 0.027230
0.364423 0.035584
0.387528 0.064323
0.411742 0.096066
0.451504 0.096572
0.429317 0.133123
0.411534 0.135378
0.438750 0.114638
0.407186 0.218937
0.450835 0.223279
0.429405 0.223347
0.402434 0.269492
0.378201 0.270157
0.337663 0.265098
0.319604 0.000395
0.347887 0.046232
0.377273 0.027776
0.396905 0.044799
0.417175 0.044470
0.417282 0.079002
0.456981 0.115671
0.452690 0.151573
0.431550 0.187833
0.412132 0.189576
0.422799 0.206386
0.386482 0.307748
0.344656 0.398787
0.327033 0.311531
0.327910 0.000265
0.402630 0.000363
0.352606 0.027335
0.393531 0.028546
0.399060 0.078708
0.436575 0.080845
0.431584 0.097274
0.447373 0.133869
0.433046 0.151731
0.443846 0.206010
0.464768 0.167240
0.367453 0.290959
0.388327 0.286682
0.332918 0.383857
0.384959 0.384141
0.344569 0.000055
0.436075 0.044753
0.406379 0.061085
0.443473 0.062904
0.474528 0.086168
0.477425 0.120261
0.450837 0.187966
0.445103 0.170130
0.459178 0.336259
0.394648 0.253599
0.410554 0.236295
0.424104 0.269587
0.381464 0.357942
0.319484 0.398766
0.352899 0.001029
0.410893 0.000261
0.476843 0.000283
0.443101 0.028285
0.409968 0.029070
0.493550 0.088830
0.470090 0.102108
0.490710 0.105732
0.469733 0.185871
0.466364 0.134427
0.411270 0.340079
0.442214 0.257302
0.347214 0.317448
0.376146 0.324878
0.446783 0.293871
0.369470 0.000098
0.460378 0.000756
0.426570 0.028475
0.425478 0.062748
0.508303 0.140084
0.533156 0.148770
0.488005 0.138253
0.484966 0.170126
0.465150 0.204637
0.365906 0.310549
0.317016 0.358744
0.726007 0.359496
0.516836 0.361098
0.391635 0.335793
0.377734 0.000276
0.452167 0.000771
0.485067 0.000855
0.486636 0.055912
0.520564 0.043491
0.539368 0.190596
0.517852 0.188796
0.516865 0.158423
0.575640 0.258048
0.401703 0.360356
0.559875 0.355655
0.959880 0.178375
0.507988 0.292726
0.414619 0.375003
0.354446 0.346124
0.419147 0.000776
0.468594 0.000415
0.607840 0.041277
0.455645 0.078699
0.460848 0.058799
0.508947 0.217997
0.505566 0.175168
0.474763 0.151481
0.496215 0.247775
0.435254 0.240509
0.491186 0.366935
0.372064 0.346169
0.443541 0.356968
0.350335 0.360698
0.394325 0.000200
0.435686 0.000561
0.509755 0.000503
0.462333 0.027642
0.598017 0.210853
0.512358 0.079432
0.618222 0.340706
0.488699 0.189035
0.421945 0.323838
0.470698 0.223363
0.859891 0.231918
0.650631 0.353864
0.736741 0.366453
0.406287 0.376933
0.640297 0.361080
0.534328 0.000518
0.501539 0.001069
0.427431 0.000893
0.148400 0.398916
0.473910 0.069164
0.498084 0.122365
0.406080 0.288605
0.571291 0.309667
0.485038 0.263369
0.752264 0.367278
0.833615 0.238768
0.490071 0.326630
0.778563 0.339855
0.469370 0.352259
0.600155 0.000390
0.550710 0.000163
0.386045 0.000316
0.493318 0.000606
0.529307 0.029179
0.474275 0.042539
0.510307 0.098486
0.545358 0.163133
0.476190 0.243193
0.876782 0.456950
0.401792 0.317718
0.439057 0.375458
0.476839 0.362833
0.425569 0.349911
0.553233 0.354445
0.591930 0.000425
0.517955 0.000633
0.443940 0.000350
0.496005 0.028062
0.454620 0.041130
0.863405 0.207567
0.723373 0.334274
0.591582 0.360833
0.805465 0.386573
0.508351 0.333870
0.847875 0.436573
0.505379 0.370123
0.493555 0.348493
0.517768 0.274108
0.616711 0.000628
0.567157 0.000302
0.499478 0.043248
0.526145 0.000641
0.494678 0.071248
0.509313 0.059257
0.526286 0.066310
0.497062 0.156517
0.529384 0.172832
0.485082 0.208713
0.465956 0.260963
0.416262 0.302193
0.471530 0.280955
0.436276 0.310156
0.539635 0.339423
0.633262 0.000864
0.542539 0.000083
0.543591 0.028715
0.512863 0.028339
0.480497 0.028538
0.528915 0.087598
0.546928 0.135792
0.559301 0.149522
0.555415 0.179017
0.502969 0.200962
0.440789 0.333339
0.512950 0.258246
0.463392 0.301745
0.526170 0.358990
0.641575 0.000643
0.558951 0.000295
0.577682 0.028006
0.570687 0.044441
0.551347 0.042197
0.524375 0.131994
0.562550 0.125329
0.569920 0.165658
0.544910 0.213278
0.491193 0.227610
0.538270 0.266372
0.587839 0.361540
0.451321 0.273924
0.485377 0.295188
0.809824 0.346889
0.658172 0.000661
0.612424 0.027497
0.594194 0.027775
0.561217 0.027808
0.536608 0.053074
0.543225 0.074120
0.514848 0.116298
0.539408 0.118735
0.558093 0.197536
0.529171 0.226688
0.546271 0.302962
0.512640 0.236553
0.494688 0.279140
0.430852 0.285149
0.666493 0.000766
0.575393 0.000959
0.628056 0.027986
0.555580 0.060036
0.574547 0.062977
0.562693 0.077906
0.531005 0.104158
0.555263 0.108098
0.575636 0.138074
0.563901 0.219822
0.546902 0.234000
0.530186 0.249001
0.687658 0.358971
0.671242 0.364309
0.633323 0.358108
0.683145 0.000657
0.583684 0.000799
0.608431 0.000852
0.589079 0.043960
0.549199 0.092031
0.584480 0.079259
0.575942 0.109504
0.577104 0.203764
0.594056 0.192209
0.566636 0.238017
0.527245 0.205416
0.522358 0.326139
0.503065 0.313033
0.456827 0.320062
0.691486 0.000086
0.624998 0.000542
0.646526 0.028074
0.622170 0.078453
0.593020 0.061331
0.571760 0.093135
0.587476 0.122151
0.576066 0.184306
0.604196 0.151980
0.616055 0.165299
0.530276 0.287200
0.617090 0.200064
0.553280 0.286202
0.560101 0.271107
0.689267 0.342280
0.708248 0.000957
0.635434 0.040693
0.631393 0.096024
0.620774 0.053778
0.608889 0.064938
0.602243 0.082584
0.592610 0.099444
0.592007 0.170309
0.602233 0.232504
0.608392 0.181364
0.606378 0.254574
0.841985 0.385820
0.455891 0.241120
0.817284 0.366750
0.716681 0.000522
0.649872 0.000720
0.661904 0.027365
0.636526 0.060581
0.612866 0.097647
0.605880 0.114885
0.584162 0.153174
0.618116 0.132091
0.626707 0.149043
0.615089 0.219919
0.582627 0.223207
0.543564 0.321778
0.524632 0.306198
0.552872 0.253543
0.576945 0.342902
0.725036 0.000088
0.682242 0.027110
0.652880 0.047221
0.654178 0.066092
0.639911 0.078764
0.599550 0.134849
0.637170 0.129621
0.635350 0.168625
0.628874 0.185495
0.587615 0.244497
0.684537 0.331748
0.608370 0.342926
0.677739 0.368754
0.479338 0.314193
0.741841 0.000749
0.674866 0.001108
0.694163 0.037267
0.671493 0.038537
0.670852 0.056619
0.657051 0.088282
0.625996 0.114297
0.645265 0.146825
0.633296 0.212836
0.620034 0.242075
0.628613 0.290228
0.628127 0.264661
0.584552 0.328992
0.806809 0.377877
0.789704 0.343919
0.750183 0.000761
0.704172 0.026138
0.688830 0.053435
0.686919 0.071116
0.670024 0.075978
0.647536 0.102200
0.650330 0.118574
0.651284 0.220642
0.636246 0.231112
0.615595 0.276853
0.594257 0.267973
0.559712 0.325730
0.647165 0.319464
0.818151 0.387919
0.758500 0.000645
0.699845 0.000141
0.721660 0.027639
0.706394 0.059860
0.685789 0.090106
0.671073 0.099079
0.661522 0.134064
0.651999 0.164573
0.642765 0.196976
0.666402 0.230365
0.583384 0.279301
0.627826 0.304305
0.570697 0.294734
0.722759 0.319110
0.840506 0.372893
0.766913 0.000664
0.736798 0.026988
0.712588 0.042184
0.703087 0.077884
0.669774 0.115960
0.680591 0.131247
0.666206 0.151046
0.661051 0.204077
0.637883 0.251212
0.655090 0.264830
0.638962 0.332533
0.602505 0.291069
0.882979 0.451815
0.660384 0.327116
0.775363 0.000560
0.733468 0.001018
0.749165 0.031921
0.719068 0.081969
0.688735 0.110791
0.696588 0.139017
0.682908 0.152774
0.654711 0.184053
0.656453 0.246746
0.599826 0.320202
0.675047 0.258551
0.670492 0.296214
0.672541 0.276642
0.761086 0.358324
0.670992 0.314535
0.792393 0.000110
0.748601 0.052201
0.731508 0.044710
0.702798 0.097069
0.701857 0.120939
0.701646 0.158092
0.670719 0.172026
0.674068 0.191245
0.645758 0.280367
0.707993 0.296585
0.712191 0.280942
0.595050 0.303748
0.690274 0.291951
0.617539 0.318975
0.800897 0.000730
0.762937 0.026005
0.722721 0.061769
0.734235 0.087605
0.720052 0.123850
0.714788 0.141112
0.719238 0.161108
0.688177 0.173045
0.676634 0.216722
0.690107 0.207686
0.652426 0.297713
0.691559 0.270555
0.760279 0.346622
0.778934 0.308771
0.708164 0.327420
0.809470 0.000740
0.770168 0.059949
0.753187 0.069667
0.716490 0.104853
0.737850 0.125967
0.732857 0.144136
0.735103 0.166569
0.694129 0.191170
0.727044 0.222779
0.733088 0.264766
0.734968 0.307870
0.694173 0.311008
0.749883 0.316780
0.717478 0.354064
0.826633 0.000389
0.783861 0.000629
0.764064 0.042858
0.736936 0.068121
0.750629 0.091778
0.733224 0.106149
0.753830 0.130455
0.707582 0.178818
0.707975 0.218097
0.682301 0.240322
0.696857 0.230470
0.750941 0.255170
0.749762 0.275149
0.819345 0.341471
0.872443 0.444180
0.835235 0.000500
0.779355 0.025616
0.782056 0.040997
0.765634 0.081050
0.771515 0.097511
0.751703 0.108988
0.724302 0.184413
0.742576 0.184923
0.712839 0.199196
0.743494 0.224203
0.714713 0.261383
0.731768 0.244173
0.827038 0.427563
0.766236 0.321648
0.843897 0.000346
0.817999 0.000684
0.795806 0.024930
0.788771 0.056588
0.781593 0.074936
0.786177 0.106552
0.767650 0.116603
0.768092 0.140473
0.749672 0.150069
0.698352 0.252097
0.715678 0.239407
0.728342 0.283882
0.780090 0.288895
0.858335 0.330940
0.827177 0.420186
0.861233 0.000819
0.812566 0.024696
0.801235 0.039824
0.799822 0.070710
0.792414 0.089304
0.809832 0.091838
0.782493 0.126062
0.770055 0.159211
0.732206 0.205444
0.750975 0.202396
0.760810 0.215548
0.757678 0.237619
0.750861 0.301389
0.762090 0.289345
0.869931 0.000198
0.852515 0.000539
0.829946 0.023413
0.820423 0.038920
0.809500 0.055783
0.827759 0.053893
0.803798 0.109209
0.798495 0.128490
0.784698 0.147328
0.753556 0.168320
0.762208 0.185465
0.777157 0.225230
0.771252 0.248844
0.766521 0.268535
0.814807 0.321623
0.887497 0.001008
0.864180 0.023674
0.848192 0.024424
0.839394 0.037890
0.817282 0.073557
0.827839 0.089413
0.822380 0.108997
0.802608 0.146612
0.792079 0.164894
0.776718 0.176807
0.774601 0.200775
0.785733 0.240308
0.797596 0.260230
0.851017 0.448566
0.896369 0.000462
0.878736 0.000307
0.881418 0.023725
0.858258 0.040117
0.846435 0.054625
0.834117 0.070509
0.851583 0.073406
0.839082 0.106331
0.815782 0.126572
0.834367 0.127597
0.790158 0.186412
0.789685 0.211442
0.829395 0.212355
0.833027 0.313137
0.877648 0.408407
0.905283 0.000339
0.915686 0.024502
0.874399 0.039635
0.878908 0.057656
0.863057 0.059298
0.867717 0.079718
0.846390 0.089697
0.850525 0.119802
0.856484 0.136248
0.802342 0.195705
0.821687 0.143290
0.800234 0.226534
0.807628 0.245241
0.786101 0.269563
0.914192 0.000441
0.923108 0.000685
0.924904 0.040412
0.898517 0.023386
0.890853 0.039180
0.884053 0.075291
0.893836 0.091594
0.860126 0.099326
0.867356 0.115961
0.840450 0.145850
0.867573 0.150162
0.809759 0.164310
0.811681 0.210190
0.872512 0.422937
0.850397 0.348003
0.932071 0.000989
0.932277 0.024204
0.907757 0.039270
0.894957 0.057141
0.917966 0.077082
0.876741 0.095168
0.885057 0.111515
0.875617 0.132191
0.888908 0.146152
0.826465 0.159554
0.835007 0.173442
0.844287 0.187098
0.824723 0.191190
0.819493 0.305219
0.941001 0.000902
0.949805 0.024747
0.942144 0.038994
0.911035 0.057990
0.901687 0.075232
0.911828 0.094375
0.893341 0.126630
0.909395 0.130804
0.907865 0.149096
0.851135 0.159042
0.884832 0.181280
0.858147 0.174783
0.811233 0.180531
0.819187 0.228966
0.839757 0.335516
0.950090 0.000829
0.943512 0.055905
0.927093 0.058287
0.934126 0.075052
0.943899 0.089291
0.903109 0.109632
0.924725 0.158037
0.893762 0.162433
0.900424 0.186165
0.913841 0.198033
0.944276 0.215062
0.867469 0.188136
0.845291 0.202188
0.858643 0.379408
0.959182 0.001026
0.967624 0.023028
0.961261 0.039911
0.952321 0.072422
0.959277 0.123332
0.927454 0.096242
0.919763 0.115715
0.875575 0.163365
0.942158 0.187276
0.911279 0.169288
0.931697 0.202592
0.845551 0.223531
0.933069 0.233010
0.866270 0.321126
0.882523 0.199793
0.968161 0.000450
0.976962 0.032998
0.961908 0.058474
0.949873 0.105556
0.958790 0.159605
0.940425 0.167463
0.940406 0.149200
0.920691 0.223604
0.872209 0.260351
0.896011 0.208151
0.967837 0.216222
0.885195 0.362262
0.814426 0.277434
0.840666 0.251313
0.977160 0.000286
0.999255 0.000496
0.976237 0.051650
0.977504 0.114791
0.935834 0.113683
0.942011 0.129356
0.955826 0.199369
0.975698 0.184141
0.974321 0.230437
0.907117 0.219835
0.940838 0.247536
0.883277 0.234321
0.866783 0.412137
0.821086 0.259660
0.837796 0.421846
0.986789 0.000688
0.975512 0.070523
0.964026 0.084459
0.975975 0.132826
0.959399 0.140745
0.925840 0.137257
0.915162 0.252611
0.858370 0.255828
0.999470 0.255101
0.905285 0.254461
0.860031 0.301544
0.955391 0.234358
0.860725 0.353625
0.796503 0.304744
0.999038 0.015193
0.999441 0.044211
0.978021 0.091052
0.966209 0.103041
0.999577 0.105969
0.999202 0.182941
0.999558 0.138186
0.999741 0.149179
0.972332 0.253008
0.995516 0.263679
0.951482 0.251298
0.874428 0.218822
0.857863 0.278739
0.999865 0.228943
0.828877 0.292113
0.999847 0.000847
0.999561 0.054396
0.999897 0.074469
0.999923 0.095543
0.999705 0.116576
0.976660 0.167237
0.975342 0.201579
0.901818 0.238607
0.999336 0.240895
0.999598 0.194135
0.980626 0.261609
0.847924 0.285558
0.801075 0.287132
0.868197 0.304957
0.998854 0.025092
0.999365 0.034506
0.999931 0.064361
0.999686 0.084826
0.977517 0.149561
0.999094 0.127237
0.999470 0.205608
0.925159 0.181310
0.999910 0.217432
0.999352 0.160310
0.998888 0.171603
0.834634 0.271042
0.879794 0.250319
0.874394 0.381603
0.886178 0.365134
