0.000783 0.025077
0.000431 0.062877
0.000307 0.092541
0.000275 0.123137
0.000707 0.133408
0.104126 0.252195
0.000826 0.177103
0.000463 0.188084
0.016974 0.272323
0.148155 0.298696
0.140583 0.366614
0.116560 0.247449
0.070309 0.231377
0.170819 0.324870
0.000053 0.015513
0.000427 0.043505
0.000762 0.072653
0.023581 0.053850
0.024090 0.200285
0.000153 0.199364
0.000005 0.166055
0.000483 0.272486
0.000758 0.233758
0.000950 0.245488
0.037112 0.251893
0.048597 0.259526
0.135799 0.298210
0.136883 0.253933
0.167281 0.281355
0.000297 0.001366
0.000091 0.053199
0.000456 0.082536
0.000410 0.102646
0.000424 0.112843
0.000830 0.210666
0.000333 0.155125
0.008658 0.279252
0.000044 0.222328
0.117469 0.289643
0.059559 0.251723
0.131479 0.269089
0.162819 0.306828
0.145946 0.359301
0.000986 0.000475
0.023343 0.025230
0.025168 0.038333
0.022631 0.089230
0.023821 0.165210
0.064777 0.173071
0.037643 0.153479
0.000358 0.256848
0.086654 0.219642
0.053462 0.202751
0.052077 0.217663
0.119304 0.282004
0.076988 0.247464
0.092193 0.246584
0.157048 0.344304
0.012139 0.000262
0.043656 0.041026
0.000929 0.034224
0.022661 0.070939
0.000564 0.144178
0.041420 0.189558
0.042960 0.173313
0.061937 0.187245
0.027048 0.227011
0.080797 0.191881
0.054014 0.235405
0.132719 0.216026
0.103588 0.228732
0.142513 0.381985
0.030283 0.000487
0.021618 0.000414
0.056027 0.060238
0.039548 0.056720
0.025342 0.182583
0.022473 0.126307
0.052417 0.140247
0.056885 0.154765
0.072076 0.208382
0.099239 0.190741
0.107657 0.174611
0.095455 0.208034
0.140448 0.327533
0.142357 0.330838
0.177243 0.340224
0.038802 0.000508
0.052828 0.026269
0.038013 0.073945
0.050559 0.103553
0.036517 0.132772
0.036259 0.112903
0.076267 0.158714
0.133731 0.167930
0.027516 0.214029
0.085092 0.174573
0.028610 0.239012
0.123576 0.230807
0.115789 0.211233
0.146715 0.279049
0.047439 0.000412
0.038735 0.023691
0.067474 0.026375
0.062141 0.042466
0.039123 0.091386
0.063745 0.092917
0.022950 0.146751
0.069712 0.140297
0.117164 0.162581
0.096412 0.160496
0.118446 0.194282
0.166774 0.214973
0.153933 0.226143
0.198635 0.278178
0.175883 0.358681
0.056173 0.000254
0.082238 0.024186
0.082058 0.039822
0.054849 0.077506
0.070961 0.076662
0.023704 0.106302
0.066621 0.111876
0.055599 0.123449
0.175439 0.181613
0.129461 0.184078
0.145042 0.190116
0.178169 0.230422
0.142013 0.239776
0.185285 0.250643
0.064757 0.000441
0.073361 0.001183
0.097516 0.025006
0.090366 0.055184
0.072565 0.056377
0.085268 0.071140
0.091464 0.109494
0.079363 0.098551
0.087755 0.143823
0.155024 0.177379
0.199561 0.230931
0.147670 0.208781
0.179730 0.266425
0.166414 0.246241
0.163126 0.383910
0.081923 0.000962
0.113503 0.024046
0.119999 0.039153
0.112176 0.053606
0.102943 0.067604
0.091742 0.087869
0.078309 0.124478
0.094847 0.129195
0.108949 0.145139
0.166261 0.162801
0.166111 0.196372
0.187362 0.195187
0.203072 0.259910
0.180048 0.372416
0.090623 0.000270
0.107860 0.000387
0.129753 0.024591
0.101124 0.040125
0.119095 0.073269
0.107266 0.086226
0.107065 0.103096
0.108911 0.121253
0.119580 0.132383
0.130696 0.146851
0.185056 0.165899
0.187537 0.215158
0.242564 0.295907
0.180743 0.291806
0.152202 0.408485
0.099274 0.000130
0.136557 0.040280
0.129315 0.059030
0.135183 0.075739
0.141490 0.094454
0.125023 0.092843
0.124672 0.109618
0.135553 0.128007
0.150165 0.140931
0.148171 0.157741
0.205397 0.191909
0.224302 0.256332
0.218978 0.275984
0.158482 0.258617
0.116498 0.000176
0.142264 0.000040
0.146527 0.024334
0.145251 0.056609
0.150802 0.075869
0.158797 0.091381
0.142427 0.111604
0.173046 0.130967
0.169899 0.146374
0.191245 0.150399
0.200065 0.175617
0.205792 0.212971
0.237805 0.272729
0.230987 0.319289
0.187302 0.307021
0.125123 0.000840
0.153283 0.039742
0.161283 0.062187
0.170251 0.077815
0.186461 0.079333
0.160332 0.107797
0.155506 0.125211
0.191167 0.132925
0.219349 0.174652
0.220743 0.199719
0.225987 0.228848
0.211727 0.241080
0.242647 0.358154
0.226498 0.352612
0.133705 0.000042
0.176377 0.000160
0.162421 0.025194
0.178940 0.061383
0.177086 0.095803
0.176587 0.114173
0.207696 0.136365
0.208188 0.158008
0.231449 0.213539
0.233390 0.164487
0.238794 0.244466
0.255275 0.281698
0.203501 0.373138
0.204287 0.295756
0.193492 0.324661
0.150810 0.000901
0.167899 0.046234
0.194619 0.059324
0.194121 0.097399
0.193147 0.115221
0.223059 0.128905
0.223121 0.148554
0.248051 0.178689
0.234262 0.188223
0.251073 0.258581
0.264272 0.296950
0.225447 0.295933
0.173183 0.404045
0.154010 0.433612
0.159344 0.000104
0.176911 0.025235
0.182004 0.040603
0.197845 0.041944
0.210286 0.095166
0.209410 0.114653
0.240661 0.144444
0.265501 0.176756
0.251065 0.198798
0.249168 0.217724
0.270723 0.270803
0.250268 0.315107
0.243041 0.335190
0.219337 0.337210
0.156118 0.432263
0.167862 0.000777
0.214296 0.042064
0.201589 0.077426
0.236142 0.077643
0.218278 0.077458
0.225720 0.109988
0.265733 0.207446
0.275396 0.189242
0.253701 0.235938
0.265101 0.324396
0.261443 0.346344
0.259163 0.367849
0.240791 0.378706
0.179907 0.424898
0.184868 0.000997
0.193005 0.024906
0.230994 0.042236
0.210823 0.060316
0.250005 0.091145
0.228947 0.093248
0.252345 0.160296
0.285360 0.170530
0.268943 0.245700
0.301066 0.296765
0.299945 0.255134
0.223657 0.378246
0.253929 0.411424
0.213326 0.404306
0.190194 0.428085
0.193385 0.000746
0.208649 0.025840
0.247891 0.043283
0.255674 0.074074
0.244275 0.107160
0.239948 0.126449
0.270531 0.156982
0.293393 0.220040
0.288896 0.278784
0.280352 0.299377
0.281675 0.316431
0.273216 0.380815
0.213245 0.312714
0.202777 0.337703
0.201865 0.000472
0.252526 0.001001
0.224286 0.025429
0.227384 0.059944
0.264851 0.101434
0.256770 0.120228
0.258199 0.140470
0.276146 0.137414
0.303851 0.200574
0.272173 0.223925
0.298266 0.332665
0.279548 0.337771
0.276785 0.359468
0.217487 0.427853
0.187478 0.403037
0.210342 0.000519
0.239404 0.026150
0.265726 0.040674
0.270821 0.082515
0.281828 0.096795
0.273384 0.119928
0.304215 0.167799
0.284796 0.203633
0.312300 0.218018
0.287143 0.237096
0.319715 0.328709
0.289744 0.372829
0.288779 0.399950
0.197261 0.359280
0.218816 0.000771
0.286216 0.000393
0.254357 0.026150
0.244214 0.060967
0.290888 0.079549
0.289536 0.113572
0.288278 0.151346
0.305203 0.147657
0.297671 0.184885
0.343323 0.214698
0.316037 0.260483
0.280960 0.258289
0.310031 0.374966
0.332527 0.354561
0.253584 0.394470
0.227264 0.000380
0.270750 0.025530
0.279025 0.065633
0.263413 0.058221
0.309036 0.113903
0.294978 0.130516
0.315397 0.131620
0.322721 0.171849
0.319583 0.188888
0.351429 0.249735
0.304264 0.315465
0.335340 0.278990
0.202069 0.388324
0.281088 0.399876
0.235718 0.001015
0.311343 0.000330
0.281506 0.047273
0.308394 0.077829
0.300924 0.097061
0.327055 0.113917
0.346307 0.118979
0.321078 0.153374
0.327095 0.205386
0.356231 0.157988
0.327854 0.228586
0.307225 0.237280
0.305347 0.277161
0.230286 0.397518
0.306581 0.397576
0.244124 0.000549
0.286242 0.026851
0.316739 0.062636
0.318493 0.094538
0.328648 0.079180
0.336927 0.099070
0.352971 0.137510
0.340563 0.170084
0.358150 0.178904
0.339815 0.189531
0.319719 0.290173
0.335366 0.328745
0.205558 0.426661
0.299374 0.351467
0.260937 0.001068
0.336342 0.000290
0.297219 0.061174
0.334396 0.060961
0.346301 0.083494
0.355729 0.102945
0.365304 0.120786
0.332995 0.132808
0.339300 0.150398
0.354657 0.199516
0.366040 0.214037
0.345754 0.294403
0.371021 0.250205
0.443024 0.365503
0.355607 0.271337
0.269375 0.000125
0.296236 0.040320
0.312149 0.045483
0.371909 0.072094
0.364534 0.087481
0.375451 0.105138
0.393024 0.157134
0.372643 0.137400
0.374019 0.154380
0.374874 0.171731
0.328398 0.244628
0.348438 0.392432
0.796025 0.320101
0.248408 0.416914
0.277835 0.000288
0.361218 0.000947
0.350676 0.067001
0.329224 0.042156
0.363597 0.056598
0.394818 0.101443
0.384990 0.122002
0.419629 0.111807
0.412303 0.151115
0.388757 0.181282
0.373375 0.193627
0.384626 0.211099
0.370615 0.232271
0.350214 0.231795
0.374811 0.379962
0.294557 0.001075
0.303959 0.026134
0.336899 0.027819
0.378947 0.045697
0.384077 0.087154
0.402571 0.117284
0.392892 0.139375
0.405429 0.170131
0.424692 0.167169
0.396980 0.198174
0.389583 0.230810
0.416024 0.249352
0.229070 0.421024
0.360943 0.375202
0.302948 0.000004
0.319868 0.026859
0.364184 0.035041
0.386949 0.063441
0.411313 0.094745
0.450938 0.094847
0.428577 0.131061
0.410953 0.133309
0.438222 0.112573
0.405934 0.215741
0.449734 0.219950
0.428300 0.220337
0.401017 0.265389
0.376771 0.266047
0.336289 0.261649
0.319648 0.000019
0.347390 0.045383
0.377188 0.027475
0.396482 0.043937
0.416969 0.043891
0.416767 0.077443
0.456418 0.113611
0.451587 0.149709
0.430577 0.185408
0.411324 0.186875
0.421851 0.203324
0.384831 0.303141
0.342525 0.393554
0.325182 0.307843
0.327967 0.001038
0.402610 0.000326
0.352659 0.026899
0.393591 0.027773
0.398318 0.077525
0.436182 0.079141
0.430981 0.095283
0.446684 0.131713
0.432229 0.149437
0.443005 0.203114
0.463739 0.165415
0.365744 0.286473
0.387059 0.282605
0.330220 0.378611
0.382924 0.378416
0.344605 0.000238
0.435964 0.043609
0.405947 0.060356
0.443292 0.061357
0.474218 0.084748
0.476850 0.118709
0.450052 0.185503
0.443964 0.167814
0.458160 0.330058
0.393041 0.249606
0.409492 0.232524
0.422764 0.265515
0.379482 0.352537
0.316350 0.393348
0.352950 0.000766
0.410864 0.000705
0.476807 0.000925
0.443456 0.027545
0.409901 0.028842
0.493305 0.087225
0.469868 0.100536
0.490413 0.104227
0.469109 0.183795
0.465502 0.132756
0.409830 0.334274
0.440988 0.253049
0.345477 0.312907
0.374234 0.320271
0.445511 0.288724
0.369484 0.000326
0.460341 0.001200
0.426752 0.028064
0.425211 0.061681
0.508159 0.138065
0.533263 0.147000
0.487283 0.136382
0.484276 0.167684
0.464131 0.201982
0.363631 0.305983
0.314953 0.354116
0.732565 0.352992
0.517646 0.354172
0.390103 0.330737
0.377741 0.000332
0.452107 0.000256
0.485006 0.001126
0.486658 0.054549
0.520746 0.042411
0.539308 0.188688
0.517406 0.185960
0.516710 0.156258
0.575812 0.254156
0.400301 0.354721
0.561253 0.348993
0.959921 0.179324
0.507712 0.287791
0.413156 0.369240
0.352176 0.341287
0.419103 0.000266
0.468561 0.000909
0.608273 0.040683
0.455278 0.077423
0.460675 0.057747
0.508427 0.214837
0.504995 0.172766
0.473747 0.149623
0.495497 0.243859
0.433901 0.237119
0.490348 0.359918
0.370666 0.341108
0.442818 0.350649
0.347614 0.356218
0.394314 0.000244
0.435621 0.000545
0.509734 0.000243
0.462590 0.026800
0.598223 0.208524
0.512268 0.077980
0.620554 0.336146
0.488141 0.186276
0.420652 0.318546
0.470012 0.220221
0.860230 0.230849
0.653612 0.348252
0.742367 0.360932
0.405703 0.371331
0.643269 0.355358
0.534315 0.000553
0.501506 0.000524
0.427371 0.000354
0.146197 0.396845
0.473786 0.067697
0.498020 0.120585
0.404730 0.284095
0.571929 0.304479
0.484326 0.258848
0.758213 0.362169
0.834663 0.237050
0.489264 0.320152
0.782203 0.337161
0.468499 0.346770
0.600176 0.000565
0.550751 0.000210
0.386031 0.000309
0.493257 0.000030
0.529045 0.028241
0.474372 0.041836
0.510407 0.096902
0.545666 0.161180
0.475358 0.239298
0.881297 0.454635
0.400356 0.312812
0.437673 0.369304
0.476265 0.356148
0.424011 0.344247
0.554215 0.347821
0.591944 0.000273
0.517922 0.000615
0.443874 0.000387
0.496099 0.027157
0.454836 0.040351
0.862957 0.206125
0.727116 0.331183
0.593967 0.354627
0.813171 0.382285
0.508324 0.327376
0.856081 0.439231
0.505043 0.362566
0.493299 0.342484
0.517389 0.269460
0.616756 0.000393
0.567213 0.000678
0.499314 0.042233
0.526138 0.000732
0.494618 0.069720
0.509237 0.057549
0.525825 0.065102
0.496532 0.154116
0.529359 0.170711
0.484232 0.205676
0.464424 0.256837
0.414919 0.297470
0.470532 0.276077
0.434867 0.304805
0.539895 0.333037
0.633345 0.000153
0.542543 0.000504
0.543641 0.027657
0.512699 0.027509
0.480486 0.027950
0.529331 0.085382
0.547100 0.134376
0.559994 0.147557
0.555447 0.176830
0.502680 0.198534
0.439767 0.327434
0.512437 0.253615
0.462625 0.296640
0.526444 0.351936
0.641660 0.000549
0.558985 0.000236
0.577632 0.027632
0.570807 0.043203
0.551396 0.041456
0.524522 0.129972
0.562838 0.123635
0.570309 0.163623
0.544755 0.210101
0.490312 0.224159
0.538113 0.262200
0.589986 0.355442
0.450262 0.269421
0.484651 0.289987
0.812957 0.343703
0.658228 0.000812
0.612745 0.026917
0.594450 0.027186
0.560797 0.026981
0.536327 0.051648
0.543574 0.072213
0.515042 0.114098
0.539945 0.117038
0.558267 0.195142
0.528883 0.223532
0.546516 0.297718
0.512161 0.233111
0.494214 0.274025
0.429334 0.280711
0.666559 0.000726
0.575438 0.000210
0.628401 0.027852
0.555688 0.058611
0.574726 0.061508
0.563111 0.075930
0.531185 0.102259
0.555737 0.106247
0.576261 0.136331
0.563926 0.217069
0.546993 0.230738
0.530239 0.244815
0.692858 0.354104
0.675866 0.358042
0.636766 0.351733
0.683209 0.000123
0.583700 0.000166
0.608473 0.000571
0.589547 0.042641
0.549361 0.090251
0.584844 0.077693
0.576043 0.107912
0.577356 0.201364
0.594171 0.190438
0.566636 0.234889
0.526827 0.202934
0.522487 0.320661
0.502549 0.307431
0.455971 0.314514
0.691502 0.000665
0.625064 0.000882
0.646906 0.027810
0.622708 0.076588
0.593020 0.059844
0.571989 0.091331
0.588012 0.120178
0.576202 0.182333
0.604496 0.150512
0.616216 0.163688
0.530281 0.281958
0.617109 0.198039
0.553328 0.281403
0.560524 0.266831
0.693626 0.337155
0.708241 0.000393
0.635691 0.040264
0.631291 0.094638
0.621009 0.053041
0.608997 0.063847
0.602726 0.081160
0.592744 0.097723
0.592191 0.168591
0.602310 0.229782
0.608619 0.179954
0.607061 0.251540
0.847127 0.384296
0.454775 0.237672
0.823411 0.361883
0.716642 0.000546
0.649939 0.000051
0.662320 0.027301
0.637237 0.059673
0.612973 0.095631
0.606300 0.113174
0.584677 0.151509
0.617870 0.129978
0.626148 0.146954
0.615202 0.217862
0.582871 0.221062
0.544310 0.316665
0.523941 0.300714
0.552693 0.249160
0.578100 0.336279
0.725017 0.000220
0.683148 0.026326
0.653433 0.045932
0.654572 0.064805
0.640348 0.077579
0.599684 0.133346
0.637011 0.127863
0.635233 0.166464
0.629071 0.183377
0.587769 0.241269
0.687435 0.326530
0.610124 0.337295
0.682355 0.362376
0.477930 0.308772
0.741776 0.000193
0.674902 0.000519
0.694538 0.036483
0.672654 0.037714
0.671194 0.055091
0.657380 0.086231
0.626347 0.112263
0.644777 0.144811
0.632997 0.210472
0.620366 0.239555
0.629781 0.286719
0.628756 0.261818
0.585656 0.323162
0.812375 0.373570
0.797328 0.339999
0.750087 0.000250
0.705211 0.025766
0.689494 0.052699
0.687116 0.069774
0.670149 0.074285
0.647790 0.100518
0.650261 0.116771
0.651478 0.218576
0.636629 0.228956
0.615961 0.272961
0.594831 0.264183
0.560907 0.319573
0.648757 0.315000
0.827245 0.387199
0.758459 0.000155
0.699839 0.000578
0.721913 0.027331
0.706950 0.058970
0.686330 0.088263
0.670700 0.097294
0.661117 0.131886
0.651817 0.162313
0.642889 0.195058
0.666023 0.228295
0.583584 0.275265
0.629294 0.300119
0.571205 0.289957
0.725864 0.315955
0.849183 0.371329
0.766878 0.001004
0.737180 0.026049
0.713030 0.041956
0.703621 0.076253
0.669778 0.113816
0.680458 0.129015
0.666013 0.148845
0.660916 0.201580
0.637874 0.248398
0.655407 0.262286
0.641581 0.327111
0.603627 0.286461
0.891711 0.454395
0.663239 0.322570
0.775341 0.000367
0.733382 0.000091
0.749670 0.031454
0.719927 0.080610
0.688560 0.108988
0.696937 0.136646
0.683230 0.150150
0.654784 0.181680
0.656664 0.243901
0.601544 0.315150
0.675664 0.255934
0.672274 0.292626
0.672976 0.273442
0.768094 0.354332
0.673237 0.310283
0.792377 0.000473
0.748688 0.050680
0.731600 0.043717
0.702783 0.095425
0.702089 0.118769
0.701783 0.156361
0.670715 0.169269
0.674143 0.188910
0.646906 0.276497
0.709545 0.293308
0.713681 0.278080
0.595801 0.298928
0.691465 0.288711
0.619491 0.313414
0.800874 0.000170
0.762931 0.024804
0.723676 0.060632
0.735079 0.086315
0.720114 0.121607
0.715207 0.140053
0.719827 0.159057
0.688186 0.170563
0.676545 0.214218
0.690752 0.206000
0.653168 0.293344
0.692368 0.267761
0.764638 0.342411
0.779820 0.305749
0.710729 0.323223
0.809457 0.000345
0.770019 0.058691
0.753629 0.068050
0.716739 0.102841
0.738117 0.124096
0.733376 0.142840
0.735286 0.164720
0.693784 0.189415
0.727264 0.222219
0.733774 0.262514
0.736051 0.304708
0.696228 0.306928
0.753503 0.315145
0.722580 0.349106
0.826691 0.000536
0.783833 0.000481
0.764662 0.041974
0.737779 0.067348
0.751788 0.090336
0.733637 0.104893
0.753808 0.129204
0.707981 0.177241
0.708418 0.215852
0.682401 0.237871
0.696630 0.228540
0.751501 0.252606
0.749633 0.272773
0.824757 0.337659
0.879166 0.443072
0.835278 0.000123
0.779272 0.024833
0.782188 0.040082
0.766177 0.079673
0.772154 0.095958
0.752170 0.107438
0.724528 0.183750
0.742459 0.183495
0.712908 0.197318
0.744372 0.223071
0.715240 0.258538
0.732922 0.241962
0.831036 0.426654
0.767724 0.317908
0.843935 0.000700
0.818025 0.000892
0.795680 0.024720
0.788880 0.055368
0.781708 0.073452
0.786566 0.105475
0.767775 0.115173
0.768395 0.138233
0.750270 0.148438
0.699092 0.249848
0.716231 0.237585
0.729560 0.280960
0.780556 0.286081
0.862893 0.328355
0.831214 0.418552
0.861327 0.000523
0.812491 0.024434
0.801130 0.039704
0.799592 0.070586
0.791875 0.088071
0.809424 0.090448
0.782492 0.124524
0.770282 0.157426
0.732465 0.203921
0.751160 0.200451
0.761839 0.214595
0.757894 0.234729
0.753005 0.298620
0.764246 0.286008
0.870071 0.000300
0.852592 0.000528
0.829326 0.023670
0.819823 0.039262
0.808761 0.055795
0.827165 0.053963
0.803878 0.107553
0.798696 0.126305
0.784747 0.145523
0.754013 0.167090
0.762398 0.184688
0.777328 0.223096
0.772555 0.247446
0.767884 0.265235
0.818224 0.317884
0.887700 0.000296
0.863021 0.023802
0.846917 0.024323
0.838794 0.038248
0.817226 0.073220
0.827629 0.088291
0.822006 0.107364
0.802240 0.144535
0.791931 0.162642
0.776097 0.174901
0.774651 0.198990
0.787220 0.239787
0.798192 0.257582
0.856425 0.447139
0.896597 0.000810
0.878918 0.000673
0.880312 0.023943
0.857467 0.039970
0.845911 0.054120
0.833724 0.069909
0.851429 0.072808
0.838737 0.104737
0.815648 0.124707
0.834841 0.125334
0.789813 0.184099
0.789513 0.208641
0.830303 0.210136
0.836714 0.312098
0.881839 0.408276
0.905483 0.000365
0.914886 0.024534
0.873604 0.039741
0.878247 0.057392
0.862652 0.059101
0.867407 0.078691
0.845956 0.088256
0.850354 0.117688
0.856068 0.134610
0.802623 0.193886
0.821717 0.140749
0.799976 0.224659
0.807175 0.242411
0.786637 0.266129
0.914378 0.000410
0.923302 0.000940
0.924695 0.039990
0.897679 0.023786
0.890177 0.038927
0.883470 0.074526
0.893359 0.090624
0.859509 0.097861
0.867454 0.114919
0.840193 0.144124
0.867186 0.148872
0.809474 0.162273
0.811992 0.208560
0.878409 0.422025
0.855581 0.346598
0.932258 0.000330
0.931974 0.024547
0.907008 0.039517
0.894381 0.056945
0.917914 0.076699
0.876465 0.094177
0.884342 0.110636
0.875271 0.131074
0.888707 0.145251
0.826135 0.157119
0.834454 0.171255
0.844497 0.185651
0.824096 0.189282
0.822319 0.302212
0.941205 0.000369
0.949580 0.024697
0.941782 0.039267
0.910399 0.057719
0.901182 0.074731
0.911262 0.093759
0.893419 0.126059
0.909430 0.130004
0.908024 0.148680
0.850789 0.157604
0.885394 0.179215
0.857425 0.173081
0.811715 0.178615
0.819145 0.227114
0.844568 0.331174
0.950267 0.000639
0.943092 0.056325
0.926388 0.058105
0.934045 0.074933
0.943933 0.089656
0.902769 0.108897
0.925413 0.158317
0.893965 0.161963
0.901295 0.185113
0.914068 0.197382
0.944818 0.214277
0.867317 0.186661
0.845275 0.200398
0.864707 0.378137
0.959317 0.000328
0.967648 0.023693
0.960909 0.039992
0.952131 0.072608
0.960163 0.123321
0.927188 0.095484
0.919912 0.115657
0.875436 0.162982
0.943030 0.187248
0.911619 0.168821
0.932411 0.202369
0.845953 0.221339
0.932317 0.233671
0.871628 0.318468
0.881937 0.198743
0.968174 0.000106
0.977085 0.033649
0.961658 0.058261
0.950150 0.105598
0.958825 0.159361
0.940684 0.168200
0.941706 0.148970
0.920284 0.222961
0.873376 0.259630
0.895579 0.207225
0.968362 0.215459
0.889700 0.360113
0.814509 0.275169
0.840583 0.248643
0.977087 0.000331
0.999781 0.001417
0.976443 0.052225
0.977981 0.114440
0.935615 0.113576
0.942712 0.129185
0.956051 0.198911
0.976615 0.184503
0.975727 0.229194
0.906603 0.219156
0.938169 0.246281
0.882176 0.232840
0.872737 0.412037
0.821722 0.257430
0.843187 0.423553
0.986717 0.000903
0.975391 0.070418
0.964189 0.084175
0.976569 0.133262
0.959535 0.141612
0.926485 0.137065
0.913389 0.250979
0.858067 0.253426
0.999246 0.255972
0.904104 0.253724
0.862570 0.297361
0.954998 0.231964
0.865013 0.351685
0.798284 0.301723
0.999503 0.015374
0.999785 0.044259
0.977975 0.091337
0.966614 0.103358
0.999713 0.105771
0.998978 0.183150
0.999831 0.138052
0.999963 0.149089
0.969890 0.249460
0.993551 0.261882
0.949833 0.250584
0.875099 0.217278
0.859931 0.275741
0.999353 0.229309
0.830371 0.289293
0.999370 0.000218
0.999722 0.054433
0.999779 0.074417
0.999517 0.095270
0.999793 0.116411
0.977709 0.167829
0.976843 0.201133
0.901225 0.238350
0.999569 0.241354
0.999647 0.194473
0.978110 0.259542
0.850555 0.284400
0.802560 0.284058
0.869910 0.300981
0.999341 0.025200
0.999923 0.034567
0.999703 0.064384
0.999862 0.084639
0.977506 0.150107
0.999817 0.127140
0.999132 0.206098
0.925314 0.181861
0.999284 0.217769
0.999716 0.160262
0.999785 0.171627
0.835314 0.269088
0.879513 0.249386
0.881255 0.379929
0.890171 0.363388
