0.000680 0.025067
0.000337 0.062861
0.001019 0.092537
0.000528 0.123131
0.000634 0.133431
0.104087 0.252114
0.000837 0.177101
0.000298 0.188092
0.017331 0.271818
0.147889 0.298092
0.140239 0.365847
0.116642 0.247185
0.070279 0.230889
0.170657 0.324487
0.000185 0.015499
0.000699 0.043511
0.000443 0.072633
0.023548 0.053667
0.024064 0.200432
0.000124 0.199363
0.000863 0.166056
0.000634 0.272709
0.000636 0.233937
0.000894 0.245730
0.037162 0.251390
0.048975 0.259147
0.135650 0.297767
0.136890 0.253493
0.167211 0.280934
0.000582 0.001224
0.000272 0.053194
0.000293 0.082534
0.000786 0.102635
0.000591 0.112827
0.000849 0.210701
0.000840 0.155137
0.009146 0.278937
0.000766 0.222368
0.117646 0.289135
0.060112 0.251283
0.131428 0.268556
0.162856 0.306506
0.145339 0.358584
0.000921 0.000923
0.023178 0.025044
0.025293 0.038225
0.022563 0.088998
0.023984 0.165020
0.064946 0.172926
0.037836 0.153457
0.000383 0.257110
0.086745 0.219402
0.053440 0.202371
0.052086 0.217192
0.119198 0.281248
0.076989 0.247466
0.092531 0.246337
0.156739 0.343647
0.012110 0.000385
0.043436 0.040747
0.000868 0.034230
0.022529 0.070749
0.000565 0.144186
0.041227 0.189487
0.042931 0.173116
0.061911 0.187319
0.026717 0.227025
0.080803 0.191647
0.054231 0.235063
0.132769 0.215517
0.103598 0.228431
0.142101 0.381421
0.030273 0.000020
0.021602 0.000274
0.055842 0.059859
0.039435 0.056752
0.025319 0.182692
0.022419 0.125894
0.052528 0.140137
0.056836 0.154640
0.072106 0.208306
0.099485 0.190158
0.107810 0.174632
0.095476 0.207858
0.139764 0.326728
0.141687 0.330177
0.176746 0.339512
0.038807 0.000107
0.052761 0.026341
0.038013 0.073758
0.050502 0.103309
0.036458 0.132420
0.036351 0.112684
0.076194 0.158501
0.133797 0.167539
0.027593 0.213908
0.085213 0.174342
0.028028 0.238941
0.123550 0.230599
0.115823 0.210947
0.146718 0.278697
0.047446 0.000286
0.038524 0.023475
0.067444 0.026138
0.061959 0.042356
0.039139 0.091074
0.063712 0.092680
0.023030 0.146536
0.069641 0.140301
0.117182 0.162198
0.096470 0.160260
0.118483 0.194061
0.166872 0.214652
0.153909 0.225735
0.198485 0.277685
0.175559 0.358021
0.056172 0.000101
0.082176 0.024111
0.081823 0.039696
0.054733 0.077201
0.070820 0.076407
0.023636 0.106019
0.066671 0.111631
0.055589 0.123092
0.175332 0.181279
0.129374 0.183994
0.144946 0.189907
0.178009 0.229957
0.141951 0.239224
0.185259 0.250195
0.064746 0.000312
0.073339 0.001163
0.097555 0.024858
0.090287 0.055000
0.072479 0.056196
0.085122 0.070948
0.091383 0.109358
0.079387 0.098381
0.087803 0.143656
0.154895 0.177207
0.199510 0.230515
0.147636 0.208369
0.179539 0.265877
0.166233 0.245726
0.162891 0.383334
0.081906 0.000511
0.113462 0.023999
0.119977 0.039077
0.112039 0.053483
0.102732 0.067532
0.091619 0.087685
0.078364 0.124204
0.094936 0.129074
0.108844 0.145064
0.166298 0.162361
0.165849 0.195811
0.187275 0.194773
0.202975 0.259417
0.179737 0.371819
0.090615 0.000266
0.107854 0.000257
0.129808 0.024463
0.101054 0.039955
0.119062 0.073103
0.107278 0.086008
0.106967 0.102870
0.108913 0.121031
0.119478 0.132227
0.130708 0.146569
0.185088 0.165458
0.187589 0.214780
0.242187 0.295306
0.180684 0.291127
0.151383 0.407938
0.099270 0.000946
0.136522 0.040171
0.129224 0.058790
0.135064 0.075564
0.141543 0.094289
0.125053 0.092670
0.124613 0.109389
0.135500 0.127776
0.150046 0.140733
0.148199 0.157528
0.205334 0.191488
0.224245 0.255693
0.218840 0.275433
0.158584 0.258093
0.116494 0.000562
0.142259 0.000779
0.146561 0.024168
0.145256 0.056533
0.150847 0.075645
0.158792 0.091220
0.142432 0.111451
0.172968 0.130650
0.169854 0.145978
0.191359 0.149969
0.199965 0.175221
0.205670 0.212573
0.237512 0.272231
0.230610 0.318655
0.187029 0.306298
0.125114 0.000791
0.153156 0.039664
0.161307 0.061976
0.170263 0.077612
0.186540 0.079153
0.160315 0.107562
0.155539 0.124962
0.191164 0.132466
0.219343 0.174363
0.220729 0.199429
0.225914 0.228419
0.211540 0.240633
0.242172 0.357568
0.225958 0.352031
0.133698 0.001224
0.176378 0.000586
0.162457 0.025144
0.178882 0.061264
0.177039 0.095487
0.176616 0.113850
0.207726 0.136092
0.208239 0.157631
0.231448 0.213096
0.233426 0.164052
0.238563 0.244011
0.255011 0.280921
0.202876 0.372458
0.203976 0.295258
0.193167 0.324194
0.150793 0.000339
0.167855 0.045981
0.194569 0.059271
0.194106 0.097214
0.193178 0.114903
0.223062 0.128519
0.223187 0.148210
0.248135 0.178346
0.234202 0.187829
0.251014 0.258106
0.263932 0.296333
0.225160 0.295204
0.172669 0.403696
0.153484 0.433129
0.159340 0.000334
0.176934 0.025126
0.182024 0.040550
0.197835 0.041925
0.210313 0.094904
0.209454 0.114349
0.240722 0.144063
0.265631 0.176317
0.251063 0.198366
0.249125 0.217222
0.270536 0.270141
0.249859 0.314507
0.242625 0.334499
0.218986 0.336506
0.155288 0.431775
0.167860 0.000322
0.214290 0.042003
0.201657 0.077295
0.236133 0.077413
0.218280 0.077319
0.225792 0.109636
0.265736 0.207055
0.275363 0.188972
0.253484 0.235514
0.264710 0.323683
0.261000 0.345625
0.258684 0.367165
0.240215 0.377996
0.179276 0.424568
0.184867 0.000646
0.192966 0.024910
0.230938 0.042214
0.210798 0.060186
0.250021 0.090942
0.228970 0.093028
0.252406 0.159973
0.285327 0.170232
0.268740 0.245208
0.300760 0.296045
0.299801 0.254454
0.223105 0.377571
0.253335 0.410681
0.212740 0.403583
0.189542 0.427625
0.193387 0.000076
0.208605 0.025824
0.247843 0.043166
0.255514 0.074002
0.244260 0.106901
0.239971 0.126097
0.270496 0.156629
0.293287 0.219668
0.288712 0.278127
0.280207 0.298643
0.281367 0.315633
0.272605 0.380050
0.212980 0.312198
0.202468 0.337200
0.201867 0.000894
0.252543 0.000694
0.224253 0.025401
0.227317 0.059862
0.264790 0.101246
0.256802 0.119969
0.258194 0.140193
0.276153 0.137037
0.303701 0.200242
0.272002 0.223536
0.297872 0.331873
0.279037 0.337054
0.276233 0.358659
0.216848 0.427265
0.186861 0.402580
0.210338 0.000404
0.239403 0.026140
0.265677 0.040690
0.270740 0.082372
0.281757 0.096674
0.273307 0.119631
0.304121 0.167365
0.284797 0.203253
0.312176 0.217424
0.287031 0.236494
0.319212 0.327838
0.289071 0.371901
0.288128 0.399031
0.196729 0.358508
0.218809 0.000654
0.286230 0.000996
0.254377 0.026140
0.244168 0.060854
0.290726 0.079458
0.289393 0.113423
0.288177 0.151038
0.304996 0.147401
0.297581 0.184469
0.343067 0.214002
0.315871 0.259845
0.280832 0.257845
0.309553 0.373937
0.331998 0.353511
0.253126 0.393736
0.227261 0.000152
0.270767 0.025569
0.278907 0.065609
0.263292 0.058238
0.308849 0.113681
0.294934 0.130291
0.315231 0.131326
0.322516 0.171421
0.319301 0.188340
0.351188 0.248990
0.303957 0.314622
0.335064 0.278174
0.201368 0.387629
0.280553 0.398929
0.235716 0.000675
0.311349 0.000035
0.281438 0.047265
0.308297 0.077683
0.300815 0.096840
0.326892 0.113677
0.346129 0.118788
0.320940 0.152948
0.326899 0.204869
0.356107 0.157655
0.327693 0.227999
0.307053 0.236640
0.305156 0.276387
0.229637 0.396855
0.306138 0.396404
0.244129 0.000266
0.286234 0.026839
0.316587 0.062441
0.318362 0.094306
0.328513 0.078937
0.336791 0.098863
0.352804 0.137289
0.340372 0.169677
0.357898 0.178365
0.339489 0.188999
0.319554 0.289352
0.334925 0.327805
0.204856 0.426178
0.298946 0.350579
0.260956 0.001029
0.336346 0.000219
0.297137 0.061108
0.334294 0.060842
0.346212 0.083321
0.355588 0.102768
0.365103 0.120487
0.332758 0.132552
0.339122 0.150094
0.354390 0.198978
0.365715 0.213339
0.345451 0.293557
0.370800 0.249401
0.442704 0.364275
0.355358 0.270434
0.269383 0.000415
0.296102 0.040330
0.312094 0.045213
0.371812 0.071838
0.364376 0.087298
0.375408 0.104820
0.392843 0.156713
0.372517 0.136901
0.373907 0.153939
0.374650 0.171302
0.328096 0.243987
0.347918 0.391307
0.796670 0.319323
0.247816 0.416098
0.277848 0.001117
0.361227 0.000785
0.350550 0.066740
0.329234 0.042071
0.363520 0.056415
0.394764 0.101062
0.384906 0.121623
0.419561 0.111338
0.412195 0.150664
0.388564 0.180734
0.373129 0.193050
0.384392 0.210493
0.370324 0.231521
0.349908 0.231103
0.374414 0.378682
0.294573 0.000863
0.304006 0.026080
0.336881 0.027655
0.378942 0.045503
0.383953 0.086847
0.402471 0.116910
0.392766 0.138998
0.405265 0.169623
0.424530 0.166648
0.396740 0.197526
0.389336 0.230010
0.415754 0.248591
0.228374 0.420418
0.360455 0.374039
0.302952 0.000419
0.319872 0.026791
0.364173 0.034887
0.386842 0.063171
0.411251 0.094423
0.450850 0.094469
0.428465 0.130582
0.410873 0.132839
0.438152 0.112125
0.405690 0.215060
0.449528 0.219228
0.428084 0.219687
0.400721 0.264518
0.376486 0.265205
0.336054 0.260934
0.319652 0.000849
0.347342 0.045184
0.377213 0.027359
0.396435 0.043698
0.416927 0.043710
0.416691 0.077095
0.456333 0.113172
0.451421 0.149276
0.430420 0.184885
0.411192 0.186311
0.421684 0.202687
0.384502 0.302142
0.342121 0.392385
0.324863 0.307039
0.327977 0.001100
0.402609 0.000279
0.352708 0.026781
0.393614 0.027593
0.398209 0.077258
0.436135 0.078745
0.430885 0.094858
0.446578 0.131224
0.432108 0.148920
0.442847 0.202493
0.463571 0.164985
0.365432 0.285514
0.386773 0.281741
0.329720 0.377463
0.382480 0.377142
0.344613 0.000066
0.435938 0.043344
0.405873 0.060145
0.443265 0.061023
0.474165 0.084442
0.476774 0.118363
0.449938 0.184957
0.443779 0.167273
0.457990 0.328754
0.392709 0.248755
0.409288 0.231747
0.422516 0.264646
0.379066 0.351366
0.315747 0.392194
0.352956 0.000777
0.410860 0.000689
0.476799 0.000810
0.443507 0.027380
0.409885 0.028735
0.493260 0.086891
0.469842 0.100198
0.490377 0.103907
0.469026 0.183313
0.465361 0.132386
0.409544 0.333028
0.440751 0.252185
0.345156 0.311959
0.373839 0.319285
0.445272 0.287634
0.369487 0.000664
0.460319 0.001041
0.426757 0.027953
0.425169 0.061410
0.508154 0.137621
0.533277 0.146594
0.487175 0.135969
0.484165 0.167128
0.463946 0.201394
0.363187 0.305023
0.314594 0.353097
0.733899 0.351662
0.517827 0.352735
0.389787 0.329647
0.377743 0.000116
0.452097 0.000734
0.484997 0.000984
0.486636 0.054273
0.520777 0.042205
0.539285 0.188188
0.517324 0.185301
0.516693 0.155765
0.575805 0.253347
0.399994 0.353479
0.561487 0.347553
0.959852 0.179420
0.507656 0.286742
0.412897 0.368002
0.351735 0.340231
0.419094 0.001086
0.468554 0.000579
0.608347 0.040582
0.455226 0.077144
0.460627 0.057511
0.508333 0.214131
0.504897 0.172208
0.473584 0.149194
0.495345 0.243028
0.433621 0.236395
0.490201 0.358430
0.370365 0.340014
0.442706 0.349250
0.347092 0.355217
0.394313 0.000175
0.435590 0.000084
0.509728 0.000157
0.462626 0.026642
0.598232 0.207956
0.512242 0.077701
0.621020 0.335169
0.488053 0.185640
0.420399 0.317407
0.469882 0.219543
0.860338 0.230682
0.654301 0.347043
0.743567 0.359661
0.405539 0.370142
0.643957 0.354238
0.534314 0.000983
0.501495 0.000271
0.427351 0.000333
0.145819 0.396312
0.473774 0.067396
0.498044 0.120207
0.404460 0.283156
0.572066 0.303431
0.484194 0.257906
0.759337 0.360918
0.834878 0.236602
0.489070 0.318797
0.782925 0.336601
0.468360 0.345571
0.600181 0.000458
0.550760 0.000155
0.386028 0.001009
0.493249 0.001017
0.528990 0.028084
0.474370 0.041692
0.510434 0.096583
0.545725 0.160713
0.475195 0.238458
0.882410 0.454059
0.400070 0.311750
0.437381 0.367979
0.476165 0.354674
0.423690 0.343005
0.554428 0.346409
0.591951 0.000186
0.517910 0.000141
0.443851 0.000375
0.496101 0.027007
0.454853 0.040186
0.862818 0.205889
0.727915 0.330585
0.594393 0.353299
0.814811 0.381312
0.508307 0.326029
0.857697 0.439735
0.504950 0.360867
0.493220 0.341202
0.517296 0.268493
0.616770 0.000299
0.567226 0.000630
0.499274 0.042005
0.526135 0.000636
0.494614 0.069431
0.509231 0.057240
0.525736 0.064878
0.496455 0.153572
0.529356 0.170205
0.484061 0.205000
0.464114 0.255963
0.414662 0.296481
0.470327 0.275059
0.434584 0.303677
0.539946 0.331751
0.633354 0.000885
0.542549 0.000846
0.543646 0.027468
0.512646 0.027363
0.480457 0.027838
0.529422 0.084942
0.547132 0.134044
0.560118 0.147116
0.555437 0.176280
0.502638 0.197945
0.439569 0.326167
0.512305 0.252647
0.462482 0.295542
0.526469 0.350412
0.641689 0.000041
0.558996 0.000408
0.577637 0.027544
0.570838 0.042950
0.551402 0.041298
0.524568 0.129529
0.562889 0.123264
0.570358 0.163139
0.544712 0.209375
0.490141 0.223412
0.538060 0.261324
0.590420 0.354118
0.450052 0.268484
0.484502 0.288893
0.813588 0.343041
0.658234 0.000535
0.612796 0.026784
0.594510 0.027047
0.560756 0.026832
0.536267 0.051353
0.543629 0.071844
0.515104 0.113644
0.540054 0.116685
0.558288 0.194583
0.528814 0.222818
0.546525 0.296613
0.512057 0.232362
0.494126 0.272940
0.429041 0.279785
0.666563 0.000563
0.575448 0.000324
0.628459 0.027780
0.555710 0.058363
0.574773 0.061226
0.563192 0.075563
0.531228 0.101882
0.555818 0.105861
0.576357 0.135923
0.563884 0.216392
0.546964 0.230018
0.530246 0.243922
0.693825 0.353084
0.676843 0.356718
0.637360 0.350414
0.683209 0.000265
0.583704 0.000366
0.608488 0.000332
0.589630 0.042366
0.549388 0.089911
0.584904 0.077394
0.576039 0.107589
0.577366 0.200795
0.594163 0.189978
0.566634 0.234234
0.526723 0.202363
0.522520 0.319500
0.502431 0.306232
0.455814 0.313355
0.691500 0.000373
0.625093 0.000555
0.646971 0.027712
0.622781 0.076178
0.592993 0.059559
0.572022 0.090965
0.588088 0.119751
0.576199 0.181813
0.604518 0.150145
0.616210 0.163272
0.530276 0.280875
0.617065 0.197535
0.553285 0.280390
0.560609 0.265899
0.694504 0.336171
0.708233 0.000721
0.635719 0.040174
0.631222 0.094338
0.621067 0.052871
0.609009 0.063639
0.602785 0.080876
0.592746 0.097373
0.592189 0.168153
0.602281 0.229184
0.608631 0.179572
0.607178 0.250897
0.848170 0.383756
0.454576 0.236944
0.824652 0.360894
0.716626 0.000014
0.649941 0.000314
0.662380 0.027239
0.637338 0.059491
0.612962 0.095228
0.606346 0.112792
0.584759 0.151108
0.617778 0.129527
0.626001 0.146476
0.615224 0.217365
0.582903 0.220550
0.544427 0.315581
0.523805 0.299539
0.552632 0.248247
0.578308 0.334925
0.725008 0.000217
0.683274 0.026105
0.653533 0.045611
0.654624 0.064509
0.640410 0.077325
0.599673 0.133013
0.636942 0.127484
0.635183 0.165943
0.629086 0.182851
0.587770 0.240575
0.687962 0.325416
0.610381 0.336137
0.683267 0.360930
0.477655 0.307644
0.741764 0.000287
0.674895 0.000064
0.694559 0.036300
0.672856 0.037521
0.671219 0.054779
0.657397 0.085774
0.626384 0.111822
0.644655 0.144345
0.632908 0.209904
0.620412 0.238991
0.630026 0.285923
0.628874 0.261227
0.585847 0.321950
0.813512 0.372643
0.798806 0.339169
0.750066 0.000509
0.705349 0.025673
0.689602 0.052516
0.687126 0.069472
0.670154 0.073923
0.647795 0.100177
0.650219 0.116384
0.651521 0.218101
0.636705 0.228488
0.615988 0.272137
0.594931 0.263383
0.561164 0.318322
0.649102 0.313992
0.829055 0.386853
0.758449 0.000832
0.699834 0.000236
0.721906 0.027260
0.707030 0.058764
0.686409 0.087903
0.670626 0.096913
0.661007 0.131417
0.651773 0.161791
0.642891 0.194575
0.665961 0.227874
0.583586 0.274439
0.629593 0.299290
0.571320 0.288930
0.726499 0.315227
0.850890 0.371018
0.766869 0.000979
0.737180 0.025865
0.713087 0.041899
0.703725 0.075932
0.669758 0.113381
0.680430 0.128534
0.665956 0.148355
0.660914 0.201007
0.637918 0.247783
0.655494 0.261749
0.642101 0.326002
0.603833 0.285486
0.893078 0.454707
0.663838 0.321648
0.775339 0.000397
0.733374 0.000754
0.749701 0.031406
0.720084 0.080352
0.688503 0.108612
0.697001 0.136117
0.683288 0.149581
0.654784 0.181093
0.656731 0.243283
0.601862 0.314093
0.675803 0.255351
0.672610 0.291833
0.673061 0.272786
0.769386 0.353496
0.673698 0.309385
0.792384 0.000976
0.748649 0.050406
0.731616 0.043531
0.702770 0.095079
0.702133 0.118321
0.701795 0.155965
0.670694 0.168646
0.674158 0.188370
0.647163 0.275705
0.709888 0.292667
0.713950 0.277472
0.595904 0.297919
0.691696 0.288001
0.619863 0.312256
0.800878 0.000257
0.762860 0.024602
0.723847 0.060398
0.735238 0.086048
0.720116 0.121147
0.715280 0.139778
0.719904 0.158592
0.688186 0.169981
0.676537 0.213647
0.690893 0.205620
0.653342 0.292414
0.692528 0.267160
0.765459 0.341561
0.780026 0.305159
0.711218 0.322336
0.809462 0.000356
0.769938 0.058481
0.753713 0.067728
0.716793 0.102404
0.738120 0.123673
0.733443 0.142529
0.735281 0.164258
0.693697 0.188978
0.727252 0.221985
0.733899 0.262032
0.736224 0.303977
0.696646 0.306060
0.754167 0.314868
0.723644 0.348051
0.826698 0.000490
0.783836 0.000652
0.764731 0.041866
0.737925 0.067201
0.751987 0.090020
0.733726 0.104613
0.753760 0.128877
0.708054 0.176788
0.708522 0.215308
0.682409 0.237370
0.696578 0.228096
0.751546 0.252010
0.749509 0.272297
0.825889 0.336864
0.880616 0.442823
0.835286 0.000182
0.779197 0.024757
0.782177 0.039971
0.766252 0.079399
0.772220 0.095632
0.752233 0.107105
0.724576 0.183539
0.742362 0.183171
0.712935 0.196940
0.744536 0.222795
0.715304 0.257931
0.733198 0.241491
0.831832 0.426330
0.768018 0.317234
0.843950 0.000634
0.818039 0.000537
0.795621 0.024768
0.788860 0.055204
0.781697 0.073154
0.786596 0.105213
0.767748 0.114809
0.768384 0.137717
0.750328 0.148055
0.699195 0.249372
0.716276 0.237177
0.729836 0.280410
0.780744 0.285479
0.863880 0.327649
0.832019 0.418124
0.861366 0.000028
0.812440 0.024482
0.801078 0.039745
0.799508 0.070589
0.791728 0.087808
0.809304 0.090140
0.782414 0.124144
0.770248 0.156998
0.732463 0.203531
0.751128 0.200025
0.762026 0.214354
0.757902 0.234107
0.753314 0.298016
0.764611 0.285298
0.870105 0.000212
0.852617 0.000398
0.829200 0.023826
0.819661 0.039325
0.808574 0.055835
0.827001 0.054055
0.803854 0.107159
0.798695 0.125798
0.784717 0.145079
0.754031 0.166734
0.762366 0.184507
0.777307 0.222620
0.772744 0.247083
0.768120 0.264541
0.818935 0.317194
0.887743 0.000752
0.862830 0.023876
0.846633 0.024346
0.838621 0.038327
0.817130 0.073145
0.827538 0.088074
0.821899 0.106986
0.802154 0.144051
0.791845 0.162166
0.775942 0.174425
0.774616 0.198617
0.787520 0.239603
0.798423 0.257028
0.857582 0.446652
0.896636 0.000725
0.878960 0.000252
0.880110 0.023995
0.857271 0.039951
0.845758 0.054091
0.833625 0.069806
0.851350 0.072676
0.838652 0.104405
0.815609 0.124232
0.834911 0.124815
0.789690 0.183573
0.789429 0.208063
0.830498 0.209693
0.837582 0.311892
0.882520 0.408169
0.905529 0.000796
0.914789 0.024501
0.873428 0.039755
0.878081 0.057368
0.862543 0.059088
0.867300 0.078488
0.845813 0.087973
0.850319 0.117219
0.856001 0.134228
0.802680 0.193537
0.821673 0.140159
0.799929 0.224246
0.807182 0.241841
0.786753 0.265479
0.914422 0.000179
0.923380 0.000399
0.924690 0.039872
0.897577 0.023859
0.890069 0.038865
0.883329 0.074369
0.893257 0.090512
0.859367 0.097599
0.867467 0.114690
0.840177 0.143693
0.867150 0.148525
0.809373 0.161796
0.812100 0.208217
0.879633 0.421621
0.856591 0.346206
0.932286 0.000611
0.931999 0.024564
0.906913 0.039539
0.894273 0.056906
0.917927 0.076622
0.876402 0.094020
0.884206 0.110438
0.875228 0.130843
0.888678 0.144979
0.826087 0.156621
0.834334 0.170784
0.844527 0.185308
0.824020 0.188934
0.822901 0.301594
0.941229 0.000124
0.949645 0.024670
0.941829 0.039280
0.910315 0.057646
0.901079 0.074625
0.911136 0.093680
0.893432 0.125986
0.909467 0.129887
0.908098 0.148517
0.850727 0.157266
0.885514 0.178744
0.857338 0.172657
0.811806 0.178158
0.819192 0.226729
0.845561 0.330197
0.950321 0.000063
0.943096 0.056355
0.926307 0.058036
0.934086 0.074890
0.943961 0.089731
0.902709 0.108762
0.925522 0.158287
0.894062 0.161845
0.901557 0.184890
0.914156 0.197262
0.944917 0.214174
0.867310 0.186340
0.845276 0.200147
0.865968 0.377807
0.959337 0.000140
0.967649 0.023792
0.960859 0.039941
0.952150 0.072586
0.960331 0.123264
0.927190 0.095376
0.919917 0.115661
0.875419 0.162892
0.943140 0.187228
0.911683 0.168731
0.932490 0.202376
0.846082 0.220909
0.932188 0.233862
0.872589 0.317841
0.881865 0.198522
0.968183 0.000261
0.977141 0.033743
0.961661 0.058172
0.950203 0.105598
0.958795 0.159307
0.940750 0.168304
0.941947 0.148880
0.920292 0.222798
0.873685 0.259558
0.895562 0.207062
0.968404 0.215400
0.890567 0.359677
0.814566 0.274631
0.840701 0.248172
0.977090 0.000302
0.998900 0.001490
0.976521 0.052298
0.978024 0.114360
0.935562 0.113549
0.942815 0.129166
0.956101 0.198919
0.976695 0.184610
0.975975 0.229070
0.906465 0.219003
0.937659 0.246282
0.881979 0.232562
0.874057 0.411795
0.821845 0.256917
0.844277 0.423714
0.986712 0.000799
0.975435 0.070344
0.964217 0.084045
0.976619 0.133244
0.959513 0.141771
0.926564 0.137011
0.913059 0.250781
0.858116 0.252953
0.999286 0.256125
0.903953 0.253676
0.863198 0.296564
0.954980 0.231566
0.865949 0.351243
0.798671 0.301096
0.999386 0.015417
0.999474 0.044264
0.978025 0.091289
0.966661 0.103406
0.999869 0.105725
0.999094 0.183152
0.999936 0.138028
0.999886 0.149075
0.969368 0.248865
0.993096 0.261629
0.949555 0.250514
0.875259 0.217071
0.860567 0.274998
0.999617 0.229474
0.830754 0.288664
0.999416 0.000417
0.999455 0.054437
0.999455 0.074405
0.999811 0.095200
0.999851 0.116387
0.977763 0.167845
0.977066 0.201172
0.901137 0.238415
0.999608 0.241487
0.999634 0.194560
0.977587 0.259132
0.851110 0.284135
0.802836 0.283410
0.870420 0.300262
0.999597 0.025215
0.999612 0.034570
0.999121 0.064385
0.999931 0.084606
0.977380 0.150178
0.999439 0.127124
0.999417 0.206241
0.925285 0.181954
0.999311 0.217836
0.999784 0.160241
0.999577 0.171607
0.835534 0.268634
0.879557 0.249324
0.882479 0.379396
0.890927 0.362988
