0.000624 0.025074
0.000172 0.062736
0.000920 0.092619
0.000521 0.123439
0.000375 0.134027
0.101234 0.255120
0.000923 0.176882
0.000178 0.188079
0.022198 0.266792
0.145621 0.292230
0.136812 0.356257
0.116253 0.246320
0.071420 0.227374
0.166690 0.316879
0.001322 0.015258
0.000403 0.043420
0.001021 0.072615
0.022361 0.051730
0.023715 0.200361
0.000769 0.199621
0.000143 0.165989
0.002563 0.275947
0.000829 0.235296
0.000114 0.248268
0.039092 0.250736
0.051914 0.255156
0.130467 0.292926
0.137447 0.249346
0.165122 0.275157
0.000598 0.001391
0.000561 0.053070
0.000402 0.082605
0.000782 0.102743
0.000558 0.112933
0.000489 0.211401
0.000129 0.155255
0.015022 0.275197
0.000634 0.223007
0.118296 0.282389
0.065427 0.252611
0.128530 0.263777
0.162179 0.301757
0.138190 0.349316
0.000448 0.000760
0.021335 0.023915
0.026076 0.037846
0.023126 0.086628
0.024867 0.163135
0.065553 0.170682
0.038517 0.153068
0.000854 0.260966
0.087106 0.219726
0.052700 0.199762
0.050836 0.215348
0.113890 0.274186
0.077552 0.250706
0.093242 0.246334
0.151872 0.334503
0.011960 0.000814
0.041658 0.038273
0.000327 0.034234
0.021719 0.068793
0.000602 0.144528
0.039119 0.188536
0.043031 0.169740
0.062419 0.187056
0.025403 0.228469
0.081133 0.189756
0.053707 0.233398
0.133325 0.210230
0.103079 0.226440
0.139016 0.373178
0.030357 0.000190
0.021591 0.000614
0.055296 0.055897
0.038596 0.056208
0.023718 0.181519
0.021980 0.122632
0.052255 0.136744
0.056006 0.156025
0.072580 0.207897
0.100607 0.185678
0.109885 0.174035
0.096309 0.205173
0.132136 0.315863
0.133809 0.321173
0.170589 0.330221
0.038963 0.000618
0.053175 0.025932
0.037823 0.072299
0.049839 0.100587
0.035946 0.129514
0.037870 0.111825
0.075503 0.156165
0.135519 0.163439
0.031488 0.213504
0.086179 0.172649
0.023998 0.244279
0.123150 0.227912
0.115323 0.209112
0.147189 0.273655
0.047530 0.000815
0.037145 0.022049
0.066892 0.023691
0.060691 0.040563
0.039218 0.088469
0.063253 0.089471
0.023518 0.143640
0.069722 0.137914
0.118671 0.157351
0.097148 0.157641
0.118751 0.193165
0.169504 0.209251
0.154262 0.221870
0.196603 0.270422
0.170421 0.349719
0.056129 0.000451
0.082178 0.023846
0.079320 0.038609
0.053888 0.074237
0.069766 0.073520
0.023027 0.103340
0.067664 0.109391
0.054809 0.120000
0.175837 0.177358
0.129728 0.181400
0.144991 0.187979
0.177208 0.225114
0.142199 0.232808
0.185968 0.244004
0.064623 0.000440
0.073228 0.000816
0.097686 0.023856
0.090080 0.051893
0.071595 0.054683
0.083967 0.069036
0.090572 0.108238
0.079338 0.095642
0.088058 0.141979
0.155170 0.173864
0.198555 0.225368
0.148452 0.203433
0.177359 0.259687
0.164675 0.239056
0.158507 0.375154
0.081888 0.000609
0.113130 0.024031
0.119374 0.038274
0.110381 0.052664
0.100480 0.066464
0.090042 0.084775
0.077903 0.121610
0.095307 0.127332
0.107969 0.144450
0.167718 0.158483
0.165215 0.190581
0.186745 0.190536
0.201615 0.252962
0.174805 0.364192
0.090558 0.000326
0.107798 0.000566
0.130213 0.023356
0.099729 0.038583
0.118183 0.070851
0.107591 0.083653
0.106262 0.099952
0.109398 0.116976
0.119520 0.130578
0.131614 0.144674
0.185625 0.161196
0.188158 0.208361
0.238138 0.287688
0.178857 0.282508
0.143177 0.397543
0.099175 0.000064
0.135844 0.038997
0.127814 0.055539
0.134295 0.073902
0.141656 0.092152
0.124722 0.090262
0.124082 0.107599
0.135692 0.125026
0.149845 0.139049
0.149570 0.155695
0.204651 0.186975
0.222780 0.248394
0.216482 0.268254
0.158749 0.253802
0.116402 0.000819
0.142136 0.000798
0.146509 0.022876
0.144944 0.055922
0.150583 0.073136
0.158599 0.089113
0.141865 0.109763
0.173044 0.128109
0.170601 0.143211
0.192422 0.145938
0.199243 0.170933
0.205553 0.207486
0.234006 0.265599
0.226162 0.310021
0.183172 0.298228
0.124948 0.000328
0.152118 0.038561
0.161315 0.059087
0.170164 0.075237
0.187753 0.077021
0.160238 0.105786
0.156220 0.122910
0.191542 0.129067
0.219246 0.171093
0.220238 0.195615
0.224326 0.222642
0.209764 0.235208
0.235356 0.348443
0.219716 0.343965
0.133533 0.000826
0.176385 0.000964
0.162913 0.024907
0.178847 0.059050
0.177045 0.092717
0.177192 0.110773
0.208516 0.133890
0.209229 0.154284
0.230929 0.207457
0.233338 0.159847
0.235443 0.237634
0.251955 0.271651
0.196628 0.363226
0.201121 0.288616
0.189420 0.316810
0.150770 0.000212
0.167476 0.042465
0.194442 0.058226
0.194684 0.095208
0.194682 0.112358
0.223591 0.125234
0.224058 0.145162
0.248132 0.174415
0.232819 0.183014
0.249833 0.252141
0.259872 0.288503
0.221279 0.286293
0.166021 0.396755
0.147823 0.424597
0.159336 0.000997
0.177851 0.023738
0.183023 0.039639
0.198995 0.040813
0.211825 0.092826
0.210804 0.112069
0.241387 0.140406
0.265917 0.170937
0.249751 0.192271
0.247478 0.211665
0.266984 0.263268
0.244952 0.306019
0.237482 0.325640
0.215270 0.327555
0.145949 0.423415
0.167855 0.000620
0.215516 0.040453
0.203303 0.075661
0.237599 0.074764
0.219711 0.075545
0.227416 0.106695
0.264747 0.201826
0.274226 0.184888
0.250653 0.229305
0.259623 0.314060
0.254922 0.335199
0.252262 0.358021
0.233116 0.368408
0.172204 0.418056
0.184928 0.000350
0.193757 0.024117
0.231992 0.041015
0.211340 0.058034
0.251436 0.088589
0.230579 0.090680
0.252212 0.155704
0.284427 0.166061
0.265512 0.238637
0.297676 0.287206
0.297860 0.246329
0.216718 0.367722
0.246769 0.401102
0.205858 0.394038
0.182136 0.419812
0.193461 0.000387
0.209155 0.024503
0.249200 0.041480
0.256057 0.072907
0.245120 0.104172
0.240902 0.122636
0.269740 0.151990
0.291506 0.214874
0.285618 0.270579
0.277943 0.288592
0.277861 0.305450
0.265824 0.371067
0.209619 0.305120
0.199055 0.330306
0.201956 0.000739
0.252683 0.000286
0.224804 0.024500
0.227987 0.058412
0.265268 0.098840
0.257475 0.117464
0.258527 0.136302
0.276548 0.132356
0.302920 0.195375
0.269199 0.218997
0.293792 0.321840
0.273808 0.327483
0.271051 0.347344
0.210302 0.417692
0.179696 0.394970
0.210423 0.000789
0.240633 0.025376
0.266584 0.040192
0.271497 0.080186
0.282576 0.094427
0.273514 0.115542
0.303532 0.161622
0.284160 0.198403
0.311531 0.210503
0.284982 0.230101
0.314511 0.317247
0.283228 0.360208
0.282219 0.388042
0.191163 0.347789
0.218898 0.000799
0.286279 0.000225
0.256336 0.025468
0.245277 0.058215
0.290674 0.077598
0.289541 0.110411
0.287109 0.146785
0.303524 0.142794
0.296373 0.178675
0.341296 0.206221
0.314738 0.252488
0.279611 0.251690
0.304564 0.360854
0.327512 0.340252
0.247793 0.384515
0.227388 0.000243
0.272878 0.025739
0.279750 0.064484
0.263691 0.057788
0.308007 0.109835
0.295335 0.126634
0.314129 0.126617
0.321023 0.165455
0.316619 0.181433
0.349476 0.239941
0.300975 0.303824
0.332358 0.268872
0.193298 0.378856
0.274134 0.387788
0.235819 0.000074
0.311336 0.000557
0.282051 0.046906
0.308503 0.075204
0.300873 0.093398
0.325976 0.109485
0.344387 0.115243
0.320687 0.146657
0.325693 0.198264
0.355393 0.152191
0.327369 0.220309
0.305854 0.229557
0.303951 0.267088
0.222483 0.387925
0.301308 0.382064
0.244270 0.000496
0.287629 0.026179
0.315981 0.059802
0.318279 0.091110
0.327937 0.075416
0.336030 0.095366
0.351897 0.133164
0.339121 0.163971
0.355749 0.171886
0.336767 0.182059
0.318321 0.279521
0.332058 0.316367
0.197564 0.418704
0.294277 0.339420
0.261115 0.000402
0.336339 0.000643
0.297826 0.059587
0.333845 0.058999
0.345659 0.080330
0.354276 0.099483
0.363159 0.115658
0.331269 0.128090
0.337755 0.145091
0.352468 0.191608
0.363039 0.205513
0.342647 0.283315
0.368760 0.239771
0.439576 0.349187
0.353612 0.259653
0.269546 0.000211
0.296202 0.040238
0.312711 0.042490
0.370734 0.068246
0.362967 0.084181
0.375117 0.099933
0.391271 0.150816
0.371483 0.130543
0.373215 0.147238
0.372648 0.165496
0.325782 0.236368
0.342944 0.376451
0.803804 0.310532
0.240919 0.404953
0.277915 0.000481
0.361260 0.000477
0.349704 0.063637
0.330223 0.041408
0.363148 0.053510
0.394238 0.095799
0.384316 0.116130
0.419559 0.105770
0.411596 0.144305
0.387322 0.173750
0.371188 0.186077
0.381981 0.203177
0.367565 0.222484
0.347523 0.222921
0.370449 0.362503
0.294614 0.000527
0.305099 0.025556
0.337470 0.025967
0.378964 0.043326
0.382452 0.082598
0.401681 0.111958
0.391981 0.133312
0.403919 0.162588
0.423537 0.159573
0.394429 0.189802
0.386885 0.220580
0.412528 0.239011
0.220456 0.411590
0.355600 0.359000
0.302973 0.000780
0.321042 0.026374
0.364622 0.033316
0.385882 0.059324
0.410853 0.089605
0.450640 0.089953
0.427895 0.124050
0.410462 0.126775
0.438198 0.106581
0.403316 0.206243
0.447561 0.210312
0.425902 0.211301
0.397363 0.253826
0.373919 0.255705
0.334618 0.252286
0.319677 0.000581
0.347706 0.042897
0.377792 0.025558
0.396656 0.041002
0.416505 0.041364
0.416146 0.072795
0.456436 0.107982
0.450884 0.143079
0.429522 0.177818
0.410242 0.179346
0.420131 0.194935
0.380946 0.289869
0.338000 0.377658
0.322175 0.296887
0.328010 0.000632
0.402586 0.000526
0.353473 0.025386
0.393977 0.025732
0.397536 0.073786
0.436224 0.073713
0.430437 0.089620
0.446254 0.124737
0.431484 0.141975
0.441176 0.194502
0.462573 0.158719
0.363076 0.274204
0.383192 0.271529
0.325300 0.363034
0.377255 0.360431
0.344652 0.000115
0.435560 0.040368
0.405045 0.057060
0.443043 0.057440
0.474059 0.081000
0.477012 0.113827
0.449453 0.177266
0.442591 0.159838
0.456715 0.314123
0.389331 0.238434
0.407221 0.222826
0.419828 0.253904
0.374650 0.337272
0.309780 0.378681
0.352990 0.000535
0.410818 0.000165
0.476679 0.000599
0.443656 0.025631
0.410040 0.026654
0.492930 0.083594
0.470251 0.096334
0.490558 0.100206
0.469072 0.176176
0.464726 0.127233
0.406444 0.318529
0.438139 0.242278
0.342491 0.301400
0.369443 0.307356
0.443131 0.274741
0.369497 0.000821
0.460182 0.000696
0.426327 0.026280
0.424726 0.057755
0.508530 0.131591
0.532948 0.140688
0.486845 0.130192
0.483476 0.159292
0.462409 0.193496
0.359163 0.293850
0.311174 0.340230
0.747482 0.337717
0.519890 0.336174
0.386251 0.316431
0.377714 0.000563
0.451962 0.000937
0.484905 0.000524
0.486270 0.052146
0.520858 0.040973
0.538568 0.179953
0.516634 0.176150
0.516629 0.148855
0.574955 0.243912
0.396475 0.338145
0.563384 0.330392
0.958877 0.178685
0.506790 0.274092
0.410338 0.352481
0.347708 0.326857
0.419016 0.000006
0.468449 0.000161
0.608829 0.039837
0.455333 0.073929
0.460043 0.055263
0.507273 0.204587
0.504107 0.164242
0.472792 0.143060
0.493603 0.232776
0.430437 0.227205
0.489048 0.341225
0.366547 0.326410
0.441651 0.332033
0.342840 0.342368
0.394292 0.000909
0.435436 0.000607
0.509682 0.000519
0.462610 0.025385
0.597866 0.199927
0.511721 0.075489
0.625763 0.323662
0.487809 0.176846
0.417872 0.303952
0.468465 0.210882
0.862372 0.228741
0.661924 0.332775
0.757289 0.345413
0.403076 0.354891
0.652261 0.340350
0.534323 0.000555
0.501434 0.000566
0.427223 0.000394
0.142398 0.387776
0.474056 0.064745
0.498928 0.115511
0.401274 0.271873
0.573591 0.291563
0.482745 0.246999
0.771391 0.346940
0.836613 0.229929
0.486665 0.303081
0.792677 0.328921
0.466618 0.330372
0.600291 0.000814
0.550819 0.000742
0.386003 0.000207
0.493163 0.000844
0.528885 0.027360
0.473740 0.040585
0.510681 0.093046
0.545856 0.153823
0.473407 0.228082
0.899698 0.449255
0.396594 0.298668
0.434084 0.351063
0.474616 0.336789
0.420440 0.328011
0.556952 0.329829
0.592023 0.000151
0.517908 0.000079
0.443700 0.000055
0.495411 0.026169
0.454366 0.038556
0.862413 0.202635
0.737131 0.323689
0.599057 0.337331
0.834504 0.367559
0.507951 0.310276
0.873428 0.441034
0.503878 0.339605
0.492108 0.324832
0.515898 0.256997
0.616869 0.000590
0.567312 0.000443
0.498923 0.040251
0.526120 0.000733
0.494808 0.067143
0.509214 0.055305
0.525174 0.063151
0.496269 0.146048
0.529205 0.162874
0.482607 0.195727
0.461178 0.245140
0.411901 0.284786
0.468406 0.263151
0.431745 0.290347
0.540274 0.317669
0.633436 0.000484
0.542574 0.000412
0.543598 0.026645
0.512027 0.026709
0.479682 0.026733
0.530337 0.080937
0.547056 0.129074
0.560643 0.140922
0.554679 0.168148
0.502239 0.188935
0.437282 0.311507
0.510463 0.241302
0.461149 0.281713
0.526845 0.331872
0.641715 0.000208
0.559072 0.000285
0.577947 0.026433
0.571038 0.040897
0.551430 0.040027
0.525159 0.123735
0.562818 0.118501
0.570024 0.156322
0.544054 0.199458
0.488674 0.213586
0.537019 0.250889
0.595073 0.337934
0.447830 0.257652
0.483119 0.275731
0.821336 0.335756
0.658214 0.000925
0.613349 0.025590
0.595515 0.025494
0.561130 0.026054
0.535927 0.048641
0.543719 0.068453
0.516040 0.108609
0.540862 0.112322
0.558174 0.186624
0.527799 0.213020
0.545604 0.283675
0.510739 0.222582
0.493299 0.259968
0.425923 0.268846
0.666521 0.000959
0.575562 0.000832
0.628798 0.026133
0.555813 0.056522
0.575247 0.058463
0.563581 0.072535
0.531705 0.097816
0.555912 0.101324
0.576465 0.129865
0.562717 0.206396
0.545821 0.220096
0.529946 0.233138
0.704588 0.341162
0.685655 0.340620
0.643283 0.335282
0.683151 0.000305
0.583791 0.000856
0.608624 0.000218
0.590248 0.039876
0.549283 0.086526
0.585075 0.074492
0.575266 0.103799
0.576645 0.193011
0.593385 0.182741
0.566537 0.225585
0.525028 0.193959
0.523096 0.305271
0.501010 0.291697
0.454191 0.299656
0.691514 0.000897
0.625194 0.000044
0.646758 0.025728
0.622949 0.071553
0.592355 0.056804
0.571787 0.087077
0.588165 0.114259
0.575441 0.173769
0.604088 0.144705
0.615761 0.157341
0.530384 0.268694
0.616487 0.190158
0.551578 0.268552
0.561207 0.254466
0.704663 0.325859
0.708178 0.000867
0.635552 0.039086
0.630034 0.090423
0.621722 0.050458
0.608419 0.061391
0.602432 0.077703
0.591945 0.093599
0.591596 0.161809
0.601596 0.221016
0.608450 0.173299
0.608131 0.242396
0.857680 0.375490
0.452815 0.227727
0.837875 0.350086
0.716545 0.000419
0.649948 0.000550
0.662447 0.025634
0.637721 0.057314
0.612293 0.090989
0.605949 0.107773
0.584921 0.145135
0.616252 0.123711
0.624286 0.140122
0.615973 0.210067
0.582689 0.212598
0.544762 0.301923
0.522678 0.285598
0.551253 0.237682
0.580081 0.320535
0.724887 0.000463
0.683422 0.023236
0.654115 0.041414
0.654743 0.060504
0.640480 0.074874
0.598614 0.128205
0.635721 0.122595
0.634669 0.158812
0.629584 0.175495
0.587419 0.231659
0.692286 0.312526
0.612998 0.322846
0.693477 0.344834
0.475112 0.294553
0.741678 0.000727
0.674797 0.000565
0.693979 0.034601
0.674282 0.035424
0.670817 0.051715
0.656876 0.080870
0.626255 0.106656
0.643441 0.138246
0.632274 0.201634
0.620723 0.230688
0.632109 0.275246
0.630046 0.253681
0.588185 0.307767
0.828162 0.361396
0.813612 0.328813
0.750009 0.000030
0.705169 0.024698
0.690138 0.050323
0.686833 0.066440
0.670441 0.070164
0.647339 0.096085
0.649547 0.111625
0.652032 0.210118
0.637472 0.221153
0.615427 0.262327
0.595381 0.253644
0.563570 0.304356
0.653451 0.301298
0.847982 0.378263
0.758422 0.000564
0.699831 0.000109
0.720775 0.026523
0.707114 0.056874
0.686342 0.084399
0.670135 0.092204
0.659931 0.125974
0.651566 0.154988
0.643122 0.187480
0.666131 0.221162
0.582810 0.264914
0.632832 0.290939
0.572123 0.276148
0.733395 0.305563
0.867569 0.365265
0.766968 0.000200
0.736077 0.024304
0.712560 0.041348
0.704450 0.073059
0.669189 0.108601
0.680166 0.123112
0.665598 0.141985
0.661434 0.193076
0.639117 0.239259
0.657091 0.253719
0.646890 0.314992
0.605592 0.274451
0.902104 0.452406
0.670359 0.312434
0.775495 0.000989
0.733290 0.000308
0.748641 0.031437
0.720481 0.077959
0.687554 0.104241
0.697424 0.129565
0.683642 0.142502
0.654814 0.173136
0.657746 0.234933
0.605505 0.302189
0.677714 0.246957
0.675672 0.282006
0.674421 0.264885
0.784408 0.344634
0.678490 0.299447
0.792561 0.000193
0.746650 0.047981
0.731207 0.041819
0.702131 0.091229
0.702364 0.113296
0.701246 0.150744
0.670592 0.160963
0.674444 0.180996
0.649664 0.266714
0.714600 0.286020
0.715787 0.269215
0.596188 0.286391
0.694292 0.278350
0.622774 0.300332
0.801068 0.000102
0.761138 0.023580
0.724395 0.058539
0.735823 0.083437
0.719234 0.116530
0.715151 0.134861
0.719204 0.153183
0.688237 0.162727
0.676411 0.205167
0.691879 0.199881
0.655788 0.282197
0.694591 0.259509
0.774146 0.329797
0.784140 0.298264
0.716033 0.311804
0.809629 0.000209
0.768026 0.056503
0.753444 0.064541
0.716915 0.097235
0.736263 0.118803
0.733010 0.137702
0.734598 0.158304
0.692232 0.181831
0.725950 0.216391
0.735110 0.255335
0.738746 0.293331
0.701534 0.296309
0.760026 0.310976
0.733917 0.335943
0.826856 0.000595
0.784041 0.000561
0.764268 0.040708
0.737945 0.066086
0.752183 0.086464
0.733741 0.101134
0.751785 0.124367
0.707952 0.169488
0.709409 0.207935
0.682447 0.230156
0.696082 0.221008
0.751763 0.244895
0.748711 0.267321
0.839453 0.327451
0.900039 0.438368
0.835486 0.000549
0.777859 0.024558
0.781266 0.038908
0.765491 0.076637
0.771064 0.092646
0.751347 0.103456
0.724283 0.178617
0.740504 0.177892
0.712374 0.191575
0.744676 0.217162
0.715459 0.250024
0.735877 0.235355
0.842667 0.417075
0.772736 0.309778
0.844232 0.001059
0.818212 0.000333
0.794760 0.024968
0.787396 0.054150
0.780216 0.069526
0.785440 0.102520
0.766085 0.110120
0.767004 0.131969
0.749796 0.143458
0.699606 0.242581
0.715403 0.230993
0.734062 0.275302
0.784548 0.278951
0.876393 0.317041
0.842994 0.413736
0.861699 0.000210
0.811117 0.024520
0.800028 0.039698
0.797718 0.070308
0.788809 0.085432
0.807331 0.087053
0.780451 0.119949
0.768547 0.151431
0.731597 0.198034
0.749398 0.194600
0.763284 0.209161
0.758449 0.227410
0.755792 0.290111
0.767384 0.276962
0.870468 0.000645
0.852936 0.000933
0.827623 0.024947
0.817587 0.039170
0.806376 0.055811
0.824607 0.054841
0.802586 0.102953
0.797751 0.120856
0.783956 0.139594
0.752827 0.161511
0.760961 0.180917
0.777934 0.216926
0.773312 0.240834
0.769087 0.257278
0.826922 0.309621
0.888119 0.000156
0.861690 0.024243
0.844281 0.024091
0.836478 0.038632
0.815134 0.071478
0.826125 0.086222
0.820599 0.103155
0.801645 0.138628
0.790544 0.157428
0.774147 0.167867
0.774278 0.192933
0.789958 0.234613
0.803491 0.251352
0.868672 0.440788
0.896983 0.000233
0.879309 0.000122
0.878798 0.023903
0.855217 0.039007
0.844018 0.053877
0.832854 0.068623
0.850533 0.070823
0.837966 0.101331
0.815299 0.119197
0.835059 0.120242
0.788880 0.176765
0.789121 0.200834
0.831336 0.204401
0.848776 0.308391
0.891635 0.402782
0.905847 0.000122
0.915238 0.023877
0.872129 0.039102
0.877278 0.056522
0.861616 0.057956
0.866689 0.077213
0.844414 0.085538
0.850848 0.112631
0.855720 0.130320
0.802994 0.188743
0.820668 0.134124
0.799376 0.217314
0.810047 0.234708
0.787811 0.259936
0.914799 0.000657
0.923697 0.000684
0.925227 0.038337
0.897559 0.024040
0.889597 0.037937
0.883149 0.073060
0.893254 0.090283
0.858872 0.095426
0.867944 0.112349
0.840273 0.138464
0.867748 0.144389
0.807788 0.155951
0.813229 0.203314
0.894355 0.414941
0.867610 0.338844
0.932550 0.000784
0.933273 0.023888
0.907523 0.039128
0.894090 0.056101
0.918542 0.075900
0.876231 0.092808
0.884382 0.108360
0.875563 0.128912
0.888470 0.141881
0.825623 0.151125
0.833029 0.165543
0.844678 0.179667
0.823906 0.184682
0.829799 0.293834
0.941496 0.000485
0.951387 0.023824
0.943140 0.038856
0.910842 0.056878
0.901305 0.073624
0.910761 0.093030
0.893809 0.125421
0.910291 0.129153
0.909378 0.145918
0.850100 0.152803
0.886362 0.174429
0.857535 0.167330
0.812062 0.171916
0.820645 0.221561
0.857242 0.318093
0.950534 0.000217
0.943561 0.055845
0.926606 0.056785
0.934982 0.074222
0.944291 0.089995
0.902840 0.107557
0.926091 0.156230
0.895485 0.159197
0.903636 0.182900
0.914840 0.197315
0.944512 0.214902
0.868217 0.182433
0.846038 0.196698
0.880914 0.372625
0.959593 0.000627
0.968381 0.023258
0.960874 0.038591
0.952736 0.071645
0.961098 0.121739
0.927591 0.094644
0.919573 0.114830
0.875205 0.160999
0.942757 0.186649
0.912446 0.166808
0.931738 0.203997
0.848415 0.216335
0.931143 0.236344
0.881316 0.309426
0.881954 0.194610
0.968424 0.000465
0.977988 0.033356
0.961941 0.056630
0.950138 0.105268
0.958140 0.159931
0.940566 0.168191
0.942192 0.147302
0.921534 0.220481
0.879847 0.262344
0.896177 0.204817
0.967505 0.216308
0.900038 0.351606
0.817516 0.268074
0.843462 0.244930
0.977285 0.000011
0.999307 0.001080
0.977183 0.051821
0.977621 0.113203
0.934994 0.112547
0.943038 0.128105
0.956869 0.200183
0.975564 0.185411
0.978252 0.230882
0.905052 0.217453
0.933535 0.250906
0.881380 0.228798
0.886815 0.404813
0.824275 0.250660
0.852850 0.421314
0.986799 0.000256
0.976184 0.069365
0.964072 0.082197
0.976112 0.131509
0.958984 0.141366
0.926640 0.136194
0.912861 0.252206
0.859185 0.247874
0.999042 0.258087
0.903552 0.256644
0.871966 0.288116
0.954326 0.229736
0.876731 0.343410
0.803704 0.294202
0.999192 0.015430
0.999386 0.044177
0.978451 0.089099
0.966067 0.102269
0.999848 0.105455
0.999569 0.183030
0.999370 0.137884
0.999833 0.148860
0.963349 0.246364
0.987808 0.260011
0.946977 0.251126
0.877895 0.214438
0.869235 0.266419
0.999855 0.231311
0.836586 0.280502
0.999134 0.001268
0.999341 0.054348
0.999506 0.074313
0.999140 0.094977
0.999581 0.116214
0.976085 0.166975
0.978029 0.203056
0.901322 0.238480
0.999480 0.244404
0.999849 0.194866
0.972706 0.255451
0.855921 0.280502
0.805629 0.277134
0.880606 0.294223
0.999020 0.025086
0.999442 0.034484
0.999522 0.064321
0.999845 0.084475
0.975129 0.149997
0.999556 0.127057
0.999210 0.207006
0.924360 0.181750
0.999401 0.219035
0.999787 0.160044
0.999719 0.171415
0.839520 0.263620
0.883158 0.248858
0.894369 0.369893
0.900584 0.357999
