0.000224 0.009140
0.000668 0.045311
0.000091 0.076048
0.000919 0.117454
0.000614 0.147160
0.000256 0.181927
0.000043 0.210566
0.000235 0.238098
0.001510 0.262343
0.002048 0.298907
0.000518 0.336811
0.004333 0.361045
0.002252 0.395432
0.001148 0.429553
0.005890 0.000927
0.000339 0.021919
0.000632 0.055623
0.000938 0.096753
0.000504 0.127595
0.000613 0.167818
0.000446 0.196268
0.000342 0.225918
0.000851 0.250619
0.001916 0.270800
0.008033 0.302429
0.000520 0.344679
0.004598 0.368735
0.002407 0.396365
0.024022 0.418291
0.000206 0.000107
0.000254 0.033006
0.000816 0.066035
0.000693 0.086248
0.000380 0.107057
0.001478 0.138879
0.001031 0.158115
0.014384 0.180887
0.015304 0.203450
0.021450 0.233838
0.015837 0.274187
0.019052 0.307982
0.017992 0.350380
0.002668 0.429965
0.020347 0.000133
0.020173 0.016719
0.014830 0.037167
0.017795 0.063443
0.019801 0.087864
0.019701 0.113647
0.025463 0.135267
0.022857 0.162749
0.028484 0.191242
0.026230 0.216962
0.027507 0.249339
0.029370 0.287421
0.029336 0.329382
0.031933 0.370441
0.033563 0.405998
0.031475 0.000665
0.029484 0.029694
0.027331 0.049295
0.030538 0.074250
0.028596 0.099207
0.031888 0.122045
0.033245 0.148122
0.036397 0.171679
0.038647 0.201564
0.041941 0.227987
0.042307 0.261345
0.040722 0.302669
0.038719 0.340796
0.035255 0.381376
0.045323 0.000516
0.040126 0.009652
0.039805 0.036850
0.037395 0.060843
0.042018 0.084214
0.043881 0.106479
0.045215 0.130766
0.046817 0.155123
0.048694 0.181442
0.049749 0.211194
0.051107 0.241664
0.051110 0.278146
0.048777 0.320908
0.049573 0.362058
0.040010 0.401818
0.056149 0.000227
0.049285 0.023647
0.051099 0.047325
0.050916 0.070137
0.054741 0.093412
0.056470 0.116555
0.058492 0.140696
0.060611 0.166853
0.061173 0.194109
0.059826 0.223046
0.056895 0.256646
0.058266 0.296170
0.057322 0.341856
0.058746 0.387251
0.067118 0.000529
0.064956 0.016655
0.062233 0.035847
0.063123 0.057814
0.064909 0.078854
0.066633 0.103779
0.068457 0.127379
0.069761 0.152143
0.072218 0.179633
0.072815 0.206486
0.071401 0.236640
0.068798 0.274262
0.069337 0.315180
0.069713 0.355627
0.069964 0.397863
0.077508 0.000746
0.076262 0.026770
0.074737 0.047392
0.076426 0.068856
0.078720 0.090404
0.080441 0.114003
0.081404 0.138224
0.082190 0.164271
0.082351 0.192750
0.083000 0.221064
0.082081 0.255232
0.078487 0.295393
0.077397 0.338724
0.079076 0.384201
0.088234 0.000526
0.088849 0.016511
0.088235 0.036893
0.087545 0.057909
0.089653 0.078931
0.091161 0.102438
0.092826 0.126167
0.093858 0.150445
0.094243 0.177663
0.093684 0.205879
0.093228 0.235214
0.091717 0.270577
0.088230 0.312247
0.086210 0.355606
0.086598 0.400645
0.098667 0.000283
0.101224 0.027168
0.101068 0.047656
0.101611 0.068924
0.102909 0.090609
0.103873 0.114025
0.104940 0.138304
0.105482 0.163939
0.105523 0.191809
0.103808 0.220445
0.099709 0.254522
0.098135 0.295455
0.099466 0.339320
0.097279 0.388084
0.109085 0.000803
0.113622 0.017287
0.113351 0.037613
0.113814 0.058579
0.115022 0.079146
0.116123 0.102679
0.116684 0.126071
0.116848 0.150608
0.116661 0.177698
0.116291 0.205059
0.113200 0.232771
0.110112 0.269604
0.108174 0.311049
0.104983 0.352860
0.107674 0.399745
0.119681 0.000440
0.126250 0.026628
0.126397 0.048372
0.126620 0.069738
0.127810 0.090976
0.128815 0.114432
0.129065 0.137840
0.128667 0.163422
0.127606 0.191741
0.125591 0.219779
0.122946 0.254555
0.119416 0.294643
0.117760 0.339827
0.118238 0.392845
0.129820 0.000310
0.139335 0.017279
0.138848 0.037684
0.139566 0.058954
0.140075 0.079649
0.140586 0.103314
0.140958 0.126191
0.140966 0.149892
0.140374 0.176733
0.138330 0.203913
0.135025 0.230901
0.130282 0.265971
0.127084 0.307945
0.127468 0.352304
0.131130 0.405221
0.140438 0.000410
0.152104 0.027126
0.152274 0.047903
0.152923 0.069682
0.153386 0.091312
0.153386 0.114532
0.152955 0.137920
0.152362 0.163027
0.150645 0.190434
0.146939 0.218108
0.141593 0.252577
0.139023 0.293870
0.136936 0.341162
0.138914 0.391231
0.150564 0.000378
0.164721 0.017791
0.164470 0.038093
0.165364 0.058487
0.166095 0.079686
0.166360 0.103108
0.165791 0.125793
0.164620 0.149537
0.162692 0.175540
0.160591 0.201814
0.155771 0.229069
0.150690 0.264180
0.147047 0.305775
0.148451 0.352535
0.146547 0.404256
0.160846 0.000246
0.177847 0.027179
0.178096 0.048274
0.178311 0.069623
0.178889 0.091127
0.178651 0.114337
0.177857 0.137100
0.175679 0.161589
0.172533 0.189364
0.169109 0.216074
0.164466 0.249790
0.159893 0.293585
0.157871 0.342974
0.158259 0.397986
0.171203 0.000372
0.190085 0.017438
0.190572 0.037792
0.191249 0.058558
0.191393 0.079657
0.191053 0.102912
0.190675 0.125586
0.188866 0.148514
0.186075 0.174154
0.183204 0.199833
0.178329 0.227142
0.170977 0.260050
0.169341 0.302232
0.168513 0.351481
0.172727 0.404654
0.181290 0.000861
0.203440 0.026950
0.204172 0.048201
0.204203 0.069239
0.203785 0.090641
0.203213 0.114099
0.201879 0.136652
0.199388 0.160495
0.196691 0.187464
0.191161 0.214486
0.184490 0.248008
0.180051 0.293536
0.179458 0.344894
0.178334 0.393097
0.191773 0.000253
0.215584 0.017274
0.216004 0.037148
0.217245 0.057999
0.216729 0.079062
0.215943 0.102234
0.215043 0.124908
0.212653 0.147339
0.209785 0.173466
0.206616 0.198155
0.201497 0.224497
0.194898 0.254794
0.190914 0.300358
0.190419 0.351068
0.189756 0.407076
0.201823 0.000893
0.229000 0.027224
0.229965 0.047434
0.229664 0.068580
0.228956 0.089674
0.227862 0.113728
0.226230 0.135324
0.224443 0.159946
0.220639 0.187710
0.214270 0.210963
0.208353 0.246972
0.203951 0.293601
0.201505 0.344177
0.200057 0.394090
0.212250 0.000246
0.240943 0.016407
0.242340 0.036503
0.243049 0.057211
0.242221 0.078129
0.240902 0.101369
0.239290 0.123303
0.237300 0.146896
0.235654 0.172795
0.230831 0.196558
0.226221 0.220600
0.221053 0.248085
0.215357 0.296926
0.211649 0.349911
0.208027 0.404892
0.222496 0.000738
0.254784 0.026475
0.256279 0.046759
0.255830 0.067390
0.254157 0.088295
0.252610 0.112095
0.250638 0.133508
0.248801 0.159989
0.244910 0.185845
0.237924 0.210201
0.232970 0.246906
0.227818 0.291396
0.224051 0.344061
0.220666 0.395993
0.232861 0.000466
0.267780 0.015798
0.268706 0.035844
0.269791 0.056104
0.268036 0.076518
0.266281 0.099556
0.264354 0.121643
0.261406 0.144395
0.258527 0.170893
0.254657 0.191511
0.249162 0.212996
0.244625 0.242299
0.238454 0.294165
0.233344 0.348001
0.231995 0.404388
0.243525 0.000877
0.281465 0.026138
0.283028 0.045048
0.282521 0.065362
0.280553 0.086321
0.278204 0.110001
0.274962 0.130965
0.273973 0.155278
0.269083 0.183002
0.262136 0.208141
0.258343 0.245232
0.252401 0.290940
0.247476 0.340542
0.242554 0.393891
0.253674 0.000894
0.294558 0.015440
0.296110 0.034903
0.296870 0.054215
0.295279 0.074584
0.292625 0.096911
0.289098 0.118077
0.286123 0.142789
0.283828 0.170083
0.277943 0.190352
0.275956 0.210206
0.268196 0.238280
0.262716 0.289377
0.254590 0.345813
0.251857 0.404168
0.264499 0.000206
0.309177 0.024258
0.311269 0.043611
0.310761 0.062804
0.307395 0.083038
0.304027 0.105868
0.299941 0.127620
0.296400 0.154825
0.291315 0.177990
0.286230 0.202126
0.282537 0.240306
0.278353 0.284908
0.270362 0.339611
0.263844 0.392101
0.274950 0.000540
0.323622 0.015372
0.325450 0.033818
0.325654 0.051881
0.323049 0.071148
0.319874 0.092708
0.315311 0.114864
0.309970 0.138266
0.304444 0.163378
0.300019 0.186048
0.297624 0.210563
0.290282 0.240540
0.285575 0.285290
0.277770 0.341276
0.272014 0.400798
0.285515 0.000569
0.339254 0.023315
0.340712 0.040732
0.339952 0.059101
0.336383 0.079933
0.331596 0.102133
0.325188 0.122609
0.321217 0.147066
0.317144 0.172942
0.312271 0.200008
0.308622 0.235443
0.304052 0.282775
0.296618 0.334421
0.285969 0.392304
0.296687 0.000498
0.354417 0.014805
0.356327 0.032310
0.356980 0.048831
0.353864 0.067068
0.348938 0.087007
0.342086 0.108710
0.336812 0.133402
0.331734 0.163152
0.323061 0.185451
0.316686 0.211366
0.316995 0.238102
0.309197 0.278083
0.299852 0.334069
0.295563 0.395986
0.307397 0.000367
0.372433 0.019469
0.374226 0.037058
0.372197 0.053189
0.366608 0.073632
0.360303 0.096136
0.352988 0.119399
0.345799 0.146124
0.340262 0.169764
0.336286 0.197637
0.333453 0.235143
0.328555 0.275312
0.324403 0.326883
0.310988 0.388820
0.318683 0.000969
0.389041 0.013279
0.391590 0.029836
0.390003 0.045496
0.385206 0.063102
0.378447 0.083783
0.369826 0.105552
0.361610 0.128624
0.355285 0.154033
0.349751 0.182115
0.348696 0.210501
0.344999 0.242666
0.334669 0.276610
0.327147 0.326120
0.319685 0.389254
0.329929 0.000369
0.406873 0.016468
0.408373 0.032879
0.406290 0.048441
0.399143 0.067817
0.389963 0.088363
0.382447 0.111155
0.375866 0.138309
0.365700 0.167091
0.355751 0.196631
0.354340 0.230669
0.353565 0.270602
0.348355 0.321685
0.340121 0.382978
0.341136 0.000414
0.415391 0.000227
0.425549 0.026011
0.424999 0.038626
0.419736 0.053989
0.409957 0.075249
0.400108 0.099344
0.391656 0.126644
0.383336 0.153682
0.371921 0.177545
0.365525 0.207887
0.363082 0.244184
0.362871 0.270529
0.354298 0.315251
0.336421 0.380444
0.353363 0.000463
0.443159 0.024451
0.441980 0.036713
0.437160 0.051846
0.427163 0.068548
0.417535 0.087660
0.406025 0.111203
0.397884 0.135699
0.394589 0.161844
0.392836 0.192100
0.386471 0.224818
0.380332 0.261341
0.381042 0.311911
0.364192 0.374186
0.365187 0.000189
0.422100 0.000588
0.462621 0.019259
0.457973 0.032705
0.453556 0.047419
0.440962 0.068515
0.431399 0.091333
0.423269 0.116912
0.412030 0.146338
0.404571 0.175524
0.396911 0.208291
0.390876 0.243545
0.384417 0.286206
0.361868 0.309256
0.371207 0.373684
0.377638 0.000841
0.467519 0.000909
0.474044 0.037808
0.466923 0.050370
0.459261 0.062674
0.447253 0.085065
0.438362 0.108339
0.425190 0.132483
0.415354 0.159781
0.404695 0.187011
0.397813 0.218040
0.393219 0.252904
0.385560 0.293641
0.373065 0.365333
0.390244 0.000427
0.457108 0.000377
0.489135 0.000348
0.482058 0.029449
0.483267 0.043402
0.484587 0.087151
0.474829 0.085670
0.461226 0.117078
0.452216 0.148340
0.443519 0.175524
0.436748 0.207969
0.436018 0.232244
0.429716 0.271159
0.418098 0.308378
0.388317 0.340910
0.434339 0.000242
0.477632 0.000575
0.569682 0.040369
0.507202 0.048818
0.473544 0.059971
0.460574 0.072842
0.451024 0.098536
0.441175 0.127205
0.436825 0.155306
0.432916 0.187420
0.428163 0.216210
0.421303 0.258091
0.407598 0.294711
0.389617 0.335442
0.402811 0.000240
0.446232 0.000286
0.509556 0.000350
0.500599 0.035830
0.501626 0.090075
0.494300 0.074042
0.484788 0.101200
0.470644 0.104235
0.455560 0.132649
0.446689 0.163593
0.442619 0.197628
0.436406 0.236277
0.423041 0.268069
0.418881 0.302980
0.402409 0.327516
0.530233 0.000726
0.499447 0.000463
0.466541 0.010566
0.466270 0.111323
0.488409 0.059223
0.506895 0.082002
0.513510 0.092990
0.528367 0.129480
0.537528 0.153475
0.551036 0.194864
0.547259 0.230436
0.557207 0.250119
0.566732 0.281678
0.581411 0.313879
0.597172 0.001180
0.550038 0.000036
0.417941 0.008735
0.493518 0.017114
0.516154 0.053055
0.522803 0.070019
0.532575 0.085864
0.543379 0.108856
0.548943 0.138332
0.555844 0.169594
0.559165 0.193037
0.562021 0.236104
0.572112 0.278967
0.577109 0.308008
0.605141 0.334803
0.582270 0.000340
0.519234 0.001101
0.487802 0.009946
0.508709 0.029913
0.502920 0.068003
0.505108 0.091603
0.520492 0.102609
0.534108 0.122464
0.545861 0.156711
0.546746 0.181814
0.553776 0.221535
0.550007 0.246681
0.569865 0.296377
0.610649 0.347206
0.610525 0.000485
0.567933 0.000055
0.512053 0.020031
0.519465 0.032553
0.523050 0.057792
0.538395 0.073773
0.548449 0.096326
0.558619 0.120587
0.570185 0.145194
0.580066 0.172607
0.589245 0.201455
0.596294 0.236057
0.604418 0.271354
0.598797 0.318784
0.612226 0.357671
0.623267 0.000090
0.538645 0.000217
0.526150 0.013650
0.528280 0.043230
0.542048 0.057742
0.555942 0.078333
0.564738 0.103587
0.572853 0.131859
0.583658 0.159758
0.587619 0.191315
0.596041 0.225047
0.603702 0.261914
0.609670 0.313118
0.619090 0.366205
0.636554 0.000343
0.552757 0.000550
0.541477 0.020607
0.550259 0.039242
0.557736 0.060419
0.569091 0.077983
0.580100 0.098611
0.589507 0.122377
0.595337 0.146991
0.596918 0.173967
0.600345 0.206684
0.606868 0.238244
0.615713 0.275893
0.627345 0.317740
0.633014 0.375239
0.648167 0.000409
0.563778 0.014208
0.564468 0.027665
0.567434 0.045541
0.576518 0.064705
0.587298 0.086551
0.596349 0.112188
0.603979 0.139647
0.613780 0.164622
0.623814 0.191319
0.623960 0.223315
0.626616 0.266665
0.633572 0.321725
0.642174 0.375275
0.659953 0.000669
0.584483 0.009353
0.583182 0.025570
0.583768 0.041529
0.588361 0.056942
0.597330 0.076360
0.606898 0.099128
0.612594 0.123656
0.620466 0.151499
0.630296 0.180308
0.635452 0.211656
0.644643 0.243892
0.646530 0.276502
0.652180 0.324818
0.657509 0.379883
0.671571 0.000864
0.601416 0.019275
0.600915 0.035978
0.604017 0.053183
0.610641 0.073324
0.618591 0.093544
0.627494 0.114933
0.634791 0.139877
0.639934 0.167240
0.642910 0.195396
0.642457 0.228720
0.645322 0.269470
0.657311 0.323238
0.659334 0.388423
0.682620 0.000800
0.620705 0.013518
0.618850 0.031180
0.619881 0.046251
0.623954 0.063487
0.630088 0.083736
0.637424 0.106097
0.644008 0.131623
0.649992 0.156213
0.653471 0.180267
0.654485 0.212413
0.661668 0.235880
0.669242 0.278859
0.677556 0.331771
0.680908 0.390265
0.693840 0.001139
0.639021 0.021425
0.637175 0.038923
0.638349 0.056245
0.643472 0.076072
0.649363 0.096927
0.655031 0.118860
0.659281 0.146163
0.666412 0.172337
0.673926 0.195681
0.670666 0.232985
0.674888 0.283320
0.681887 0.332940
0.686455 0.388607
0.704802 0.000216
0.656531 0.016736
0.655111 0.033424
0.654985 0.050449
0.657440 0.069258
0.661462 0.089768
0.667533 0.109971
0.672257 0.131758
0.675403 0.158319
0.678860 0.183232
0.684255 0.210120
0.688711 0.238730
0.692558 0.282549
0.701072 0.338089
0.703026 0.395978
0.715202 0.000645
0.672399 0.024256
0.671050 0.042372
0.672385 0.060289
0.675563 0.080660
0.679080 0.102731
0.684264 0.123850
0.688966 0.148521
0.692399 0.172414
0.693960 0.200829
0.695032 0.234414
0.698939 0.281931
0.707338 0.336186
0.712742 0.393722
0.726160 0.000277
0.689010 0.016910
0.687447 0.035283
0.687081 0.053488
0.689384 0.072595
0.692347 0.093206
0.695521 0.114165
0.698309 0.139288
0.702806 0.163087
0.705302 0.181845
0.709071 0.205842
0.714939 0.237615
0.716883 0.285893
0.723429 0.343903
0.725720 0.400385
0.736468 0.000236
0.703763 0.025022
0.702682 0.044455
0.702819 0.063494
0.705215 0.084543
0.707933 0.106158
0.710890 0.126506
0.712348 0.152013
0.715989 0.175830
0.719811 0.201647
0.721421 0.240401
0.724021 0.289342
0.731278 0.340471
0.737338 0.395088
0.746742 0.000659
0.718799 0.017645
0.717753 0.035976
0.717422 0.054984
0.718533 0.075124
0.720125 0.097273
0.723082 0.117216
0.725201 0.140720
0.726758 0.166310
0.729799 0.185789
0.733073 0.205087
0.739004 0.238146
0.740309 0.290975
0.746016 0.346802
0.750469 0.403198
0.757354 0.000274
0.732555 0.025937
0.731468 0.046024
0.731938 0.065517
0.733346 0.086645
0.734961 0.109105
0.736424 0.129589
0.738863 0.154096
0.740887 0.177469
0.745702 0.202607
0.747020 0.243246
0.750462 0.290899
0.754766 0.342823
0.757683 0.393809
0.767428 0.001126
0.746525 0.017398
0.745755 0.036561
0.745180 0.056422
0.746179 0.076832
0.747462 0.099233
0.748741 0.119574
0.750849 0.143097
0.752681 0.167266
0.756081 0.187149
0.760904 0.202435
0.765405 0.238757
0.762791 0.293705
0.767815 0.348517
0.769882 0.406466
0.777842 0.000589
0.759957 0.026385
0.758803 0.046671
0.759001 0.066917
0.759787 0.088264
0.761020 0.110904
0.762728 0.131278
0.762229 0.160468
0.763382 0.183203
0.770458 0.211579
0.772306 0.247458
0.774429 0.294547
0.777591 0.344038
0.779331 0.393270
0.788270 0.000591
0.773155 0.016486
0.772445 0.036682
0.772015 0.056922
0.772637 0.077648
0.773063 0.100638
0.774605 0.121239
0.774566 0.145149
0.774521 0.167688
0.779485 0.184637
0.784723 0.203388
0.784534 0.237982
0.787838 0.293960
0.789288 0.349934
0.787442 0.405333
0.798302 0.000350
0.785810 0.026872
0.785105 0.047045
0.785275 0.067539
0.785861 0.088829
0.786241 0.112064
0.787430 0.132372
0.788587 0.158073
0.791652 0.185781
0.794116 0.218196
0.795839 0.249551
0.800017 0.294664
0.800368 0.344073
0.799584 0.396717
0.808829 0.000667
0.798517 0.016284
0.798373 0.036478
0.798133 0.057362
0.798446 0.077701
0.798794 0.100949
0.799022 0.122395
0.799874 0.144993
0.799911 0.171708
0.803353 0.193574
0.802853 0.207345
0.807006 0.242135
0.812915 0.295860
0.811237 0.350474
0.811486 0.405630
0.818831 0.000355
0.811457 0.026896
0.810964 0.047173
0.811588 0.067755
0.811424 0.088588
0.811157 0.112113
0.811930 0.132732
0.813006 0.157877
0.813383 0.182227
0.816166 0.211905
0.819738 0.247666
0.824420 0.290453
0.822800 0.342871
0.821240 0.392965
0.829294 0.000661
0.824024 0.016097
0.824180 0.036535
0.824296 0.057053
0.824088 0.077699
0.823686 0.100362
0.823574 0.122443
0.824137 0.145098
0.825157 0.171474
0.826665 0.196006
0.829276 0.220586
0.832182 0.247413
0.834881 0.296019
0.831480 0.348763
0.829338 0.404892
0.839586 0.000267
0.836544 0.026902
0.836997 0.046942
0.836927 0.067595
0.836453 0.088281
0.835975 0.111756
0.836220 0.133307
0.836990 0.156734
0.837508 0.184839
0.840884 0.210116
0.844260 0.244323
0.846677 0.288927
0.845364 0.342305
0.842001 0.394947
0.849743 0.000013
0.849093 0.016643
0.849568 0.036352
0.849802 0.056603
0.849395 0.077306
0.849201 0.099895
0.848282 0.122313
0.848359 0.144535
0.848742 0.169478
0.849167 0.196680
0.852812 0.225123
0.857183 0.255192
0.857958 0.296319
0.854556 0.347512
0.852195 0.403941
0.860320 0.000036
0.861424 0.025961
0.862425 0.046644
0.862843 0.067317
0.861930 0.087962
0.860908 0.110902
0.859968 0.133081
0.860118 0.156929
0.860464 0.183684
0.862133 0.211081
0.865874 0.243915
0.868822 0.286519
0.867376 0.337669
0.862417 0.390523
0.870380 0.000099
0.874290 0.015801
0.875293 0.036251
0.875397 0.056619
0.874784 0.076882
0.873542 0.099229
0.872463 0.121415
0.871706 0.144433
0.871814 0.170199
0.872427 0.197347
0.873646 0.226770
0.878203 0.260523
0.879589 0.298208
0.875508 0.345018
0.869923 0.401709
0.881015 0.000811
0.886873 0.025805
0.887906 0.046289
0.888059 0.066712
0.886609 0.087389
0.885379 0.110087
0.884360 0.132582
0.883567 0.157004
0.883059 0.184318
0.884244 0.211990
0.886085 0.244562
0.887991 0.282497
0.888201 0.334935
0.884031 0.392478
0.891323 0.000214
0.898794 0.015631
0.900650 0.035933
0.900873 0.055383
0.899861 0.076165
0.898544 0.098815
0.897359 0.120843
0.896227 0.144123
0.894966 0.170278
0.893999 0.198197
0.894821 0.227725
0.896471 0.263794
0.899521 0.301145
0.898340 0.342649
0.895251 0.398632
0.902005 0.000329
0.911432 0.025037
0.913591 0.045512
0.913628 0.066022
0.911749 0.086439
0.910388 0.109643
0.909009 0.132137
0.907178 0.156582
0.904925 0.184135
0.904136 0.212560
0.905772 0.245386
0.906650 0.283642
0.906519 0.326658
0.905373 0.385373
0.912619 0.000339
0.924254 0.014374
0.925872 0.035468
0.927144 0.054345
0.925644 0.075227
0.923742 0.098508
0.922391 0.120974
0.919926 0.143932
0.917808 0.169376
0.914916 0.198162
0.914648 0.228752
0.916797 0.265489
0.918570 0.307120
0.915524 0.342509
0.913709 0.395100
0.923023 0.000910
0.937331 0.025473
0.941110 0.043493
0.939434 0.066474
0.937124 0.088093
0.935111 0.110709
0.932287 0.133264
0.930321 0.157119
0.925864 0.183763
0.926133 0.213064
0.927661 0.245858
0.928860 0.284342
0.926106 0.324458
0.925661 0.388090
0.934142 0.000746
0.949086 0.017030
0.954245 0.032439
0.950339 0.055770
0.948410 0.078697
0.948076 0.101193
0.945888 0.122127
0.944782 0.147242
0.941509 0.171771
0.939332 0.201089
0.938352 0.230757
0.936355 0.265950
0.938682 0.309747
0.937743 0.348506
0.939871 0.379527
0.944274 0.000531
0.965357 0.018454
0.962540 0.043517
0.961134 0.070254
0.962154 0.092980
0.961711 0.116581
0.957174 0.137509
0.954782 0.161143
0.947314 0.186958
0.945852 0.216135
0.945337 0.249516
0.946285 0.285680
0.949292 0.333324
0.952740 0.374424
0.954969 0.000704
0.974876 0.000209
0.973991 0.033680
0.971158 0.058077
0.972396 0.081694
0.972649 0.108692
0.969866 0.130147
0.967510 0.152902
0.965429 0.180517
0.960058 0.206194
0.963789 0.242362
0.961361 0.270478
0.951178 0.310298
0.948427 0.354703
0.951391 0.392381
0.964993 0.000770
0.982647 0.021185
0.982445 0.046093
0.981404 0.070272
0.981841 0.095223
0.986364 0.122298
0.981735 0.149275
0.975595 0.173222
0.967391 0.193125
0.966189 0.230123
0.969767 0.254739
0.963158 0.289484
0.968458 0.328569
0.970726 0.392932
0.985362 0.000606
0.999694 0.024030
0.999120 0.043604
0.999493 0.075442
0.999371 0.107791
0.999322 0.143690
0.993487 0.175490
0.999291 0.206344
0.975526 0.211362
0.986724 0.227412
0.981949 0.278662
0.985075 0.302574
0.983683 0.320686
0.977404 0.351391
0.979369 0.390959
0.999676 0.000855
0.998718 0.033735
0.999967 0.064614
0.999845 0.096762
0.999128 0.132403
0.998930 0.165707
0.999996 0.195589
0.999381 0.233541
0.999374 0.261308
0.998722 0.281790
0.998958 0.320846
0.999294 0.353376
0.997013 0.380565
0.970034 0.360192
0.999213 0.000291
0.999623 0.012761
0.999165 0.054318
0.999933 0.085812
0.999843 0.118886
0.999049 0.154389
0.999679 0.183929
0.999666 0.218711
0.999873 0.250134
0.999589 0.273488
0.998031 0.308494
0.999584 0.348018
0.999204 0.378698
0.995664 0.412869
0.995655 0.410019
