0.000514 0.025001
0.000254 0.062998
0.000001 0.092821
0.000939 0.123661
0.000406 0.134227
0.097694 0.260528
0.000418 0.177210
0.001025 0.188792
0.027432 0.265262
0.142921 0.288227
0.133815 0.346739
0.115051 0.245038
0.071731 0.226999
0.160969 0.308859
0.000122 0.015145
0.000239 0.043435
0.000185 0.072894
0.021429 0.051601
0.023524 0.201116
0.000581 0.200511
0.000243 0.166152
0.005220 0.276403
0.000351 0.235713
0.000506 0.249027
0.041692 0.252529
0.054019 0.253772
0.124484 0.289788
0.137510 0.246086
0.160713 0.270060
0.001297 0.000244
0.000333 0.053171
0.000268 0.082865
0.000704 0.102879
0.000517 0.113106
0.000403 0.212273
0.000711 0.155344
0.017763 0.274437
0.000246 0.223654
0.116008 0.279106
0.067860 0.257082
0.125739 0.260429
0.158869 0.296153
0.132701 0.339581
0.000210 0.000626
0.020963 0.024543
0.026005 0.037560
0.023576 0.086242
0.024224 0.162090
0.065473 0.170211
0.037877 0.151008
0.001022 0.263420
0.086464 0.221721
0.052180 0.199056
0.049570 0.217562
0.105667 0.269745
0.077615 0.255010
0.091105 0.246204
0.145964 0.326166
0.011883 0.000516
0.041605 0.038136
0.001000 0.034200
0.021926 0.068308
0.000207 0.144745
0.038155 0.187752
0.043301 0.169546
0.063196 0.186344
0.026107 0.229140
0.080916 0.189848
0.051994 0.233465
0.132709 0.208054
0.102510 0.226534
0.136727 0.363604
0.030232 0.000469
0.021540 0.000513
0.055003 0.054687
0.038551 0.055175
0.022839 0.179789
0.021725 0.121668
0.052191 0.135241
0.056105 0.156106
0.072705 0.207904
0.099131 0.184654
0.111720 0.171658
0.095738 0.203183
0.126318 0.306892
0.127479 0.312609
0.165172 0.323613
0.038794 0.000059
0.052704 0.024794
0.037389 0.071763
0.050347 0.099020
0.035898 0.130207
0.037940 0.111541
0.075171 0.154152
0.135732 0.162353
0.034785 0.215422
0.086113 0.171754
0.022973 0.249043
0.122073 0.226564
0.113425 0.210186
0.145817 0.268927
0.047385 0.000090
0.037145 0.022089
0.067314 0.022543
0.060304 0.039168
0.039232 0.088896
0.063038 0.088526
0.023682 0.141930
0.069354 0.135711
0.119242 0.155178
0.096916 0.157241
0.118508 0.193032
0.170777 0.204485
0.154126 0.219057
0.194245 0.264230
0.164944 0.342236
0.056020 0.000414
0.083222 0.024009
0.077890 0.038264
0.053687 0.072733
0.069171 0.072469
0.023478 0.102457
0.068189 0.107784
0.055035 0.119288
0.177057 0.173666
0.129573 0.177805
0.144424 0.185978
0.176720 0.222119
0.140821 0.228809
0.185470 0.238259
0.064653 0.000833
0.073345 0.000323
0.097859 0.023364
0.090247 0.050075
0.071525 0.054603
0.083871 0.067830
0.090609 0.107824
0.079110 0.094219
0.087230 0.140934
0.155727 0.170756
0.196385 0.220526
0.149488 0.201176
0.175264 0.254260
0.163027 0.233963
0.154784 0.365997
0.081940 0.001000
0.113707 0.024049
0.118870 0.038099
0.109831 0.052963
0.099933 0.066203
0.089992 0.083752
0.077299 0.121517
0.095923 0.125811
0.107313 0.142394
0.168919 0.156494
0.165601 0.188071
0.186785 0.187220
0.199673 0.247706
0.170069 0.356770
0.090577 0.000180
0.107801 0.000461
0.129963 0.023283
0.099185 0.038075
0.118232 0.069139
0.107751 0.082918
0.105312 0.098043
0.109587 0.114565
0.119221 0.129065
0.132145 0.142427
0.186489 0.158001
0.188132 0.202982
0.236083 0.281227
0.176908 0.275605
0.137727 0.387892
0.099206 0.000468
0.135834 0.038773
0.127610 0.054591
0.134578 0.073081
0.141893 0.090690
0.124719 0.088757
0.124173 0.106727
0.136076 0.123121
0.150517 0.136455
0.151167 0.153915
0.204590 0.183191
0.221643 0.243241
0.213826 0.262333
0.156314 0.251090
0.116361 0.000819
0.142167 0.000988
0.146738 0.023165
0.144548 0.056259
0.150729 0.072120
0.159025 0.087462
0.141779 0.107748
0.173794 0.125298
0.171792 0.140657
0.193146 0.142827
0.199639 0.167431
0.206678 0.203690
0.231939 0.259695
0.222875 0.301788
0.180030 0.292703
0.124929 0.000075
0.151869 0.038842
0.161960 0.057555
0.170451 0.073787
0.188201 0.075770
0.160458 0.104438
0.156733 0.121246
0.191770 0.126582
0.218863 0.168091
0.219507 0.191518
0.222518 0.217271
0.208792 0.230282
0.231022 0.340185
0.214565 0.337624
0.133534 0.000391
0.176337 0.000388
0.163273 0.025019
0.178994 0.057836
0.177440 0.090983
0.177827 0.108179
0.209137 0.131892
0.210035 0.152105
0.230974 0.202604
0.233278 0.157538
0.233922 0.231893
0.249712 0.265253
0.192305 0.355185
0.198773 0.283137
0.186297 0.309367
0.150781 0.000979
0.168117 0.040809
0.194885 0.057911
0.195157 0.093127
0.195774 0.110311
0.223983 0.123519
0.224589 0.142668
0.248018 0.170991
0.231962 0.178748
0.248585 0.246240
0.257125 0.282517
0.217793 0.279554
0.161005 0.389074
0.142647 0.414663
0.159326 0.000719
0.178854 0.023852
0.184347 0.039948
0.200750 0.040445
0.212705 0.091592
0.211642 0.110470
0.241421 0.137959
0.265308 0.167039
0.249042 0.187221
0.246646 0.206852
0.264382 0.258015
0.242051 0.297986
0.234495 0.318589
0.212176 0.319600
0.140638 0.414465
0.167814 0.000933
0.217400 0.039560
0.204540 0.074553
0.239047 0.072346
0.221045 0.073813
0.228088 0.105008
0.263928 0.197018
0.273061 0.181358
0.248832 0.223508
0.256626 0.305673
0.250571 0.326444
0.247766 0.349651
0.228131 0.359967
0.167004 0.410442
0.184899 0.000821
0.194908 0.024257
0.234097 0.039730
0.211921 0.056714
0.252548 0.086617
0.231884 0.088258
0.251433 0.152528
0.283559 0.162446
0.263482 0.233190
0.295659 0.279699
0.295701 0.239697
0.211673 0.358895
0.242439 0.392069
0.200418 0.385177
0.176734 0.411245
0.193438 0.000696
0.210617 0.024040
0.251395 0.039553
0.257657 0.070956
0.246132 0.101920
0.241144 0.120468
0.269250 0.148329
0.289791 0.209965
0.283032 0.264222
0.275309 0.280225
0.274937 0.297464
0.261161 0.362896
0.205519 0.298630
0.195131 0.324028
0.201965 0.000195
0.252746 0.000547
0.226873 0.024181
0.229037 0.057150
0.266379 0.096470
0.257925 0.115703
0.259224 0.133085
0.277226 0.129010
0.302131 0.190609
0.267338 0.214445
0.290072 0.312953
0.270211 0.319142
0.267441 0.337699
0.205553 0.407685
0.175132 0.386709
0.210489 0.000879
0.242904 0.024424
0.268296 0.038882
0.273023 0.078000
0.283931 0.091760
0.274497 0.111966
0.303142 0.156905
0.283338 0.194338
0.310516 0.205325
0.282826 0.225582
0.310992 0.308398
0.279307 0.350478
0.278223 0.377833
0.186546 0.338271
0.219000 0.000905
0.286309 0.000470
0.259149 0.023952
0.246701 0.055506
0.292357 0.075162
0.291003 0.107207
0.286493 0.143705
0.303483 0.138870
0.294988 0.174261
0.340793 0.199507
0.313576 0.246213
0.279065 0.245500
0.300438 0.350164
0.324734 0.329667
0.243993 0.375805
0.227481 0.000879
0.275574 0.024779
0.281669 0.062216
0.265237 0.056314
0.309018 0.105697
0.295914 0.123423
0.314553 0.122420
0.320753 0.159804
0.314684 0.176023
0.348647 0.232654
0.298560 0.295099
0.330622 0.261641
0.187286 0.371163
0.269954 0.378052
0.235937 0.000106
0.311391 0.000104
0.283148 0.045501
0.310036 0.072507
0.302315 0.089864
0.326746 0.105167
0.344474 0.111423
0.321125 0.141343
0.324777 0.191855
0.356329 0.146372
0.327119 0.213710
0.305189 0.223827
0.302638 0.259640
0.217131 0.379517
0.297208 0.370341
0.244379 0.000396
0.290009 0.024687
0.316869 0.057074
0.319908 0.087955
0.328899 0.072493
0.337141 0.091577
0.352988 0.128406
0.339129 0.158335
0.355526 0.166185
0.335446 0.175944
0.316745 0.271928
0.330516 0.306945
0.192519 0.410276
0.289704 0.330479
0.261148 0.000722
0.336270 0.001101
0.299563 0.057367
0.334621 0.057006
0.346360 0.077170
0.354687 0.095995
0.363224 0.110623
0.332086 0.123494
0.338276 0.140154
0.352029 0.183942
0.362281 0.198620
0.340980 0.274616
0.367999 0.231856
0.437702 0.336510
0.352716 0.251195
0.269555 0.000617
0.297675 0.039146
0.314341 0.040251
0.370518 0.065855
0.363179 0.081011
0.375476 0.095780
0.390949 0.145192
0.371891 0.124915
0.373799 0.140905
0.372377 0.159498
0.324036 0.229936
0.340435 0.363888
0.809619 0.303333
0.235561 0.394841
0.277924 0.000324
0.361221 0.000168
0.350482 0.061603
0.331821 0.040538
0.363460 0.051154
0.394433 0.091542
0.384434 0.110879
0.419691 0.101284
0.411600 0.138485
0.387732 0.166868
0.371211 0.179447
0.381069 0.196055
0.366490 0.214957
0.346487 0.216326
0.367967 0.350304
0.294658 0.000254
0.306269 0.024422
0.338291 0.025008
0.379444 0.041845
0.381833 0.078884
0.401621 0.107290
0.392368 0.127637
0.403889 0.155990
0.423364 0.153286
0.393728 0.182637
0.386226 0.212820
0.410395 0.230931
0.214291 0.402583
0.352243 0.346724
0.303022 0.001081
0.322621 0.025377
0.365567 0.032451
0.385915 0.057327
0.410910 0.085704
0.450651 0.086697
0.427871 0.118351
0.410515 0.121621
0.438511 0.101742
0.402511 0.197969
0.446510 0.202809
0.425024 0.203605
0.395739 0.245056
0.373207 0.248121
0.334403 0.244790
0.319668 0.000373
0.348729 0.041054
0.378006 0.024298
0.397292 0.039984
0.416411 0.040345
0.416168 0.069997
0.457084 0.103926
0.451096 0.137179
0.429636 0.170694
0.410149 0.172604
0.419412 0.187755
0.379125 0.280395
0.334741 0.365748
0.320061 0.288493
0.327964 0.000785
0.402526 0.000360
0.354024 0.024174
0.393912 0.025221
0.397434 0.071232
0.436488 0.070545
0.430457 0.085547
0.446262 0.119377
0.431448 0.135891
0.440238 0.186971
0.462054 0.152858
0.361900 0.265683
0.381387 0.263451
0.322729 0.351538
0.375215 0.346445
0.344601 0.000871
0.435404 0.038947
0.404457 0.055256
0.442866 0.055476
0.474101 0.078656
0.477660 0.109830
0.449506 0.169892
0.442044 0.153268
0.456394 0.303713
0.387954 0.230000
0.406259 0.215313
0.418136 0.245018
0.372997 0.326964
0.305809 0.368017
0.352950 0.000404
0.410781 0.000008
0.476731 0.000759
0.443928 0.024787
0.410420 0.025239
0.492634 0.081651
0.470656 0.093566
0.490902 0.097302
0.469412 0.169371
0.464560 0.122315
0.404171 0.307691
0.436246 0.234108
0.340967 0.293559
0.367098 0.297777
0.441908 0.264963
0.369440 0.000087
0.460235 0.000330
0.426421 0.025163
0.424400 0.055479
0.508862 0.126170
0.532187 0.135081
0.486811 0.124821
0.482905 0.152053
0.461469 0.186128
0.357316 0.284718
0.308204 0.329699
0.755328 0.329703
0.520512 0.324161
0.384721 0.305855
0.377654 0.001040
0.451986 0.000120
0.484966 0.000674
0.486441 0.050906
0.520042 0.040559
0.537641 0.172144
0.516371 0.168510
0.516283 0.142697
0.574219 0.235509
0.394526 0.326040
0.565448 0.318456
0.958684 0.178671
0.505645 0.263786
0.408820 0.339773
0.345816 0.315453
0.419022 0.000040
0.468485 0.000723
0.608345 0.039680
0.455761 0.071775
0.460145 0.054272
0.506154 0.196324
0.503413 0.156842
0.472625 0.137392
0.492414 0.223416
0.428766 0.219159
0.488879 0.328373
0.363656 0.315018
0.440824 0.318885
0.341330 0.332674
0.394220 0.000566
0.435480 0.000778
0.509694 0.000021
0.462764 0.025138
0.597697 0.192922
0.511516 0.074118
0.629401 0.315121
0.487927 0.169204
0.416481 0.293631
0.467362 0.202869
0.864613 0.226637
0.667889 0.322867
0.767528 0.337608
0.401244 0.341762
0.657923 0.329150
0.534320 0.000573
0.501478 0.000300
0.427259 0.000332
0.138214 0.379107
0.474574 0.063123
0.499657 0.111407
0.399594 0.262516
0.574513 0.282236
0.481144 0.237930
0.781977 0.339434
0.837946 0.224194
0.485192 0.291605
0.801899 0.322668
0.464376 0.318176
0.600236 0.000703
0.550787 0.000946
0.385960 0.000772
0.493233 0.001012
0.528726 0.026804
0.473315 0.040249
0.510589 0.090078
0.545430 0.147212
0.472182 0.219252
0.912530 0.443721
0.394279 0.288224
0.431644 0.337257
0.473516 0.324214
0.418747 0.316703
0.557642 0.318131
0.592008 0.000170
0.517902 0.000510
0.443754 0.000310
0.494771 0.025861
0.453951 0.037820
0.863662 0.198974
0.742695 0.317206
0.603639 0.325707
0.847288 0.356466
0.507507 0.298339
0.881318 0.436464
0.503405 0.323562
0.491331 0.310954
0.514771 0.246969
0.616826 0.000431
0.567261 0.000864
0.499102 0.039784
0.526104 0.000249
0.495157 0.065496
0.509138 0.054634
0.525168 0.061818
0.496273 0.139474
0.528980 0.156299
0.481907 0.187436
0.459727 0.235442
0.410161 0.275398
0.467517 0.253447
0.430378 0.279918
0.540372 0.307686
0.633375 0.000316
0.542556 0.000638
0.543286 0.026386
0.511790 0.026476
0.479618 0.026262
0.530377 0.078583
0.546635 0.124430
0.560441 0.135284
0.553783 0.161311
0.501574 0.180458
0.435191 0.300449
0.509315 0.231764
0.460134 0.270136
0.527753 0.318132
0.641681 0.000267
0.559048 0.000958
0.578210 0.025674
0.570768 0.040225
0.551500 0.039351
0.525465 0.118754
0.562102 0.114493
0.569427 0.150229
0.543256 0.191048
0.488195 0.204509
0.536012 0.241381
0.597224 0.325840
0.446161 0.248759
0.482541 0.265185
0.828209 0.330503
0.658201 0.000374
0.613275 0.025698
0.596151 0.024903
0.561287 0.025890
0.535885 0.047136
0.543131 0.066047
0.516566 0.104689
0.540910 0.108390
0.557876 0.179244
0.527024 0.204225
0.544765 0.274184
0.509853 0.213653
0.493005 0.249471
0.423662 0.260028
0.666484 0.000972
0.575506 0.000389
0.628407 0.025198
0.555795 0.055482
0.574963 0.056624
0.563162 0.070643
0.531696 0.094418
0.555271 0.097591
0.576040 0.124442
0.561573 0.198113
0.544924 0.210871
0.529275 0.224066
0.712816 0.332894
0.689619 0.328144
0.646624 0.324610
0.683153 0.001102
0.583752 0.000072
0.608560 0.000597
0.590008 0.038699
0.548790 0.083469
0.584636 0.072382
0.574120 0.100443
0.576136 0.186381
0.592560 0.175978
0.566239 0.217079
0.523560 0.186023
0.523702 0.293689
0.499922 0.280149
0.452578 0.288166
0.691584 0.000212
0.625127 0.000623
0.645296 0.024806
0.622558 0.068675
0.591887 0.055093
0.571161 0.084148
0.588043 0.109720
0.574745 0.166622
0.603695 0.139790
0.615568 0.152235
0.530641 0.259105
0.616122 0.183385
0.550053 0.259025
0.561013 0.244812
0.712545 0.318963
0.708227 0.000148
0.635329 0.038748
0.629212 0.086771
0.621832 0.048695
0.607574 0.059709
0.601798 0.075181
0.590928 0.090630
0.591315 0.156344
0.601271 0.213181
0.608400 0.167265
0.608793 0.233961
0.864636 0.369014
0.451559 0.219315
0.847689 0.339490
0.716584 0.000495
0.649937 0.000422
0.662065 0.024991
0.637860 0.056135
0.611900 0.087747
0.605462 0.103573
0.584557 0.139615
0.615236 0.118827
0.623451 0.134748
0.616729 0.203131
0.582039 0.204607
0.544598 0.290118
0.522201 0.275268
0.549821 0.228608
0.580983 0.311258
0.724897 0.000440
0.682534 0.022677
0.653752 0.039353
0.654191 0.057487
0.640060 0.073382
0.597576 0.123756
0.634656 0.118199
0.634360 0.152499
0.630235 0.169126
0.587200 0.223528
0.694210 0.303895
0.615512 0.313417
0.700429 0.334624
0.473423 0.284249
0.741743 0.000883
0.674764 0.000751
0.693039 0.034364
0.673957 0.035234
0.669645 0.050347
0.656007 0.077809
0.626074 0.103039
0.642740 0.133205
0.632285 0.194004
0.621014 0.222442
0.632441 0.266077
0.630963 0.246402
0.590243 0.296692
0.837899 0.350401
0.822306 0.319770
0.750100 0.000423
0.703889 0.024301
0.689224 0.049189
0.685989 0.064854
0.670060 0.068012
0.646940 0.092640
0.648949 0.107740
0.651933 0.201525
0.637682 0.213265
0.615217 0.254034
0.595233 0.244838
0.564287 0.293902
0.656460 0.290882
0.859404 0.370056
0.758531 0.000869
0.699893 0.000420
0.719237 0.026074
0.705905 0.056056
0.684694 0.082179
0.669206 0.088609
0.659137 0.121620
0.651386 0.149176
0.643397 0.180778
0.666602 0.213036
0.582419 0.256699
0.635599 0.284313
0.571295 0.265904
0.737763 0.299047
0.878831 0.355925
0.767091 0.000398
0.734657 0.023270
0.711034 0.040736
0.703219 0.071456
0.667766 0.104959
0.679231 0.119028
0.665398 0.136564
0.661628 0.185962
0.639815 0.231310
0.658169 0.244915
0.648745 0.307710
0.606935 0.266437
0.908852 0.448415
0.674472 0.307181
0.775601 0.000637
0.733327 0.000441
0.747014 0.030637
0.718648 0.076130
0.685961 0.101017
0.696663 0.124880
0.682950 0.136740
0.654429 0.166411
0.657717 0.227251
0.608397 0.292946
0.678507 0.238929
0.677136 0.274203
0.675412 0.257703
0.796317 0.337286
0.681308 0.291844
0.792673 0.000064
0.744109 0.046818
0.729178 0.040508
0.700256 0.088878
0.701216 0.108953
0.700010 0.145598
0.670285 0.154852
0.674375 0.174367
0.649879 0.259354
0.718212 0.280556
0.716014 0.260840
0.595906 0.277385
0.696566 0.269770
0.624038 0.292335
0.801216 0.000504
0.759636 0.023049
0.722822 0.057384
0.734506 0.081787
0.717153 0.113580
0.713826 0.130430
0.717581 0.149379
0.687648 0.157305
0.675806 0.196999
0.691591 0.193543
0.657303 0.275127
0.696430 0.253153
0.781950 0.319420
0.789051 0.291529
0.719337 0.303691
0.809804 0.000445
0.766043 0.054454
0.751476 0.062280
0.715561 0.093845
0.733580 0.116221
0.731755 0.133727
0.733684 0.153965
0.691283 0.175010
0.725282 0.210496
0.735346 0.247714
0.741983 0.284080
0.704896 0.288959
0.762979 0.305822
0.738372 0.328349
0.827098 0.000003
0.784128 0.000267
0.762929 0.038742
0.736119 0.065019
0.750413 0.083975
0.732023 0.098663
0.749542 0.121398
0.707059 0.163733
0.709464 0.201763
0.682055 0.222198
0.695805 0.213244
0.752828 0.239129
0.751385 0.261772
0.849622 0.319718
0.913443 0.430411
0.835776 0.000900
0.776614 0.023484
0.780408 0.037465
0.763875 0.074865
0.769041 0.091178
0.749088 0.101613
0.722778 0.172466
0.739754 0.172502
0.710552 0.184964
0.743746 0.210400
0.716718 0.243009
0.736752 0.229305
0.850199 0.409762
0.778394 0.302111
0.844462 0.000119
0.818418 0.000921
0.793678 0.023546
0.785910 0.052801
0.778279 0.067069
0.783982 0.101501
0.764098 0.107707
0.765349 0.129076
0.748753 0.140198
0.699598 0.235269
0.715021 0.224636
0.736516 0.270054
0.788435 0.273142
0.887782 0.310333
0.852359 0.405608
0.861962 0.000390
0.810041 0.023017
0.799006 0.038464
0.795955 0.069679
0.786017 0.084371
0.805937 0.085514
0.778846 0.118418
0.767151 0.147136
0.731067 0.193030
0.748312 0.190341
0.763540 0.202629
0.760015 0.222241
0.759894 0.283529
0.770258 0.269936
0.870672 0.001049
0.853196 0.000400
0.826872 0.024026
0.816935 0.038247
0.805171 0.054460
0.823453 0.053853
0.801130 0.100977
0.796432 0.119051
0.783333 0.136354
0.751645 0.158036
0.759952 0.176640
0.779833 0.213036
0.774728 0.234441
0.770256 0.251461
0.832820 0.302774
0.888358 0.000924
0.861847 0.023799
0.844241 0.023518
0.835766 0.038244
0.814366 0.069761
0.825429 0.084873
0.820125 0.101127
0.801490 0.135572
0.789395 0.154522
0.772742 0.163274
0.774131 0.186802
0.791306 0.229721
0.806891 0.247009
0.879068 0.433886
0.897156 0.000481
0.879516 0.000661
0.879628 0.023485
0.854579 0.037963
0.843881 0.052744
0.833274 0.067953
0.851746 0.069114
0.838064 0.099936
0.815036 0.116636
0.834956 0.118723
0.789063 0.171673
0.789470 0.194764
0.831524 0.199449
0.856028 0.302096
0.900829 0.396096
0.905999 0.000199
0.915978 0.023883
0.872550 0.038428
0.878440 0.055436
0.862495 0.055890
0.867782 0.076097
0.844726 0.084129
0.852085 0.110564
0.855779 0.128342
0.803017 0.183413
0.820013 0.131810
0.798587 0.211336
0.812259 0.229376
0.789193 0.254860
0.914887 0.000344
0.923784 0.000687
0.925861 0.037729
0.898094 0.023959
0.890170 0.037575
0.884611 0.071905
0.894189 0.088895
0.859927 0.093465
0.868935 0.110994
0.840161 0.135459
0.868187 0.142684
0.806715 0.151912
0.813579 0.198202
0.904274 0.407536
0.876399 0.331393
0.932689 0.000239
0.934459 0.023645
0.908386 0.038618
0.894908 0.054992
0.919202 0.074817
0.876907 0.090920
0.886152 0.107112
0.876036 0.127395
0.888246 0.141443
0.825529 0.147751
0.832493 0.162535
0.844624 0.174725
0.824849 0.180501
0.835029 0.287234
0.941592 0.000042
0.952331 0.023501
0.943507 0.038456
0.911698 0.056476
0.902379 0.072377
0.911820 0.091187
0.894134 0.124128
0.910736 0.127942
0.909586 0.145026
0.849301 0.149661
0.886963 0.172736
0.857985 0.164110
0.811907 0.167263
0.822176 0.216824
0.865656 0.309726
0.950587 0.000258
0.943577 0.055043
0.927451 0.055717
0.935325 0.073250
0.944531 0.088503
0.903489 0.106725
0.926610 0.155040
0.896149 0.156977
0.903477 0.181718
0.915041 0.198008
0.943109 0.216365
0.868608 0.179783
0.847664 0.191784
0.892822 0.367384
0.959636 0.000208
0.969959 0.022005
0.961717 0.038094
0.952947 0.070190
0.961117 0.120598
0.927891 0.093318
0.919305 0.112689
0.875100 0.158883
0.941815 0.186991
0.912808 0.165688
0.931252 0.205203
0.851259 0.212817
0.929961 0.238659
0.891292 0.300439
0.882444 0.190409
0.968487 0.000536
0.978636 0.032821
0.962249 0.055391
0.950034 0.104776
0.957911 0.160803
0.939477 0.168011
0.941730 0.146248
0.922608 0.220464
0.889893 0.266632
0.896818 0.202374
0.966701 0.217412
0.906883 0.341516
0.820977 0.262862
0.846449 0.242482
0.977452 0.000786
0.999350 0.000487
0.977146 0.050445
0.977518 0.111831
0.934997 0.111114
0.943411 0.126521
0.957578 0.200629
0.974244 0.185850
0.979817 0.233995
0.904852 0.218507
0.931454 0.256805
0.883131 0.226523
0.894861 0.398129
0.826240 0.244976
0.859694 0.417147
0.987008 0.000323
0.976343 0.068335
0.963719 0.081316
0.976129 0.130445
0.959419 0.139345
0.927448 0.134772
0.916487 0.255684
0.861183 0.243488
0.997481 0.258753
0.905713 0.260758
0.879063 0.280976
0.952853 0.230362
0.884883 0.334394
0.808835 0.288675
0.999751 0.015396
0.999243 0.044231
0.978201 0.087532
0.966059 0.099473
0.999791 0.105563
0.999592 0.183065
0.999158 0.138061
0.999633 0.148994
0.959146 0.248803
0.985275 0.259597
0.944261 0.253702
0.879870 0.211325
0.873150 0.261450
0.999954 0.232089
0.842222 0.274498
0.999271 0.000313
0.999987 0.054331
0.999808 0.074323
0.999546 0.095145
0.999503 0.116262
0.975394 0.166562
0.977637 0.204346
0.903760 0.237006
0.999911 0.246871
0.999565 0.194887
0.971267 0.255395
0.858425 0.277332
0.807566 0.272187
0.892665 0.288997
0.999887 0.025123
0.999467 0.034533
0.999939 0.064267
0.999604 0.084615
0.974878 0.148737
0.999451 0.127137
0.999109 0.207321
0.924321 0.180623
0.999525 0.219627
0.998972 0.160213
0.999304 0.171538
0.844159 0.260008
0.888489 0.245574
0.904046 0.360714
0.910548 0.350964
