0.000213 0.024978
0.000122 0.063035
0.000696 0.092832
0.000698 0.123682
0.001047 0.134244
0.097176 0.261307
0.000389 0.177275
0.000816 0.188952
0.028078 0.265303
0.142459 0.287645
0.133329 0.345414
0.114867 0.244769
0.071697 0.226987
0.160175 0.307892
0.000310 0.015125
0.000750 0.043439
0.000855 0.072923
0.021368 0.051708
0.023572 0.201306
0.000464 0.200619
0.000917 0.166202
0.005655 0.276196
0.000280 0.235795
0.000388 0.249101
0.041927 0.252781
0.054333 0.253775
0.123611 0.289351
0.137374 0.245673
0.160071 0.269419
0.001196 0.000755
0.000181 0.053190
0.000169 0.082890
0.000290 0.102899
0.000432 0.113116
0.000105 0.212471
0.000439 0.155381
0.017900 0.274456
0.000167 0.223769
0.115550 0.278758
0.068036 0.257787
0.125384 0.259975
0.158326 0.295262
0.131964 0.338131
0.001056 0.000431
0.020994 0.024605
0.025991 0.037533
0.023558 0.086266
0.024190 0.162053
0.065434 0.170233
0.037858 0.150802
0.000968 0.263673
0.086308 0.221966
0.052100 0.198979
0.049492 0.217844
0.104506 0.269316
0.077613 0.255625
0.090803 0.245957
0.145148 0.325077
0.011887 0.000272
0.041681 0.038225
0.000900 0.034193
0.021994 0.068348
0.000133 0.144766
0.038062 0.187714
0.043323 0.169743
0.063194 0.186331
0.026145 0.229147
0.080837 0.189965
0.051812 0.233436
0.132528 0.207745
0.102400 0.226594
0.136329 0.362180
0.030219 0.000489
0.021541 0.001123
0.054938 0.054677
0.038565 0.055105
0.022897 0.179703
0.021705 0.121540
0.052254 0.135303
0.056144 0.156037
0.072653 0.207931
0.098992 0.184571
0.111874 0.171380
0.095592 0.202962
0.125392 0.305637
0.126618 0.311691
0.164481 0.322840
0.038781 0.000875
0.052579 0.024656
0.037349 0.071726
0.050479 0.098931
0.035915 0.130382
0.037879 0.111482
0.075143 0.153943
0.135674 0.162276
0.034990 0.215661
0.086106 0.171613
0.022789 0.249427
0.121862 0.226443
0.113127 0.210298
0.145375 0.268276
0.047377 0.000794
0.037118 0.022104
0.067439 0.022499
0.060285 0.039045
0.039227 0.089043
0.063030 0.088518
0.023657 0.141828
0.069259 0.135600
0.119187 0.154971
0.096873 0.157305
0.118453 0.192970
0.170733 0.203926
0.154016 0.218616
0.193833 0.263474
0.164196 0.341159
0.056008 0.000372
0.083349 0.024054
0.077701 0.038271
0.053619 0.072588
0.069117 0.072434
0.023563 0.102443
0.068233 0.107562
0.055115 0.119188
0.177093 0.173169
0.129405 0.177460
0.144203 0.185723
0.176585 0.221752
0.140469 0.228348
0.185259 0.237534
0.064650 0.000292
0.073352 0.000704
0.097962 0.023293
0.090222 0.049975
0.071539 0.054646
0.083879 0.067696
0.090618 0.107795
0.079096 0.094139
0.087157 0.140888
0.155692 0.170447
0.196040 0.219868
0.149492 0.200923
0.174975 0.253530
0.162756 0.233382
0.154353 0.364651
0.081946 0.000928
0.113827 0.024009
0.118829 0.038118
0.109817 0.053019
0.099916 0.066239
0.090043 0.083748
0.077299 0.121561
0.096070 0.125673
0.107219 0.142098
0.168941 0.156227
0.165477 0.187761
0.186763 0.186753
0.199385 0.247043
0.169473 0.355689
0.090579 0.000148
0.107811 0.000932
0.129977 0.023296
0.099210 0.038027
0.118299 0.069005
0.107791 0.082885
0.105164 0.097877
0.109588 0.114402
0.119143 0.128919
0.132194 0.142074
0.186579 0.157518
0.188109 0.202402
0.235820 0.280353
0.176672 0.274722
0.137030 0.386700
0.099212 0.000558
0.135912 0.038757
0.127675 0.054568
0.134630 0.073042
0.141948 0.090568
0.124754 0.088651
0.124226 0.106617
0.136113 0.122963
0.150573 0.136090
0.151282 0.153569
0.204578 0.182712
0.221536 0.242614
0.213470 0.261558
0.155848 0.250676
0.116371 0.000757
0.142171 0.000901
0.146821 0.023242
0.144556 0.056298
0.150858 0.072058
0.159139 0.087301
0.141825 0.107454
0.173862 0.124839
0.171859 0.140227
0.193218 0.142354
0.199698 0.166941
0.206835 0.203301
0.231709 0.258886
0.222465 0.300714
0.179637 0.292008
0.124933 0.000625
0.151895 0.038951
0.162081 0.057412
0.170527 0.073630
0.188253 0.075639
0.160490 0.104235
0.156762 0.121017
0.191772 0.126175
0.218782 0.167651
0.219418 0.190966
0.222261 0.216603
0.208712 0.229616
0.230599 0.339095
0.213867 0.336805
0.133545 0.000621
0.176335 0.000153
0.163328 0.024983
0.179021 0.057753
0.177498 0.090769
0.177910 0.107804
0.209171 0.131537
0.210092 0.151729
0.231046 0.201999
0.233324 0.157222
0.233785 0.231174
0.249391 0.264452
0.191750 0.354086
0.198382 0.282408
0.185855 0.308388
0.150784 0.000493
0.168260 0.040672
0.195001 0.057927
0.195240 0.092814
0.195872 0.109967
0.224032 0.123246
0.224643 0.142254
0.248081 0.170494
0.231925 0.178226
0.248389 0.245392
0.256809 0.281769
0.217345 0.278718
0.160382 0.388024
0.141904 0.413226
0.159327 0.000599
0.178989 0.023918
0.184549 0.040013
0.200995 0.040435
0.212808 0.091400
0.211721 0.110172
0.241450 0.137587
0.265275 0.166532
0.249041 0.186645
0.246625 0.206193
0.264131 0.257266
0.241678 0.296958
0.234146 0.317700
0.211770 0.318529
0.140105 0.413184
0.167817 0.000474
0.217652 0.039517
0.204707 0.074442
0.239235 0.072035
0.221196 0.073604
0.228147 0.104704
0.263888 0.196392
0.272980 0.180888
0.248627 0.222781
0.256317 0.304614
0.250044 0.325376
0.247256 0.348523
0.227582 0.358849
0.166335 0.409346
0.184890 0.000407
0.195028 0.024340
0.234369 0.039635
0.212005 0.056620
0.252631 0.086340
0.232019 0.087918
0.251389 0.152085
0.283498 0.161956
0.263289 0.232533
0.295442 0.278686
0.295444 0.238821
0.211017 0.357722
0.241922 0.390797
0.199704 0.383930
0.176045 0.410041
0.193432 0.000620
0.210801 0.024067
0.251682 0.039333
0.257832 0.070668
0.246245 0.101579
0.241154 0.120121
0.269236 0.147848
0.289626 0.209267
0.282758 0.263331
0.274971 0.279158
0.274593 0.296482
0.260583 0.361748
0.204898 0.297810
0.194523 0.323180
0.201959 0.001220
0.252742 0.000341
0.227152 0.024202
0.229161 0.057026
0.266502 0.096133
0.257991 0.115407
0.259356 0.132645
0.277355 0.128564
0.302027 0.189970
0.267204 0.213775
0.289588 0.311767
0.269778 0.318070
0.266955 0.336494
0.204944 0.406368
0.174619 0.385538
0.210481 0.000692
0.243214 0.024337
0.268523 0.038720
0.273184 0.077711
0.284051 0.091394
0.274637 0.111497
0.303106 0.156311
0.283297 0.193815
0.310348 0.204666
0.282578 0.224961
0.310529 0.307261
0.278799 0.349223
0.277720 0.376412
0.185895 0.337006
0.218995 0.000774
0.286311 0.000297
0.259522 0.023766
0.246862 0.055250
0.292569 0.074813
0.291196 0.106815
0.286478 0.143325
0.303538 0.138391
0.294831 0.173720
0.340742 0.198551
0.313409 0.245337
0.278987 0.244656
0.299920 0.348793
0.324333 0.328344
0.243541 0.374592
0.227473 0.000378
0.275914 0.024655
0.281885 0.061914
0.265427 0.056130
0.309187 0.105203
0.295972 0.123019
0.314652 0.121916
0.320765 0.159056
0.314461 0.175330
0.348524 0.231693
0.298253 0.294015
0.330409 0.260668
0.186531 0.370094
0.269471 0.376733
0.235933 0.000289
0.311397 0.000870
0.283284 0.045255
0.310252 0.072136
0.302502 0.089407
0.326887 0.104665
0.344569 0.110941
0.321169 0.140696
0.324640 0.190970
0.356502 0.145608
0.327027 0.212805
0.305118 0.223018
0.302409 0.258672
0.216498 0.378337
0.296684 0.368824
0.244380 0.000793
0.290341 0.024515
0.317033 0.056691
0.320142 0.087537
0.329060 0.072120
0.337378 0.091094
0.353193 0.127766
0.339151 0.157567
0.355552 0.165397
0.335274 0.175146
0.316472 0.270953
0.330195 0.305742
0.191845 0.409069
0.289094 0.329359
0.261149 0.000203
0.336266 0.000799
0.299774 0.057049
0.334784 0.056711
0.346506 0.076744
0.354834 0.095556
0.363346 0.109971
0.332248 0.122920
0.338414 0.139526
0.351975 0.182895
0.362200 0.197641
0.340768 0.273437
0.367934 0.230803
0.437576 0.334898
0.352566 0.250112
0.269559 0.000170
0.297889 0.038984
0.314580 0.039950
0.370562 0.065546
0.363301 0.080611
0.375595 0.095292
0.390968 0.144427
0.372038 0.124178
0.373937 0.140105
0.372406 0.158650
0.323770 0.229052
0.340126 0.362274
0.810395 0.302460
0.234928 0.393458
0.277925 0.000197
0.361220 0.000092
0.350667 0.061322
0.332050 0.040381
0.363545 0.050836
0.394534 0.091038
0.384514 0.110200
0.419701 0.100723
0.411633 0.137709
0.387840 0.165888
0.371277 0.178522
0.381006 0.195044
0.366397 0.213934
0.346355 0.215410
0.367681 0.348852
0.294664 0.000377
0.306472 0.024249
0.338418 0.024896
0.379578 0.041634
0.381858 0.078427
0.401680 0.106664
0.392490 0.126873
0.403960 0.155095
0.423362 0.152447
0.393707 0.181646
0.386218 0.211762
0.410193 0.229849
0.213586 0.401317
0.351826 0.345225
0.303029 0.001039
0.322822 0.025192
0.365716 0.032329
0.385973 0.057140
0.410957 0.085279
0.450625 0.086305
0.427881 0.117622
0.410562 0.120951
0.438527 0.101117
0.402488 0.196848
0.446397 0.201799
0.424976 0.202548
0.395614 0.243916
0.373170 0.247074
0.334373 0.243776
0.319673 0.000239
0.348899 0.040806
0.378034 0.024147
0.397405 0.039867
0.416426 0.040218
0.416228 0.069690
0.457120 0.103419
0.451094 0.136388
0.429688 0.169711
0.410182 0.171655
0.419363 0.186761
0.378964 0.279232
0.334319 0.364195
0.319747 0.287418
0.327960 0.000544
0.402523 0.000270
0.354139 0.023997
0.393919 0.025203
0.397461 0.070948
0.436530 0.070216
0.430466 0.085066
0.446212 0.118711
0.431456 0.135084
0.440154 0.185934
0.461957 0.152083
0.361699 0.264600
0.381263 0.262384
0.322408 0.350099
0.375119 0.344707
0.344600 0.000806
0.435405 0.038813
0.404424 0.055070
0.442867 0.055248
0.474084 0.078350
0.477697 0.109309
0.449519 0.168919
0.441970 0.152395
0.456410 0.302401
0.387840 0.228877
0.406190 0.214242
0.417992 0.243862
0.372908 0.325735
0.305336 0.366609
0.352950 0.000186
0.410779 0.000837
0.476748 0.000355
0.444013 0.024712
0.410463 0.025112
0.492564 0.081370
0.470655 0.093199
0.490919 0.096898
0.469423 0.168481
0.464485 0.121665
0.403884 0.306303
0.436032 0.233013
0.340741 0.292513
0.366903 0.296547
0.441768 0.263740
0.369439 0.000965
0.460244 0.000218
0.426483 0.025064
0.424390 0.055235
0.508881 0.125480
0.532083 0.134366
0.486759 0.124139
0.482787 0.151115
0.461333 0.185131
0.357104 0.283465
0.307803 0.328354
0.756333 0.328841
0.520505 0.322685
0.384621 0.304502
0.377650 0.000839
0.451998 0.000166
0.484975 0.000634
0.486483 0.050680
0.519909 0.040437
0.537538 0.171169
0.516341 0.167573
0.516203 0.141933
0.574177 0.234345
0.394308 0.324513
0.565782 0.317039
0.958679 0.178766
0.505489 0.262426
0.408716 0.338213
0.345604 0.314006
0.419020 0.000608
0.468493 0.000280
0.608214 0.039656
0.455812 0.071504
0.460202 0.054148
0.505989 0.195266
0.503297 0.155882
0.472566 0.136663
0.492264 0.222123
0.428634 0.218082
0.488869 0.326727
0.363320 0.313571
0.440766 0.317266
0.341156 0.331515
0.394222 0.000181
0.435492 0.000207
0.509697 0.000395
0.462832 0.025128
0.597710 0.192014
0.511513 0.073867
0.629882 0.314096
0.487911 0.168221
0.416350 0.292307
0.467223 0.201759
0.864906 0.226329
0.668782 0.321783
0.768890 0.336629
0.400992 0.340142
0.658553 0.327877
0.534317 0.000356
0.501485 0.001008
0.427265 0.000180
0.137493 0.377919
0.474644 0.062880
0.499720 0.110859
0.399481 0.261285
0.574635 0.281031
0.480895 0.236694
0.783376 0.338470
0.838158 0.223440
0.485034 0.290207
0.803053 0.321999
0.464104 0.316704
0.600227 0.000600
0.550782 0.000856
0.385960 0.000334
0.493246 0.000929
0.528648 0.026676
0.473290 0.040184
0.510545 0.089652
0.545386 0.146352
0.472054 0.218080
0.914038 0.442660
0.394069 0.286898
0.431331 0.335596
0.473461 0.322729
0.418601 0.315297
0.557683 0.316721
0.592000 0.000367
0.517901 0.000397
0.443766 0.000133
0.494745 0.025783
0.453940 0.037745
0.863808 0.198553
0.743390 0.316371
0.604173 0.324309
0.848679 0.355059
0.507443 0.296865
0.882128 0.435417
0.503371 0.321658
0.491204 0.309217
0.514660 0.245611
0.616812 0.000327
0.567256 0.000810
0.499159 0.039681
0.526104 0.000436
0.495186 0.065232
0.509139 0.054508
0.525172 0.061547
0.496237 0.138660
0.528955 0.155459
0.481802 0.186367
0.459575 0.234127
0.409989 0.274183
0.467430 0.252145
0.430277 0.278590
0.540441 0.306495
0.633368 0.000122
0.542549 0.000061
0.543225 0.026298
0.511778 0.026365
0.479667 0.026220
0.530321 0.078252
0.546596 0.123844
0.560447 0.134581
0.553704 0.160490
0.501459 0.179362
0.434933 0.299016
0.509205 0.230484
0.460002 0.268654
0.527891 0.316532
0.641678 0.000636
0.559044 0.000826
0.578224 0.025533
0.570708 0.040088
0.551495 0.039202
0.525496 0.118121
0.562019 0.113972
0.569392 0.149449
0.543132 0.189978
0.488144 0.203298
0.535892 0.240044
0.597431 0.324311
0.445956 0.247545
0.482489 0.263832
0.829075 0.329842
0.658205 0.000162
0.613206 0.025717
0.596162 0.024809
0.561273 0.025805
0.535852 0.046883
0.543019 0.065675
0.516605 0.104163
0.540911 0.107845
0.557849 0.178257
0.526941 0.203074
0.544733 0.273006
0.509759 0.212457
0.492997 0.248089
0.423404 0.258872
0.666479 0.000815
0.575496 0.000991
0.628296 0.025122
0.555785 0.055294
0.574887 0.056392
0.563092 0.070366
0.531672 0.093944
0.555202 0.097100
0.576029 0.123776
0.561438 0.197118
0.544853 0.209658
0.529174 0.222864
0.713766 0.331949
0.690154 0.326642
0.646890 0.323383
0.683161 0.000780
0.583748 0.000344
0.608545 0.000199
0.589893 0.038515
0.548733 0.082997
0.584566 0.072100
0.573987 0.099988
0.576126 0.185513
0.592468 0.175102
0.566192 0.215925
0.523398 0.184988
0.523781 0.292221
0.499785 0.278666
0.452346 0.286637
0.691584 0.000780
0.625107 0.000167
0.645097 0.024723
0.622467 0.068354
0.591830 0.054895
0.571104 0.083766
0.588064 0.109148
0.574689 0.165731
0.603668 0.139160
0.615554 0.151565
0.530646 0.257804
0.616042 0.182487
0.549949 0.257726
0.560966 0.243521
0.713504 0.318190
0.708229 0.000790
0.635300 0.038716
0.629086 0.086303
0.621805 0.048502
0.607493 0.059504
0.601731 0.074867
0.590823 0.090227
0.591321 0.155640
0.601244 0.212132
0.608396 0.166482
0.608866 0.232815
0.865853 0.368183
0.451379 0.218174
0.848951 0.337888
0.716582 0.000034
0.649943 0.000867
0.661997 0.024909
0.637852 0.056045
0.611875 0.087322
0.605431 0.103042
0.584527 0.138916
0.615123 0.118227
0.623356 0.134070
0.616779 0.202204
0.581957 0.203545
0.544634 0.288616
0.522121 0.273972
0.549672 0.227371
0.581097 0.310172
0.724900 0.000379
0.682375 0.022684
0.653649 0.039151
0.654061 0.057168
0.639965 0.073171
0.597486 0.123197
0.634510 0.117622
0.634287 0.151658
0.630269 0.168291
0.587194 0.222455
0.694459 0.302900
0.615803 0.312326
0.701233 0.333350
0.473173 0.282913
0.741747 0.000783
0.674765 0.000609
0.692904 0.034320
0.673818 0.035229
0.669447 0.050219
0.655865 0.077430
0.626048 0.102606
0.642629 0.132566
0.632259 0.193008
0.621052 0.221361
0.632425 0.264890
0.631087 0.245392
0.590469 0.295325
0.838896 0.348846
0.823317 0.318605
0.750112 0.000214
0.703687 0.024201
0.689016 0.049070
0.685841 0.064669
0.669903 0.067763
0.646860 0.092212
0.648826 0.107260
0.651864 0.200425
0.637688 0.212214
0.615225 0.252901
0.595215 0.243632
0.564343 0.292614
0.656794 0.289526
0.860583 0.369130
0.758543 0.000523
0.699895 0.000318
0.719029 0.025983
0.705691 0.055945
0.684398 0.081900
0.668986 0.088195
0.658977 0.121056
0.651319 0.148409
0.643385 0.179863
0.666627 0.211925
0.582464 0.255550
0.635998 0.283343
0.571108 0.264599
0.738329 0.298329
0.880364 0.354491
0.767099 0.000936
0.734450 0.023154
0.710816 0.040604
0.702934 0.071264
0.667495 0.104496
0.679032 0.118495
0.665324 0.135889
0.661588 0.185029
0.639861 0.230277
0.658280 0.243723
0.648871 0.306699
0.607129 0.265410
0.909730 0.447467
0.674981 0.306521
0.775607 0.000564
0.733334 0.001020
0.746790 0.030522
0.718366 0.075867
0.685677 0.100645
0.696487 0.124356
0.682793 0.136037
0.654316 0.165521
0.657650 0.226248
0.608706 0.291710
0.678522 0.237889
0.677289 0.273185
0.675482 0.256682
0.797646 0.336197
0.681633 0.290774
0.792678 0.000149
0.743823 0.046700
0.728853 0.040326
0.699941 0.088625
0.700966 0.108357
0.699828 0.144840
0.670186 0.154059
0.674306 0.173473
0.649828 0.258343
0.718627 0.279755
0.716056 0.259727
0.595856 0.276186
0.696859 0.268687
0.624208 0.291267
0.801241 0.000408
0.759448 0.022994
0.722580 0.057190
0.734303 0.081580
0.716848 0.113199
0.713624 0.129961
0.717407 0.148881
0.687492 0.156601
0.675704 0.195972
0.691545 0.192673
0.657449 0.274186
0.696617 0.252306
0.782967 0.318236
0.789681 0.290594
0.719762 0.302642
0.809839 0.000242
0.765811 0.054166
0.751216 0.061992
0.715333 0.093482
0.733274 0.115960
0.731581 0.133310
0.733552 0.153431
0.691229 0.174169
0.725315 0.209731
0.735380 0.246643
0.742478 0.282980
0.705258 0.287971
0.763321 0.305094
0.738882 0.327516
0.827115 0.000717
0.784136 0.000068
0.762743 0.038526
0.735880 0.064824
0.750201 0.083675
0.731762 0.098375
0.749294 0.121062
0.706954 0.163094
0.709477 0.200958
0.681963 0.221120
0.695766 0.212205
0.753014 0.238326
0.751877 0.260834
0.850876 0.318682
0.914807 0.429437
0.835835 0.000301
0.776455 0.023349
0.780349 0.037351
0.763709 0.074638
0.768797 0.090985
0.748800 0.101414
0.722591 0.171678
0.739706 0.171855
0.710322 0.184016
0.743734 0.209509
0.717005 0.242090
0.736877 0.228442
0.851119 0.408905
0.779079 0.301065
0.844485 0.001002
0.818484 0.000477
0.793541 0.023424
0.785798 0.052615
0.778079 0.066822
0.783845 0.101375
0.763866 0.107473
0.765122 0.128779
0.748597 0.139802
0.699543 0.234231
0.715050 0.223758
0.736672 0.269129
0.788940 0.272256
0.889311 0.309635
0.853614 0.404338
0.861989 0.000192
0.809982 0.022924
0.798922 0.038337
0.795772 0.069598
0.785732 0.084209
0.805811 0.085310
0.778671 0.118266
0.767023 0.146616
0.731032 0.192326
0.748266 0.189848
0.763578 0.201776
0.760241 0.221479
0.760599 0.282746
0.770714 0.268990
0.870694 0.000837
0.853235 0.000315
0.826860 0.023940
0.816932 0.038151
0.805051 0.054277
0.823401 0.053705
0.800992 0.100747
0.796301 0.118836
0.783264 0.136036
0.751532 0.157674
0.759857 0.176103
0.780062 0.212530
0.775020 0.233546
0.770500 0.250606
0.833600 0.301867
0.888384 0.000835
0.861925 0.023759
0.844316 0.023519
0.835722 0.038201
0.814354 0.069566
0.825390 0.084646
0.820120 0.100854
0.801463 0.135221
0.789232 0.154145
0.772556 0.162780
0.774105 0.186044
0.791543 0.229118
0.807224 0.246383
0.880722 0.432944
0.897196 0.000235
0.879553 0.000146
0.879798 0.023461
0.854556 0.037872
0.843917 0.052609
0.833374 0.067895
0.851976 0.068895
0.838112 0.099769
0.815001 0.116282
0.834971 0.118489
0.789091 0.171117
0.789483 0.194047
0.831626 0.198832
0.856859 0.301076
0.902001 0.395282
0.906018 0.000551
0.916065 0.023860
0.872618 0.038352
0.878592 0.055321
0.862648 0.055622
0.867933 0.075863
0.844810 0.083943
0.852238 0.110311
0.855826 0.128084
0.803048 0.182726
0.819957 0.131576
0.798522 0.210640
0.812445 0.228734
0.789481 0.254007
0.914902 0.000254
0.923801 0.000070
0.925940 0.037641
0.898200 0.023939
0.890269 0.037548
0.884780 0.071732
0.894277 0.088645
0.860057 0.093182
0.869092 0.110804
0.840156 0.135109
0.868190 0.142519
0.806605 0.151444
0.813627 0.197563
0.905373 0.406420
0.877550 0.330362
0.932697 0.000125
0.934603 0.023606
0.908456 0.038534
0.895026 0.054815
0.919290 0.074627
0.877013 0.090650
0.886355 0.106956
0.876081 0.127124
0.888243 0.141448
0.825547 0.147388
0.832455 0.162216
0.844601 0.174197
0.825026 0.180011
0.835660 0.286409
0.941593 0.000806
0.952394 0.023513
0.943551 0.038355
0.911772 0.056389
0.902476 0.072182
0.911955 0.090905
0.894173 0.123930
0.910794 0.127761
0.909587 0.144956
0.849205 0.149287
0.887112 0.172548
0.858030 0.163756
0.811911 0.166754
0.822394 0.216180
0.866756 0.308702
0.950586 0.000493
0.943617 0.054918
0.927555 0.055563
0.935378 0.073103
0.944602 0.088263
0.903553 0.106624
0.926741 0.154955
0.896234 0.156739
0.903475 0.181598
0.915097 0.198032
0.943037 0.216545
0.868547 0.179491
0.847870 0.191165
0.894340 0.366568
0.959626 0.000374
0.970104 0.021911
0.961822 0.038047
0.952998 0.069960
0.961149 0.120474
0.927973 0.093131
0.919304 0.112425
0.875117 0.158577
0.941740 0.187118
0.912864 0.165638
0.931307 0.205220
0.851621 0.212351
0.929827 0.238904
0.892867 0.299214
0.882543 0.189933
0.968478 0.000822
0.978692 0.032828
0.962304 0.055266
0.950090 0.104729
0.957904 0.160825
0.939389 0.168018
0.941830 0.146175
0.922724 0.220602
0.891322 0.267094
0.896933 0.202047
0.966653 0.217569
0.907708 0.340193
0.821390 0.262107
0.846849 0.241997
0.977466 0.000729
0.999157 0.000693
0.977142 0.050289
0.977528 0.111617
0.935031 0.110958
0.943513 0.126362
0.957686 0.200657
0.974128 0.185946
0.979932 0.234345
0.904858 0.218757
0.931287 0.257641
0.883427 0.226378
0.896028 0.397273
0.826432 0.244139
0.860649 0.416474
0.987030 0.000904
0.976359 0.068173
0.963692 0.081231
0.976164 0.130378
0.959505 0.139169
0.927624 0.134537
0.917100 0.256184
0.861660 0.242914
0.997268 0.258812
0.906072 0.261331
0.879884 0.280017
0.952737 0.230469
0.886019 0.333158
0.809602 0.287883
0.999179 0.015380
0.999746 0.044263
0.978213 0.087409
0.966145 0.099130
0.999817 0.105577
0.999630 0.183088
0.999522 0.138109
0.999631 0.149025
0.958682 0.249203
0.985035 0.259640
0.943952 0.254152
0.880045 0.210920
0.873515 0.260718
0.998941 0.232140
0.842977 0.273776
0.999564 0.001058
0.998931 0.054338
0.999856 0.074330
0.999839 0.095169
0.999965 0.116281
0.975390 0.166541
0.977541 0.204506
0.904139 0.236766
0.999056 0.247049
0.999781 0.194913
0.971177 0.255514
0.858884 0.276874
0.807854 0.271368
0.894406 0.288181
0.999524 0.025112
0.999932 0.034539
0.999794 0.064275
0.999663 0.084630
0.974888 0.148595
0.999442 0.127148
0.999088 0.207345
0.924389 0.180505
0.999730 0.219702
0.998961 0.160245
0.999623 0.171592
0.844840 0.259415
0.889111 0.245042
0.905347 0.359459
0.911856 0.349743
