0.001007 0.024945
0.000048 0.063084
0.000306 0.092880
0.000508 0.123720
0.000768 0.134287
0.095997 0.262832
0.000349 0.177472
0.000045 0.189366
0.029365 0.265524
0.141483 0.286408
0.132260 0.342731
0.114463 0.244169
0.071578 0.226973
0.158570 0.306015
0.000307 0.015077
0.000099 0.043462
0.000404 0.072995
0.021276 0.051995
0.023699 0.201720
0.000955 0.200887
0.000788 0.166335
0.006523 0.275674
0.000633 0.236023
0.000650 0.249273
0.042299 0.253293
0.054969 0.253859
0.121778 0.288437
0.136965 0.244849
0.158810 0.268161
0.000286 0.000814
0.000676 0.053221
0.000875 0.082929
0.000117 0.102936
0.000530 0.113140
0.000862 0.212664
0.000340 0.155468
0.018083 0.274568
0.000843 0.223987
0.114531 0.278057
0.068226 0.259313
0.124663 0.259019
0.157210 0.293352
0.130408 0.335090
0.000835 0.000358
0.021075 0.024711
0.025960 0.037532
0.023473 0.086341
0.024193 0.162061
0.065337 0.170317
0.037886 0.150517
0.000743 0.264225
0.085940 0.222423
0.051917 0.198823
0.049420 0.218350
0.102183 0.268658
0.077578 0.256886
0.090192 0.245238
0.143483 0.322869
0.011900 0.000298
0.041883 0.038455
0.000483 0.034176
0.022133 0.068495
0.000705 0.144809
0.037876 0.187697
0.043356 0.170244
0.063105 0.186361
0.026145 0.229132
0.080650 0.190247
0.051477 0.233381
0.132086 0.207044
0.102123 0.226726
0.135456 0.359234
0.030212 0.000993
0.021547 0.000548
0.054829 0.054736
0.038574 0.055026
0.023115 0.179653
0.021699 0.121270
0.052409 0.135568
0.056207 0.155904
0.072498 0.207995
0.098784 0.184411
0.112075 0.170886
0.095269 0.202534
0.123350 0.303079
0.124830 0.310069
0.163106 0.321290
0.038741 0.000289
0.052360 0.024393
0.037288 0.071701
0.050766 0.098863
0.035983 0.130725
0.037747 0.111392
0.075098 0.153608
0.135545 0.162092
0.035188 0.216087
0.086095 0.171319
0.022370 0.250030
0.121382 0.226211
0.112490 0.210421
0.144284 0.266947
0.047359 0.000005
0.037045 0.022161
0.067711 0.022479
0.060279 0.038827
0.039209 0.089360
0.063027 0.088530
0.023565 0.141725
0.069051 0.135499
0.119004 0.154557
0.096793 0.157494
0.118307 0.192810
0.170499 0.202836
0.153720 0.217651
0.192924 0.261981
0.162662 0.338899
0.055999 0.000655
0.083575 0.024179
0.077332 0.038309
0.053453 0.072354
0.069040 0.072437
0.023732 0.102493
0.068310 0.107159
0.055271 0.118968
0.177042 0.172166
0.128969 0.176893
0.143661 0.185215
0.176239 0.220989
0.139663 0.227416
0.184747 0.236116
0.064649 0.000280
0.073351 0.000069
0.098219 0.023167
0.090142 0.049856
0.071580 0.054753
0.083899 0.067447
0.090614 0.107768
0.079089 0.094032
0.087064 0.140869
0.155536 0.169884
0.195329 0.218532
0.149381 0.200392
0.174379 0.252055
0.162168 0.232273
0.153471 0.361876
0.081960 0.001058
0.114086 0.023926
0.118764 0.038195
0.109805 0.053119
0.099905 0.066341
0.090155 0.083786
0.077358 0.121658
0.096380 0.125460
0.107028 0.141546
0.168864 0.155661
0.165086 0.187089
0.186671 0.185765
0.198802 0.245711
0.168283 0.353446
0.090581 0.000706
0.107827 0.000135
0.130077 0.023341
0.099319 0.037954
0.118454 0.068811
0.107911 0.082836
0.104876 0.097613
0.109595 0.114152
0.118990 0.128684
0.132289 0.141379
0.186700 0.156485
0.188051 0.201300
0.235248 0.278554
0.176191 0.272949
0.135628 0.384269
0.099217 0.000587
0.136109 0.038713
0.127851 0.054552
0.134732 0.073014
0.142057 0.090363
0.124831 0.088510
0.124348 0.106395
0.136162 0.122710
0.150643 0.135404
0.151413 0.152794
0.204513 0.181772
0.221327 0.241369
0.212755 0.259980
0.154853 0.249767
0.116398 0.000732
0.142192 0.000193
0.147032 0.023399
0.144624 0.056352
0.151180 0.071958
0.159386 0.087013
0.141930 0.106870
0.173964 0.123884
0.171911 0.139332
0.193321 0.141357
0.199772 0.165932
0.207117 0.202581
0.231248 0.257231
0.221644 0.298575
0.178821 0.290595
0.124961 0.000321
0.152005 0.039188
0.162321 0.057136
0.170694 0.073317
0.188376 0.075372
0.160539 0.103821
0.156781 0.120561
0.191757 0.125303
0.218607 0.166727
0.219247 0.189848
0.221733 0.215296
0.208577 0.228270
0.229803 0.336862
0.212443 0.335120
0.133577 0.000883
0.176336 0.000259
0.163451 0.024853
0.179094 0.057605
0.177616 0.090342
0.178077 0.107040
0.209200 0.130748
0.210165 0.150872
0.231223 0.200796
0.233451 0.156538
0.233521 0.229748
0.248715 0.262830
0.190643 0.351816
0.197520 0.280903
0.184920 0.306421
0.150790 0.000353
0.168576 0.040405
0.195267 0.057973
0.195441 0.092164
0.196054 0.109228
0.224144 0.122630
0.224749 0.141352
0.248255 0.169442
0.231902 0.177206
0.247967 0.243641
0.256192 0.280257
0.216458 0.277052
0.159112 0.385855
0.140412 0.410263
0.159332 0.001148
0.179254 0.024046
0.184973 0.040122
0.201490 0.040415
0.213038 0.090991
0.211879 0.109508
0.241551 0.136770
0.265261 0.165480
0.249078 0.185539
0.246631 0.204847
0.263673 0.255698
0.240879 0.294925
0.233413 0.315914
0.210967 0.316356
0.139029 0.410510
0.167821 0.000705
0.218159 0.039453
0.205058 0.074233
0.239627 0.071426
0.221491 0.073202
0.228280 0.104016
0.263854 0.195142
0.272884 0.179904
0.248228 0.221348
0.255718 0.302504
0.248970 0.323267
0.246250 0.346221
0.226531 0.356574
0.164988 0.407056
0.184880 0.000308
0.195241 0.024518
0.234897 0.039486
0.212182 0.056470
0.252765 0.085771
0.232282 0.087240
0.251353 0.151134
0.283421 0.160939
0.262933 0.231249
0.295034 0.276608
0.294984 0.237039
0.209696 0.355323
0.240893 0.388165
0.198256 0.381344
0.174664 0.407562
0.193418 0.001123
0.211167 0.024152
0.252246 0.038927
0.258159 0.070089
0.246458 0.100866
0.241186 0.119346
0.269238 0.146851
0.289356 0.207841
0.282251 0.261487
0.274305 0.277015
0.273936 0.294523
0.259421 0.359380
0.203618 0.296202
0.193264 0.321440
0.201940 0.000862
0.252727 0.000603
0.227681 0.024253
0.229403 0.056794
0.266723 0.095440
0.258134 0.114741
0.259642 0.131724
0.277639 0.127628
0.301851 0.188663
0.267007 0.212387
0.288636 0.309359
0.268925 0.315915
0.265950 0.334104
0.203714 0.403733
0.173602 0.383115
0.210461 0.000966
0.243807 0.024180
0.268962 0.038420
0.273476 0.077132
0.284254 0.090652
0.274918 0.110549
0.303059 0.155130
0.283276 0.192754
0.310027 0.203332
0.282106 0.223661
0.309611 0.304992
0.277789 0.346707
0.276735 0.373499
0.184555 0.334429
0.218975 0.000847
0.286311 0.000278
0.260248 0.023418
0.247173 0.054810
0.292962 0.074106
0.291582 0.106042
0.286501 0.142547
0.303684 0.137430
0.294558 0.172634
0.340648 0.196568
0.313090 0.243520
0.278798 0.242948
0.298914 0.346029
0.323491 0.325702
0.242642 0.372101
0.227448 0.000864
0.276572 0.024425
0.282284 0.061341
0.265791 0.055790
0.309523 0.104257
0.296080 0.122198
0.314862 0.120925
0.320821 0.157552
0.314054 0.173922
0.348267 0.229716
0.297645 0.291863
0.329979 0.258660
0.185023 0.367886
0.268520 0.374061
0.235909 0.000996
0.311417 0.000514
0.283555 0.044734
0.310672 0.071389
0.302847 0.088510
0.327168 0.103717
0.344788 0.109995
0.321254 0.139419
0.324375 0.189166
0.356853 0.144083
0.326831 0.210928
0.304999 0.221336
0.301921 0.256715
0.215278 0.375890
0.295647 0.365780
0.244344 0.000374
0.290989 0.024208
0.317375 0.055923
0.320589 0.086707
0.329379 0.071379
0.337883 0.090154
0.353610 0.126484
0.339200 0.156008
0.355615 0.163779
0.334921 0.173545
0.315891 0.268977
0.329448 0.303347
0.190458 0.406569
0.287890 0.327129
0.261146 0.000462
0.336264 0.000750
0.300163 0.056416
0.335138 0.056106
0.346811 0.075890
0.355158 0.094693
0.363640 0.108692
0.332573 0.121798
0.338717 0.138278
0.351851 0.180788
0.362021 0.195615
0.340338 0.271027
0.367808 0.228645
0.437407 0.331680
0.352246 0.247924
0.269558 0.000218
0.298314 0.038683
0.315065 0.039358
0.370697 0.064890
0.363590 0.079825
0.375879 0.094342
0.391042 0.142863
0.372385 0.122708
0.374243 0.138525
0.372483 0.156914
0.323232 0.227228
0.339513 0.359039
0.811957 0.300744
0.233703 0.390614
0.277924 0.000388
0.361218 0.000781
0.351075 0.060727
0.332516 0.040043
0.363751 0.050173
0.394781 0.090055
0.384722 0.108863
0.419727 0.099621
0.411722 0.136134
0.388072 0.163873
0.371429 0.176636
0.380893 0.192964
0.366220 0.211825
0.346084 0.213492
0.367140 0.345975
0.294671 0.000641
0.306920 0.023907
0.338693 0.024666
0.379912 0.041193
0.381984 0.077531
0.401850 0.105414
0.392778 0.125334
0.404149 0.153273
0.423369 0.150739
0.393695 0.179627
0.386230 0.209574
0.409838 0.227624
0.212257 0.398701
0.351029 0.342284
0.303042 0.000537
0.323226 0.024790
0.366029 0.032075
0.386117 0.056776
0.411085 0.084478
0.450566 0.085525
0.427913 0.116171
0.410689 0.119613
0.438547 0.099874
0.402484 0.194574
0.446178 0.199730
0.424913 0.200378
0.395400 0.241605
0.373110 0.244896
0.334296 0.241695
0.319678 0.000838
0.349260 0.040306
0.378137 0.023836
0.397666 0.039603
0.416484 0.039929
0.416396 0.069083
0.457148 0.102409
0.451062 0.134790
0.429809 0.167715
0.410273 0.169710
0.419293 0.184723
0.378664 0.276918
0.333464 0.361057
0.319101 0.285259
0.327957 0.000026
0.402521 0.000109
0.354403 0.023628
0.393974 0.025156
0.397557 0.070396
0.436635 0.069578
0.430495 0.084126
0.446068 0.117394
0.431481 0.133447
0.440007 0.183816
0.461741 0.150513
0.361249 0.262404
0.381071 0.260192
0.321754 0.347226
0.374990 0.341290
0.344600 0.000112
0.435432 0.038546
0.404411 0.054705
0.442899 0.054777
0.474035 0.077709
0.477728 0.108261
0.449550 0.166965
0.441820 0.150616
0.456491 0.299755
0.387624 0.226576
0.406080 0.211993
0.417767 0.241516
0.372777 0.323329
0.304417 0.363744
0.352950 0.000178
0.410770 0.000501
0.476768 0.000947
0.444232 0.024546
0.410543 0.024886
0.492393 0.080741
0.470614 0.092434
0.490927 0.096052
0.469420 0.166691
0.464289 0.120356
0.403324 0.303502
0.435629 0.230779
0.340257 0.290360
0.366572 0.294071
0.441509 0.261287
0.369437 0.000385
0.460261 0.000862
0.426659 0.024883
0.424409 0.054752
0.508902 0.124112
0.531878 0.132955
0.486615 0.122792
0.482516 0.149248
0.461042 0.183100
0.356669 0.280881
0.307003 0.325659
0.758401 0.327147
0.520448 0.319737
0.384456 0.301787
0.377653 0.001071
0.452014 0.000527
0.484990 0.000375
0.486569 0.050161
0.519658 0.040128
0.537360 0.169250
0.516275 0.165721
0.516021 0.140438
0.574139 0.231970
0.393874 0.321472
0.566471 0.314236
0.958683 0.178990
0.505189 0.259658
0.408601 0.335156
0.345180 0.311135
0.419022 0.000598
0.468506 0.000382
0.607908 0.039578
0.455917 0.070942
0.460335 0.053879
0.505648 0.193141
0.503049 0.153971
0.472410 0.135208
0.491954 0.219483
0.428418 0.215884
0.488833 0.323409
0.362663 0.310703
0.440703 0.314073
0.340796 0.329220
0.394228 0.000566
0.435516 0.000929
0.509709 0.000907
0.462980 0.025079
0.597758 0.190186
0.511512 0.073281
0.630876 0.312089
0.487852 0.166246
0.416125 0.289643
0.466951 0.199483
0.865485 0.225664
0.670615 0.319762
0.771643 0.334574
0.400465 0.336983
0.659723 0.325405
0.534318 0.000183
0.501506 0.000492
0.427277 0.000545
0.135943 0.375473
0.474793 0.062353
0.499824 0.109748
0.399315 0.258778
0.574898 0.278596
0.480373 0.234159
0.786149 0.336467
0.838602 0.221915
0.484730 0.287427
0.805322 0.320742
0.463605 0.313840
0.600216 0.001110
0.550760 0.000484
0.385968 0.000299
0.493277 0.000165
0.528477 0.026377
0.473246 0.040009
0.510427 0.088760
0.545324 0.144639
0.471826 0.215704
0.916892 0.440311
0.393715 0.284235
0.430720 0.332355
0.473419 0.319813
0.418372 0.312505
0.557782 0.313912
0.591990 0.000929
0.517905 0.000146
0.443785 0.000929
0.494724 0.025603
0.453946 0.037576
0.864081 0.197786
0.744841 0.314724
0.605162 0.321548
0.851386 0.352216
0.507329 0.293930
0.883770 0.433018
0.503332 0.317967
0.490912 0.305781
0.514474 0.242854
0.616784 0.000108
0.567234 0.000407
0.499290 0.039434
0.526107 0.000252
0.495219 0.064667
0.509151 0.054212
0.525181 0.060909
0.496131 0.137058
0.528911 0.153782
0.481566 0.184227
0.459289 0.231453
0.409680 0.271732
0.467277 0.249479
0.430132 0.275925
0.540648 0.304166
0.633356 0.000920
0.542546 0.001180
0.543084 0.026064
0.511785 0.026076
0.479762 0.026133
0.530175 0.077542
0.546537 0.122685
0.560500 0.133201
0.553585 0.158886
0.501217 0.177164
0.434447 0.296116
0.508999 0.227882
0.459752 0.265684
0.528171 0.313442
0.641668 0.000586
0.559022 0.000821
0.578233 0.025223
0.570570 0.039755
0.551460 0.038834
0.525558 0.116859
0.561876 0.112917
0.569357 0.147895
0.542876 0.187827
0.488030 0.200854
0.535664 0.237301
0.597813 0.321234
0.445562 0.245041
0.482397 0.261111
0.830805 0.328542
0.658212 0.000247
0.613031 0.025713
0.596157 0.024581
0.561201 0.025574
0.535767 0.046284
0.542774 0.064863
0.516663 0.103087
0.540924 0.106719
0.557815 0.176257
0.526787 0.200752
0.544736 0.270635
0.509586 0.210032
0.492996 0.245279
0.422921 0.256521
0.666471 0.001120
0.575482 0.000466
0.628012 0.024979
0.555755 0.054850
0.574723 0.055919
0.562950 0.069771
0.531622 0.092971
0.555088 0.096105
0.576051 0.122461
0.561181 0.195161
0.544748 0.207216
0.528965 0.220429
0.715620 0.330123
0.691267 0.323706
0.647358 0.320994
0.683173 0.000324
0.583735 0.000430
0.608525 0.000829
0.589605 0.038111
0.548631 0.081993
0.584422 0.071516
0.573747 0.099069
0.576137 0.183752
0.592291 0.173349
0.566101 0.213593
0.523093 0.182909
0.523940 0.289293
0.499514 0.275679
0.451879 0.283538
0.691582 0.000983
0.625080 0.001052
0.644707 0.024548
0.622242 0.067725
0.591708 0.054500
0.571017 0.082996
0.588130 0.108008
0.574600 0.163973
0.603621 0.137898
0.615521 0.150206
0.530626 0.255130
0.615850 0.180675
0.549819 0.255047
0.560870 0.240903
0.715409 0.316680
0.708233 0.000767
0.635221 0.038625
0.628799 0.085393
0.621713 0.048106
0.607350 0.059086
0.601594 0.074249
0.590635 0.089406
0.591353 0.154221
0.601195 0.210016
0.608378 0.164913
0.608991 0.230503
0.868423 0.366456
0.451002 0.215848
0.851491 0.334602
0.716581 0.000787
0.649952 0.000392
0.661847 0.024693
0.637782 0.055881
0.611827 0.086470
0.605383 0.101987
0.584485 0.137534
0.614887 0.117048
0.623151 0.132723
0.616833 0.200328
0.581802 0.201407
0.544766 0.285645
0.521937 0.271360
0.549418 0.224852
0.581324 0.308036
0.724903 0.000789
0.682020 0.022693
0.653399 0.038734
0.653753 0.056571
0.639731 0.072721
0.597338 0.122093
0.634198 0.116463
0.634102 0.149953
0.630281 0.166604
0.587199 0.220304
0.695007 0.300935
0.616348 0.310207
0.702807 0.330807
0.472639 0.280210
0.741761 0.000883
0.674767 0.001109
0.692624 0.034185
0.673486 0.035172
0.669035 0.049967
0.655553 0.076660
0.625978 0.101745
0.642377 0.131290
0.632168 0.191010
0.621123 0.219205
0.632359 0.262508
0.631337 0.243320
0.590887 0.292619
0.840829 0.345671
0.825319 0.316283
0.750123 0.000200
0.703250 0.023945
0.688555 0.048825
0.685530 0.064291
0.669521 0.067263
0.646650 0.091375
0.648518 0.106314
0.651688 0.198270
0.637696 0.210109
0.615239 0.250574
0.595183 0.241175
0.564455 0.290072
0.657438 0.286823
0.862872 0.367246
0.758560 0.000284
0.699892 0.000815
0.718612 0.025766
0.705249 0.055701
0.683776 0.081336
0.668472 0.087408
0.658598 0.119928
0.651144 0.146862
0.643318 0.177992
0.666646 0.209699
0.582627 0.253182
0.636823 0.281305
0.570701 0.261972
0.739504 0.296908
0.883485 0.351552
0.767115 0.000238
0.734033 0.022950
0.710375 0.040308
0.702313 0.070885
0.666899 0.103574
0.678592 0.117413
0.665130 0.134565
0.661458 0.183146
0.639925 0.228207
0.658504 0.241335
0.649077 0.304607
0.607523 0.263332
0.911611 0.445067
0.675989 0.305142
0.775623 0.000523
0.733346 0.000445
0.746346 0.030321
0.717825 0.075316
0.685059 0.099935
0.696104 0.123348
0.682447 0.134672
0.654047 0.163722
0.657494 0.224230
0.609263 0.289175
0.678512 0.235817
0.677589 0.271112
0.675583 0.254556
0.800174 0.333941
0.682272 0.288526
0.792698 0.000227
0.743303 0.046471
0.728208 0.039966
0.699299 0.088134
0.700424 0.107154
0.699456 0.143264
0.669946 0.152469
0.674122 0.171650
0.649706 0.256254
0.719455 0.278075
0.716186 0.257516
0.595744 0.273727
0.697437 0.266551
0.624565 0.289060
0.801288 0.000974
0.759080 0.022904
0.722111 0.056774
0.733909 0.081162
0.716243 0.112414
0.713217 0.129099
0.717100 0.147856
0.687132 0.155160
0.675499 0.193959
0.691469 0.190925
0.657722 0.272230
0.696933 0.250551
0.784956 0.315958
0.790918 0.288695
0.720630 0.300490
0.809903 0.000573
0.765385 0.053603
0.750744 0.061442
0.714889 0.092792
0.732708 0.115445
0.731231 0.132542
0.733285 0.152366
0.691163 0.172527
0.725452 0.208190
0.735493 0.244491
0.743530 0.280826
0.705949 0.285938
0.764006 0.303614
0.739947 0.325890
0.827215 0.000089
0.784152 0.000539
0.762383 0.038160
0.735431 0.064410
0.749828 0.083086
0.731250 0.097803
0.748840 0.120385
0.706750 0.161865
0.709530 0.199337
0.681766 0.218966
0.695694 0.210138
0.753404 0.236672
0.752892 0.258840
0.853386 0.316557
0.917296 0.427655
0.835906 0.000969
0.776151 0.023125
0.780267 0.037197
0.763425 0.074177
0.768332 0.090581
0.748260 0.100997
0.722271 0.170152
0.739616 0.170629
0.709905 0.182113
0.743815 0.207748
0.717632 0.240224
0.737171 0.226654
0.853126 0.407088
0.780359 0.298965
0.844574 0.000602
0.818590 0.000248
0.793283 0.023262
0.785643 0.052276
0.777728 0.066377
0.783613 0.101087
0.763439 0.107006
0.764662 0.128185
0.748268 0.139017
0.699378 0.232098
0.715129 0.221967
0.736905 0.267114
0.789945 0.270393
0.892397 0.308229
0.856157 0.401898
0.862032 0.000480
0.809914 0.022863
0.798803 0.038132
0.795457 0.069439
0.785231 0.083851
0.805595 0.084873
0.778350 0.117926
0.766803 0.145596
0.730957 0.190857
0.748231 0.188897
0.763686 0.200105
0.760685 0.219867
0.762067 0.281223
0.771636 0.267085
0.870766 0.000734
0.853287 0.000805
0.826895 0.023837
0.816961 0.038000
0.804835 0.053961
0.823357 0.053450
0.800765 0.100265
0.796091 0.118354
0.783144 0.135450
0.751337 0.156983
0.759685 0.175059
0.780482 0.211466
0.775636 0.231694
0.771013 0.248813
0.835203 0.300044
0.888451 0.000534
0.862131 0.023692
0.844506 0.023583
0.835649 0.038136
0.814373 0.069196
0.825342 0.084148
0.820145 0.100270
0.801417 0.134506
0.788901 0.153365
0.772191 0.161844
0.774072 0.184593
0.792102 0.227907
0.807875 0.245071
0.884114 0.431032
0.897240 0.000630
0.879600 0.000376
0.880158 0.023409
0.854542 0.037720
0.843992 0.052395
0.833587 0.067792
0.852431 0.068471
0.838227 0.099418
0.814938 0.115518
0.835019 0.117932
0.789146 0.170082
0.789494 0.192678
0.831878 0.197655
0.858556 0.298924
0.904374 0.393624
0.906064 0.000683
0.916233 0.023745
0.872735 0.038175
0.878853 0.055112
0.862928 0.055101
0.868198 0.075346
0.844976 0.083566
0.852526 0.109774
0.855960 0.127530
0.803143 0.181401
0.819865 0.131082
0.798463 0.209273
0.812791 0.227439
0.790136 0.252152
0.914934 0.000012
0.923812 0.001252
0.926083 0.037430
0.898440 0.023845
0.890462 0.037464
0.885072 0.071394
0.894423 0.088150
0.860280 0.092616
0.869417 0.110388
0.840163 0.134387
0.868169 0.142174
0.806405 0.150532
0.813732 0.196335
0.907516 0.404103
0.879827 0.328202
0.932706 0.000515
0.934860 0.023491
0.908581 0.038323
0.895266 0.054434
0.919476 0.074232
0.877221 0.090141
0.886711 0.106632
0.876170 0.126535
0.888272 0.141431
0.825601 0.146686
0.832390 0.161588
0.844558 0.173228
0.825384 0.179110
0.836881 0.284760
0.941594 0.000197
0.952501 0.023552
0.943653 0.038110
0.911911 0.056175
0.902635 0.071798
0.912198 0.090360
0.894260 0.123551
0.910939 0.127427
0.909628 0.144791
0.849040 0.148535
0.887464 0.172154
0.858133 0.163054
0.811939 0.165797
0.822852 0.214859
0.869037 0.306607
0.950587 0.000857
0.943739 0.054653
0.927751 0.055239
0.935507 0.072813
0.944780 0.087805
0.903674 0.106422
0.927052 0.154785
0.896436 0.156277
0.903537 0.181396
0.915244 0.198039
0.943007 0.216911
0.868358 0.178930
0.848258 0.190001
0.897365 0.364773
0.959609 0.000282
0.970318 0.021771
0.961998 0.037929
0.953138 0.069494
0.961262 0.120228
0.928191 0.092787
0.919336 0.111945
0.875184 0.157941
0.941642 0.187420
0.913013 0.165573
0.931500 0.205153
0.852313 0.211414
0.929630 0.239291
0.896137 0.296843
0.882780 0.189068
0.968465 0.000256
0.978779 0.032876
0.962418 0.055063
0.950262 0.104648
0.957914 0.160806
0.939292 0.168038
0.942141 0.146082
0.922964 0.220931
0.894110 0.267892
0.897210 0.201406
0.966574 0.217909
0.909369 0.337547
0.822216 0.260501
0.847618 0.240876
0.977490 0.000761
0.999328 0.000235
0.977148 0.050028
0.977568 0.111179
0.935117 0.110682
0.943735 0.126095
0.957913 0.200715
0.973948 0.186154
0.980039 0.234969
0.904884 0.219260
0.931121 0.259409
0.884050 0.226174
0.898432 0.395524
0.826810 0.242384
0.862493 0.414865
0.987086 0.000245
0.976412 0.067874
0.963667 0.081075
0.976262 0.130270
0.959686 0.138922
0.927988 0.134055
0.918435 0.257181
0.862790 0.241788
0.996881 0.258956
0.906826 0.262503
0.881384 0.278098
0.952591 0.230691
0.888440 0.330630
0.811213 0.286211
0.999774 0.015355
0.999534 0.044309
0.978319 0.087213
0.966370 0.098516
0.999953 0.105607
0.999168 0.183170
0.999118 0.138191
0.999284 0.149115
0.957812 0.250003
0.984564 0.259844
0.943461 0.255105
0.880350 0.210111
0.874231 0.259153
0.998970 0.232227
0.844502 0.272318
0.999992 0.001088
0.999457 0.054398
0.999730 0.074355
0.999941 0.095201
0.999044 0.116304
0.975415 0.166517
0.977326 0.204833
0.904909 0.236252
0.999152 0.247314
0.999383 0.194958
0.970990 0.255799
0.859991 0.275908
0.808496 0.269573
0.898033 0.286531
0.999847 0.025113
0.999227 0.034555
0.999437 0.064309
0.999446 0.084661
0.974906 0.148367
0.999620 0.127184
0.999314 0.207407
0.924576 0.180308
0.999238 0.219792
0.999318 0.160360
0.999791 0.171694
0.846245 0.258070
0.890247 0.243952
0.907977 0.356873
0.914448 0.347105
