0.000495 0.024921
0.000753 0.063097
0.000105 0.092904
0.000471 0.123733
0.000311 0.134321
0.095300 0.263549
0.000301 0.177554
0.000549 0.189448
0.030004 0.265692
0.140976 0.285757
0.131672 0.341387
0.114239 0.243843
0.071490 0.226973
0.157761 0.305101
0.000016 0.015051
0.000663 0.043467
0.000196 0.073029
0.021243 0.052162
0.023776 0.201929
0.000956 0.200944
0.000490 0.166450
0.006943 0.275377
0.000626 0.236090
0.000658 0.249314
0.042435 0.253554
0.055281 0.253929
0.120825 0.287965
0.136690 0.244437
0.158203 0.267550
0.000319 0.000685
0.000441 0.053235
0.000450 0.082958
0.000457 0.102952
0.000458 0.113153
0.000828 0.212763
0.000085 0.155528
0.018146 0.274657
0.000837 0.224079
0.113976 0.277692
0.068223 0.260137
0.124295 0.258514
0.156647 0.292338
0.129577 0.333507
0.000717 0.000210
0.021128 0.024747
0.025940 0.037557
0.023408 0.086390
0.024228 0.162107
0.065281 0.170376
0.037929 0.150447
0.000579 0.264515
0.085728 0.222632
0.051817 0.198744
0.049433 0.218568
0.101050 0.268452
0.077533 0.257519
0.089877 0.244763
0.142635 0.321745
0.011898 0.000827
0.042003 0.038578
0.000355 0.034173
0.022195 0.068599
0.000540 0.144836
0.037778 0.187718
0.043365 0.170535
0.063024 0.186401
0.026110 0.229122
0.080543 0.190405
0.051325 0.233370
0.131824 0.206648
0.101950 0.226795
0.134983 0.357725
0.030203 0.000854
0.021538 0.000206
0.054794 0.054798
0.038562 0.055014
0.023261 0.179682
0.021717 0.121135
0.052494 0.135759
0.056227 0.155851
0.072394 0.208028
0.098714 0.184333
0.112116 0.170671
0.095095 0.202325
0.122235 0.301806
0.123901 0.309370
0.162425 0.320501
0.038725 0.000901
0.052270 0.024261
0.037268 0.071720
0.050915 0.098887
0.036033 0.130884
0.037683 0.111372
0.075080 0.153490
0.135482 0.161972
0.035188 0.216267
0.086086 0.171171
0.022144 0.250258
0.121112 0.226096
0.112150 0.210421
0.143638 0.266272
0.047355 0.000868
0.037002 0.022195
0.067848 0.022495
0.060289 0.038723
0.039195 0.089525
0.063029 0.088538
0.023500 0.141724
0.068941 0.135499
0.118883 0.154344
0.096757 0.157615
0.118211 0.192714
0.170316 0.202301
0.153534 0.217129
0.192430 0.261241
0.161874 0.337719
0.055999 0.000379
0.083673 0.024261
0.077157 0.038336
0.053359 0.072270
0.069020 0.072474
0.023809 0.102557
0.068344 0.106993
0.055341 0.118855
0.176954 0.171663
0.128704 0.176669
0.143348 0.184960
0.176025 0.220585
0.139219 0.226936
0.184452 0.235428
0.064650 0.000844
0.073350 0.001260
0.098376 0.023115
0.090093 0.049830
0.071606 0.054814
0.083912 0.067336
0.090598 0.107774
0.079098 0.094001
0.087047 0.140895
0.155415 0.169624
0.194967 0.217857
0.149266 0.200109
0.174070 0.251314
0.161851 0.231744
0.153007 0.360459
0.081956 0.000962
0.114227 0.023878
0.118740 0.038249
0.109805 0.053159
0.099909 0.066403
0.090212 0.083820
0.077412 0.121710
0.096533 0.125388
0.106931 0.141300
0.168765 0.155364
0.164824 0.186718
0.186598 0.185242
0.198512 0.245039
0.167689 0.352292
0.090580 0.000029
0.107832 0.000345
0.130164 0.023368
0.099401 0.037929
0.118540 0.068749
0.107994 0.082814
0.104743 0.097519
0.109607 0.114059
0.118921 0.128596
0.132335 0.141051
0.186723 0.155937
0.188012 0.200770
0.234934 0.277630
0.175939 0.272058
0.134926 0.383013
0.099221 0.000368
0.136221 0.038679
0.127957 0.054553
0.134780 0.073022
0.142105 0.090275
0.124869 0.088474
0.124413 0.106284
0.136172 0.122612
0.150656 0.135094
0.151424 0.152373
0.204450 0.181311
0.221217 0.240751
0.212396 0.259177
0.154337 0.249270
0.116411 0.000628
0.142200 0.000015
0.147150 0.023473
0.144681 0.056367
0.151364 0.071914
0.159513 0.086884
0.141981 0.106589
0.173997 0.123398
0.171895 0.138880
0.193348 0.140838
0.199780 0.165416
0.207233 0.202242
0.231015 0.256390
0.221232 0.297516
0.178390 0.289873
0.124976 0.000079
0.152087 0.039311
0.162435 0.056999
0.170781 0.073155
0.188447 0.075230
0.160553 0.103614
0.156770 0.120338
0.191738 0.124845
0.218514 0.166243
0.219163 0.189282
0.221464 0.214659
0.208515 0.227597
0.229421 0.335718
0.211721 0.334249
0.133591 0.000703
0.176338 0.000241
0.163514 0.024766
0.179142 0.057534
0.177676 0.090127
0.178160 0.106656
0.209197 0.130318
0.210183 0.150390
0.231322 0.200196
0.233528 0.156168
0.233389 0.229043
0.248363 0.262010
0.190095 0.350645
0.197053 0.280124
0.184424 0.305435
0.150793 0.000606
0.168747 0.040272
0.195414 0.057995
0.195560 0.091830
0.196139 0.108837
0.224208 0.122288
0.224803 0.140870
0.248359 0.168885
0.231913 0.176706
0.247743 0.242746
0.255891 0.279490
0.216022 0.276222
0.158460 0.384731
0.139680 0.408738
0.159332 0.001099
0.179386 0.024108
0.185194 0.040166
0.201736 0.040400
0.213169 0.090775
0.211962 0.109148
0.241622 0.136324
0.265281 0.164931
0.249109 0.185005
0.246655 0.204163
0.263461 0.254882
0.240446 0.293925
0.233021 0.315012
0.210575 0.315257
0.138456 0.409122
0.167824 0.000271
0.218410 0.039432
0.205240 0.074131
0.239834 0.071130
0.221638 0.073010
0.228359 0.103637
0.263857 0.194520
0.272869 0.179385
0.248034 0.220643
0.255423 0.301452
0.248419 0.322224
0.245750 0.345048
0.226025 0.355417
0.164313 0.405862
0.184879 0.000207
0.195337 0.024612
0.235152 0.039434
0.212275 0.056407
0.252820 0.085482
0.232414 0.086908
0.251360 0.150621
0.283406 0.160410
0.262768 0.230622
0.294842 0.275541
0.294787 0.236135
0.209033 0.354098
0.240380 0.386809
0.197527 0.380007
0.173975 0.406290
0.193409 0.001055
0.211342 0.024208
0.252518 0.038746
0.258313 0.069805
0.246562 0.100502
0.241211 0.118918
0.269254 0.146331
0.289251 0.207119
0.282018 0.260537
0.273975 0.275938
0.273625 0.293543
0.258836 0.358161
0.202969 0.295418
0.192623 0.320546
0.201925 0.000175
0.252709 0.000050
0.227924 0.024288
0.229519 0.056681
0.266822 0.095086
0.258210 0.114371
0.259794 0.131241
0.277793 0.127135
0.301786 0.187995
0.266941 0.211675
0.288171 0.308140
0.268507 0.314831
0.265431 0.332920
0.203093 0.402415
0.173093 0.381866
0.210449 0.000891
0.244086 0.024117
0.269169 0.038288
0.273611 0.076847
0.284342 0.090280
0.275056 0.110071
0.303050 0.154543
0.283297 0.192212
0.309883 0.202655
0.281882 0.222978
0.309162 0.303865
0.277290 0.345448
0.276259 0.372015
0.183869 0.333119
0.218960 0.000723
0.286308 0.000470
0.260596 0.023266
0.247323 0.054624
0.293141 0.073753
0.291774 0.105659
0.286538 0.142144
0.303774 0.136944
0.294443 0.172084
0.340607 0.195545
0.312943 0.242583
0.278683 0.242089
0.298430 0.344638
0.323055 0.324382
0.242193 0.370827
0.227421 0.000439
0.276891 0.024326
0.282467 0.061075
0.265965 0.055634
0.309686 0.103805
0.296131 0.121778
0.314970 0.120434
0.320867 0.156800
0.313875 0.173204
0.348136 0.228695
0.297343 0.290794
0.329761 0.257623
0.184268 0.366748
0.268052 0.372716
0.235892 0.000805
0.311426 0.000322
0.283692 0.044467
0.310872 0.071018
0.303004 0.088073
0.327303 0.103270
0.344905 0.109532
0.321297 0.138788
0.324253 0.188253
0.357026 0.143327
0.326736 0.209956
0.304952 0.220466
0.301668 0.255726
0.214690 0.374625
0.295138 0.364260
0.244319 0.000513
0.291306 0.024079
0.317550 0.055546
0.320797 0.086299
0.329531 0.071015
0.338142 0.089701
0.353817 0.125844
0.339226 0.155221
0.355649 0.162950
0.334742 0.172743
0.315589 0.267973
0.329025 0.302158
0.189746 0.405277
0.287302 0.326019
0.261138 0.000495
0.336269 0.000732
0.300340 0.056110
0.335327 0.055802
0.346964 0.075464
0.355325 0.094268
0.363805 0.108070
0.332732 0.121251
0.338878 0.137658
0.351781 0.179736
0.361921 0.194573
0.340121 0.269801
0.367743 0.227541
0.437358 0.330078
0.352080 0.246817
0.269556 0.001017
0.298524 0.038550
0.315308 0.039071
0.370785 0.064540
0.363749 0.079441
0.376040 0.093878
0.391094 0.142066
0.372581 0.121981
0.374405 0.137747
0.372529 0.156034
0.322966 0.226289
0.339212 0.357423
0.812736 0.299893
0.233110 0.389158
0.277922 0.000545
0.361216 0.000266
0.351293 0.060413
0.332749 0.039860
0.363875 0.049828
0.394922 0.089574
0.384848 0.108211
0.419746 0.099084
0.411776 0.135338
0.388191 0.162844
0.371511 0.175679
0.380839 0.191900
0.366133 0.210739
0.345949 0.212489
0.366887 0.344545
0.294672 0.000440
0.307165 0.023740
0.338842 0.024539
0.380114 0.040965
0.382083 0.077092
0.401959 0.104794
0.392941 0.124566
0.404264 0.152350
0.423378 0.149874
0.393698 0.178603
0.386243 0.208446
0.409683 0.226479
0.211632 0.397353
0.350658 0.340843
0.303044 0.000365
0.323431 0.024573
0.366189 0.031944
0.386202 0.056592
0.411166 0.084096
0.450537 0.085133
0.427937 0.115453
0.410769 0.118949
0.438554 0.099260
0.402499 0.193427
0.446071 0.198671
0.424896 0.199268
0.395305 0.240434
0.373082 0.243765
0.334249 0.240628
0.319685 0.000687
0.349449 0.040053
0.378213 0.023674
0.397816 0.039454
0.416528 0.039765
0.416505 0.068775
0.457141 0.101908
0.451033 0.133988
0.429877 0.166708
0.410330 0.168719
0.419270 0.183684
0.378520 0.275765
0.333031 0.359476
0.318776 0.284178
0.327958 0.000700
0.402521 0.000770
0.354546 0.023433
0.394028 0.025120
0.397628 0.070124
0.436701 0.069263
0.430516 0.083666
0.445977 0.116743
0.431497 0.132621
0.439942 0.182739
0.461623 0.149720
0.361003 0.261288
0.380998 0.259065
0.321420 0.345793
0.374950 0.339621
0.344599 0.000896
0.435456 0.038419
0.404434 0.054521
0.442933 0.054532
0.474006 0.077373
0.477723 0.107734
0.449567 0.165987
0.441745 0.149713
0.456559 0.298419
0.387516 0.225398
0.406038 0.210816
0.417686 0.240325
0.372726 0.322152
0.303975 0.362290
0.352949 0.000694
0.410765 0.000411
0.476780 0.000632
0.444364 0.024473
0.410579 0.024783
0.492293 0.080390
0.470577 0.092033
0.490919 0.095609
0.469408 0.165794
0.464171 0.119698
0.403056 0.302091
0.435441 0.229642
0.340002 0.289253
0.366430 0.292828
0.441393 0.260054
0.369439 0.001133
0.460277 0.000412
0.426758 0.024809
0.424439 0.054509
0.508904 0.123434
0.531779 0.132263
0.486526 0.122127
0.482365 0.148322
0.460888 0.182071
0.356444 0.279554
0.306608 0.324311
0.759465 0.326302
0.520402 0.318260
0.384383 0.300428
0.377660 0.001041
0.452030 0.000551
0.484994 0.000251
0.486612 0.049867
0.519545 0.039939
0.537287 0.168309
0.516238 0.164808
0.515923 0.139709
0.574143 0.230767
0.393658 0.319964
0.566821 0.312846
0.958692 0.179109
0.505050 0.258253
0.408591 0.333663
0.344967 0.309716
0.419022 0.000420
0.468517 0.000639
0.607732 0.039534
0.455971 0.070648
0.460409 0.053731
0.505475 0.192075
0.502921 0.153025
0.472313 0.134483
0.491793 0.218143
0.428330 0.214765
0.488804 0.321741
0.362341 0.309287
0.440700 0.312505
0.340608 0.328075
0.394237 0.000154
0.435535 0.000591
0.509715 0.000799
0.463072 0.025048
0.597792 0.189269
0.511512 0.072944
0.631392 0.311108
0.487809 0.165255
0.416031 0.288306
0.466818 0.198320
0.865767 0.225300
0.671539 0.318828
0.773027 0.333489
0.400194 0.335452
0.660260 0.324191
0.534320 0.001057
0.501516 0.001016
0.427286 0.000009
0.135124 0.374215
0.474873 0.062069
0.499864 0.109185
0.399256 0.257502
0.575039 0.277364
0.480106 0.232865
0.787510 0.335426
0.838833 0.221149
0.484582 0.286042
0.806436 0.320145
0.463381 0.312455
0.600216 0.001027
0.550755 0.000341
0.385974 0.000062
0.493282 0.000017
0.528384 0.026209
0.473229 0.039902
0.510352 0.088296
0.545307 0.143791
0.471727 0.214502
0.918233 0.439023
0.393572 0.282898
0.430426 0.330777
0.473433 0.318379
0.418291 0.311123
0.557845 0.312510
0.591979 0.000798
0.517905 0.000340
0.443797 0.000765
0.494728 0.025490
0.453964 0.037492
0.864212 0.197443
0.745602 0.313911
0.605615 0.320184
0.852720 0.350782
0.507284 0.292469
0.884629 0.431686
0.503329 0.316183
0.490746 0.304086
0.514402 0.241464
0.616778 0.000767
0.567224 0.000269
0.499362 0.039283
0.526109 0.000077
0.495221 0.064366
0.509161 0.054042
0.525188 0.060541
0.496064 0.136271
0.528894 0.152945
0.481435 0.183159
0.459155 0.230101
0.409543 0.270496
0.467212 0.248117
0.430091 0.274591
0.540788 0.303029
0.633346 0.000447
0.542544 0.001003
0.543009 0.025922
0.511794 0.025893
0.479818 0.026084
0.530089 0.077162
0.546519 0.122113
0.560546 0.132526
0.553545 0.158103
0.501092 0.176066
0.434224 0.294655
0.508901 0.226566
0.459640 0.264198
0.528312 0.311952
0.641666 0.000397
0.559014 0.000760
0.578216 0.025055
0.570491 0.039556
0.551432 0.038615
0.525591 0.116233
0.561819 0.112383
0.569356 0.147123
0.542748 0.186746
0.487964 0.199627
0.535557 0.235906
0.597987 0.319683
0.445378 0.243752
0.482356 0.259743
0.831670 0.327908
0.658217 0.000574
0.612929 0.025703
0.596133 0.024460
0.561147 0.025426
0.535717 0.045937
0.542644 0.064422
0.516685 0.102536
0.540940 0.106138
0.557809 0.175247
0.526716 0.199583
0.544769 0.269435
0.509506 0.208810
0.493003 0.243853
0.422698 0.255326
0.666466 0.001052
0.575470 0.000330
0.627846 0.024926
0.555734 0.054591
0.574637 0.055676
0.562877 0.069452
0.531599 0.092473
0.555043 0.095601
0.576085 0.121813
0.561060 0.194195
0.544714 0.205991
0.528857 0.219200
0.716527 0.329240
0.691843 0.322274
0.647573 0.319823
0.683173 0.000198
0.583723 0.000259
0.608516 0.000443
0.589429 0.037899
0.548587 0.081463
0.584346 0.071212
0.573641 0.098608
0.576155 0.182859
0.592204 0.172474
0.566059 0.212422
0.522951 0.181868
0.524021 0.287835
0.499383 0.274175
0.451649 0.281976
0.691577 0.000826
0.625055 0.000689
0.644524 0.024456
0.622107 0.067413
0.591640 0.054301
0.570986 0.082609
0.588172 0.107440
0.574564 0.163109
0.603599 0.137268
0.615500 0.149517
0.530601 0.253761
0.615739 0.179765
0.549794 0.253669
0.560824 0.239582
0.716360 0.315935
0.708233 0.000578
0.635169 0.038567
0.628634 0.084954
0.621647 0.047899
0.607284 0.058867
0.601516 0.073943
0.590551 0.088989
0.591377 0.153506
0.601171 0.208954
0.608362 0.164131
0.609042 0.229345
0.869729 0.365543
0.450806 0.214668
0.852769 0.332944
0.716582 0.000345
0.649955 0.000143
0.661762 0.024557
0.637715 0.055799
0.611799 0.086048
0.605361 0.101463
0.584472 0.136853
0.614760 0.116470
0.623037 0.132056
0.616837 0.199382
0.581729 0.200335
0.544862 0.284182
0.521834 0.270042
0.549318 0.223578
0.581439 0.306983
0.724907 0.000592
0.681824 0.022692
0.653252 0.038516
0.653577 0.056288
0.639589 0.072481
0.597276 0.121547
0.634031 0.115886
0.633988 0.149095
0.630256 0.165756
0.587210 0.219230
0.695312 0.299955
0.616604 0.309175
0.703579 0.329540
0.472358 0.278843
0.741770 0.000806
0.674770 0.001043
0.692479 0.034101
0.673296 0.035120
0.668825 0.049838
0.655383 0.076269
0.625929 0.101316
0.642235 0.130654
0.632102 0.190012
0.621157 0.218135
0.632309 0.261319
0.631460 0.242263
0.591079 0.291282
0.841787 0.344063
0.826315 0.315129
0.750128 0.000828
0.703010 0.023801
0.688306 0.048694
0.685372 0.064095
0.669302 0.067009
0.646516 0.090966
0.648330 0.105851
0.651583 0.197221
0.637700 0.209059
0.615242 0.249381
0.595167 0.239933
0.564513 0.288818
0.657751 0.285489
0.864019 0.366256
0.758565 0.000423
0.699884 0.000282
0.718409 0.025650
0.705028 0.055568
0.683457 0.081049
0.668182 0.087035
0.658378 0.119368
0.651036 0.146085
0.643262 0.177042
0.666639 0.208592
0.582741 0.251970
0.637243 0.280242
0.570487 0.260651
0.740116 0.296192
0.885060 0.350069
0.767120 0.000600
0.733838 0.022865
0.710151 0.040153
0.701988 0.070699
0.666578 0.103116
0.678355 0.116864
0.665009 0.133919
0.661372 0.182199
0.639943 0.227174
0.658619 0.240146
0.649165 0.303533
0.607721 0.262284
0.912624 0.443621
0.676483 0.304414
0.775630 0.000401
0.733357 0.000166
0.746133 0.030235
0.717576 0.075029
0.684730 0.099597
0.695905 0.122860
0.682264 0.134016
0.653893 0.162819
0.657408 0.223216
0.609511 0.287875
0.678495 0.234789
0.677741 0.270058
0.675618 0.253452
0.801376 0.332791
0.682588 0.287351
0.792712 0.000549
0.743072 0.046357
0.727897 0.039793
0.698982 0.087892
0.700142 0.106554
0.699269 0.142454
0.669808 0.151677
0.674008 0.170727
0.649639 0.255178
0.719877 0.277200
0.716278 0.256426
0.595681 0.272470
0.697721 0.265501
0.624751 0.287920
0.801309 0.000723
0.758903 0.022862
0.721888 0.056558
0.733723 0.080950
0.715948 0.112008
0.713017 0.128701
0.716965 0.147327
0.686933 0.154425
0.675398 0.192978
0.691441 0.190055
0.657852 0.271211
0.697060 0.249638
0.785918 0.314858
0.791524 0.287737
0.721076 0.299381
0.809958 0.000028
0.765195 0.053335
0.750539 0.061186
0.714682 0.092462
0.732451 0.115184
0.731057 0.132188
0.733153 0.151836
0.691145 0.171730
0.725547 0.207417
0.735580 0.243425
0.744086 0.279766
0.706284 0.284893
0.764350 0.302863
0.740508 0.325087
0.827245 0.000881
0.784166 0.000227
0.762213 0.038009
0.735225 0.064199
0.749671 0.082799
0.731007 0.097517
0.748638 0.120037
0.706648 0.161269
0.709573 0.198524
0.681666 0.217899
0.695662 0.209121
0.753605 0.235826
0.753401 0.257800
0.854645 0.315467
0.918430 0.426850
0.835949 0.000618
0.775996 0.023041
0.780238 0.037158
0.763307 0.073944
0.768114 0.090370
0.748012 0.100771
0.722145 0.169423
0.739569 0.170055
0.709723 0.181174
0.743908 0.206888
0.717962 0.239278
0.737342 0.225734
0.854229 0.406120
0.780948 0.297914
0.844633 0.000755
0.818628 0.000613
0.793162 0.023232
0.785599 0.052131
0.777580 0.066180
0.783517 0.100920
0.763250 0.106765
0.764433 0.127881
0.748099 0.138628
0.699270 0.231008
0.715172 0.221059
0.736995 0.266040
0.790440 0.269425
0.893946 0.307512
0.857437 0.400746
0.862061 0.000558
0.809912 0.022900
0.798771 0.038059
0.795327 0.069362
0.785017 0.083656
0.805505 0.084638
0.778204 0.117728
0.766712 0.145098
0.730909 0.190092
0.748238 0.188437
0.763762 0.199297
0.760897 0.219020
0.762813 0.280482
0.772089 0.266135
0.870799 0.000659
0.853312 0.000631
0.826942 0.023817
0.816992 0.037947
0.804740 0.053835
0.823363 0.053353
0.800676 0.100011
0.796015 0.118078
0.783094 0.135175
0.751256 0.156649
0.759607 0.174554
0.780672 0.210900
0.775950 0.230741
0.771271 0.247882
0.836026 0.299131
0.888469 0.000395
0.862261 0.023668
0.844611 0.023644
0.835615 0.038115
0.814400 0.069021
0.825333 0.083878
0.820175 0.099958
0.801402 0.134136
0.788738 0.152960
0.772017 0.161399
0.774071 0.183905
0.792427 0.227297
0.808202 0.244388
0.885815 0.430052
0.897261 0.000438
0.879636 0.000172
0.880342 0.023379
0.854548 0.037662
0.844025 0.052320
0.833697 0.067747
0.852645 0.068270
0.838292 0.099233
0.814911 0.115106
0.835050 0.117607
0.789177 0.169604
0.789495 0.192029
0.832025 0.197103
0.859435 0.297800
0.905584 0.392761
0.906084 0.000506
0.916313 0.023663
0.872781 0.038071
0.878961 0.055018
0.863049 0.054850
0.868306 0.075071
0.845054 0.083377
0.852661 0.109488
0.856048 0.127232
0.803209 0.180771
0.819828 0.130813
0.798477 0.208594
0.812961 0.226780
0.790500 0.251159
0.914942 0.000575
0.923818 0.000980
0.926148 0.037314
0.898567 0.023774
0.890552 0.037406
0.885194 0.071232
0.894485 0.087916
0.860369 0.092337
0.869582 0.110160
0.840176 0.134008
0.868146 0.141987
0.806317 0.150085
0.813786 0.195751
0.908570 0.402910
0.880940 0.327071
0.932714 0.000871
0.934981 0.023419
0.908638 0.038205
0.895389 0.054233
0.919576 0.074031
0.877322 0.089910
0.886863 0.106463
0.876216 0.126223
0.888306 0.141399
0.825636 0.146341
0.832359 0.161271
0.844542 0.172785
0.825557 0.178705
0.837465 0.283930
0.941597 0.000887
0.952560 0.023568
0.943713 0.037971
0.911982 0.056049
0.902702 0.071614
0.912306 0.090108
0.894311 0.123380
0.911030 0.127282
0.909678 0.144690
0.848975 0.148152
0.887664 0.171943
0.858197 0.162703
0.811962 0.165346
0.823094 0.214182
0.870221 0.305529
0.950592 0.000719
0.943818 0.054515
0.927843 0.055071
0.935584 0.072675
0.944885 0.087598
0.903734 0.106318
0.927229 0.154690
0.896558 0.156051
0.903606 0.181318
0.915337 0.198026
0.943052 0.217099
0.868240 0.178657
0.848441 0.189465
0.898866 0.363786
0.959610 0.000087
0.970399 0.021702
0.962068 0.037849
0.953226 0.069265
0.961339 0.120104
0.928326 0.092636
0.919371 0.111733
0.875237 0.157614
0.941621 0.187590
0.913110 0.165549
0.931637 0.205073
0.852638 0.210945
0.929578 0.239418
0.897815 0.295732
0.882919 0.188684
0.968468 0.000896
0.978814 0.032889
0.962475 0.054988
0.950373 0.104613
0.957932 0.160770
0.939288 0.168047
0.942344 0.146061
0.923096 0.221111
0.895426 0.268219
0.897374 0.201096
0.966542 0.218097
0.910214 0.336221
0.822637 0.259652
0.847975 0.240242
0.977511 0.000672
0.999524 0.000931
0.977162 0.049927
0.977588 0.110957
0.935167 0.110562
0.943851 0.125990
0.958029 0.200750
0.973882 0.186259
0.980030 0.235246
0.904906 0.219494
0.931152 0.260349
0.884375 0.226108
0.899650 0.394624
0.827007 0.241470
0.863371 0.413910
0.987114 0.001049
0.976447 0.067741
0.963664 0.081002
0.976318 0.130229
0.959775 0.138853
0.928169 0.133817
0.919164 0.257657
0.863438 0.241246
0.996705 0.259039
0.907233 0.263081
0.882036 0.277146
0.952564 0.230807
0.889733 0.329338
0.812051 0.285329
0.998931 0.015337
0.999950 0.044340
0.978411 0.087136
0.966495 0.098254
0.999863 0.105614
0.999196 0.183198
0.999297 0.138229
0.999344 0.149153
0.957418 0.250393
0.984333 0.260000
0.943301 0.255601
0.880485 0.209703
0.874585 0.258323
0.999094 0.232279
0.845266 0.271571
0.999321 0.001025
0.999836 0.054440
0.999910 0.074372
0.999025 0.095211
0.999225 0.116326
0.975438 0.166513
0.977209 0.205003
0.905302 0.235980
0.999315 0.247478
0.999497 0.194989
0.970892 0.255955
0.860647 0.275401
0.808854 0.268605
0.899920 0.285726
0.999557 0.025097
0.999603 0.034559
0.999893 0.064344
0.999522 0.084678
0.974909 0.148292
0.999720 0.127198
0.999564 0.207446
0.924695 0.180230
0.999305 0.219812
0.999692 0.160444
0.999926 0.171746
0.846962 0.257315
0.890754 0.243399
0.909299 0.355547
0.915728 0.345700
