0.000955 0.024942
0.000731 0.063179
0.000712 0.093318
0.000380 0.124345
0.000676 0.134883
0.073015 0.272328
0.000628 0.178871
0.000285 0.190396
0.037509 0.270237
0.131903 0.275228
0.118527 0.324088
0.105705 0.240392
0.064961 0.229920
0.144400 0.291141
0.000818 0.015062
0.000509 0.043457
0.000440 0.073124
0.022017 0.054251
0.023671 0.205201
0.000169 0.201851
0.000257 0.167657
0.009826 0.273409
0.000395 0.237959
0.000719 0.250984
0.039499 0.257510
0.056402 0.253749
0.108312 0.280833
0.129820 0.236902
0.150900 0.258923
0.000181 0.000762
0.000707 0.053264
0.000473 0.083213
0.000529 0.103490
0.000484 0.113730
0.000467 0.213671
0.000158 0.156587
0.021105 0.276507
0.000847 0.225702
0.105300 0.264725
0.057674 0.277125
0.115444 0.250559
0.148189 0.274802
0.110447 0.309897
0.000504 0.000905
0.021834 0.025055
0.025893 0.039465
0.022370 0.088505
0.025021 0.163768
0.064542 0.171749
0.037641 0.153699
0.000342 0.265532
0.080405 0.222969
0.049410 0.200076
0.050628 0.219677
0.090303 0.270914
0.069758 0.261376
0.083034 0.237293
0.129858 0.301900
0.011871 0.000429
0.043735 0.039758
0.000478 0.034220
0.022634 0.071557
0.000853 0.145791
0.035276 0.191133
0.043072 0.173783
0.060766 0.187671
0.023891 0.230988
0.077572 0.191877
0.047550 0.236490
0.126009 0.199985
0.096479 0.227846
0.124931 0.335013
0.030160 0.001172
0.021433 0.000976
0.055726 0.056604
0.037825 0.055854
0.023236 0.181642
0.022980 0.123155
0.052362 0.139490
0.055162 0.157341
0.068240 0.207534
0.097215 0.183131
0.108558 0.168122
0.090785 0.200175
0.097707 0.291907
0.105727 0.304693
0.152739 0.304923
0.038660 0.000814
0.052522 0.023467
0.038086 0.074682
0.052192 0.102189
0.036535 0.132878
0.038539 0.114650
0.074356 0.155118
0.134426 0.158091
0.030377 0.218338
0.083002 0.170786
0.020244 0.250405
0.115580 0.221938
0.105165 0.206418
0.129733 0.257410
0.047299 0.000119
0.036359 0.024376
0.069658 0.023490
0.059979 0.038308
0.039182 0.091954
0.062442 0.088208
0.021827 0.144530
0.067930 0.136549
0.117028 0.150955
0.095669 0.159169
0.113766 0.190619
0.166405 0.193960
0.148894 0.208636
0.184341 0.249693
0.147802 0.318660
0.056067 0.000022
0.085753 0.025951
0.077060 0.039007
0.052565 0.073857
0.070060 0.074812
0.024219 0.105287
0.069088 0.108968
0.055430 0.119982
0.173664 0.164673
0.123235 0.174367
0.137914 0.179587
0.169991 0.210988
0.132613 0.217300
0.178937 0.225802
0.064712 0.000007
0.073368 0.000871
0.100588 0.023515
0.089970 0.050112
0.071317 0.055943
0.084476 0.067271
0.089165 0.109388
0.079922 0.094423
0.086972 0.142281
0.151447 0.165824
0.189237 0.207615
0.145247 0.194329
0.167014 0.239763
0.155101 0.224761
0.142350 0.339261
0.081935 0.000642
0.116953 0.024044
0.119416 0.039594
0.109927 0.053380
0.100663 0.067215
0.090942 0.083873
0.078219 0.123550
0.096177 0.125795
0.104873 0.140849
0.165655 0.150525
0.160035 0.178590
0.183639 0.175691
0.194682 0.233311
0.158424 0.334091
0.090478 0.001057
0.107775 0.000804
0.133062 0.023892
0.100987 0.038343
0.119663 0.068539
0.109721 0.082454
0.103207 0.098310
0.110174 0.113215
0.118405 0.128441
0.131483 0.139880
0.184490 0.147458
0.185836 0.191639
0.228213 0.262611
0.169258 0.258757
0.124012 0.359342
0.099108 0.000172
0.137344 0.038005
0.129580 0.054372
0.135525 0.072949
0.142278 0.088069
0.124209 0.089391
0.124160 0.105431
0.134535 0.120785
0.150371 0.132197
0.148339 0.147317
0.201045 0.174360
0.217056 0.230860
0.206047 0.247006
0.147620 0.239050
0.116428 0.000478
0.142148 0.000329
0.149156 0.023925
0.145474 0.056063
0.153223 0.070485
0.160410 0.085261
0.141748 0.104703
0.173273 0.117587
0.170563 0.133780
0.192076 0.134198
0.197665 0.157711
0.205301 0.195019
0.226705 0.244350
0.214229 0.281648
0.168684 0.277217
0.125011 0.000980
0.154690 0.039793
0.163109 0.054236
0.171477 0.069854
0.189203 0.071666
0.159969 0.101317
0.155441 0.117207
0.190767 0.118351
0.216685 0.157847
0.217130 0.178953
0.218171 0.204682
0.205153 0.217670
0.222038 0.316990
0.200689 0.318415
0.133603 0.000386
0.176389 0.000874
0.164606 0.022814
0.180472 0.054922
0.178374 0.086297
0.178946 0.101783
0.208552 0.123277
0.209511 0.141759
0.230674 0.190172
0.233103 0.149142
0.230249 0.217462
0.243402 0.249899
0.182166 0.330891
0.189439 0.266531
0.174077 0.290561
0.150710 0.000378
0.171633 0.037382
0.197095 0.056371
0.197445 0.086882
0.197107 0.103055
0.225243 0.116872
0.225327 0.134285
0.248790 0.158854
0.231532 0.168606
0.243886 0.229731
0.251327 0.266615
0.209253 0.263982
0.146391 0.364552
0.129381 0.381716
0.159285 0.000733
0.181182 0.023623
0.188395 0.039449
0.204673 0.038571
0.215661 0.087196
0.213226 0.104457
0.242833 0.128304
0.265764 0.155134
0.248473 0.175721
0.246992 0.193329
0.259787 0.242098
0.232273 0.279887
0.224187 0.299211
0.205321 0.298517
0.127153 0.385246
0.167838 0.000238
0.221340 0.037897
0.207273 0.071719
0.242649 0.067136
0.223890 0.069691
0.230081 0.098057
0.264500 0.184281
0.273270 0.169037
0.245477 0.209692
0.250151 0.285126
0.240192 0.305728
0.238063 0.326416
0.218559 0.337162
0.153891 0.384121
0.184878 0.000461
0.196817 0.023644
0.237913 0.038025
0.213494 0.054574
0.254007 0.081039
0.234609 0.082305
0.251471 0.141093
0.283549 0.150634
0.260271 0.221058
0.292436 0.258432
0.294565 0.221926
0.199353 0.334663
0.233298 0.365202
0.187395 0.358663
0.164302 0.385043
0.193337 0.000320
0.212761 0.023238
0.254801 0.036696
0.260641 0.066466
0.248313 0.095949
0.242135 0.112022
0.269718 0.137018
0.289271 0.197025
0.279408 0.245797
0.268626 0.260081
0.269502 0.277584
0.251022 0.339065
0.193946 0.284141
0.184645 0.304988
0.201742 0.000467
0.252360 0.000540
0.229100 0.023170
0.230523 0.053962
0.268109 0.089835
0.260106 0.107581
0.261823 0.123062
0.280042 0.118923
0.302757 0.176701
0.266455 0.200711
0.282008 0.289755
0.262633 0.297832
0.257141 0.315534
0.193929 0.380734
0.164022 0.361220
0.210189 0.000295
0.245557 0.023016
0.270451 0.037334
0.275537 0.073266
0.285989 0.085334
0.277150 0.103150
0.303476 0.145770
0.284271 0.182028
0.310112 0.191004
0.279093 0.210738
0.304510 0.287417
0.271023 0.327483
0.271160 0.349846
0.171936 0.313378
0.218619 0.000059
0.286042 0.000431
0.262943 0.022249
0.249085 0.052164
0.295226 0.069662
0.294570 0.099241
0.288021 0.134153
0.305305 0.128782
0.293584 0.162871
0.341101 0.179645
0.312789 0.227664
0.275674 0.229147
0.293508 0.323806
0.318276 0.304737
0.235628 0.350829
0.227037 0.000289
0.279847 0.023819
0.284290 0.058436
0.268376 0.053337
0.311515 0.097512
0.296942 0.114916
0.316176 0.112873
0.322192 0.145713
0.312914 0.160959
0.347419 0.211294
0.292564 0.274318
0.326530 0.240178
0.172742 0.347486
0.262251 0.353260
0.235456 0.000956
0.311185 0.000695
0.285799 0.040934
0.313110 0.066761
0.304494 0.082828
0.328635 0.097207
0.346213 0.102571
0.322303 0.129350
0.323542 0.175250
0.358467 0.132757
0.327664 0.194079
0.304616 0.207139
0.298357 0.240233
0.206964 0.354169
0.288868 0.343551
0.243914 0.000163
0.294547 0.023666
0.320156 0.052062
0.322537 0.081398
0.330836 0.067135
0.340350 0.084301
0.355888 0.116403
0.339878 0.143984
0.356279 0.150223
0.332989 0.160464
0.312339 0.251937
0.323062 0.285056
0.179466 0.382584
0.279986 0.309406
0.260799 0.000391
0.336300 0.000389
0.301824 0.053715
0.338295 0.053022
0.348334 0.070042
0.356465 0.087652
0.365362 0.100307
0.333970 0.113903
0.341225 0.128096
0.350849 0.165007
0.360680 0.178373
0.337339 0.251699
0.366455 0.209922
0.437858 0.306747
0.350997 0.229187
0.269324 0.000805
0.301391 0.038201
0.318319 0.036963
0.372303 0.058824
0.365546 0.074019
0.377601 0.086515
0.392050 0.130271
0.375098 0.112341
0.375845 0.127435
0.372959 0.144220
0.321875 0.211109
0.336055 0.334327
0.822921 0.285211
0.224357 0.366914
0.277666 0.000516
0.361288 0.000072
0.354456 0.056042
0.335354 0.037773
0.367205 0.044469
0.396054 0.082054
0.386727 0.099820
0.420942 0.091401
0.412443 0.124359
0.389173 0.148299
0.372439 0.161640
0.379608 0.176001
0.365280 0.193671
0.345181 0.195830
0.364437 0.323145
0.294415 0.000698
0.310224 0.022716
0.342056 0.023353
0.384974 0.037679
0.383801 0.070772
0.403652 0.096057
0.394762 0.114270
0.405870 0.139749
0.423670 0.137576
0.393213 0.163595
0.385941 0.190556
0.407506 0.207644
0.203011 0.374836
0.348669 0.321650
0.302786 0.000244
0.326321 0.022498
0.369360 0.029869
0.388057 0.052857
0.413129 0.077562
0.451596 0.078203
0.428796 0.105431
0.412230 0.109560
0.439598 0.090214
0.402494 0.176894
0.444824 0.182296
0.424604 0.182536
0.393587 0.221586
0.372437 0.225099
0.333713 0.223181
0.319602 0.000113
0.351862 0.037343
0.380943 0.021189
0.401426 0.036909
0.418772 0.035673
0.419188 0.062740
0.457306 0.094135
0.451121 0.122986
0.430487 0.152650
0.410500 0.154695
0.418820 0.167881
0.375512 0.257961
0.326611 0.336387
0.315925 0.267687
0.327949 0.000251
0.402708 0.000749
0.358032 0.021129
0.396629 0.022727
0.400239 0.065117
0.439052 0.063299
0.431440 0.076165
0.445137 0.107212
0.431887 0.121441
0.438972 0.167080
0.460337 0.137855
0.358285 0.243019
0.380093 0.240292
0.316248 0.325347
0.376147 0.319157
0.344604 0.000181
0.436750 0.035195
0.406915 0.050928
0.444868 0.049381
0.474071 0.071105
0.477989 0.099414
0.449842 0.152063
0.441227 0.136554
0.459489 0.277964
0.385422 0.206659
0.405375 0.191925
0.417522 0.221260
0.371462 0.304611
0.299393 0.340275
0.352946 0.000440
0.410978 0.000811
0.476745 0.000140
0.446908 0.021956
0.412812 0.022107
0.491339 0.073195
0.470535 0.084941
0.490903 0.088244
0.469522 0.152657
0.463499 0.109459
0.401095 0.281539
0.433256 0.212312
0.336550 0.271229
0.364689 0.274282
0.440909 0.240466
0.369539 0.000509
0.460346 0.000622
0.429615 0.022197
0.426418 0.049521
0.509315 0.113295
0.530654 0.122497
0.485822 0.112490
0.480507 0.135670
0.458483 0.167086
0.353050 0.259396
0.301167 0.305014
0.776611 0.311395
0.519252 0.294667
0.382361 0.280460
0.377802 0.000570
0.452143 0.000591
0.484923 0.000907
0.487592 0.042783
0.518480 0.036446
0.537204 0.155240
0.515602 0.151485
0.514831 0.129509
0.575102 0.214356
0.392039 0.299600
0.571409 0.292987
0.960017 0.180163
0.504875 0.237385
0.410409 0.313066
0.342452 0.289532
0.419193 0.000153
0.468565 0.000549
0.603344 0.037410
0.457464 0.064868
0.461984 0.049988
0.503528 0.176032
0.501796 0.140295
0.470890 0.123473
0.489896 0.199215
0.426796 0.197754
0.487895 0.297554
0.357639 0.289570
0.442890 0.291782
0.338003 0.309115
0.394455 0.000222
0.435665 0.000023
0.509646 0.000130
0.464400 0.022343
0.598121 0.176642
0.511936 0.066266
0.639766 0.296773
0.486969 0.150757
0.415603 0.269349
0.465280 0.181493
0.869036 0.215780
0.683105 0.306779
0.790786 0.313816
0.398142 0.315159
0.666353 0.304008
0.534326 0.000410
0.501402 0.000357
0.427442 0.000745
0.121111 0.352476
0.477341 0.056300
0.500449 0.100429
0.398612 0.237181
0.577397 0.257816
0.477577 0.213717
0.803262 0.318884
0.842989 0.211437
0.483329 0.264663
0.823954 0.308580
0.462002 0.295441
0.600266 0.000255
0.550768 0.000974
0.386168 0.001014
0.493117 0.000350
0.527325 0.023229
0.472868 0.036822
0.508717 0.080964
0.545802 0.131978
0.471205 0.196432
0.940041 0.416032
0.393006 0.262234
0.427201 0.310165
0.475429 0.298502
0.419121 0.292610
0.558833 0.291079
0.591978 0.001148
0.517923 0.000135
0.443907 0.000988
0.494806 0.022507
0.454824 0.034974
0.868781 0.192580
0.758157 0.302291
0.610169 0.299681
0.872832 0.328594
0.509167 0.270724
0.903529 0.406072
0.505656 0.293462
0.487963 0.280525
0.515476 0.222380
0.616734 0.000895
0.567254 0.001047
0.500761 0.035993
0.526118 0.000751
0.494768 0.058909
0.509061 0.050442
0.525870 0.053480
0.495184 0.124548
0.529309 0.140365
0.479440 0.167972
0.457812 0.210651
0.408129 0.251666
0.467740 0.227310
0.430879 0.255295
0.544330 0.286850
0.633190 0.000595
0.542556 0.000609
0.542231 0.022322
0.511169 0.021866
0.480455 0.023969
0.528674 0.070499
0.546260 0.113517
0.561471 0.122807
0.553267 0.146526
0.499944 0.160534
0.433350 0.274048
0.507110 0.207595
0.460321 0.242198
0.529861 0.292114
0.641491 0.000852
0.559007 0.000390
0.577266 0.022179
0.568750 0.035717
0.551021 0.034818
0.526509 0.106825
0.560776 0.104205
0.569249 0.136321
0.541435 0.170926
0.486499 0.182330
0.534920 0.216592
0.599968 0.295599
0.444285 0.223620
0.482699 0.239749
0.845869 0.318826
0.658184 0.000430
0.610702 0.023869
0.595379 0.022375
0.559772 0.021789
0.535219 0.038698
0.541049 0.057090
0.517074 0.093749
0.541459 0.096920
0.558366 0.161713
0.526118 0.182939
0.546284 0.250288
0.509265 0.191236
0.493327 0.222268
0.420717 0.236534
0.666510 0.000388
0.575535 0.000279
0.624368 0.023532
0.555031 0.049141
0.573072 0.051321
0.561026 0.063846
0.531739 0.084762
0.554252 0.087188
0.576418 0.112167
0.560040 0.180136
0.544621 0.188922
0.527288 0.201087
0.729074 0.315170
0.700920 0.302414
0.652041 0.302369
0.683214 0.000789
0.583760 0.000384
0.608506 0.000653
0.585684 0.034941
0.547424 0.072735
0.582146 0.065507
0.572025 0.092243
0.575979 0.169792
0.590566 0.160587
0.565989 0.196508
0.521291 0.166919
0.525801 0.266763
0.498593 0.252353
0.449848 0.260271
0.691608 0.000750
0.624954 0.000928
0.641558 0.021955
0.618739 0.061901
0.589713 0.050358
0.569917 0.076652
0.587507 0.098847
0.574004 0.151842
0.602097 0.128486
0.614334 0.139715
0.529942 0.234081
0.614202 0.167720
0.550620 0.233101
0.560379 0.221122
0.730940 0.302895
0.708467 0.000547
0.633666 0.035867
0.625307 0.079062
0.619328 0.042245
0.605717 0.054037
0.598478 0.068718
0.588612 0.082326
0.591149 0.142881
0.600822 0.194286
0.607023 0.153539
0.609179 0.213629
0.886115 0.345750
0.448038 0.197215
0.872162 0.311239
0.716881 0.000983
0.649826 0.000319
0.659522 0.021522
0.634098 0.052292
0.609581 0.079459
0.603767 0.093992
0.583640 0.127650
0.611465 0.108619
0.620114 0.122943
0.616215 0.186201
0.581058 0.185710
0.547197 0.264667
0.520913 0.250391
0.549611 0.205598
0.584007 0.291213
0.725273 0.000353
0.679016 0.021746
0.650518 0.034764
0.650166 0.051416
0.636289 0.067522
0.595654 0.113491
0.630495 0.108261
0.631431 0.138036
0.628187 0.154493
0.587622 0.204242
0.702028 0.284110
0.620181 0.293537
0.714926 0.309956
0.468818 0.258122
0.742049 0.000231
0.674862 0.000957
0.690891 0.032654
0.669817 0.033073
0.666288 0.046633
0.652567 0.069484
0.623509 0.094252
0.639645 0.121663
0.630601 0.176490
0.621996 0.203975
0.630682 0.246005
0.632907 0.226843
0.593638 0.272203
0.856551 0.320359
0.841378 0.297875
0.750467 0.000205
0.699590 0.021509
0.684968 0.045420
0.683705 0.060459
0.666679 0.062513
0.643039 0.084188
0.644013 0.099077
0.650077 0.184247
0.637958 0.194597
0.614423 0.231100
0.594795 0.223038
0.565526 0.270456
0.663027 0.269266
0.885260 0.344703
0.758953 0.000893
0.700010 0.000265
0.716189 0.023953
0.703015 0.052899
0.679816 0.076369
0.663750 0.081780
0.654843 0.112006
0.648531 0.135786
0.641812 0.164197
0.665660 0.193686
0.585056 0.234806
0.642467 0.263316
0.567613 0.241596
0.749342 0.282077
0.907707 0.330237
0.767518 0.000188
0.732547 0.022848
0.707254 0.037877
0.698926 0.068128
0.662136 0.096483
0.675333 0.108987
0.662907 0.125221
0.659865 0.169283
0.639556 0.212699
0.660570 0.225055
0.651510 0.286055
0.610692 0.247668
0.925163 0.416693
0.681764 0.290502
0.776098 0.000858
0.733679 0.000322
0.744555 0.030067
0.716073 0.070027
0.680420 0.094377
0.694201 0.114625
0.680003 0.125937
0.651392 0.151551
0.656506 0.207825
0.612320 0.267494
0.679306 0.221001
0.681121 0.254308
0.676246 0.236602
0.817051 0.318417
0.687279 0.268503
0.793129 0.000564
0.741526 0.044672
0.725292 0.038266
0.696500 0.083128
0.697507 0.099148
0.697380 0.132290
0.667764 0.142088
0.672379 0.158704
0.648914 0.238537
0.728358 0.263391
0.719013 0.242369
0.594019 0.252725
0.701845 0.251458
0.627470 0.269565
0.801746 0.000571
0.757863 0.022639
0.720018 0.053569
0.732472 0.077281
0.713587 0.105305
0.711860 0.122402
0.715470 0.139416
0.685272 0.144142
0.674698 0.180021
0.691005 0.178896
0.659821 0.253665
0.698150 0.233869
0.797501 0.297495
0.800935 0.273107
0.728974 0.280274
0.810311 0.000300
0.764910 0.051270
0.749927 0.059564
0.713791 0.087234
0.730700 0.110060
0.729830 0.126719
0.732729 0.144549
0.690080 0.161747
0.727087 0.197102
0.738879 0.231288
0.752884 0.264132
0.711396 0.268492
0.769834 0.289777
0.750196 0.311166
0.827541 0.000097
0.784688 0.000417
0.761531 0.037294
0.733772 0.061522
0.749128 0.079124
0.729313 0.093406
0.747656 0.113726
0.704309 0.151881
0.711327 0.187972
0.680783 0.203488
0.696093 0.196640
0.756691 0.224548
0.758916 0.243747
0.873222 0.297286
0.933781 0.408786
0.836190 0.000646
0.775233 0.023868
0.780526 0.037259
0.762902 0.070479
0.766561 0.087235
0.746463 0.095714
0.722823 0.160690
0.739152 0.163688
0.708482 0.170690
0.746694 0.197327
0.721097 0.224983
0.740001 0.212364
0.872418 0.387291
0.787694 0.281239
0.844874 0.000702
0.818912 0.000046
0.792917 0.023893
0.786737 0.051645
0.777020 0.064424
0.783188 0.097164
0.763034 0.102510
0.762669 0.121893
0.746950 0.132786
0.698100 0.215856
0.714451 0.209021
0.739085 0.249614
0.796661 0.255342
0.915626 0.296346
0.878140 0.381657
0.862256 0.000207
0.810908 0.024067
0.800110 0.037234
0.795127 0.068213
0.783963 0.081046
0.805204 0.081218
0.777871 0.113010
0.766846 0.138020
0.728578 0.178221
0.748700 0.181269
0.767119 0.189602
0.762834 0.206750
0.772039 0.269296
0.776949 0.253499
0.871013 0.000718
0.853521 0.000486
0.828907 0.023278
0.817846 0.037761
0.804694 0.053744
0.824686 0.053235
0.800723 0.095768
0.796503 0.112161
0.783771 0.130309
0.751761 0.150272
0.759095 0.167142
0.782645 0.200355
0.779430 0.217431
0.774361 0.234460
0.848534 0.285343
0.888613 0.000966
0.864025 0.022654
0.846115 0.023663
0.835700 0.037525
0.814983 0.066750
0.825783 0.080012
0.821217 0.094772
0.802413 0.127364
0.788122 0.145821
0.771622 0.154633
0.776323 0.174562
0.798932 0.217940
0.814025 0.234863
0.905109 0.409262
0.897444 0.000109
0.879806 0.001148
0.882111 0.022720
0.854702 0.036922
0.844098 0.052382
0.835668 0.066734
0.854834 0.066401
0.839520 0.096260
0.815149 0.109130
0.835380 0.111740
0.790820 0.162698
0.790591 0.183905
0.835703 0.189750
0.874327 0.279909
0.925388 0.372928
0.906303 0.000848
0.917941 0.022325
0.873145 0.036218
0.880178 0.054194
0.863790 0.051615
0.869722 0.071519
0.846311 0.081304
0.854443 0.105476
0.858377 0.122477
0.805778 0.172701
0.820458 0.124965
0.802194 0.198585
0.815826 0.215487
0.795420 0.235692
0.915163 0.000815
0.924076 0.000242
0.926836 0.036469
0.900136 0.022661
0.890838 0.036651
0.886534 0.069842
0.896383 0.086374
0.861365 0.088968
0.872069 0.105990
0.840877 0.127317
0.868059 0.137794
0.806455 0.143672
0.814566 0.188126
0.924242 0.381869
0.893193 0.307905
0.932980 0.000001
0.935945 0.022323
0.909448 0.037061
0.897104 0.052113
0.921304 0.072511
0.878805 0.088133
0.888920 0.104098
0.878003 0.122628
0.889962 0.138524
0.826780 0.140450
0.832729 0.154662
0.846037 0.166247
0.827287 0.173537
0.842453 0.269546
0.941852 0.000664
0.954209 0.022960
0.944483 0.036884
0.913489 0.054643
0.903884 0.070340
0.913929 0.088624
0.896307 0.122844
0.913412 0.126615
0.913495 0.142523
0.849417 0.142168
0.890925 0.167147
0.860985 0.156572
0.813551 0.158301
0.826680 0.203228
0.891037 0.287398
0.950803 0.000572
0.945013 0.053019
0.928974 0.053786
0.936868 0.072018
0.946349 0.087296
0.905662 0.104532
0.930010 0.152318
0.900264 0.153402
0.907134 0.180254
0.918553 0.197514
0.946997 0.219400
0.868501 0.172928
0.851546 0.182674
0.919936 0.341179
0.959768 0.000577
0.970879 0.021401
0.962518 0.037110
0.954495 0.067950
0.963457 0.119592
0.930833 0.092087
0.920846 0.110180
0.878237 0.153542
0.943962 0.189931
0.916531 0.164180
0.935608 0.202467
0.856756 0.204005
0.933100 0.236706
0.923901 0.288780
0.886254 0.184026
0.968694 0.000100
0.979423 0.032635
0.963403 0.054949
0.952281 0.104729
0.959556 0.160618
0.941883 0.167878
0.946065 0.147039
0.927869 0.222369
0.901188 0.267362
0.901595 0.197440
0.968585 0.222213
0.928875 0.314238
0.831980 0.246555
0.850090 0.227591
0.977674 0.000209
0.999421 0.000380
0.978488 0.050255
0.977905 0.110528
0.936485 0.109974
0.945839 0.126120
0.960511 0.201399
0.975623 0.187500
0.979312 0.236920
0.907598 0.216432
0.944573 0.280665
0.890155 0.222515
0.915956 0.376692
0.833213 0.228194
0.876845 0.392730
0.987354 0.000588
0.977073 0.067763
0.963701 0.080578
0.977755 0.130393
0.961459 0.139852
0.930373 0.131786
0.933765 0.255294
0.874566 0.234454
0.995562 0.259150
0.916159 0.260906
0.887338 0.263339
0.955864 0.232845
0.911516 0.309335
0.824639 0.270003
0.999952 0.015173
0.999698 0.044431
0.980115 0.086633
0.967123 0.098219
0.999812 0.106283
0.999674 0.184261
0.999550 0.138907
0.999004 0.149954
0.957914 0.253165
0.983773 0.264145
0.949776 0.263831
0.883868 0.202410
0.881860 0.245986
0.999710 0.233142
0.854116 0.258177
0.999161 0.001336
0.999767 0.054638
0.999827 0.074653
0.999584 0.095728
0.999189 0.116879
0.976540 0.168005
0.977448 0.207968
0.914789 0.234282
0.999444 0.248600
0.999477 0.195940
0.972376 0.259221
0.874621 0.265969
0.816275 0.253694
0.936897 0.280086
0.999357 0.024977
0.999257 0.034556
0.999662 0.064629
0.999663 0.085012
0.975940 0.150007
0.999133 0.127743
0.999819 0.208309
0.927817 0.179433
0.999806 0.220813
0.999638 0.161154
0.999455 0.172702
0.855198 0.242511
0.897790 0.238508
0.929053 0.336032
0.935799 0.322419
