0.000120 0.025185
0.001037 0.063264
0.000714 0.093371
0.000583 0.124296
0.000371 0.134943
0.049393 0.291320
0.000752 0.179223
0.000839 0.190954
0.037759 0.286603
0.110952 0.267265
0.097278 0.305747
0.086571 0.239074
0.055096 0.237306
0.126258 0.278044
0.000286 0.015373
0.001062 0.043645
0.000402 0.073197
0.022947 0.056701
0.019259 0.206457
0.000005 0.202676
0.000738 0.167771
0.006450 0.277903
0.000321 0.239207
0.000737 0.254328
0.030662 0.263642
0.053657 0.253355
0.095012 0.275210
0.120794 0.227303
0.140083 0.243982
0.000472 0.000986
0.000409 0.053408
0.000853 0.083230
0.000846 0.103630
0.000202 0.113847
0.000311 0.214615
0.001163 0.156801
0.020103 0.280172
0.000380 0.226644
0.087336 0.255164
0.040521 0.296266
0.105216 0.244601
0.138279 0.259515
0.087651 0.294330
0.000433 0.000367
0.023212 0.026268
0.025735 0.040596
0.023036 0.092187
0.022207 0.166931
0.060078 0.173072
0.034994 0.156908
0.000811 0.268018
0.071598 0.218689
0.042970 0.204869
0.046661 0.220323
0.076388 0.273680
0.063758 0.262222
0.070502 0.245575
0.111655 0.281826
0.012003 0.000461
0.043238 0.040576
0.000813 0.034403
0.022992 0.073148
0.000145 0.145850
0.031648 0.194379
0.039582 0.176685
0.052915 0.188509
0.020747 0.236941
0.072378 0.190688
0.036853 0.242155
0.120912 0.194780
0.088737 0.222805
0.109867 0.311457
0.030130 0.000335
0.021547 0.000875
0.054601 0.058305
0.038981 0.058876
0.019684 0.182953
0.021217 0.126758
0.049223 0.141636
0.051383 0.159226
0.061202 0.209007
0.091463 0.181230
0.102943 0.165524
0.082569 0.203677
0.062973 0.284888
0.070815 0.294971
0.143117 0.286122
0.038518 0.000737
0.053817 0.023625
0.037329 0.077595
0.051743 0.104139
0.034639 0.135495
0.037829 0.116413
0.070207 0.154910
0.129325 0.155731
0.027346 0.221488
0.077308 0.173182
0.018584 0.253991
0.108515 0.216331
0.098051 0.205607
0.118854 0.249332
0.047061 0.000653
0.037664 0.025262
0.070150 0.023852
0.060395 0.039232
0.038466 0.095479
0.060238 0.091125
0.020667 0.146606
0.065364 0.137867
0.114344 0.148989
0.089982 0.157583
0.106570 0.187162
0.163417 0.184903
0.144193 0.201054
0.177819 0.235262
0.128656 0.300296
0.055825 0.000655
0.085836 0.025230
0.077375 0.038945
0.053797 0.074925
0.070972 0.076282
0.023656 0.108821
0.067786 0.109572
0.054249 0.123608
0.169722 0.156983
0.117085 0.171808
0.132995 0.174210
0.163361 0.200033
0.125077 0.209859
0.172973 0.214671
0.064485 0.000655
0.073154 0.000322
0.101251 0.023111
0.088860 0.050397
0.069709 0.055987
0.083358 0.066343
0.086961 0.108491
0.077421 0.094192
0.083487 0.142351
0.146931 0.160446
0.183820 0.198993
0.140748 0.185757
0.159837 0.227259
0.147956 0.215790
0.129803 0.317323
0.081693 0.000973
0.116692 0.024014
0.118906 0.038646
0.108662 0.053128
0.100239 0.066563
0.090436 0.083207
0.075925 0.125013
0.094648 0.124114
0.101245 0.139773
0.161766 0.143693
0.157689 0.172027
0.181087 0.166645
0.189654 0.219025
0.147518 0.313279
0.090263 0.000131
0.107475 0.000040
0.132147 0.022677
0.100159 0.038211
0.118955 0.068171
0.108364 0.082667
0.100043 0.097478
0.107600 0.112639
0.115414 0.126689
0.128886 0.135832
0.181171 0.141784
0.182260 0.182681
0.221364 0.247011
0.160952 0.245747
0.108397 0.334970
0.098793 0.000784
0.136844 0.038566
0.127737 0.053894
0.134241 0.072143
0.141217 0.085900
0.123130 0.088447
0.121826 0.103842
0.132181 0.118518
0.148935 0.127365
0.145125 0.142958
0.198196 0.167117
0.212148 0.217227
0.198710 0.233891
0.136074 0.230462
0.116092 0.000122
0.141836 0.000677
0.147590 0.023991
0.144410 0.054693
0.152230 0.068833
0.159686 0.083456
0.139901 0.101685
0.171455 0.112997
0.169083 0.128411
0.190735 0.128300
0.195328 0.149927
0.201017 0.184549
0.221655 0.229916
0.205418 0.263549
0.157703 0.261980
0.124670 0.000236
0.154146 0.038155
0.162168 0.052560
0.169686 0.067250
0.187825 0.068229
0.159274 0.098024
0.152853 0.113326
0.188622 0.112501
0.212852 0.150351
0.214138 0.168695
0.216194 0.192423
0.199797 0.204345
0.213438 0.300343
0.190450 0.299858
0.133265 0.000955
0.175866 0.000605
0.163340 0.022687
0.179244 0.052307
0.177953 0.082001
0.178027 0.097273
0.206245 0.117119
0.206396 0.134641
0.226708 0.180226
0.230150 0.143129
0.225423 0.204408
0.239267 0.236427
0.171072 0.309315
0.181065 0.252569
0.160844 0.276306
0.150323 0.000710
0.171925 0.036449
0.196691 0.054229
0.196859 0.082737
0.196118 0.097802
0.223792 0.113069
0.223391 0.129552
0.246147 0.150278
0.229547 0.161099
0.237662 0.217173
0.245459 0.252302
0.199826 0.249557
0.132762 0.340104
0.116606 0.352297
0.158859 0.000553
0.180260 0.022444
0.189093 0.037818
0.205079 0.037242
0.215404 0.083556
0.212047 0.100656
0.240535 0.121860
0.262390 0.146393
0.246501 0.166058
0.245038 0.181976
0.255154 0.227958
0.227110 0.265308
0.216816 0.281465
0.197589 0.282743
0.114792 0.356939
0.167371 0.000782
0.221427 0.036697
0.206475 0.069276
0.241592 0.063420
0.223223 0.066900
0.228410 0.094398
0.263397 0.173273
0.270750 0.159585
0.242325 0.197435
0.243769 0.269506
0.235931 0.287646
0.231250 0.307464
0.212257 0.318029
0.144159 0.357684
0.184443 0.000943
0.195871 0.022519
0.237934 0.036112
0.212771 0.052842
0.252676 0.076856
0.234281 0.078838
0.249267 0.133823
0.281225 0.141637
0.255843 0.208579
0.291879 0.243210
0.293076 0.208706
0.190461 0.316706
0.227431 0.343900
0.178302 0.336526
0.154422 0.359927
0.192955 0.000510
0.211985 0.022435
0.254248 0.034990
0.260482 0.062862
0.246887 0.091648
0.241130 0.106767
0.268318 0.129848
0.287803 0.186263
0.277392 0.231668
0.264829 0.244386
0.266740 0.260957
0.247206 0.321107
0.181942 0.269115
0.176865 0.287236
0.201458 0.000162
0.252282 0.000101
0.228364 0.022084
0.230153 0.051187
0.266877 0.084562
0.260486 0.101462
0.259651 0.116616
0.278400 0.113179
0.301273 0.166662
0.262622 0.189430
0.279211 0.274075
0.258293 0.281620
0.250514 0.298413
0.184801 0.356174
0.151936 0.339109
0.209944 0.000348
0.245233 0.021406
0.270651 0.035093
0.275345 0.068966
0.285441 0.080638
0.277422 0.097373
0.300867 0.138480
0.282765 0.172046
0.309305 0.180201
0.276117 0.198708
0.302189 0.270084
0.267424 0.310978
0.269611 0.331208
0.155738 0.295837
0.218408 0.000373
0.285898 0.000942
0.262901 0.021264
0.249408 0.049714
0.294477 0.065477
0.294457 0.093644
0.287431 0.126390
0.305044 0.122523
0.290031 0.155008
0.340057 0.166159
0.313040 0.213849
0.272787 0.215399
0.291438 0.304702
0.319328 0.286972
0.231464 0.331645
0.226867 0.000418
0.279728 0.021943
0.283936 0.053533
0.268612 0.049862
0.311732 0.092091
0.296399 0.108699
0.314943 0.106735
0.320656 0.136218
0.310686 0.150630
0.347630 0.197663
0.288788 0.257810
0.326003 0.224502
0.160470 0.323874
0.259540 0.333517
0.235332 0.001021
0.310980 0.000430
0.286933 0.037287
0.313342 0.062387
0.304483 0.077584
0.329525 0.092061
0.346944 0.095275
0.322849 0.121284
0.320820 0.164999
0.358456 0.122302
0.327984 0.181618
0.303137 0.195666
0.295914 0.224916
0.200856 0.333469
0.285736 0.326162
0.243818 0.000848
0.294986 0.022145
0.321762 0.049283
0.321961 0.077032
0.331237 0.063433
0.339758 0.079036
0.356941 0.107146
0.339055 0.134859
0.355995 0.138687
0.330731 0.150158
0.311846 0.237268
0.321710 0.269535
0.169598 0.356654
0.274737 0.292105
0.260729 0.000309
0.335950 0.001092
0.301660 0.051102
0.340081 0.050164
0.348547 0.065068
0.356697 0.080485
0.365954 0.092665
0.333379 0.106971
0.342060 0.119083
0.348944 0.152655
0.360307 0.165377
0.336708 0.236181
0.365589 0.196668
0.439714 0.285731
0.351718 0.215135
0.269154 0.000774
0.303121 0.036567
0.318874 0.034801
0.373187 0.054371
0.365705 0.067871
0.376934 0.079999
0.392731 0.119023
0.376530 0.103696
0.375483 0.118394
0.373346 0.134289
0.323098 0.196511
0.335371 0.311509
0.829486 0.274559
0.216886 0.346209
0.277535 0.000937
0.361024 0.000233
0.356713 0.051082
0.335130 0.035562
0.369493 0.040016
0.395465 0.075294
0.387515 0.091237
0.422231 0.083850
0.412937 0.114423
0.389524 0.135953
0.371487 0.150018
0.378863 0.164151
0.365973 0.180452
0.346152 0.181795
0.365240 0.301934
0.294277 0.000448
0.310510 0.021616
0.343490 0.021699
0.387890 0.035421
0.384700 0.064429
0.404325 0.087380
0.395715 0.104653
0.406152 0.129197
0.424361 0.127161
0.392182 0.151911
0.386288 0.177459
0.405678 0.194690
0.195513 0.351571
0.351643 0.305432
0.302615 0.000804
0.327438 0.021222
0.371032 0.027050
0.389831 0.049357
0.413407 0.071398
0.453397 0.072085
0.430110 0.097182
0.413257 0.099774
0.440821 0.082480
0.402276 0.164036
0.444848 0.170590
0.425017 0.170642
0.393178 0.207049
0.373012 0.211800
0.334747 0.209529
0.319308 0.000595
0.351835 0.035968
0.382552 0.020462
0.403812 0.034682
0.420394 0.033222
0.422051 0.057990
0.458130 0.086441
0.452437 0.113180
0.430666 0.141400
0.409387 0.144129
0.418975 0.156050
0.374599 0.242413
0.324897 0.315201
0.315555 0.252369
0.327637 0.000106
0.402431 0.000019
0.358578 0.021007
0.398285 0.021143
0.402118 0.060263
0.441709 0.058783
0.432235 0.069784
0.446278 0.098956
0.432099 0.112098
0.438324 0.155850
0.461949 0.127837
0.360085 0.227889
0.381147 0.226484
0.313444 0.308092
0.379517 0.301525
0.344283 0.000456
0.438342 0.032681
0.409706 0.047354
0.447307 0.045142
0.475474 0.064626
0.479860 0.091610
0.450329 0.140817
0.442265 0.126179
0.463421 0.260489
0.384509 0.193095
0.405727 0.179224
0.416392 0.207550
0.371422 0.285945
0.297262 0.320919
0.352649 0.000488
0.410752 0.000479
0.476831 0.000336
0.448575 0.020215
0.414248 0.020225
0.492559 0.067528
0.472478 0.078231
0.491423 0.081588
0.470160 0.142032
0.465223 0.100046
0.401268 0.263154
0.432347 0.200113
0.335791 0.253435
0.365674 0.258036
0.440471 0.224628
0.369266 0.000422
0.460348 0.000083
0.431382 0.019979
0.429396 0.045004
0.511549 0.104733
0.529723 0.114104
0.487501 0.104311
0.481750 0.124896
0.458252 0.155490
0.352720 0.243798
0.296407 0.287198
0.792534 0.292672
0.518389 0.273742
0.382155 0.262836
0.377459 0.000425
0.452111 0.000175
0.485039 0.000400
0.488531 0.036155
0.519117 0.034828
0.536645 0.144814
0.516561 0.140040
0.514596 0.120450
0.575862 0.204955
0.392994 0.281161
0.574867 0.275623
0.962730 0.179773
0.506054 0.221192
0.412448 0.294177
0.341934 0.272240
0.419028 0.000379
0.468623 0.000944
0.600211 0.035361
0.459683 0.059954
0.465113 0.047027
0.503133 0.163971
0.501943 0.130502
0.471654 0.113433
0.491086 0.185519
0.424654 0.185790
0.488075 0.278031
0.357788 0.273288
0.448609 0.273965
0.338519 0.290108
0.394142 0.000493
0.435594 0.000445
0.509723 0.000888
0.465618 0.019872
0.597439 0.167566
0.512911 0.062276
0.645771 0.281811
0.487384 0.139961
0.415861 0.254022
0.464436 0.170151
0.875820 0.206171
0.693042 0.287495
0.803009 0.295893
0.398912 0.295653
0.673837 0.282748
0.534342 0.000716
0.501494 0.000836
0.427301 0.000785
0.099376 0.325135
0.481271 0.050880
0.501864 0.093257
0.399496 0.221876
0.577524 0.243091
0.478931 0.199426
0.818442 0.300377
0.845530 0.199967
0.485021 0.244836
0.840496 0.294482
0.463197 0.281561
0.600492 0.000879
0.550829 0.000101
0.385823 0.000684
0.493234 0.000845
0.526227 0.021069
0.472956 0.034861
0.507700 0.075420
0.546393 0.122774
0.470582 0.183138
0.953647 0.382953
0.393459 0.244878
0.426382 0.292732
0.477094 0.281391
0.420556 0.274845
0.559766 0.273182
0.592218 0.000900
0.517966 0.000501
0.443837 0.000350
0.495015 0.020546
0.456328 0.032741
0.876136 0.182463
0.769988 0.293045
0.616628 0.279129
0.890545 0.308969
0.511611 0.252448
0.924445 0.372606
0.507922 0.274583
0.487871 0.261174
0.518303 0.207904
0.616926 0.000760
0.567341 0.000437
0.503200 0.034138
0.526133 0.000258
0.495445 0.053328
0.508857 0.048148
0.526287 0.048359
0.496776 0.115034
0.530290 0.130832
0.479293 0.156362
0.457319 0.196709
0.408681 0.236612
0.469262 0.212471
0.431022 0.239760
0.546736 0.272754
0.633521 0.000613
0.542586 0.000732
0.542186 0.019902
0.510918 0.020381
0.480579 0.021422
0.527161 0.064899
0.544532 0.106070
0.561600 0.113951
0.552515 0.137007
0.500343 0.149364
0.435435 0.257747
0.506417 0.194813
0.461227 0.225553
0.532520 0.274346
0.641930 0.000235
0.559070 0.000243
0.577004 0.019875
0.567145 0.033155
0.549995 0.032248
0.527311 0.098393
0.558252 0.097334
0.567809 0.128949
0.541057 0.159729
0.486645 0.169791
0.535691 0.202682
0.601974 0.274197
0.445825 0.210177
0.484940 0.224557
0.858418 0.305192
0.658775 0.000020
0.609239 0.022126
0.593539 0.020887
0.559842 0.020064
0.535254 0.034687
0.540606 0.052165
0.517777 0.086228
0.542045 0.090008
0.557449 0.153054
0.526590 0.170851
0.546712 0.235148
0.510290 0.178078
0.494505 0.207203
0.421151 0.223184
0.667007 0.000146
0.575630 0.000473
0.624258 0.021836
0.554399 0.045694
0.571394 0.047812
0.559155 0.060168
0.531398 0.078678
0.553363 0.079114
0.575503 0.104442
0.559198 0.169955
0.543296 0.177820
0.526647 0.188387
0.738018 0.296232
0.708797 0.284613
0.657755 0.285325
0.683650 0.000337
0.583920 0.000947
0.608741 0.001314
0.583079 0.033731
0.544040 0.067097
0.579225 0.061484
0.569971 0.087242
0.574717 0.161400
0.589940 0.152682
0.566465 0.186705
0.520432 0.155640
0.529834 0.250594
0.499420 0.237467
0.449402 0.245243
0.692041 0.000302
0.625235 0.000375
0.640941 0.020723
0.617672 0.058454
0.588936 0.047813
0.568141 0.072109
0.586578 0.091293
0.573163 0.143281
0.600804 0.121215
0.613885 0.132003
0.530534 0.221454
0.614624 0.159913
0.548926 0.218855
0.560678 0.207142
0.743237 0.286385
0.708916 0.000801
0.634462 0.034395
0.624281 0.074026
0.616706 0.036543
0.606200 0.050102
0.596045 0.063194
0.586645 0.076344
0.590012 0.134969
0.601688 0.185005
0.605219 0.145810
0.609774 0.202851
0.903694 0.324339
0.446390 0.185448
0.888885 0.295869
0.717312 0.000687
0.650236 0.000740
0.659378 0.021105
0.629806 0.047907
0.607536 0.073032
0.602732 0.087565
0.581992 0.120007
0.609779 0.101903
0.619021 0.116029
0.616982 0.178470
0.581141 0.176966
0.548793 0.251349
0.521645 0.235366
0.549831 0.192796
0.586683 0.276227
0.725679 0.000740
0.680961 0.021275
0.651255 0.033920
0.648535 0.048549
0.635653 0.062600
0.593594 0.106312
0.628568 0.102042
0.631591 0.130819
0.626880 0.146345
0.587486 0.193232
0.709438 0.269739
0.626350 0.277204
0.724480 0.287693
0.467476 0.241591
0.742492 0.001099
0.675299 0.000304
0.692172 0.031802
0.670087 0.030711
0.666115 0.045185
0.651833 0.063620
0.621582 0.088202
0.639378 0.113806
0.630970 0.167943
0.624239 0.195554
0.631525 0.236443
0.633566 0.217791
0.595302 0.257415
0.864409 0.300428
0.853403 0.283354
0.750880 0.000716
0.701771 0.021251
0.684047 0.042970
0.685036 0.057988
0.668222 0.060213
0.642431 0.078172
0.642022 0.092379
0.651305 0.174748
0.638291 0.185353
0.614669 0.218521
0.595732 0.212506
0.567156 0.254587
0.670376 0.257560
0.905673 0.315846
0.759297 0.000424
0.700435 0.000907
0.718749 0.022960
0.703174 0.050200
0.679056 0.073573
0.661706 0.076795
0.654177 0.105212
0.648241 0.127980
0.641715 0.155948
0.666165 0.184634
0.584566 0.223637
0.648006 0.249629
0.566007 0.228793
0.755745 0.267300
0.927284 0.312154
0.767915 0.000940
0.734944 0.021863
0.709223 0.035999
0.700072 0.064671
0.660508 0.091429
0.675028 0.103296
0.663662 0.118370
0.660055 0.160283
0.641611 0.203735
0.661897 0.215197
0.654901 0.266839
0.613488 0.236268
0.938901 0.384663
0.685848 0.276020
0.776403 0.000003
0.734140 0.000931
0.747840 0.028523
0.717198 0.065947
0.679811 0.088431
0.694333 0.108084
0.680843 0.118844
0.651721 0.143042
0.658046 0.198480
0.614732 0.253172
0.680723 0.210047
0.684533 0.241731
0.677587 0.227101
0.830513 0.302232
0.691652 0.255060
0.793437 0.000345
0.744185 0.042926
0.727771 0.036269
0.696839 0.079396
0.697908 0.093995
0.699295 0.124370
0.667888 0.134599
0.673644 0.150367
0.649512 0.226628
0.735938 0.252214
0.720148 0.232089
0.593652 0.237166
0.705410 0.240100
0.631946 0.256935
0.801972 0.000575
0.760392 0.021181
0.721422 0.050394
0.733262 0.073891
0.714317 0.099637
0.713756 0.115488
0.717049 0.133876
0.686927 0.135802
0.676475 0.170333
0.693228 0.171985
0.662735 0.238920
0.700952 0.223058
0.810663 0.279028
0.812774 0.260283
0.736120 0.265610
0.810551 0.001115
0.768320 0.049174
0.751923 0.056692
0.714968 0.081614
0.731872 0.105894
0.731341 0.121927
0.734598 0.139647
0.690516 0.154212
0.730599 0.189064
0.741492 0.221592
0.760178 0.251681
0.715379 0.254559
0.775788 0.276526
0.758884 0.294486
0.827887 0.000593
0.784898 0.001019
0.763542 0.036031
0.735864 0.058078
0.749922 0.075663
0.730285 0.089778
0.748351 0.108584
0.704855 0.143986
0.714102 0.179970
0.679804 0.192990
0.697421 0.187629
0.759860 0.214974
0.762391 0.234018
0.886224 0.276786
0.956000 0.381180
0.836575 0.001070
0.777226 0.022612
0.782855 0.036076
0.764579 0.067478
0.767715 0.083419
0.748246 0.091210
0.723176 0.151733
0.742228 0.157905
0.709156 0.162574
0.749708 0.189270
0.722372 0.215073
0.740362 0.204478
0.889639 0.358497
0.795388 0.265602
0.845283 0.000223
0.819172 0.000392
0.794265 0.022108
0.789891 0.048767
0.779662 0.061952
0.784543 0.093051
0.764757 0.099099
0.763763 0.116828
0.748514 0.127274
0.698731 0.206815
0.715248 0.200551
0.741857 0.236261
0.801240 0.243123
0.930563 0.278671
0.898301 0.354978
0.862725 0.000849
0.812383 0.021589
0.802274 0.035203
0.796728 0.065695
0.785557 0.078224
0.808046 0.077941
0.780056 0.109542
0.768720 0.132480
0.728731 0.170584
0.749654 0.173773
0.770337 0.180060
0.764502 0.198655
0.778334 0.258793
0.782803 0.241911
0.871383 0.000701
0.853907 0.000415
0.829350 0.022361
0.819556 0.036567
0.807439 0.050727
0.827171 0.051258
0.803233 0.091739
0.798114 0.107336
0.785924 0.123999
0.753814 0.143135
0.760539 0.161138
0.785034 0.190835
0.782170 0.207271
0.779160 0.223760
0.861495 0.271319
0.888985 0.000243
0.865357 0.022824
0.847525 0.022263
0.837144 0.036061
0.817071 0.064158
0.828798 0.076607
0.823767 0.090848
0.805392 0.122006
0.790836 0.139241
0.774171 0.148230
0.778896 0.164695
0.802277 0.209007
0.818895 0.226344
0.921314 0.379790
0.897805 0.000032
0.880192 0.000081
0.884105 0.022413
0.855408 0.036086
0.846372 0.050780
0.839197 0.065206
0.858131 0.065374
0.842770 0.093048
0.817417 0.105033
0.837559 0.107511
0.794815 0.154731
0.793541 0.175670
0.842591 0.179207
0.881680 0.266151
0.942986 0.342825
0.906572 0.000252
0.919503 0.023218
0.874658 0.035846
0.881992 0.053782
0.865421 0.050209
0.873285 0.070161
0.849630 0.079805
0.857959 0.103354
0.862304 0.118574
0.808968 0.164409
0.823645 0.119940
0.805298 0.191292
0.819742 0.206393
0.797865 0.225507
0.915401 0.000490
0.924233 0.000750
0.927625 0.037643
0.901928 0.023520
0.891784 0.036888
0.889729 0.070212
0.899264 0.086686
0.865051 0.086736
0.875350 0.103331
0.845220 0.121603
0.871203 0.133077
0.808690 0.137627
0.817832 0.178605
0.942440 0.352424
0.905631 0.289916
0.933118 0.000467
0.937218 0.023197
0.910415 0.037190
0.899148 0.052851
0.922901 0.073232
0.881981 0.086940
0.892232 0.104221
0.881960 0.120265
0.892977 0.135705
0.829619 0.133627
0.837245 0.148249
0.850144 0.158107
0.830838 0.165546
0.848378 0.256297
0.941986 0.000533
0.954946 0.023299
0.945078 0.036875
0.915307 0.055143
0.906146 0.070362
0.917043 0.088910
0.900130 0.121738
0.915528 0.124957
0.918225 0.141312
0.851900 0.136907
0.895306 0.162041
0.865135 0.148903
0.818430 0.150259
0.829768 0.192402
0.917328 0.273126
0.950986 0.000622
0.946354 0.053769
0.930842 0.055551
0.938757 0.072979
0.947812 0.089073
0.908139 0.104214
0.933559 0.151047
0.906139 0.150374
0.912700 0.175318
0.925583 0.195360
0.954002 0.215331
0.873563 0.164930
0.857463 0.174145
0.939680 0.315254
0.959956 0.000389
0.971530 0.022277
0.962905 0.038869
0.954752 0.069424
0.964705 0.121772
0.932463 0.092727
0.923536 0.110264
0.884030 0.148728
0.949866 0.187876
0.921522 0.162767
0.941031 0.202020
0.861961 0.192677
0.943425 0.235208
0.949271 0.274244
0.892362 0.175924
0.968815 0.000156
0.979268 0.033921
0.964299 0.055595
0.953417 0.106312
0.962360 0.161307
0.945352 0.167402
0.948961 0.147660
0.933190 0.214968
0.917372 0.262804
0.907538 0.193216
0.974140 0.223141
0.963030 0.291171
0.842848 0.235515
0.856451 0.215146
0.977803 0.000456
0.999703 0.000246
0.978941 0.052039
0.979530 0.111926
0.938822 0.111612
0.949113 0.127613
0.963857 0.201612
0.979605 0.189388
0.983934 0.239019
0.914659 0.209868
0.976569 0.305604
0.898174 0.213346
0.932225 0.347551
0.835318 0.217390
0.893248 0.362603
0.987513 0.000668
0.976889 0.069658
0.964356 0.082162
0.979009 0.132385
0.964367 0.140659
0.933785 0.130813
0.945067 0.250777
0.880069 0.221630
0.999621 0.261936
0.928971 0.252592
0.902306 0.247871
0.961964 0.235436
0.925318 0.296058
0.831556 0.257337
0.999007 0.015266
0.999356 0.044507
0.979422 0.088436
0.968141 0.099892
0.999415 0.106438
0.999898 0.184645
0.999717 0.139166
0.998848 0.150185
0.966414 0.248457
0.996545 0.274737
0.960690 0.269157
0.890928 0.196724
0.890811 0.233504
0.999565 0.234403
0.862497 0.245995
0.998862 0.000414
0.999414 0.054767
0.999730 0.074828
0.999033 0.095981
0.999483 0.117213
0.978654 0.170594
0.980930 0.208007
0.924671 0.235309
0.999421 0.249255
0.999794 0.196581
0.984683 0.268693
0.876441 0.251178
0.820464 0.241386
0.978235 0.279029
0.999847 0.025061
0.999830 0.034626
0.999268 0.064771
0.999463 0.085274
0.978395 0.151939
0.999481 0.128093
0.999091 0.209034
0.932001 0.177097
0.999002 0.221529
0.999536 0.161414
0.999667 0.172898
0.863904 0.230303
0.910547 0.233293
0.951749 0.317876
0.965436 0.305386
