0.000367 0.025169
0.000840 0.063070
0.000768 0.093048
0.000401 0.124091
0.001162 0.134885
0.036638 0.311378
0.000678 0.179213
0.000801 0.191090
0.024513 0.296868
0.097624 0.256277
0.078148 0.297671
0.077215 0.235089
0.049248 0.236780
0.118048 0.268472
0.000440 0.015571
0.000541 0.043573
0.000382 0.072964
0.022749 0.055788
0.016073 0.209345
0.000697 0.202893
0.000035 0.167648
0.000704 0.284272
0.000358 0.240228
0.000445 0.255231
0.028100 0.272878
0.042235 0.257477
0.084977 0.271899
0.110124 0.225292
0.133467 0.237146
0.000967 0.000975
0.000493 0.053256
0.000514 0.082989
0.000315 0.103171
0.000872 0.113404
0.000408 0.215530
0.000519 0.156616
0.011174 0.288709
0.001076 0.227634
0.078092 0.252612
0.024101 0.316592
0.097906 0.238564
0.129753 0.253901
0.070066 0.289657
0.000808 0.001026
0.022954 0.025732
0.024379 0.040351
0.021698 0.090713
0.020740 0.166065
0.057396 0.173914
0.033997 0.156554
0.000575 0.270374
0.065425 0.221145
0.039158 0.207966
0.043484 0.224961
0.067885 0.275435
0.056489 0.267191
0.062780 0.246734
0.099162 0.276059
0.011900 0.000267
0.040604 0.040527
0.000862 0.034316
0.021771 0.072994
0.000297 0.145716
0.030686 0.194876
0.037609 0.177141
0.049412 0.189825
0.016884 0.238958
0.068512 0.189288
0.031195 0.247407
0.117833 0.189233
0.084816 0.220519
0.100326 0.298036
0.029941 0.000974
0.021386 0.000635
0.052164 0.057347
0.037433 0.059089
0.019102 0.184167
0.019946 0.125538
0.047022 0.141532
0.049782 0.159316
0.056659 0.208489
0.086960 0.181281
0.098624 0.162754
0.076462 0.203656
0.040369 0.282694
0.049922 0.298550
0.133921 0.272090
0.038355 0.000455
0.052157 0.024589
0.036724 0.078145
0.050045 0.104940
0.033729 0.134458
0.036891 0.115764
0.067214 0.154779
0.124520 0.152854
0.026535 0.223863
0.074560 0.173053
0.015804 0.262387
0.101599 0.215694
0.095014 0.201475
0.113630 0.244604
0.046919 0.000067
0.037129 0.023826
0.067744 0.023575
0.058180 0.039331
0.036999 0.094637
0.057465 0.089893
0.020438 0.146010
0.063227 0.137520
0.110571 0.147426
0.084799 0.156239
0.101051 0.185709
0.160681 0.179035
0.138723 0.195602
0.173413 0.226788
0.115027 0.287972
0.055592 0.001108
0.083785 0.023954
0.075718 0.038016
0.052991 0.074409
0.069175 0.075627
0.022162 0.108502
0.066374 0.109369
0.053050 0.123026
0.165042 0.152241
0.112209 0.170861
0.128490 0.169792
0.157751 0.195295
0.121233 0.204857
0.167390 0.208676
0.064198 0.000703
0.072855 0.000372
0.098906 0.022899
0.086851 0.049825
0.067150 0.055038
0.080882 0.064654
0.084306 0.107055
0.075115 0.092422
0.081621 0.140073
0.143035 0.156089
0.179477 0.193721
0.137871 0.181248
0.155215 0.221154
0.142759 0.210438
0.119439 0.303707
0.081370 0.000217
0.114023 0.023465
0.116693 0.038126
0.106624 0.051672
0.097997 0.065845
0.088014 0.081411
0.074331 0.123375
0.092103 0.122483
0.098587 0.138871
0.157449 0.138419
0.154723 0.166254
0.178376 0.160560
0.186799 0.212039
0.137373 0.299098
0.089957 0.000771
0.107214 0.000014
0.129366 0.022970
0.097185 0.037640
0.115691 0.067827
0.105811 0.082169
0.097916 0.095820
0.104977 0.110491
0.111770 0.125888
0.125928 0.132734
0.177684 0.138628
0.178562 0.177458
0.217016 0.239103
0.155547 0.237533
0.094338 0.317198
0.098562 0.001025
0.134313 0.038352
0.124407 0.053340
0.131834 0.069844
0.139412 0.084654
0.121279 0.086543
0.118545 0.102509
0.129436 0.115852
0.145576 0.124282
0.140163 0.140443
0.194913 0.161741
0.208570 0.210026
0.196419 0.225396
0.128221 0.223605
0.115818 0.000221
0.141581 0.000227
0.144461 0.022946
0.141484 0.053542
0.148605 0.067390
0.157332 0.080773
0.136383 0.099348
0.168534 0.109867
0.167253 0.124327
0.187362 0.124451
0.191950 0.144934
0.197263 0.178952
0.218080 0.222630
0.201125 0.254403
0.149715 0.251525
0.124397 0.000300
0.151543 0.037180
0.158952 0.051335
0.166491 0.065785
0.185086 0.065607
0.157246 0.096034
0.149787 0.109673
0.185641 0.109108
0.210188 0.145420
0.211589 0.162980
0.213242 0.185299
0.198058 0.196062
0.208758 0.288749
0.185368 0.287542
0.132979 0.001012
0.175685 0.000099
0.160529 0.022652
0.176716 0.050941
0.175896 0.079346
0.175484 0.094199
0.203723 0.113234
0.203627 0.130185
0.225702 0.174741
0.227370 0.139371
0.223397 0.198766
0.236771 0.229245
0.164907 0.295175
0.174829 0.244710
0.152440 0.267313
0.150090 0.000188
0.169418 0.036275
0.194029 0.052642
0.194549 0.080071
0.193865 0.094920
0.221646 0.110330
0.220247 0.125977
0.243136 0.145494
0.227444 0.156565
0.234806 0.211415
0.243064 0.243401
0.194836 0.240704
0.121936 0.321817
0.105612 0.331865
0.158622 0.000764
0.176717 0.022122
0.186655 0.036460
0.203018 0.036740
0.213418 0.081334
0.209822 0.097572
0.237203 0.118619
0.259811 0.141525
0.245799 0.161138
0.242679 0.176298
0.253660 0.220176
0.222961 0.254907
0.212723 0.270281
0.193287 0.271530
0.104808 0.336984
0.167179 0.000426
0.219230 0.036100
0.204150 0.067313
0.239056 0.061912
0.221170 0.065442
0.225840 0.092870
0.262270 0.168898
0.268668 0.154273
0.240379 0.192215
0.241320 0.259735
0.232715 0.276586
0.227558 0.294862
0.209537 0.304310
0.137748 0.339568
0.184216 0.000098
0.193360 0.022325
0.235916 0.035082
0.211108 0.051996
0.250458 0.074533
0.232286 0.077244
0.247000 0.129206
0.278595 0.137230
0.253497 0.202666
0.292475 0.234622
0.290409 0.202677
0.184578 0.304768
0.223402 0.329925
0.172494 0.320879
0.147524 0.342309
0.192754 0.000896
0.209813 0.022006
0.252822 0.034280
0.258491 0.061707
0.244886 0.089037
0.240042 0.103202
0.266290 0.125340
0.286268 0.181405
0.275499 0.224864
0.262748 0.235592
0.264669 0.250906
0.245859 0.309323
0.174874 0.259256
0.171558 0.275648
0.201243 0.000368
0.251972 0.000217
0.226419 0.021818
0.228740 0.050008
0.264911 0.081408
0.259500 0.097581
0.256115 0.112803
0.274973 0.109646
0.299019 0.162335
0.260270 0.184889
0.278425 0.264899
0.256961 0.270759
0.247582 0.288197
0.179105 0.339019
0.143035 0.323975
0.209696 0.000989
0.243623 0.021111
0.269974 0.033909
0.273508 0.065980
0.283096 0.078005
0.275977 0.094185
0.297279 0.135025
0.280715 0.168412
0.307769 0.176423
0.274354 0.192963
0.301720 0.259796
0.266227 0.299927
0.270238 0.320250
0.145952 0.285000
0.218189 0.000532
0.285666 0.000052
0.260775 0.020729
0.248045 0.048573
0.291462 0.063663
0.292649 0.090628
0.285634 0.121347
0.303682 0.119322
0.287092 0.150850
0.338079 0.161002
0.311547 0.206459
0.270580 0.209237
0.291296 0.293109
0.319354 0.277488
0.230635 0.319263
0.226646 0.000764
0.277964 0.020935
0.282427 0.050860
0.266451 0.048364
0.309825 0.089036
0.293863 0.105529
0.312019 0.103952
0.317708 0.132093
0.308433 0.146964
0.346852 0.190982
0.286123 0.248710
0.325301 0.217407
0.154239 0.307940
0.258892 0.319535
0.235077 0.000225
0.310740 0.000298
0.286278 0.035774
0.311159 0.060396
0.302138 0.074833
0.327539 0.089157
0.345645 0.091603
0.322323 0.117248
0.318665 0.160583
0.358025 0.117645
0.328005 0.176094
0.302911 0.191030
0.295159 0.217814
0.197368 0.319735
0.285545 0.314274
0.243462 0.000965
0.293530 0.021268
0.320828 0.047831
0.319384 0.074716
0.329410 0.061593
0.337553 0.075950
0.356454 0.102536
0.337063 0.130719
0.355426 0.133524
0.328259 0.145910
0.310861 0.228869
0.321198 0.261067
0.163485 0.339244
0.272277 0.281259
0.260421 0.000958
0.335810 0.000311
0.300370 0.049673
0.338971 0.048076
0.347085 0.062211
0.354682 0.077087
0.365387 0.088998
0.331827 0.103252
0.341457 0.115381
0.347839 0.147047
0.359224 0.159704
0.336948 0.227783
0.364839 0.191125
0.441044 0.276565
0.351253 0.208993
0.268887 0.000180
0.302116 0.035434
0.317159 0.033876
0.373114 0.051567
0.364352 0.064305
0.375186 0.076429
0.392796 0.114511
0.377131 0.099880
0.375361 0.114420
0.373664 0.130117
0.322702 0.190472
0.337025 0.297782
0.835671 0.269179
0.213683 0.332238
0.277293 0.000072
0.360821 0.001068
0.356208 0.048490
0.333456 0.034415
0.369311 0.037804
0.394117 0.072485
0.387103 0.087423
0.422681 0.081147
0.413498 0.110730
0.390153 0.130960
0.370244 0.145398
0.379094 0.158837
0.366349 0.174672
0.347009 0.175010
0.367084 0.292430
0.294048 0.000150
0.309428 0.020134
0.341897 0.020749
0.386388 0.034282
0.383854 0.061985
0.404752 0.084063
0.396859 0.100278
0.407004 0.125010
0.424439 0.123740
0.391254 0.146708
0.387793 0.171836
0.405849 0.189124
0.191321 0.336441
0.354183 0.295784
0.302377 0.000915
0.326156 0.020181
0.369628 0.023906
0.390427 0.046888
0.412514 0.069017
0.453140 0.070790
0.431044 0.094904
0.414159 0.096131
0.440639 0.081007
0.402767 0.158331
0.445397 0.165918
0.426144 0.165831
0.392622 0.200973
0.373226 0.205491
0.334481 0.203464
0.319107 0.000239
0.350560 0.034736
0.382551 0.019452
0.403224 0.033760
0.420216 0.032936
0.422602 0.056450
0.458441 0.084164
0.452944 0.110569
0.430550 0.137001
0.409189 0.139811
0.419701 0.151317
0.374569 0.235212
0.325907 0.302107
0.314580 0.244537
0.327466 0.000472
0.402343 0.000942
0.356770 0.020659
0.397593 0.020518
0.402050 0.057711
0.442397 0.057850
0.431803 0.068245
0.446945 0.096901
0.432576 0.109779
0.438769 0.151125
0.462770 0.124192
0.360964 0.221368
0.383153 0.220215
0.312154 0.297822
0.382856 0.290598
0.344165 0.000641
0.438535 0.031706
0.410874 0.045899
0.448180 0.044350
0.476032 0.062653
0.479520 0.090063
0.449690 0.136864
0.443270 0.122753
0.466530 0.252732
0.383335 0.187119
0.406670 0.173073
0.416627 0.201985
0.373123 0.275619
0.296161 0.309101
0.352483 0.000147
0.410626 0.000018
0.476732 0.000299
0.447706 0.019823
0.413718 0.019850
0.492477 0.065554
0.472488 0.076043
0.490775 0.080105
0.469403 0.137987
0.465429 0.097255
0.402675 0.255078
0.433178 0.195216
0.335270 0.244762
0.365320 0.250399
0.441343 0.218839
0.369070 0.000330
0.460165 0.000140
0.430212 0.019947
0.430499 0.044245
0.512787 0.102127
0.530259 0.111992
0.487689 0.102246
0.482289 0.121390
0.458323 0.150891
0.352050 0.237420
0.295500 0.276073
0.798839 0.282077
0.519187 0.267099
0.383779 0.255209
0.377280 0.000911
0.451945 0.000329
0.485006 0.000819
0.488910 0.034122
0.520490 0.033596
0.536896 0.141741
0.516790 0.136390
0.514897 0.118248
0.577889 0.202522
0.394728 0.271753
0.577169 0.269787
0.965529 0.178073
0.506666 0.214516
0.415295 0.285345
0.341290 0.262045
0.418926 0.000838
0.468491 0.000895
0.601161 0.034633
0.459937 0.059064
0.465773 0.046353
0.502391 0.160034
0.501153 0.128319
0.471690 0.110760
0.491067 0.179380
0.424411 0.181229
0.490387 0.270909
0.358679 0.265335
0.452872 0.265906
0.340059 0.280423
0.394043 0.000902
0.435482 0.000811
0.509683 0.000385
0.464612 0.019891
0.599169 0.163675
0.512776 0.061901
0.647993 0.276839
0.486353 0.136908
0.418032 0.247946
0.463594 0.165275
0.877561 0.199046
0.699665 0.279332
0.808014 0.289221
0.399988 0.286495
0.675009 0.276497
0.534450 0.000195
0.501480 0.000510
0.427183 0.000616
0.083316 0.308955
0.482089 0.048590
0.501755 0.092016
0.401151 0.215495
0.577983 0.238057
0.479514 0.192736
0.826578 0.291228
0.847409 0.194311
0.484984 0.236028
0.850301 0.288426
0.465194 0.275767
0.600874 0.000706
0.551041 0.000618
0.385663 0.001036
0.493199 0.000352
0.527088 0.019728
0.473241 0.033702
0.506918 0.074702
0.548363 0.120065
0.470256 0.178724
0.963960 0.358994
0.393978 0.237407
0.428044 0.282947
0.477554 0.274750
0.422820 0.265647
0.561338 0.269301
0.592577 0.000642
0.517951 0.000246
0.443695 0.000735
0.495848 0.019847
0.456533 0.032417
0.879987 0.178182
0.778836 0.288642
0.619964 0.270883
0.898489 0.299382
0.511246 0.246363
0.936175 0.347217
0.506577 0.267275
0.489284 0.253590
0.518893 0.201666
0.617291 0.000366
0.567626 0.000874
0.503937 0.033521
0.526164 0.000614
0.496238 0.051133
0.510056 0.047183
0.526746 0.047209
0.497956 0.112506
0.531755 0.127588
0.478365 0.152329
0.458480 0.190859
0.410632 0.230471
0.470355 0.206507
0.431777 0.233729
0.546439 0.269975
0.633826 0.000445
0.542743 0.000688
0.543111 0.018793
0.511408 0.019954
0.480363 0.019964
0.527614 0.062760
0.545057 0.104941
0.563687 0.111730
0.554004 0.134789
0.500183 0.145396
0.437914 0.251971
0.506681 0.189809
0.460785 0.219717
0.534546 0.267730
0.642186 0.000178
0.559314 0.000343
0.578403 0.019941
0.568092 0.032697
0.550850 0.031452
0.528665 0.095577
0.559025 0.095526
0.569062 0.126686
0.542126 0.156169
0.485459 0.165158
0.536910 0.197299
0.603287 0.267309
0.447987 0.204159
0.484938 0.217449
0.866460 0.297738
0.658937 0.001020
0.611118 0.021334
0.594779 0.021035
0.561355 0.019356
0.536469 0.034225
0.542289 0.050435
0.517924 0.083966
0.544263 0.087911
0.558528 0.149541
0.526884 0.165585
0.546986 0.230089
0.510346 0.173027
0.494221 0.202478
0.423384 0.216913
0.667238 0.000734
0.575933 0.000708
0.627498 0.021430
0.556375 0.044907
0.572842 0.047133
0.559633 0.059709
0.532036 0.077590
0.554922 0.076796
0.577256 0.102621
0.560230 0.167014
0.543443 0.173202
0.525780 0.183675
0.742066 0.287768
0.713252 0.281244
0.660011 0.278066
0.683866 0.000601
0.584258 0.000573
0.609034 0.000181
0.584341 0.034113
0.543611 0.065869
0.580032 0.060665
0.571742 0.086810
0.575621 0.158375
0.590994 0.149651
0.568236 0.182564
0.519915 0.151615
0.532560 0.245828
0.501368 0.232118
0.450444 0.239018
0.692241 0.000052
0.625544 0.000121
0.644685 0.021137
0.619949 0.059147
0.591043 0.047891
0.570029 0.071694
0.588777 0.089747
0.575119 0.141076
0.602372 0.118911
0.614986 0.129626
0.530802 0.216830
0.615935 0.156430
0.548577 0.212473
0.561806 0.201800
0.751776 0.278511
0.709056 0.000131
0.637526 0.034176
0.626777 0.073178
0.618279 0.034804
0.609123 0.048608
0.597654 0.061705
0.588378 0.074956
0.591213 0.132178
0.603651 0.180592
0.606581 0.142524
0.610361 0.196845
0.913782 0.310330
0.444876 0.181004
0.895599 0.285175
0.717508 0.000329
0.650504 0.000541
0.662234 0.020710
0.629342 0.045965
0.608944 0.071500
0.604413 0.085766
0.583487 0.118021
0.610814 0.101021
0.620708 0.114770
0.618764 0.174537
0.582914 0.172876
0.549723 0.247584
0.521117 0.229574
0.550876 0.187468
0.588218 0.271494
0.725897 0.000129
0.684821 0.020455
0.654952 0.033892
0.649544 0.047606
0.638016 0.060699
0.595098 0.104737
0.629452 0.100314
0.633403 0.128451
0.627724 0.143236
0.588403 0.188940
0.714792 0.262503
0.632262 0.272261
0.728851 0.278304
0.467477 0.234593
0.742742 0.000291
0.675531 0.000051
0.695266 0.031897
0.673734 0.029774
0.668021 0.044635
0.654550 0.061681
0.622280 0.086894
0.640438 0.111366
0.632601 0.164285
0.626811 0.192259
0.632981 0.232336
0.632754 0.213703
0.595207 0.251133
0.872040 0.290808
0.861528 0.273721
0.751098 0.000764
0.705114 0.021139
0.684730 0.042066
0.688339 0.057367
0.671360 0.059714
0.644223 0.076451
0.642557 0.090716
0.652885 0.169866
0.639986 0.180753
0.615943 0.214747
0.597676 0.208138
0.568682 0.249108
0.675417 0.252074
0.918043 0.300023
0.759492 0.000663
0.700626 0.000704
0.721479 0.022417
0.704530 0.047630
0.681168 0.072258
0.662443 0.075207
0.655044 0.103298
0.649500 0.124547
0.642552 0.151696
0.666917 0.178488
0.582880 0.218259
0.651116 0.242466
0.565216 0.223510
0.761350 0.260969
0.939556 0.301014
0.768118 0.000291
0.737861 0.021299
0.712807 0.035803
0.703072 0.063064
0.662376 0.089768
0.676046 0.100573
0.664954 0.115766
0.661519 0.155954
0.643869 0.199087
0.663672 0.209641
0.655759 0.258684
0.613553 0.230301
0.947873 0.358831
0.688183 0.268987
0.776674 0.000406
0.734318 0.000998
0.750452 0.027850
0.719657 0.063778
0.681269 0.087342
0.695367 0.106141
0.682613 0.116645
0.652991 0.139693
0.659229 0.193829
0.614880 0.248670
0.682317 0.203819
0.686474 0.234419
0.679733 0.221064
0.836758 0.295170
0.695018 0.250667
0.793793 0.000582
0.746955 0.042045
0.731691 0.036032
0.698405 0.077325
0.699910 0.092020
0.702520 0.121088
0.669585 0.131533
0.675420 0.146501
0.649322 0.221238
0.739930 0.243795
0.723045 0.226676
0.597185 0.231469
0.707153 0.233772
0.634612 0.253816
0.802255 0.000089
0.763502 0.021037
0.723574 0.048978
0.735253 0.072221
0.716167 0.096100
0.716001 0.112409
0.719118 0.130070
0.688406 0.132318
0.678049 0.165140
0.695653 0.168127
0.664994 0.232294
0.702567 0.217114
0.817837 0.269651
0.819991 0.252014
0.739471 0.261122
0.810896 0.000745
0.771889 0.049057
0.755211 0.055540
0.716634 0.079474
0.733576 0.103517
0.733026 0.120092
0.737479 0.137929
0.691828 0.150503
0.733063 0.184120
0.743929 0.214247
0.765042 0.243817
0.719860 0.246433
0.780785 0.272257
0.767198 0.286868
0.828266 0.000466
0.785184 0.000732
0.765842 0.036374
0.738217 0.057059
0.751365 0.073228
0.732593 0.087703
0.749946 0.105895
0.705410 0.140635
0.715869 0.176086
0.681503 0.187272
0.699058 0.183856
0.762717 0.209278
0.765142 0.227738
0.895826 0.265091
0.969881 0.356231
0.836887 0.000108
0.779503 0.022315
0.784776 0.035592
0.766954 0.066486
0.769829 0.081420
0.750764 0.089283
0.724025 0.148920
0.743474 0.153942
0.710723 0.158265
0.753027 0.184969
0.723574 0.209471
0.741110 0.199701
0.899500 0.332596
0.798736 0.257861
0.845568 0.000415
0.819592 0.000923
0.796309 0.022015
0.793353 0.047848
0.782618 0.061118
0.786568 0.090980
0.766780 0.096624
0.765497 0.114426
0.750415 0.123853
0.699442 0.201179
0.716934 0.193818
0.744719 0.229963
0.804341 0.236569
0.946223 0.272083
0.912293 0.331697
0.862980 0.000538
0.814482 0.021615
0.804598 0.034222
0.799837 0.064233
0.788464 0.076359
0.810987 0.075643
0.781611 0.106182
0.771060 0.129799
0.730768 0.166335
0.750465 0.170211
0.772031 0.175057
0.766953 0.193467
0.782551 0.253694
0.786348 0.234996
0.871653 0.000899
0.854259 0.000298
0.831873 0.022427
0.822174 0.035897
0.810807 0.049650
0.830713 0.050455
0.805274 0.089245
0.800006 0.104255
0.787928 0.121058
0.755955 0.140477
0.763186 0.157748
0.787490 0.184930
0.784289 0.200331
0.781357 0.217369
0.871627 0.261776
0.889231 0.000707
0.868312 0.022292
0.849994 0.021516
0.840099 0.035198
0.819822 0.062681
0.831667 0.074449
0.826112 0.088720
0.807697 0.118794
0.792760 0.135468
0.776276 0.144399
0.781676 0.160509
0.804316 0.202102
0.823859 0.218719
0.934185 0.355410
0.898044 0.001045
0.880447 0.000157
0.886444 0.021578
0.857985 0.034782
0.849486 0.049196
0.842312 0.063336
0.861046 0.063802
0.844915 0.090504
0.818881 0.101977
0.839040 0.104457
0.798153 0.151114
0.796660 0.171306
0.845284 0.174505
0.888992 0.255930
0.956319 0.318064
0.906822 0.000998
0.921052 0.022281
0.877183 0.035027
0.884261 0.052328
0.868135 0.049362
0.876255 0.068445
0.852629 0.077603
0.859387 0.100036
0.865013 0.115746
0.810807 0.160839
0.825768 0.116614
0.807262 0.186636
0.823826 0.201180
0.800986 0.219388
0.915669 0.000750
0.924481 0.000364
0.928739 0.037779
0.903925 0.022348
0.894027 0.036419
0.892612 0.068671
0.901831 0.085950
0.867865 0.084713
0.877390 0.100921
0.848011 0.118042
0.874403 0.130362
0.810832 0.134350
0.820455 0.174170
0.956982 0.330659
0.913031 0.278021
0.933355 0.000779
0.937690 0.022304
0.911662 0.036834
0.900730 0.052035
0.924689 0.072372
0.885140 0.085182
0.894152 0.102889
0.884661 0.117557
0.896618 0.134578
0.831782 0.130070
0.839826 0.144803
0.853310 0.154703
0.832836 0.161890
0.852410 0.248646
0.942268 0.000595
0.956083 0.023056
0.945698 0.036458
0.917314 0.053530
0.908643 0.069399
0.919176 0.087944
0.903081 0.119661
0.918329 0.123844
0.921992 0.139113
0.853367 0.133214
0.898890 0.159020
0.867655 0.144988
0.821925 0.146556
0.831785 0.186303
0.926536 0.270592
0.951183 0.001242
0.947921 0.052860
0.932801 0.055362
0.940276 0.073082
0.949647 0.089348
0.910838 0.102499
0.936594 0.149636
0.909897 0.147270
0.914909 0.173697
0.929010 0.190935
0.957793 0.214339
0.876965 0.160493
0.862108 0.170100
0.956905 0.299229
0.960067 0.000427
0.972131 0.021990
0.963349 0.037974
0.956356 0.069215
0.966610 0.120751
0.934723 0.092327
0.926525 0.108573
0.886378 0.145454
0.951933 0.184790
0.924663 0.161156
0.945295 0.201660
0.864221 0.187441
0.950020 0.228621
0.959595 0.270165
0.896869 0.174729
0.968901 0.000838
0.979328 0.034233
0.964729 0.056021
0.955481 0.106214
0.964285 0.160047
0.947468 0.166151
0.951499 0.146586
0.934623 0.213801
0.920457 0.254512
0.910637 0.188535
0.976366 0.222575
0.981717 0.282950
0.847711 0.226533
0.858827 0.206668
0.977818 0.000292
0.999532 0.001153
0.979667 0.052464
0.980823 0.111820
0.941194 0.111608
0.952003 0.127857
0.965525 0.200795
0.980449 0.188859
0.987891 0.243342
0.919625 0.209765
0.993557 0.314268
0.902747 0.210003
0.941554 0.324012
0.838722 0.211565
0.904191 0.340360
0.987490 0.000467
0.977761 0.069743
0.965053 0.082232
0.980812 0.131855
0.966398 0.140949
0.936040 0.129744
0.955992 0.252755
0.883127 0.214292
0.999956 0.261537
0.937553 0.247605
0.906414 0.241540
0.964449 0.234670
0.936829 0.287963
0.837519 0.248156
0.999708 0.015217
0.998956 0.044306
0.980660 0.088674
0.969436 0.100601
0.999191 0.106232
0.999078 0.184458
0.999907 0.138988
0.999475 0.150120
0.974378 0.249852
0.999704 0.281495
0.969411 0.269391
0.893717 0.192417
0.896204 0.229019
0.999629 0.234272
0.866086 0.238831
0.998542 0.000182
0.999097 0.054676
0.998848 0.074804
0.998757 0.095725
0.998905 0.117039
0.980421 0.169951
0.982479 0.207228
0.929995 0.230369
0.999747 0.248852
0.999833 0.196589
0.993774 0.271788
0.882937 0.240960
0.826165 0.233166
0.998197 0.293256
0.999573 0.024939
0.999320 0.034429
0.999608 0.064796
0.999876 0.085071
0.980230 0.151725
0.999959 0.127859
0.999682 0.209319
0.934785 0.176760
0.999565 0.221781
0.999858 0.161406
0.999789 0.172804
0.867939 0.221076
0.913398 0.226490
0.971233 0.304469
0.990807 0.303738
