0.000552 0.025019
0.000794 0.062917
0.000427 0.092917
0.000703 0.124075
0.000579 0.134835
0.023526 0.326008
0.000529 0.179194
0.000972 0.190955
0.014778 0.310856
0.090441 0.249337
0.063654 0.298310
0.071507 0.233018
0.045909 0.238507
0.111035 0.261776
0.001021 0.015345
0.000028 0.043448
0.000578 0.072721
0.021611 0.054342
0.015854 0.210571
0.000226 0.202656
0.000284 0.167713
0.000768 0.286735
0.000379 0.241103
0.000875 0.255547
0.026450 0.281442
0.034259 0.262246
0.078831 0.268175
0.106308 0.224299
0.130941 0.232338
0.000996 0.000743
0.000553 0.053189
0.000708 0.082791
0.000395 0.103089
0.000279 0.113349
0.000626 0.215682
0.001079 0.156572
0.000966 0.300257
0.000411 0.228107
0.073471 0.251517
0.018065 0.323200
0.090952 0.235451
0.123966 0.250313
0.051758 0.291112
0.000569 0.000186
0.021407 0.024671
0.022503 0.039143
0.020731 0.088800
0.020437 0.164738
0.055271 0.173701
0.033516 0.155888
0.000248 0.271355
0.061498 0.223172
0.036501 0.209210
0.040749 0.227076
0.060196 0.275825
0.047982 0.270461
0.057063 0.247739
0.093346 0.272586
0.011792 0.001176
0.038488 0.039859
0.000499 0.034129
0.021117 0.071437
0.000458 0.145626
0.030074 0.194792
0.036155 0.175503
0.048064 0.191055
0.013397 0.240858
0.065639 0.189518
0.027938 0.250903
0.115852 0.186114
0.081533 0.218322
0.094363 0.290263
0.029880 0.000246
0.021260 0.000949
0.050357 0.055757
0.035434 0.058860
0.019156 0.184325
0.019985 0.124141
0.046126 0.140941
0.049057 0.158785
0.054600 0.205795
0.084173 0.181277
0.095529 0.160258
0.072524 0.202393
0.026637 0.288074
0.032659 0.306369
0.127862 0.264253
0.038328 0.000596
0.050429 0.024697
0.036688 0.077323
0.048859 0.104288
0.033374 0.132396
0.036345 0.114714
0.065073 0.154006
0.121043 0.150736
0.025208 0.225543
0.072668 0.170535
0.011665 0.268821
0.097541 0.211914
0.093217 0.196676
0.110676 0.242833
0.046823 0.000966
0.035930 0.022600
0.065153 0.022820
0.055963 0.039148
0.036392 0.093487
0.055376 0.088826
0.020534 0.145090
0.062191 0.136604
0.107201 0.146634
0.081383 0.155155
0.098651 0.185010
0.158828 0.176295
0.133997 0.192541
0.171820 0.222055
0.107392 0.279244
0.055477 0.000927
0.080936 0.022957
0.073495 0.037190
0.051388 0.073012
0.067287 0.074493
0.021799 0.106172
0.065063 0.107775
0.052365 0.121839
0.161309 0.149762
0.108622 0.169642
0.125516 0.166147
0.154082 0.191532
0.118411 0.201811
0.164553 0.204429
0.064016 0.000622
0.072630 0.000546
0.096008 0.022591
0.084597 0.048943
0.065023 0.053809
0.078347 0.063329
0.082114 0.104935
0.073222 0.091196
0.079729 0.137786
0.139697 0.154197
0.175854 0.190715
0.137301 0.177469
0.150923 0.217499
0.137944 0.208181
0.113277 0.295989
0.081200 0.000425
0.111260 0.022639
0.114009 0.037383
0.103860 0.050564
0.095336 0.064974
0.085066 0.079894
0.072726 0.121994
0.089854 0.120956
0.095878 0.138100
0.154087 0.134513
0.151790 0.162881
0.175545 0.157292
0.184156 0.207509
0.130730 0.290551
0.089776 0.000841
0.107051 0.000641
0.126358 0.023143
0.094087 0.036939
0.112078 0.067520
0.103334 0.081335
0.095285 0.094685
0.102810 0.108830
0.108564 0.124655
0.122593 0.130627
0.174145 0.136626
0.175171 0.174472
0.214003 0.235022
0.152367 0.231954
0.083601 0.308185
0.098430 0.000399
0.131524 0.037448
0.121163 0.052865
0.128857 0.068441
0.137487 0.083196
0.119249 0.084788
0.115377 0.101562
0.126338 0.113446
0.142903 0.122001
0.136038 0.138680
0.192374 0.158571
0.205332 0.205427
0.194739 0.220395
0.124266 0.216560
0.115685 0.000815
0.141363 0.000690
0.141773 0.021858
0.138391 0.052181
0.145182 0.066396
0.154829 0.078979
0.132889 0.098189
0.165135 0.107805
0.164687 0.122454
0.184089 0.122693
0.189463 0.142050
0.193799 0.175272
0.215864 0.219218
0.198343 0.249517
0.145475 0.245102
0.124241 0.001114
0.148896 0.036195
0.155925 0.050198
0.163553 0.064438
0.182286 0.063965
0.154567 0.094150
0.146746 0.107746
0.183177 0.107049
0.207870 0.143007
0.209069 0.160270
0.211019 0.180771
0.195837 0.191627
0.205859 0.280728
0.182468 0.279902
0.132803 0.000121
0.175529 0.000719
0.157750 0.022150
0.173969 0.049787
0.173634 0.077556
0.172894 0.091968
0.200954 0.111022
0.200741 0.127691
0.224464 0.171704
0.225082 0.137313
0.221633 0.195149
0.234343 0.225848
0.161414 0.285863
0.171454 0.239416
0.149216 0.262206
0.149944 0.000538
0.166618 0.035781
0.191718 0.050624
0.191797 0.078156
0.191318 0.093287
0.219508 0.108191
0.217137 0.124178
0.240922 0.142986
0.225352 0.154328
0.232958 0.208719
0.242008 0.239089
0.190508 0.235527
0.115031 0.310477
0.097153 0.319487
0.158434 0.000367
0.174036 0.021489
0.183997 0.035165
0.200435 0.035946
0.210891 0.079554
0.207022 0.095477
0.234032 0.117188
0.257877 0.139124
0.245764 0.157805
0.240435 0.173439
0.252152 0.216802
0.220754 0.248713
0.210623 0.263652
0.190232 0.263918
0.097604 0.324501
0.167037 0.000450
0.216506 0.035175
0.201439 0.065503
0.236455 0.060841
0.218842 0.064206
0.223755 0.091954
0.261291 0.166584
0.266968 0.151246
0.237843 0.189489
0.240472 0.254707
0.230943 0.269893
0.225939 0.286827
0.208249 0.295557
0.133286 0.327311
0.184055 0.000204
0.191020 0.021493
0.233552 0.034159
0.209052 0.050679
0.247960 0.073198
0.229556 0.076333
0.245522 0.126995
0.276829 0.134627
0.251697 0.199642
0.293091 0.230653
0.288162 0.199630
0.180570 0.296504
0.220727 0.320166
0.168344 0.310098
0.142792 0.329937
0.192531 0.000681
0.207421 0.021236
0.250995 0.033755
0.256112 0.060925
0.243013 0.087453
0.238690 0.101619
0.264749 0.122850
0.286260 0.179198
0.275213 0.222368
0.261031 0.231624
0.262890 0.246416
0.244926 0.301380
0.170926 0.253400
0.167615 0.268480
0.201012 0.000168
0.251800 0.000201
0.224109 0.020933
0.226578 0.048515
0.263378 0.079544
0.258293 0.095491
0.253371 0.110985
0.272465 0.107981
0.297693 0.160255
0.258469 0.182432
0.277667 0.259642
0.255873 0.264056
0.246079 0.281528
0.175503 0.326799
0.137059 0.313378
0.209511 0.000709
0.240831 0.020749
0.268365 0.033474
0.271561 0.063838
0.281060 0.077140
0.274948 0.092729
0.295299 0.133251
0.278940 0.165821
0.307129 0.173558
0.273320 0.189602
0.301572 0.253855
0.265414 0.292299
0.270755 0.312560
0.141156 0.278673
0.217919 0.000846
0.285454 0.000220
0.258007 0.020515
0.245543 0.047290
0.289133 0.062711
0.291733 0.089411
0.284610 0.118780
0.303018 0.118148
0.285706 0.148718
0.336842 0.158165
0.310865 0.202923
0.269442 0.206583
0.291550 0.285691
0.318425 0.273051
0.230608 0.310731
0.226386 0.000465
0.275498 0.020408
0.280543 0.049298
0.263814 0.047173
0.308446 0.088512
0.292091 0.104752
0.310397 0.103272
0.315569 0.130246
0.306930 0.145047
0.346374 0.187271
0.283848 0.243828
0.324587 0.214334
0.150714 0.297718
0.258979 0.310160
0.234908 0.000432
0.310620 0.000474
0.284646 0.035190
0.309137 0.059963
0.299912 0.074043
0.325459 0.088396
0.343833 0.090774
0.321984 0.115536
0.317306 0.158754
0.357393 0.115807
0.328475 0.173004
0.302879 0.188662
0.294918 0.214691
0.195300 0.310625
0.285663 0.306955
0.243287 0.000539
0.291484 0.021027
0.319217 0.047836
0.317550 0.074138
0.327578 0.061328
0.335759 0.075376
0.355412 0.100889
0.335355 0.129160
0.354424 0.131098
0.327047 0.143284
0.310736 0.224454
0.320953 0.256442
0.159540 0.326988
0.270379 0.274907
0.260175 0.000515
0.335722 0.000992
0.298810 0.049471
0.337481 0.047893
0.345590 0.061433
0.352560 0.076546
0.364129 0.088166
0.330831 0.102164
0.340899 0.113908
0.346849 0.144159
0.358446 0.156954
0.337842 0.222869
0.364040 0.188623
0.443050 0.274799
0.351324 0.205845
0.268618 0.001034
0.300390 0.034863
0.315136 0.033991
0.372492 0.050652
0.362440 0.063340
0.372904 0.075212
0.391559 0.113048
0.376327 0.098672
0.374303 0.112831
0.373098 0.128737
0.323005 0.187689
0.339184 0.291359
0.841467 0.266011
0.211857 0.322159
0.277053 0.000444
0.360670 0.001089
0.355173 0.048121
0.331587 0.034467
0.367967 0.037004
0.392431 0.071940
0.385446 0.086459
0.421648 0.080587
0.412463 0.109722
0.389590 0.129248
0.368798 0.143763
0.378763 0.157008
0.367184 0.171715
0.347927 0.171646
0.368613 0.289013
0.293870 0.000543
0.307634 0.020011
0.339470 0.021093
0.383905 0.034049
0.382075 0.061662
0.403562 0.083061
0.396393 0.098937
0.405968 0.123800
0.423324 0.123214
0.389702 0.144743
0.388834 0.169643
0.405142 0.186200
0.188132 0.325689
0.356689 0.290160
0.302177 0.000172
0.324088 0.020336
0.367904 0.022747
0.390426 0.046331
0.410865 0.068299
0.452203 0.070637
0.430470 0.094941
0.413841 0.095426
0.440097 0.081239
0.402319 0.156020
0.445329 0.164758
0.426167 0.164413
0.391896 0.197633
0.372920 0.202364
0.334724 0.199974
0.318999 0.000813
0.349257 0.034873
0.382313 0.019779
0.401869 0.034073
0.419895 0.033195
0.421720 0.056416
0.458765 0.083665
0.453043 0.110519
0.429421 0.136511
0.407996 0.139028
0.419217 0.150277
0.374458 0.231260
0.326476 0.294080
0.313962 0.240244
0.327401 0.000239
0.402311 0.000263
0.354407 0.021100
0.397357 0.020711
0.400658 0.057162
0.442089 0.057824
0.430977 0.068004
0.446827 0.096738
0.432208 0.109938
0.438482 0.150205
0.463030 0.123629
0.361613 0.217839
0.384404 0.216493
0.311836 0.291976
0.385696 0.285504
0.344080 0.000082
0.438383 0.031497
0.410917 0.045298
0.448256 0.044257
0.477010 0.062178
0.479641 0.090082
0.448690 0.136361
0.442999 0.122289
0.469809 0.250451
0.382444 0.183813
0.406607 0.170553
0.416178 0.199088
0.374475 0.270861
0.296486 0.301952
0.352394 0.000888
0.410545 0.000834
0.476661 0.000709
0.446546 0.019249
0.412907 0.020146
0.492895 0.064966
0.472791 0.075286
0.490987 0.079929
0.469115 0.136887
0.465417 0.096979
0.403591 0.251343
0.433371 0.193592
0.334228 0.240399
0.364730 0.246300
0.442128 0.216440
0.368929 0.000974
0.460143 0.000602
0.428890 0.019953
0.431023 0.044177
0.514635 0.101764
0.531000 0.111443
0.488647 0.102523
0.483698 0.120986
0.457862 0.149853
0.351791 0.234191
0.295925 0.269587
0.803180 0.277253
0.520610 0.265917
0.384534 0.251202
0.377147 0.000748
0.451906 0.001023
0.484959 0.000787
0.489322 0.034099
0.521574 0.033406
0.537493 0.141313
0.517623 0.135484
0.516029 0.118372
0.579751 0.201709
0.396593 0.268166
0.577775 0.269084
0.966586 0.177186
0.507970 0.212672
0.417325 0.282561
0.341051 0.255988
0.418848 0.000484
0.468408 0.000449
0.603656 0.034464
0.460257 0.059224
0.466050 0.046008
0.502214 0.159060
0.501384 0.128238
0.472443 0.110447
0.491969 0.177588
0.423530 0.179627
0.493168 0.270142
0.358598 0.261850
0.456504 0.263673
0.341776 0.275263
0.393979 0.001199
0.435398 0.000257
0.509739 0.000341
0.463376 0.019927
0.601401 0.162887
0.513048 0.063043
0.648975 0.276853
0.485799 0.136782
0.419693 0.244884
0.462753 0.164209
0.878627 0.194535
0.704354 0.275802
0.811998 0.285501
0.401387 0.283980
0.675433 0.274496
0.534546 0.000069
0.501529 0.000446
0.427131 0.000192
0.070372 0.304406
0.482261 0.047758
0.502223 0.092501
0.402212 0.212132
0.578777 0.236291
0.480623 0.190151
0.831068 0.286218
0.848461 0.190631
0.485147 0.232761
0.856552 0.285125
0.467427 0.275157
0.601026 0.001016
0.551216 0.000246
0.385582 0.000667
0.493214 0.000529
0.528627 0.020539
0.473613 0.032932
0.506678 0.075342
0.550161 0.120373
0.469920 0.176939
0.974477 0.339603
0.394022 0.233387
0.430241 0.280185
0.478345 0.273763
0.424477 0.262460
0.562184 0.269263
0.592733 0.000371
0.518001 0.001138
0.443640 0.000189
0.496137 0.020025
0.456427 0.032491
0.882302 0.174777
0.784826 0.287038
0.620673 0.268054
0.900571 0.292553
0.512108 0.245758
0.943128 0.327679
0.506124 0.266007
0.490918 0.251213
0.519892 0.200079
0.617554 0.000948
0.567824 0.000980
0.504386 0.034196
0.526245 0.000743
0.497434 0.051080
0.512107 0.047353
0.527878 0.048196
0.499910 0.112027
0.533463 0.126969
0.478021 0.151321
0.458903 0.188274
0.411460 0.227331
0.471235 0.204389
0.432288 0.231456
0.547179 0.270838
0.634025 0.000972
0.542899 0.000267
0.544710 0.019809
0.512180 0.020617
0.480052 0.019467
0.528506 0.063106
0.546143 0.104988
0.565093 0.111607
0.554900 0.134650
0.500623 0.144683
0.440534 0.250731
0.506979 0.188141
0.460602 0.217553
0.535754 0.266711
0.642356 0.001055
0.559502 0.001076
0.580949 0.020671
0.570034 0.032947
0.552803 0.032065
0.530527 0.095179
0.560139 0.095647
0.570455 0.126524
0.543563 0.155385
0.484667 0.163698
0.538030 0.195773
0.604562 0.266697
0.449162 0.201013
0.485285 0.215004
0.872018 0.292531
0.659031 0.000995
0.613885 0.020650
0.597318 0.021105
0.563446 0.019744
0.537853 0.035017
0.544056 0.050650
0.518674 0.083693
0.546052 0.087827
0.559962 0.149050
0.527577 0.164046
0.547287 0.229410
0.511073 0.171742
0.494506 0.201005
0.424508 0.213094
0.667426 0.000125
0.576126 0.000930
0.630784 0.021339
0.558916 0.045379
0.575155 0.047997
0.560802 0.060702
0.532852 0.078080
0.556720 0.076643
0.578876 0.102671
0.561381 0.166837
0.543681 0.172045
0.526168 0.181953
0.744444 0.282382
0.715213 0.280903
0.662822 0.276051
0.684030 0.000107
0.584460 0.000002
0.609250 0.000675
0.586798 0.034501
0.544468 0.066334
0.581876 0.060769
0.573771 0.087306
0.576607 0.158029
0.592425 0.149116
0.570168 0.181649
0.520153 0.150489
0.533736 0.244920
0.503639 0.230346
0.451774 0.236902
0.692399 0.000145
0.625768 0.000020
0.647933 0.021264
0.622608 0.059838
0.593982 0.048207
0.572323 0.072422
0.590883 0.089778
0.576887 0.141174
0.604274 0.118931
0.616627 0.129665
0.531330 0.215806
0.617461 0.155803
0.548801 0.210501
0.562737 0.200215
0.757020 0.275995
0.709203 0.000773
0.640425 0.034158
0.630656 0.073318
0.620961 0.033870
0.612246 0.047967
0.600515 0.061429
0.590583 0.074609
0.592806 0.131894
0.605067 0.178958
0.608158 0.142117
0.611271 0.193729
0.917609 0.303182
0.443441 0.179410
0.896967 0.279104
0.717640 0.001126
0.650676 0.000903
0.665464 0.020360
0.630688 0.045416
0.611382 0.071080
0.606678 0.085542
0.584949 0.118285
0.612762 0.101344
0.623275 0.114824
0.620960 0.173372
0.584975 0.171643
0.551095 0.247609
0.521654 0.228469
0.552050 0.185673
0.589603 0.271015
0.726004 0.000674
0.688275 0.020181
0.658510 0.034079
0.650677 0.047080
0.640633 0.059580
0.596991 0.104622
0.631044 0.099794
0.635693 0.128426
0.629351 0.142946
0.589641 0.187943
0.717735 0.259629
0.635250 0.272663
0.731340 0.275577
0.469013 0.232304
0.742948 0.000727
0.675728 0.000704
0.698058 0.032510
0.676997 0.029426
0.669827 0.044673
0.657885 0.061232
0.623746 0.086540
0.642065 0.110747
0.634340 0.163237
0.628630 0.191244
0.634314 0.232055
0.633090 0.211288
0.594590 0.249207
0.878662 0.285628
0.865981 0.267136
0.751349 0.000654
0.707613 0.021015
0.686025 0.042066
0.691201 0.057292
0.674101 0.059611
0.646876 0.075753
0.644650 0.090181
0.653769 0.167931
0.641768 0.179045
0.616919 0.212612
0.599052 0.206761
0.568978 0.248651
0.678470 0.250117
0.924536 0.288636
0.759696 0.000635
0.700780 0.001130
0.724021 0.022356
0.705522 0.046554
0.683344 0.072012
0.664460 0.074889
0.656704 0.102508
0.651849 0.123556
0.643855 0.149909
0.667903 0.175339
0.581948 0.217393
0.652614 0.238368
0.564427 0.222591
0.764597 0.257105
0.946965 0.296826
0.768261 0.001314
0.740207 0.020946
0.716281 0.035419
0.706417 0.062751
0.664540 0.088861
0.677788 0.100362
0.667016 0.114581
0.663016 0.153911
0.645353 0.197244
0.664733 0.207241
0.657625 0.255484
0.614086 0.229282
0.956239 0.340312
0.689685 0.267203
0.776859 0.000344
0.734458 0.000859
0.752968 0.027257
0.721840 0.063145
0.683811 0.087035
0.696947 0.105023
0.684432 0.115746
0.654650 0.138653
0.660511 0.190782
0.615408 0.248193
0.682753 0.200677
0.688445 0.232122
0.681349 0.217346
0.840371 0.290702
0.697879 0.249820
0.793965 0.000194
0.749460 0.042145
0.734789 0.036058
0.699929 0.076335
0.701953 0.091816
0.705257 0.120237
0.671123 0.130238
0.676919 0.144901
0.649377 0.218715
0.743065 0.240609
0.725947 0.223717
0.598699 0.229635
0.707947 0.231215
0.635204 0.252643
0.802544 0.000951
0.766127 0.021327
0.725553 0.048664
0.737001 0.071880
0.718028 0.094633
0.718300 0.110282
0.721023 0.128515
0.690602 0.130466
0.679760 0.163115
0.696808 0.165580
0.666662 0.229857
0.704448 0.214153
0.822048 0.264926
0.823359 0.246991
0.741988 0.259014
0.811141 0.000090
0.775079 0.049332
0.757813 0.055202
0.718168 0.078779
0.735229 0.102584
0.735118 0.119276
0.739629 0.136093
0.693462 0.149016
0.734946 0.181460
0.745846 0.210641
0.767825 0.240013
0.723602 0.242662
0.784733 0.270524
0.772844 0.284337
0.828435 0.000934
0.785394 0.000121
0.767616 0.036685
0.740531 0.056875
0.753022 0.072386
0.735109 0.087019
0.751545 0.104858
0.706819 0.138086
0.716991 0.173433
0.682342 0.183309
0.700077 0.181791
0.764889 0.206906
0.767394 0.224559
0.903629 0.261873
0.975481 0.337535
0.837006 0.000018
0.781777 0.022266
0.786465 0.035571
0.769157 0.066470
0.771873 0.080875
0.752691 0.088379
0.724971 0.146873
0.744877 0.151295
0.711867 0.155948
0.755294 0.183203
0.723886 0.206543
0.741674 0.196237
0.905245 0.314426
0.802522 0.252947
0.845672 0.000596
0.819780 0.000347
0.798316 0.021802
0.796231 0.047378
0.785074 0.060963
0.788283 0.090144
0.768286 0.095702
0.767250 0.113359
0.752105 0.121942
0.701259 0.198749
0.718705 0.190884
0.747541 0.227531
0.807249 0.233626
0.951317 0.267150
0.921398 0.315771
0.863139 0.000130
0.816651 0.021627
0.806719 0.033867
0.802444 0.063141
0.790959 0.075703
0.813479 0.075041
0.782750 0.104861
0.772813 0.127583
0.732541 0.163608
0.751515 0.167396
0.772829 0.171793
0.769190 0.190502
0.785845 0.250035
0.789490 0.231482
0.871854 0.000025
0.854439 0.000748
0.834310 0.021694
0.824663 0.035432
0.813593 0.048661
0.833671 0.049404
0.806680 0.087955
0.801316 0.103525
0.789781 0.119112
0.758256 0.138785
0.765361 0.155326
0.789114 0.181483
0.786727 0.197924
0.783832 0.214367
0.875704 0.257269
0.889388 0.000032
0.870639 0.021222
0.852065 0.020801
0.842592 0.034505
0.822596 0.061620
0.834072 0.073719
0.828068 0.087439
0.809119 0.117228
0.794620 0.133250
0.778156 0.142138
0.783978 0.157732
0.805566 0.199932
0.824075 0.214924
0.943020 0.338180
0.898235 0.000887
0.880611 0.000831
0.888719 0.021203
0.860906 0.033696
0.852441 0.047623
0.844895 0.062070
0.863591 0.062718
0.846324 0.088845
0.819710 0.100780
0.840216 0.103480
0.800182 0.147644
0.798557 0.168112
0.847004 0.170435
0.892681 0.250696
0.967505 0.303680
0.907026 0.000360
0.922845 0.022117
0.879478 0.034512
0.886649 0.051197
0.870615 0.048083
0.878941 0.067558
0.855151 0.076153
0.860474 0.098177
0.866854 0.114135
0.812819 0.157474
0.827164 0.114966
0.809231 0.184367
0.824301 0.198039
0.804011 0.216261
0.915881 0.000613
0.924750 0.000496
0.930398 0.037176
0.905933 0.021678
0.896579 0.035540
0.895035 0.067231
0.903855 0.084573
0.870414 0.083243
0.878339 0.099345
0.849687 0.115952
0.876328 0.128024
0.812720 0.132392
0.822145 0.171731
0.968711 0.318366
0.915109 0.269710
0.933606 0.000437
0.939041 0.021818
0.913424 0.036069
0.902912 0.051299
0.926564 0.070575
0.887437 0.083549
0.895605 0.101464
0.886449 0.115986
0.899202 0.132906
0.833631 0.128232
0.841882 0.142512
0.855279 0.152680
0.835045 0.158803
0.855231 0.246002
0.942483 0.000193
0.957052 0.022430
0.946523 0.035729
0.919412 0.052193
0.911122 0.068090
0.920820 0.086123
0.904251 0.117620
0.919711 0.121661
0.924151 0.137856
0.854718 0.130666
0.900570 0.156248
0.868407 0.142587
0.823894 0.143809
0.832704 0.182363
0.930487 0.266189
0.951380 0.000962
0.949490 0.051421
0.934889 0.054913
0.941641 0.072138
0.951121 0.087917
0.912668 0.101183
0.937618 0.148753
0.911123 0.145839
0.916131 0.171357
0.930035 0.189171
0.959855 0.214120
0.879584 0.157159
0.864549 0.166223
0.969762 0.288865
0.960156 0.001106
0.973348 0.021281
0.963959 0.037262
0.957494 0.068101
0.967373 0.119502
0.936437 0.090747
0.927900 0.106296
0.887401 0.143889
0.952030 0.183479
0.925796 0.158951
0.947042 0.199140
0.865183 0.183841
0.950191 0.226608
0.961283 0.271255
0.898833 0.173170
0.968984 0.000952
0.979617 0.033865
0.965296 0.054762
0.956353 0.104990
0.964580 0.158961
0.948085 0.164599
0.952728 0.145051
0.935624 0.213719
0.921870 0.247944
0.912815 0.188070
0.977757 0.222429
0.987388 0.284224
0.851107 0.222978
0.860040 0.202991
0.977912 0.000126
0.999887 0.000958
0.979638 0.051276
0.981678 0.110655
0.942678 0.110781
0.953867 0.126881
0.965930 0.198062
0.979970 0.187786
0.989015 0.242327
0.921587 0.206534
0.998361 0.317050
0.903934 0.205959
0.946623 0.309127
0.842459 0.209037
0.910273 0.323137
0.987597 0.000447
0.978121 0.068918
0.965760 0.081049
0.981377 0.130287
0.967415 0.139686
0.937747 0.127938
0.957803 0.250283
0.885532 0.210420
0.999755 0.260579
0.940565 0.244294
0.910714 0.241964
0.964668 0.233887
0.943029 0.281263
0.842294 0.243579
0.999748 0.015136
0.999150 0.044159
0.981213 0.086880
0.970102 0.098762
0.999037 0.105973
0.999102 0.184549
0.999260 0.138808
0.998874 0.149956
0.976773 0.250536
0.999366 0.282727
0.978556 0.270012
0.895619 0.190967
0.897361 0.225376
0.999478 0.232732
0.865657 0.235042
0.998754 0.000789
0.999390 0.054474
0.999499 0.074476
0.998921 0.095388
0.999177 0.116809
0.981499 0.169060
0.983287 0.206736
0.934206 0.231371
0.999190 0.248223
0.999285 0.196512
0.999306 0.270795
0.885747 0.234025
0.829273 0.229916
0.999955 0.302564
0.999978 0.024904
0.999310 0.034339
0.999036 0.064508
0.999863 0.084785
0.981285 0.150462
0.999241 0.127733
0.999183 0.209195
0.936320 0.176053
0.999660 0.221249
0.999298 0.161342
0.998908 0.172903
0.869011 0.216614
0.916016 0.223419
0.985791 0.299628
0.998070 0.311014
