0.000096 0.024825
0.000451 0.062902
0.000550 0.092941
0.000574 0.124078
0.000324 0.134797
0.016280 0.334366
0.000684 0.179193
0.001155 0.190914
0.007735 0.319608
0.086760 0.247161
0.054920 0.299463
0.068362 0.232521
0.043916 0.241117
0.106173 0.258355
0.000531 0.015050
0.000830 0.043412
0.000127 0.072728
0.020776 0.053496
0.016201 0.210357
0.000886 0.202550
0.000077 0.167720
0.000187 0.288235
0.000040 0.241409
0.000059 0.255691
0.025231 0.284568
0.031247 0.264561
0.074220 0.266999
0.105412 0.223644
0.129532 0.229301
0.000445 0.000043
0.000212 0.053170
0.000197 0.082801
0.000553 0.103136
0.000064 0.113389
0.000888 0.215560
0.000357 0.156531
0.001540 0.303109
0.000378 0.227961
0.070177 0.252550
0.015027 0.327675
0.087683 0.232995
0.122039 0.247085
0.040904 0.293497
0.000221 0.000056
0.020649 0.023803
0.021694 0.038059
0.020286 0.087784
0.020082 0.164228
0.053885 0.173533
0.033135 0.155111
0.000807 0.271959
0.058683 0.223137
0.035030 0.209817
0.039164 0.227204
0.057482 0.275778
0.044112 0.271628
0.053696 0.250205
0.088532 0.270689
0.011659 0.000349
0.037317 0.039195
0.000784 0.034053
0.020953 0.070412
0.000639 0.145564
0.029498 0.194499
0.035158 0.174422
0.046711 0.191187
0.012132 0.242231
0.064321 0.189119
0.026491 0.251805
0.115076 0.183928
0.079756 0.216169
0.089433 0.286760
0.029860 0.001033
0.021231 0.001133
0.049045 0.054797
0.034499 0.058665
0.019049 0.184051
0.019920 0.123263
0.045407 0.140211
0.048377 0.158274
0.053702 0.204941
0.082146 0.180468
0.093793 0.159355
0.071105 0.202253
0.020296 0.296493
0.023776 0.312442
0.126007 0.261523
0.038311 0.000924
0.049139 0.024434
0.036322 0.076586
0.048108 0.103492
0.033070 0.131070
0.035587 0.114048
0.063695 0.153174
0.119287 0.149370
0.024136 0.226628
0.071779 0.168892
0.008483 0.272054
0.095914 0.209472
0.091723 0.195441
0.108728 0.240543
0.046775 0.000747
0.035103 0.022020
0.063535 0.022267
0.054624 0.038792
0.035848 0.092997
0.054376 0.088327
0.020477 0.143989
0.061335 0.135713
0.105352 0.146249
0.079781 0.154633
0.098148 0.183506
0.157636 0.175183
0.131969 0.190443
0.171166 0.219357
0.103960 0.274954
0.055385 0.000580
0.078961 0.022497
0.071975 0.036673
0.050471 0.071628
0.065926 0.073658
0.021655 0.104630
0.064017 0.106334
0.051828 0.121284
0.159096 0.148214
0.106615 0.168569
0.123865 0.164634
0.151938 0.189719
0.115734 0.200742
0.163050 0.202257
0.063963 0.001184
0.072546 0.000378
0.094304 0.022408
0.083193 0.048310
0.063946 0.053114
0.076747 0.062498
0.080966 0.103559
0.071800 0.090391
0.078342 0.136472
0.137829 0.153062
0.173977 0.189393
0.137390 0.174991
0.148979 0.215031
0.135990 0.206993
0.110328 0.292157
0.081137 0.000519
0.109325 0.022186
0.112022 0.036976
0.102006 0.049894
0.093624 0.064249
0.083353 0.078924
0.071426 0.121054
0.088726 0.119763
0.094132 0.137261
0.151779 0.132769
0.150114 0.161361
0.173778 0.155724
0.182423 0.204926
0.127446 0.286153
0.089730 0.000693
0.106966 0.000984
0.124389 0.023055
0.092386 0.036478
0.109956 0.067087
0.101791 0.080790
0.093499 0.093746
0.101265 0.108146
0.106702 0.123722
0.120698 0.129161
0.171869 0.135803
0.173530 0.172845
0.212057 0.232678
0.151045 0.229265
0.077175 0.304218
0.098377 0.000323
0.129717 0.037009
0.119053 0.052545
0.126598 0.067830
0.136039 0.082336
0.118024 0.083675
0.113526 0.100435
0.124503 0.112655
0.140961 0.121075
0.134053 0.137268
0.190903 0.157094
0.203951 0.202680
0.193855 0.217766
0.121419 0.213710
0.115601 0.000717
0.141240 0.000746
0.139949 0.021392
0.136373 0.051224
0.143114 0.065641
0.153294 0.078144
0.130842 0.097190
0.163176 0.106478
0.162944 0.121471
0.182140 0.121727
0.188062 0.140651
0.191797 0.173439
0.214674 0.216940
0.196870 0.246782
0.143492 0.242270
0.124123 0.000572
0.146938 0.035701
0.153922 0.049691
0.161632 0.063473
0.180611 0.063025
0.152749 0.092880
0.144837 0.106780
0.181436 0.106000
0.206438 0.142098
0.207520 0.159337
0.209782 0.178747
0.194527 0.189513
0.204216 0.276675
0.181467 0.276160
0.132658 0.000148
0.175407 0.000194
0.155952 0.021786
0.172101 0.049222
0.172062 0.076610
0.171186 0.091124
0.199099 0.109951
0.198717 0.126400
0.223538 0.170380
0.223832 0.136393
0.220123 0.193321
0.232437 0.223870
0.159525 0.280916
0.169718 0.236132
0.147868 0.259476
0.149842 0.000851
0.164732 0.035476
0.190180 0.049612
0.190101 0.077122
0.189495 0.092460
0.218009 0.106953
0.215181 0.123278
0.239312 0.142035
0.224267 0.153529
0.231658 0.207151
0.241265 0.236950
0.187759 0.232707
0.111651 0.305576
0.092041 0.313525
0.158365 0.000679
0.172446 0.021119
0.182063 0.034552
0.198506 0.035496
0.209118 0.078562
0.205202 0.094286
0.231892 0.116735
0.256677 0.138135
0.245657 0.156486
0.239390 0.172102
0.251067 0.214945
0.219981 0.245812
0.209829 0.260636
0.188432 0.260123
0.093456 0.319408
0.166911 0.000641
0.214631 0.034752
0.199563 0.064514
0.234738 0.060436
0.217140 0.063649
0.222459 0.091352
0.260531 0.165883
0.266093 0.150160
0.236190 0.188215
0.239691 0.252740
0.229872 0.266714
0.225170 0.283042
0.207720 0.291286
0.130640 0.321111
0.183943 0.000737
0.189324 0.020980
0.231936 0.033983
0.207518 0.050084
0.246122 0.072705
0.227546 0.076044
0.244450 0.126042
0.275931 0.133509
0.250683 0.197971
0.293305 0.229270
0.286785 0.198136
0.178869 0.292081
0.219532 0.314805
0.165920 0.304427
0.140304 0.323433
0.192404 0.000428
0.205648 0.020997
0.249660 0.033582
0.254343 0.060558
0.241675 0.086670
0.237519 0.101093
0.263771 0.121852
0.286526 0.178128
0.275399 0.221135
0.260116 0.229305
0.262181 0.244787
0.244207 0.297454
0.168752 0.250288
0.165145 0.264810
0.200852 0.000929
0.251704 0.000788
0.222377 0.020641
0.224938 0.047760
0.262228 0.078592
0.257202 0.094454
0.251626 0.110131
0.270867 0.107281
0.296802 0.159510
0.257206 0.181284
0.277702 0.257465
0.255240 0.261194
0.245330 0.278316
0.173695 0.320425
0.133814 0.307523
0.209377 0.000490
0.239090 0.020620
0.267044 0.033304
0.270191 0.062907
0.279565 0.076820
0.274206 0.092131
0.294217 0.132768
0.277824 0.164619
0.306976 0.172079
0.272423 0.187838
0.301408 0.251140
0.265203 0.288384
0.271192 0.308290
0.138910 0.275290
0.217810 0.000845
0.285365 0.000592
0.256226 0.020466
0.243540 0.046849
0.287670 0.062349
0.291120 0.089075
0.283880 0.118113
0.302609 0.118064
0.285036 0.147976
0.336083 0.156770
0.310684 0.201198
0.268770 0.205238
0.291655 0.282011
0.317956 0.271480
0.230666 0.306107
0.226280 0.000143
0.273726 0.020244
0.279165 0.048779
0.261866 0.046780
0.307507 0.088634
0.291018 0.104495
0.309633 0.103287
0.314454 0.129857
0.306132 0.144409
0.345953 0.185530
0.282644 0.241573
0.324404 0.212949
0.148594 0.292578
0.259208 0.305601
0.234790 0.000892
0.310556 0.000502
0.283403 0.034995
0.307848 0.060151
0.298461 0.073898
0.324136 0.088409
0.342584 0.090830
0.321778 0.115235
0.316692 0.158094
0.356999 0.115376
0.328648 0.171638
0.302725 0.187417
0.294481 0.212836
0.194474 0.305774
0.285725 0.303489
0.243238 0.000280
0.290020 0.020961
0.318020 0.048185
0.316378 0.074022
0.326475 0.061478
0.334757 0.075470
0.354620 0.100573
0.334357 0.128785
0.353643 0.130164
0.326343 0.142381
0.311089 0.222374
0.321135 0.254716
0.157311 0.320408
0.269648 0.272193
0.260099 0.000209
0.335682 0.000406
0.297600 0.049559
0.336403 0.048207
0.344519 0.061573
0.351353 0.076782
0.363243 0.088050
0.330311 0.102050
0.340655 0.113662
0.345934 0.143181
0.357676 0.155902
0.338790 0.220430
0.363368 0.187674
0.444438 0.275115
0.351425 0.204526
0.268514 0.001201
0.299028 0.034837
0.313825 0.034383
0.372054 0.050548
0.361154 0.063393
0.371426 0.075095
0.390584 0.112546
0.375651 0.098415
0.373416 0.112519
0.372407 0.128418
0.323129 0.186291
0.340638 0.289094
0.844593 0.265191
0.210842 0.316529
0.276951 0.000318
0.360596 0.000384
0.354493 0.048343
0.330328 0.034885
0.366645 0.036712
0.391390 0.072125
0.384284 0.086386
0.420843 0.080689
0.411569 0.109557
0.388785 0.128635
0.367696 0.143212
0.378095 0.156546
0.367489 0.170502
0.348274 0.170075
0.369698 0.287876
0.293776 0.000179
0.306318 0.020217
0.337935 0.021468
0.382290 0.034330
0.380893 0.061838
0.402573 0.083049
0.395798 0.098661
0.404921 0.123444
0.422363 0.123182
0.388373 0.144055
0.389061 0.169005
0.404311 0.185488
0.186385 0.319716
0.358472 0.287680
0.302069 0.000211
0.322553 0.020614
0.366842 0.022191
0.390126 0.046524
0.409901 0.068320
0.451514 0.070876
0.429907 0.095377
0.413427 0.095425
0.439740 0.081716
0.401586 0.155045
0.445123 0.164864
0.425915 0.164318
0.391417 0.196540
0.372751 0.201390
0.334865 0.198337
0.318941 0.000102
0.348307 0.035259
0.381924 0.020159
0.400827 0.034606
0.419746 0.033641
0.420998 0.056878
0.458981 0.083619
0.453069 0.110630
0.428482 0.136570
0.407014 0.138863
0.418620 0.150235
0.374701 0.229795
0.326880 0.290216
0.313920 0.238349
0.327360 0.000273
0.402243 0.000181
0.352846 0.021447
0.397202 0.020985
0.399624 0.057441
0.441770 0.058265
0.430557 0.068317
0.446592 0.096872
0.431814 0.110223
0.438026 0.150253
0.463044 0.123573
0.362146 0.216504
0.385112 0.215066
0.312090 0.289498
0.387521 0.283696
0.344028 0.001238
0.438267 0.031694
0.410771 0.045438
0.448315 0.044737
0.477476 0.062208
0.479766 0.090378
0.448120 0.136315
0.442466 0.122346
0.471797 0.250409
0.381736 0.182679
0.406477 0.169882
0.415568 0.198294
0.375421 0.268958
0.297189 0.298652
0.352324 0.000598
0.410501 0.000357
0.476679 0.000805
0.445860 0.019315
0.412234 0.020546
0.493263 0.064928
0.472868 0.075324
0.491059 0.080235
0.468999 0.136598
0.465311 0.097248
0.404071 0.249786
0.433373 0.193843
0.333543 0.238328
0.364928 0.244646
0.442497 0.216173
0.368841 0.000334
0.460159 0.000983
0.428099 0.020143
0.431153 0.044657
0.515912 0.101860
0.531652 0.111504
0.489128 0.102941
0.484716 0.121063
0.457667 0.149595
0.352005 0.232776
0.296447 0.266600
0.805973 0.275315
0.521816 0.266361
0.384913 0.249388
0.377100 0.000405
0.451897 0.000777
0.485009 0.000829
0.489880 0.034426
0.522298 0.033537
0.537883 0.141782
0.518449 0.135580
0.516951 0.118995
0.580741 0.201866
0.397983 0.267067
0.578128 0.269594
0.966527 0.176335
0.508921 0.212668
0.418369 0.281851
0.341221 0.253372
0.418795 0.000379
0.468426 0.000295
0.605465 0.034602
0.460610 0.059768
0.466120 0.046201
0.502391 0.159198
0.501787 0.128549
0.473110 0.110464
0.493020 0.177482
0.422794 0.179571
0.494835 0.271199
0.358763 0.260724
0.458439 0.263557
0.342889 0.272952
0.393897 0.000656
0.435338 0.000137
0.509836 0.000104
0.462891 0.020082
0.602570 0.163001
0.513453 0.063755
0.649429 0.276809
0.485871 0.137150
0.420581 0.243650
0.462454 0.164408
0.879041 0.192231
0.707052 0.274438
0.814741 0.283414
0.402531 0.283529
0.675490 0.273553
0.534609 0.000819
0.501597 0.000668
0.427071 0.000096
0.063023 0.304070
0.482460 0.047732
0.502568 0.093046
0.402776 0.211087
0.579423 0.236120
0.481525 0.189752
0.833655 0.283625
0.848347 0.188370
0.485962 0.232078
0.859268 0.283541
0.468721 0.276028
0.601034 0.000310
0.551254 0.000673
0.385539 0.000401
0.493306 0.000161
0.529848 0.021158
0.473857 0.032700
0.506529 0.076106
0.551240 0.121023
0.470114 0.176672
0.980440 0.333114
0.394119 0.231942
0.431684 0.279971
0.479097 0.274495
0.425323 0.261812
0.562653 0.269953
0.592753 0.000702
0.518085 0.001000
0.443608 0.000222
0.496664 0.020475
0.456361 0.032806
0.883261 0.172755
0.787870 0.286259
0.621131 0.267311
0.899837 0.289460
0.513093 0.246636
0.945766 0.317620
0.506471 0.266797
0.491994 0.250772
0.520862 0.200182
0.617652 0.000216
0.567901 0.000281
0.504802 0.034769
0.526307 0.000394
0.498370 0.051366
0.513476 0.047767
0.529005 0.048985
0.501247 0.112068
0.534622 0.127224
0.478066 0.151220
0.459052 0.187793
0.411825 0.226364
0.471645 0.204055
0.432629 0.231082
0.548113 0.271950
0.634205 0.000331
0.542942 0.000501
0.545938 0.020659
0.512900 0.021040
0.480076 0.019659
0.529164 0.063831
0.547110 0.105394
0.565942 0.111841
0.555424 0.135178
0.501199 0.144940
0.442203 0.250879
0.507407 0.188258
0.460424 0.217156
0.536525 0.267457
0.642470 0.000088
0.559564 0.000739
0.582589 0.021210
0.571658 0.033306
0.554197 0.032537
0.531782 0.095400
0.561221 0.096058
0.571358 0.126990
0.544609 0.155529
0.484681 0.163687
0.538718 0.195776
0.605260 0.267408
0.449738 0.200295
0.485961 0.214815
0.874001 0.289855
0.659096 0.000857
0.615669 0.020567
0.598913 0.021187
0.564691 0.020221
0.538895 0.035606
0.545344 0.051139
0.519183 0.083947
0.547222 0.088017
0.560917 0.149553
0.528214 0.163923
0.547572 0.229991
0.511893 0.171747
0.495214 0.200988
0.425030 0.212013
0.667506 0.000725
0.576234 0.000558
0.632983 0.021367
0.560675 0.046049
0.576813 0.048639
0.561845 0.061337
0.533567 0.078476
0.558073 0.076987
0.580092 0.103120
0.561985 0.167447
0.543858 0.172366
0.526953 0.181926
0.745909 0.279163
0.716118 0.280508
0.664325 0.275288
0.684096 0.000762
0.584484 0.000168
0.609319 0.000665
0.588341 0.034945
0.545349 0.066785
0.583402 0.061037
0.575165 0.087801
0.577037 0.158545
0.593249 0.149399
0.571283 0.182231
0.520548 0.150520
0.534279 0.245252
0.504836 0.230130
0.452287 0.236709
0.692464 0.000146
0.625919 0.000608
0.650016 0.021301
0.624315 0.060330
0.595812 0.048381
0.573954 0.072963
0.592326 0.090008
0.577668 0.141531
0.605576 0.119099
0.617900 0.129677
0.531996 0.215997
0.618456 0.156006
0.549179 0.210496
0.563391 0.200295
0.759754 0.275230
0.709303 0.000247
0.642302 0.034110
0.633182 0.073772
0.622679 0.033389
0.614092 0.047920
0.602451 0.061599
0.592238 0.074668
0.593854 0.132056
0.605670 0.178952
0.608988 0.142318
0.611936 0.193405
0.918851 0.298281
0.442716 0.179444
0.895827 0.275979
0.717757 0.000317
0.650767 0.000761
0.667635 0.020316
0.631964 0.045549
0.613243 0.071287
0.608111 0.085748
0.585922 0.118570
0.614149 0.101698
0.625010 0.114983
0.622460 0.173768
0.586078 0.171747
0.552142 0.248562
0.522540 0.229010
0.552892 0.185671
0.590473 0.271120
0.726089 0.000754
0.690487 0.020256
0.660691 0.034008
0.651575 0.046874
0.642261 0.059230
0.598232 0.104758
0.632245 0.099561
0.637137 0.128422
0.630295 0.143020
0.590295 0.188606
0.719109 0.258556
0.636929 0.273301
0.732695 0.275111
0.470026 0.232074
0.743057 0.000410
0.675815 0.000561
0.699770 0.032791
0.678980 0.029129
0.670952 0.044820
0.659853 0.061003
0.624783 0.086364
0.643203 0.110555
0.635484 0.163239
0.629429 0.191658
0.635094 0.232949
0.633615 0.210923
0.594175 0.249284
0.881363 0.283257
0.867410 0.264241
0.751508 0.000556
0.709061 0.021025
0.687181 0.042239
0.693040 0.057323
0.675930 0.059568
0.648729 0.075610
0.646185 0.090155
0.654252 0.167432
0.642863 0.179187
0.617337 0.212124
0.599745 0.207189
0.569237 0.249561
0.679763 0.249526
0.927690 0.281604
0.759838 0.000394
0.700898 0.000104
0.725765 0.022367
0.706438 0.046289
0.684661 0.072238
0.666173 0.075078
0.657812 0.102013
0.653538 0.123017
0.644949 0.149414
0.668777 0.174694
0.581775 0.218205
0.653412 0.237208
0.564009 0.223150
0.766140 0.255599
0.949849 0.294408
0.768380 0.000268
0.741645 0.020840
0.718472 0.035266
0.708671 0.062523
0.665954 0.088709
0.679031 0.100523
0.668465 0.113980
0.664127 0.153126
0.646385 0.197482
0.665444 0.207067
0.658867 0.254587
0.614900 0.229886
0.959918 0.331279
0.690400 0.267042
0.776955 0.000635
0.734555 0.000397
0.754638 0.026908
0.723463 0.063005
0.685610 0.087020
0.698240 0.104781
0.685864 0.115445
0.656036 0.138201
0.661781 0.189995
0.615978 0.248925
0.682865 0.199678
0.689613 0.231960
0.682373 0.216244
0.842346 0.287570
0.699602 0.249768
0.794065 0.000103
0.751121 0.042320
0.736632 0.036109
0.700964 0.076176
0.703347 0.091855
0.706830 0.119655
0.672309 0.129699
0.678086 0.144075
0.649791 0.218212
0.744701 0.240433
0.727435 0.222706
0.598983 0.229374
0.708351 0.230754
0.635657 0.252748
0.802675 0.000847
0.767872 0.021472
0.726847 0.048577
0.737995 0.071830
0.719306 0.094162
0.719652 0.109183
0.722497 0.128099
0.692029 0.129632
0.681022 0.162580
0.697843 0.164778
0.667953 0.229533
0.705584 0.213729
0.824453 0.263129
0.824609 0.245346
0.743684 0.258382
0.811216 0.000363
0.777044 0.049341
0.759453 0.055063
0.719316 0.078601
0.736213 0.102317
0.736417 0.118949
0.740771 0.135088
0.694730 0.148253
0.736206 0.180054
0.746889 0.209314
0.769246 0.239343
0.725408 0.241303
0.786702 0.269684
0.775813 0.283301
0.828460 0.000822
0.785502 0.000235
0.768765 0.036951
0.742082 0.056731
0.754370 0.072107
0.736636 0.086814
0.752513 0.104385
0.708130 0.136859
0.717796 0.171996
0.682953 0.182137
0.700762 0.181180
0.765853 0.205823
0.768628 0.223274
0.905937 0.260476
0.981073 0.326673
0.837085 0.000001
0.783374 0.022145
0.787652 0.035693
0.770607 0.066526
0.773288 0.080617
0.753911 0.087783
0.725884 0.145816
0.746018 0.150262
0.712877 0.155195
0.756590 0.182600
0.724152 0.205916
0.742254 0.194800
0.905137 0.305466
0.805060 0.250911
0.845727 0.001026
0.819808 0.000765
0.799583 0.021529
0.797917 0.047028
0.786761 0.061012
0.789467 0.089495
0.769055 0.095230
0.768260 0.112830
0.753139 0.121414
0.702286 0.198305
0.719847 0.189964
0.749111 0.226486
0.809220 0.233021
0.950919 0.262663
0.927255 0.309548
0.863212 0.000061
0.817990 0.021448
0.807950 0.033711
0.804262 0.062633
0.792684 0.075316
0.815198 0.074736
0.783448 0.104306
0.773767 0.126634
0.733573 0.162475
0.752466 0.166083
0.773337 0.170388
0.770677 0.189146
0.787456 0.248586
0.791103 0.230500
0.871942 0.000915
0.854507 0.000235
0.835551 0.021199
0.826240 0.035195
0.815394 0.048170
0.835402 0.048897
0.807692 0.087153
0.802233 0.103032
0.790857 0.118072
0.759693 0.138123
0.766444 0.154428
0.789733 0.179656
0.787899 0.196829
0.785142 0.213202
0.877237 0.255156
0.889473 0.000785
0.872047 0.020494
0.853351 0.020449
0.843965 0.034217
0.824453 0.061183
0.835695 0.073278
0.829269 0.086874
0.810210 0.116448
0.795625 0.132362
0.779242 0.141401
0.785379 0.156809
0.806182 0.199155
0.823779 0.213277
0.947217 0.329468
0.898360 0.000284
0.880707 0.000530
0.890033 0.020946
0.862760 0.033089
0.854228 0.047002
0.846420 0.061590
0.865045 0.062254
0.847295 0.087954
0.820481 0.099952
0.841127 0.102861
0.801153 0.146214
0.799488 0.166599
0.848029 0.168706
0.892419 0.247820
0.971380 0.298044
0.907143 0.000690
0.924053 0.021842
0.880897 0.034135
0.887986 0.050700
0.871994 0.047520
0.880324 0.067233
0.856655 0.075589
0.861267 0.097277
0.867974 0.113059
0.814067 0.155934
0.828155 0.114019
0.810243 0.182976
0.824753 0.196523
0.805855 0.215222
0.915988 0.000331
0.924829 0.000602
0.931509 0.036585
0.907272 0.021117
0.898046 0.034915
0.896441 0.066705
0.904813 0.083866
0.871827 0.082633
0.878833 0.098522
0.850851 0.114563
0.877495 0.126509
0.814084 0.131438
0.822628 0.170445
0.974427 0.313555
0.916231 0.266256
0.933685 0.000133
0.940251 0.021216
0.914735 0.035451
0.904435 0.050935
0.927685 0.069530
0.888719 0.082988
0.896313 0.100398
0.887459 0.115151
0.900563 0.131389
0.834961 0.127084
0.843232 0.141173
0.856250 0.151510
0.836068 0.157231
0.857392 0.246568
0.942538 0.000367
0.957680 0.021676
0.947200 0.034865
0.920763 0.051438
0.912424 0.067441
0.921681 0.085095
0.904747 0.116462
0.920346 0.120219
0.924960 0.136620
0.855985 0.128993
0.901220 0.154955
0.868783 0.140711
0.824835 0.142569
0.833447 0.180978
0.932799 0.263223
0.951454 0.000734
0.950492 0.050509
0.936197 0.054561
0.942564 0.071459
0.951844 0.086983
0.913413 0.100539
0.937927 0.147974
0.911701 0.144709
0.916694 0.169406
0.930401 0.189108
0.961140 0.213028
0.881179 0.155673
0.865809 0.164419
0.973419 0.282973
0.960267 0.000052
0.974301 0.020612
0.964498 0.036584
0.958083 0.067211
0.967518 0.118366
0.937191 0.089847
0.928506 0.105054
0.888095 0.142302
0.951960 0.182950
0.925944 0.157571
0.947364 0.197888
0.865385 0.181544
0.950167 0.225365
0.962223 0.271311
0.899542 0.171647
0.969056 0.000752
0.980218 0.033468
0.966019 0.053711
0.956513 0.103990
0.964474 0.158228
0.948257 0.163198
0.953039 0.144081
0.936300 0.212477
0.923596 0.244936
0.913973 0.188093
0.977721 0.222163
0.988988 0.284207
0.852414 0.221752
0.860722 0.201072
0.978010 0.000272
0.998870 0.000672
0.980035 0.050294
0.981934 0.109339
0.942907 0.110154
0.954363 0.125896
0.965652 0.196645
0.979625 0.187282
0.988225 0.239582
0.922249 0.204030
0.999542 0.323962
0.904110 0.204234
0.948538 0.302659
0.843570 0.207523
0.912336 0.315112
0.987741 0.001155
0.978600 0.067865
0.966304 0.080125
0.981370 0.129152
0.967860 0.138868
0.938248 0.126483
0.958038 0.247960
0.886758 0.209073
0.999861 0.259923
0.942121 0.243841
0.911492 0.241292
0.964954 0.233490
0.944574 0.277679
0.843810 0.242349
0.999211 0.015029
0.999644 0.044100
0.981623 0.085472
0.970481 0.097222
0.999002 0.105787
0.999456 0.184559
0.999208 0.138730
0.999253 0.149859
0.975413 0.250200
0.999369 0.282896
0.981753 0.267891
0.896173 0.190241
0.897382 0.223007
0.999837 0.232060
0.866416 0.233642
0.998880 0.000726
0.999473 0.054354
0.998998 0.074306
0.999103 0.095236
0.999740 0.116660
0.981658 0.168139
0.982870 0.206111
0.935298 0.231705
0.999604 0.247721
0.999621 0.196314
0.999890 0.270042
0.885728 0.230710
0.830435 0.228685
0.999725 0.302669
0.999445 0.024838
0.999707 0.034281
0.999489 0.064321
0.999301 0.084720
0.981244 0.149498
0.999826 0.127648
0.998883 0.208890
0.936702 0.174835
0.999439 0.220667
0.999728 0.161312
0.999185 0.172942
0.870139 0.215097
0.916750 0.221527
0.991794 0.299800
0.999098 0.317765
