0.000110 0.024576
0.000351 0.062988
0.000257 0.093041
0.000080 0.124131
0.000562 0.134819
0.001086 0.353256
0.000112 0.179163
0.000995 0.191015
0.001959 0.331727
0.080714 0.243739
0.038511 0.305498
0.062737 0.232819
0.039248 0.245393
0.096023 0.251508
0.000468 0.014614
0.000065 0.043352
0.000444 0.072824
0.018986 0.051534
0.016679 0.208492
0.000651 0.202539
0.000560 0.167646
0.000946 0.290146
0.000398 0.241187
0.000032 0.256184
0.024118 0.289493
0.025017 0.270230
0.062529 0.269515
0.102899 0.222475
0.126497 0.223618
0.000834 0.001130
0.000685 0.053187
0.000659 0.082855
0.000086 0.103259
0.000675 0.113482
0.000484 0.215356
0.000025 0.156344
0.000180 0.306392
0.000172 0.227359
0.063355 0.252433
0.008987 0.345933
0.081761 0.227108
0.119857 0.240293
0.023371 0.303923
0.000016 0.000182
0.019180 0.021442
0.020825 0.036276
0.019208 0.085468
0.018395 0.162690
0.051206 0.173758
0.031344 0.152260
0.000812 0.270933
0.052208 0.221909
0.033456 0.211206
0.038317 0.226839
0.054257 0.281009
0.038611 0.276176
0.047039 0.257379
0.079051 0.267652
0.011372 0.000719
0.035177 0.038224
0.000419 0.033949
0.020203 0.068749
0.000310 0.145548
0.028460 0.193649
0.033553 0.172306
0.042953 0.189513
0.011357 0.245551
0.062216 0.186069
0.024983 0.252615
0.115061 0.179057
0.075533 0.213714
0.076621 0.284597
0.029784 0.000007
0.021051 0.000019
0.045507 0.052326
0.032848 0.057711
0.018107 0.182348
0.018126 0.121120
0.042896 0.138409
0.046109 0.157444
0.051816 0.205860
0.077336 0.178192
0.089932 0.158481
0.069007 0.202324
0.005935 0.318027
0.011278 0.330585
0.121325 0.257459
0.038279 0.000106
0.046177 0.023313
0.034801 0.075660
0.045842 0.101877
0.031985 0.128899
0.033329 0.112328
0.060183 0.150533
0.116024 0.145374
0.021396 0.229126
0.068969 0.166961
0.002307 0.280994
0.093431 0.206905
0.086491 0.193760
0.102680 0.235626
0.046730 0.000454
0.033444 0.021030
0.060212 0.020943
0.052004 0.037506
0.034220 0.091755
0.051955 0.086351
0.019346 0.140994
0.058948 0.133359
0.101588 0.144671
0.077053 0.152286
0.096913 0.178947
0.155443 0.172854
0.128673 0.185782
0.169491 0.213164
0.099109 0.267228
0.055322 0.000681
0.075013 0.021585
0.068425 0.035443
0.048557 0.068229
0.062355 0.071878
0.020383 0.102075
0.061473 0.103530
0.050128 0.119774
0.154755 0.144227
0.103028 0.165057
0.120185 0.162962
0.145974 0.187537
0.108497 0.197070
0.158734 0.198494
0.063918 0.000752
0.072489 0.000738
0.090203 0.021379
0.079891 0.046485
0.061636 0.051553
0.073448 0.060918
0.078631 0.101520
0.068283 0.087941
0.075132 0.134018
0.133537 0.149592
0.170855 0.185958
0.136473 0.170473
0.146003 0.208778
0.132776 0.203075
0.102814 0.284657
0.081091 0.000908
0.104988 0.021319
0.107675 0.036185
0.098042 0.048528
0.089755 0.062708
0.080272 0.076588
0.068290 0.118184
0.085741 0.117157
0.090352 0.134648
0.147113 0.130251
0.147755 0.158093
0.169887 0.152288
0.179654 0.199664
0.118875 0.277178
0.089667 0.000927
0.106877 0.001092
0.119891 0.022344
0.088898 0.035023
0.105489 0.065343
0.098367 0.079805
0.089910 0.091002
0.097887 0.106554
0.102567 0.122121
0.116153 0.126251
0.167501 0.134320
0.171102 0.168604
0.206892 0.227772
0.148586 0.224835
0.062381 0.297853
0.098266 0.000166
0.125065 0.036376
0.114750 0.051453
0.121844 0.066321
0.132729 0.080421
0.115106 0.081624
0.109715 0.096686
0.120531 0.110889
0.136199 0.118446
0.130208 0.134134
0.187522 0.153521
0.202045 0.197337
0.192920 0.213076
0.115056 0.210712
0.115458 0.000374
0.141030 0.000620
0.135214 0.020995
0.131494 0.049708
0.138387 0.063687
0.149967 0.076068
0.126828 0.094752
0.158836 0.103903
0.159292 0.118666
0.177576 0.119868
0.184918 0.137719
0.187558 0.169783
0.212080 0.211690
0.194624 0.240310
0.138380 0.237873
0.123935 0.000168
0.142042 0.034859
0.148762 0.048993
0.156957 0.061821
0.176375 0.061472
0.148103 0.090583
0.140751 0.104378
0.176780 0.104624
0.203586 0.140387
0.204418 0.157320
0.206938 0.175052
0.191481 0.185245
0.199754 0.268834
0.181123 0.268978
0.132485 0.000861
0.175125 0.000858
0.151531 0.021297
0.167296 0.048462
0.167847 0.074863
0.166972 0.090043
0.195202 0.108047
0.194230 0.124162
0.221653 0.167778
0.220568 0.134610
0.216439 0.189851
0.228385 0.220297
0.156373 0.272178
0.166012 0.228740
0.143341 0.252431
0.149591 0.000841
0.159540 0.034869
0.185650 0.048384
0.185883 0.075794
0.184917 0.090848
0.213740 0.105049
0.210333 0.121701
0.235181 0.140836
0.222126 0.151947
0.229594 0.203703
0.239927 0.231795
0.183135 0.227427
0.103333 0.299780
0.079989 0.303649
0.158100 0.000815
0.167792 0.020915
0.176465 0.034224
0.193446 0.034820
0.204391 0.077366
0.201122 0.092426
0.226787 0.116779
0.253509 0.136477
0.244565 0.154393
0.237862 0.169361
0.248557 0.211341
0.219237 0.239925
0.208255 0.254613
0.184584 0.252839
0.084189 0.309887
0.166602 0.000080
0.210127 0.034223
0.194713 0.063084
0.230245 0.060770
0.212862 0.063030
0.219149 0.090652
0.258535 0.165356
0.264107 0.148606
0.233045 0.186050
0.237448 0.248595
0.226863 0.260742
0.223617 0.277222
0.206649 0.284069
0.123696 0.310637
0.183651 0.000062
0.184793 0.020530
0.227917 0.033843
0.203451 0.049546
0.241597 0.072628
0.222618 0.076044
0.241355 0.124429
0.272997 0.132152
0.248973 0.195095
0.293810 0.227238
0.283976 0.195768
0.176968 0.283799
0.218602 0.305241
0.160509 0.294321
0.135459 0.311746
0.192203 0.000247
0.201363 0.021017
0.245998 0.033697
0.249940 0.060568
0.238296 0.086358
0.233920 0.101244
0.260679 0.120632
0.286756 0.176687
0.275842 0.218343
0.258207 0.223711
0.261303 0.241201
0.242929 0.291873
0.165010 0.243463
0.161064 0.257692
0.200700 0.000222
0.251486 0.000761
0.218059 0.020650
0.220295 0.047296
0.258707 0.077390
0.253972 0.092943
0.247692 0.108760
0.266791 0.106145
0.293667 0.159307
0.253981 0.180065
0.279284 0.254225
0.254221 0.256571
0.244187 0.273123
0.170296 0.309342
0.126120 0.296255
0.209174 0.000560
0.235014 0.020637
0.263615 0.033535
0.266381 0.062192
0.275421 0.076616
0.271675 0.091995
0.291056 0.132559
0.275127 0.163668
0.306676 0.170776
0.270101 0.184609
0.301161 0.246229
0.265876 0.282285
0.273145 0.300469
0.133088 0.267813
0.217657 0.000663
0.285230 0.000436
0.252117 0.020536
0.238444 0.047114
0.283843 0.062443
0.288406 0.089400
0.281000 0.117670
0.300290 0.118251
0.282551 0.147298
0.334030 0.155452
0.310071 0.198723
0.266979 0.203077
0.291721 0.276613
0.318487 0.269850
0.231488 0.298122
0.226157 0.001045
0.269671 0.020402
0.275224 0.048716
0.257028 0.046997
0.304322 0.089456
0.287841 0.104294
0.307357 0.104264
0.311614 0.130051
0.303696 0.144484
0.344515 0.183213
0.280102 0.236974
0.324611 0.210870
0.143217 0.284467
0.260193 0.298975
0.234611 0.000866
0.310486 0.000414
0.280019 0.034778
0.304318 0.061376
0.294535 0.074303
0.320432 0.089098
0.339220 0.091507
0.320097 0.115714
0.315126 0.157627
0.356124 0.115373
0.328431 0.170604
0.301365 0.185969
0.292990 0.208616
0.192865 0.296902
0.286453 0.298064
0.243075 0.000149
0.286579 0.020822
0.314696 0.049292
0.313014 0.074394
0.323820 0.062235
0.331860 0.076262
0.352326 0.100553
0.331800 0.128435
0.351467 0.129764
0.323463 0.142256
0.311725 0.218605
0.323241 0.253227
0.152114 0.308365
0.269713 0.268006
0.259932 0.000784
0.335576 0.000219
0.294170 0.050029
0.333872 0.048948
0.341679 0.062406
0.348627 0.077833
0.360999 0.088290
0.328233 0.102490
0.339569 0.114149
0.343467 0.142647
0.355464 0.155210
0.341242 0.217202
0.361564 0.186997
0.447350 0.277546
0.351492 0.203043
0.268350 0.000116
0.295418 0.035307
0.310746 0.035390
0.370675 0.050248
0.358432 0.063634
0.368576 0.075278
0.388761 0.112068
0.374025 0.098553
0.371635 0.112941
0.370547 0.129068
0.322149 0.184467
0.344352 0.286517
0.849229 0.264211
0.207990 0.306422
0.276802 0.000942
0.360453 0.000434
0.352981 0.049153
0.327383 0.035748
0.362761 0.035776
0.389217 0.072890
0.381975 0.086454
0.419482 0.081561
0.410182 0.110297
0.386889 0.128349
0.365250 0.143062
0.376460 0.156829
0.367288 0.170033
0.348248 0.168433
0.372982 0.286547
0.293647 0.000946
0.303055 0.020829
0.334465 0.022118
0.378987 0.035222
0.378294 0.062435
0.400828 0.083974
0.394625 0.098751
0.402880 0.123780
0.420541 0.123945
0.385439 0.143888
0.389174 0.168866
0.402186 0.185934
0.182546 0.308205
0.362842 0.284811
0.302040 0.000852
0.319025 0.021240
0.364758 0.020932
0.388483 0.046907
0.408501 0.069179
0.450236 0.072127
0.428979 0.096942
0.412747 0.095887
0.439026 0.083766
0.399329 0.154012
0.445060 0.166312
0.425774 0.165669
0.390135 0.196541
0.372446 0.201179
0.334353 0.196439
0.318889 0.000010
0.345368 0.036002
0.380825 0.021241
0.398457 0.035828
0.419505 0.034910
0.419531 0.058351
0.459430 0.084330
0.453218 0.111626
0.426988 0.137291
0.405391 0.138860
0.417477 0.151278
0.375940 0.229476
0.329317 0.284442
0.315004 0.235469
0.327251 0.000214
0.402127 0.000399
0.349446 0.021928
0.396001 0.021952
0.397656 0.058615
0.441208 0.059710
0.429828 0.070082
0.446218 0.097874
0.431297 0.111551
0.437410 0.151283
0.462908 0.123935
0.363373 0.216115
0.386572 0.214352
0.313840 0.287422
0.391959 0.282242
0.343844 0.000074
0.437918 0.032819
0.410088 0.046264
0.448945 0.046748
0.478345 0.062775
0.479818 0.091889
0.447425 0.136898
0.441263 0.123411
0.475970 0.253226
0.379630 0.182526
0.406909 0.169599
0.414506 0.198769
0.378491 0.266615
0.299737 0.293877
0.352163 0.001304
0.410396 0.000293
0.476802 0.000910
0.444717 0.020841
0.410669 0.022271
0.494372 0.065452
0.472862 0.076532
0.490842 0.081538
0.468888 0.136889
0.464671 0.098978
0.405635 0.248757
0.433756 0.196868
0.332571 0.234783
0.366561 0.243852
0.443836 0.219019
0.368802 0.000273
0.460243 0.000101
0.426572 0.021275
0.430881 0.046562
0.518627 0.102583
0.533845 0.112730
0.489891 0.104557
0.486435 0.122300
0.457780 0.149904
0.352627 0.231745
0.298378 0.261837
0.810690 0.273108
0.524805 0.270054
0.386116 0.248057
0.377092 0.000800
0.451931 0.000170
0.485131 0.000675
0.491467 0.035266
0.524332 0.034084
0.538836 0.144452
0.520368 0.137124
0.519126 0.121180
0.582550 0.205060
0.401969 0.266514
0.579872 0.273033
0.965803 0.172387
0.511052 0.215410
0.420975 0.281632
0.342481 0.249905
0.418710 0.000164
0.468509 0.000694
0.609793 0.034855
0.461660 0.061811
0.466306 0.047152
0.502822 0.161297
0.502585 0.130043
0.474555 0.111745
0.495615 0.179136
0.421896 0.181512
0.497839 0.275993
0.360188 0.260176
0.461865 0.265634
0.345193 0.269847
0.393775 0.000863
0.435274 0.000379
0.510018 0.000623
0.462770 0.021041
0.605138 0.164520
0.514808 0.065160
0.649587 0.276325
0.486467 0.138674
0.422838 0.244154
0.462147 0.165833
0.878139 0.187800
0.711856 0.273537
0.819987 0.280545
0.405978 0.283904
0.676530 0.272211
0.534760 0.000960
0.501748 0.000991
0.426992 0.000850
0.049234 0.306708
0.483385 0.048297
0.503588 0.094831
0.404138 0.211759
0.581450 0.238413
0.483177 0.191758
0.836012 0.281164
0.847986 0.185680
0.489097 0.234029
0.861681 0.283602
0.471355 0.279776
0.601040 0.000729
0.551338 0.000888
0.385482 0.000124
0.493457 0.000558
0.533121 0.021747
0.474292 0.033021
0.506443 0.078183
0.553921 0.122819
0.471961 0.178205
0.989899 0.339119
0.395107 0.232139
0.435390 0.281046
0.481491 0.278344
0.427500 0.262991
0.563877 0.274129
0.592752 0.000587
0.518295 0.000442
0.443597 0.000649
0.498775 0.021527
0.456390 0.033819
0.884456 0.169943
0.793322 0.284254
0.622415 0.268356
0.896674 0.287172
0.515422 0.251407
0.945903 0.308199
0.508168 0.271744
0.494511 0.252548
0.523314 0.202857
0.617701 0.000570
0.567935 0.000207
0.506794 0.035752
0.526479 0.000395
0.500922 0.052271
0.516734 0.049016
0.532655 0.050312
0.504102 0.112976
0.537597 0.128636
0.477876 0.152246
0.459976 0.188919
0.413131 0.227457
0.472579 0.205805
0.434304 0.233625
0.550860 0.276097
0.634338 0.000768
0.543038 0.001109
0.549071 0.021653
0.515415 0.021496
0.481350 0.020871
0.530567 0.065784
0.550111 0.107202
0.568333 0.113354
0.557200 0.137835
0.502337 0.146585
0.446003 0.253926
0.509179 0.191313
0.461076 0.219307
0.538311 0.272402
0.642596 0.000805
0.559632 0.000210
0.585653 0.021777
0.575603 0.033911
0.557690 0.033674
0.534892 0.096383
0.564664 0.097332
0.573863 0.129058
0.547550 0.157635
0.485180 0.165607
0.540599 0.198180
0.606554 0.270741
0.451532 0.201905
0.487559 0.217132
0.872256 0.291061
0.659256 0.000103
0.619524 0.020731
0.602329 0.021651
0.567284 0.020999
0.541598 0.036641
0.548815 0.052302
0.520358 0.085079
0.550228 0.088707
0.563716 0.152346
0.530063 0.165316
0.548628 0.233848
0.514288 0.173549
0.497224 0.203403
0.426467 0.213326
0.667656 0.000485
0.576235 0.000127
0.637835 0.021205
0.564622 0.047602
0.580692 0.049860
0.565113 0.062670
0.535793 0.079661
0.561907 0.078571
0.583426 0.105119
0.563526 0.170777
0.544822 0.175260
0.529140 0.184498
0.749982 0.273546
0.718226 0.279365
0.666568 0.274968
0.684320 0.001146
0.584459 0.000854
0.609356 0.000075
0.592034 0.035824
0.548195 0.067897
0.587793 0.062299
0.578625 0.089256
0.578537 0.161425
0.594979 0.151456
0.573893 0.185786
0.521379 0.152486
0.535371 0.248516
0.506765 0.232480
0.453561 0.239360
0.692638 0.000410
0.626022 0.000330
0.654986 0.021176
0.628455 0.061320
0.600027 0.048846
0.577981 0.074068
0.595574 0.090894
0.579698 0.143091
0.608639 0.120269
0.621050 0.130385
0.534053 0.218618
0.621034 0.158009
0.551202 0.213428
0.565434 0.203574
0.765985 0.274986
0.709534 0.000075
0.646237 0.033821
0.638537 0.075062
0.626921 0.032806
0.618168 0.048498
0.606914 0.062394
0.596553 0.075365
0.596534 0.133382
0.607026 0.180813
0.610879 0.143642
0.613660 0.196438
0.918781 0.287967
0.441925 0.181523
0.891698 0.266029
0.717965 0.000262
0.650934 0.000220
0.672643 0.020384
0.635326 0.046202
0.618003 0.072465
0.610953 0.087108
0.588593 0.119931
0.617470 0.103323
0.628679 0.116085
0.625762 0.176952
0.588583 0.173822
0.554408 0.252651
0.525280 0.233310
0.555563 0.188373
0.593173 0.272322
0.726389 0.001115
0.695706 0.020684
0.665239 0.033542
0.654805 0.046556
0.646025 0.059520
0.601261 0.106120
0.635067 0.099331
0.640494 0.129275
0.631992 0.144062
0.592230 0.192487
0.721793 0.256804
0.640851 0.275088
0.735348 0.276451
0.471654 0.234364
0.743323 0.000730
0.676007 0.000881
0.703990 0.033241
0.683766 0.028881
0.673886 0.045266
0.663816 0.060238
0.627452 0.086190
0.645848 0.111197
0.638033 0.164535
0.630983 0.194829
0.636374 0.236764
0.634967 0.214258
0.594287 0.252171
0.882200 0.280664
0.867032 0.260938
0.751781 0.000607
0.713177 0.021242
0.690459 0.042893
0.697609 0.057848
0.680714 0.059179
0.653913 0.075103
0.649349 0.090496
0.655831 0.167736
0.645585 0.182389
0.618176 0.214968
0.601340 0.211825
0.570989 0.253765
0.681832 0.249490
0.927822 0.271188
0.760128 0.001011
0.701102 0.000610
0.729759 0.022132
0.710132 0.046293
0.687804 0.072585
0.670896 0.075057
0.660285 0.101630
0.657061 0.122421
0.647840 0.149921
0.670758 0.175185
0.582199 0.222483
0.655142 0.237847
0.563794 0.226829
0.769379 0.254774
0.955139 0.282845
0.768521 0.000188
0.745524 0.021107
0.722901 0.035173
0.713298 0.061768
0.669745 0.089254
0.682217 0.100468
0.671579 0.113326
0.667297 0.153679
0.649440 0.200900
0.667536 0.210181
0.661523 0.254329
0.617788 0.233655
0.964033 0.320852
0.691884 0.267923
0.777100 0.000655
0.734782 0.000533
0.758722 0.026074
0.728239 0.062738
0.689833 0.087538
0.701742 0.105164
0.689570 0.115778
0.659245 0.138286
0.665244 0.191182
0.617100 0.252027
0.684245 0.199933
0.691915 0.233771
0.685605 0.216830
0.846960 0.284331
0.703299 0.250759
0.794250 0.000182
0.755218 0.042052
0.741180 0.036277
0.704148 0.075542
0.706922 0.091245
0.710602 0.118488
0.675457 0.129746
0.681567 0.144008
0.651491 0.220293
0.747796 0.242017
0.730747 0.222400
0.600007 0.231268
0.710008 0.232076
0.637598 0.254896
0.802799 0.001034
0.772202 0.021533
0.730194 0.048057
0.741019 0.071397
0.722958 0.093050
0.722697 0.108335
0.726232 0.128030
0.695266 0.129904
0.683916 0.162599
0.701053 0.165525
0.671715 0.231414
0.707968 0.215470
0.828426 0.260963
0.827071 0.244002
0.747754 0.258221
0.811366 0.001160
0.781525 0.049063
0.763796 0.054959
0.722263 0.078054
0.739157 0.102093
0.739423 0.118067
0.743688 0.134429
0.697844 0.147496
0.738784 0.178427
0.748747 0.208600
0.772200 0.240043
0.728602 0.239622
0.790020 0.268461
0.782029 0.281835
0.828538 0.000234
0.785649 0.000582
0.771785 0.037425
0.746226 0.056202
0.758160 0.071070
0.740392 0.086463
0.755114 0.103393
0.711426 0.136309
0.719984 0.171550
0.685952 0.183091
0.703411 0.182585
0.767049 0.204639
0.771135 0.221872
0.903487 0.255049
0.988104 0.314602
0.837214 0.000528
0.787158 0.022124
0.790696 0.035935
0.774518 0.065934
0.777405 0.080051
0.757153 0.086189
0.728819 0.145283
0.748992 0.149796
0.715574 0.155404
0.758599 0.183166
0.725539 0.206843
0.743646 0.194159
0.899525 0.295694
0.808953 0.249734
0.845881 0.000793
0.819903 0.001220
0.803061 0.021260
0.801829 0.046296
0.791163 0.060948
0.792366 0.088269
0.771016 0.094243
0.770691 0.111645
0.756389 0.121539
0.704386 0.199448
0.722445 0.189742
0.751920 0.224903
0.812704 0.233113
0.949301 0.252368
0.933077 0.304508
0.863304 0.000555
0.820925 0.021035
0.810971 0.033311
0.809172 0.061368
0.797274 0.074019
0.819610 0.073396
0.785584 0.103034
0.776730 0.125862
0.735692 0.162130
0.754879 0.165669
0.774552 0.169544
0.774150 0.188249
0.789820 0.247632
0.792716 0.230179
0.872071 0.000528
0.854595 0.000220
0.837948 0.020774
0.829716 0.034467
0.819670 0.047309
0.839417 0.047906
0.810323 0.085581
0.804541 0.101495
0.793618 0.116493
0.763117 0.137684
0.768467 0.153837
0.790906 0.177577
0.789612 0.195325
0.786985 0.212449
0.880341 0.250019
0.889690 0.000576
0.875050 0.019845
0.855957 0.020725
0.847243 0.033688
0.828641 0.060260
0.839635 0.071778
0.831838 0.086039
0.813040 0.115107
0.797617 0.130674
0.782021 0.140760
0.788356 0.156373
0.806543 0.197346
0.825357 0.211005
0.953489 0.319814
0.898457 0.000716
0.880886 0.000693
0.892853 0.020789
0.866331 0.032207
0.858051 0.046030
0.850127 0.060426
0.868328 0.061041
0.849661 0.085997
0.822525 0.097925
0.842899 0.100820
0.803213 0.144686
0.802015 0.165171
0.849817 0.166452
0.890236 0.240997
0.971266 0.289642
0.907267 0.000575
0.926610 0.020795
0.884359 0.033860
0.891081 0.049930
0.875183 0.047026
0.883147 0.065792
0.860110 0.074451
0.863026 0.094911
0.870369 0.110233
0.817002 0.154049
0.830308 0.112163
0.811304 0.180500
0.827161 0.194427
0.808244 0.214765
0.916104 0.000099
0.924905 0.000303
0.933815 0.035802
0.910095 0.020135
0.900956 0.034640
0.899104 0.065381
0.907048 0.082166
0.874544 0.081006
0.880335 0.096513
0.853163 0.111447
0.880083 0.124412
0.817318 0.129447
0.823108 0.168183
0.974305 0.306789
0.915958 0.262421
0.933724 0.000460
0.942788 0.019486
0.917332 0.034625
0.907365 0.049837
0.929877 0.067692
0.891274 0.081863
0.897560 0.097217
0.889755 0.112824
0.903133 0.128387
0.838205 0.124763
0.846190 0.138576
0.858127 0.149030
0.837464 0.154894
0.859982 0.248587
0.942617 0.000476
0.960141 0.020003
0.949226 0.033293
0.923525 0.049708
0.914580 0.066006
0.923360 0.082979
0.906048 0.113728
0.921752 0.117523
0.926070 0.132782
0.858991 0.125812
0.901859 0.152972
0.870166 0.137132
0.827393 0.140835
0.834970 0.179795
0.932427 0.256211
0.951599 0.000258
0.952728 0.048311
0.938939 0.053242
0.944771 0.070176
0.953218 0.085360
0.914461 0.098403
0.938449 0.145031
0.912941 0.141257
0.917163 0.166349
0.931350 0.186858
0.962631 0.207837
0.883764 0.152745
0.868502 0.161312
0.973082 0.270283
0.960466 0.000095
0.976509 0.019030
0.965778 0.034394
0.959425 0.064786
0.967907 0.114981
0.938369 0.087916
0.929780 0.101876
0.889565 0.137416
0.951456 0.179572
0.925704 0.154874
0.946735 0.196279
0.865173 0.178031
0.949405 0.217501
0.962163 0.268630
0.900962 0.169074
0.969256 0.000378
0.981981 0.032018
0.967697 0.051520
0.957071 0.101687
0.964630 0.156197
0.948242 0.159771
0.953317 0.141016
0.936729 0.208542
0.923080 0.236963
0.914287 0.184232
0.976734 0.218314
0.989885 0.282847
0.852273 0.219540
0.861344 0.197390
0.978271 0.001020
0.999089 0.000658
0.981931 0.047990
0.981697 0.106060
0.943201 0.108177
0.955005 0.123448
0.964663 0.192994
0.980102 0.184662
0.985783 0.231641
0.922270 0.200584
0.999795 0.336814
0.904049 0.202087
0.948782 0.296165
0.844060 0.205107
0.913805 0.302654
0.988072 0.000120
0.979802 0.064686
0.967357 0.077668
0.981104 0.126051
0.968618 0.136620
0.938848 0.123771
0.960337 0.240890
0.886362 0.205221
0.999232 0.257282
0.942599 0.240240
0.906505 0.235541
0.966341 0.228228
0.943430 0.272612
0.844365 0.239900
0.999417 0.014599
0.999132 0.044018
0.982741 0.082742
0.971027 0.094598
0.999003 0.105782
0.999725 0.184185
0.999260 0.138578
0.999785 0.149702
0.971886 0.247587
0.999384 0.282495
0.983581 0.254719
0.895266 0.186101
0.899266 0.219271
0.999851 0.231414
0.867212 0.230302
0.999194 0.000248
0.999759 0.054229
0.999570 0.074148
0.999665 0.095244
0.999916 0.116636
0.981439 0.165127
0.981110 0.202140
0.931889 0.225158
0.999437 0.246057
0.999074 0.195669
0.999375 0.268595
0.883099 0.225611
0.833995 0.225605
0.999246 0.304931
0.999251 0.024433
0.999192 0.034106
0.999485 0.064209
0.999605 0.084712
0.980525 0.147177
0.999234 0.127557
0.999224 0.207686
0.935593 0.170064
0.999392 0.219532
0.999623 0.161199
0.999576 0.172806
0.870383 0.211576
0.916234 0.217642
0.999178 0.297558
0.999694 0.323099
