0.000794 0.024583
0.000607 0.062992
0.000565 0.093051
0.000704 0.124152
0.000610 0.134847
0.001332 0.354989
0.000761 0.179178
0.000474 0.191069
0.000723 0.334433
0.079565 0.243283
0.035739 0.307760
0.061784 0.233350
0.038540 0.245539
0.094055 0.250408
0.000483 0.014555
0.000213 0.043346
0.000574 0.072825
0.018579 0.051132
0.016619 0.208097
0.000052 0.202600
0.000608 0.167656
0.000232 0.291003
0.000790 0.241045
0.000903 0.256345
0.024033 0.290571
0.023332 0.271619
0.060437 0.270325
0.102234 0.222166
0.125978 0.222463
0.001149 0.000499
0.000825 0.053189
0.000407 0.082864
0.000725 0.103259
0.000108 0.113479
0.000320 0.215354
0.000630 0.156345
0.000896 0.306330
0.000647 0.227270
0.062448 0.251305
0.007537 0.351849
0.080523 0.226429
0.119318 0.239239
0.020576 0.307312
0.000342 0.000641
0.018793 0.021026
0.020602 0.036071
0.018940 0.084957
0.018025 0.162245
0.050710 0.173811
0.030851 0.151604
0.000524 0.270422
0.051234 0.221868
0.033296 0.211393
0.038411 0.227113
0.053486 0.283510
0.037531 0.277784
0.045714 0.258753
0.078186 0.266896
0.011269 0.000302
0.034795 0.038160
0.000550 0.033955
0.019900 0.068464
0.000385 0.145574
0.028316 0.193557
0.033344 0.171870
0.042358 0.189062
0.011212 0.246311
0.061766 0.185475
0.024966 0.252930
0.115008 0.178451
0.074486 0.213823
0.074548 0.285039
0.029774 0.000591
0.021014 0.000760
0.044818 0.051744
0.032425 0.057546
0.017839 0.181864
0.017562 0.120625
0.042363 0.138193
0.045570 0.157382
0.051431 0.205984
0.076719 0.177911
0.088990 0.158428
0.068360 0.201904
0.002646 0.322124
0.010458 0.335640
0.119602 0.256608
0.038268 0.000589
0.045654 0.023014
0.034541 0.075653
0.045300 0.101684
0.031753 0.128532
0.032929 0.111923
0.059448 0.149898
0.115416 0.144474
0.020769 0.229448
0.068115 0.166643
0.000098 0.283398
0.093092 0.206602
0.085262 0.192955
0.101193 0.235442
0.046724 0.000717
0.033073 0.020830
0.059615 0.020655
0.051626 0.037211
0.033936 0.091462
0.051323 0.085782
0.018958 0.140452
0.058421 0.132968
0.100762 0.144234
0.076454 0.151447
0.096335 0.178370
0.155113 0.172353
0.127835 0.185166
0.169111 0.211793
0.098261 0.265789
0.055321 0.000182
0.074346 0.021435
0.067723 0.035245
0.048086 0.067601
0.061626 0.071604
0.019967 0.101758
0.060957 0.103053
0.049637 0.119289
0.153820 0.143395
0.102416 0.164179
0.119487 0.162559
0.144631 0.187144
0.107040 0.195782
0.157812 0.197702
0.063923 0.000917
0.072495 0.001063
0.089289 0.021011
0.079159 0.046051
0.061131 0.051234
0.072836 0.060672
0.078092 0.101228
0.067612 0.087398
0.074423 0.133700
0.132614 0.148872
0.170246 0.185000
0.136064 0.169550
0.145363 0.207654
0.131624 0.202150
0.100824 0.283399
0.081092 0.000786
0.104173 0.021140
0.106814 0.035970
0.097182 0.048295
0.088936 0.062416
0.079671 0.076161
0.067653 0.117463
0.084908 0.116679
0.089571 0.134148
0.146302 0.129743
0.147473 0.157380
0.169026 0.151569
0.179344 0.198642
0.116569 0.275522
0.089669 0.000965
0.106886 0.000354
0.118967 0.022039
0.088185 0.034710
0.104544 0.064919
0.097704 0.079578
0.089144 0.090496
0.097346 0.106074
0.101664 0.121844
0.115114 0.125739
0.166759 0.133871
0.170583 0.167648
0.205785 0.226918
0.147922 0.224093
0.059203 0.297580
0.098263 0.000751
0.123950 0.036147
0.113888 0.051165
0.120982 0.066006
0.132076 0.079970
0.114430 0.081245
0.108906 0.095963
0.119605 0.110247
0.135245 0.117655
0.129433 0.133563
0.186894 0.152631
0.201640 0.196387
0.192749 0.212271
0.114079 0.210129
0.115439 0.000736
0.141007 0.000925
0.134129 0.020900
0.130422 0.049550
0.137375 0.063385
0.149282 0.075596
0.126039 0.094408
0.157811 0.103510
0.158463 0.118021
0.176576 0.119543
0.184274 0.137081
0.186774 0.169011
0.211637 0.210714
0.194353 0.238990
0.137122 0.237004
0.123928 0.000690
0.140974 0.034642
0.147596 0.048853
0.155973 0.061661
0.175372 0.061346
0.147039 0.090221
0.139910 0.103908
0.175794 0.104471
0.203051 0.140047
0.203855 0.156791
0.206343 0.174200
0.190710 0.184361
0.198729 0.267311
0.181079 0.267566
0.132445 0.000666
0.175093 0.000438
0.150446 0.021173
0.166181 0.048375
0.166885 0.074642
0.166063 0.089797
0.194371 0.107649
0.193318 0.123779
0.221316 0.167266
0.219736 0.134241
0.215830 0.189066
0.227684 0.219886
0.155825 0.270823
0.165163 0.227278
0.142193 0.250935
0.149535 0.000495
0.158252 0.034761
0.184569 0.048237
0.184842 0.075756
0.183890 0.090600
0.212701 0.104847
0.209203 0.121426
0.234394 0.140674
0.221633 0.151617
0.229411 0.203042
0.239880 0.230780
0.182486 0.226537
0.101352 0.299218
0.077648 0.302421
0.158057 0.000520
0.166657 0.020914
0.175183 0.034278
0.192286 0.034726
0.203248 0.077316
0.200200 0.092240
0.225734 0.116908
0.252681 0.136225
0.244196 0.153897
0.237541 0.168785
0.247963 0.210856
0.219280 0.238710
0.207969 0.253330
0.183712 0.251380
0.082423 0.308066
0.166576 0.000467
0.209106 0.034208
0.193606 0.062932
0.229153 0.061020
0.211864 0.063016
0.218391 0.090697
0.258059 0.165210
0.263553 0.148306
0.232442 0.185589
0.237158 0.247657
0.226229 0.259614
0.223402 0.276329
0.206489 0.282885
0.122061 0.308813
0.183623 0.000769
0.183740 0.020589
0.227056 0.033813
0.202438 0.049481
0.240538 0.072792
0.221541 0.076159
0.240585 0.124184
0.272101 0.132061
0.248655 0.194718
0.294036 0.226938
0.283410 0.195493
0.176630 0.282363
0.218630 0.303755
0.159272 0.292594
0.134381 0.309612
0.192173 0.000097
0.200370 0.021077
0.245104 0.033806
0.248914 0.060673
0.237451 0.086666
0.232929 0.101533
0.259787 0.120552
0.286593 0.176569
0.275948 0.217900
0.257887 0.222800
0.261162 0.240407
0.242912 0.291257
0.164418 0.242133
0.160495 0.256459
0.200669 0.001231
0.251471 0.001016
0.217132 0.020751
0.219182 0.047378
0.257757 0.077363
0.253138 0.092816
0.246855 0.108604
0.265816 0.106048
0.292810 0.159455
0.253206 0.179997
0.279805 0.253665
0.254079 0.255718
0.244081 0.272205
0.169573 0.307526
0.124225 0.294371
0.209135 0.000331
0.234175 0.020729
0.262758 0.033709
0.265436 0.062214
0.274451 0.076683
0.270941 0.092184
0.290244 0.132603
0.274512 0.163754
0.306531 0.170831
0.269673 0.184066
0.301183 0.245326
0.266094 0.281462
0.273737 0.299333
0.131823 0.266437
0.217629 0.000333
0.285217 0.000576
0.251240 0.020594
0.237324 0.047277
0.282962 0.062554
0.287536 0.089604
0.280137 0.117669
0.299411 0.118325
0.281785 0.147243
0.333511 0.155521
0.309871 0.198673
0.266603 0.202848
0.291825 0.275954
0.318857 0.269754
0.231779 0.297055
0.226111 0.000069
0.268749 0.020536
0.274254 0.048778
0.255932 0.047083
0.303427 0.089697
0.287009 0.104435
0.306697 0.104620
0.310817 0.130188
0.302892 0.144728
0.344148 0.183155
0.279521 0.236100
0.324772 0.210761
0.141968 0.283306
0.260428 0.298176
0.234584 0.001135
0.310476 0.000104
0.279170 0.034790
0.303437 0.061631
0.293568 0.074477
0.319500 0.089309
0.338423 0.091674
0.319426 0.115945
0.314599 0.157658
0.355904 0.115410
0.328275 0.170768
0.300835 0.186021
0.292715 0.208004
0.192488 0.295507
0.286888 0.297339
0.243046 0.000249
0.285814 0.020866
0.313861 0.049551
0.312178 0.074560
0.323182 0.062385
0.331062 0.076480
0.351735 0.100582
0.331154 0.128409
0.350882 0.129951
0.322540 0.142424
0.311602 0.218100
0.323932 0.253251
0.150822 0.306312
0.269933 0.267136
0.259911 0.000886
0.335554 0.000627
0.293347 0.050142
0.333314 0.049064
0.341017 0.062570
0.348002 0.078042
0.360479 0.088433
0.327556 0.102686
0.339177 0.114326
0.342876 0.142691
0.355033 0.155309
0.341716 0.217098
0.361213 0.187199
0.448053 0.278388
0.351518 0.203051
0.268331 0.000573
0.294612 0.035485
0.310039 0.035592
0.370239 0.050072
0.357877 0.063610
0.368066 0.075293
0.388503 0.112068
0.373642 0.098672
0.371379 0.113117
0.370164 0.129383
0.321667 0.184465
0.345252 0.286288
0.849537 0.263930
0.207335 0.304830
0.276772 0.000132
0.360429 0.000774
0.352621 0.049309
0.326677 0.035863
0.361842 0.035496
0.388828 0.072967
0.381551 0.086457
0.419297 0.081799
0.410056 0.110623
0.386607 0.128483
0.364793 0.143278
0.376281 0.157181
0.367196 0.170380
0.348129 0.168517
0.373864 0.286461
0.293627 0.000184
0.302345 0.021045
0.333692 0.022176
0.378315 0.035346
0.377797 0.062521
0.400561 0.084214
0.394446 0.098875
0.402565 0.124076
0.420300 0.124343
0.385024 0.144163
0.389343 0.169135
0.401862 0.186212
0.181644 0.306233
0.363803 0.284740
0.302036 0.001047
0.318303 0.021385
0.364397 0.020798
0.388046 0.046979
0.408271 0.069391
0.450098 0.072439
0.428859 0.097399
0.412652 0.096116
0.438957 0.084305
0.398911 0.154165
0.445186 0.166875
0.425943 0.166279
0.389960 0.196918
0.372402 0.201494
0.334103 0.196470
0.318874 0.000682
0.344573 0.036129
0.380606 0.021504
0.398095 0.036038
0.419479 0.035141
0.419293 0.058610
0.459534 0.084619
0.453233 0.112079
0.426902 0.137751
0.405304 0.139099
0.417367 0.151822
0.376256 0.229864
0.330169 0.283798
0.315391 0.235155
0.327226 0.000105
0.402131 0.000576
0.348760 0.022010
0.395657 0.022136
0.397338 0.058819
0.441155 0.059961
0.429738 0.070496
0.446236 0.098246
0.431278 0.112024
0.437446 0.151765
0.462916 0.124231
0.363615 0.216553
0.386883 0.214641
0.314385 0.287588
0.392910 0.282416
0.343810 0.001150
0.437865 0.033139
0.409829 0.046430
0.449169 0.047210
0.478662 0.062946
0.479862 0.092371
0.447414 0.137352
0.441096 0.123917
0.476862 0.254300
0.379298 0.182861
0.407223 0.169762
0.414515 0.199157
0.379340 0.266550
0.300510 0.293245
0.352109 0.000749
0.410402 0.000491
0.476816 0.000570
0.444655 0.021199
0.410418 0.022688
0.494698 0.065633
0.472990 0.076892
0.490831 0.081829
0.468977 0.137243
0.464579 0.099520
0.406101 0.249071
0.433982 0.197789
0.332503 0.234291
0.366965 0.244232
0.444283 0.220085
0.368808 0.000502
0.460249 0.001150
0.426367 0.021503
0.430783 0.046991
0.519196 0.102859
0.534384 0.113172
0.490165 0.105022
0.486733 0.122838
0.457881 0.150313
0.352687 0.232000
0.299014 0.261109
0.811200 0.273028
0.525409 0.271350
0.386443 0.248427
0.377107 0.000842
0.451929 0.000180
0.485136 0.000941
0.491815 0.035468
0.524882 0.034275
0.539058 0.145236
0.520757 0.137658
0.519609 0.121724
0.582955 0.206219
0.402923 0.266766
0.580358 0.274250
0.965610 0.171327
0.511501 0.216509
0.421590 0.281976
0.342832 0.249538
0.418706 0.000035
0.468515 0.000900
0.610707 0.034856
0.461903 0.062298
0.466449 0.047365
0.502850 0.162044
0.502782 0.130510
0.474872 0.112303
0.496123 0.179832
0.421957 0.182274
0.498320 0.277331
0.360660 0.260421
0.462589 0.266469
0.345590 0.269605
0.393788 0.000408
0.435278 0.000881
0.510031 0.000464
0.462883 0.021221
0.605848 0.165170
0.515124 0.065488
0.649606 0.276533
0.486630 0.139224
0.423404 0.244960
0.462096 0.166356
0.877759 0.187163
0.712560 0.273778
0.820803 0.280660
0.406803 0.284279
0.677226 0.272233
0.534776 0.000079
0.501751 0.000381
0.426993 0.000877
0.046640 0.308049
0.483758 0.048449
0.503890 0.095304
0.404537 0.212367
0.581915 0.239508
0.483425 0.192664
0.835561 0.281565
0.848067 0.185492
0.489827 0.235078
0.861686 0.284680
0.471957 0.280809
0.601039 0.000793
0.551372 0.000032
0.385489 0.000669
0.493466 0.000230
0.533855 0.021869
0.474390 0.033201
0.506532 0.078593
0.554528 0.123346
0.472494 0.178845
0.991893 0.341517
0.395492 0.232704
0.436350 0.281601
0.482136 0.279483
0.428067 0.263646
0.564194 0.275582
0.592752 0.000478
0.518302 0.000669
0.443608 0.000990
0.499294 0.021768
0.456401 0.033928
0.884485 0.169553
0.794327 0.284060
0.622654 0.269199
0.896014 0.287173
0.515820 0.252913
0.944624 0.308840
0.508592 0.273305
0.495072 0.253504
0.523780 0.203887
0.617691 0.000276
0.567944 0.000138
0.507424 0.035939
0.526512 0.000553
0.501509 0.052487
0.517487 0.049325
0.533574 0.050550
0.504716 0.113338
0.538275 0.129117
0.477757 0.152797
0.460237 0.189386
0.413579 0.228164
0.472830 0.206615
0.434910 0.234721
0.551511 0.277366
0.634350 0.001243
0.543078 0.000251
0.549811 0.021760
0.516119 0.021610
0.481797 0.021181
0.530849 0.066160
0.550805 0.107650
0.568915 0.113907
0.557630 0.138647
0.502490 0.147126
0.446884 0.255089
0.509652 0.192362
0.461588 0.220308
0.538703 0.274040
0.642622 0.000393
0.559642 0.000326
0.586166 0.021747
0.576411 0.033956
0.558473 0.033965
0.535594 0.096659
0.565438 0.097654
0.574420 0.129671
0.548250 0.158386
0.485269 0.166290
0.541096 0.199126
0.606853 0.271833
0.452009 0.202688
0.487770 0.218052
0.871107 0.292813
0.659277 0.000200
0.620237 0.020817
0.602958 0.021832
0.567868 0.021088
0.542198 0.036780
0.549598 0.052549
0.520668 0.085362
0.550862 0.088917
0.564414 0.153185
0.530544 0.165872
0.548893 0.235205
0.514799 0.174262
0.497595 0.204337
0.426845 0.214107
0.667679 0.000915
0.576238 0.000857
0.638748 0.021191
0.565429 0.047846
0.581524 0.050065
0.565936 0.062975
0.536357 0.079993
0.562768 0.078989
0.584160 0.105680
0.563942 0.171844
0.545159 0.176184
0.529536 0.185438
0.750885 0.272963
0.718871 0.279262
0.666955 0.275352
0.684381 0.000340
0.584464 0.000169
0.609341 0.000778
0.592880 0.035889
0.548865 0.068173
0.588836 0.062574
0.579383 0.089619
0.579081 0.162377
0.595397 0.152213
0.574589 0.186808
0.521464 0.153203
0.535615 0.249754
0.507122 0.233544
0.454076 0.240448
0.692674 0.001163
0.626023 0.000777
0.656088 0.021176
0.629420 0.061441
0.600936 0.048931
0.578827 0.074237
0.596192 0.091184
0.580283 0.143663
0.609317 0.120799
0.621755 0.130904
0.534465 0.219622
0.621705 0.158862
0.551792 0.214551
0.565976 0.204790
0.767289 0.275298
0.709571 0.001244
0.646964 0.033820
0.639636 0.075370
0.627908 0.032864
0.619033 0.048654
0.607880 0.062543
0.597548 0.075585
0.597185 0.133987
0.607506 0.181530
0.611390 0.144224
0.614104 0.197471
0.918420 0.286444
0.441960 0.182269
0.890831 0.263781
0.718002 0.000146
0.650962 0.000876
0.673766 0.020406
0.636107 0.046286
0.619044 0.072756
0.611530 0.087588
0.589224 0.120499
0.618246 0.103806
0.629430 0.116499
0.626456 0.178003
0.589261 0.174646
0.554822 0.253895
0.525864 0.234731
0.556270 0.189370
0.593911 0.273004
0.726459 0.000281
0.696750 0.020760
0.666133 0.033448
0.655650 0.046459
0.646843 0.059713
0.601967 0.106607
0.635689 0.099380
0.641318 0.129884
0.632364 0.144651
0.592934 0.193549
0.722443 0.256613
0.641469 0.275761
0.735830 0.277035
0.471951 0.235337
0.743359 0.000923
0.676071 0.000408
0.704880 0.033367
0.684864 0.028989
0.674613 0.045284
0.664596 0.060100
0.628126 0.086283
0.646428 0.111569
0.638553 0.165158
0.631420 0.195756
0.636587 0.237765
0.635299 0.215527
0.594572 0.253231
0.881466 0.280681
0.866567 0.260957
0.751844 0.000443
0.714277 0.021309
0.691245 0.042993
0.698623 0.057999
0.681794 0.059019
0.655266 0.075016
0.649978 0.090557
0.656239 0.168179
0.646246 0.183512
0.618474 0.216179
0.601745 0.213260
0.571544 0.255033
0.682255 0.249851
0.926329 0.270474
0.760188 0.000953
0.701134 0.000231
0.730701 0.022020
0.711176 0.046328
0.688511 0.072659
0.671941 0.074962
0.660825 0.101753
0.657799 0.122617
0.648478 0.150385
0.671128 0.175567
0.582373 0.223699
0.655511 0.238435
0.563919 0.228100
0.770020 0.255051
0.955937 0.280275
0.768551 0.000633
0.746455 0.021181
0.723785 0.035130
0.714235 0.061647
0.670600 0.089462
0.683004 0.100503
0.672270 0.113441
0.668026 0.154337
0.650181 0.201883
0.668047 0.211279
0.662099 0.254538
0.618523 0.234827
0.964802 0.320647
0.692275 0.268333
0.777129 0.000938
0.734848 0.000066
0.759683 0.025825
0.729462 0.062694
0.690769 0.087810
0.702535 0.105327
0.690340 0.116050
0.659873 0.138646
0.665931 0.191851
0.617207 0.252910
0.684710 0.200393
0.692386 0.234459
0.686486 0.217336
0.847853 0.284982
0.704073 0.251332
0.794263 0.000539
0.756159 0.041840
0.742214 0.036281
0.705033 0.075346
0.707763 0.091090
0.711463 0.118475
0.676114 0.130021
0.682330 0.144501
0.651963 0.221166
0.748383 0.242396
0.731552 0.222676
0.600470 0.232204
0.710618 0.232728
0.638160 0.255649
0.802806 0.000055
0.773211 0.021478
0.731070 0.047870
0.741943 0.071301
0.723902 0.092830
0.723388 0.108478
0.727038 0.128194
0.695983 0.130349
0.684497 0.162963
0.701679 0.166138
0.672603 0.232147
0.708485 0.216138
0.828927 0.260695
0.827525 0.243903
0.748494 0.258428
0.811399 0.000363
0.782519 0.048996
0.764832 0.054959
0.722962 0.077898
0.739973 0.102112
0.740173 0.117916
0.744441 0.134611
0.698548 0.147772
0.739277 0.178542
0.749057 0.208894
0.772766 0.240177
0.729263 0.239523
0.790590 0.268249
0.783126 0.281963
0.828566 0.000449
0.785675 0.000173
0.772550 0.037415
0.747250 0.056066
0.759087 0.070778
0.741279 0.086419
0.755808 0.103292
0.712198 0.136629
0.720451 0.172124
0.686765 0.183714
0.704135 0.183350
0.767185 0.204742
0.771646 0.221896
0.902482 0.253792
0.988198 0.314749
0.837252 0.000139
0.787980 0.022142
0.791399 0.035900
0.775554 0.065740
0.778462 0.079963
0.757972 0.085845
0.729553 0.145542
0.749657 0.149995
0.716112 0.155709
0.758835 0.183691
0.725949 0.207310
0.743850 0.194483
0.898291 0.296116
0.809268 0.249965
0.845927 0.000582
0.819958 0.000374
0.803830 0.021281
0.802697 0.046181
0.792185 0.060863
0.792973 0.088138
0.771541 0.094096
0.771281 0.111474
0.757292 0.121737
0.704850 0.200058
0.723009 0.190109
0.752445 0.224854
0.813038 0.233033
0.948796 0.250638
0.931884 0.304569
0.863318 0.000574
0.821582 0.020976
0.811694 0.033274
0.810279 0.061028
0.798349 0.073723
0.820592 0.073067
0.786159 0.102814
0.777569 0.125857
0.736137 0.162398
0.755416 0.166111
0.774767 0.169723
0.774789 0.188517
0.790225 0.247678
0.792839 0.230208
0.872078 0.000267
0.854623 0.000041
0.838544 0.020707
0.830432 0.034280
0.820595 0.047088
0.840282 0.047650
0.810917 0.085320
0.805030 0.101247
0.794320 0.116318
0.763881 0.137740
0.768928 0.153924
0.791189 0.177600
0.789990 0.195467
0.787359 0.212704
0.880540 0.249167
0.889695 0.000795
0.875641 0.019815
0.856506 0.020788
0.848025 0.033497
0.829532 0.059996
0.840474 0.071419
0.832363 0.085861
0.813585 0.114978
0.798138 0.130383
0.782765 0.140803
0.788869 0.156401
0.806545 0.197181
0.825659 0.210758
0.954319 0.320019
0.898450 0.000027
0.880896 0.000845
0.893375 0.020744
0.867014 0.031995
0.858809 0.045751
0.850973 0.060103
0.868985 0.060740
0.850131 0.085591
0.822886 0.097625
0.843160 0.100395
0.803699 0.144458
0.802660 0.165138
0.850035 0.165963
0.889894 0.239492
0.970689 0.288707
0.907258 0.000745
0.927117 0.020673
0.885055 0.033762
0.891785 0.049760
0.875889 0.046870
0.883775 0.065365
0.860818 0.074169
0.863370 0.094407
0.870809 0.109664
0.817618 0.153683
0.830693 0.111971
0.811384 0.180450
0.827431 0.194267
0.808316 0.214935
0.916108 0.001015
0.924905 0.000329
0.934290 0.035728
0.910552 0.020087
0.901539 0.034650
0.899608 0.065043
0.907644 0.081647
0.875087 0.080545
0.880696 0.096117
0.853539 0.110938
0.880493 0.124169
0.817927 0.129123
0.823347 0.167932
0.972477 0.306398
0.914982 0.262054
0.933723 0.000296
0.943173 0.019276
0.917836 0.034504
0.907982 0.049555
0.930349 0.067308
0.891709 0.081448
0.897780 0.096549
0.890163 0.112190
0.903587 0.128044
0.838879 0.124425
0.846746 0.138193
0.858448 0.148635
0.837791 0.154626
0.859673 0.248433
0.942625 0.000457
0.960683 0.019791
0.949619 0.033111
0.924129 0.049412
0.915058 0.065609
0.923765 0.082453
0.906392 0.113036
0.922050 0.116940
0.926218 0.132041
0.859474 0.125303
0.901824 0.152425
0.870496 0.136830
0.828059 0.140536
0.834995 0.179531
0.930922 0.254352
0.951601 0.000307
0.953152 0.047852
0.939459 0.052944
0.945246 0.069928
0.953552 0.085016
0.914656 0.097835
0.938519 0.144200
0.913091 0.140556
0.917141 0.166048
0.931497 0.185534
0.962567 0.206343
0.884033 0.151973
0.868944 0.160566
0.973269 0.267925
0.960469 0.000287
0.976898 0.018745
0.965966 0.034005
0.959720 0.064280
0.968039 0.114322
0.938648 0.087387
0.930036 0.101089
0.889865 0.136554
0.951176 0.178251
0.925634 0.154154
0.946420 0.195447
0.864952 0.177478
0.948951 0.215622
0.961219 0.267465
0.901198 0.168753
0.969262 0.000332
0.982235 0.031695
0.967915 0.051161
0.957249 0.101224
0.964713 0.155572
0.948179 0.159092
0.953425 0.140145
0.936461 0.207547
0.922012 0.235447
0.913847 0.182845
0.976713 0.216491
0.989064 0.282545
0.851863 0.219247
0.861363 0.196801
0.978312 0.000642
0.999766 0.000040
0.982280 0.047586
0.981670 0.105461
0.943418 0.107648
0.955255 0.122970
0.964454 0.191399
0.980396 0.183471
0.985651 0.229809
0.921664 0.199749
0.999540 0.340196
0.903742 0.201256
0.947883 0.295386
0.843946 0.204839
0.913860 0.300740
0.988134 0.000698
0.979910 0.064185
0.967556 0.077055
0.981113 0.125357
0.968762 0.135950
0.939114 0.123385
0.960344 0.238752
0.885719 0.203866
0.999883 0.256924
0.941671 0.238166
0.905109 0.234237
0.966064 0.226117
0.942060 0.272061
0.844264 0.239282
0.999747 0.014477
0.999970 0.044012
0.982948 0.082268
0.971094 0.094091
0.999655 0.105835
0.999869 0.184065
0.999995 0.138556
0.999651 0.149655
0.971299 0.246857
0.999212 0.282331
0.983955 0.251525
0.894868 0.185081
0.899634 0.218386
0.999293 0.231354
0.866503 0.229466
0.999326 0.000084
0.999864 0.054256
0.999864 0.074183
0.999359 0.095260
0.999247 0.116658
0.981427 0.164378
0.981073 0.200608
0.930714 0.223113
0.999647 0.245647
0.999252 0.195457
0.999052 0.268407
0.881974 0.224356
0.834771 0.224892
0.998932 0.306070
0.999364 0.024349
0.999062 0.034077
0.999642 0.064234
0.999021 0.084746
0.980517 0.146526
0.999867 0.127565
0.999847 0.207402
0.935180 0.168953
0.998983 0.219251
0.998971 0.161129
0.999172 0.172712
0.869763 0.210586
0.915756 0.216788
0.999798 0.296917
0.999844 0.324351
