0.000142 0.024553
0.000475 0.063011
0.000359 0.093044
0.000551 0.124218
0.000871 0.134931
0.003102 0.357039
0.000459 0.179277
0.000370 0.191181
0.000868 0.336864
0.077096 0.243048
0.030797 0.313398
0.060061 0.234901
0.037855 0.245443
0.090512 0.249005
0.000725 0.014423
0.000373 0.043305
0.000348 0.072840
0.017854 0.050493
0.016441 0.207522
0.000354 0.202693
0.000351 0.167765
0.000450 0.292911
0.000815 0.240680
0.000318 0.257010
0.023857 0.293340
0.019725 0.274351
0.057118 0.271038
0.101042 0.221273
0.125014 0.220139
0.000524 0.000301
0.000211 0.053206
0.000141 0.082876
0.000319 0.103210
0.001099 0.113456
0.000845 0.215405
0.000170 0.156422
0.000322 0.306795
0.000130 0.227074
0.060904 0.249263
0.004717 0.364382
0.078465 0.225602
0.117999 0.237489
0.015402 0.314924
0.000604 0.000507
0.017916 0.020508
0.020099 0.035736
0.018426 0.084024
0.017543 0.161425
0.049764 0.173723
0.029992 0.150498
0.000878 0.269754
0.050086 0.221911
0.032836 0.211537
0.038143 0.228318
0.051515 0.288669
0.035190 0.281054
0.043370 0.261379
0.077140 0.265386
0.011165 0.000368
0.034175 0.038100
0.000207 0.033927
0.019287 0.067942
0.000129 0.145658
0.028038 0.193608
0.032916 0.171061
0.041527 0.188470
0.010758 0.247957
0.060825 0.184859
0.025381 0.254196
0.114325 0.177669
0.072460 0.214115
0.071991 0.285772
0.029771 0.000656
0.020957 0.000570
0.043713 0.050673
0.031550 0.057500
0.017421 0.180995
0.016724 0.119688
0.041556 0.138038
0.044594 0.157354
0.050687 0.205620
0.076245 0.177422
0.086998 0.158521
0.066986 0.200562
0.001742 0.326007
0.010803 0.345991
0.115808 0.254956
0.038256 0.000268
0.044756 0.022548
0.034241 0.075681
0.044365 0.101481
0.031463 0.127802
0.032378 0.111225
0.058161 0.148805
0.114226 0.142973
0.019639 0.229621
0.066338 0.165688
0.000849 0.284262
0.092463 0.206031
0.083115 0.191310
0.098548 0.235750
0.046717 0.000585
0.032275 0.020606
0.058614 0.020177
0.051044 0.036726
0.033509 0.090963
0.050055 0.084718
0.018264 0.139614
0.057355 0.132332
0.099136 0.143553
0.075225 0.149707
0.094938 0.177781
0.154370 0.171525
0.126038 0.184393
0.168352 0.209135
0.096450 0.263518
0.055307 0.000626
0.073254 0.021290
0.066521 0.035055
0.047053 0.066467
0.060400 0.071210
0.019243 0.101274
0.060021 0.102124
0.048573 0.118295
0.151790 0.141933
0.101413 0.162379
0.118264 0.161381
0.142342 0.186084
0.104321 0.193110
0.156332 0.196014
0.063932 0.000572
0.072516 0.000949
0.087644 0.020292
0.077788 0.045304
0.060116 0.050793
0.071719 0.060318
0.076977 0.100674
0.066509 0.086523
0.073007 0.133280
0.130920 0.147834
0.168896 0.183110
0.135231 0.167599
0.144048 0.206050
0.128660 0.200684
0.096628 0.281686
0.081088 0.000745
0.102701 0.020907
0.105151 0.035560
0.095469 0.047914
0.087403 0.061881
0.078468 0.075554
0.066466 0.116147
0.083187 0.115853
0.088132 0.133411
0.144763 0.128630
0.146913 0.156159
0.167299 0.150243
0.178921 0.196845
0.111986 0.272887
0.089683 0.000906
0.106901 0.000412
0.117254 0.021343
0.086947 0.034265
0.102762 0.064160
0.096554 0.079025
0.087500 0.089817
0.096500 0.105089
0.099861 0.121285
0.113210 0.124823
0.165451 0.132811
0.169364 0.165867
0.203956 0.225471
0.146474 0.222852
0.053114 0.299375
0.098272 0.000581
0.121772 0.035623
0.112178 0.050609
0.119370 0.065497
0.130806 0.079073
0.113098 0.080453
0.107261 0.094905
0.117609 0.108885
0.133421 0.116192
0.128007 0.132484
0.185848 0.150908
0.200742 0.194703
0.192178 0.210774
0.112437 0.208813
0.115409 0.000763
0.140991 0.000484
0.132096 0.020674
0.128393 0.049307
0.135468 0.063002
0.147940 0.074816
0.124511 0.093957
0.155737 0.102855
0.156667 0.116942
0.174660 0.118964
0.183021 0.135916
0.185526 0.167500
0.211073 0.208993
0.193982 0.236848
0.134732 0.235310
0.123923 0.000319
0.138940 0.034252
0.145387 0.048492
0.154187 0.061392
0.173459 0.061248
0.145004 0.089563
0.138294 0.103185
0.174011 0.104202
0.202049 0.139479
0.202822 0.155773
0.205192 0.172502
0.189159 0.182734
0.197007 0.264648
0.180674 0.265047
0.132422 0.000543
0.175068 0.000568
0.148366 0.020820
0.164012 0.048186
0.165070 0.074426
0.164330 0.089292
0.192608 0.106829
0.191553 0.123054
0.220701 0.166476
0.218054 0.133568
0.214938 0.187462
0.226394 0.219438
0.154588 0.268675
0.163359 0.224610
0.140167 0.248626
0.149498 0.000436
0.155745 0.034579
0.182509 0.047977
0.182770 0.075821
0.181895 0.090319
0.210666 0.104630
0.206988 0.120922
0.233043 0.140400
0.220574 0.151057
0.229138 0.201910
0.240093 0.229234
0.181286 0.225007
0.097633 0.298599
0.073742 0.301438
0.158039 0.001001
0.164584 0.020811
0.172785 0.034331
0.190047 0.034534
0.201010 0.077280
0.198375 0.092009
0.223808 0.117183
0.250921 0.135899
0.243409 0.152916
0.236852 0.167752
0.246675 0.210258
0.219557 0.236590
0.207608 0.251058
0.181832 0.248670
0.080023 0.305559
0.166554 0.000213
0.207111 0.034256
0.191519 0.062734
0.226950 0.061559
0.209814 0.063102
0.216920 0.090875
0.257046 0.164840
0.262320 0.147827
0.231257 0.184627
0.236993 0.246140
0.225160 0.257789
0.223221 0.274862
0.206389 0.280908
0.118798 0.305505
0.183579 0.000161
0.181636 0.020761
0.225337 0.033844
0.200317 0.049327
0.238364 0.073230
0.219453 0.076427
0.238936 0.123810
0.270196 0.132073
0.248056 0.194256
0.294611 0.226671
0.282228 0.195240
0.175741 0.280004
0.218681 0.301331
0.156753 0.289594
0.132115 0.305720
0.192134 0.000582
0.198383 0.021142
0.243232 0.034144
0.246805 0.060941
0.235635 0.087534
0.230745 0.102278
0.257878 0.120545
0.286017 0.176500
0.276220 0.217396
0.257552 0.221677
0.260946 0.239194
0.243304 0.290501
0.163269 0.239912
0.159384 0.254547
0.200592 0.000926
0.251429 0.000189
0.215313 0.020967
0.217025 0.047598
0.255731 0.077467
0.251386 0.092678
0.245226 0.108390
0.263846 0.106063
0.291159 0.159831
0.251635 0.179935
0.280970 0.252747
0.253887 0.254361
0.244036 0.270539
0.168080 0.304431
0.120297 0.291373
0.209091 0.000220
0.232530 0.021004
0.260996 0.034144
0.263498 0.062361
0.272527 0.076865
0.269327 0.092581
0.288635 0.132800
0.273284 0.164133
0.306172 0.171152
0.268890 0.183222
0.301276 0.243933
0.266413 0.280278
0.274971 0.297726
0.129798 0.264286
0.217570 0.000302
0.285192 0.000384
0.249598 0.020813
0.235104 0.047648
0.281214 0.062755
0.285636 0.089973
0.278241 0.117795
0.297360 0.118590
0.280170 0.147198
0.332476 0.155905
0.309504 0.199179
0.265928 0.202626
0.292240 0.275077
0.319617 0.269873
0.232326 0.295693
0.226038 0.000017
0.267036 0.020851
0.272317 0.048913
0.253748 0.047244
0.301546 0.090168
0.285335 0.104920
0.305305 0.105332
0.309085 0.130566
0.301015 0.145396
0.343416 0.183578
0.278410 0.234826
0.325254 0.211074
0.139438 0.281395
0.260911 0.297023
0.234498 0.000865
0.310437 0.000689
0.277459 0.034839
0.301656 0.062039
0.291623 0.074845
0.317636 0.089735
0.336884 0.091975
0.317905 0.116519
0.313383 0.157819
0.355422 0.115525
0.327903 0.171362
0.299645 0.186477
0.292303 0.207436
0.191799 0.293447
0.288100 0.296303
0.242991 0.000937
0.284325 0.020999
0.312179 0.050120
0.310510 0.074911
0.321867 0.062622
0.329381 0.076906
0.350501 0.100692
0.329859 0.128529
0.349681 0.130469
0.320617 0.142819
0.311016 0.217660
0.325294 0.253670
0.148049 0.302847
0.270416 0.265351
0.259873 0.000701
0.335485 0.000056
0.291665 0.050376
0.332175 0.049331
0.339721 0.062912
0.346762 0.078354
0.359471 0.088771
0.326092 0.103175
0.338324 0.114689
0.341624 0.142878
0.354318 0.155664
0.342582 0.217568
0.360674 0.187992
0.449669 0.280578
0.351680 0.203458
0.268318 0.001011
0.293018 0.035812
0.308590 0.035958
0.369216 0.049680
0.356806 0.063611
0.367114 0.075318
0.388124 0.112225
0.372837 0.098949
0.371022 0.113557
0.369451 0.130082
0.320531 0.184892
0.347104 0.286196
0.849328 0.263702
0.206237 0.302201
0.276746 0.000980
0.360401 0.001007
0.351819 0.049577
0.325158 0.036101
0.360052 0.034954
0.388181 0.072996
0.380771 0.086492
0.419058 0.082279
0.409957 0.111400
0.386189 0.128953
0.364005 0.143965
0.376137 0.158200
0.367073 0.171400
0.347854 0.169047
0.375731 0.286600
0.293598 0.000482
0.300902 0.021501
0.332170 0.022207
0.377025 0.035475
0.376895 0.062619
0.400098 0.084632
0.394134 0.099205
0.402036 0.124879
0.419993 0.125428
0.384510 0.144953
0.389917 0.170099
0.401544 0.186914
0.179732 0.303026
0.365647 0.285251
0.302014 0.000435
0.316851 0.021641
0.363807 0.020771
0.387202 0.047190
0.407837 0.069775
0.450048 0.073019
0.428689 0.098410
0.412473 0.096742
0.438984 0.085313
0.398313 0.154925
0.445567 0.168379
0.426515 0.167876
0.389962 0.198028
0.372415 0.202539
0.333585 0.196993
0.318819 0.000692
0.342889 0.036413
0.380239 0.021959
0.397641 0.036357
0.419516 0.035488
0.418970 0.059007
0.459797 0.085291
0.453228 0.113236
0.426962 0.139111
0.405452 0.139969
0.417304 0.153274
0.376922 0.230904
0.332010 0.283244
0.316188 0.235075
0.327166 0.000442
0.402168 0.000651
0.347521 0.022172
0.395086 0.022323
0.396820 0.059091
0.441179 0.060347
0.429706 0.071207
0.446434 0.099105
0.431315 0.113143
0.437659 0.153072
0.463059 0.125128
0.364139 0.217932
0.387577 0.215619
0.315524 0.288341
0.394635 0.283402
0.343732 0.000105
0.437833 0.033799
0.409224 0.046704
0.449737 0.048031
0.479452 0.063302
0.480089 0.093506
0.447568 0.138674
0.440918 0.125258
0.478655 0.256802
0.379033 0.183837
0.408067 0.170443
0.414827 0.200171
0.381125 0.267043
0.302296 0.292268
0.352054 0.001238
0.410425 0.000257
0.476839 0.000529
0.444730 0.021735
0.410079 0.023357
0.495445 0.066046
0.473474 0.077626
0.490955 0.082439
0.469373 0.138273
0.464662 0.100668
0.407129 0.250176
0.434629 0.199823
0.332504 0.233758
0.367698 0.245442
0.445280 0.222342
0.368823 0.000607
0.460246 0.000381
0.426207 0.021766
0.430654 0.047742
0.520338 0.103550
0.535431 0.114213
0.490945 0.105995
0.487359 0.124137
0.458153 0.151566
0.352790 0.232999
0.300516 0.260073
0.811747 0.273254
0.526561 0.274416
0.387133 0.249803
0.377155 0.000187
0.451926 0.000010
0.485138 0.000089
0.492559 0.035841
0.526038 0.034766
0.539505 0.146930
0.521535 0.138922
0.520622 0.122874
0.583892 0.208771
0.404795 0.267714
0.581210 0.277154
0.965236 0.169229
0.512368 0.219126
0.422827 0.283332
0.343500 0.249257
0.418709 0.000864
0.468548 0.000094
0.612380 0.034830
0.462398 0.063188
0.466903 0.047798
0.502903 0.163789
0.503352 0.131586
0.475568 0.113592
0.497087 0.181615
0.422329 0.184156
0.499137 0.280299
0.361707 0.261364
0.464156 0.268519
0.346196 0.269647
0.393832 0.000938
0.435294 0.000111
0.510021 0.000639
0.463284 0.021508
0.607458 0.166824
0.515747 0.066217
0.650068 0.277652
0.487034 0.140654
0.424603 0.247117
0.462076 0.167806
0.876945 0.186161
0.713573 0.274767
0.822179 0.281947
0.408413 0.285541
0.679052 0.272826
0.534797 0.000460
0.501734 0.000521
0.426994 0.000368
0.041658 0.311858
0.484674 0.048726
0.504558 0.096280
0.405500 0.213873
0.582720 0.242313
0.483895 0.194838
0.834179 0.283279
0.848177 0.185117
0.491203 0.237652
0.861528 0.287893
0.473209 0.283147
0.601055 0.000498
0.551396 0.000923
0.385531 0.000302
0.493461 0.000545
0.535218 0.022243
0.474652 0.033598
0.506852 0.079391
0.555681 0.124652
0.473573 0.180412
0.996575 0.345716
0.396412 0.234056
0.438395 0.283280
0.483557 0.282107
0.429282 0.265281
0.564897 0.278958
0.592773 0.000737
0.518295 0.001025
0.443633 0.000586
0.500314 0.022245
0.456394 0.034019
0.884165 0.168604
0.796205 0.284378
0.623085 0.271597
0.894518 0.287376
0.516482 0.256305
0.941125 0.311647
0.509531 0.276834
0.496247 0.255977
0.524589 0.206344
0.617677 0.000672
0.567956 0.000849
0.508727 0.036267
0.526546 0.000895
0.502658 0.052861
0.519016 0.049993
0.535405 0.051130
0.505935 0.114228
0.539561 0.130357
0.477574 0.154298
0.460700 0.190484
0.414682 0.229752
0.473373 0.208534
0.436362 0.237174
0.552816 0.280278
0.634359 0.000116
0.543098 0.000380
0.551256 0.022024
0.517470 0.021931
0.482852 0.021780
0.531451 0.066815
0.552094 0.108523
0.570074 0.115202
0.558391 0.140483
0.502779 0.148434
0.448680 0.257800
0.510593 0.194671
0.462954 0.222652
0.539510 0.277774
0.642642 0.000912
0.559648 0.000874
0.587156 0.021623
0.577944 0.034113
0.559938 0.034645
0.536927 0.097333
0.566841 0.098412
0.575395 0.131075
0.549584 0.160117
0.485491 0.167868
0.542160 0.201354
0.607630 0.274576
0.452948 0.204541
0.488058 0.220199
0.868777 0.297076
0.659313 0.000139
0.621408 0.021061
0.603987 0.022198
0.569035 0.021337
0.543373 0.036985
0.551115 0.053128
0.521383 0.085952
0.552017 0.089430
0.565799 0.155034
0.531594 0.167197
0.549385 0.238396
0.515735 0.175985
0.498243 0.206502
0.427665 0.215933
0.667728 0.001094
0.576258 0.000157
0.640385 0.021206
0.566977 0.048286
0.583137 0.050434
0.567582 0.063595
0.537490 0.080678
0.564351 0.079807
0.585517 0.106868
0.564825 0.174242
0.545911 0.178245
0.530183 0.187551
0.752512 0.272804
0.720562 0.279468
0.667831 0.276611
0.684501 0.000921
0.584492 0.000667
0.609312 0.000393
0.594516 0.035903
0.550104 0.068774
0.590859 0.062981
0.580842 0.090383
0.580329 0.164588
0.596293 0.154067
0.576143 0.188980
0.521513 0.154851
0.536144 0.252798
0.507912 0.236110
0.455418 0.242939
0.692797 0.001021
0.626010 0.000109
0.658174 0.021257
0.631332 0.061669
0.602598 0.049082
0.580416 0.074489
0.597272 0.091920
0.581525 0.145123
0.610690 0.122171
0.623201 0.132355
0.535143 0.222010
0.623158 0.161028
0.552926 0.217147
0.567084 0.207525
0.769587 0.276390
0.709662 0.001205
0.648314 0.033903
0.641743 0.076043
0.629802 0.033147
0.620627 0.048974
0.609756 0.062831
0.599543 0.076099
0.598523 0.135578
0.608764 0.183337
0.612554 0.145781
0.615090 0.199689
0.917465 0.284418
0.442284 0.184109
0.888809 0.260984
0.718060 0.000544
0.651005 0.000763
0.676016 0.020445
0.637723 0.046430
0.620969 0.073346
0.612706 0.088723
0.590462 0.121951
0.619835 0.104876
0.630920 0.117548
0.627860 0.180443
0.590747 0.176719
0.555558 0.256773
0.526894 0.237865
0.557687 0.191659
0.595355 0.275138
0.726523 0.000120
0.698734 0.020791
0.667750 0.033280
0.657301 0.046236
0.648405 0.060180
0.603400 0.107720
0.636995 0.099748
0.643048 0.131584
0.633195 0.146283
0.594673 0.195789
0.723934 0.256660
0.642113 0.277687
0.736714 0.278297
0.472626 0.237652
0.743410 0.000332
0.676153 0.000328
0.706539 0.033597
0.687017 0.029355
0.676099 0.045188
0.666088 0.059950
0.629517 0.086689
0.647586 0.112530
0.639582 0.166881
0.632483 0.197764
0.637066 0.239841
0.636052 0.218147
0.595326 0.255686
0.879507 0.281207
0.865602 0.262012
0.751911 0.000539
0.716540 0.021370
0.692908 0.043124
0.700548 0.058286
0.683850 0.058713
0.658030 0.075102
0.651269 0.090720
0.657013 0.169593
0.647626 0.186033
0.619269 0.218774
0.602575 0.216160
0.572646 0.257941
0.683130 0.251166
0.922970 0.270204
0.760285 0.000734
0.701185 0.000909
0.732676 0.021694
0.713366 0.046375
0.689927 0.073022
0.673948 0.074901
0.661902 0.102259
0.659314 0.123428
0.649722 0.151689
0.671820 0.176727
0.582730 0.226263
0.656251 0.239950
0.564329 0.231123
0.771075 0.256098
0.956499 0.276868
0.768638 0.000501
0.748244 0.021221
0.725500 0.034924
0.716191 0.061557
0.672190 0.089994
0.684616 0.100903
0.673724 0.114023
0.669392 0.156092
0.651623 0.203843
0.669089 0.213564
0.663273 0.255385
0.619962 0.237408
0.966051 0.321690
0.693128 0.269524
0.777197 0.000926
0.734926 0.000280
0.761629 0.025219
0.731954 0.062647
0.692640 0.088547
0.704088 0.105738
0.691758 0.116846
0.661104 0.139762
0.667126 0.193470
0.617284 0.254960
0.685539 0.201633
0.693377 0.236033
0.688308 0.218515
0.849108 0.287453
0.705567 0.252989
0.794291 0.000562
0.758063 0.041346
0.744172 0.036224
0.706879 0.075121
0.709508 0.091062
0.713082 0.118897
0.677346 0.130837
0.683656 0.145887
0.652984 0.223015
0.749498 0.243145
0.733176 0.223589
0.601572 0.234584
0.712066 0.234350
0.639373 0.257464
0.802831 0.000495
0.775236 0.021273
0.732987 0.047513
0.744034 0.071277
0.725858 0.092673
0.724778 0.108989
0.728594 0.128733
0.697381 0.131422
0.685587 0.164227
0.702648 0.167707
0.674291 0.233729
0.709481 0.217677
0.829639 0.260485
0.827966 0.243942
0.749627 0.259220
0.811440 0.001162
0.784435 0.048893
0.766878 0.054913
0.724444 0.077673
0.741630 0.102273
0.741779 0.117884
0.745989 0.135205
0.699965 0.148891
0.740227 0.179191
0.749622 0.209893
0.773648 0.240299
0.730607 0.239787
0.791537 0.267816
0.784721 0.283048
0.828627 0.000991
0.785724 0.000051
0.774145 0.037276
0.749333 0.055777
0.761032 0.070261
0.743003 0.086469
0.757280 0.103359
0.713796 0.137563
0.721281 0.173718
0.688195 0.185110
0.705525 0.185122
0.767418 0.205286
0.772556 0.222364
0.900847 0.251952
0.987559 0.317094
0.837320 0.000729
0.789651 0.022037
0.792816 0.035690
0.777784 0.065488
0.780554 0.079848
0.759699 0.085261
0.731040 0.146366
0.750949 0.150664
0.717082 0.156497
0.759254 0.185036
0.726722 0.208432
0.744131 0.195465
0.895743 0.298914
0.809470 0.250696
0.845994 0.000651
0.820031 0.000789
0.805240 0.021234
0.804346 0.046002
0.794193 0.060671
0.794128 0.087990
0.772644 0.093919
0.772463 0.111383
0.759117 0.122288
0.705706 0.201660
0.724089 0.191287
0.753515 0.225345
0.813207 0.232757
0.947106 0.247919
0.928301 0.305354
0.863349 0.000261
0.822830 0.020782
0.813134 0.033217
0.812360 0.060397
0.800492 0.073283
0.822438 0.072596
0.787279 0.102562
0.779270 0.125947
0.737012 0.163069
0.756510 0.167395
0.775175 0.170332
0.775785 0.189367
0.791059 0.247936
0.793118 0.230349
0.872093 0.000957
0.854691 0.001225
0.839827 0.020420
0.831788 0.033894
0.822384 0.046567
0.841904 0.047089
0.812118 0.084878
0.805969 0.100933
0.795682 0.116111
0.765340 0.138019
0.769939 0.154333
0.791720 0.177915
0.790758 0.196296
0.788169 0.213590
0.879600 0.248271
0.889710 0.000869
0.876747 0.019701
0.857604 0.020569
0.849527 0.033032
0.831287 0.059441
0.842021 0.070819
0.833342 0.085495
0.814524 0.114885
0.799309 0.130098
0.784315 0.141214
0.789688 0.156624
0.806697 0.197302
0.825395 0.210535
0.955485 0.321550
0.898455 0.000087
0.880904 0.001047
0.894350 0.020462
0.868338 0.031516
0.860201 0.045085
0.852591 0.059453
0.870120 0.060169
0.850941 0.084934
0.823482 0.097295
0.843569 0.099756
0.804684 0.144190
0.803869 0.165178
0.850197 0.164968
0.888733 0.236434
0.969341 0.288069
0.907241 0.000693
0.927999 0.020521
0.886259 0.033392
0.893118 0.049335
0.877233 0.046344
0.884990 0.064552
0.862046 0.073657
0.863989 0.093649
0.871532 0.108781
0.818623 0.152892
0.831411 0.111853
0.811485 0.180940
0.827208 0.194113
0.808098 0.215545
0.916089 0.000048
0.924886 0.000165
0.935165 0.035473
0.911285 0.020051
0.902644 0.034448
0.900570 0.064467
0.908841 0.080529
0.876113 0.079671
0.881326 0.095528
0.854194 0.110181
0.880987 0.123538
0.818972 0.128818
0.823942 0.167731
0.968335 0.306520
0.912317 0.261784
0.933703 0.000893
0.943710 0.019052
0.918828 0.034101
0.909278 0.048997
0.931335 0.066527
0.892427 0.080462
0.898185 0.095496
0.890752 0.110927
0.904331 0.127475
0.840140 0.123908
0.847652 0.137616
0.858874 0.148102
0.838476 0.154399
0.858352 0.247736
0.942619 0.000899
0.961379 0.019456
0.950189 0.032709
0.925340 0.048984
0.916103 0.064741
0.924630 0.081405
0.907075 0.111636
0.922633 0.115581
0.926356 0.130780
0.860225 0.124345
0.901575 0.151041
0.871060 0.136661
0.829353 0.139977
0.834590 0.178769
0.927528 0.250466
0.951585 0.000138
0.953884 0.047048
0.940384 0.052511
0.946143 0.069474
0.954296 0.084356
0.915055 0.096823
0.938605 0.142451
0.913216 0.139449
0.917030 0.165382
0.931536 0.182430
0.962047 0.203068
0.884302 0.150356
0.869576 0.159055
0.974371 0.263882
0.960449 0.000502
0.977406 0.018265
0.966260 0.033518
0.960272 0.063432
0.968336 0.113219
0.939314 0.086305
0.930493 0.099687
0.890528 0.135282
0.950373 0.175317
0.925413 0.152243
0.945639 0.192798
0.864170 0.176160
0.948027 0.212744
0.958297 0.264591
0.901283 0.167938
0.969239 0.000266
0.982489 0.031305
0.968291 0.050564
0.957547 0.100393
0.964836 0.153853
0.948030 0.157583
0.953725 0.138417
0.935476 0.205058
0.919791 0.233758
0.912767 0.180402
0.976866 0.212103
0.986294 0.282364
0.850979 0.219012
0.861187 0.195659
0.978395 0.000559
0.998781 0.000188
0.982789 0.046999
0.981901 0.104403
0.943880 0.106597
0.955852 0.122010
0.963996 0.187239
0.980995 0.180429
0.985518 0.226270
0.919856 0.197235
0.998925 0.342350
0.902570 0.198843
0.945267 0.294320
0.843347 0.204225
0.913766 0.298132
0.988338 0.000774
0.980037 0.063640
0.968010 0.075885
0.981385 0.124092
0.969087 0.134516
0.939781 0.122648
0.958957 0.234438
0.884300 0.201028
0.999563 0.256894
0.939265 0.233754
0.902741 0.232207
0.964429 0.221726
0.938434 0.271531
0.843944 0.238515
0.999456 0.014317
0.999890 0.044032
0.983311 0.081470
0.971256 0.092974
0.999272 0.105934
0.999743 0.183818
0.999197 0.138491
0.999879 0.149529
0.969421 0.245741
0.999712 0.282258
0.984880 0.245838
0.894025 0.183453
0.899274 0.216009
0.999021 0.231288
0.864345 0.228224
0.999332 0.000073
0.999824 0.054329
0.999077 0.074247
0.999182 0.095330
0.999914 0.116730
0.981521 0.162683
0.981427 0.196876
0.928857 0.219653
0.998981 0.245111
0.999288 0.195167
0.999451 0.268396
0.879243 0.221428
0.835482 0.223781
0.999729 0.308313
0.998961 0.024244
0.999362 0.034047
0.999566 0.064297
0.999646 0.084861
0.980830 0.144961
0.999456 0.127581
0.999374 0.206995
0.934447 0.166823
0.999680 0.218684
0.999166 0.160907
0.999885 0.172461
0.868236 0.208664
0.914383 0.214732
0.999546 0.296525
0.999446 0.326571
