0.000506 0.024545
0.001083 0.063015
0.001096 0.093038
0.000242 0.124238
0.000654 0.134959
0.003483 0.357707
0.000237 0.179313
0.000259 0.191203
0.000685 0.337293
0.076440 0.243113
0.029698 0.315022
0.059635 0.235320
0.037808 0.245418
0.089733 0.248811
0.000249 0.014383
0.001046 0.043296
0.000479 0.072844
0.017699 0.050369
0.016406 0.207434
0.000089 0.202723
0.000152 0.167802
0.000580 0.293596
0.000598 0.240593
0.000684 0.257123
0.023807 0.294201
0.018860 0.274995
0.056454 0.271054
0.100771 0.221003
0.124776 0.219579
0.000758 0.000569
0.000251 0.053209
0.000723 0.082878
0.000570 0.103193
0.000978 0.113448
0.000783 0.215428
0.000340 0.156445
0.000316 0.306931
0.000286 0.227055
0.060491 0.249011
0.004051 0.367389
0.078097 0.225420
0.117624 0.237109
0.014192 0.316956
0.000292 0.000230
0.017676 0.020451
0.019963 0.035647
0.018304 0.083820
0.017480 0.161265
0.049538 0.173654
0.029816 0.150278
0.000421 0.269651
0.049947 0.221886
0.032685 0.211546
0.037922 0.228730
0.050966 0.289818
0.034617 0.281808
0.042865 0.262053
0.076875 0.265114
0.011133 0.000575
0.034040 0.038077
0.000533 0.033918
0.019139 0.067824
0.001176 0.145677
0.027954 0.193668
0.032780 0.170889
0.041372 0.188409
0.010624 0.248364
0.060586 0.184821
0.025584 0.254640
0.114028 0.177500
0.071992 0.214129
0.071628 0.285813
0.029766 0.000936
0.020942 0.000131
0.043488 0.050436
0.031334 0.057550
0.017347 0.180816
0.016609 0.119479
0.041412 0.138049
0.044379 0.157365
0.050496 0.205421
0.076250 0.177260
0.086490 0.158589
0.066670 0.200193
0.002053 0.326386
0.011096 0.348603
0.114892 0.254562
0.038251 0.001070
0.044551 0.022462
0.034197 0.075678
0.044177 0.101454
0.031432 0.127622
0.032281 0.111086
0.057883 0.148596
0.113918 0.142675
0.019385 0.229588
0.065905 0.165377
0.000454 0.284302
0.092278 0.205923
0.082662 0.190996
0.098014 0.235849
0.046711 0.000590
0.032057 0.020595
0.058400 0.020068
0.050915 0.036620
0.033414 0.090864
0.049755 0.084486
0.018127 0.139452
0.057081 0.132180
0.098745 0.143448
0.074932 0.149309
0.094574 0.177690
0.154128 0.171377
0.125605 0.184261
0.168154 0.208510
0.095977 0.263122
0.055303 0.000448
0.073018 0.021283
0.066264 0.035041
0.046781 0.066199
0.060144 0.071139
0.019100 0.101158
0.059807 0.101886
0.048309 0.118074
0.151246 0.141615
0.101210 0.161923
0.117990 0.161020
0.141875 0.185758
0.103673 0.192492
0.156033 0.195578
0.063934 0.000248
0.072518 0.000280
0.087288 0.020124
0.077469 0.045160
0.059860 0.050744
0.071455 0.060259
0.076701 0.100542
0.066281 0.086359
0.072662 0.133192
0.130534 0.147672
0.168520 0.182680
0.135019 0.167113
0.143726 0.205776
0.127842 0.200415
0.095552 0.281451
0.081085 0.000311
0.102353 0.020875
0.104746 0.035473
0.095051 0.047838
0.087047 0.061765
0.078173 0.075457
0.066187 0.115875
0.082771 0.115683
0.087813 0.133280
0.144374 0.128335
0.146755 0.155919
0.166873 0.149934
0.178840 0.196460
0.110936 0.272394
0.089689 0.000583
0.106901 0.000486
0.116858 0.021162
0.086687 0.034191
0.102351 0.064001
0.096301 0.078869
0.087071 0.089717
0.096317 0.104869
0.099408 0.121146
0.112788 0.124616
0.165143 0.132536
0.169028 0.165453
0.203601 0.225149
0.146108 0.222596
0.051658 0.300370
0.098276 0.000261
0.121260 0.035497
0.111756 0.050481
0.118977 0.065396
0.130483 0.078862
0.112775 0.080245
0.106843 0.094712
0.117078 0.108578
0.132961 0.115901
0.127675 0.132218
0.185615 0.150518
0.200505 0.194328
0.191978 0.210414
0.112039 0.208476
0.115403 0.000485
0.140994 0.000181
0.131635 0.020619
0.127919 0.049244
0.135025 0.062940
0.147604 0.074667
0.124135 0.093871
0.155228 0.102704
0.156191 0.116736
0.174198 0.118832
0.182699 0.135669
0.185282 0.167132
0.211001 0.208601
0.193912 0.236451
0.134182 0.234921
0.123925 0.000133
0.138453 0.034180
0.144870 0.048383
0.153783 0.061304
0.173016 0.061231
0.144523 0.089401
0.137902 0.103050
0.173597 0.104134
0.201804 0.139365
0.202572 0.155547
0.204901 0.172109
0.188787 0.182367
0.196671 0.264083
0.180503 0.264502
0.132427 0.000332
0.175067 0.000309
0.147883 0.020717
0.163495 0.048127
0.164647 0.074407
0.163909 0.089178
0.192137 0.106622
0.191118 0.122876
0.220552 0.166346
0.217641 0.133422
0.214766 0.187075
0.226076 0.219381
0.154227 0.268239
0.162889 0.223994
0.139735 0.248233
0.149502 0.000131
0.155157 0.034546
0.182023 0.047916
0.182274 0.075839
0.181414 0.090294
0.210176 0.104603
0.206453 0.120805
0.232734 0.140342
0.220293 0.150942
0.229055 0.201674
0.240194 0.228967
0.180969 0.224668
0.096791 0.298547
0.072890 0.301507
0.158045 0.000769
0.164129 0.020768
0.172229 0.034327
0.189519 0.034480
0.200478 0.077261
0.197938 0.091957
0.223361 0.117250
0.250471 0.135853
0.243208 0.152700
0.236678 0.167532
0.246332 0.210173
0.219644 0.236154
0.207563 0.250586
0.181332 0.248047
0.079732 0.305229
0.166555 0.000719
0.206634 0.034272
0.191037 0.062695
0.226405 0.061688
0.209291 0.063140
0.216561 0.090913
0.256777 0.164750
0.262001 0.147752
0.230964 0.184390
0.237030 0.245884
0.224934 0.257452
0.223230 0.274563
0.206411 0.280488
0.117993 0.304749
0.183575 0.000387
0.181124 0.020801
0.224897 0.033870
0.199777 0.049279
0.237815 0.073352
0.218945 0.076488
0.238498 0.123735
0.269722 0.132108
0.247920 0.194202
0.294767 0.226696
0.281912 0.195235
0.175474 0.279526
0.218677 0.300804
0.156128 0.288930
0.131531 0.304825
0.192119 0.000806
0.197903 0.021133
0.242747 0.034242
0.246270 0.061019
0.235161 0.087769
0.230166 0.102480
0.257394 0.120562
0.285839 0.176514
0.276298 0.217350
0.257545 0.221535
0.260912 0.239010
0.243484 0.290387
0.162967 0.239456
0.159080 0.254187
0.200586 0.000689
0.251421 0.000951
0.214868 0.021011
0.216510 0.047652
0.255209 0.077504
0.250942 0.092648
0.244830 0.108339
0.263362 0.106101
0.290787 0.159940
0.251249 0.179927
0.281287 0.252584
0.253859 0.254135
0.244055 0.270171
0.167703 0.303747
0.119309 0.290775
0.209083 0.000862
0.232118 0.021076
0.260550 0.034262
0.263008 0.062414
0.272051 0.076907
0.268903 0.092659
0.288250 0.132874
0.272980 0.164261
0.306082 0.171271
0.268693 0.183073
0.301301 0.243705
0.266466 0.280068
0.275284 0.297432
0.129413 0.263870
0.217558 0.000151
0.285185 0.000113
0.249212 0.020881
0.234551 0.047751
0.280777 0.062795
0.285146 0.090045
0.277740 0.117854
0.296815 0.118682
0.279767 0.147206
0.332230 0.156040
0.309435 0.199408
0.265770 0.202609
0.292379 0.274939
0.319786 0.269977
0.232444 0.295486
0.226032 0.000282
0.266634 0.020936
0.271841 0.048955
0.253209 0.047292
0.301071 0.090280
0.284931 0.105063
0.304959 0.105493
0.308643 0.130686
0.300515 0.145597
0.343239 0.183781
0.278158 0.234639
0.325410 0.211265
0.138795 0.280974
0.261043 0.296793
0.234469 0.000219
0.310414 0.000050
0.277037 0.034856
0.301216 0.062125
0.291145 0.074938
0.317183 0.089843
0.336520 0.092045
0.317512 0.116686
0.313071 0.157884
0.355297 0.115572
0.327806 0.171548
0.299344 0.186648
0.292225 0.207431
0.191648 0.293075
0.288456 0.296105
0.242970 0.000235
0.283967 0.021042
0.311768 0.050274
0.310102 0.075000
0.321536 0.062672
0.328956 0.077012
0.350187 0.100739
0.329548 0.128606
0.349395 0.130614
0.320157 0.142925
0.310819 0.217674
0.325607 0.253858
0.147322 0.302107
0.270538 0.264920
0.259864 0.000410
0.335476 0.000773
0.291235 0.050440
0.331884 0.049413
0.339409 0.063011
0.346460 0.078412
0.359233 0.088862
0.325720 0.103317
0.338109 0.114782
0.341299 0.142952
0.354168 0.155780
0.342791 0.217806
0.360581 0.188259
0.450116 0.281249
0.351751 0.203634
0.268315 0.000342
0.292623 0.035883
0.308224 0.036046
0.368935 0.049587
0.356549 0.063640
0.366884 0.075334
0.388052 0.112304
0.372630 0.099023
0.370960 0.113696
0.369282 0.130268
0.320231 0.185072
0.347576 0.286256
0.849133 0.263771
0.206021 0.301629
0.276743 0.000844
0.360394 0.000361
0.351598 0.049634
0.324764 0.036167
0.359620 0.034828
0.388045 0.072991
0.380589 0.086515
0.419028 0.082401
0.409957 0.111619
0.386102 0.129116
0.363839 0.144182
0.376130 0.158511
0.367054 0.171700
0.347788 0.169232
0.376212 0.286714
0.293590 0.000851
0.300532 0.021610
0.331821 0.022195
0.376720 0.035486
0.376685 0.062630
0.399995 0.084726
0.394059 0.099300
0.401918 0.125120
0.419948 0.125756
0.384435 0.145181
0.390095 0.170429
0.401537 0.187130
0.179229 0.302361
0.366084 0.285513
0.302005 0.000189
0.316489 0.021699
0.363682 0.020802
0.387000 0.047253
0.407739 0.069868
0.450085 0.073156
0.428662 0.098676
0.412430 0.096927
0.439024 0.085545
0.398210 0.155194
0.445683 0.168837
0.426701 0.168353
0.390046 0.198380
0.372447 0.202882
0.333466 0.197200
0.318806 0.000433
0.342457 0.036483
0.380161 0.022047
0.397578 0.036409
0.419552 0.035542
0.418926 0.059088
0.459879 0.085478
0.453222 0.113567
0.427013 0.139531
0.405543 0.140262
0.417314 0.153701
0.377105 0.231201
0.332476 0.283262
0.316384 0.235186
0.327150 0.000298
0.402184 0.000532
0.347236 0.022192
0.394987 0.022332
0.396712 0.059132
0.441215 0.060427
0.429733 0.071363
0.446519 0.099337
0.431337 0.113449
0.437733 0.153465
0.463127 0.125411
0.364291 0.218364
0.387774 0.215937
0.315806 0.288590
0.395024 0.283791
0.343732 0.000718
0.437848 0.033945
0.409071 0.046759
0.449911 0.048205
0.479667 0.063393
0.480178 0.093827
0.447647 0.139075
0.440907 0.125652
0.479106 0.257486
0.379053 0.184137
0.408312 0.170695
0.414951 0.200479
0.381578 0.267299
0.302783 0.292073
0.352044 0.001168
0.410432 0.000284
0.476843 0.000355
0.444791 0.021807
0.410036 0.023473
0.495648 0.066161
0.473636 0.077812
0.491018 0.082608
0.469522 0.138584
0.464749 0.100961
0.407402 0.250527
0.434831 0.200379
0.332529 0.233726
0.367870 0.245817
0.445541 0.222912
0.368825 0.000200
0.460248 0.000684
0.426235 0.021779
0.430643 0.047900
0.520626 0.103749
0.535686 0.114505
0.491184 0.106245
0.487531 0.124496
0.458239 0.151956
0.352834 0.233341
0.300926 0.259917
0.811818 0.273384
0.526847 0.275276
0.387314 0.250251
0.377162 0.000415
0.451926 0.000886
0.485136 0.000668
0.492754 0.035917
0.526329 0.034918
0.539617 0.147381
0.521735 0.139282
0.520890 0.123179
0.584155 0.209437
0.405252 0.268044
0.581385 0.277968
0.965157 0.168703
0.512578 0.219850
0.423139 0.283821
0.343658 0.249291
0.418714 0.000764
0.468553 0.000912
0.612776 0.034822
0.462529 0.063386
0.467051 0.047905
0.502932 0.164273
0.503541 0.131884
0.475757 0.113935
0.497326 0.182145
0.422462 0.184700
0.499324 0.281112
0.361985 0.261700
0.464575 0.269109
0.346307 0.269767
0.393846 0.000724
0.435298 0.000963
0.510015 0.000384
0.463426 0.021544
0.607884 0.167298
0.515900 0.066417
0.650289 0.278072
0.487159 0.141077
0.424917 0.247739
0.462102 0.168263
0.876716 0.185913
0.713751 0.275122
0.822483 0.282477
0.408807 0.285977
0.679553 0.273109
0.534799 0.000253
0.501725 0.000377
0.427000 0.000549
0.040461 0.313029
0.484924 0.048789
0.504737 0.096525
0.405771 0.214295
0.582888 0.243124
0.484023 0.195443
0.833810 0.283859
0.848146 0.184997
0.491530 0.238366
0.861483 0.288872
0.473525 0.283807
0.601069 0.000858
0.551392 0.000746
0.385542 0.000934
0.493454 0.000194
0.535526 0.022368
0.474725 0.033677
0.506961 0.079600
0.555952 0.125031
0.473847 0.180869
0.997803 0.346615
0.396668 0.234413
0.438919 0.283829
0.483940 0.282850
0.429602 0.265755
0.565095 0.279885
0.592788 0.000049
0.518290 0.000844
0.443641 0.000087
0.500550 0.022359
0.456391 0.034004
0.884002 0.168298
0.796638 0.284621
0.623203 0.272338
0.894081 0.287524
0.516631 0.257220
0.940176 0.312454
0.509802 0.277795
0.496562 0.256700
0.524774 0.207027
0.617678 0.000030
0.567959 0.000752
0.509044 0.036343
0.526549 0.000289
0.502940 0.052938
0.519397 0.050175
0.535849 0.051313
0.506235 0.114485
0.539862 0.130729
0.477556 0.154750
0.460802 0.190801
0.415003 0.230165
0.473514 0.209056
0.436766 0.237813
0.553139 0.281082
0.634359 0.000707
0.543097 0.000125
0.551600 0.022123
0.517775 0.022038
0.483120 0.021906
0.531615 0.066965
0.552394 0.108742
0.570360 0.115556
0.558556 0.140984
0.502863 0.148808
0.449126 0.258541
0.510826 0.195279
0.463345 0.223286
0.539719 0.278787
0.642641 0.000672
0.559647 0.000658
0.587403 0.021607
0.578310 0.034192
0.560274 0.034842
0.537237 0.097537
0.567159 0.098637
0.575605 0.131464
0.549896 0.160595
0.485573 0.168305
0.542437 0.201966
0.607877 0.275390
0.453176 0.205059
0.488121 0.220789
0.868241 0.298226
0.659320 0.000587
0.621671 0.021122
0.604221 0.022280
0.569320 0.021436
0.543660 0.037034
0.551485 0.053303
0.521582 0.086110
0.552286 0.089582
0.566138 0.155530
0.531874 0.167572
0.549498 0.239274
0.515956 0.176470
0.498398 0.207093
0.427885 0.216435
0.667731 0.000889
0.576259 0.000416
0.640742 0.021197
0.567355 0.048404
0.583529 0.050529
0.567986 0.063757
0.537767 0.080849
0.564715 0.080009
0.585831 0.107180
0.565049 0.174885
0.546107 0.178803
0.530323 0.188116
0.752881 0.272983
0.721082 0.279625
0.668069 0.277004
0.684520 0.000747
0.584504 0.000467
0.609317 0.000096
0.594903 0.035904
0.550390 0.068939
0.591344 0.063062
0.581193 0.090582
0.580656 0.165198
0.596526 0.154594
0.576554 0.189548
0.521505 0.155306
0.536288 0.253672
0.508138 0.236820
0.455803 0.243603
0.692834 0.000447
0.626008 0.000535
0.658646 0.021285
0.631797 0.061745
0.602974 0.049126
0.580798 0.074546
0.597512 0.092141
0.581836 0.145552
0.611036 0.122569
0.623573 0.132783
0.535285 0.222672
0.623539 0.161648
0.553183 0.217852
0.567356 0.208250
0.770092 0.276760
0.709676 0.000991
0.648634 0.033921
0.642249 0.076224
0.630243 0.033219
0.620992 0.049063
0.610212 0.062917
0.600039 0.076252
0.598860 0.136044
0.609133 0.183866
0.612869 0.146245
0.615355 0.200278
0.917178 0.284144
0.442418 0.184649
0.888211 0.260718
0.718071 0.000885
0.651008 0.000503
0.676566 0.020458
0.638135 0.046476
0.621409 0.073502
0.613007 0.089041
0.590765 0.122372
0.620234 0.105171
0.631293 0.117863
0.628218 0.181117
0.591130 0.177318
0.555727 0.257574
0.527124 0.238688
0.558027 0.192284
0.595687 0.275845
0.726530 0.000925
0.699216 0.020784
0.668115 0.033241
0.657695 0.046188
0.648779 0.060318
0.603758 0.108027
0.637341 0.099915
0.643487 0.132085
0.633425 0.146770
0.595154 0.196382
0.724350 0.256783
0.642168 0.278290
0.736925 0.278620
0.472824 0.238294
0.743420 0.000551
0.676166 0.000013
0.706933 0.033657
0.687531 0.029474
0.676471 0.045150
0.666453 0.059943
0.629862 0.086838
0.647876 0.112814
0.639846 0.167406
0.632786 0.198308
0.637213 0.240383
0.636262 0.218786
0.595538 0.256359
0.878982 0.281434
0.865366 0.262484
0.751927 0.000604
0.717093 0.021378
0.693350 0.043163
0.701003 0.058361
0.684338 0.058659
0.658705 0.075195
0.651611 0.090787
0.657191 0.170050
0.647983 0.186702
0.619503 0.219424
0.602774 0.216870
0.572906 0.258747
0.683354 0.251623
0.922185 0.270279
0.760316 0.000129
0.701201 0.000635
0.733188 0.021609
0.713923 0.046392
0.690287 0.073173
0.674442 0.074931
0.662172 0.102446
0.659701 0.123706
0.650030 0.152084
0.671990 0.177106
0.582817 0.226926
0.656441 0.240399
0.564459 0.231968
0.771283 0.256469
0.956446 0.276399
0.768658 0.000183
0.748673 0.021212
0.725917 0.034861
0.716709 0.061571
0.672559 0.090161
0.685016 0.101086
0.674099 0.114236
0.669708 0.156592
0.651969 0.204330
0.669356 0.214138
0.663563 0.255714
0.620302 0.238095
0.966247 0.322107
0.693353 0.269918
0.777219 0.000370
0.734941 0.000575
0.762114 0.025056
0.732567 0.062649
0.693107 0.088765
0.704470 0.105869
0.692092 0.117105
0.661422 0.140117
0.667395 0.193927
0.617290 0.255547
0.685702 0.202001
0.693643 0.236463
0.688761 0.218838
0.849288 0.288238
0.705928 0.253509
0.794302 0.000328
0.758543 0.041223
0.744632 0.036207
0.707336 0.075120
0.709960 0.091134
0.713451 0.119102
0.677648 0.131099
0.683943 0.146284
0.653255 0.223481
0.749777 0.243355
0.733567 0.223889
0.601862 0.235270
0.712455 0.234820
0.639698 0.258000
0.802845 0.000265
0.775731 0.021212
0.733492 0.047445
0.744592 0.071318
0.726348 0.092713
0.725123 0.109150
0.728972 0.128908
0.697719 0.131712
0.685848 0.164647
0.702834 0.168150
0.674684 0.234136
0.709716 0.218110
0.829773 0.260532
0.827947 0.244030
0.749841 0.259513
0.811447 0.001043
0.784885 0.048875
0.767374 0.054885
0.724835 0.077649
0.742029 0.102346
0.742193 0.117951
0.746372 0.135388
0.700316 0.149269
0.740459 0.179407
0.749760 0.210210
0.773800 0.240333
0.730943 0.239969
0.791720 0.267725
0.784993 0.283483
0.828641 0.000710
0.785733 0.000659
0.774548 0.037233
0.749850 0.055703
0.761537 0.070157
0.743409 0.086520
0.757653 0.103437
0.714199 0.137836
0.721466 0.174160
0.688490 0.185474
0.705845 0.185591
0.767478 0.205470
0.772745 0.222567
0.900512 0.251645
0.987271 0.317899
0.837345 0.000725
0.790078 0.021980
0.793170 0.035623
0.778360 0.065467
0.781048 0.079833
0.760140 0.085148
0.731411 0.146624
0.751261 0.150888
0.717308 0.156730
0.759370 0.185413
0.726888 0.208752
0.744182 0.195758
0.895058 0.299797
0.809468 0.250931
0.846010 0.000339
0.820037 0.000588
0.805566 0.021200
0.804731 0.045969
0.794681 0.060626
0.794408 0.087971
0.772920 0.093900
0.772751 0.111425
0.759554 0.122459
0.705893 0.202137
0.724344 0.191657
0.753799 0.225608
0.813171 0.232706
0.946556 0.247414
0.927384 0.305655
0.863357 0.000866
0.823112 0.020721
0.813484 0.033207
0.812847 0.060265
0.801022 0.073216
0.822867 0.072530
0.787535 0.102548
0.779678 0.125994
0.737224 0.163248
0.756786 0.167770
0.775284 0.170528
0.775973 0.189616
0.791270 0.248051
0.793205 0.230432
0.872096 0.000520
0.854712 0.001106
0.840152 0.020333
0.832111 0.033807
0.822815 0.046427
0.842282 0.046946
0.812424 0.084784
0.806196 0.100889
0.795992 0.116084
0.765685 0.138128
0.770207 0.154483
0.791832 0.178014
0.790924 0.196579
0.788364 0.213863
0.879077 0.248204
0.889718 0.000583
0.877020 0.019651
0.857885 0.020443
0.849875 0.032921
0.831719 0.059307
0.842377 0.070703
0.833570 0.085410
0.814730 0.114884
0.799615 0.130103
0.784694 0.141388
0.789854 0.156739
0.806770 0.197409
0.825126 0.210534
0.955673 0.321976
0.898458 0.000894
0.880909 0.000763
0.894601 0.020342
0.868664 0.031406
0.860525 0.044910
0.852972 0.059300
0.870366 0.060038
0.851117 0.084816
0.823615 0.097269
0.843652 0.099645
0.804922 0.144190
0.804134 0.165199
0.850174 0.164744
0.888265 0.235671
0.968936 0.288142
0.907244 0.000290
0.928156 0.020478
0.886530 0.033273
0.893428 0.049206
0.877550 0.046177
0.885272 0.064366
0.862306 0.073555
0.864130 0.093521
0.871678 0.108624
0.818808 0.152698
0.831586 0.111866
0.811490 0.181142
0.827005 0.194083
0.807994 0.215757
0.916084 0.001070
0.924879 0.000356
0.935355 0.035382
0.911439 0.020015
0.902906 0.034341
0.900801 0.064355
0.909116 0.080258
0.876353 0.079483
0.881458 0.095423
0.854342 0.110035
0.881042 0.123317
0.819199 0.128823
0.824075 0.167723
0.967226 0.306645
0.911545 0.261803
0.933689 0.000660
0.943801 0.019024
0.919064 0.033954
0.909606 0.048859
0.931586 0.066339
0.892583 0.080207
0.898285 0.095293
0.890855 0.110639
0.904478 0.127297
0.840435 0.123796
0.847830 0.137494
0.858922 0.148011
0.838624 0.154400
0.857948 0.247581
0.942614 0.000608
0.961466 0.019379
0.950292 0.032590
0.925628 0.048903
0.916369 0.064519
0.924845 0.081168
0.907231 0.111305
0.922778 0.115196
0.926351 0.130483
0.860385 0.124106
0.901483 0.150653
0.871173 0.136656
0.829652 0.139850
0.834412 0.178548
0.926728 0.249541
0.951581 0.000469
0.954043 0.046874
0.940595 0.052443
0.946354 0.069374
0.954495 0.084215
0.915152 0.096608
0.938619 0.142004
0.913217 0.139231
0.916991 0.165137
0.931487 0.181660
0.961849 0.202205
0.884329 0.149961
0.869688 0.158701
0.974689 0.263052
0.960436 0.000662
0.977473 0.018171
0.966335 0.033459
0.960389 0.063255
0.968418 0.112971
0.939500 0.086057
0.930593 0.099398
0.890709 0.135023
0.950127 0.174575
0.925328 0.151660
0.945419 0.191985
0.863897 0.175757
0.947818 0.212217
0.957399 0.263791
0.901193 0.167638
0.969230 0.000557
0.982511 0.031278
0.968392 0.050425
0.957603 0.100213
0.964856 0.153307
0.947989 0.157128
0.953808 0.138016
0.935146 0.204315
0.919272 0.233637
0.912496 0.179921
0.976900 0.210963
0.985419 0.282457
0.850758 0.219013
0.861058 0.195350
0.978400 0.000235
0.998696 0.001085
0.982892 0.046890
0.982022 0.104169
0.943972 0.106348
0.956004 0.121747
0.963866 0.186095
0.981125 0.179562
0.985395 0.225430
0.919344 0.196453
0.998719 0.342937
0.902179 0.198141
0.944515 0.294212
0.843102 0.204012
0.913673 0.297791
0.988389 0.000982
0.980064 0.063576
0.968127 0.075628
0.981514 0.123786
0.969175 0.134150
0.939950 0.122440
0.958387 0.233459
0.883962 0.200384
0.999640 0.256977
0.938658 0.232766
0.902228 0.231821
0.963871 0.220699
0.937507 0.271509
0.843828 0.238487
0.999489 0.014260
0.999048 0.044034
0.983394 0.081327
0.971303 0.092691
0.999413 0.105959
0.999440 0.183758
0.999330 0.138469
0.999011 0.149507
0.968764 0.245561
0.999146 0.282300
0.985018 0.244590
0.893799 0.183121
0.898909 0.215319
0.999279 0.231292
0.863755 0.228080
0.999119 0.001074
0.999008 0.054340
0.999800 0.074279
0.999428 0.095350
0.998802 0.116737
0.981569 0.162200
0.981536 0.195858
0.928512 0.218950
0.999302 0.245084
0.999817 0.195089
0.999982 0.268509
0.878531 0.220683
0.835417 0.223601
0.999681 0.308585
0.999259 0.024220
0.999669 0.034042
0.999853 0.064308
0.999829 0.084895
0.980967 0.144521
0.999585 0.127578
0.999987 0.206892
0.934287 0.166281
0.999082 0.218566
0.999648 0.160820
0.999326 0.172418
0.867837 0.208247
0.913966 0.214153
0.999561 0.296551
0.999655 0.327221
