0.000187 0.024512
0.001251 0.063020
0.000873 0.093028
0.000448 0.124289
0.000766 0.135041
0.004639 0.360276
0.000036 0.179468
0.000814 0.191263
0.000522 0.338970
0.074435 0.243459
0.026855 0.320276
0.058298 0.236363
0.037780 0.245500
0.087721 0.248478
0.000565 0.014270
0.000681 0.043275
0.000496 0.072855
0.017341 0.050088
0.016329 0.207316
0.000314 0.202758
0.000935 0.167934
0.000050 0.294875
0.000554 0.240321
0.000877 0.257358
0.023631 0.297132
0.016521 0.276871
0.054798 0.271046
0.099972 0.220195
0.124077 0.218056
0.000554 0.000789
0.000412 0.053216
0.000172 0.082892
0.000098 0.103156
0.000856 0.113444
0.000245 0.215517
0.000103 0.156541
0.000122 0.307432
0.000673 0.227063
0.059033 0.249253
0.002249 0.374836
0.077433 0.224775
0.116434 0.236107
0.010878 0.323199
0.000815 0.000617
0.016970 0.020379
0.019621 0.035376
0.018027 0.083316
0.017425 0.160947
0.048916 0.173367
0.029420 0.149761
0.000534 0.269591
0.049777 0.221606
0.032204 0.211627
0.036855 0.230057
0.049423 0.292791
0.033066 0.283835
0.041540 0.264265
0.075773 0.264841
0.011038 0.000580
0.033696 0.037970
0.000888 0.033902
0.018756 0.067485
0.000827 0.145801
0.027634 0.193969
0.032298 0.170524
0.040965 0.188441
0.010282 0.249487
0.059884 0.184874
0.026363 0.256266
0.112931 0.176904
0.070708 0.213960
0.070871 0.285592
0.029735 0.000180
0.020914 0.001102
0.042907 0.049804
0.030761 0.057807
0.017233 0.180462
0.016505 0.118958
0.041095 0.138169
0.043829 0.157445
0.049884 0.204741
0.076377 0.176543
0.084987 0.158881
0.065870 0.199238
0.002350 0.327791
0.011734 0.356747
0.112499 0.253441
0.038218 0.000795
0.043962 0.022276
0.034134 0.075616
0.043755 0.101380
0.031431 0.127114
0.032037 0.110780
0.057168 0.148174
0.112941 0.141953
0.018718 0.229403
0.064688 0.164355
0.000340 0.284241
0.091556 0.205791
0.081494 0.190500
0.096812 0.235937
0.046678 0.000440
0.031401 0.020651
0.057855 0.019761
0.050535 0.036314
0.033144 0.090657
0.048940 0.083901
0.017862 0.139011
0.056246 0.131676
0.097625 0.143304
0.074174 0.148318
0.093545 0.177357
0.153207 0.171114
0.124471 0.183914
0.167518 0.206805
0.094599 0.262409
0.055279 0.000385
0.072386 0.021305
0.065590 0.035037
0.045985 0.065418
0.059483 0.070972
0.018801 0.100833
0.059217 0.101151
0.047583 0.117558
0.149556 0.140782
0.100712 0.160572
0.117233 0.159903
0.140713 0.184697
0.101841 0.190911
0.155220 0.194301
0.063932 0.000984
0.072514 0.000506
0.086382 0.019617
0.076575 0.044845
0.059096 0.050764
0.070691 0.060146
0.075918 0.100198
0.065676 0.085999
0.071696 0.132882
0.129475 0.147399
0.167332 0.181563
0.134316 0.165797
0.142807 0.205173
0.125435 0.199813
0.092291 0.281257
0.081077 0.000529
0.101312 0.020792
0.103572 0.035254
0.093850 0.047657
0.086051 0.061492
0.077346 0.075290
0.065401 0.115269
0.081628 0.115295
0.086988 0.132996
0.143170 0.127450
0.146237 0.155379
0.165631 0.149057
0.178633 0.195498
0.108248 0.271341
0.089706 0.000447
0.106888 0.000367
0.115757 0.020633
0.086027 0.033995
0.101231 0.063616
0.095601 0.078395
0.085811 0.089545
0.095759 0.104361
0.098045 0.120759
0.111659 0.124068
0.164215 0.131785
0.167996 0.164284
0.202780 0.224241
0.145047 0.221972
0.047487 0.304506
0.098279 0.000836
0.119863 0.035166
0.110536 0.050130
0.117811 0.065138
0.129482 0.078311
0.111847 0.079632
0.105595 0.094230
0.115438 0.107840
0.131501 0.115288
0.126713 0.131444
0.184909 0.149517
0.199792 0.193343
0.191257 0.209402
0.110770 0.207529
0.115389 0.000170
0.141018 0.000687
0.130438 0.020451
0.126608 0.049020
0.133816 0.062784
0.146594 0.074333
0.123022 0.093614
0.153766 0.102250
0.154725 0.116296
0.172842 0.118471
0.181671 0.135081
0.184664 0.166068
0.210902 0.207517
0.193715 0.235645
0.132677 0.233928
0.123941 0.000220
0.137054 0.034024
0.143424 0.048029
0.152682 0.060942
0.171791 0.061136
0.143151 0.088906
0.136753 0.102729
0.172384 0.103916
0.201061 0.139081
0.201811 0.154981
0.203984 0.171099
0.187738 0.181389
0.195899 0.262664
0.179873 0.263118
0.132457 0.000194
0.175076 0.001025
0.146567 0.020365
0.162038 0.047912
0.163452 0.074373
0.162654 0.088904
0.190660 0.106026
0.189822 0.122345
0.220103 0.166142
0.216446 0.133069
0.214287 0.186032
0.225096 0.219291
0.153011 0.267142
0.161469 0.222266
0.138605 0.247529
0.149528 0.001194
0.153527 0.034444
0.180635 0.047736
0.180881 0.075825
0.180031 0.090294
0.208758 0.104553
0.204913 0.120481
0.231817 0.140200
0.219422 0.150668
0.228710 0.201106
0.240548 0.228465
0.179941 0.223753
0.094497 0.298673
0.070464 0.302393
0.158065 0.000703
0.162911 0.020616
0.170672 0.034274
0.188042 0.034309
0.198984 0.077143
0.196717 0.091756
0.222080 0.117447
0.249141 0.135781
0.242594 0.152196
0.236175 0.166994
0.245265 0.210053
0.219869 0.235139
0.207501 0.249475
0.179788 0.246343
0.079548 0.304861
0.166581 0.000386
0.205288 0.034319
0.189695 0.062576
0.224814 0.062020
0.207712 0.063254
0.215495 0.090955
0.255946 0.164553
0.261068 0.147678
0.230113 0.183756
0.237261 0.245492
0.224326 0.256777
0.223379 0.273851
0.206549 0.279388
0.115615 0.302710
0.183576 0.000413
0.179639 0.020876
0.223555 0.033969
0.198173 0.049103
0.236185 0.073724
0.217460 0.076623
0.237140 0.123535
0.268378 0.132262
0.247581 0.194206
0.295215 0.227024
0.280921 0.195357
0.174617 0.278363
0.218620 0.299338
0.154327 0.287151
0.129771 0.302356
0.192092 0.000469
0.196531 0.021062
0.241273 0.034497
0.244670 0.061276
0.233729 0.088439
0.228403 0.103068
0.255976 0.120620
0.285299 0.176648
0.276540 0.217382
0.257700 0.221376
0.260862 0.238813
0.244180 0.290178
0.162005 0.238303
0.158082 0.253360
0.200574 0.000986
0.251391 0.000867
0.213613 0.021116
0.215038 0.047789
0.253639 0.077591
0.249632 0.092521
0.243693 0.108142
0.261977 0.106255
0.289834 0.160320
0.250140 0.179929
0.282299 0.252336
0.253828 0.253830
0.244166 0.269255
0.166599 0.301854
0.116405 0.289307
0.209068 0.000859
0.230923 0.021218
0.259216 0.034565
0.261537 0.062592
0.270643 0.077003
0.267611 0.092805
0.287174 0.133149
0.272090 0.164710
0.305852 0.171732
0.268056 0.182813
0.301358 0.243387
0.266578 0.279637
0.276224 0.296705
0.128507 0.262861
0.217542 0.000581
0.285159 0.000184
0.248120 0.021063
0.232903 0.048078
0.279461 0.062884
0.283689 0.090206
0.276202 0.118074
0.295199 0.118991
0.278607 0.147304
0.331562 0.156531
0.309326 0.200254
0.265292 0.202634
0.292831 0.274712
0.320206 0.270488
0.232750 0.295093
0.226010 0.000066
0.265484 0.021126
0.270441 0.049100
0.251627 0.047468
0.299674 0.090601
0.283800 0.105478
0.303969 0.105912
0.307364 0.131098
0.299032 0.146267
0.342742 0.184562
0.277509 0.234456
0.325956 0.212088
0.136824 0.279785
0.261492 0.296163
0.234425 0.000262
0.310381 0.000624
0.275785 0.034891
0.299924 0.062371
0.289767 0.075212
0.315894 0.090189
0.335493 0.092260
0.316367 0.117240
0.312200 0.158156
0.354929 0.115791
0.327536 0.172159
0.298498 0.187259
0.292036 0.207691
0.191246 0.292248
0.289568 0.295593
0.242931 0.000054
0.282902 0.021150
0.310588 0.050754
0.308915 0.075275
0.320554 0.062822
0.327702 0.077348
0.349252 0.100950
0.328683 0.128961
0.348634 0.131067
0.318918 0.143261
0.310207 0.217988
0.326444 0.254627
0.145098 0.300177
0.270902 0.263772
0.259844 0.000268
0.335425 0.000903
0.289923 0.050639
0.331003 0.049700
0.338523 0.063358
0.345592 0.078570
0.358571 0.089152
0.324641 0.103789
0.337490 0.115076
0.340325 0.143269
0.353778 0.156191
0.343429 0.218725
0.360419 0.189174
0.451521 0.283578
0.352051 0.204308
0.268292 0.000849
0.291445 0.036050
0.307135 0.036296
0.368065 0.049351
0.355817 0.063828
0.366227 0.075436
0.387881 0.112638
0.372006 0.099263
0.370818 0.114202
0.368784 0.130854
0.319349 0.185728
0.349012 0.286656
0.848318 0.264378
0.205516 0.300041
0.276726 0.000327
0.360385 0.000620
0.350888 0.049779
0.323557 0.036382
0.358371 0.034532
0.387689 0.072986
0.380083 0.086640
0.419017 0.082790
0.410005 0.112333
0.385854 0.129717
0.363433 0.144922
0.376130 0.159548
0.367011 0.172659
0.347619 0.169869
0.377674 0.287296
0.293571 0.001003
0.299418 0.021869
0.330842 0.022144
0.375884 0.035502
0.376082 0.062636
0.399717 0.084995
0.393836 0.099603
0.401584 0.125928
0.419871 0.126843
0.384287 0.145898
0.390643 0.171604
0.401667 0.187906
0.177673 0.300617
0.367305 0.286608
0.301983 0.001009
0.315392 0.021835
0.363367 0.020974
0.386417 0.047441
0.407502 0.070164
0.450309 0.073574
0.428631 0.099484
0.412312 0.097531
0.439214 0.086195
0.397980 0.156134
0.446070 0.170390
0.427339 0.169953
0.390486 0.199604
0.372627 0.204072
0.333164 0.197934
0.318762 0.000365
0.341148 0.036691
0.379977 0.022281
0.397472 0.036504
0.419721 0.035652
0.418887 0.059316
0.460171 0.086087
0.453201 0.114624
0.427222 0.140921
0.405896 0.141281
0.417387 0.155088
0.377729 0.232172
0.333850 0.283697
0.316955 0.235854
0.327118 0.000808
0.402224 0.000749
0.346430 0.022236
0.394820 0.022318
0.396442 0.059197
0.441394 0.060651
0.429891 0.071802
0.446853 0.100065
0.431439 0.114399
0.437991 0.154775
0.463412 0.126364
0.364829 0.219815
0.388430 0.217046
0.316637 0.289442
0.396107 0.285302
0.343729 0.000274
0.437954 0.034370
0.408655 0.046887
0.450524 0.048649
0.480309 0.063673
0.480515 0.094869
0.447994 0.140382
0.440952 0.126934
0.480467 0.259643
0.379283 0.185158
0.409087 0.171643
0.415383 0.201555
0.382934 0.268372
0.304291 0.291611
0.352032 0.000480
0.410454 0.000407
0.476858 0.000943
0.445056 0.021954
0.410005 0.023708
0.496284 0.066535
0.474186 0.078374
0.491270 0.083176
0.470086 0.139596
0.465160 0.101850
0.408242 0.251696
0.435527 0.202185
0.332663 0.233875
0.368383 0.247074
0.446330 0.224613
0.368835 0.000320
0.460269 0.000485
0.426445 0.021766
0.430663 0.048303
0.521495 0.104408
0.536453 0.115459
0.491979 0.107021
0.488092 0.125626
0.458555 0.153252
0.353067 0.234559
0.302195 0.259744
0.811929 0.273961
0.527721 0.278065
0.387890 0.251750
0.377184 0.000398
0.451930 0.001179
0.485130 0.000396
0.493359 0.036112
0.527198 0.035402
0.539954 0.148814
0.522356 0.140468
0.521735 0.124153
0.584998 0.211475
0.406607 0.269256
0.581821 0.280578
0.964942 0.167079
0.513193 0.222134
0.424096 0.285629
0.344116 0.249675
0.418731 0.000462
0.468584 0.000689
0.613926 0.034802
0.462956 0.063923
0.467568 0.048237
0.503103 0.165835
0.504223 0.132843
0.476350 0.114991
0.498067 0.183936
0.422923 0.186483
0.499889 0.283750
0.362853 0.262950
0.465876 0.271051
0.346559 0.270378
0.393896 0.001201
0.435321 0.000766
0.510001 0.000227
0.463991 0.021644
0.609151 0.168805
0.516343 0.067059
0.651149 0.279596
0.487599 0.142478
0.425898 0.249729
0.462298 0.169855
0.875893 0.185035
0.714148 0.276448
0.823277 0.284496
0.409984 0.287574
0.681046 0.274319
0.534797 0.001051
0.501702 0.000093
0.427023 0.000875
0.037101 0.316905
0.485675 0.048979
0.505298 0.097256
0.406634 0.215654
0.583310 0.245751
0.484472 0.197362
0.832797 0.285871
0.847801 0.184584
0.492491 0.240604
0.861388 0.292124
0.474445 0.286010
0.601107 0.001155
0.551371 0.000163
0.385578 0.001068
0.493444 0.000821
0.536370 0.022721
0.474950 0.033883
0.507341 0.080283
0.556731 0.126272
0.474704 0.182405
0.998972 0.348216
0.397484 0.235499
0.440471 0.285775
0.485157 0.285322
0.430601 0.267345
0.565764 0.282834
0.592812 0.000325
0.518275 0.000863
0.443655 0.000234
0.501241 0.022670
0.456403 0.033945
0.883339 0.167203
0.797784 0.285696
0.623642 0.274861
0.892574 0.288332
0.517077 0.260096
0.937394 0.314681
0.510744 0.280852
0.497589 0.259076
0.525318 0.209192
0.617687 0.000329
0.567953 0.000299
0.509955 0.036555
0.526549 0.000388
0.503772 0.053129
0.520512 0.050763
0.537120 0.051958
0.507110 0.115342
0.540709 0.131985
0.477600 0.156245
0.461100 0.191879
0.416068 0.231439
0.473950 0.210680
0.438050 0.239758
0.554089 0.283668
0.634350 0.000212
0.543086 0.000065
0.552579 0.022420
0.518628 0.022364
0.483911 0.022240
0.532144 0.067410
0.553253 0.109431
0.571214 0.116669
0.559003 0.142585
0.503177 0.150037
0.450407 0.260882
0.511528 0.197156
0.464568 0.225256
0.540364 0.281974
0.642648 0.000865
0.559637 0.000857
0.588115 0.021567
0.579351 0.034493
0.561188 0.035424
0.538103 0.098256
0.568054 0.099422
0.576162 0.132727
0.550774 0.162138
0.485928 0.169711
0.543287 0.203904
0.608767 0.278134
0.453845 0.206750
0.488349 0.222659
0.866827 0.301719
0.659348 0.000184
0.622407 0.021265
0.604889 0.022443
0.570121 0.021768
0.544508 0.037149
0.552577 0.053911
0.522223 0.086632
0.553072 0.090116
0.567135 0.157099
0.532752 0.168806
0.549812 0.242036
0.516619 0.178036
0.498884 0.208964
0.428586 0.218053
0.667743 0.000968
0.576246 0.000180
0.641681 0.021116
0.568471 0.048810
0.584672 0.050851
0.569164 0.064287
0.538564 0.081373
0.565745 0.080630
0.586719 0.108175
0.565711 0.176894
0.546695 0.180588
0.530731 0.189881
0.753930 0.274045
0.722868 0.280363
0.668776 0.278315
0.684570 0.000905
0.584523 0.000078
0.609339 0.001083
0.595993 0.035914
0.551200 0.069495
0.592743 0.063318
0.582208 0.091204
0.581616 0.167137
0.597221 0.156301
0.577793 0.191322
0.521466 0.156776
0.536756 0.256532
0.508912 0.239056
0.457017 0.245656
0.692891 0.001168
0.626001 0.000851
0.659913 0.021352
0.633136 0.062071
0.604016 0.049303
0.581935 0.074759
0.598174 0.092898
0.582748 0.146969
0.612066 0.123863
0.624711 0.134157
0.535679 0.224775
0.624695 0.163623
0.553867 0.220070
0.568130 0.210485
0.771478 0.278105
0.709703 0.000979
0.649565 0.033938
0.643703 0.076795
0.631442 0.033385
0.622014 0.049370
0.611547 0.063247
0.601510 0.076801
0.599861 0.137563
0.610326 0.185608
0.613842 0.147772
0.616176 0.202164
0.916201 0.283920
0.442933 0.186458
0.886194 0.260862
0.718087 0.000607
0.651010 0.000953
0.678207 0.020494
0.639381 0.046686
0.622621 0.074014
0.613925 0.090072
0.591664 0.123741
0.621408 0.106141
0.632408 0.118951
0.629305 0.183256
0.592255 0.179271
0.556215 0.260153
0.527771 0.241203
0.558989 0.194268
0.596578 0.278369
0.726550 0.001271
0.700594 0.020681
0.669137 0.033115
0.658824 0.046115
0.649878 0.060803
0.604816 0.109028
0.638430 0.100623
0.644779 0.133689
0.634162 0.148358
0.596624 0.198266
0.725672 0.257470
0.642191 0.280313
0.737543 0.279613
0.473512 0.240341
0.743458 0.000779
0.676195 0.000340
0.708060 0.033830
0.688993 0.029821
0.677582 0.045049
0.667543 0.060000
0.630865 0.087395
0.648754 0.113774
0.640672 0.169161
0.633756 0.200088
0.637757 0.242116
0.636940 0.220647
0.596200 0.258508
0.877454 0.282322
0.864680 0.264352
0.751971 0.000223
0.718594 0.021423
0.694750 0.043339
0.702307 0.058634
0.685729 0.058614
0.660626 0.075652
0.652692 0.091098
0.657685 0.171611
0.649069 0.188747
0.620245 0.221350
0.603312 0.218969
0.573640 0.261351
0.684029 0.253269
0.920150 0.270603
0.760371 0.000203
0.701244 0.000205
0.734734 0.021417
0.715589 0.046497
0.691408 0.073779
0.675936 0.075151
0.662979 0.103163
0.660860 0.124675
0.650950 0.153395
0.672515 0.178444
0.583074 0.228967
0.657025 0.241922
0.564895 0.234675
0.771774 0.257871
0.956020 0.275699
0.768707 0.000381
0.749960 0.021171
0.727121 0.034708
0.718324 0.061708
0.673606 0.090775
0.686180 0.101834
0.675233 0.115011
0.670592 0.158156
0.652956 0.205835
0.670192 0.215876
0.664393 0.257032
0.621246 0.240259
0.966554 0.323385
0.694077 0.271372
0.777243 0.001162
0.734984 0.000549
0.763548 0.024564
0.734339 0.062702
0.694503 0.089473
0.705608 0.106353
0.693070 0.118034
0.662426 0.141337
0.668165 0.195411
0.617319 0.257524
0.686069 0.203229
0.694490 0.237845
0.690078 0.219906
0.849508 0.290820
0.706974 0.255298
0.794349 0.000586
0.759987 0.040884
0.745939 0.036194
0.708652 0.075279
0.711353 0.091550
0.714451 0.119946
0.678568 0.132032
0.684714 0.147520
0.654107 0.224898
0.750651 0.244127
0.734653 0.224936
0.602699 0.237506
0.713616 0.236390
0.640726 0.259872
0.802892 0.000829
0.777132 0.021023
0.735024 0.047349
0.746292 0.071573
0.727780 0.093042
0.726137 0.109702
0.730077 0.129510
0.698702 0.132636
0.686619 0.166091
0.703300 0.169539
0.675779 0.235387
0.710373 0.219559
0.830110 0.260998
0.827567 0.244558
0.750350 0.260666
0.811484 0.000027
0.786138 0.048841
0.768807 0.054762
0.726050 0.077675
0.743140 0.102656
0.743424 0.118359
0.747479 0.135999
0.701340 0.150559
0.741135 0.180090
0.750171 0.211262
0.774063 0.240589
0.731916 0.240826
0.792109 0.267623
0.785573 0.285078
0.828671 0.000241
0.785785 0.000861
0.775737 0.037115
0.751366 0.055503
0.763083 0.069925
0.744546 0.086778
0.758743 0.103804
0.715377 0.138708
0.721980 0.175475
0.689214 0.186588
0.706718 0.187014
0.767675 0.206076
0.773180 0.223356
0.899532 0.250992
0.986310 0.320416
0.837371 0.000323
0.791382 0.021754
0.794227 0.035430
0.780082 0.065509
0.782399 0.079828
0.761445 0.084918
0.732499 0.147491
0.752169 0.151694
0.717962 0.157528
0.759768 0.186600
0.727287 0.209816
0.744303 0.196700
0.892889 0.302404
0.809421 0.251817
0.846039 0.000510
0.820051 0.000704
0.806546 0.021023
0.805806 0.045898
0.796104 0.060512
0.795237 0.087961
0.773725 0.093911
0.773580 0.111716
0.760767 0.123053
0.706361 0.203726
0.725061 0.192888
0.754709 0.226739
0.812982 0.232739
0.944749 0.246373
0.924923 0.306776
0.863400 0.000927
0.823886 0.020464
0.814502 0.033154
0.814232 0.059951
0.802578 0.073130
0.824065 0.072447
0.788209 0.102635
0.780815 0.126216
0.737834 0.163799
0.757592 0.168955
0.775644 0.171212
0.776402 0.190382
0.791864 0.248598
0.793477 0.230913
0.872116 0.000232
0.854766 0.000943
0.841054 0.020026
0.833033 0.033527
0.824059 0.046005
0.843340 0.046525
0.813356 0.084559
0.806853 0.100831
0.796797 0.116060
0.766663 0.138567
0.771011 0.155038
0.792085 0.178299
0.791256 0.197486
0.788820 0.214719
0.877002 0.248303
0.889722 0.000668
0.877819 0.019425
0.858723 0.019936
0.850810 0.032617
0.832982 0.058940
0.843374 0.070451
0.834208 0.085200
0.815287 0.114905
0.800504 0.130289
0.785748 0.142054
0.790269 0.157281
0.807023 0.197829
0.823953 0.210670
0.956044 0.323061
0.898476 0.000319
0.880917 0.000983
0.895314 0.019924
0.869605 0.031135
0.861444 0.044408
0.854040 0.058894
0.871038 0.059689
0.851601 0.084591
0.824009 0.097325
0.843849 0.099416
0.805566 0.144400
0.804786 0.165287
0.849943 0.164194
0.886387 0.233509
0.967521 0.288742
0.907258 0.000047
0.928503 0.020308
0.887276 0.032925
0.894291 0.048786
0.878456 0.045654
0.886029 0.063847
0.862980 0.073345
0.864517 0.093256
0.872036 0.108300
0.819177 0.152181
0.832087 0.111961
0.811404 0.181791
0.826168 0.193981
0.807624 0.216533
0.916077 0.001132
0.924853 0.000648
0.935838 0.035084
0.911861 0.019862
0.903616 0.033980
0.901463 0.064100
0.909818 0.079537
0.877022 0.079022
0.881785 0.095154
0.854745 0.109650
0.881065 0.122490
0.819793 0.129012
0.824293 0.167719
0.963765 0.307106
0.909032 0.262027
0.933658 0.000991
0.944004 0.018942
0.919728 0.033493
0.910537 0.048456
0.932311 0.065838
0.893021 0.079488
0.898585 0.094781
0.891096 0.109900
0.904811 0.126519
0.841257 0.123466
0.848239 0.137126
0.858899 0.147767
0.838906 0.154485
0.856756 0.247428
0.942586 0.000501
0.961544 0.019130
0.950541 0.032186
0.926413 0.048691
0.917113 0.063882
0.925436 0.080569
0.907624 0.110412
0.923212 0.113963
0.926227 0.129524
0.860840 0.123410
0.901172 0.149481
0.871433 0.136574
0.830461 0.139511
0.833764 0.177924
0.924624 0.247138
0.951562 0.000965
0.954458 0.046411
0.941202 0.052320
0.946947 0.069130
0.955110 0.083888
0.915407 0.096033
0.938655 0.140649
0.913160 0.138663
0.916835 0.164107
0.931182 0.179615
0.961159 0.199599
0.884351 0.148842
0.869942 0.157756
0.975519 0.261054
0.960402 0.000236
0.977527 0.017927
0.966571 0.033374
0.960674 0.062801
0.968661 0.112217
0.940072 0.085431
0.930853 0.098697
0.891246 0.134242
0.949318 0.172451
0.924981 0.149726
0.944751 0.189488
0.862915 0.174388
0.947242 0.211006
0.954509 0.261410
0.900625 0.166401
0.969199 0.000220
0.982487 0.031309
0.968724 0.050031
0.957729 0.099751
0.964880 0.151397
0.947861 0.155498
0.954039 0.136920
0.933986 0.201870
0.917788 0.233836
0.911754 0.178791
0.976844 0.207722
0.982503 0.283047
0.850062 0.219075
0.860362 0.194341
0.978412 0.000689
0.999345 0.000775
0.983138 0.046667
0.982475 0.103458
0.944143 0.105659
0.956413 0.120847
0.963438 0.182805
0.981371 0.176902
0.984493 0.223145
0.917885 0.194014
0.998157 0.344728
0.900909 0.196086
0.942227 0.294279
0.842134 0.203223
0.913163 0.297596
0.988451 0.000111
0.980209 0.063550
0.968496 0.074998
0.981995 0.122883
0.969420 0.133056
0.940387 0.121701
0.956510 0.231027
0.883028 0.198830
0.999069 0.257347
0.937013 0.230350
0.900804 0.230929
0.962182 0.217992
0.935114 0.271650
0.843346 0.238868
0.999206 0.014165
0.999024 0.044047
0.983685 0.081046
0.971464 0.091879
0.999613 0.105997
0.999655 0.183616
0.999737 0.138383
0.999728 0.149377
0.966492 0.245283
0.999679 0.282656
0.984849 0.241361
0.893049 0.182171
0.897235 0.213284
0.998856 0.231347
0.862130 0.228191
0.999226 0.000332
0.999832 0.054413
0.999757 0.074345
0.999351 0.095405
0.998868 0.116748
0.981722 0.160533
0.981737 0.192850
0.927637 0.217188
0.998849 0.245123
0.999501 0.195019
0.999724 0.268860
0.876555 0.218708
0.834602 0.223324
0.999906 0.309586
0.999654 0.024162
0.999502 0.034033
0.999518 0.064328
0.999561 0.084943
0.981459 0.143102
0.998990 0.127565
0.999941 0.206737
0.933829 0.164538
0.998797 0.218344
0.999179 0.160641
0.999085 0.172229
0.866594 0.207257
0.912617 0.212406
0.999481 0.296862
0.999415 0.328477
