0.000703 0.024506
0.000883 0.063027
0.000466 0.093035
0.000786 0.124353
0.000134 0.135099
0.005749 0.363929
0.000287 0.179621
0.000690 0.191332
0.000495 0.340410
0.072476 0.243793
0.024869 0.325860
0.056882 0.236812
0.037699 0.245898
0.086214 0.248293
0.000889 0.014133
0.000681 0.043289
0.000536 0.072878
0.017145 0.049922
0.016309 0.207461
0.000516 0.202799
0.000902 0.168081
0.000503 0.295710
0.000379 0.240092
0.001069 0.257474
0.023500 0.300497
0.014810 0.278772
0.053596 0.271455
0.099139 0.219603
0.123486 0.216889
0.001127 0.000565
0.000689 0.053231
0.001204 0.082915
0.000215 0.103163
0.000113 0.113479
0.000119 0.215607
0.000220 0.156633
0.000445 0.307673
0.001053 0.227179
0.057253 0.250993
0.001185 0.379373
0.077376 0.224060
0.115216 0.235355
0.008367 0.329312
0.000263 0.000517
0.016453 0.020437
0.019450 0.035217
0.017838 0.083044
0.017518 0.160803
0.048441 0.173061
0.029148 0.149413
0.000324 0.269672
0.049867 0.221083
0.031865 0.211988
0.035345 0.231306
0.048284 0.295387
0.031962 0.285670
0.040442 0.266913
0.074106 0.265524
0.010974 0.001072
0.033443 0.037798
0.000510 0.033918
0.018442 0.067232
0.000523 0.145884
0.027254 0.194406
0.031749 0.170448
0.040623 0.188723
0.010179 0.250377
0.059253 0.184982
0.027242 0.258283
0.111716 0.176113
0.069565 0.213644
0.070146 0.285270
0.029736 0.000664
0.020936 0.000227
0.042406 0.049278
0.030335 0.058133
0.017308 0.180396
0.016654 0.118652
0.040864 0.138394
0.043403 0.157615
0.049195 0.204215
0.076413 0.175465
0.083589 0.159259
0.065336 0.198713
0.001025 0.329711
0.011569 0.365555
0.110820 0.252423
0.038184 0.000698
0.043415 0.022122
0.034091 0.075503
0.043525 0.101251
0.031473 0.126760
0.031749 0.110613
0.056641 0.148048
0.111887 0.141409
0.018266 0.229286
0.063648 0.163416
0.000605 0.284244
0.090515 0.206012
0.080547 0.190743
0.096161 0.235635
0.046627 0.000540
0.030891 0.020745
0.057386 0.019482
0.050163 0.035981
0.032818 0.090590
0.048283 0.083495
0.017724 0.138608
0.055431 0.131079
0.096580 0.143377
0.073680 0.147697
0.092710 0.176778
0.152014 0.171131
0.123681 0.183592
0.166815 0.205469
0.093404 0.262350
0.055256 0.000647
0.071801 0.021422
0.065032 0.035063
0.045291 0.064694
0.058936 0.070865
0.018628 0.100503
0.058698 0.100419
0.047038 0.117316
0.147850 0.140143
0.100338 0.159354
0.116574 0.158949
0.139790 0.183684
0.100292 0.189842
0.154404 0.193201
0.063907 0.000945
0.072486 0.000312
0.085671 0.019165
0.075753 0.044718
0.058362 0.051002
0.069974 0.060104
0.075248 0.100011
0.065145 0.085808
0.070879 0.132436
0.128581 0.147352
0.166161 0.180746
0.133436 0.164895
0.141957 0.204778
0.123372 0.199399
0.088990 0.281784
0.081054 0.000696
0.100343 0.020756
0.102537 0.035130
0.092761 0.047568
0.085162 0.061366
0.076677 0.075264
0.064696 0.115019
0.080692 0.115135
0.086382 0.132851
0.141937 0.126630
0.145727 0.155100
0.164464 0.148260
0.178465 0.194857
0.106413 0.270867
0.089713 0.000430
0.106881 0.000260
0.114815 0.020170
0.085490 0.033838
0.100300 0.063373
0.094947 0.077989
0.084722 0.089494
0.095115 0.104138
0.096715 0.120473
0.110713 0.123660
0.163212 0.131258
0.167013 0.163247
0.202231 0.223421
0.144074 0.221594
0.043745 0.309690
0.098292 0.000378
0.118705 0.034939
0.109448 0.049833
0.116715 0.064897
0.128441 0.077931
0.111011 0.079121
0.104400 0.093776
0.113803 0.107432
0.129874 0.115037
0.125774 0.130772
0.184103 0.148838
0.199093 0.192637
0.190410 0.208614
0.109373 0.206738
0.115398 0.000326
0.141049 0.000534
0.129495 0.020341
0.125479 0.048754
0.132833 0.062616
0.145600 0.074117
0.121955 0.093320
0.152432 0.101783
0.153266 0.116104
0.171514 0.118175
0.180516 0.134755
0.184098 0.165129
0.210867 0.206618
0.193491 0.235420
0.131407 0.233284
0.123967 0.000665
0.135731 0.033987
0.142147 0.047705
0.151737 0.060444
0.170708 0.060952
0.141869 0.088415
0.135637 0.102491
0.171136 0.103692
0.200266 0.138855
0.201026 0.154612
0.202970 0.170449
0.186768 0.180606
0.195403 0.261671
0.179174 0.262131
0.132491 0.001152
0.175108 0.000600
0.145485 0.020073
0.160761 0.047660
0.162356 0.074301
0.161385 0.088740
0.189129 0.105499
0.188538 0.121842
0.219627 0.166206
0.215319 0.132880
0.213763 0.185273
0.224081 0.219307
0.151663 0.266342
0.160114 0.220745
0.137662 0.247447
0.149588 0.000686
0.152147 0.034353
0.179348 0.047561
0.179639 0.075675
0.178746 0.090335
0.207396 0.104522
0.203461 0.120220
0.230850 0.140132
0.218520 0.150514
0.228198 0.200795
0.240892 0.228385
0.178841 0.223033
0.092461 0.299359
0.068105 0.304046
0.158108 0.001117
0.161919 0.020488
0.169297 0.034200
0.186779 0.034107
0.197649 0.076926
0.195676 0.091453
0.220848 0.117645
0.247907 0.135757
0.241956 0.151962
0.235720 0.166666
0.244170 0.210157
0.219954 0.234620
0.207450 0.248839
0.178260 0.244916
0.079894 0.305128
0.166611 0.000899
0.204088 0.034323
0.188494 0.062429
0.223325 0.062226
0.206157 0.063296
0.214428 0.090867
0.255114 0.164538
0.260237 0.147847
0.229356 0.183339
0.237566 0.245666
0.223763 0.256597
0.223688 0.273465
0.206699 0.278507
0.113323 0.301153
0.183598 0.000556
0.178325 0.020877
0.222215 0.034059
0.196651 0.048848
0.234620 0.074078
0.216045 0.076655
0.235782 0.123351
0.267209 0.132456
0.247373 0.194501
0.295571 0.227726
0.279922 0.195670
0.173783 0.277581
0.218519 0.297987
0.152734 0.285728
0.128094 0.300296
0.192100 0.000232
0.195310 0.020917
0.239812 0.034637
0.243116 0.061524
0.232338 0.088991
0.226681 0.103567
0.254654 0.120657
0.284849 0.176949
0.276767 0.217625
0.258053 0.221496
0.260861 0.239151
0.245032 0.290151
0.160985 0.237430
0.157022 0.252839
0.200579 0.000754
0.251351 0.000857
0.212491 0.021174
0.213682 0.047861
0.252116 0.077593
0.248409 0.092327
0.242654 0.107841
0.260759 0.106413
0.289178 0.160825
0.249138 0.180014
0.283382 0.252531
0.253862 0.254153
0.244329 0.268727
0.165589 0.300149
0.113686 0.288248
0.209058 0.000300
0.229844 0.021224
0.257887 0.034766
0.260084 0.062754
0.269292 0.077032
0.266343 0.092822
0.286258 0.133479
0.271278 0.165242
0.305730 0.172382
0.267342 0.182876
0.301383 0.243665
0.266647 0.279520
0.277153 0.296110
0.127843 0.262113
0.217532 0.000352
0.285146 0.000182
0.247109 0.021200
0.231325 0.048389
0.278150 0.062926
0.282306 0.090318
0.274668 0.118315
0.293734 0.119306
0.277567 0.147545
0.331041 0.157152
0.309402 0.201226
0.264764 0.202793
0.293244 0.274774
0.320498 0.271315
0.233005 0.294917
0.225999 0.000583
0.264390 0.021225
0.269083 0.049261
0.250121 0.047677
0.298359 0.090923
0.282833 0.105805
0.303096 0.106238
0.306222 0.131576
0.297708 0.147012
0.342332 0.185526
0.277052 0.234842
0.326595 0.213232
0.134791 0.278688
0.262029 0.295564
0.234413 0.000241
0.310328 0.000147
0.274552 0.034914
0.298693 0.062615
0.288507 0.075473
0.314750 0.090602
0.334584 0.092516
0.315335 0.117871
0.311520 0.158563
0.354597 0.116134
0.327339 0.172840
0.297800 0.187991
0.291903 0.208248
0.190896 0.291764
0.290632 0.295162
0.242907 0.000517
0.281822 0.021226
0.309500 0.051232
0.307803 0.075575
0.319616 0.062998
0.326519 0.077737
0.348361 0.101290
0.327959 0.129476
0.348078 0.131539
0.317972 0.143630
0.309712 0.218642
0.327132 0.255697
0.142878 0.298671
0.271277 0.262970
0.259821 0.000527
0.335400 0.000871
0.288599 0.050841
0.330136 0.050046
0.337735 0.063782
0.344804 0.078761
0.358004 0.089489
0.323664 0.104336
0.336930 0.115404
0.339415 0.143746
0.353460 0.156710
0.344122 0.219837
0.360443 0.190189
0.452944 0.286353
0.352480 0.205146
0.268263 0.000167
0.290283 0.036180
0.306078 0.036569
0.367201 0.049214
0.355178 0.064159
0.365660 0.075645
0.387785 0.113112
0.371408 0.099555
0.370735 0.114835
0.368295 0.131498
0.318572 0.186509
0.350491 0.287402
0.847305 0.265634
0.205194 0.298567
0.276704 0.000150
0.360394 0.000020
0.350118 0.049893
0.322368 0.036633
0.357199 0.034395
0.387405 0.073043
0.379661 0.086871
0.419126 0.083234
0.410112 0.113136
0.385609 0.130485
0.363185 0.145777
0.376128 0.160702
0.366967 0.173674
0.347525 0.170600
0.379150 0.288291
0.293542 0.000240
0.298282 0.022072
0.330021 0.022156
0.375191 0.035570
0.375533 0.062618
0.399505 0.085275
0.393614 0.099928
0.401293 0.126837
0.419870 0.128027
0.384212 0.146649
0.391126 0.172983
0.401980 0.188880
0.176072 0.299140
0.368363 0.288117
0.301951 0.000547
0.314331 0.021995
0.363096 0.021253
0.385870 0.047601
0.407384 0.070507
0.450684 0.074031
0.428687 0.100288
0.412219 0.098179
0.439482 0.086815
0.397811 0.157202
0.446506 0.172128
0.428070 0.171751
0.391145 0.201049
0.372921 0.205425
0.332967 0.198771
0.318727 0.000256
0.339870 0.036876
0.379860 0.022562
0.397429 0.036570
0.419978 0.035750
0.418972 0.059565
0.460525 0.086782
0.453186 0.115734
0.427488 0.142410
0.406304 0.142434
0.417500 0.156568
0.378496 0.233285
0.335181 0.284704
0.317516 0.236986
0.327081 0.000833
0.402259 0.000633
0.345716 0.022254
0.394842 0.022387
0.396255 0.059209
0.441670 0.060883
0.430147 0.072239
0.447284 0.100835
0.431592 0.115362
0.438301 0.156225
0.463808 0.127429
0.365495 0.221414
0.389169 0.218358
0.317470 0.290448
0.397129 0.287287
0.343735 0.000253
0.438159 0.034781
0.408374 0.046998
0.451258 0.048992
0.480907 0.063983
0.480933 0.096005
0.448521 0.141763
0.441101 0.128303
0.481825 0.261932
0.379679 0.186336
0.409865 0.172838
0.415836 0.202863
0.384282 0.269845
0.305794 0.291394
0.352040 0.000123
0.410498 0.000311
0.476883 0.000726
0.445426 0.022061
0.410161 0.023878
0.496936 0.066950
0.474784 0.078959
0.491586 0.083840
0.470807 0.140674
0.465735 0.102768
0.409100 0.252994
0.436335 0.204211
0.332891 0.234358
0.368941 0.248496
0.447118 0.226339
0.368841 0.001049
0.460290 0.000482
0.426866 0.021774
0.430760 0.048627
0.522355 0.105156
0.537257 0.116534
0.492843 0.107872
0.488726 0.126821
0.458972 0.154665
0.353518 0.236026
0.303475 0.260053
0.811928 0.274851
0.528639 0.281144
0.388534 0.253391
0.377198 0.000125
0.451956 0.000774
0.485129 0.000186
0.493986 0.036287
0.528042 0.035923
0.540302 0.150384
0.523010 0.141814
0.522633 0.125221
0.585864 0.213570
0.407966 0.270788
0.582184 0.283382
0.964727 0.165341
0.513791 0.224526
0.425088 0.287870
0.344589 0.250504
0.418749 0.000672
0.468605 0.000431
0.615051 0.034890
0.463442 0.064395
0.468181 0.048588
0.503438 0.167544
0.505050 0.133894
0.476959 0.116082
0.498867 0.185997
0.423439 0.188431
0.500505 0.286694
0.363773 0.264551
0.467197 0.273234
0.346735 0.271335
0.393954 0.000318
0.435351 0.001220
0.510000 0.000792
0.464746 0.021779
0.610305 0.170374
0.516742 0.067752
0.652161 0.281416
0.488146 0.144019
0.426931 0.251863
0.462708 0.171709
0.874793 0.183915
0.714417 0.278148
0.823813 0.287046
0.411187 0.289544
0.682419 0.276087
0.534789 0.000471
0.501699 0.000105
0.427056 0.000242
0.034321 0.321046
0.486391 0.049201
0.505901 0.097988
0.407526 0.217155
0.583638 0.248573
0.485059 0.199393
0.832031 0.288224
0.847036 0.184216
0.493440 0.242918
0.861390 0.295764
0.475284 0.288566
0.601133 0.000261
0.551358 0.000462
0.385592 0.000336
0.493447 0.000761
0.537097 0.023016
0.475169 0.034063
0.507778 0.081068
0.557475 0.127624
0.475648 0.184181
0.997856 0.348241
0.398358 0.236640
0.441944 0.288091
0.486444 0.288175
0.431657 0.269211
0.566588 0.285996
0.592817 0.000303
0.518264 0.000308
0.443670 0.000117
0.501941 0.022923
0.456464 0.033917
0.882510 0.165981
0.798621 0.287187
0.624258 0.277749
0.890815 0.289755
0.517567 0.263130
0.934831 0.316265
0.511900 0.284146
0.498752 0.261724
0.525901 0.211478
0.617694 0.000054
0.567927 0.000206
0.510803 0.036771
0.526543 0.000367
0.504578 0.053284
0.521549 0.051414
0.538285 0.052718
0.507937 0.116333
0.541485 0.133422
0.477794 0.157886
0.461444 0.193168
0.417265 0.232830
0.474409 0.212345
0.439401 0.241751
0.554994 0.286512
0.634346 0.000239
0.543069 0.000528
0.553499 0.022671
0.519386 0.022673
0.484638 0.022538
0.532707 0.067881
0.554079 0.110217
0.572072 0.117848
0.559410 0.144315
0.503601 0.151391
0.451557 0.263379
0.512268 0.199098
0.465805 0.227313
0.541034 0.285333
0.642658 0.000103
0.559616 0.001057
0.588687 0.021593
0.580273 0.034869
0.561954 0.035945
0.538880 0.099149
0.568890 0.100389
0.576638 0.134126
0.551578 0.163853
0.486478 0.171240
0.544154 0.205957
0.609854 0.281239
0.454533 0.208653
0.488710 0.224669
0.865768 0.305166
0.659373 0.000022
0.623143 0.021409
0.605523 0.022557
0.570796 0.022113
0.545325 0.037250
0.553650 0.054630
0.522924 0.087249
0.553861 0.090795
0.568106 0.158784
0.533671 0.170206
0.550107 0.244897
0.517329 0.179740
0.499458 0.210962
0.429349 0.219872
0.667743 0.000480
0.576223 0.001126
0.642427 0.021014
0.569549 0.049322
0.585768 0.051264
0.570280 0.064922
0.539301 0.081938
0.566714 0.081318
0.587549 0.109286
0.566339 0.178992
0.547270 0.182541
0.531171 0.191741
0.754943 0.275855
0.724896 0.281479
0.669378 0.279796
0.684604 0.000736
0.584519 0.000673
0.609381 0.000419
0.596955 0.036002
0.551969 0.070172
0.594065 0.063692
0.583150 0.091868
0.582491 0.169202
0.597888 0.158148
0.578960 0.193209
0.521445 0.158412
0.537280 0.259687
0.509844 0.241402
0.458230 0.247795
0.692939 0.000395
0.626009 0.000074
0.660938 0.021434
0.634374 0.062574
0.604963 0.049583
0.583098 0.075119
0.598781 0.093811
0.583600 0.148533
0.613048 0.125267
0.625853 0.135588
0.536082 0.227013
0.625818 0.165670
0.554421 0.222415
0.568814 0.212787
0.772739 0.279814
0.709720 0.000106
0.650458 0.033924
0.645035 0.077411
0.632450 0.033525
0.622963 0.049756
0.612834 0.063722
0.602930 0.077537
0.600819 0.139197
0.611566 0.187506
0.614804 0.149436
0.616999 0.204284
0.915065 0.284537
0.443593 0.188505
0.883970 0.262065
0.718098 0.000726
0.651022 0.000323
0.679784 0.020618
0.640611 0.047054
0.623692 0.074642
0.614850 0.091231
0.592545 0.125239
0.622516 0.107255
0.633489 0.120253
0.630367 0.185503
0.593287 0.181390
0.556685 0.262949
0.528399 0.243755
0.559846 0.196404
0.597337 0.281397
0.726545 0.000647
0.701919 0.020528
0.670062 0.033041
0.659877 0.046225
0.650973 0.061404
0.605817 0.110170
0.639575 0.101624
0.645985 0.135347
0.634945 0.150051
0.598012 0.200333
0.727030 0.258688
0.642154 0.282516
0.738135 0.280702
0.474356 0.242561
0.743485 0.000277
0.676207 0.000313
0.709138 0.034028
0.690311 0.030200
0.678665 0.045049
0.668631 0.060177
0.631808 0.088122
0.649639 0.114900
0.641544 0.171089
0.634760 0.202147
0.638456 0.244067
0.637665 0.222489
0.596901 0.260854
0.876105 0.283468
0.864040 0.266788
0.751985 0.000493
0.719802 0.021521
0.696239 0.043703
0.703536 0.059034
0.686992 0.058796
0.662325 0.076345
0.653836 0.091604
0.658134 0.173343
0.650153 0.190773
0.620987 0.223293
0.603724 0.221099
0.574327 0.264201
0.684701 0.255241
0.918623 0.270862
0.760414 0.000011
0.701262 0.000365
0.736198 0.021377
0.717191 0.046746
0.692616 0.074578
0.677472 0.075550
0.663782 0.104120
0.661972 0.125790
0.651866 0.154839
0.673085 0.180013
0.583324 0.231110
0.657636 0.243732
0.565380 0.237567
0.772091 0.259723
0.955451 0.275679
0.768747 0.000115
0.751207 0.021181
0.728220 0.034657
0.719967 0.062003
0.674594 0.091575
0.687261 0.102825
0.676334 0.115935
0.671385 0.159725
0.653858 0.207502
0.671096 0.217715
0.665117 0.258844
0.622059 0.242596
0.966469 0.324435
0.694925 0.273253
0.777242 0.000970
0.734994 0.000907
0.764876 0.024173
0.735968 0.062875
0.695865 0.090248
0.706724 0.107001
0.694041 0.119162
0.663519 0.142745
0.668938 0.197059
0.617413 0.259848
0.686292 0.204635
0.695387 0.239409
0.691299 0.221192
0.849298 0.293580
0.707947 0.257405
0.794388 0.000801
0.761392 0.040636
0.747120 0.036279
0.709847 0.075670
0.712780 0.092231
0.715285 0.121095
0.679538 0.133187
0.685401 0.148762
0.655001 0.226431
0.751605 0.245214
0.735550 0.226154
0.603439 0.239968
0.714680 0.238216
0.641814 0.262178
0.802963 0.000714
0.778381 0.020945
0.736514 0.047459
0.747959 0.072021
0.729097 0.093651
0.727088 0.110366
0.731123 0.130198
0.699637 0.133678
0.687373 0.167691
0.703710 0.170961
0.676748 0.236737
0.710970 0.221278
0.830382 0.262044
0.826786 0.245533
0.750714 0.262261
0.811511 0.000633
0.787225 0.048850
0.770128 0.054610
0.727302 0.077869
0.744102 0.103126
0.744580 0.119062
0.748482 0.136696
0.702285 0.151979
0.741739 0.180753
0.750551 0.212407
0.774044 0.241258
0.732790 0.242149
0.792245 0.267953
0.785921 0.286952
0.828688 0.001054
0.785823 0.000853
0.776883 0.037089
0.752782 0.055386
0.764634 0.069818
0.745546 0.087189
0.759734 0.104334
0.716464 0.139634
0.722451 0.176684
0.689756 0.187744
0.707478 0.188445
0.767881 0.206732
0.773390 0.224371
0.898364 0.250570
0.985330 0.322725
0.837384 0.000779
0.792717 0.021553
0.795271 0.035349
0.781727 0.065691
0.783498 0.079912
0.762647 0.084880
0.733517 0.148459
0.753020 0.152694
0.718592 0.158484
0.760194 0.187838
0.727531 0.211049
0.744376 0.197701
0.890589 0.304528
0.809385 0.253078
0.846049 0.000829
0.820072 0.000605
0.807611 0.020800
0.806765 0.045883
0.797462 0.060444
0.796041 0.088036
0.774459 0.094040
0.774333 0.112245
0.761787 0.123768
0.706693 0.205492
0.725691 0.194224
0.755665 0.228324
0.812811 0.233229
0.942895 0.246087
0.923027 0.308198
0.863437 0.000225
0.824583 0.020126
0.815462 0.033103
0.815519 0.059753
0.804037 0.073200
0.825127 0.072470
0.788714 0.102909
0.781796 0.126597
0.738375 0.164398
0.758293 0.170154
0.776025 0.172027
0.776650 0.191147
0.792315 0.249544
0.793667 0.231874
0.872135 0.000685
0.854785 0.000299
0.841823 0.019702
0.833901 0.033203
0.825197 0.045636
0.844283 0.046145
0.814286 0.084457
0.807432 0.100877
0.797383 0.116140
0.767545 0.139178
0.771736 0.155703
0.792181 0.178568
0.791229 0.198354
0.788934 0.215550
0.874588 0.248772
0.889721 0.000182
0.878553 0.019088
0.859539 0.019324
0.851592 0.032339
0.834163 0.058647
0.844275 0.070322
0.834778 0.085078
0.815736 0.114961
0.801265 0.130662
0.786592 0.142840
0.790542 0.158127
0.807192 0.198302
0.822561 0.211034
0.956194 0.323691
0.898490 0.000505
0.880919 0.000188
0.895943 0.019447
0.870426 0.030961
0.862282 0.043984
0.854986 0.058585
0.871641 0.059422
0.852043 0.084546
0.824398 0.097571
0.843953 0.099303
0.806013 0.144899
0.805183 0.165439
0.849465 0.163860
0.884019 0.231802
0.965895 0.289625
0.907273 0.000917
0.928659 0.020039
0.887950 0.032639
0.895056 0.048368
0.879277 0.045203
0.886616 0.063378
0.863517 0.073291
0.864864 0.093085
0.872275 0.108121
0.819291 0.151797
0.832502 0.112112
0.811065 0.182339
0.825211 0.193883
0.807191 0.217516
0.916074 0.000584
0.924834 0.000495
0.936186 0.034838
0.912200 0.019612
0.904180 0.033661
0.902054 0.063939
0.910282 0.078993
0.877596 0.078716
0.882024 0.094848
0.855047 0.109277
0.880930 0.121522
0.820226 0.129378
0.824088 0.167634
0.960153 0.307573
0.906220 0.262498
0.933649 0.000229
0.944123 0.018800
0.920281 0.033108
0.911302 0.048083
0.932930 0.065490
0.893422 0.078900
0.898870 0.094310
0.891284 0.109373
0.904983 0.125281
0.841948 0.123125
0.848470 0.136709
0.858608 0.147468
0.838829 0.154573
0.855770 0.247952
0.942562 0.000978
0.961503 0.018841
0.950764 0.031769
0.927032 0.048485
0.917705 0.063341
0.925888 0.080161
0.907852 0.109702
0.923624 0.112706
0.925943 0.128349
0.861282 0.122837
0.900847 0.148410
0.871555 0.136255
0.831127 0.139230
0.833025 0.177518
0.922976 0.245578
0.951559 0.000682
0.954781 0.046022
0.941783 0.052281
0.947465 0.068994
0.955704 0.083714
0.915567 0.095468
0.938668 0.139270
0.912988 0.138134
0.916561 0.162677
0.930632 0.178134
0.960381 0.197145
0.884295 0.147807
0.870083 0.156992
0.975981 0.259825
0.960402 0.000960
0.977530 0.017723
0.966881 0.033329
0.960858 0.062411
0.968901 0.111391
0.940604 0.084998
0.931037 0.098164
0.891689 0.133295
0.948453 0.170577
0.924528 0.147707
0.944162 0.187328
0.861796 0.172945
0.946639 0.210175
0.951610 0.259424
0.899700 0.164728
0.969208 0.000344
0.982470 0.031342
0.969121 0.049664
0.957813 0.099416
0.964864 0.149230
0.947720 0.153524
0.954193 0.135952
0.932643 0.199389
0.916245 0.234503
0.911133 0.177954
0.976395 0.205014
0.979411 0.283956
0.849229 0.219131
0.859168 0.193327
0.978449 0.000081
0.999246 0.000523
0.983404 0.046572
0.982937 0.102735
0.944147 0.105057
0.956712 0.119758
0.962959 0.180162
0.981324 0.174390
0.982578 0.221298
0.916754 0.191918
0.997675 0.346397
0.899698 0.194469
0.940077 0.294831
0.840922 0.202401
0.912286 0.298590
0.988518 0.000375
0.980482 0.063611
0.968832 0.074555
0.982520 0.121953
0.969612 0.131942
0.940650 0.120797
0.954780 0.229521
0.882154 0.197983
0.999782 0.258175
0.935658 0.228797
0.899462 0.230416
0.960829 0.215963
0.933578 0.272034
0.842633 0.239865
0.999611 0.014049
0.999922 0.044027
0.984036 0.080966
0.971598 0.091225
0.999797 0.106002
0.999941 0.183571
0.999301 0.138317
0.999203 0.149279
0.964043 0.245436
0.999101 0.283155
0.983523 0.239004
0.892149 0.181112
0.895028 0.211735
0.999575 0.231519
0.860894 0.229125
0.999564 0.000303
0.999405 0.054436
0.999952 0.074374
0.999229 0.095427
0.999729 0.116718
0.981784 0.158508
0.981549 0.190229
0.926763 0.215830
0.999719 0.245507
0.999777 0.195105
0.999438 0.269432
0.874986 0.217420
0.833091 0.223440
0.999209 0.310028
0.999454 0.024110
0.999391 0.033985
0.999117 0.064328
0.999876 0.084981
0.982047 0.141586
0.998787 0.127543
0.999228 0.206696
0.933329 0.162578
0.999948 0.218304
0.999376 0.160495
0.999716 0.172039
0.865152 0.206719
0.911247 0.210936
0.999416 0.297221
0.999247 0.328866
