0.000732 0.024500
0.000182 0.063035
0.000736 0.093071
0.000698 0.124448
0.000869 0.135151
0.006744 0.368680
0.000118 0.179761
0.000210 0.191387
0.000313 0.342854
0.070659 0.243946
0.023787 0.331523
0.055536 0.236651
0.037447 0.246573
0.085096 0.248111
0.000596 0.013987
0.001107 0.043306
0.000652 0.072910
0.017125 0.049834
0.016351 0.207846
0.000836 0.202840
0.000338 0.168225
0.000129 0.296821
0.000081 0.240024
0.000232 0.257497
0.023543 0.304198
0.013953 0.280816
0.052836 0.272710
0.098314 0.219441
0.123109 0.216137
0.001169 0.000268
0.000325 0.053243
0.001130 0.082982
0.000031 0.103212
0.000235 0.113558
0.000493 0.215697
0.000661 0.156690
0.000532 0.307919
0.000803 0.227433
0.055375 0.253742
0.001195 0.381331
0.077692 0.223647
0.114074 0.234895
0.006973 0.335272
0.000117 0.000960
0.016168 0.020560
0.019428 0.035233
0.017765 0.083014
0.017602 0.160758
0.048160 0.172910
0.028864 0.149218
0.000833 0.269752
0.050135 0.220650
0.031878 0.212816
0.033745 0.232373
0.047606 0.298121
0.031449 0.287690
0.039440 0.270107
0.072074 0.266934
0.010983 0.000628
0.033281 0.037587
0.000247 0.033930
0.018157 0.067103
0.000033 0.145952
0.026853 0.194891
0.031187 0.170711
0.040334 0.189105
0.010465 0.251003
0.058776 0.184935
0.028002 0.260570
0.110591 0.175257
0.068466 0.213567
0.069053 0.285439
0.029754 0.000261
0.020978 0.000262
0.041953 0.048822
0.030088 0.058425
0.017516 0.180577
0.016865 0.118635
0.040638 0.138729
0.043028 0.157890
0.048436 0.204087
0.076137 0.174297
0.082387 0.159662
0.065053 0.198649
0.000548 0.330627
0.010383 0.374836
0.109804 0.251586
0.038167 0.000315
0.042964 0.021924
0.034036 0.075395
0.043447 0.101048
0.031459 0.126686
0.031365 0.110543
0.056300 0.148108
0.110827 0.140938
0.018088 0.229459
0.062812 0.162841
0.000284 0.284475
0.089183 0.206515
0.079783 0.191519
0.095811 0.235186
0.046585 0.000189
0.030591 0.020773
0.056984 0.019238
0.049864 0.035609
0.032440 0.090664
0.047791 0.083266
0.017560 0.138271
0.054699 0.130490
0.095583 0.143587
0.073470 0.147402
0.092130 0.175992
0.150698 0.171372
0.123192 0.183333
0.166074 0.204597
0.092418 0.262743
0.055218 0.000992
0.071244 0.021654
0.064569 0.035103
0.044782 0.064086
0.058452 0.070824
0.018502 0.100232
0.058243 0.099771
0.046702 0.117316
0.146207 0.139731
0.100032 0.158456
0.116023 0.158380
0.138933 0.182966
0.099161 0.189315
0.153499 0.192450
0.063887 0.000643
0.072444 0.000158
0.085070 0.018787
0.074998 0.044741
0.057708 0.051350
0.069342 0.060093
0.074710 0.100055
0.064649 0.085729
0.070222 0.131886
0.127892 0.147384
0.165185 0.180220
0.132341 0.164556
0.141135 0.204502
0.121842 0.199047
0.085721 0.282865
0.081025 0.000446
0.099469 0.020786
0.101693 0.035123
0.091797 0.047575
0.084382 0.061388
0.076226 0.075326
0.064061 0.115082
0.079964 0.115208
0.085965 0.132839
0.140738 0.125939
0.145347 0.155035
0.163362 0.147581
0.178312 0.194563
0.105391 0.270789
0.089713 0.000296
0.106882 0.000593
0.114012 0.019879
0.084988 0.033700
0.099567 0.063238
0.094297 0.077739
0.083947 0.089492
0.094353 0.104186
0.095504 0.120335
0.109894 0.123420
0.162076 0.131036
0.166140 0.162419
0.201785 0.222756
0.143183 0.221495
0.040603 0.315038
0.098298 0.000193
0.117768 0.034835
0.108547 0.049593
0.115784 0.064617
0.127402 0.077753
0.110306 0.078817
0.103331 0.093259
0.112297 0.107291
0.128099 0.114983
0.124854 0.130345
0.183146 0.148507
0.198409 0.192303
0.189513 0.208255
0.107962 0.206084
0.115430 0.000899
0.141101 0.000733
0.128821 0.020378
0.124536 0.048512
0.132115 0.062419
0.144673 0.073942
0.120970 0.093017
0.151226 0.101341
0.151893 0.116074
0.170215 0.117953
0.179263 0.134662
0.183428 0.164427
0.210743 0.206011
0.193190 0.235705
0.130385 0.233022
0.124006 0.000268
0.134518 0.034061
0.141057 0.047501
0.150928 0.059927
0.169728 0.060717
0.140657 0.087982
0.134550 0.102307
0.169786 0.103486
0.199377 0.138644
0.200251 0.154443
0.201872 0.170234
0.185802 0.180039
0.195027 0.261072
0.178534 0.261514
0.132554 0.001043
0.175167 0.000559
0.144698 0.019920
0.159701 0.047408
0.161344 0.074140
0.160109 0.088656
0.187621 0.105078
0.187275 0.121405
0.219099 0.166480
0.214260 0.132891
0.213104 0.184883
0.223072 0.219482
0.150336 0.265840
0.158930 0.219483
0.136847 0.247780
0.149644 0.000739
0.151035 0.034247
0.178165 0.047372
0.178519 0.075421
0.177571 0.090317
0.206052 0.104493
0.202076 0.120048
0.229830 0.140166
0.217616 0.150519
0.227565 0.200799
0.241142 0.228681
0.177800 0.222588
0.090569 0.300762
0.065770 0.306050
0.158166 0.000990
0.161124 0.020438
0.168144 0.034130
0.185790 0.033839
0.196441 0.076656
0.194818 0.091073
0.219635 0.117857
0.246839 0.135733
0.241287 0.151978
0.235296 0.166558
0.243077 0.210578
0.219856 0.234619
0.207285 0.248627
0.176873 0.243787
0.080090 0.305851
0.166670 0.000528
0.203051 0.034206
0.187392 0.062239
0.221982 0.062268
0.204698 0.063182
0.213351 0.090686
0.254360 0.164748
0.259568 0.148220
0.228760 0.183254
0.237809 0.246281
0.223176 0.256815
0.224122 0.273464
0.206720 0.277834
0.111155 0.300259
0.183640 0.000282
0.177304 0.020793
0.220936 0.034085
0.195287 0.048473
0.233163 0.074393
0.214728 0.076568
0.234541 0.123171
0.266261 0.132677
0.247308 0.195138
0.295791 0.228721
0.279035 0.196171
0.173096 0.277119
0.218424 0.296746
0.151443 0.284735
0.126620 0.298763
0.192126 0.000445
0.194324 0.020675
0.238423 0.034657
0.241652 0.061697
0.231060 0.089413
0.225101 0.103933
0.253453 0.120676
0.284587 0.177457
0.276960 0.218044
0.258479 0.221800
0.260840 0.239925
0.245924 0.290329
0.159986 0.236782
0.156075 0.252524
0.200601 0.001120
0.251328 0.000525
0.211487 0.021132
0.212450 0.047843
0.250703 0.077485
0.247326 0.092098
0.241727 0.107449
0.259782 0.106537
0.288841 0.161502
0.248258 0.180256
0.284488 0.253203
0.253936 0.255073
0.244487 0.268698
0.164715 0.298609
0.111217 0.287499
0.209066 0.000936
0.228898 0.021121
0.256576 0.034867
0.258690 0.062832
0.268057 0.076990
0.265165 0.092757
0.285537 0.133838
0.270623 0.165843
0.305742 0.173242
0.266595 0.183271
0.301402 0.244487
0.266698 0.279735
0.278057 0.295619
0.127217 0.261534
0.217527 0.000137
0.285133 0.000366
0.246177 0.021328
0.229910 0.048613
0.276893 0.062925
0.281053 0.090434
0.273235 0.118529
0.292532 0.119586
0.276699 0.147953
0.330709 0.157916
0.309689 0.202253
0.264159 0.203156
0.293523 0.275142
0.320731 0.272473
0.233234 0.294843
0.225993 0.000378
0.263365 0.021258
0.267774 0.049385
0.248725 0.047864
0.297175 0.091264
0.282060 0.106021
0.302375 0.106522
0.305271 0.132107
0.296678 0.147786
0.342055 0.186603
0.276801 0.235714
0.327293 0.214626
0.132730 0.277731
0.262616 0.295020
0.234419 0.000642
0.310294 0.000042
0.273351 0.034939
0.297549 0.062863
0.287410 0.075704
0.313794 0.091108
0.333816 0.092843
0.314466 0.118576
0.311097 0.159105
0.354338 0.116592
0.327262 0.173603
0.297291 0.188854
0.291839 0.208965
0.190570 0.291508
0.291554 0.294832
0.242901 0.000680
0.280763 0.021266
0.308504 0.051666
0.306788 0.075908
0.318758 0.063239
0.325456 0.078199
0.347569 0.101768
0.327420 0.130097
0.347764 0.132050
0.317355 0.144038
0.309493 0.219536
0.327739 0.257016
0.140747 0.297574
0.271677 0.262621
0.259802 0.000819
0.335392 0.000712
0.287316 0.051018
0.329323 0.050440
0.337075 0.064272
0.344125 0.079053
0.357548 0.089905
0.322847 0.104965
0.336444 0.115796
0.338666 0.144378
0.353199 0.157340
0.344905 0.221027
0.360652 0.191240
0.454308 0.289480
0.353017 0.206095
0.268242 0.000797
0.289185 0.036275
0.305070 0.036838
0.366390 0.049209
0.354666 0.064594
0.365256 0.075976
0.387796 0.113694
0.370885 0.099943
0.370723 0.115553
0.367813 0.132205
0.317984 0.187384
0.352038 0.288493
0.846244 0.267533
0.204992 0.297161
0.276687 0.000830
0.360421 0.000236
0.349315 0.050008
0.321230 0.036870
0.356126 0.034429
0.387197 0.073186
0.379367 0.087219
0.419343 0.083759
0.410272 0.114019
0.385377 0.131391
0.363113 0.146731
0.376121 0.161931
0.366913 0.174731
0.347536 0.171425
0.380619 0.289707
0.293535 0.000117
0.297199 0.022190
0.329315 0.022275
0.374679 0.035695
0.375070 0.062610
0.399385 0.085593
0.393409 0.100283
0.401076 0.127808
0.419938 0.129233
0.384185 0.147450
0.391471 0.174457
0.402409 0.190025
0.174498 0.297837
0.369261 0.289946
0.301925 0.000272
0.313317 0.022163
0.362893 0.021601
0.385382 0.047717
0.407407 0.070911
0.451171 0.074565
0.428842 0.101081
0.412163 0.098856
0.439798 0.087452
0.397655 0.158333
0.446992 0.173924
0.428856 0.173659
0.391917 0.202648
0.373299 0.206844
0.332888 0.199678
0.318697 0.000595
0.338672 0.037014
0.379877 0.022880
0.397386 0.036621
0.420272 0.035895
0.419147 0.059889
0.460929 0.087575
0.453188 0.116853
0.427805 0.143895
0.406705 0.143637
0.417639 0.158074
0.379408 0.234603
0.336498 0.286260
0.318091 0.238477
0.327043 0.000873
0.402273 0.000572
0.345114 0.022272
0.394998 0.022530
0.396164 0.059229
0.442025 0.061165
0.430474 0.072716
0.447782 0.101652
0.431792 0.116311
0.438675 0.157743
0.464275 0.128549
0.366261 0.223079
0.389945 0.219836
0.318389 0.291645
0.398173 0.289642
0.343743 0.000547
0.438472 0.035212
0.408280 0.047137
0.452064 0.049290
0.481452 0.064362
0.481405 0.097189
0.449223 0.143142
0.441326 0.129697
0.483161 0.264350
0.380130 0.187641
0.410591 0.174194
0.416250 0.204382
0.385636 0.271637
0.307222 0.291529
0.352059 0.000455
0.410530 0.000218
0.476913 0.000759
0.445915 0.022203
0.410448 0.024029
0.497579 0.067404
0.475372 0.079584
0.491926 0.084584
0.471647 0.141782
0.466373 0.103739
0.409956 0.254413
0.437206 0.206427
0.333234 0.235107
0.369586 0.250076
0.447923 0.228169
0.368856 0.000005
0.460312 0.001149
0.427438 0.021913
0.430922 0.048944
0.523182 0.106004
0.538136 0.117735
0.493718 0.108841
0.489426 0.128072
0.459491 0.156127
0.354220 0.237697
0.304738 0.260846
0.811865 0.276116
0.529597 0.284479
0.389268 0.255110
0.377215 0.000769
0.451987 0.000795
0.485139 0.000654
0.494620 0.036466
0.528855 0.036460
0.540679 0.152099
0.523692 0.143302
0.523569 0.126385
0.586671 0.215742
0.409347 0.272620
0.582584 0.286312
0.964449 0.163560
0.514377 0.226966
0.426107 0.290407
0.345130 0.251770
0.418765 0.000262
0.468623 0.000564
0.616135 0.035125
0.463972 0.064860
0.468871 0.048975
0.503956 0.169373
0.505968 0.135027
0.477551 0.117222
0.499742 0.188263
0.423986 0.190435
0.501201 0.289911
0.364759 0.266468
0.468497 0.275638
0.346910 0.272588
0.393961 0.000220
0.435398 0.000079
0.509996 0.001139
0.465655 0.021984
0.611245 0.171949
0.517074 0.068470
0.653204 0.283435
0.488786 0.145632
0.428002 0.254131
0.463347 0.173695
0.873455 0.182736
0.714626 0.280145
0.823996 0.289990
0.412442 0.291763
0.683614 0.278375
0.534775 0.000212
0.501711 0.000613
0.427076 0.000109
0.032347 0.325129
0.487063 0.049495
0.506552 0.098739
0.408400 0.218812
0.583924 0.251489
0.485815 0.201487
0.831584 0.290863
0.845935 0.184070
0.494397 0.245270
0.861456 0.299720
0.476028 0.291411
0.601146 0.000891
0.551340 0.000932
0.385589 0.000492
0.493453 0.000261
0.537654 0.023217
0.475399 0.034240
0.508237 0.081953
0.558216 0.129041
0.476709 0.186143
0.996763 0.348223
0.399275 0.237931
0.443309 0.290653
0.487735 0.291367
0.432757 0.271376
0.567597 0.289325
0.592820 0.000258
0.518268 0.000255
0.443698 0.000448
0.502675 0.023106
0.456599 0.033956
0.881671 0.164941
0.799137 0.289003
0.625020 0.280889
0.888987 0.291729
0.518132 0.266277
0.932482 0.316997
0.513230 0.287631
0.500034 0.264599
0.526576 0.213824
0.617695 0.000757
0.567904 0.000457
0.511605 0.037008
0.526527 0.000661
0.505349 0.053441
0.522478 0.052113
0.539346 0.053510
0.508707 0.117457
0.542220 0.134999
0.478113 0.159591
0.461913 0.194654
0.418552 0.234464
0.474908 0.214033
0.440778 0.243856
0.555847 0.289589
0.634348 0.000569
0.543039 0.000711
0.554274 0.022905
0.520092 0.022922
0.485283 0.022799
0.533274 0.068411
0.554905 0.111156
0.572949 0.119098
0.559829 0.146148
0.504131 0.152819
0.452547 0.266029
0.513091 0.201104
0.467015 0.229471
0.541736 0.288811
0.642676 0.000713
0.559580 0.000729
0.589183 0.021781
0.581085 0.035348
0.562557 0.036462
0.539591 0.100207
0.569711 0.101539
0.577078 0.135649
0.552342 0.165735
0.487223 0.172852
0.545029 0.208101
0.611051 0.284537
0.455298 0.210763
0.489265 0.226815
0.865078 0.308533
0.659390 0.000690
0.623885 0.021573
0.606174 0.022643
0.571333 0.022536
0.546065 0.037407
0.554704 0.055413
0.523672 0.087979
0.554679 0.091639
0.569061 0.160568
0.534614 0.171766
0.550413 0.247768
0.518134 0.181539
0.500172 0.213085
0.430165 0.221924
0.667753 0.000168
0.576168 0.000808
0.643045 0.020943
0.570565 0.049960
0.586819 0.051795
0.571325 0.065693
0.539980 0.082591
0.567658 0.082123
0.588351 0.110546
0.566928 0.181146
0.547835 0.184659
0.531701 0.193692
0.755974 0.278339
0.726970 0.282967
0.669816 0.281427
0.684596 0.000632
0.584503 0.000437
0.609399 0.000833
0.597837 0.036198
0.552739 0.070999
0.595326 0.064274
0.584001 0.092596
0.583242 0.171349
0.598501 0.160082
0.579980 0.195218
0.521507 0.160203
0.537868 0.263046
0.510924 0.243829
0.459365 0.250053
0.692945 0.000545
0.626020 0.000830
0.661770 0.021509
0.635506 0.063253
0.605866 0.049968
0.584317 0.075705
0.599380 0.094892
0.584382 0.150175
0.613926 0.126740
0.626944 0.137025
0.536566 0.229353
0.626833 0.167687
0.554880 0.224882
0.569392 0.215158
0.773911 0.281928
0.709738 0.000696
0.651325 0.033890
0.646219 0.078097
0.633295 0.033707
0.623899 0.050223
0.614064 0.064343
0.604269 0.078502
0.601701 0.140887
0.612756 0.189454
0.615696 0.151164
0.617772 0.206672
0.913825 0.285726
0.444349 0.190690
0.881782 0.263874
0.718112 0.000023
0.651040 0.000615
0.681221 0.020828
0.641797 0.047589
0.624665 0.075446
0.615769 0.092534
0.593403 0.126833
0.623531 0.108505
0.634489 0.121737
0.631335 0.187777
0.594193 0.183594
0.557156 0.265887
0.529076 0.246328
0.560608 0.198673
0.598046 0.284741
0.726534 0.000448
0.703130 0.020411
0.670923 0.033005
0.660863 0.046553
0.652110 0.062118
0.606726 0.111465
0.640730 0.102831
0.647060 0.136975
0.635729 0.151768
0.599200 0.202574
0.728302 0.260440
0.642151 0.284773
0.738713 0.282018
0.475356 0.244962
0.743476 0.000742
0.676197 0.000549
0.710165 0.034267
0.691438 0.030604
0.679707 0.045183
0.669718 0.060487
0.632703 0.089032
0.650520 0.116180
0.642416 0.173072
0.635716 0.204521
0.639261 0.246281
0.638389 0.224463
0.597662 0.263409
0.874984 0.284768
0.863433 0.269637
0.751993 0.000464
0.720705 0.021672
0.697743 0.044296
0.704706 0.059607
0.688088 0.059221
0.663773 0.077206
0.654987 0.092308
0.658569 0.175108
0.651181 0.192709
0.621658 0.225395
0.603994 0.223394
0.575018 0.267243
0.685366 0.257429
0.917493 0.270961
0.760425 0.000339
0.701272 0.000557
0.737435 0.021525
0.718654 0.047186
0.693912 0.075507
0.679021 0.076094
0.664572 0.105285
0.662985 0.127000
0.652755 0.156344
0.673704 0.181701
0.583570 0.233391
0.658267 0.245833
0.565898 0.240561
0.772264 0.262001
0.954969 0.275972
0.768785 0.000173
0.752343 0.021295
0.729177 0.034726
0.721523 0.062469
0.675556 0.092549
0.688248 0.103958
0.677352 0.116944
0.672095 0.161238
0.654660 0.209447
0.672078 0.219772
0.665727 0.261089
0.622737 0.245134
0.966056 0.325079
0.695944 0.275543
0.777241 0.001007
0.734995 0.000811
0.766032 0.023952
0.737437 0.063225
0.697148 0.091100
0.707787 0.107812
0.695021 0.120411
0.664670 0.144276
0.669757 0.198864
0.617591 0.262501
0.686474 0.206209
0.696283 0.241233
0.692398 0.222791
0.848747 0.296370
0.708812 0.259791
0.794404 0.000721
0.762672 0.040509
0.748138 0.036475
0.710914 0.076261
0.714187 0.093104
0.715967 0.122458
0.680551 0.134523
0.686060 0.149993
0.655905 0.228229
0.752617 0.246703
0.736214 0.227479
0.604057 0.242625
0.715569 0.240317
0.642905 0.264881
0.802991 0.000475
0.779495 0.021037
0.737871 0.047789
0.749514 0.072632
0.730237 0.094459
0.727933 0.111171
0.732086 0.130945
0.700527 0.134890
0.688098 0.169307
0.704154 0.172375
0.677608 0.238299
0.711549 0.223297
0.830624 0.263730
0.825805 0.246963
0.750998 0.264292
0.811537 0.000211
0.788151 0.048934
0.771303 0.054509
0.728543 0.078235
0.744914 0.103772
0.745594 0.119997
0.749336 0.137496
0.703113 0.153428
0.742209 0.181388
0.750826 0.213614
0.773814 0.242504
0.733513 0.243868
0.792160 0.268863
0.786154 0.289012
0.828716 0.001280
0.785841 0.001050
0.777988 0.037164
0.754052 0.055438
0.766120 0.069832
0.746410 0.087725
0.760568 0.104963
0.717421 0.140616
0.722896 0.177776
0.690229 0.188978
0.708161 0.189909
0.768029 0.207465
0.773398 0.225549
0.896895 0.250291
0.984353 0.324551
0.837395 0.000021
0.793980 0.021465
0.796261 0.035439
0.783236 0.065978
0.784324 0.080124
0.763652 0.085056
0.734420 0.149464
0.753787 0.153848
0.719198 0.159597
0.760504 0.189128
0.727648 0.212466
0.744375 0.198762
0.888208 0.305983
0.809406 0.254823
0.846060 0.000639
0.820099 0.000595
0.808691 0.020675
0.807625 0.045956
0.798748 0.060455
0.796795 0.088215
0.775091 0.094306
0.774980 0.112964
0.762581 0.124583
0.706920 0.207343
0.726211 0.195606
0.756548 0.230231
0.812778 0.234302
0.941130 0.246483
0.921695 0.309849
0.863458 0.000929
0.825244 0.019881
0.816316 0.033190
0.816721 0.059649
0.805311 0.073392
0.826049 0.072495
0.789043 0.103317
0.782606 0.127162
0.738817 0.165103
0.758781 0.171312
0.776318 0.172949
0.776729 0.191924
0.792527 0.250936
0.793654 0.233388
0.872147 0.000726
0.854774 0.000623
0.842542 0.019498
0.834739 0.032922
0.826202 0.045409
0.845123 0.045850
0.815159 0.084521
0.807856 0.101020
0.797749 0.116344
0.768307 0.139945
0.772265 0.156404
0.792107 0.178910
0.790813 0.199160
0.788600 0.216340
0.872347 0.249552
0.889713 0.000247
0.879180 0.018726
0.860343 0.018783
0.852287 0.032097
0.835227 0.058445
0.845088 0.070266
0.835266 0.085040
0.816028 0.115075
0.801812 0.131093
0.787146 0.143602
0.790616 0.159200
0.807100 0.198808
0.821361 0.211646
0.956214 0.323815
0.898495 0.000118
0.880920 0.000489
0.896435 0.019006
0.871060 0.030878
0.863025 0.043678
0.855797 0.058380
0.872189 0.059251
0.852455 0.084626
0.824748 0.097971
0.843934 0.099248
0.806131 0.145557
0.805300 0.165686
0.848749 0.163712
0.881579 0.230858
0.964225 0.290446
0.907285 0.000348
0.928667 0.019649
0.888546 0.032454
0.895716 0.048035
0.879979 0.044931
0.887005 0.062937
0.863947 0.073354
0.865184 0.092897
0.872384 0.107937
0.819237 0.151523
0.832733 0.112309
0.810393 0.182707
0.824350 0.193880
0.806651 0.218695
0.916094 0.000326
0.924837 0.000293
0.936419 0.034715
0.912495 0.019295
0.904589 0.033480
0.902542 0.063811
0.910504 0.078603
0.878054 0.078509
0.882190 0.094382
0.855198 0.108847
0.880707 0.120618
0.820433 0.129775
0.823385 0.167405
0.956455 0.307953
0.903168 0.263267
0.933657 0.000289
0.944125 0.018592
0.920713 0.032899
0.911836 0.047768
0.933373 0.065328
0.893759 0.078459
0.899077 0.093757
0.891446 0.108995
0.905008 0.123662
0.842458 0.122773
0.848547 0.136236
0.858071 0.147054
0.838332 0.154533
0.855070 0.249215
0.942541 0.000708
0.961454 0.018579
0.951002 0.031434
0.927488 0.048266
0.918115 0.062938
0.926164 0.079880
0.907888 0.109126
0.923971 0.111542
0.925506 0.126929
0.861677 0.122504
0.900547 0.147523
0.871517 0.135664
0.831646 0.138976
0.832247 0.177463
0.921671 0.245069
0.951561 0.000353
0.955016 0.045679
0.942333 0.052269
0.947886 0.068969
0.956218 0.083614
0.915584 0.094774
0.938597 0.137886
0.912629 0.137543
0.916113 0.161104
0.929855 0.177205
0.959559 0.195103
0.884141 0.146787
0.870053 0.156355
0.976149 0.259162
0.960428 0.000859
0.977584 0.017578
0.967227 0.033246
0.960960 0.062022
0.969180 0.110489
0.941028 0.084688
0.931124 0.097620
0.891934 0.132110
0.947583 0.169017
0.924077 0.145876
0.943754 0.185890
0.860726 0.171712
0.945855 0.209587
0.949055 0.258170
0.898629 0.162958
0.969233 0.000846
0.982536 0.031251
0.969525 0.049357
0.957877 0.099183
0.964794 0.147161
0.947547 0.151508
0.954198 0.135013
0.931251 0.197354
0.914445 0.235218
0.910556 0.177172
0.975627 0.203105
0.976329 0.284864
0.848195 0.219177
0.857662 0.192564
0.978489 0.000655
0.999326 0.000014
0.983752 0.046567
0.983306 0.102038
0.944027 0.104508
0.956887 0.118530
0.962471 0.178462
0.981004 0.172293
0.979954 0.220167
0.916019 0.190641
0.997242 0.347545
0.898698 0.193559
0.938155 0.295690
0.839669 0.201928
0.911109 0.300486
0.988577 0.000827
0.980833 0.063637
0.969073 0.074202
0.982988 0.120870
0.969681 0.130709
0.940709 0.119831
0.953539 0.228965
0.881215 0.197791
0.999876 0.258703
0.934494 0.227935
0.898154 0.230266
0.960080 0.214664
0.932841 0.272615
0.841712 0.241236
0.999087 0.013996
0.999577 0.043982
0.984429 0.081000
0.971653 0.090781
0.999629 0.106002
0.999318 0.183681
0.999979 0.138257
0.999497 0.149241
0.961956 0.246064
0.999214 0.283910
0.981341 0.237575
0.891094 0.179903
0.892779 0.211045
0.999945 0.231898
0.860018 0.230703
0.999798 0.000879
0.999414 0.054420
0.999043 0.074349
0.999197 0.095437
0.999628 0.116672
0.981651 0.156392
0.980951 0.188310
0.925690 0.214794
0.999963 0.245931
0.999589 0.195275
0.999646 0.270284
0.873814 0.216956
0.831389 0.223958
0.998991 0.309995
0.999823 0.024055
0.998845 0.033904
0.999415 0.064307
0.999681 0.085007
0.982596 0.140049
0.999652 0.127461
0.999779 0.206858
0.932744 0.160531
0.999398 0.218559
0.999184 0.160478
0.999006 0.172023
0.863355 0.206632
0.909967 0.210064
0.999365 0.297728
0.999023 0.328704
