0.000150 0.024451
0.000166 0.063043
0.000320 0.093198
0.000498 0.124577
0.000494 0.135311
0.008310 0.379497
0.000164 0.179946
0.000402 0.191484
0.000081 0.345250
0.067551 0.244290
0.023472 0.342817
0.053645 0.236296
0.036870 0.248687
0.083128 0.248348
0.001112 0.013768
0.000185 0.043314
0.001062 0.073002
0.017456 0.049863
0.016513 0.209217
0.000432 0.202945
0.000339 0.168404
0.000654 0.299090
0.000194 0.240471
0.000406 0.257518
0.023979 0.312028
0.014580 0.285522
0.052389 0.277542
0.097445 0.220371
0.122925 0.215727
0.001088 0.000231
0.000889 0.053251
0.000278 0.083097
0.000981 0.103348
0.001070 0.113723
0.000024 0.215886
0.000064 0.156969
0.000185 0.309039
0.000098 0.227929
0.052403 0.259413
0.003193 0.382096
0.078353 0.225270
0.112409 0.234752
0.006102 0.347824
0.000732 0.000433
0.015922 0.020658
0.019489 0.035598
0.017831 0.083451
0.017373 0.161170
0.047986 0.173593
0.028227 0.149538
0.000255 0.269874
0.050968 0.221448
0.032947 0.215846
0.031655 0.234679
0.047289 0.304832
0.031720 0.293458
0.037075 0.277860
0.068707 0.269754
0.011018 0.000749
0.033206 0.037029
0.001014 0.033942
0.017575 0.067331
0.000328 0.146183
0.026019 0.196006
0.030297 0.172209
0.039945 0.189853
0.012256 0.252239
0.058616 0.184477
0.028531 0.265135
0.108844 0.174432
0.066213 0.215249
0.065685 0.288363
0.029712 0.000793
0.020952 0.000477
0.041212 0.048044
0.030040 0.058812
0.017813 0.181602
0.017059 0.119246
0.040357 0.139885
0.042114 0.158725
0.046783 0.204903
0.074594 0.173668
0.080858 0.160460
0.064875 0.199180
0.000511 0.329388
0.006424 0.392351
0.108578 0.251043
0.038120 0.000471
0.042589 0.021146
0.033824 0.075372
0.043429 0.100737
0.031430 0.127418
0.030616 0.110532
0.056028 0.148215
0.109158 0.140201
0.018119 0.230961
0.061595 0.163188
0.000674 0.284962
0.086327 0.207680
0.079098 0.193138
0.094985 0.235543
0.046556 0.000766
0.030341 0.020272
0.056540 0.018675
0.049734 0.034866
0.031749 0.091197
0.047147 0.083265
0.017170 0.138092
0.053545 0.130215
0.093771 0.144313
0.073423 0.147309
0.091596 0.175011
0.148544 0.172156
0.122301 0.183483
0.164716 0.204211
0.090553 0.264107
0.055205 0.001177
0.070327 0.022266
0.063886 0.035238
0.044422 0.063447
0.057637 0.071041
0.018108 0.100167
0.057578 0.099104
0.046253 0.117564
0.143224 0.139727
0.099541 0.158155
0.115355 0.158474
0.137222 0.183081
0.098082 0.189700
0.151715 0.192375
0.063880 0.000390
0.072394 0.000255
0.083973 0.018258
0.073810 0.045010
0.056749 0.051896
0.068479 0.060126
0.073912 0.100767
0.063884 0.085746
0.069148 0.131195
0.127276 0.147391
0.164247 0.179967
0.129925 0.165343
0.139420 0.204417
0.120169 0.198685
0.080384 0.285816
0.080976 0.000894
0.098320 0.020939
0.100575 0.035265
0.090257 0.047775
0.083249 0.061697
0.075851 0.075626
0.062851 0.115535
0.078884 0.115789
0.085381 0.133318
0.138660 0.124960
0.145145 0.155486
0.161257 0.146836
0.177896 0.195024
0.104543 0.271084
0.089732 0.001259
0.106922 0.001158
0.112914 0.019624
0.083957 0.033451
0.098687 0.063103
0.093060 0.077701
0.083347 0.089635
0.092708 0.104635
0.093873 0.120521
0.108515 0.123482
0.159425 0.131314
0.164627 0.161880
0.200724 0.222350
0.141588 0.222235
0.036363 0.324543
0.098363 0.000521
0.116354 0.034567
0.107231 0.049318
0.114721 0.063924
0.125591 0.077802
0.109416 0.078807
0.101752 0.092242
0.110016 0.107218
0.124617 0.114738
0.123332 0.130725
0.181120 0.148692
0.197046 0.192908
0.187828 0.209364
0.105690 0.205028
0.115519 0.000794
0.141152 0.000296
0.128088 0.020456
0.123128 0.048411
0.131380 0.062152
0.143205 0.073603
0.119359 0.092790
0.149095 0.100858
0.149658 0.116090
0.167870 0.117763
0.176888 0.134788
0.181606 0.164093
0.209906 0.206023
0.192324 0.237326
0.129064 0.233395
0.124071 0.000266
0.132611 0.034124
0.139541 0.047520
0.149670 0.059393
0.168036 0.060409
0.138488 0.087564
0.132583 0.102246
0.166891 0.103199
0.197232 0.138249
0.199006 0.154625
0.199767 0.171039
0.183674 0.179683
0.194091 0.260863
0.177604 0.261118
0.132648 0.000656
0.175226 0.000354
0.143829 0.019887
0.158258 0.046943
0.159640 0.073726
0.157790 0.088507
0.184909 0.104583
0.184850 0.120889
0.217866 0.167435
0.212389 0.133537
0.211488 0.185170
0.221290 0.220687
0.148363 0.265822
0.157293 0.217979
0.135689 0.248823
0.149735 0.001194
0.149483 0.033800
0.176253 0.046893
0.176537 0.075038
0.175645 0.089973
0.203404 0.104518
0.199524 0.120055
0.227958 0.140566
0.215944 0.151209
0.226335 0.201789
0.241244 0.230267
0.176347 0.222820
0.087453 0.305622
0.061069 0.310378
0.158233 0.000651
0.159902 0.020391
0.166619 0.033913
0.184515 0.033239
0.194260 0.076213
0.193437 0.090471
0.217311 0.118375
0.245353 0.135736
0.239950 0.152392
0.234400 0.166976
0.240964 0.212766
0.219305 0.235998
0.206409 0.249032
0.174861 0.242490
0.079207 0.308906
0.166750 0.000835
0.201543 0.033745
0.185430 0.061771
0.219837 0.061961
0.202320 0.062405
0.211276 0.090417
0.253381 0.165782
0.258748 0.149284
0.228162 0.184246
0.237824 0.248042
0.221834 0.257819
0.225265 0.274649
0.205912 0.277055
0.107321 0.300553
0.183697 0.000316
0.176024 0.020438
0.218947 0.033937
0.193206 0.047457
0.230659 0.074957
0.212511 0.076115
0.232780 0.122903
0.265083 0.133331
0.247403 0.197424
0.295882 0.231070
0.278041 0.197729
0.172392 0.276775
0.218357 0.294971
0.149720 0.284201
0.124411 0.297485
0.192207 0.000873
0.193023 0.020157
0.236045 0.034494
0.239087 0.061748
0.228981 0.090085
0.222604 0.104354
0.251391 0.120854
0.284650 0.179109
0.277314 0.219474
0.259149 0.223007
0.260460 0.242063
0.247442 0.291561
0.158319 0.236104
0.155214 0.252313
0.200712 0.000820
0.251328 0.000522
0.210142 0.020825
0.210422 0.047617
0.248409 0.077034
0.245687 0.091772
0.240142 0.106747
0.258663 0.106769
0.288997 0.163392
0.246819 0.181412
0.286564 0.255671
0.254103 0.257983
0.244524 0.270195
0.163194 0.296244
0.106842 0.286906
0.209136 0.000399
0.227504 0.020809
0.254168 0.034966
0.256312 0.062656
0.266186 0.076763
0.263262 0.092591
0.284624 0.134657
0.270055 0.167221
0.306102 0.175456
0.265331 0.184813
0.301639 0.247065
0.266809 0.281055
0.279836 0.295309
0.125458 0.260812
0.217565 0.000424
0.285131 0.000819
0.244571 0.021656
0.227842 0.048619
0.274819 0.062895
0.279063 0.090789
0.271065 0.118921
0.291011 0.120118
0.275649 0.149251
0.330630 0.159833
0.310822 0.204599
0.262843 0.204810
0.293575 0.276801
0.321516 0.275787
0.233691 0.294962
0.226023 0.000483
0.261594 0.021439
0.265469 0.049386
0.246397 0.047979
0.295374 0.091990
0.281089 0.106358
0.301458 0.107226
0.303923 0.133389
0.295675 0.149281
0.342049 0.189017
0.276793 0.238294
0.328751 0.217961
0.128748 0.276791
0.263681 0.294695
0.234462 0.001170
0.310296 0.000115
0.271243 0.035181
0.295675 0.063322
0.285824 0.076026
0.312555 0.092352
0.332803 0.093711
0.313281 0.120228
0.310979 0.160495
0.354175 0.117702
0.327566 0.175453
0.296797 0.191115
0.292075 0.210687
0.189973 0.291368
0.292975 0.294869
0.242917 0.000157
0.279005 0.021505
0.306838 0.052385
0.305184 0.076652
0.317422 0.063994
0.323847 0.079265
0.346509 0.103040
0.327013 0.131469
0.347799 0.133317
0.316958 0.145036
0.310098 0.221824
0.329156 0.260055
0.136834 0.296546
0.272559 0.263148
0.259784 0.000914
0.335391 0.000173
0.285180 0.051241
0.328013 0.051391
0.336214 0.065372
0.343237 0.080032
0.356997 0.090991
0.321830 0.106453
0.335755 0.116903
0.337951 0.145934
0.352806 0.158844
0.346786 0.223495
0.361522 0.193398
0.456777 0.296248
0.354263 0.208277
0.268228 0.001096
0.287412 0.036489
0.303255 0.037367
0.365023 0.049673
0.354121 0.065575
0.365148 0.076949
0.388285 0.115064
0.370253 0.101111
0.371057 0.117029
0.366963 0.133753
0.317581 0.189429
0.355387 0.291599
0.844300 0.272979
0.204558 0.294718
0.276692 0.001019
0.360486 0.000987
0.347732 0.050464
0.319288 0.037282
0.354461 0.034877
0.387050 0.073679
0.379291 0.088228
0.420006 0.085139
0.410740 0.115947
0.385111 0.133388
0.363537 0.148886
0.376261 0.164485
0.366859 0.176972
0.347915 0.173429
0.383486 0.293560
0.293542 0.001141
0.295518 0.022323
0.328167 0.022840
0.374035 0.036110
0.374569 0.062795
0.399504 0.086366
0.393160 0.101156
0.401018 0.129800
0.420302 0.131546
0.384378 0.149304
0.391802 0.177310
0.403472 0.192575
0.171927 0.295826
0.370760 0.294116
0.301930 0.000872
0.311659 0.022548
0.362790 0.022402
0.384736 0.048013
0.407796 0.071883
0.452284 0.075920
0.429382 0.102676
0.412159 0.100324
0.440490 0.088890
0.397453 0.160689
0.448169 0.177272
0.430473 0.177432
0.393469 0.206013
0.374171 0.209656
0.333084 0.201851
0.318665 0.000280
0.336723 0.037157
0.380195 0.023581
0.397282 0.036938
0.420792 0.036383
0.419606 0.060917
0.461836 0.089453
0.453256 0.119082
0.428622 0.146693
0.407430 0.146027
0.418027 0.161004
0.381486 0.238069
0.339258 0.290720
0.319388 0.241943
0.327026 0.001012
0.402284 0.000410
0.344408 0.022379
0.395642 0.023046
0.396284 0.059533
0.442917 0.062002
0.431283 0.073860
0.448835 0.103446
0.432268 0.118179
0.439625 0.160755
0.465219 0.130833
0.367849 0.226458
0.391390 0.223136
0.320875 0.294797
0.400471 0.294894
0.343778 0.000877
0.439345 0.036160
0.408662 0.047693
0.453593 0.050076
0.482490 0.065515
0.482492 0.099565
0.451001 0.145797
0.441846 0.132484
0.485723 0.269643
0.380973 0.190553
0.411823 0.177025
0.416967 0.207811
0.388430 0.275912
0.309798 0.293234
0.352116 0.000802
0.410564 0.000405
0.476949 0.000441
0.447100 0.022616
0.411426 0.024325
0.498785 0.068469
0.476385 0.081068
0.492592 0.086253
0.473484 0.144074
0.467523 0.105927
0.411602 0.257768
0.438923 0.211085
0.334383 0.237137
0.371162 0.253762
0.449727 0.232413
0.368877 0.000553
0.460354 0.000151
0.428833 0.022599
0.431406 0.049847
0.524636 0.108050
0.540141 0.120499
0.495348 0.111177
0.490961 0.130735
0.460728 0.159126
0.356244 0.241506
0.307300 0.263582
0.811818 0.279999
0.531529 0.291737
0.390992 0.258804
0.377227 0.000964
0.452044 0.000783
0.485180 0.000901
0.495866 0.036944
0.530426 0.037749
0.541612 0.155878
0.525122 0.146568
0.525492 0.128928
0.587922 0.220371
0.412112 0.277012
0.583832 0.292338
0.963416 0.160708
0.515530 0.231899
0.428160 0.295883
0.346586 0.255323
0.418787 0.000825
0.468638 0.000255
0.617899 0.036290
0.464990 0.065999
0.470390 0.049959
0.505446 0.173254
0.507878 0.137513
0.478626 0.119694
0.501682 0.193047
0.425212 0.194256
0.502735 0.296823
0.366974 0.271041
0.471013 0.281000
0.347504 0.275799
0.393957 0.000607
0.435417 0.000285
0.509989 0.000852
0.467562 0.022595
0.612367 0.175186
0.517567 0.069953
0.655298 0.287995
0.490229 0.148913
0.430153 0.259123
0.465172 0.177597
0.870884 0.181654
0.714746 0.284690
0.823259 0.296636
0.415054 0.296537
0.685566 0.284058
0.534778 0.000155
0.501723 0.000623
0.427104 0.000723
0.030751 0.332757
0.488390 0.050402
0.507959 0.100410
0.410045 0.222590
0.584557 0.257374
0.487805 0.205780
0.831533 0.296797
0.843495 0.184648
0.496344 0.250141
0.861198 0.308303
0.477356 0.297487
0.601117 0.000920
0.551298 0.000757
0.385574 0.000275
0.493465 0.000871
0.538440 0.023596
0.476056 0.034807
0.509133 0.083931
0.559738 0.132013
0.479123 0.190293
0.993919 0.348219
0.401197 0.241332
0.445822 0.296106
0.490098 0.298300
0.435034 0.276539
0.570137 0.296213
0.592766 0.000997
0.518266 0.000181
0.443759 0.000167
0.504141 0.023456
0.457070 0.034279
0.880367 0.164563
0.799534 0.293496
0.626623 0.287593
0.886264 0.296459
0.519474 0.272768
0.928174 0.316463
0.516020 0.294904
0.502718 0.270926
0.528291 0.218585
0.617669 0.000795
0.567871 0.000225
0.513101 0.037719
0.526503 0.000439
0.506745 0.053949
0.524019 0.053651
0.541248 0.055015
0.510119 0.120015
0.543668 0.138433
0.478939 0.163005
0.463337 0.198004
0.421194 0.238839
0.476084 0.217548
0.443540 0.248679
0.557513 0.296196
0.634332 0.000829
0.543014 0.000374
0.555461 0.023447
0.521389 0.023500
0.486462 0.023347
0.534343 0.069729
0.556582 0.113574
0.574755 0.121900
0.560807 0.149992
0.505385 0.155726
0.454188 0.271789
0.515090 0.205331
0.469386 0.234233
0.543358 0.295954
0.642729 0.000694
0.559553 0.000469
0.589859 0.022724
0.582379 0.036513
0.563437 0.037660
0.540927 0.102653
0.571393 0.104286
0.577937 0.139027
0.553925 0.169860
0.489100 0.176121
0.546776 0.212650
0.613326 0.291137
0.457203 0.215419
0.490949 0.231550
0.864493 0.315318
0.659480 0.000869
0.625152 0.022389
0.607279 0.023161
0.572212 0.023567
0.547265 0.038169
0.556698 0.057061
0.525261 0.089729
0.556339 0.093791
0.570893 0.164312
0.536514 0.175232
0.551180 0.253439
0.520064 0.185272
0.502040 0.217737
0.431871 0.226630
0.667804 0.000828
0.576117 0.000542
0.644165 0.021627
0.572365 0.051579
0.588790 0.053243
0.573215 0.067633
0.541234 0.084256
0.569484 0.084141
0.589939 0.113496
0.568045 0.185516
0.549013 0.189262
0.533131 0.197861
0.758243 0.284927
0.730246 0.287301
0.670412 0.285168
0.684512 0.000022
0.584459 0.000622
0.609360 0.000076
0.599382 0.036928
0.554323 0.073097
0.597712 0.066097
0.585386 0.094336
0.584374 0.175800
0.599517 0.164086
0.581514 0.199581
0.522056 0.164089
0.539259 0.270052
0.513384 0.249005
0.461368 0.255107
0.692891 0.000998
0.625988 0.000310
0.663240 0.022009
0.637474 0.065018
0.607612 0.051079
0.586910 0.077576
0.600689 0.097571
0.585725 0.153504
0.615250 0.129832
0.628746 0.139949
0.537934 0.234331
0.628319 0.171523
0.555747 0.230236
0.570310 0.220174
0.775824 0.287645
0.709759 0.000478
0.653026 0.034293
0.648109 0.079814
0.634776 0.034847
0.625897 0.051480
0.616296 0.065913
0.606661 0.081078
0.603168 0.144357
0.614783 0.193304
0.617135 0.154659
0.619031 0.212077
0.911392 0.288216
0.445935 0.195027
0.878529 0.268098
0.718166 0.000970
0.651097 0.000654
0.683483 0.021706
0.644013 0.049141
0.626481 0.077694
0.617584 0.095561
0.594955 0.130248
0.625283 0.111284
0.636094 0.124981
0.632758 0.192325
0.595721 0.188124
0.558185 0.271949
0.530756 0.251642
0.562024 0.203515
0.599582 0.291618
0.726556 0.000560
0.704911 0.020838
0.672544 0.033315
0.662638 0.047805
0.654554 0.063826
0.608205 0.114452
0.642858 0.105420
0.648759 0.140058
0.637104 0.155158
0.600884 0.207369
0.730198 0.265098
0.642210 0.289382
0.740139 0.286066
0.477739 0.250376
0.743417 0.000105
0.676164 0.000723
0.711908 0.035063
0.693108 0.031828
0.681640 0.045870
0.671844 0.061587
0.634495 0.091422
0.652151 0.119063
0.643829 0.177006
0.637251 0.210018
0.640809 0.251403
0.639636 0.229305
0.599401 0.269096
0.873227 0.287360
0.862000 0.275926
0.751946 0.000526
0.721912 0.022191
0.700402 0.046112
0.706812 0.061223
0.689638 0.060616
0.666017 0.079199
0.657080 0.094150
0.659496 0.178501
0.652838 0.196348
0.622615 0.230540
0.604209 0.228828
0.576559 0.273686
0.686693 0.262262
0.915733 0.271045
0.760402 0.000206
0.701263 0.000594
0.738904 0.022321
0.720892 0.048642
0.696520 0.077531
0.681751 0.077550
0.666064 0.107919
0.664632 0.129629
0.654250 0.159384
0.674948 0.185179
0.584067 0.238482
0.659514 0.250769
0.567043 0.246685
0.772217 0.267507
0.954592 0.276868
0.768812 0.000090
0.753975 0.021903
0.730618 0.035257
0.723968 0.063878
0.677417 0.094771
0.689913 0.106269
0.679035 0.119062
0.673238 0.164175
0.655930 0.214233
0.674152 0.224725
0.666821 0.266467
0.623752 0.250785
0.964714 0.325030
0.698381 0.281160
0.777235 0.000515
0.734970 0.000959
0.767687 0.024026
0.739923 0.064540
0.699219 0.093179
0.709522 0.109820
0.696870 0.122860
0.666837 0.147424
0.671390 0.202896
0.618143 0.268486
0.687095 0.209806
0.697857 0.245932
0.694217 0.227041
0.846870 0.301698
0.710009 0.265249
0.794331 0.000815
0.764485 0.040622
0.749534 0.037131
0.712787 0.077893
0.716591 0.095132
0.716942 0.125366
0.682480 0.137329
0.687373 0.152575
0.657562 0.232965
0.754431 0.250898
0.736871 0.230422
0.605012 0.248428
0.716785 0.245325
0.644779 0.270953
0.802945 0.000730
0.781441 0.021656
0.739918 0.048976
0.752094 0.074113
0.731882 0.096346
0.729148 0.113264
0.733620 0.132540
0.702082 0.137844
0.689317 0.172340
0.705253 0.175265
0.679071 0.242474
0.712843 0.228165
0.831091 0.268873
0.824096 0.250978
0.751539 0.269326
0.811516 0.000222
0.789530 0.049556
0.773050 0.054767
0.730756 0.079455
0.746154 0.105588
0.747018 0.122151
0.750452 0.139482
0.704328 0.156274
0.742537 0.182941
0.750742 0.216398
0.773200 0.246775
0.734501 0.247999
0.791639 0.272475
0.786637 0.293836
0.828751 0.000768
0.785803 0.000350
0.779991 0.037452
0.756034 0.056213
0.768658 0.070179
0.747733 0.089087
0.761653 0.106287
0.718939 0.142843
0.723640 0.179952
0.691318 0.191889
0.709357 0.193211
0.767773 0.209638
0.773127 0.228306
0.893684 0.250588
0.982557 0.326546
0.837391 0.000755
0.796028 0.021616
0.797944 0.035944
0.785769 0.066767
0.785221 0.081022
0.764857 0.086013
0.735692 0.151324
0.754841 0.156381
0.720242 0.162187
0.760090 0.191990
0.727648 0.215893
0.744002 0.201268
0.883531 0.307863
0.809593 0.259784
0.846038 0.000693
0.820123 0.000604
0.810625 0.020807
0.809052 0.046434
0.800970 0.060899
0.797972 0.088795
0.775963 0.095280
0.775747 0.114670
0.763438 0.126308
0.707233 0.211063
0.726811 0.198549
0.757453 0.234472
0.813044 0.237896
0.937565 0.248306
0.920019 0.313285
0.863455 0.000204
0.826512 0.019850
0.817630 0.033792
0.818756 0.059738
0.806968 0.074060
0.827398 0.072365
0.789167 0.104184
0.783602 0.128705
0.739277 0.166966
0.758811 0.173555
0.776056 0.175009
0.776280 0.193739
0.792177 0.254736
0.792960 0.237687
0.872155 0.000603
0.854705 0.000509
0.843720 0.019484
0.836190 0.032594
0.827772 0.045465
0.846466 0.045598
0.816492 0.085159
0.807947 0.101453
0.797889 0.117044
0.769255 0.141723
0.772386 0.157774
0.791526 0.180376
0.789427 0.201183
0.787003 0.218260
0.869512 0.251865
0.889690 0.000898
0.880112 0.018518
0.861691 0.018591
0.853483 0.031764
0.836919 0.058350
0.846346 0.070240
0.835854 0.085066
0.815924 0.115567
0.802179 0.131741
0.787278 0.144723
0.789899 0.161458
0.805970 0.200459
0.820040 0.213625
0.956380 0.322916
0.898488 0.000590
0.880906 0.000874
0.896958 0.018656
0.871783 0.030999
0.864112 0.043549
0.856921 0.058243
0.872930 0.059167
0.852971 0.084955
0.825054 0.098900
0.843432 0.099163
0.805072 0.146803
0.804798 0.166519
0.846744 0.163917
0.877577 0.231779
0.961405 0.291212
0.907290 0.000876
0.928642 0.019080
0.889379 0.032363
0.896661 0.047789
0.880897 0.044966
0.887264 0.062097
0.864424 0.073519
0.865695 0.092380
0.872073 0.107058
0.819025 0.151003
0.832369 0.112896
0.808302 0.183461
0.822963 0.194625
0.804972 0.221681
0.916125 0.000366
0.924880 0.000870
0.936809 0.034858
0.912896 0.018954
0.905048 0.033485
0.903128 0.063348
0.910439 0.077862
0.878528 0.078034
0.882284 0.093057
0.855012 0.107797
0.880098 0.119555
0.819968 0.130318
0.821091 0.166922
0.949270 0.308308
0.897280 0.265728
0.933706 0.001029
0.943976 0.018251
0.921311 0.033117
0.912357 0.047398
0.933705 0.065267
0.894023 0.077725
0.898934 0.092362
0.891372 0.108195
0.904752 0.120623
0.842864 0.122015
0.848344 0.135402
0.856563 0.146413
0.836460 0.154191
0.854086 0.253452
0.942602 0.000740
0.961276 0.018302
0.951494 0.031108
0.928154 0.047907
0.918618 0.062425
0.926301 0.079187
0.907590 0.107800
0.924278 0.109688
0.924201 0.124107
0.861947 0.122553
0.900039 0.146439
0.870981 0.134410
0.832198 0.138455
0.830529 0.178315
0.919459 0.246891
0.951614 0.000663
0.955288 0.044976
0.943163 0.052235
0.948418 0.069023
0.956850 0.083093
0.915177 0.092890
0.937875 0.135471
0.911183 0.136144
0.914842 0.159041
0.927963 0.176288
0.957790 0.193121
0.883387 0.144778
0.869165 0.155327
0.976393 0.258785
0.960494 0.000613
0.977570 0.017587
0.967638 0.032918
0.961055 0.061080
0.969821 0.108821
0.941484 0.083941
0.930959 0.095928
0.891751 0.129663
0.945796 0.167053
0.923593 0.143546
0.943370 0.185358
0.859275 0.170668
0.943446 0.209380
0.945432 0.258365
0.896816 0.160963
0.969326 0.000342
0.982809 0.030841
0.970061 0.049010
0.957809 0.098698
0.964620 0.144640
0.947024 0.149081
0.953709 0.133133
0.929002 0.195913
0.910224 0.236402
0.909035 0.175664
0.974197 0.202022
0.970710 0.285877
0.845791 0.219937
0.855269 0.192581
0.978612 0.000497
0.999320 0.001206
0.984514 0.046790
0.983671 0.100624
0.943597 0.103349
0.956821 0.116299
0.961522 0.177478
0.979770 0.169943
0.974765 0.220387
0.914867 0.190852
0.997183 0.347915
0.897082 0.193712
0.934766 0.297299
0.837648 0.203201
0.908370 0.305066
0.988707 0.000452
0.981350 0.063350
0.969191 0.073237
0.983466 0.118710
0.969425 0.128083
0.940311 0.118420
0.952344 0.230049
0.878961 0.198391
0.999950 0.259373
0.932352 0.227504
0.895858 0.231033
0.959839 0.214150
0.932160 0.274324
0.839681 0.244204
0.998977 0.013975
0.999093 0.043848
0.984961 0.080911
0.971417 0.090067
0.999259 0.105967
0.999803 0.184382
0.998957 0.138373
0.999881 0.149628
0.959982 0.248531
0.999269 0.285608
0.976457 0.237250
0.888915 0.178250
0.889382 0.212045
0.999593 0.232489
0.858525 0.234758
0.998898 0.000838
0.999604 0.054349
0.999493 0.074213
0.999608 0.095381
0.999311 0.116630
0.980707 0.153242
0.979209 0.187022
0.923107 0.214054
0.999834 0.246662
0.999629 0.196043
0.999391 0.271817
0.871913 0.217802
0.829065 0.226362
0.998005 0.308871
0.999842 0.024024
0.999764 0.033799
0.999567 0.064203
0.999786 0.084943
0.983325 0.137413
0.999368 0.127473
0.999910 0.207812
0.931504 0.157513
0.999844 0.220070
0.998955 0.160843
0.999467 0.172601
0.858977 0.207761
0.907710 0.210545
0.998927 0.298548
0.997996 0.326469
