0.000467 0.024469
0.001010 0.062995
0.000103 0.093306
0.000279 0.124650
0.000641 0.135505
0.008750 0.391385
0.000405 0.180107
0.000263 0.191849
0.001213 0.345139
0.065343 0.246704
0.022601 0.353271
0.052864 0.238916
0.037168 0.252862
0.080804 0.250909
0.000109 0.013697
0.000370 0.043342
0.001039 0.073031
0.017972 0.050299
0.016950 0.211649
0.000505 0.203254
0.000245 0.168694
0.000316 0.300933
0.000434 0.241370
0.000934 0.257892
0.023383 0.320039
0.016159 0.290654
0.052425 0.283098
0.098167 0.221880
0.122548 0.216722
0.000092 0.000033
0.000903 0.053227
0.000329 0.083134
0.000668 0.103525
0.000627 0.113940
0.000988 0.216085
0.000165 0.157315
0.000474 0.310881
0.000392 0.228394
0.050778 0.263567
0.006039 0.384056
0.078489 0.229873
0.111762 0.235164
0.005820 0.359072
0.001003 0.001069
0.015671 0.021147
0.019271 0.036264
0.018019 0.083966
0.016975 0.162383
0.047576 0.175586
0.027704 0.150994
0.000162 0.270349
0.051716 0.224218
0.034322 0.219596
0.031836 0.238332
0.048024 0.313272
0.032268 0.301627
0.034005 0.285775
0.067891 0.270806
0.010997 0.000937
0.033271 0.036351
0.001149 0.033987
0.017151 0.067874
0.000022 0.146414
0.025602 0.198212
0.030230 0.174441
0.040064 0.191190
0.015032 0.255059
0.059530 0.185274
0.027960 0.269155
0.107606 0.175567
0.064892 0.218666
0.062657 0.294486
0.029602 0.000143
0.020873 0.000186
0.040602 0.047568
0.030231 0.059065
0.017635 0.183622
0.017075 0.120472
0.040402 0.141905
0.040996 0.159958
0.045295 0.206237
0.072899 0.176486
0.080485 0.161522
0.064623 0.200488
0.000780 0.327718
0.002693 0.403378
0.107098 0.252590
0.038053 0.000227
0.042715 0.020702
0.033460 0.075513
0.043187 0.101160
0.031666 0.128914
0.030377 0.111021
0.056158 0.148507
0.108346 0.140532
0.017556 0.233391
0.060704 0.164591
0.000239 0.285064
0.084015 0.209337
0.079699 0.194108
0.093562 0.238563
0.046518 0.000299
0.029925 0.019831
0.056913 0.018244
0.049829 0.034731
0.031524 0.092027
0.046646 0.083647
0.016938 0.138829
0.052587 0.131807
0.092667 0.145885
0.073042 0.147888
0.091105 0.176075
0.147659 0.173193
0.120788 0.184705
0.163808 0.205042
0.088056 0.266220
0.055265 0.000658
0.070170 0.022966
0.063501 0.035860
0.044599 0.063624
0.057180 0.071700
0.017477 0.101154
0.057432 0.099540
0.045291 0.117754
0.140925 0.140765
0.099252 0.159595
0.115325 0.159212
0.136305 0.185103
0.097605 0.191742
0.150811 0.193923
0.063965 0.001025
0.072441 0.000658
0.083327 0.018131
0.073393 0.045515
0.056097 0.051987
0.068108 0.060492
0.073248 0.101782
0.063799 0.085924
0.068200 0.131961
0.127399 0.147920
0.164218 0.180960
0.128450 0.167140
0.137884 0.205458
0.119425 0.199947
0.078228 0.289169
0.081032 0.000938
0.097974 0.021251
0.099856 0.035507
0.089400 0.047994
0.082908 0.062104
0.075575 0.076143
0.061585 0.115800
0.077967 0.116741
0.084821 0.134433
0.137047 0.124377
0.145209 0.157041
0.159622 0.147064
0.177384 0.196732
0.103517 0.271883
0.089839 0.000180
0.106993 0.000354
0.112552 0.019626
0.083327 0.033444
0.098578 0.063079
0.092280 0.077690
0.083240 0.090302
0.091338 0.105076
0.093501 0.121274
0.107568 0.124306
0.156792 0.131965
0.163208 0.163040
0.199639 0.223533
0.140420 0.224284
0.034482 0.332521
0.098438 0.000198
0.115498 0.034146
0.106336 0.049266
0.114681 0.063379
0.124486 0.077841
0.109115 0.078812
0.100897 0.091990
0.108532 0.107003
0.122145 0.114432
0.122641 0.132619
0.179929 0.149503
0.195906 0.194875
0.186655 0.212514
0.104093 0.205240
0.115582 0.000766
0.141188 0.001053
0.127971 0.020204
0.122345 0.048700
0.131165 0.062278
0.142311 0.073616
0.118349 0.093435
0.147345 0.101214
0.148451 0.116105
0.166276 0.118145
0.175301 0.135061
0.180035 0.164998
0.208666 0.207507
0.191377 0.239577
0.128469 0.234773
0.124135 0.000157
0.131658 0.034111
0.138979 0.047555
0.148983 0.059554
0.166965 0.060438
0.136968 0.087853
0.131305 0.103014
0.164524 0.103170
0.194887 0.138288
0.198401 0.155419
0.198423 0.172938
0.181781 0.180587
0.192747 0.261941
0.176672 0.261569
0.132682 0.000032
0.175285 0.000185
0.143408 0.019956
0.157483 0.046433
0.158600 0.073745
0.156265 0.088318
0.182814 0.104539
0.182726 0.121011
0.216690 0.168930
0.211096 0.134940
0.210281 0.186444
0.220069 0.223069
0.147403 0.267165
0.156439 0.218062
0.135660 0.250122
0.149783 0.000512
0.148493 0.033481
0.175159 0.046453
0.175193 0.075301
0.174494 0.089750
0.201261 0.104945
0.197751 0.120662
0.226875 0.141325
0.214767 0.152861
0.225674 0.203670
0.241060 0.233039
0.175743 0.224550
0.085641 0.311822
0.057230 0.315478
0.158274 0.000312
0.159146 0.020240
0.166112 0.033609
0.183832 0.032846
0.192621 0.076082
0.192356 0.090612
0.215438 0.119213
0.244759 0.136352
0.239013 0.153053
0.233551 0.168190
0.239084 0.216520
0.218899 0.238669
0.205318 0.250043
0.173727 0.242620
0.077804 0.313672
0.166804 0.000512
0.200867 0.033283
0.184053 0.061419
0.218451 0.061828
0.200827 0.061582
0.209700 0.090696
0.253244 0.167449
0.258372 0.150607
0.228254 0.186522
0.237354 0.249871
0.220603 0.259072
0.226578 0.277048
0.204023 0.277004
0.103999 0.302526
0.183771 0.000581
0.175427 0.020071
0.217927 0.033747
0.191987 0.046691
0.228811 0.075752
0.210915 0.075709
0.231881 0.123064
0.264777 0.134580
0.247379 0.200503
0.295853 0.233350
0.278130 0.199913
0.172270 0.276884
0.218526 0.294833
0.148324 0.285315
0.122728 0.298358
0.192273 0.001030
0.192552 0.019781
0.234527 0.034301
0.237117 0.061999
0.227605 0.090862
0.220986 0.104905
0.249885 0.121469
0.285022 0.181437
0.277875 0.221826
0.259535 0.225279
0.259665 0.244194
0.248147 0.294392
0.156912 0.236470
0.155648 0.253091
0.200783 0.000702
0.251444 0.000553
0.209832 0.020310
0.209094 0.047554
0.246995 0.076714
0.244842 0.091880
0.238879 0.106779
0.258486 0.107350
0.289893 0.165789
0.245832 0.183392
0.288396 0.258794
0.254327 0.261044
0.243974 0.273153
0.161263 0.295480
0.102547 0.288191
0.209239 0.000169
0.226948 0.020419
0.252645 0.034921
0.254813 0.062481
0.265258 0.076645
0.262006 0.092581
0.284061 0.135838
0.270437 0.168931
0.306699 0.177930
0.264666 0.186768
0.302547 0.249769
0.267006 0.282963
0.281774 0.296666
0.123159 0.261001
0.217685 0.000161
0.285170 0.000964
0.243796 0.021655
0.226826 0.048374
0.273650 0.063123
0.277876 0.091331
0.270099 0.119656
0.290429 0.120956
0.275556 0.151160
0.331101 0.162092
0.312397 0.207693
0.261890 0.207639
0.293474 0.279348
0.323226 0.280306
0.234113 0.295809
0.226168 0.000823
0.260655 0.021577
0.264004 0.049278
0.244957 0.047987
0.294557 0.092711
0.280726 0.107062
0.301294 0.108306
0.303163 0.135158
0.295800 0.150793
0.342775 0.191835
0.277232 0.241176
0.330207 0.221873
0.125394 0.277831
0.264270 0.296596
0.234629 0.000417
0.310386 0.000285
0.269975 0.035508
0.294690 0.063769
0.285090 0.076352
0.312242 0.093729
0.332577 0.094743
0.312798 0.122179
0.311493 0.162204
0.354653 0.118838
0.328352 0.177796
0.296847 0.194176
0.292931 0.212952
0.189468 0.291736
0.294495 0.296443
0.243023 0.000997
0.277880 0.021975
0.305980 0.053109
0.304369 0.077536
0.316782 0.065088
0.323147 0.080332
0.346360 0.104460
0.327497 0.132921
0.348478 0.134994
0.317290 0.146433
0.311734 0.224880
0.331247 0.263153
0.133153 0.296805
0.273455 0.264434
0.259864 0.001092
0.335434 0.000940
0.284027 0.051466
0.327292 0.052544
0.336056 0.066586
0.343231 0.081371
0.356994 0.092197
0.321675 0.108130
0.335589 0.118504
0.338370 0.147643
0.352613 0.160432
0.349070 0.226304
0.362777 0.195776
0.459120 0.303001
0.355503 0.210951
0.268290 0.000579
0.286403 0.036738
0.302019 0.037986
0.364079 0.050702
0.354289 0.066606
0.365935 0.078173
0.389499 0.116695
0.370313 0.102684
0.372115 0.118453
0.366574 0.135340
0.318180 0.191868
0.358875 0.295709
0.842851 0.279894
0.203642 0.293580
0.276751 0.000341
0.360574 0.000844
0.346409 0.051439
0.318185 0.037880
0.353723 0.035665
0.387293 0.074303
0.379872 0.089520
0.420828 0.086985
0.411438 0.117943
0.385271 0.135325
0.364770 0.151270
0.376896 0.166994
0.367112 0.179304
0.348705 0.175905
0.386291 0.298183
0.293599 0.001005
0.294683 0.022541
0.327485 0.023584
0.373627 0.036708
0.374712 0.063346
0.400152 0.087289
0.393261 0.102279
0.401566 0.131836
0.421025 0.133787
0.385148 0.151434
0.392175 0.179870
0.404853 0.195188
0.170833 0.295206
0.372222 0.298497
0.301996 0.000069
0.310949 0.023016
0.363195 0.023419
0.384673 0.048647
0.408431 0.073047
0.453330 0.077649
0.430061 0.104369
0.412307 0.102012
0.441225 0.090585
0.397863 0.163162
0.449671 0.180215
0.432043 0.180852
0.394982 0.209347
0.375248 0.212549
0.333722 0.204813
0.318738 0.000977
0.335651 0.037323
0.380786 0.024266
0.397283 0.037833
0.421127 0.037214
0.420124 0.062437
0.462868 0.091694
0.453441 0.121410
0.429701 0.149375
0.408208 0.148384
0.418727 0.163747
0.383536 0.242542
0.342130 0.296186
0.320893 0.245431
0.327088 0.000342
0.402279 0.000233
0.344492 0.022776
0.396583 0.023834
0.396756 0.060287
0.444001 0.063213
0.432259 0.075240
0.449809 0.105444
0.432785 0.120123
0.440739 0.163579
0.465958 0.133132
0.369327 0.229929
0.392601 0.226622
0.324314 0.298753
0.402915 0.300185
0.343830 0.000382
0.440421 0.037313
0.409531 0.048670
0.454761 0.051350
0.483560 0.067304
0.483820 0.101931
0.452915 0.148357
0.442306 0.135367
0.488181 0.275508
0.381962 0.193807
0.412933 0.179706
0.417853 0.211434
0.391342 0.280768
0.312389 0.296818
0.352203 0.000059
0.410595 0.000500
0.476950 0.000541
0.448542 0.023118
0.412700 0.024837
0.499894 0.069904
0.477136 0.083015
0.493287 0.088192
0.475255 0.146498
0.468417 0.108502
0.413141 0.261934
0.440396 0.215484
0.336214 0.239803
0.372938 0.258103
0.451914 0.237338
0.368907 0.000590
0.460357 0.000765
0.430438 0.023788
0.432083 0.051284
0.525786 0.110561
0.542235 0.123572
0.496687 0.113855
0.492528 0.133526
0.461965 0.162288
0.358640 0.245747
0.310164 0.267110
0.812210 0.285582
0.533354 0.299394
0.392881 0.262969
0.377232 0.000846
0.452080 0.000771
0.485215 0.000745
0.497013 0.037570
0.531928 0.039255
0.542830 0.159831
0.526588 0.149949
0.527396 0.131582
0.588849 0.225241
0.414648 0.281987
0.585632 0.298500
0.961823 0.160539
0.516637 0.236966
0.430181 0.301533
0.348600 0.259583
0.418824 0.001035
0.468632 0.000772
0.618901 0.037721
0.465776 0.067494
0.471892 0.051290
0.507206 0.177252
0.509726 0.140251
0.479611 0.122374
0.503696 0.197655
0.426793 0.197739
0.504218 0.303743
0.369483 0.276147
0.473577 0.286818
0.348491 0.279652
0.393949 0.000659
0.435436 0.000389
0.509982 0.000761
0.469009 0.023238
0.612762 0.178962
0.518135 0.071630
0.657461 0.293432
0.491691 0.152207
0.432214 0.264589
0.467278 0.181225
0.869295 0.183567
0.714478 0.289883
0.821520 0.303770
0.417544 0.301498
0.687242 0.290389
0.534802 0.000349
0.501739 0.000152
0.427134 0.000719
0.029871 0.341194
0.489803 0.051754
0.509382 0.102441
0.411762 0.226770
0.585351 0.263203
0.490116 0.210232
0.831916 0.303445
0.841688 0.186022
0.498312 0.255373
0.859637 0.317375
0.478775 0.303468
0.601077 0.000038
0.551332 0.000342
0.385553 0.000598
0.493479 0.000645
0.539244 0.024138
0.477041 0.035858
0.510035 0.086107
0.561167 0.135170
0.481597 0.194351
0.992058 0.345958
0.403204 0.245741
0.448334 0.301740
0.492146 0.305108
0.437361 0.282419
0.572918 0.302896
0.592730 0.000859
0.518275 0.000108
0.443773 0.000732
0.505529 0.024043
0.457893 0.034904
0.879334 0.166408
0.799992 0.299216
0.627970 0.294662
0.885976 0.300792
0.520986 0.279336
0.925026 0.315810
0.518407 0.302082
0.505221 0.277789
0.530323 0.223471
0.617653 0.000828
0.567896 0.000135
0.514500 0.038698
0.526506 0.000589
0.507943 0.054918
0.525318 0.055498
0.543005 0.056616
0.511484 0.122719
0.545073 0.142091
0.479828 0.166342
0.465101 0.201553
0.423736 0.244493
0.477447 0.221421
0.446345 0.254280
0.559342 0.302837
0.634314 0.000460
0.543044 0.000669
0.556308 0.024064
0.522644 0.024351
0.487666 0.024082
0.535383 0.071473
0.558153 0.116492
0.576477 0.125101
0.561884 0.153895
0.506719 0.158599
0.455841 0.277936
0.517425 0.209832
0.471808 0.239564
0.545509 0.303015
0.642716 0.000102
0.559591 0.000022
0.590418 0.023966
0.583283 0.037863
0.564243 0.039091
0.542188 0.105244
0.573058 0.107316
0.578711 0.142752
0.555722 0.174171
0.491075 0.179263
0.548471 0.217561
0.615030 0.297500
0.459431 0.220177
0.492991 0.236791
0.864323 0.322330
0.659458 0.000440
0.625973 0.023423
0.608173 0.023916
0.573043 0.024631
0.548241 0.039401
0.558455 0.058942
0.526857 0.091713
0.557764 0.096345
0.572534 0.168139
0.538360 0.178891
0.552233 0.259241
0.522181 0.189026
0.504223 0.222887
0.433583 0.231529
0.667814 0.000907
0.576131 0.001181
0.644905 0.023134
0.573982 0.053577
0.590548 0.055189
0.574957 0.069893
0.542478 0.086302
0.571077 0.086502
0.591449 0.116667
0.569233 0.189885
0.550409 0.194057
0.534940 0.202337
0.760449 0.292881
0.731785 0.293376
0.671334 0.289900
0.684488 0.000080
0.584451 0.001156
0.609349 0.000325
0.600627 0.037836
0.555851 0.075571
0.599887 0.068398
0.586388 0.096499
0.585238 0.180482
0.600238 0.168234
0.582709 0.204353
0.523199 0.167985
0.540928 0.277144
0.515965 0.254782
0.463297 0.260816
0.692837 0.000022
0.625991 0.000532
0.664438 0.022834
0.639019 0.067169
0.609121 0.052700
0.589473 0.079970
0.602099 0.100719
0.586827 0.156864
0.616096 0.133113
0.629854 0.143184
0.539668 0.239752
0.629059 0.175371
0.556872 0.236167
0.571242 0.225583
0.776466 0.295382
0.709692 0.000553
0.654490 0.035289
0.649343 0.081963
0.636121 0.036594
0.627969 0.053295
0.618125 0.067756
0.608708 0.084119
0.604284 0.148073
0.616375 0.197399
0.618171 0.158236
0.619912 0.217765
0.909179 0.289167
0.447419 0.199012
0.877533 0.272091
0.718151 0.000124
0.651063 0.000516
0.684813 0.022724
0.645961 0.051136
0.628091 0.080564
0.619288 0.098872
0.596110 0.133895
0.626771 0.114302
0.637109 0.128180
0.633560 0.197220
0.597225 0.192933
0.559383 0.278119
0.532839 0.257437
0.563652 0.208562
0.601310 0.298165
0.726562 0.000085
0.705408 0.022118
0.673837 0.034078
0.664070 0.049416
0.656892 0.065874
0.609300 0.117705
0.644584 0.107918
0.649884 0.143076
0.638055 0.158657
0.602105 0.212293
0.731229 0.270602
0.642228 0.294446
0.742170 0.292363
0.480370 0.256482
0.743391 0.000465
0.676155 0.000254
0.712975 0.036184
0.694216 0.033534
0.683243 0.046944
0.673721 0.063358
0.636339 0.094352
0.653376 0.122137
0.644439 0.181159
0.638266 0.215799
0.641827 0.257017
0.640472 0.235235
0.601223 0.275222
0.871890 0.289851
0.859685 0.282195
0.751869 0.000019
0.722564 0.022803
0.702173 0.048333
0.708271 0.063204
0.690389 0.062413
0.667566 0.081396
0.658720 0.096308
0.660435 0.181997
0.653770 0.200287
0.623041 0.236819
0.604338 0.235178
0.578181 0.280291
0.687990 0.267669
0.913845 0.271543
0.760334 0.000078
0.701211 0.000597
0.739237 0.023189
0.722107 0.050483
0.698555 0.079554
0.683446 0.079532
0.667238 0.110501
0.665819 0.132564
0.655032 0.162517
0.675793 0.189003
0.584679 0.244204
0.660570 0.256260
0.568383 0.252972
0.771626 0.273682
0.954817 0.277133
0.768763 0.000374
0.754534 0.022574
0.731393 0.036255
0.725316 0.065641
0.678938 0.096888
0.690993 0.108399
0.680123 0.121362
0.673824 0.167465
0.656790 0.219570
0.675948 0.230291
0.668137 0.272336
0.624502 0.256867
0.963391 0.323569
0.700785 0.288035
0.777169 0.000496
0.734977 0.000430
0.768376 0.024282
0.741734 0.066302
0.700307 0.095704
0.710448 0.112107
0.698127 0.124986
0.668276 0.150401
0.672327 0.207474
0.618895 0.274739
0.687989 0.213973
0.698933 0.251916
0.695497 0.232318
0.844351 0.306648
0.710517 0.271320
0.794236 0.000543
0.765088 0.040962
0.750065 0.037841
0.714436 0.079960
0.717896 0.097192
0.717298 0.127980
0.683808 0.139662
0.688372 0.155600
0.658809 0.238796
0.755340 0.256411
0.736925 0.234222
0.605750 0.254589
0.717530 0.251275
0.645884 0.276977
0.802838 0.000267
0.782583 0.022288
0.740924 0.050477
0.753832 0.075476
0.732714 0.098304
0.729539 0.115746
0.734291 0.134206
0.702964 0.141142
0.689874 0.175398
0.706143 0.178589
0.680217 0.248079
0.714246 0.233800
0.831283 0.275382
0.823292 0.256068
0.752004 0.275164
0.811419 0.000052
0.790055 0.050774
0.773778 0.055453
0.732290 0.081172
0.746727 0.107874
0.747483 0.124100
0.750616 0.141988
0.704819 0.159213
0.741960 0.185594
0.749839 0.220277
0.772941 0.252664
0.735153 0.252624
0.791191 0.277640
0.787424 0.300340
0.828678 0.000623
0.785707 0.000741
0.781178 0.037653
0.757232 0.057437
0.770397 0.070813
0.748309 0.090746
0.761915 0.107466
0.719881 0.145525
0.723810 0.182759
0.692396 0.195626
0.709983 0.197330
0.766539 0.213395
0.772828 0.231938
0.891291 0.252692
0.981334 0.327110
0.837339 0.000288
0.796995 0.021914
0.798831 0.036461
0.787489 0.067631
0.785106 0.082297
0.764984 0.087427
0.736012 0.152844
0.754844 0.158961
0.720744 0.165016
0.758149 0.195506
0.727290 0.220199
0.743125 0.204704
0.879533 0.310524
0.809735 0.266008
0.845993 0.000211
0.820050 0.000291
0.811772 0.021278
0.809758 0.047249
0.802336 0.061780
0.798385 0.089275
0.776112 0.096655
0.775506 0.116338
0.763315 0.127819
0.707278 0.214988
0.726563 0.202057
0.756811 0.238908
0.813018 0.242353
0.933555 0.249872
0.917128 0.316696
0.863405 0.000049
0.827435 0.020277
0.818242 0.034523
0.819796 0.060234
0.807240 0.075072
0.827789 0.072292
0.788574 0.104751
0.783474 0.130272
0.738980 0.169310
0.757755 0.176203
0.774420 0.177526
0.774953 0.196146
0.791356 0.259106
0.792044 0.242691
0.872114 0.000210
0.854659 0.000455
0.844459 0.019529
0.836887 0.032643
0.828647 0.045832
0.847087 0.045570
0.817077 0.086123
0.806963 0.101867
0.797171 0.117744
0.769058 0.143415
0.771422 0.159496
0.790534 0.183406
0.788470 0.204672
0.785485 0.221567
0.868889 0.254761
0.889666 0.000968
0.880381 0.018940
0.862523 0.019007
0.854234 0.031552
0.837843 0.058589
0.846725 0.070473
0.835612 0.085067
0.814870 0.116246
0.801855 0.132296
0.786413 0.145813
0.788154 0.163646
0.804448 0.203893
0.819125 0.216611
0.957464 0.321276
0.898496 0.000669
0.880874 0.001012
0.897009 0.019103
0.872078 0.031148
0.864457 0.043877
0.857103 0.058339
0.872776 0.059296
0.852515 0.085544
0.824558 0.099543
0.842238 0.099302
0.802748 0.148252
0.803668 0.167857
0.844511 0.165358
0.874798 0.235655
0.959697 0.291315
0.907292 0.000686
0.928670 0.019415
0.889526 0.032390
0.896991 0.047754
0.881119 0.045164
0.887156 0.061362
0.864007 0.073523
0.865718 0.092074
0.871033 0.106012
0.818736 0.150555
0.830980 0.113882
0.806444 0.185537
0.821493 0.196641
0.802749 0.225739
0.916137 0.000078
0.924893 0.000749
0.937237 0.034993
0.913115 0.019407
0.905343 0.033371
0.903174 0.062404
0.909974 0.076717
0.878261 0.077172
0.882008 0.092293
0.854443 0.107087
0.879144 0.119555
0.818606 0.130923
0.819143 0.167578
0.943381 0.308327
0.893286 0.269018
0.933769 0.000672
0.943649 0.018410
0.921710 0.033482
0.912640 0.047175
0.933710 0.064847
0.893609 0.076704
0.897945 0.091428
0.890206 0.107247
0.904277 0.119764
0.842765 0.121191
0.847870 0.135380
0.854989 0.147707
0.834604 0.154760
0.852755 0.258936
0.942666 0.000981
0.961164 0.018194
0.951747 0.030954
0.928753 0.047743
0.918999 0.061862
0.926135 0.078068
0.907268 0.105868
0.924117 0.108466
0.922379 0.123075
0.861162 0.122912
0.899344 0.146726
0.870130 0.134775
0.832110 0.138136
0.828536 0.179977
0.917261 0.251103
0.951693 0.000148
0.955481 0.044170
0.943461 0.052220
0.948660 0.068693
0.957071 0.082043
0.914450 0.091335
0.936406 0.134492
0.909221 0.135279
0.913641 0.159780
0.926085 0.176406
0.956203 0.194487
0.882217 0.144036
0.867563 0.155180
0.977278 0.258727
0.960567 0.000197
0.977251 0.017656
0.967810 0.032527
0.961034 0.059937
0.970068 0.107989
0.941665 0.083083
0.930385 0.093951
0.891085 0.128810
0.943881 0.167498
0.923410 0.143322
0.942604 0.187005
0.858530 0.171626
0.940540 0.211222
0.943266 0.260885
0.895614 0.162042
0.969413 0.000138
0.983220 0.030462
0.970225 0.048624
0.957207 0.098089
0.964402 0.144851
0.946285 0.149938
0.952789 0.132189
0.928093 0.197603
0.906997 0.238031
0.907134 0.175691
0.974361 0.204034
0.966774 0.285403
0.843800 0.222843
0.855071 0.194421
0.978681 0.000743
0.998945 0.000228
0.984885 0.046731
0.983778 0.099048
0.942888 0.102400
0.956038 0.115448
0.960930 0.178380
0.978598 0.170663
0.972182 0.223339
0.912913 0.193301
0.995884 0.345968
0.895380 0.195609
0.931427 0.296919
0.836204 0.207031
0.905119 0.308284
0.988780 0.000831
0.981290 0.062924
0.969130 0.071856
0.983187 0.117679
0.968494 0.126687
0.939454 0.118450
0.951467 0.233017
0.876617 0.199576
0.999694 0.259619
0.930630 0.228625
0.894131 0.232954
0.959532 0.215755
0.930495 0.276183
0.838142 0.247131
0.999113 0.013862
0.999803 0.043643
0.984805 0.080127
0.970838 0.088966
0.999992 0.106076
0.999698 0.185371
0.999128 0.139051
0.999352 0.150605
0.960553 0.251787
0.999053 0.286155
0.972990 0.239459
0.887533 0.179745
0.887512 0.214529
0.999452 0.233293
0.856601 0.239059
0.999214 0.001030
0.999667 0.054260
0.999834 0.074098
0.999668 0.095350
0.999230 0.116801
0.979209 0.153508
0.978167 0.188549
0.920955 0.215823
0.999367 0.247115
0.999775 0.197122
0.998958 0.272136
0.869918 0.219605
0.828306 0.230683
0.996648 0.306975
0.999765 0.023873
0.999978 0.033652
0.998925 0.064125
0.999978 0.084839
0.982965 0.136535
0.999541 0.127826
0.998926 0.208938
0.930451 0.157740
0.999544 0.221475
0.999995 0.161847
0.999917 0.173252
0.855265 0.210651
0.905565 0.213321
0.998366 0.298365
0.995870 0.323108
