0.001170 0.009649
0.000480 0.043667
0.000870 0.075801
0.000484 0.117171
0.000088 0.148215
0.000232 0.182641
0.000835 0.211344
0.000043 0.235239
0.000332 0.258436
0.000813 0.287179
0.001673 0.326456
0.000302 0.347966
0.002530 0.379681
0.006276 0.415531
0.006155 0.000352
0.000388 0.022079
0.000248 0.054363
0.000483 0.096419
0.000469 0.127724
0.000491 0.169427
0.001201 0.196680
0.000410 0.224433
0.000241 0.247802
0.000824 0.268905
0.007025 0.286744
0.000062 0.336534
0.008306 0.356078
0.005033 0.383134
0.026451 0.392551
0.000443 0.000671
0.000345 0.032604
0.000390 0.065260
0.000515 0.086128
0.000669 0.106359
0.000639 0.138125
0.000680 0.158723
0.015647 0.175690
0.013087 0.198650
0.023302 0.223470
0.024117 0.256760
0.023983 0.286075
0.023314 0.325098
0.005182 0.415598
0.020041 0.000687
0.022695 0.018454
0.018294 0.037913
0.018135 0.064029
0.019950 0.087206
0.018366 0.114685
0.021066 0.134623
0.023722 0.154954
0.030409 0.181948
0.024530 0.209721
0.028826 0.237016
0.032935 0.266568
0.032503 0.305430
0.035858 0.347030
0.033333 0.387080
0.031167 0.000652
0.032091 0.030848
0.027812 0.050448
0.030533 0.076083
0.030036 0.099953
0.032205 0.119882
0.030336 0.144829
0.036350 0.165105
0.039475 0.192487
0.039598 0.216662
0.040860 0.243941
0.043522 0.278714
0.040520 0.314740
0.035923 0.355320
0.045422 0.000699
0.039768 0.010798
0.044321 0.039540
0.038913 0.061771
0.041734 0.087133
0.043555 0.105621
0.045374 0.128941
0.047592 0.149343
0.049552 0.172437
0.051967 0.198461
0.052198 0.226581
0.052231 0.256462
0.050648 0.294344
0.051459 0.336129
0.037575 0.378942
0.056444 0.000431
0.051753 0.023948
0.054398 0.048874
0.052671 0.068917
0.057125 0.092037
0.056718 0.113981
0.058869 0.135802
0.061154 0.158939
0.061912 0.182363
0.064828 0.210085
0.061398 0.238991
0.060259 0.271604
0.057938 0.315573
0.060920 0.360064
0.066988 0.000192
0.068791 0.017966
0.064657 0.035263
0.065631 0.058496
0.066830 0.077917
0.070235 0.099965
0.070821 0.122319
0.071781 0.145166
0.073320 0.169136
0.073848 0.195058
0.074668 0.222710
0.071957 0.251591
0.070848 0.286971
0.070948 0.328506
0.071794 0.369457
0.077539 0.000104
0.080791 0.027842
0.078336 0.045861
0.079561 0.067840
0.081006 0.088830
0.083314 0.109815
0.084443 0.132157
0.085536 0.154666
0.085303 0.179555
0.083583 0.207490
0.082065 0.236011
0.079740 0.269695
0.078032 0.310935
0.079088 0.355811
0.088047 0.000507
0.093763 0.016817
0.093317 0.037460
0.092523 0.056636
0.093829 0.077194
0.095131 0.097789
0.096049 0.120363
0.096612 0.143046
0.097322 0.166318
0.096609 0.192237
0.094764 0.220931
0.092630 0.249284
0.088696 0.283784
0.086087 0.327928
0.085455 0.371709
0.098848 0.000461
0.106575 0.026840
0.106172 0.046631
0.106529 0.066235
0.107978 0.087852
0.108699 0.108166
0.109123 0.130882
0.108876 0.154224
0.108160 0.177995
0.106589 0.204911
0.102518 0.233989
0.098904 0.268960
0.100358 0.310964
0.097604 0.359902
0.109075 0.000053
0.119189 0.016931
0.120485 0.036787
0.119689 0.057014
0.120078 0.077348
0.121325 0.097630
0.121313 0.119231
0.121476 0.142030
0.120461 0.165361
0.118872 0.191357
0.116738 0.220000
0.111816 0.247592
0.108780 0.282244
0.104265 0.324208
0.107062 0.371607
0.119739 0.000789
0.132601 0.026244
0.133332 0.046354
0.133849 0.066828
0.134116 0.087960
0.133972 0.108056
0.133524 0.130298
0.132890 0.153022
0.130871 0.176493
0.127533 0.204433
0.123248 0.232202
0.120044 0.267296
0.118362 0.311117
0.118867 0.365042
0.129991 0.000215
0.145668 0.017532
0.145952 0.036761
0.146821 0.057212
0.147366 0.077048
0.147339 0.096984
0.146616 0.118766
0.145258 0.141104
0.143619 0.163869
0.141439 0.189796
0.138166 0.218794
0.132804 0.246011
0.127310 0.279698
0.127019 0.323706
0.130736 0.376417
0.140307 0.000179
0.158468 0.026399
0.159026 0.046036
0.160360 0.066924
0.160253 0.087509
0.159992 0.107002
0.158733 0.128906
0.156643 0.151424
0.153720 0.174857
0.150728 0.201986
0.145098 0.230588
0.140802 0.265354
0.137039 0.311550
0.138244 0.364749
0.150798 0.001053
0.171987 0.017771
0.172727 0.036727
0.172922 0.056696
0.173316 0.076827
0.173058 0.096595
0.171878 0.117595
0.170287 0.139156
0.167824 0.162023
0.165058 0.188626
0.160627 0.216421
0.154323 0.242819
0.147276 0.276276
0.147669 0.324050
0.145832 0.377196
0.160862 0.000311
0.184961 0.026405
0.186331 0.045772
0.186724 0.066123
0.186487 0.086733
0.185528 0.106370
0.183511 0.127813
0.181233 0.149881
0.177459 0.173273
0.172727 0.200372
0.166558 0.228358
0.161374 0.264034
0.157121 0.313270
0.158220 0.369623
0.171290 0.000349
0.198054 0.017779
0.199240 0.036776
0.199860 0.056292
0.199900 0.075612
0.199265 0.095624
0.197555 0.116276
0.194978 0.138161
0.191418 0.160298
0.188386 0.186202
0.183747 0.214539
0.174157 0.240373
0.170465 0.272145
0.167521 0.323317
0.173406 0.377374
0.181412 0.000426
0.211310 0.025647
0.213015 0.045538
0.213464 0.065449
0.212662 0.085833
0.211406 0.104730
0.209122 0.126586
0.206487 0.148704
0.200568 0.170507
0.195816 0.198886
0.188072 0.227407
0.182561 0.263609
0.179429 0.314872
0.178765 0.366272
0.191662 0.000428
0.224761 0.017289
0.225559 0.036156
0.227158 0.055093
0.226366 0.074827
0.225074 0.094127
0.222888 0.114975
0.220815 0.137486
0.217119 0.158232
0.212208 0.184502
0.207756 0.213629
0.198896 0.233828
0.192700 0.267517
0.190665 0.322531
0.190123 0.378516
0.202115 0.000566
0.238442 0.025739
0.240289 0.044464
0.240336 0.064377
0.238881 0.084377
0.236463 0.102882
0.234462 0.125559
0.230387 0.147105
0.223614 0.169852
0.216267 0.196748
0.210360 0.225756
0.205837 0.263808
0.201605 0.314280
0.199819 0.367119
0.212234 0.000714
0.251061 0.017028
0.253309 0.035303
0.254187 0.053779
0.253140 0.073015
0.250740 0.092132
0.248279 0.112839
0.245513 0.134508
0.240661 0.155430
0.236684 0.182231
0.232508 0.214477
0.224353 0.226193
0.216181 0.263527
0.212035 0.321088
0.207704 0.377047
0.222725 0.000529
0.265921 0.024658
0.267730 0.043312
0.267472 0.062644
0.265434 0.082267
0.262486 0.100307
0.259258 0.122688
0.256338 0.143566
0.248760 0.168920
0.239674 0.196753
0.237826 0.227515
0.229467 0.260821
0.224837 0.314079
0.220981 0.368948
0.233108 0.000198
0.279126 0.016209
0.280381 0.033936
0.282163 0.052105
0.280512 0.071095
0.277058 0.089332
0.273893 0.109654
0.270215 0.132402
0.266158 0.152395
0.264315 0.178798
0.257670 0.204704
0.251283 0.217660
0.239863 0.260541
0.235163 0.318239
0.232934 0.375842
0.243598 0.000777
0.294126 0.024232
0.296074 0.041419
0.295731 0.060595
0.292543 0.078834
0.288689 0.096996
0.285875 0.119413
0.281428 0.138978
0.273596 0.163745
0.268542 0.194068
0.262721 0.224770
0.254330 0.258893
0.248673 0.310353
0.243247 0.367322
0.254228 0.000029
0.307648 0.014925
0.310198 0.032507
0.310825 0.049651
0.308616 0.067726
0.304788 0.085750
0.301455 0.105722
0.297105 0.125541
0.290722 0.148054
0.287752 0.176418
0.288182 0.204403
0.272405 0.211666
0.263350 0.256018
0.256230 0.316008
0.252002 0.375130
0.264550 0.001043
0.323323 0.022434
0.325298 0.038714
0.324959 0.057404
0.321771 0.075084
0.317449 0.092677
0.312919 0.113865
0.307463 0.134834
0.303836 0.159650
0.298985 0.186392
0.285796 0.219743
0.280623 0.252322
0.272639 0.309848
0.264664 0.365351
0.275430 0.000499
0.337789 0.013848
0.339393 0.030889
0.341052 0.047122
0.338861 0.064733
0.334154 0.081637
0.328917 0.101506
0.323672 0.123691
0.318657 0.144913
0.313468 0.171581
0.308286 0.197934
0.299248 0.215600
0.287954 0.251116
0.279150 0.309894
0.272573 0.371639
0.286141 0.000226
0.353427 0.020059
0.355795 0.036641
0.355238 0.054054
0.351222 0.070945
0.346190 0.089534
0.341407 0.110338
0.336156 0.128683
0.330344 0.151001
0.325185 0.178303
0.312920 0.210779
0.308099 0.248880
0.299380 0.304000
0.288258 0.365409
0.296905 0.000364
0.366335 0.012536
0.370046 0.029569
0.371043 0.044380
0.368641 0.060890
0.365044 0.076694
0.359760 0.094983
0.352099 0.115842
0.344001 0.140671
0.339979 0.170220
0.331693 0.197138
0.326148 0.212102
0.310999 0.244303
0.301860 0.301415
0.296089 0.365795
0.308369 0.000152
0.380114 0.017735
0.385227 0.033190
0.386184 0.049010
0.382891 0.064600
0.376889 0.083344
0.369279 0.103959
0.359545 0.127245
0.355376 0.151137
0.344646 0.179526
0.338842 0.206867
0.331904 0.242312
0.329256 0.295600
0.314209 0.360829
0.319080 0.000116
0.391171 0.013072
0.399865 0.031621
0.401092 0.044827
0.397776 0.060250
0.392409 0.075868
0.386037 0.096183
0.378784 0.115087
0.372115 0.132633
0.361582 0.161379
0.354807 0.189613
0.349989 0.214425
0.337247 0.241691
0.329681 0.292523
0.321416 0.358335
0.330449 0.000961
0.415006 0.024983
0.419876 0.032813
0.415889 0.047113
0.412156 0.060799
0.407248 0.076997
0.399228 0.094804
0.389519 0.118427
0.381821 0.145171
0.371746 0.172570
0.363588 0.200417
0.358067 0.237211
0.351704 0.288025
0.342242 0.350567
0.341753 0.000219
0.415032 0.000735
0.433338 0.018664
0.431954 0.036559
0.430584 0.052190
0.423819 0.066922
0.416369 0.085430
0.405003 0.106055
0.394763 0.133507
0.388150 0.158923
0.378510 0.182436
0.369732 0.212886
0.367053 0.235488
0.356741 0.281304
0.337171 0.352955
0.352970 0.000574
0.445377 0.020311
0.444689 0.038292
0.444695 0.055035
0.436237 0.069886
0.429361 0.086041
0.421404 0.101715
0.411171 0.119769
0.402250 0.141269
0.395112 0.165115
0.389737 0.193665
0.384122 0.226791
0.385023 0.278787
0.365927 0.342676
0.364891 0.000811
0.424411 0.000354
0.466872 0.022204
0.461007 0.029361
0.459224 0.042995
0.452297 0.064450
0.443238 0.081838
0.434315 0.097917
0.425770 0.122819
0.417228 0.148186
0.404116 0.177312
0.395857 0.209583
0.387681 0.251427
0.366031 0.274286
0.376571 0.340812
0.376283 0.000738
0.466667 0.000130
0.476776 0.034543
0.472765 0.050308
0.463674 0.062257
0.457524 0.079693
0.452436 0.099043
0.437783 0.116877
0.430926 0.139869
0.417878 0.163275
0.405512 0.190220
0.397079 0.219470
0.388372 0.259966
0.372331 0.333610
0.388288 0.000020
0.455717 0.000765
0.488744 0.000592
0.487040 0.025284
0.503692 0.046961
0.488196 0.100605
0.479444 0.082686
0.477483 0.110665
0.473700 0.128684
0.454208 0.152145
0.443951 0.178186
0.443540 0.197497
0.433198 0.232532
0.418800 0.273844
0.390080 0.304148
0.432776 0.000490
0.477332 0.000469
0.592769 0.032756
0.506567 0.054179
0.489723 0.076720
0.470394 0.082568
0.463791 0.093816
0.449822 0.108813
0.441545 0.128152
0.436928 0.157496
0.432509 0.184497
0.426558 0.223301
0.409644 0.260655
0.389798 0.301996
0.401994 0.000930
0.443680 0.000851
0.509762 0.000241
0.494442 0.034917
0.502085 0.167343
0.494410 0.078735
0.504126 0.142753
0.484006 0.105999
0.477742 0.120182
0.462357 0.138089
0.451877 0.164511
0.438659 0.202515
0.426751 0.234734
0.423831 0.268595
0.403023 0.287715
0.530202 0.000290
0.499912 0.000977
0.438697 0.003389
0.461726 0.186308
0.480861 0.050281
0.506522 0.084038
0.514792 0.095633
0.507313 0.126615
0.519477 0.128463
0.541711 0.166146
0.539643 0.195460
0.554903 0.213593
0.561658 0.246746
0.579788 0.277721
0.598592 0.000697
0.548515 0.000095
0.398505 0.008119
0.494434 0.010859
0.521476 0.045478
0.513993 0.075717
0.523751 0.085242
0.532255 0.097794
0.537800 0.116143
0.547804 0.142009
0.553606 0.161310
0.557883 0.200187
0.568197 0.244878
0.571867 0.272262
0.604469 0.299272
0.585523 0.000102
0.519561 0.000677
0.469836 0.010228
0.504627 0.026620
0.497303 0.060758
0.486759 0.121782
0.508825 0.112494
0.519037 0.110419
0.533486 0.133919
0.534886 0.150912
0.548694 0.186618
0.541412 0.211727
0.567472 0.259137
0.609924 0.311071
0.610723 0.000664
0.569304 0.000330
0.512308 0.014917
0.529201 0.026593
0.523161 0.064187
0.535476 0.068784
0.539935 0.086569
0.546325 0.106459
0.554520 0.125151
0.566509 0.148634
0.582083 0.174264
0.591494 0.203802
0.600871 0.235590
0.594606 0.285538
0.614396 0.326981
0.623972 0.000674
0.539823 0.000446
0.528400 0.012886
0.532494 0.035640
0.538669 0.047356
0.545959 0.070617
0.554278 0.090076
0.560576 0.109683
0.571339 0.133108
0.579298 0.160986
0.590211 0.190904
0.600329 0.226957
0.608087 0.281067
0.618478 0.333957
0.636059 0.000593
0.558158 0.000726
0.542233 0.024391
0.544408 0.035352
0.549439 0.057369
0.559791 0.077638
0.566935 0.093406
0.575038 0.108345
0.585539 0.126811
0.593943 0.149356
0.598170 0.175851
0.605247 0.204586
0.612886 0.241328
0.624576 0.282742
0.629541 0.344513
0.647612 0.000587
0.558203 0.014725
0.554130 0.027431
0.553860 0.043871
0.562827 0.057062
0.574494 0.076213
0.583402 0.094449
0.595279 0.117613
0.602086 0.144781
0.611508 0.166970
0.616762 0.191565
0.623390 0.231086
0.630845 0.289100
0.640573 0.343316
0.659440 0.000742
0.577567 0.000845
0.573392 0.019865
0.577744 0.041798
0.577249 0.056767
0.584083 0.067378
0.592495 0.085140
0.601925 0.104799
0.609523 0.128981
0.616558 0.155473
0.626304 0.182969
0.641697 0.211620
0.644262 0.240255
0.650128 0.291609
0.657112 0.351113
0.670488 0.000685
0.594410 0.012232
0.597559 0.028422
0.597699 0.051872
0.600831 0.067330
0.606924 0.084350
0.613730 0.102627
0.621189 0.121087
0.629671 0.144241
0.639255 0.171609
0.635136 0.201009
0.642091 0.234203
0.654683 0.291268
0.653868 0.356838
0.681413 0.000472
0.613015 0.010782
0.611978 0.025974
0.612102 0.041496
0.613593 0.057425
0.618347 0.072619
0.624732 0.091948
0.632918 0.113134
0.639506 0.135119
0.645364 0.159951
0.651024 0.184386
0.656530 0.205440
0.667899 0.244682
0.676032 0.298639
0.677487 0.359919
0.692990 0.000635
0.628589 0.017355
0.627393 0.033195
0.628009 0.050392
0.631827 0.066275
0.636667 0.084456
0.642901 0.103027
0.650265 0.124427
0.655615 0.152501
0.661296 0.177902
0.668902 0.203206
0.669968 0.248840
0.678903 0.302780
0.682947 0.360288
0.703688 0.000871
0.646110 0.014718
0.643733 0.030645
0.643689 0.045550
0.646696 0.061635
0.650921 0.078210
0.655074 0.097674
0.660311 0.116144
0.665767 0.135579
0.670572 0.162271
0.675040 0.189591
0.684527 0.207300
0.689730 0.247417
0.699183 0.306486
0.702957 0.365951
0.714378 0.000673
0.662445 0.020727
0.660304 0.037063
0.660466 0.055039
0.664258 0.070936
0.668798 0.089478
0.673390 0.110842
0.676862 0.130672
0.681355 0.152732
0.688178 0.180079
0.694626 0.206312
0.696798 0.248672
0.705631 0.305912
0.710535 0.367092
0.725310 0.000066
0.678385 0.015642
0.677093 0.032015
0.676065 0.048113
0.678039 0.065504
0.681209 0.081973
0.684980 0.100623
0.688881 0.120239
0.692896 0.141920
0.693412 0.166928
0.699936 0.189334
0.713516 0.204975
0.716082 0.251938
0.722088 0.313124
0.725095 0.370650
0.735631 0.000877
0.692975 0.022600
0.691787 0.039219
0.692144 0.057953
0.694953 0.074879
0.697722 0.093930
0.700519 0.113513
0.705614 0.132260
0.708180 0.158788
0.712294 0.185447
0.719911 0.212825
0.721306 0.256187
0.729750 0.310759
0.735912 0.368747
0.746400 0.001076
0.708372 0.015467
0.706790 0.033083
0.706060 0.050435
0.707828 0.068142
0.710681 0.085539
0.712675 0.105850
0.716251 0.126036
0.718867 0.144393
0.720738 0.169377
0.726792 0.195061
0.736077 0.207999
0.738859 0.257225
0.744236 0.316599
0.749777 0.374769
0.756629 0.000161
0.722235 0.023862
0.720808 0.041171
0.720783 0.060937
0.722856 0.078300
0.725771 0.096337
0.727678 0.117420
0.728921 0.135098
0.733731 0.160081
0.742394 0.194410
0.743190 0.214115
0.748789 0.258748
0.753496 0.313162
0.757086 0.366544
0.767056 0.001001
0.736151 0.015484
0.735178 0.033796
0.734580 0.051920
0.735459 0.070593
0.737854 0.088336
0.739579 0.109108
0.743007 0.128396
0.745008 0.149572
0.737259 0.175988
0.757583 0.188353
0.757798 0.210516
0.761601 0.260432
0.766783 0.319296
0.769999 0.377927
0.777672 0.000430
0.749412 0.024795
0.748129 0.042556
0.748515 0.062509
0.749956 0.080501
0.751669 0.099222
0.753715 0.119907
0.754519 0.138298
0.756851 0.165123
0.764255 0.203230
0.766246 0.223654
0.773892 0.262365
0.777826 0.314205
0.779209 0.367008
0.787807 0.000267
0.763219 0.015747
0.761986 0.034470
0.761448 0.053041
0.762306 0.072173
0.764019 0.089931
0.765472 0.111162
0.766478 0.131609
0.769073 0.149752
0.774388 0.166435
0.772847 0.184143
0.777647 0.213264
0.787486 0.261279
0.789465 0.320506
0.787058 0.377180
0.798327 0.000661
0.775729 0.025477
0.775034 0.043577
0.774928 0.063495
0.776178 0.082357
0.777631 0.100136
0.777811 0.123041
0.782393 0.141284
0.789696 0.169465
0.786512 0.212410
0.791511 0.226895
0.798134 0.262838
0.800183 0.314424
0.799694 0.369815
0.808498 0.000440
0.789199 0.016492
0.788726 0.034934
0.788129 0.053797
0.788444 0.072778
0.789435 0.091108
0.790397 0.112210
0.792020 0.133411
0.792178 0.153040
0.795359 0.183378
0.800105 0.193545
0.802642 0.216143
0.811789 0.263110
0.811023 0.321723
0.811784 0.376926
0.818753 0.000879
0.802030 0.025330
0.801119 0.044065
0.801472 0.063532
0.801719 0.082880
0.802561 0.100815
0.803579 0.122901
0.805630 0.143748
0.811402 0.162522
0.812916 0.201213
0.813140 0.226612
0.823093 0.258858
0.822911 0.312280
0.821263 0.366854
0.829227 0.000741
0.815288 0.016510
0.814595 0.035332
0.814539 0.053799
0.814862 0.073083
0.815119 0.091925
0.816106 0.111979
0.816561 0.133869
0.821262 0.156306
0.821922 0.184330
0.823042 0.211211
0.826489 0.226430
0.834362 0.264413
0.832714 0.319607
0.828836 0.376451
0.839340 0.000326
0.827720 0.025071
0.827836 0.044048
0.828086 0.063630
0.828149 0.083547
0.828208 0.101401
0.828516 0.123409
0.829911 0.144838
0.832041 0.169200
0.835600 0.194702
0.840179 0.224153
0.844633 0.257752
0.846048 0.312730
0.842259 0.367494
0.849791 0.000823
0.840949 0.016505
0.841454 0.035359
0.841480 0.054100
0.841339 0.072963
0.840790 0.092229
0.841207 0.112154
0.842073 0.134054
0.843234 0.156505
0.844192 0.181966
0.846339 0.210749
0.852992 0.236090
0.857112 0.267196
0.855101 0.318244
0.852609 0.375388
0.859987 0.000235
0.854585 0.024906
0.854771 0.043655
0.854621 0.063748
0.854386 0.083250
0.854046 0.102038
0.854636 0.123325
0.855254 0.145764
0.856263 0.168187
0.857842 0.194532
0.861074 0.223639
0.864706 0.256957
0.866820 0.306821
0.862794 0.364034
0.870455 0.000032
0.867261 0.016325
0.867477 0.035468
0.868414 0.054200
0.868574 0.073060
0.867467 0.092525
0.867474 0.113051
0.867666 0.134404
0.867662 0.157215
0.868161 0.182715
0.869265 0.209663
0.872896 0.239100
0.879375 0.271623
0.875749 0.316424
0.869753 0.372694
0.881037 0.000393
0.880633 0.025469
0.881435 0.043460
0.882328 0.063411
0.881582 0.083420
0.880489 0.102372
0.880231 0.123997
0.879980 0.145893
0.879407 0.168805
0.879929 0.195927
0.883032 0.224110
0.884953 0.255700
0.887182 0.304765
0.883797 0.365053
0.891289 0.000293
0.893545 0.016200
0.894631 0.035444
0.896156 0.054192
0.895815 0.072827
0.894490 0.092517
0.893309 0.113154
0.892282 0.134695
0.891670 0.157259
0.891154 0.182900
0.892308 0.211117
0.894400 0.240674
0.897949 0.274286
0.900274 0.315540
0.895579 0.369807
0.902107 0.001065
0.907594 0.025124
0.909243 0.044221
0.909978 0.063424
0.908611 0.083090
0.906829 0.102393
0.905699 0.123705
0.904020 0.145967
0.903201 0.169260
0.903361 0.196689
0.904662 0.225250
0.905926 0.258673
0.902702 0.295986
0.905480 0.357823
0.912361 0.000839
0.920378 0.016178
0.920828 0.036122
0.925036 0.053305
0.922550 0.072459
0.919926 0.092803
0.919505 0.114272
0.917864 0.135592
0.916192 0.158068
0.915062 0.183834
0.913912 0.212203
0.914806 0.242724
0.913995 0.279072
0.914293 0.314671
0.913814 0.366106
0.923116 0.001198
0.932450 0.026787
0.938041 0.041748
0.935841 0.063775
0.933976 0.086597
0.933336 0.105021
0.933080 0.127638
0.929806 0.148472
0.925493 0.172075
0.923600 0.198419
0.924478 0.225485
0.926454 0.257896
0.925639 0.297804
0.922753 0.362107
0.933848 0.001080
0.944652 0.017539
0.952965 0.032463
0.949178 0.055976
0.947722 0.079019
0.947806 0.098330
0.944657 0.118028
0.942828 0.140287
0.939450 0.160940
0.936556 0.187204
0.936904 0.214365
0.934966 0.244540
0.939606 0.284441
0.934644 0.320614
0.939228 0.352672
0.944091 0.000109
0.963558 0.017613
0.960173 0.045005
0.959022 0.069937
0.960496 0.093668
0.959837 0.113988
0.958312 0.134037
0.957283 0.155409
0.946315 0.174918
0.946431 0.203463
0.943850 0.230361
0.944793 0.260925
0.947725 0.307045
0.955215 0.348083
0.954750 0.001199
0.974887 0.000359
0.972251 0.033108
0.969621 0.057738
0.972562 0.081658
0.975367 0.107704
0.971674 0.130232
0.969508 0.149135
0.962024 0.173627
0.959838 0.196868
0.962679 0.231519
0.960058 0.249752
0.950715 0.286047
0.946713 0.327900
0.949001 0.364317
0.964980 0.001011
0.980383 0.023312
0.981444 0.047658
0.981865 0.069207
0.980485 0.094324
0.982598 0.122085
0.985192 0.151289
0.976132 0.166582
0.976594 0.188626
0.962741 0.215306
0.972748 0.239958
0.959283 0.267159
0.965215 0.306306
0.967040 0.370378
0.985116 0.000742
0.999899 0.023964
0.999989 0.043871
0.998916 0.075483
0.999048 0.107794
0.999583 0.142289
0.999473 0.177623
0.999067 0.207379
0.974643 0.203935
0.985898 0.222685
0.973604 0.265585
0.982973 0.283941
0.981970 0.301914
0.976162 0.325997
0.975221 0.371941
0.999419 0.000365
0.999969 0.033935
0.999227 0.064695
0.999906 0.096834
0.999572 0.131444
0.999177 0.165563
0.999731 0.196738
0.999532 0.234999
0.999017 0.256497
0.999303 0.281121
0.998981 0.309061
0.999418 0.342649
0.993647 0.367586
0.967973 0.334289
0.999789 0.000481
0.999146 0.012913
0.999817 0.054450
0.999158 0.085958
0.999660 0.119133
0.999813 0.154036
0.999872 0.185976
0.999127 0.220105
0.999424 0.246739
0.999284 0.270673
0.999102 0.301159
0.999114 0.340449
0.999378 0.375076
0.992476 0.394676
0.994285 0.397304
