0.000844 0.024401
0.000214 0.062998
0.000466 0.093371
0.000679 0.124940
0.000834 0.135827
0.003238 0.409594
0.000909 0.180837
0.001048 0.192781
0.007031 0.344838
0.063549 0.255443
0.014409 0.367822
0.051108 0.247477
0.037916 0.264405
0.078739 0.259165
0.001004 0.013627
0.000165 0.043462
0.000747 0.073152
0.019081 0.052056
0.019063 0.219210
0.000257 0.204301
0.000692 0.169262
0.000367 0.301749
0.000344 0.242904
0.000113 0.258553
0.018249 0.333578
0.016649 0.299165
0.052494 0.291826
0.099211 0.226210
0.120543 0.221902
0.000767 0.000153
0.000872 0.053230
0.000487 0.083270
0.000399 0.103712
0.000169 0.114195
0.000854 0.216876
0.000375 0.157744
0.000090 0.314438
0.000312 0.229616
0.049618 0.273776
0.010130 0.393350
0.078834 0.237301
0.111158 0.238237
0.008582 0.370306
0.000802 0.000591
0.015589 0.022510
0.019101 0.037557
0.018708 0.085516
0.016884 0.167143
0.046754 0.180280
0.026770 0.155400
0.000547 0.271627
0.052031 0.229246
0.035120 0.226647
0.033156 0.245745
0.048007 0.329057
0.032515 0.316438
0.030929 0.297127
0.068079 0.275920
0.010949 0.000072
0.033575 0.034646
0.000984 0.034046
0.017263 0.069104
0.000726 0.146889
0.026129 0.205030
0.030777 0.179323
0.040993 0.196214
0.018129 0.263176
0.060522 0.191389
0.026310 0.278424
0.107201 0.179801
0.067251 0.224524
0.060650 0.306090
0.029551 0.000262
0.020764 0.000117
0.039749 0.047984
0.031235 0.059945
0.017142 0.189488
0.017739 0.123830
0.040384 0.146977
0.040669 0.164436
0.044589 0.211155
0.072374 0.182441
0.080367 0.165299
0.063334 0.208002
0.002214 0.328186
0.003456 0.401493
0.105356 0.258295
0.038028 0.000570
0.043409 0.021028
0.033122 0.076404
0.042833 0.102976
0.032502 0.132522
0.030216 0.113543
0.057332 0.152562
0.107505 0.144323
0.015373 0.239223
0.060443 0.167803
0.000318 0.284854
0.081052 0.217468
0.081361 0.198280
0.092546 0.245610
0.046518 0.001007
0.029636 0.019377
0.058311 0.018658
0.049577 0.035062
0.031590 0.093518
0.046170 0.085284
0.017494 0.142251
0.051662 0.135257
0.092677 0.150308
0.072568 0.152008
0.089381 0.180181
0.147657 0.177056
0.119026 0.188041
0.163753 0.208029
0.084174 0.274696
0.055273 0.000272
0.071004 0.024368
0.063233 0.037397
0.045451 0.065092
0.057268 0.073488
0.016937 0.104294
0.057857 0.101640
0.044022 0.120082
0.140930 0.143526
0.099438 0.164244
0.115788 0.161414
0.136549 0.190365
0.097443 0.197273
0.151168 0.198150
0.064030 0.001112
0.072492 0.000854
0.084129 0.017998
0.073949 0.047178
0.055651 0.052203
0.067705 0.062074
0.072903 0.104308
0.064454 0.087497
0.067778 0.134769
0.127909 0.152492
0.164561 0.185118
0.129108 0.172285
0.137051 0.209816
0.119705 0.205326
0.078333 0.296270
0.081117 0.000919
0.098582 0.021195
0.099589 0.035635
0.089539 0.048709
0.083644 0.063290
0.075292 0.077375
0.060122 0.118112
0.077004 0.120560
0.084586 0.136987
0.135089 0.125154
0.145102 0.161449
0.160160 0.149298
0.178206 0.201333
0.102415 0.276141
0.089903 0.000293
0.107005 0.000444
0.112998 0.019617
0.083529 0.033845
0.099718 0.063992
0.092456 0.078003
0.083253 0.092331
0.090057 0.107411
0.093798 0.124091
0.107571 0.127559
0.154155 0.134258
0.162713 0.166406
0.200294 0.227974
0.139976 0.229698
0.032431 0.345343
0.098510 0.001134
0.115688 0.034266
0.106353 0.049313
0.115923 0.063690
0.124514 0.078505
0.109049 0.078962
0.100760 0.093118
0.106441 0.108077
0.120189 0.116894
0.122647 0.136198
0.180536 0.152183
0.195868 0.199055
0.186637 0.218192
0.101735 0.211541
0.115616 0.000942
0.141317 0.000335
0.128097 0.019901
0.122729 0.048629
0.131988 0.062833
0.142122 0.075391
0.118043 0.095169
0.146187 0.102640
0.149183 0.118143
0.165789 0.120922
0.174029 0.137585
0.180590 0.167343
0.208358 0.210975
0.190903 0.243592
0.127756 0.241211
0.124163 0.000864
0.131370 0.034776
0.139749 0.047496
0.149631 0.060359
0.167038 0.060874
0.136010 0.089499
0.130813 0.106042
0.163749 0.104130
0.193133 0.140530
0.198655 0.158173
0.198428 0.176868
0.182069 0.184159
0.191340 0.266863
0.173552 0.264387
0.132775 0.000114
0.175364 0.000876
0.143421 0.020376
0.157574 0.046243
0.158837 0.074815
0.155757 0.089005
0.181620 0.106153
0.181629 0.122560
0.216583 0.172964
0.210816 0.138907
0.211090 0.189998
0.219480 0.227179
0.145603 0.272650
0.155634 0.221342
0.137212 0.255701
0.149870 0.000477
0.148372 0.034293
0.175145 0.046954
0.175476 0.076647
0.174560 0.091456
0.200488 0.107404
0.197959 0.123442
0.227187 0.143367
0.215303 0.156750
0.226392 0.207415
0.241841 0.238910
0.174879 0.229081
0.085005 0.321253
0.056933 0.326799
0.158361 0.001004
0.159277 0.020335
0.166814 0.033415
0.184170 0.032965
0.192583 0.076974
0.192331 0.092639
0.214522 0.122307
0.245736 0.139572
0.239199 0.155942
0.233797 0.171534
0.237751 0.222641
0.219726 0.244368
0.205073 0.253443
0.172378 0.245849
0.078186 0.322356
0.166864 0.000603
0.201687 0.033302
0.183751 0.061949
0.218368 0.063308
0.200430 0.062358
0.209429 0.092648
0.254200 0.171434
0.258241 0.154148
0.229596 0.191284
0.237231 0.254863
0.220142 0.263460
0.227832 0.282490
0.201623 0.279557
0.099023 0.307751
0.183861 0.000152
0.175851 0.020019
0.218154 0.034528
0.192023 0.047039
0.227924 0.078458
0.209823 0.076989
0.231391 0.125279
0.265427 0.138056
0.247487 0.205694
0.296399 0.237511
0.278857 0.204346
0.171014 0.280672
0.218838 0.298025
0.145491 0.290037
0.119806 0.303134
0.192391 0.000766
0.193430 0.020050
0.234917 0.034910
0.235974 0.064141
0.227404 0.093205
0.220120 0.107559
0.249549 0.123392
0.285342 0.186519
0.279397 0.226818
0.260811 0.230158
0.259447 0.248368
0.249230 0.301804
0.153965 0.239857
0.155872 0.258578
0.200892 0.000791
0.251812 0.000481
0.210965 0.020266
0.209252 0.048467
0.246665 0.077841
0.245178 0.093806
0.238584 0.109067
0.259405 0.109789
0.292202 0.170531
0.246231 0.187448
0.291785 0.264656
0.255930 0.266083
0.243834 0.279404
0.157533 0.297519
0.095575 0.295202
0.209383 0.000337
0.228094 0.020763
0.252879 0.035498
0.254496 0.063469
0.265504 0.077830
0.261351 0.093849
0.283414 0.139032
0.271917 0.172998
0.307928 0.182540
0.264726 0.190636
0.305678 0.254477
0.268030 0.287403
0.285283 0.301094
0.120761 0.264188
0.217873 0.000833
0.285457 0.000580
0.245125 0.021593
0.227218 0.049164
0.273921 0.064444
0.277902 0.093267
0.270478 0.122358
0.291090 0.123495
0.276819 0.155806
0.332353 0.166313
0.315174 0.213704
0.262244 0.212745
0.294434 0.284674
0.326806 0.289030
0.234919 0.300053
0.226422 0.000240
0.261984 0.021960
0.264071 0.050380
0.245003 0.049347
0.295281 0.094650
0.281254 0.109242
0.302456 0.110861
0.303176 0.138927
0.297150 0.154284
0.345014 0.197266
0.278941 0.246563
0.332886 0.228948
0.122061 0.282892
0.265011 0.302359
0.234929 0.000669
0.310591 0.000667
0.270511 0.036508
0.295358 0.064968
0.285582 0.078115
0.313448 0.096474
0.333678 0.097002
0.313264 0.125866
0.313103 0.166102
0.356801 0.120746
0.330059 0.182720
0.298204 0.200064
0.295341 0.217801
0.188263 0.295267
0.297820 0.300992
0.243336 0.000696
0.278776 0.022674
0.307152 0.054642
0.304855 0.079909
0.317422 0.067423
0.324270 0.082428
0.347697 0.107001
0.329302 0.135799
0.350618 0.138219
0.318864 0.149709
0.314963 0.231892
0.335130 0.268268
0.128107 0.299698
0.274968 0.267349
0.260227 0.000169
0.335637 0.000726
0.284597 0.052693
0.327674 0.054322
0.337404 0.069051
0.345257 0.083761
0.358436 0.094129
0.322880 0.111212
0.336838 0.121686
0.340558 0.150941
0.353306 0.163282
0.353612 0.232228
0.365483 0.200320
0.463150 0.313407
0.357487 0.216141
0.268707 0.000748
0.287000 0.037168
0.302431 0.038941
0.363824 0.052744
0.356096 0.068581
0.368409 0.080462
0.392720 0.120123
0.371575 0.105500
0.375195 0.121254
0.367541 0.138195
0.320251 0.196501
0.363774 0.304004
0.842326 0.292015
0.201827 0.296196
0.277051 0.000459
0.360712 0.000827
0.345615 0.053543
0.318922 0.039317
0.354592 0.037146
0.388560 0.075676
0.381799 0.092018
0.422556 0.090468
0.413385 0.121292
0.386161 0.138427
0.368205 0.155680
0.378965 0.171186
0.368614 0.183156
0.350659 0.180485
0.391039 0.306403
0.293862 0.000998
0.295963 0.022971
0.328417 0.024140
0.373803 0.037747
0.376022 0.064408
0.402138 0.089119
0.394110 0.104392
0.403492 0.135867
0.422991 0.137875
0.387736 0.155050
0.393880 0.184451
0.408102 0.199952
0.170449 0.297830
0.375282 0.306053
0.302218 0.000368
0.312321 0.023733
0.364797 0.024624
0.385494 0.049812
0.409959 0.075352
0.454973 0.081286
0.431451 0.107511
0.413020 0.105126
0.442796 0.093812
0.400522 0.167834
0.452730 0.185439
0.434625 0.186209
0.398331 0.215079
0.378287 0.218167
0.335593 0.210987
0.318951 0.000759
0.336440 0.037676
0.382767 0.025257
0.397983 0.039378
0.421993 0.038368
0.421599 0.065162
0.464950 0.096080
0.454151 0.125716
0.431948 0.154274
0.410015 0.152423
0.421024 0.168349
0.386963 0.250274
0.346134 0.305190
0.323288 0.251784
0.327339 0.000123
0.402290 0.001008
0.346317 0.023820
0.398941 0.025211
0.398283 0.061718
0.446058 0.065580
0.434098 0.077828
0.451348 0.109095
0.434100 0.123657
0.442838 0.168349
0.466986 0.137229
0.372439 0.236008
0.395015 0.232446
0.330400 0.305460
0.406593 0.308464
0.344025 0.000175
0.442094 0.039215
0.411400 0.050349
0.456419 0.053650
0.485235 0.071007
0.486296 0.106108
0.456048 0.152731
0.443294 0.140489
0.492269 0.285351
0.384983 0.199688
0.415162 0.184430
0.420301 0.217897
0.396149 0.289181
0.316986 0.303961
0.352355 0.000065
0.410630 0.000639
0.476968 0.000191
0.450696 0.024282
0.414942 0.025536
0.501673 0.073061
0.478107 0.086987
0.494835 0.091884
0.477750 0.150807
0.470017 0.113419
0.415937 0.269580
0.442572 0.222176
0.340475 0.246200
0.375930 0.265978
0.455824 0.245345
0.368991 0.000751
0.460379 0.000058
0.432994 0.025718
0.433550 0.053776
0.527435 0.115198
0.544964 0.128496
0.498253 0.118484
0.494855 0.138392
0.463721 0.168023
0.362676 0.253070
0.315068 0.273494
0.812431 0.296304
0.536181 0.311865
0.395935 0.270253
0.377319 0.000778
0.452050 0.000276
0.485223 0.000813
0.498650 0.038625
0.533945 0.041657
0.544985 0.166345
0.528612 0.155334
0.530089 0.135927
0.590752 0.233214
0.418267 0.290209
0.589049 0.309300
0.959396 0.166666
0.518448 0.245835
0.433698 0.310928
0.352581 0.267128
0.418903 0.000613
0.468674 0.000165
0.619621 0.039349
0.467199 0.070148
0.474155 0.054073
0.509903 0.184058
0.512399 0.145280
0.481419 0.127127
0.506607 0.204600
0.430289 0.203693
0.506838 0.314416
0.373766 0.284465
0.477958 0.296293
0.350479 0.286590
0.393972 0.000344
0.435404 0.000149
0.510011 0.000512
0.470685 0.024660
0.613114 0.186888
0.519839 0.074932
0.660783 0.303407
0.493774 0.157799
0.435692 0.273206
0.470492 0.187778
0.867551 0.189794
0.715651 0.300872
0.816970 0.315915
0.421034 0.310422
0.689198 0.301353
0.534840 0.000627
0.501748 0.000304
0.427168 0.000274
0.025644 0.357939
0.492214 0.054653
0.511475 0.106523
0.415388 0.233853
0.586863 0.272938
0.493577 0.217993
0.831477 0.316663
0.840126 0.191151
0.501795 0.264286
0.857359 0.332074
0.481473 0.312934
0.601041 0.001044
0.551431 0.000786
0.385597 0.000677
0.493468 0.000451
0.541157 0.025470
0.479182 0.038113
0.511791 0.089967
0.562758 0.140480
0.485136 0.201091
0.990201 0.339679
0.406893 0.252703
0.452762 0.311398
0.495291 0.315311
0.441301 0.292233
0.576710 0.313124
0.592761 0.000378
0.518314 0.000408
0.443715 0.000372
0.507741 0.025113
0.460178 0.036751
0.877041 0.170783
0.801037 0.310911
0.630553 0.307039
0.888035 0.307188
0.523994 0.289945
0.921900 0.315601
0.521599 0.312786
0.508954 0.289195
0.533389 0.232093
0.617685 0.000450
0.567987 0.000227
0.516665 0.040433
0.526566 0.000363
0.509837 0.057243
0.527435 0.058819
0.545636 0.059801
0.513686 0.127125
0.546737 0.148209
0.481491 0.171803
0.467705 0.207961
0.428142 0.253882
0.479630 0.228494
0.451036 0.263257
0.562440 0.313034
0.634322 0.000121
0.543119 0.000045
0.557755 0.025348
0.524675 0.025819
0.489721 0.025355
0.537305 0.074818
0.560250 0.121214
0.578598 0.130638
0.563259 0.160233
0.508875 0.163690
0.459225 0.287703
0.520816 0.217552
0.475604 0.248344
0.549851 0.313626
0.642653 0.000509
0.559704 0.000581
0.591490 0.025347
0.584292 0.040187
0.566130 0.041327
0.543797 0.109508
0.575237 0.112083
0.579546 0.149084
0.558685 0.181521
0.493813 0.184488
0.550964 0.226357
0.616922 0.308346
0.462584 0.227506
0.495813 0.245571
0.863260 0.330971
0.659291 0.000706
0.627056 0.024782
0.609374 0.024999
0.574406 0.025933
0.550153 0.041474
0.560908 0.062451
0.528964 0.095306
0.559417 0.100957
0.574851 0.174698
0.540948 0.185339
0.554180 0.269631
0.525123 0.195555
0.507421 0.231604
0.436569 0.238595
0.667655 0.000344
0.576245 0.000492
0.644851 0.024625
0.576499 0.056943
0.592866 0.058462
0.577808 0.073640
0.544661 0.089992
0.572990 0.090325
0.593234 0.121353
0.571365 0.197346
0.552997 0.201983
0.537870 0.210178
0.762884 0.306931
0.733534 0.304379
0.673618 0.300554
0.684412 0.000198
0.584504 0.000370
0.609362 0.000821
0.601803 0.039376
0.558103 0.079365
0.602713 0.071821
0.587561 0.100499
0.586856 0.188878
0.600966 0.175541
0.584865 0.212979
0.525547 0.173895
0.543807 0.288974
0.519933 0.265121
0.466777 0.270120
0.692811 0.000462
0.626019 0.000721
0.664526 0.023315
0.640271 0.070523
0.610903 0.055416
0.592708 0.084075
0.603763 0.105752
0.588531 0.162939
0.616953 0.139015
0.630454 0.149620
0.541976 0.249175
0.629514 0.182507
0.559317 0.246398
0.573192 0.235007
0.775070 0.310138
0.709569 0.000387
0.655514 0.036451
0.649703 0.085239
0.637271 0.038705
0.630271 0.056209
0.620221 0.070658
0.611151 0.088918
0.605765 0.155007
0.618671 0.205767
0.619462 0.165021
0.621168 0.227194
0.905456 0.290034
0.449899 0.205412
0.876928 0.278471
0.718019 0.000526
0.650956 0.001170
0.684912 0.022935
0.647940 0.054277
0.629342 0.085103
0.621114 0.104046
0.597038 0.140069
0.628411 0.119899
0.637639 0.133444
0.634783 0.206703
0.600002 0.201745
0.561485 0.288611
0.536109 0.267991
0.566835 0.217062
0.604188 0.308525
0.726398 0.000992
0.703911 0.023521
0.674206 0.035000
0.665289 0.051355
0.658785 0.069004
0.610604 0.123184
0.646465 0.112687
0.650413 0.148802
0.638824 0.165630
0.604508 0.220885
0.732518 0.281735
0.643214 0.303818
0.745137 0.305371
0.484381 0.266614
0.743237 0.000614
0.676044 0.000131
0.713254 0.037185
0.694715 0.035601
0.684057 0.048612
0.675127 0.066131
0.638439 0.099188
0.653969 0.127638
0.644185 0.189355
0.639385 0.225075
0.642780 0.266553
0.641279 0.245225
0.603522 0.285470
0.870751 0.295837
0.855462 0.291956
0.751698 0.000420
0.721415 0.023015
0.702849 0.051458
0.708364 0.066410
0.690716 0.065180
0.668076 0.084801
0.660040 0.100210
0.661004 0.188941
0.653974 0.208551
0.623275 0.247184
0.605118 0.245527
0.580368 0.290903
0.689514 0.277783
0.910214 0.273553
0.760142 0.000569
0.701174 0.000395
0.737545 0.023547
0.722075 0.052691
0.699776 0.082233
0.684195 0.083336
0.667659 0.114699
0.666457 0.138401
0.654707 0.168876
0.675457 0.197159
0.586199 0.253816
0.661570 0.265715
0.570828 0.263668
0.770644 0.285129
0.955158 0.275114
0.768544 0.000181
0.752888 0.023056
0.730709 0.037879
0.725600 0.067939
0.679554 0.099936
0.690537 0.112138
0.679947 0.126059
0.672861 0.174354
0.657577 0.228299
0.677301 0.239075
0.670357 0.282309
0.625923 0.266849
0.961385 0.319624
0.703442 0.302347
0.776956 0.000359
0.734827 0.000791
0.767258 0.024477
0.742220 0.068254
0.699918 0.099249
0.710060 0.115911
0.697915 0.129085
0.668485 0.155881
0.671191 0.216295
0.621092 0.284829
0.687937 0.222505
0.699574 0.262708
0.696082 0.242000
0.842088 0.315989
0.711270 0.281934
0.794000 0.000991
0.763905 0.041042
0.748848 0.038493
0.716001 0.083453
0.716901 0.100231
0.715631 0.132351
0.684075 0.143340
0.687533 0.161780
0.659995 0.248200
0.755251 0.267392
0.736382 0.243723
0.606600 0.264584
0.718297 0.262787
0.646621 0.286309
0.802645 0.000286
0.781511 0.022610
0.740323 0.052405
0.754543 0.076406
0.732145 0.101496
0.727946 0.119462
0.732802 0.137385
0.701889 0.146736
0.688557 0.181845
0.705054 0.185423
0.681091 0.258517
0.715119 0.244234
0.829605 0.284958
0.822765 0.265922
0.751822 0.286633
0.811233 0.000269
0.788307 0.051835
0.772538 0.055346
0.732958 0.083793
0.745180 0.111638
0.746132 0.127360
0.749333 0.147089
0.703473 0.165289
0.739523 0.192650
0.748522 0.229479
0.773091 0.263897
0.736369 0.262241
0.790461 0.287516
0.788535 0.313272
0.828428 0.001038
0.785439 0.000356
0.780212 0.037886
0.757001 0.058062
0.770849 0.071713
0.746919 0.093280
0.760462 0.109102
0.718895 0.150950
0.722123 0.189247
0.691832 0.203250
0.708424 0.205472
0.764314 0.222091
0.771859 0.241122
0.888931 0.257688
0.979047 0.325993
0.837108 0.000154
0.796255 0.021976
0.797502 0.036807
0.787472 0.068491
0.782275 0.083824
0.763001 0.089224
0.734492 0.156177
0.752762 0.164272
0.719485 0.170429
0.755226 0.203359
0.725111 0.229020
0.741392 0.212914
0.872929 0.317275
0.808857 0.276862
0.845821 0.000215
0.819762 0.000908
0.810843 0.021500
0.808114 0.047787
0.802002 0.062151
0.796765 0.089591
0.774224 0.098907
0.773531 0.119476
0.761537 0.130676
0.705762 0.223855
0.724357 0.209610
0.754831 0.247687
0.811208 0.250841
0.928973 0.250406
0.909870 0.321141
0.863303 0.000593
0.826636 0.020713
0.816679 0.034802
0.818387 0.060649
0.805338 0.076913
0.825811 0.072881
0.786825 0.106098
0.781655 0.133267
0.736936 0.174184
0.755376 0.182879
0.771773 0.184155
0.772332 0.202235
0.790632 0.267952
0.791335 0.251793
0.872068 0.000595
0.854536 0.000812
0.843749 0.018858
0.835562 0.032796
0.827498 0.046029
0.845720 0.044844
0.816182 0.087690
0.804275 0.103541
0.794165 0.119860
0.766834 0.146658
0.769566 0.164853
0.788513 0.191096
0.787176 0.212314
0.783825 0.229767
0.868498 0.260520
0.889665 0.000920
0.879872 0.018698
0.861973 0.018722
0.853265 0.031359
0.836804 0.058912
0.844978 0.072221
0.833582 0.085814
0.811960 0.118168
0.800502 0.135728
0.784305 0.150141
0.785409 0.169762
0.803393 0.212481
0.816725 0.223346
0.957891 0.316331
0.898491 0.000741
0.880865 0.000405
0.896734 0.018786
0.871453 0.031527
0.863031 0.044408
0.854898 0.058727
0.870767 0.060041
0.849986 0.088240
0.822345 0.101609
0.839024 0.101926
0.799633 0.153987
0.801126 0.172368
0.841350 0.171973
0.871298 0.243792
0.957808 0.293346
0.907241 0.000729
0.927910 0.019472
0.888675 0.032412
0.896105 0.046746
0.879835 0.045098
0.886217 0.061188
0.861446 0.074828
0.864664 0.092528
0.869329 0.108358
0.816810 0.152456
0.827731 0.118095
0.805097 0.191843
0.819763 0.202306
0.800412 0.234900
0.916098 0.000210
0.924849 0.000126
0.937592 0.034550
0.912760 0.018966
0.905082 0.032496
0.902403 0.061444
0.908303 0.076199
0.876531 0.076814
0.880895 0.093801
0.853222 0.108780
0.877203 0.122477
0.816475 0.134812
0.817357 0.171740
0.935626 0.307636
0.890615 0.276002
0.933738 0.000470
0.942563 0.017995
0.921533 0.033174
0.912533 0.046617
0.933658 0.064754
0.892195 0.076292
0.895914 0.092763
0.887873 0.109324
0.902644 0.121591
0.842425 0.121962
0.847336 0.138801
0.851569 0.154827
0.832769 0.159018
0.849974 0.268882
0.942674 0.000658
0.960632 0.017364
0.951739 0.029801
0.928946 0.047610
0.918493 0.061637
0.925011 0.077923
0.906280 0.105961
0.923422 0.109716
0.919228 0.126327
0.859252 0.125316
0.897676 0.151376
0.868071 0.139738
0.831496 0.139861
0.825267 0.185371
0.914079 0.258750
0.951692 0.000537
0.955720 0.043073
0.943593 0.052272
0.948498 0.068617
0.956854 0.082564
0.912910 0.092070
0.934235 0.138177
0.906893 0.138374
0.912150 0.164641
0.923534 0.181959
0.955437 0.202583
0.881094 0.148722
0.866356 0.158925
0.980084 0.259529
0.960608 0.000031
0.976680 0.017171
0.968453 0.031872
0.960539 0.058775
0.969162 0.109881
0.941504 0.084457
0.928887 0.094104
0.889442 0.132183
0.941877 0.175123
0.921982 0.147322
0.940627 0.192848
0.857034 0.176136
0.938462 0.217989
0.941038 0.264363
0.893441 0.167149
0.969522 0.000478
0.984289 0.030012
0.970614 0.047260
0.955818 0.099736
0.963933 0.148812
0.945083 0.155021
0.951101 0.136409
0.928307 0.203042
0.906299 0.242060
0.905335 0.181758
0.976688 0.211516
0.965909 0.282923
0.842305 0.231569
0.854820 0.199991
0.978772 0.000064
0.999405 0.000607
0.984952 0.045886
0.982755 0.099315
0.940993 0.104411
0.954022 0.117926
0.960791 0.184132
0.977728 0.177447
0.972872 0.229459
0.910202 0.199290
0.993168 0.339554
0.893650 0.201924
0.926290 0.294230
0.833501 0.213456
0.899571 0.311687
0.988811 0.001174
0.981174 0.062625
0.968766 0.071294
0.981629 0.120950
0.966792 0.130160
0.937272 0.121762
0.948692 0.239357
0.873518 0.205357
0.999333 0.259597
0.930410 0.234294
0.890677 0.237315
0.957499 0.219971
0.927195 0.279133
0.837191 0.254253
0.998812 0.013621
0.999194 0.043605
0.983533 0.079789
0.969689 0.090015
0.999817 0.106882
0.999721 0.186592
0.999912 0.140214
0.999545 0.151920
0.961989 0.257391
0.999537 0.282969
0.970514 0.244575
0.887245 0.187267
0.885063 0.220390
0.998925 0.234009
0.853499 0.247007
0.999287 0.000615
0.999045 0.054338
0.999533 0.074307
0.999885 0.095865
0.999806 0.117684
0.977739 0.159974
0.977324 0.195290
0.919250 0.222321
0.999251 0.246723
0.999314 0.198656
0.999272 0.271611
0.867038 0.224755
0.826476 0.240339
0.994623 0.304146
0.999082 0.023635
0.999957 0.033521
0.999414 0.064255
0.999545 0.085177
0.980438 0.140694
0.999146 0.128878
0.999969 0.211056
0.928969 0.163518
0.999772 0.222660
0.999940 0.163048
0.999456 0.174497
0.851853 0.217589
0.902732 0.219990
0.999337 0.294269
0.992619 0.316727
