0.000304 0.024381
0.000287 0.063003
0.000196 0.093378
0.000385 0.124966
0.000177 0.135865
0.002634 0.410702
0.000443 0.180955
0.000950 0.192892
0.007630 0.344770
0.063379 0.256325
0.013425 0.369190
0.050815 0.248289
0.037881 0.265615
0.078785 0.259958
0.000642 0.013614
0.000367 0.043467
0.000273 0.073170
0.019176 0.052250
0.019279 0.220180
0.000156 0.204417
0.000482 0.169317
0.000322 0.301745
0.000226 0.243038
0.000884 0.258576
0.017684 0.334814
0.016609 0.300082
0.052465 0.292921
0.099159 0.226903
0.120405 0.222588
0.000589 0.000866
0.000624 0.053233
0.000136 0.083291
0.000123 0.103727
0.000906 0.114209
0.000860 0.216923
0.000134 0.157787
0.000113 0.314575
0.000227 0.229702
0.049527 0.275232
0.010295 0.394411
0.078825 0.238030
0.111094 0.238869
0.008949 0.371220
0.000514 0.000920
0.015630 0.022666
0.019134 0.037752
0.018738 0.085826
0.016929 0.167873
0.046824 0.180836
0.026705 0.155946
0.000135 0.271830
0.052027 0.229918
0.035109 0.227555
0.033200 0.246492
0.047903 0.330582
0.032626 0.317852
0.030958 0.298318
0.067927 0.276963
0.010950 0.001231
0.033601 0.034527
0.000672 0.034055
0.017292 0.069261
0.000458 0.146938
0.026150 0.205809
0.030767 0.179963
0.041072 0.196816
0.018224 0.264005
0.060519 0.192212
0.026121 0.279648
0.107269 0.180349
0.067581 0.225290
0.060427 0.307257
0.029555 0.000375
0.020763 0.000889
0.039671 0.048071
0.031380 0.060073
0.017163 0.190282
0.017848 0.124241
0.040413 0.147574
0.040795 0.165075
0.044626 0.211929
0.072399 0.182960
0.080342 0.165855
0.063184 0.208977
0.002265 0.328322
0.003828 0.400901
0.105307 0.258997
0.038039 0.000243
0.043564 0.021033
0.033130 0.076580
0.042851 0.103198
0.032631 0.132990
0.030173 0.113837
0.057430 0.153160
0.107461 0.144844
0.015217 0.240040
0.060500 0.168372
0.000170 0.284872
0.080880 0.218505
0.081460 0.198950
0.092598 0.246383
0.046526 0.000537
0.029699 0.019287
0.058463 0.018775
0.049587 0.035095
0.031557 0.093724
0.046199 0.085574
0.017639 0.142722
0.051657 0.135587
0.092729 0.150782
0.072650 0.152549
0.089245 0.180716
0.147761 0.177610
0.118984 0.188529
0.163890 0.208453
0.084024 0.275903
0.055274 0.000816
0.071077 0.024551
0.063267 0.037528
0.045588 0.065265
0.057335 0.073727
0.016958 0.104587
0.057899 0.101898
0.044042 0.120511
0.141168 0.143856
0.099535 0.164864
0.115846 0.161801
0.136545 0.190984
0.097575 0.197842
0.151266 0.198637
0.064021 0.000826
0.072479 0.000173
0.084213 0.018030
0.074034 0.047390
0.055684 0.052267
0.067687 0.062239
0.072966 0.104666
0.064524 0.087818
0.067810 0.135111
0.128031 0.153129
0.164678 0.185592
0.129274 0.172964
0.137068 0.210412
0.119828 0.205879
0.078256 0.297193
0.081104 0.000610
0.098684 0.021206
0.099621 0.035674
0.089629 0.048845
0.083747 0.063447
0.075361 0.077540
0.060061 0.118549
0.076962 0.121078
0.084649 0.137343
0.134971 0.125406
0.145133 0.161887
0.160417 0.149697
0.178455 0.201861
0.102512 0.276761
0.089898 0.001090
0.107009 0.000107
0.113104 0.019659
0.083550 0.033946
0.099890 0.064129
0.092527 0.078191
0.083315 0.092555
0.090006 0.107799
0.093834 0.124467
0.107690 0.128011
0.154024 0.134621
0.162881 0.166786
0.200553 0.228547
0.139973 0.230280
0.032258 0.346532
0.098514 0.000445
0.115771 0.034385
0.106465 0.049367
0.116120 0.063802
0.124622 0.078712
0.109087 0.079132
0.100833 0.093300
0.106304 0.108328
0.120076 0.117312
0.122737 0.136576
0.180713 0.152585
0.196007 0.199470
0.186764 0.218707
0.101566 0.212368
0.115628 0.000783
0.141332 0.000562
0.128185 0.019947
0.122862 0.048659
0.132198 0.062917
0.142215 0.075672
0.118101 0.095375
0.146220 0.102825
0.149386 0.118499
0.165872 0.121315
0.173974 0.137999
0.180811 0.167676
0.208499 0.211346
0.190944 0.244042
0.127688 0.242167
0.124191 0.000044
0.131428 0.034848
0.139919 0.047614
0.149802 0.060533
0.167157 0.060995
0.135984 0.089783
0.130815 0.106424
0.163858 0.104335
0.193205 0.140872
0.198807 0.158555
0.198560 0.177275
0.182321 0.184574
0.191302 0.267505
0.173237 0.264801
0.132789 0.000813
0.175376 0.000457
0.143520 0.020455
0.157733 0.046332
0.159003 0.074973
0.155826 0.089208
0.181700 0.106477
0.181777 0.122803
0.216751 0.173436
0.210916 0.139428
0.211358 0.190433
0.219532 0.227551
0.145337 0.273437
0.155600 0.221837
0.137339 0.256533
0.149880 0.000127
0.148516 0.034371
0.175285 0.047094
0.175660 0.076836
0.174682 0.091749
0.200604 0.107778
0.198147 0.123855
0.227372 0.143642
0.215578 0.157180
0.226597 0.207849
0.242054 0.239501
0.174778 0.229582
0.085099 0.322153
0.057089 0.327928
0.158367 0.000691
0.159373 0.020410
0.166979 0.033432
0.184353 0.033053
0.192754 0.077189
0.192476 0.092944
0.214631 0.122760
0.245973 0.139982
0.239329 0.156378
0.233974 0.171920
0.237817 0.223154
0.219918 0.244973
0.205134 0.253940
0.172311 0.246322
0.078257 0.323291
0.166875 0.000323
0.201895 0.033417
0.183863 0.062104
0.218538 0.063546
0.200563 0.062560
0.209596 0.092955
0.254366 0.171888
0.258315 0.154601
0.229816 0.191738
0.237334 0.255590
0.220207 0.264142
0.227859 0.283117
0.201561 0.280047
0.098664 0.308507
0.183872 0.000768
0.176010 0.020079
0.218339 0.034708
0.192208 0.047164
0.228018 0.078818
0.209871 0.077285
0.231463 0.125657
0.265553 0.138477
0.247591 0.206228
0.296519 0.237996
0.278940 0.204838
0.170822 0.281406
0.218848 0.298488
0.145208 0.290748
0.119491 0.303810
0.192401 0.000336
0.193622 0.020189
0.235185 0.035062
0.236051 0.064438
0.227567 0.093560
0.220193 0.107944
0.249688 0.123664
0.285398 0.187101
0.279581 0.227325
0.261014 0.230630
0.259585 0.248895
0.249443 0.302576
0.153695 0.240365
0.155819 0.259379
0.200907 0.000404
0.251864 0.001034
0.211206 0.020392
0.209458 0.048635
0.246783 0.078093
0.245320 0.094148
0.238733 0.109438
0.259578 0.110129
0.292478 0.171051
0.246457 0.187874
0.292167 0.265310
0.256219 0.266663
0.244003 0.280089
0.157237 0.297928
0.095039 0.296118
0.209406 0.000056
0.228353 0.020953
0.253083 0.035652
0.254620 0.063665
0.265660 0.078068
0.261433 0.094107
0.283419 0.139434
0.272118 0.173471
0.308072 0.183067
0.264827 0.191105
0.306041 0.255032
0.268191 0.287971
0.285633 0.301518
0.120663 0.264709
0.217899 0.000476
0.285491 0.000443
0.245423 0.021709
0.227412 0.049357
0.274118 0.064634
0.278045 0.093561
0.270630 0.122732
0.291269 0.123839
0.277029 0.156345
0.332512 0.166767
0.315455 0.214296
0.262421 0.213222
0.294600 0.285250
0.327114 0.289870
0.235044 0.300662
0.226444 0.000809
0.262316 0.022083
0.264262 0.050601
0.245176 0.049593
0.295459 0.094942
0.281399 0.109518
0.302641 0.111180
0.303267 0.139327
0.297324 0.154712
0.345291 0.197835
0.279190 0.247187
0.333199 0.229635
0.121856 0.283524
0.265092 0.302856
0.234961 0.000586
0.310619 0.000474
0.270737 0.036682
0.295564 0.065139
0.285744 0.078389
0.313669 0.096793
0.333865 0.097290
0.313387 0.126270
0.313314 0.166566
0.357078 0.120975
0.330265 0.183267
0.298448 0.200645
0.295638 0.218314
0.188127 0.295869
0.298144 0.301432
0.243393 0.000031
0.279091 0.022747
0.307414 0.054812
0.305011 0.080210
0.317588 0.067692
0.324521 0.082685
0.347889 0.107295
0.329496 0.136142
0.350879 0.138547
0.319080 0.150081
0.315273 0.232667
0.335473 0.268796
0.127758 0.300216
0.275150 0.267733
0.260243 0.001034
0.335690 0.000065
0.284823 0.052886
0.327828 0.054475
0.337624 0.069324
0.345551 0.083998
0.358677 0.094345
0.323077 0.111566
0.337069 0.122021
0.340817 0.151323
0.353476 0.163620
0.354096 0.232865
0.365801 0.200798
0.463530 0.314373
0.357696 0.216652
0.268734 0.000635
0.287225 0.037255
0.302658 0.039040
0.363905 0.052918
0.356359 0.068782
0.368716 0.080688
0.393099 0.120496
0.371752 0.105792
0.375542 0.121581
0.367725 0.138530
0.320484 0.197006
0.364160 0.304859
0.842332 0.293190
0.201697 0.296723
0.277086 0.000216
0.360724 0.000803
0.345666 0.053736
0.319173 0.039453
0.354802 0.037284
0.388761 0.075829
0.382046 0.092275
0.422769 0.090789
0.413642 0.121636
0.386266 0.138759
0.368572 0.156161
0.379212 0.171643
0.368828 0.183561
0.350889 0.180947
0.391512 0.307227
0.293901 0.000567
0.296286 0.023042
0.328693 0.024138
0.373931 0.037819
0.376225 0.064481
0.402379 0.089316
0.394227 0.104617
0.403728 0.136331
0.423227 0.138309
0.388059 0.155428
0.394098 0.184982
0.408475 0.200479
0.170415 0.298317
0.375621 0.306815
0.302247 0.000779
0.312628 0.023818
0.365028 0.024641
0.385626 0.049892
0.410159 0.075574
0.455162 0.081671
0.431621 0.107841
0.413127 0.105438
0.442997 0.094133
0.400872 0.168362
0.453059 0.186025
0.434893 0.186759
0.398736 0.215671
0.378669 0.218756
0.335831 0.211633
0.318982 0.000696
0.336695 0.037703
0.383041 0.025333
0.398112 0.039473
0.422155 0.038437
0.421811 0.065387
0.465181 0.096539
0.454255 0.126161
0.432199 0.154805
0.410224 0.152844
0.421326 0.168849
0.387350 0.250978
0.346474 0.306000
0.323505 0.252494
0.327358 0.000958
0.402291 0.000948
0.346601 0.023895
0.399210 0.025317
0.398500 0.061828
0.446277 0.065816
0.434298 0.078079
0.451521 0.109471
0.434288 0.124024
0.443090 0.168874
0.467111 0.137668
0.372842 0.236609
0.395327 0.233035
0.330977 0.306111
0.406937 0.309259
0.344041 0.000765
0.442264 0.039357
0.411617 0.050498
0.456600 0.053832
0.485396 0.071373
0.486529 0.106528
0.456376 0.153201
0.443446 0.141007
0.492676 0.286254
0.385360 0.200280
0.415419 0.184969
0.420600 0.218579
0.396611 0.289977
0.317420 0.304610
0.352364 0.000406
0.410634 0.000408
0.476966 0.000038
0.450908 0.024403
0.415189 0.025562
0.501855 0.073382
0.478214 0.087380
0.495017 0.092241
0.477973 0.151268
0.470209 0.113923
0.416262 0.270308
0.442798 0.222843
0.340960 0.246945
0.376244 0.266771
0.456194 0.246077
0.369012 0.000299
0.460381 0.000363
0.433256 0.025832
0.433717 0.053968
0.527600 0.115649
0.545171 0.128954
0.498383 0.118951
0.495071 0.138909
0.463896 0.168627
0.363081 0.253772
0.315504 0.274139
0.812355 0.297378
0.536436 0.313052
0.396240 0.270936
0.377328 0.000533
0.452050 0.001126
0.485218 0.000843
0.498801 0.038744
0.534110 0.041880
0.545180 0.167006
0.528761 0.155859
0.530300 0.136364
0.590960 0.233995
0.418632 0.290966
0.589402 0.310417
0.959219 0.167528
0.518635 0.246724
0.434062 0.311815
0.352990 0.267901
0.418918 0.000512
0.468677 0.000784
0.619655 0.039472
0.467382 0.070401
0.474387 0.054364
0.510143 0.184755
0.512618 0.145809
0.481621 0.127626
0.506851 0.205269
0.430671 0.204314
0.507160 0.315433
0.374169 0.285246
0.478364 0.297153
0.350699 0.287293
0.393976 0.000576
0.435408 0.000562
0.510015 0.000035
0.470854 0.024779
0.613152 0.187743
0.520043 0.075255
0.661070 0.304378
0.493953 0.158372
0.436056 0.273969
0.470798 0.188507
0.867411 0.190371
0.715886 0.302106
0.816461 0.317096
0.421372 0.311332
0.689359 0.302444
0.534847 0.000590
0.501748 0.001023
0.427176 0.000231
0.025224 0.359495
0.492467 0.054953
0.511653 0.106949
0.415798 0.234565
0.587033 0.273924
0.493875 0.218771
0.831294 0.318094
0.840016 0.191936
0.502160 0.265124
0.857329 0.333349
0.481728 0.313876
0.601039 0.001008
0.551434 0.000697
0.385609 0.000210
0.493465 0.000320
0.541373 0.025628
0.479418 0.038284
0.511979 0.090336
0.562860 0.140996
0.485455 0.201792
0.989836 0.339169
0.407301 0.253278
0.453190 0.312349
0.495601 0.316282
0.441687 0.293152
0.577022 0.314113
0.592765 0.000184
0.518321 0.000553
0.443714 0.000529
0.507950 0.025220
0.460457 0.036927
0.876819 0.171355
0.801079 0.312168
0.630897 0.308261
0.888114 0.307870
0.524338 0.290958
0.921590 0.315583
0.521920 0.313758
0.509307 0.290264
0.533641 0.232972
0.617679 0.000481
0.567992 0.000346
0.516862 0.040622
0.526574 0.000881
0.510038 0.057475
0.527643 0.059093
0.545862 0.060085
0.513876 0.127572
0.546844 0.148805
0.481676 0.172350
0.467949 0.208644
0.428619 0.254718
0.479839 0.229212
0.451477 0.264039
0.562729 0.314021
0.634316 0.000525
0.543123 0.001195
0.557930 0.025490
0.524893 0.025952
0.489861 0.025439
0.537506 0.075128
0.560435 0.121643
0.578753 0.131185
0.563357 0.160856
0.509077 0.164253
0.459572 0.288585
0.521075 0.218313
0.475940 0.249147
0.550252 0.314612
0.642642 0.000389
0.559710 0.000418
0.591577 0.025412
0.584383 0.040371
0.566343 0.041512
0.543912 0.109919
0.575395 0.112525
0.579599 0.149694
0.558931 0.182274
0.494036 0.185033
0.551177 0.227256
0.617140 0.309451
0.462836 0.228199
0.496027 0.246390
0.863039 0.331592
0.659266 0.000329
0.627123 0.024906
0.609440 0.025100
0.574544 0.025999
0.550365 0.041666
0.561126 0.062760
0.529119 0.095670
0.559553 0.101415
0.575057 0.175367
0.541154 0.186034
0.554360 0.270664
0.525357 0.196251
0.507685 0.232422
0.436885 0.239234
0.667640 0.000306
0.576252 0.000119
0.644758 0.024682
0.576709 0.057227
0.593053 0.058714
0.578084 0.073983
0.544879 0.090355
0.573128 0.090667
0.593348 0.121787
0.571554 0.198113
0.553229 0.202774
0.538121 0.210974
0.763085 0.308323
0.733738 0.305463
0.673852 0.301759
0.684402 0.000556
0.584508 0.000252
0.609362 0.000726
0.601844 0.039519
0.558315 0.079671
0.602917 0.072097
0.587658 0.100884
0.587036 0.189733
0.601015 0.176291
0.585070 0.213859
0.525765 0.174463
0.544061 0.290144
0.520282 0.266119
0.467121 0.270954
0.692801 0.000330
0.626012 0.000199
0.664390 0.023335
0.640292 0.070777
0.611040 0.055586
0.592932 0.084471
0.603854 0.106200
0.588697 0.163574
0.616980 0.139625
0.630445 0.150315
0.542127 0.250077
0.629525 0.183259
0.559554 0.247374
0.573365 0.235948
0.774887 0.311577
0.709552 0.001004
0.655490 0.036534
0.649615 0.085502
0.637276 0.038876
0.630369 0.056377
0.620362 0.070891
0.611301 0.089344
0.605883 0.155714
0.618876 0.206666
0.619551 0.165775
0.621296 0.228162
0.905052 0.290355
0.450174 0.206053
0.876620 0.279155
0.717991 0.000753
0.650940 0.001167
0.684777 0.022935
0.648023 0.054496
0.629337 0.085498
0.621205 0.104530
0.597075 0.140667
0.628472 0.120472
0.637603 0.134012
0.634926 0.207679
0.600253 0.202631
0.561697 0.289649
0.536375 0.269032
0.567115 0.217915
0.604482 0.309554
0.726378 0.000822
0.703651 0.023548
0.674123 0.035052
0.665314 0.051452
0.658794 0.069219
0.610693 0.123739
0.646551 0.113221
0.650349 0.149443
0.638841 0.166413
0.604766 0.221786
0.732629 0.282979
0.643406 0.304759
0.745363 0.306721
0.484728 0.267537
0.743224 0.000345
0.676037 0.000154
0.713142 0.037201
0.694619 0.035731
0.683963 0.048722
0.675099 0.066296
0.638518 0.099627
0.653914 0.128228
0.644114 0.190230
0.639463 0.226020
0.642890 0.267517
0.641344 0.246180
0.603706 0.286468
0.870648 0.296591
0.855174 0.292878
0.751681 0.000692
0.721096 0.022999
0.702754 0.051647
0.708214 0.066665
0.690673 0.065366
0.667946 0.085059
0.660031 0.100583
0.660944 0.189689
0.653928 0.209430
0.623305 0.248137
0.605231 0.246479
0.580560 0.291901
0.689619 0.278881
0.909836 0.273795
0.760121 0.000333
0.701161 0.000880
0.737218 0.023525
0.721888 0.052799
0.699740 0.082426
0.684144 0.083668
0.667572 0.115134
0.666382 0.139054
0.654595 0.169613
0.675313 0.198079
0.586367 0.254714
0.661630 0.266680
0.571050 0.264708
0.770630 0.286358
0.955160 0.274975
0.768522 0.000481
0.752556 0.023033
0.730481 0.037958
0.725483 0.068071
0.679449 0.100232
0.690323 0.112554
0.679768 0.126560
0.672630 0.175110
0.657619 0.229209
0.677321 0.239942
0.670534 0.283322
0.626090 0.267831
0.961189 0.319245
0.703610 0.303874
0.776924 0.000242
0.734802 0.000164
0.766946 0.024432
0.742054 0.068347
0.699732 0.099510
0.709883 0.116275
0.697741 0.129573
0.668373 0.156538
0.670953 0.217233
0.621396 0.285827
0.687782 0.223463
0.699580 0.263782
0.696047 0.243022
0.842059 0.317040
0.711350 0.283044
0.793954 0.000440
0.763619 0.040947
0.748538 0.038477
0.716024 0.083738
0.716599 0.100517
0.715318 0.132885
0.683981 0.143825
0.687240 0.162466
0.660073 0.249087
0.755232 0.268561
0.736274 0.244830
0.606663 0.265559
0.718335 0.264022
0.646681 0.287239
0.802616 0.000028
0.781172 0.022569
0.740098 0.052507
0.754453 0.076403
0.731929 0.101817
0.727646 0.119809
0.732510 0.137782
0.701621 0.147343
0.688294 0.182594
0.704773 0.186180
0.681096 0.259562
0.715068 0.245335
0.829313 0.285745
0.822712 0.266976
0.751771 0.287886
0.811212 0.000760
0.787977 0.051832
0.772252 0.055262
0.732900 0.083970
0.744883 0.112013
0.745892 0.127796
0.749166 0.147668
0.703197 0.166013
0.739215 0.193470
0.748447 0.230491
0.773094 0.265074
0.736501 0.263356
0.790335 0.288574
0.788553 0.314511
0.828405 0.000676
0.785413 0.000762
0.779914 0.037874
0.756779 0.058001
0.770700 0.071758
0.746651 0.093484
0.760204 0.109300
0.718595 0.151563
0.721866 0.189998
0.691583 0.204054
0.708132 0.206318
0.764189 0.223020
0.771709 0.242226
0.888708 0.258085
0.978667 0.325734
0.837086 0.000509
0.795981 0.021966
0.797154 0.036811
0.787273 0.068564
0.781866 0.083947
0.762665 0.089360
0.734259 0.156661
0.752503 0.164947
0.719238 0.171077
0.755058 0.204263
0.724808 0.229952
0.741206 0.213876
0.872188 0.318020
0.808671 0.277941
0.845804 0.000069
0.819734 0.000715
0.810562 0.021481
0.807774 0.047748
0.801795 0.062131
0.796453 0.089678
0.773924 0.099151
0.773297 0.119866
0.761306 0.131086
0.705538 0.224927
0.724100 0.210465
0.754727 0.248698
0.810958 0.251786
0.928792 0.250401
0.909292 0.321354
0.863295 0.000140
0.826393 0.020730
0.816351 0.034802
0.818101 0.060656
0.805040 0.077086
0.825476 0.072983
0.786654 0.106336
0.781473 0.133728
0.736685 0.174798
0.755113 0.183681
0.771610 0.184974
0.772123 0.203037
0.790606 0.269025
0.791277 0.252763
0.872057 0.000258
0.854521 0.000643
0.843533 0.018828
0.835291 0.032799
0.827196 0.046064
0.845453 0.044784
0.815962 0.087894
0.804004 0.103827
0.793809 0.120281
0.766584 0.147123
0.769388 0.165534
0.788329 0.191988
0.786969 0.213093
0.783633 0.230643
0.868330 0.261211
0.889646 0.000599
0.879735 0.018664
0.861795 0.018713
0.853053 0.031370
0.836545 0.058972
0.844684 0.072487
0.833334 0.086020
0.811610 0.118508
0.800280 0.136311
0.784061 0.150750
0.785189 0.170603
0.803349 0.213403
0.816520 0.224135
0.957531 0.315534
0.898476 0.000402
0.880852 0.000048
0.896604 0.018711
0.871261 0.031608
0.862778 0.044483
0.854545 0.058825
0.870502 0.060196
0.849706 0.088689
0.822064 0.102016
0.838657 0.102402
0.799445 0.154770
0.800865 0.173042
0.841036 0.172865
0.871008 0.244568
0.957637 0.293574
0.907235 0.000229
0.927779 0.019449
0.888505 0.032450
0.895931 0.046664
0.879574 0.045173
0.886034 0.061294
0.861140 0.075110
0.864547 0.092669
0.869218 0.108874
0.816538 0.152912
0.827408 0.118758
0.804971 0.192568
0.819680 0.203032
0.800323 0.235898
0.916093 0.000442
0.924849 0.000145
0.937575 0.034606
0.912639 0.018842
0.904955 0.032514
0.902277 0.061491
0.908093 0.076389
0.876321 0.076984
0.880721 0.094084
0.853085 0.109107
0.877030 0.123050
0.816303 0.135416
0.817189 0.172263
0.934870 0.307531
0.890404 0.276760
0.933734 0.000966
0.942451 0.017925
0.921457 0.033238
0.912453 0.046636
0.933611 0.064968
0.892017 0.076495
0.895729 0.093053
0.887735 0.109888
0.902407 0.121873
0.842336 0.122318
0.847324 0.139415
0.851117 0.155688
0.832598 0.159550
0.849706 0.269912
0.942675 0.000309
0.960557 0.017289
0.951741 0.029715
0.928880 0.047673
0.918354 0.061779
0.924857 0.078127
0.906133 0.106403
0.923313 0.110188
0.918990 0.126886
0.859129 0.125837
0.897567 0.152077
0.867782 0.140394
0.831455 0.140257
0.824943 0.186107
0.913789 0.259309
0.951693 0.000912
0.955686 0.043059
0.943588 0.052327
0.948425 0.068826
0.956776 0.082864
0.912734 0.092328
0.934107 0.138898
0.906760 0.139007
0.912024 0.165212
0.923335 0.182843
0.955531 0.203586
0.881046 0.149475
0.866320 0.159517
0.980360 0.259763
0.960612 0.000660
0.976602 0.017108
0.968468 0.031818
0.960475 0.058840
0.969068 0.110353
0.941418 0.084831
0.928724 0.094394
0.889229 0.132760
0.941840 0.176173
0.921789 0.148012
0.940535 0.193583
0.856870 0.176746
0.938533 0.218751
0.940906 0.264607
0.893214 0.167812
0.969532 0.000524
0.984358 0.029947
0.970595 0.047228
0.955702 0.100209
0.963881 0.149458
0.944974 0.155666
0.950913 0.137231
0.928322 0.203676
0.906380 0.242467
0.905254 0.182621
0.976904 0.212418
0.966044 0.282779
0.842191 0.232497
0.854537 0.200726
0.978779 0.000687
0.999161 0.000652
0.984914 0.045906
0.982583 0.099761
0.940796 0.104944
0.953850 0.118439
0.960812 0.184983
0.977703 0.178321
0.973078 0.229930
0.910136 0.200016
0.993332 0.338934
0.893594 0.202751
0.925977 0.294182
0.833215 0.214053
0.899142 0.312184
0.988814 0.000915
0.981146 0.062724
0.968650 0.071473
0.981439 0.121554
0.966671 0.130801
0.937028 0.122316
0.948430 0.239977
0.873253 0.206217
0.999457 0.259511
0.930568 0.235027
0.890255 0.237849
0.957319 0.220443
0.927154 0.279455
0.837147 0.255216
0.999159 0.013604
0.999743 0.043631
0.983361 0.080011
0.969604 0.090486
0.999556 0.106939
0.998987 0.186676
0.999274 0.140271
0.999903 0.152024
0.961947 0.257962
0.999755 0.282577
0.970352 0.244902
0.887237 0.188063
0.884790 0.221128
0.999025 0.234030
0.853251 0.247886
0.999328 0.000359
0.999904 0.054404
0.999663 0.074375
0.999582 0.095914
0.998959 0.117764
0.977706 0.160847
0.977204 0.196137
0.919101 0.222994
0.999376 0.246603
0.999501 0.198743
0.999558 0.271554
0.866772 0.225474
0.826153 0.241309
0.994448 0.303846
0.999441 0.023617
0.998743 0.033523
0.999734 0.064311
0.999468 0.085257
0.980193 0.141467
0.999658 0.129022
0.999892 0.211076
0.928893 0.164241
0.999921 0.222707
0.999360 0.163088
0.999789 0.174605
0.851540 0.218326
0.902565 0.220719
0.999638 0.293777
0.992493 0.315969
