0.000547 0.024386
0.000245 0.063012
0.000306 0.093384
0.000831 0.124997
0.000638 0.135888
0.002082 0.411576
0.001100 0.181056
0.000538 0.193051
0.008177 0.344680
0.063200 0.257194
0.012520 0.370525
0.050515 0.249101
0.037831 0.266809
0.078860 0.260731
0.000902 0.013617
0.000888 0.043483
0.000212 0.073180
0.019261 0.052448
0.019476 0.221173
0.000059 0.204533
0.000928 0.169384
0.000181 0.301730
0.000772 0.243188
0.000871 0.258608
0.017157 0.335990
0.016561 0.301016
0.052421 0.294075
0.099090 0.227640
0.120301 0.223287
0.000121 0.000264
0.000998 0.053242
0.000257 0.083302
0.001020 0.103737
0.000717 0.114240
0.000612 0.216985
0.000979 0.157816
0.000082 0.314722
0.000737 0.229787
0.049436 0.276740
0.010397 0.395543
0.078793 0.238808
0.111043 0.239560
0.009190 0.372169
0.000122 0.000727
0.015689 0.022849
0.019183 0.037972
0.018744 0.086155
0.016981 0.168641
0.046928 0.181418
0.026641 0.156507
0.001084 0.271941
0.052024 0.230653
0.035086 0.228509
0.033230 0.247258
0.047805 0.332070
0.032771 0.319251
0.031048 0.299538
0.067734 0.278069
0.010953 0.000891
0.033623 0.034439
0.001058 0.034078
0.017314 0.069433
0.000297 0.146993
0.026153 0.206591
0.030738 0.180633
0.041142 0.197425
0.018286 0.264830
0.060515 0.193064
0.025923 0.280909
0.107344 0.180922
0.067880 0.226116
0.060171 0.308446
0.029555 0.000008
0.020760 0.000539
0.039595 0.048158
0.031525 0.060215
0.017206 0.191112
0.017955 0.124679
0.040450 0.148185
0.040935 0.165737
0.044669 0.212739
0.072423 0.183492
0.080323 0.166440
0.063040 0.209941
0.002276 0.328438
0.004203 0.400384
0.105266 0.259724
0.038046 0.000230
0.043733 0.021033
0.033139 0.076769
0.042880 0.103435
0.032758 0.133485
0.030129 0.114135
0.057510 0.153767
0.107440 0.145382
0.015080 0.240906
0.060566 0.169003
0.000222 0.284892
0.080756 0.219524
0.081542 0.199655
0.092662 0.247189
0.046534 0.000492
0.029783 0.019199
0.058621 0.018906
0.049605 0.035142
0.031516 0.093946
0.046246 0.085887
0.017785 0.143210
0.051668 0.135938
0.092784 0.151258
0.072761 0.153088
0.089129 0.181292
0.147897 0.178183
0.118963 0.189061
0.164057 0.208902
0.083920 0.277135
0.055277 0.000341
0.071151 0.024743
0.063317 0.037663
0.045732 0.065439
0.057413 0.073984
0.016989 0.104869
0.057941 0.102168
0.044080 0.120961
0.141421 0.144205
0.099647 0.165510
0.115910 0.162219
0.136531 0.191623
0.097737 0.198407
0.151378 0.199132
0.064012 0.000463
0.072474 0.000342
0.084284 0.018084
0.074123 0.047610
0.055727 0.052341
0.067678 0.062403
0.073046 0.105042
0.064598 0.088171
0.067846 0.135485
0.128178 0.153776
0.164819 0.186065
0.129446 0.173658
0.137096 0.211041
0.119958 0.206428
0.078127 0.298157
0.081086 0.000665
0.098795 0.021230
0.099661 0.035723
0.089733 0.048998
0.083852 0.063611
0.075452 0.077718
0.060017 0.119006
0.076930 0.121602
0.084729 0.137734
0.134881 0.125686
0.145180 0.162317
0.160692 0.150137
0.178726 0.202399
0.102642 0.277407
0.089892 0.000864
0.107012 0.001130
0.113223 0.019710
0.083571 0.034066
0.100071 0.064268
0.092602 0.078413
0.083391 0.092784
0.089971 0.108205
0.093879 0.124855
0.107827 0.128486
0.153915 0.135005
0.163080 0.167185
0.200834 0.229146
0.139962 0.230858
0.032119 0.347681
0.098516 0.000762
0.115855 0.034516
0.106589 0.049441
0.116331 0.063931
0.124743 0.078942
0.109142 0.079336
0.100921 0.093499
0.106194 0.108601
0.119976 0.117736
0.122853 0.136980
0.180904 0.153007
0.196166 0.199886
0.186909 0.219224
0.101417 0.213182
0.115646 0.000077
0.141351 0.000273
0.128298 0.020003
0.123009 0.048717
0.132429 0.063015
0.142330 0.075967
0.118173 0.095600
0.146280 0.103030
0.149598 0.118865
0.165976 0.121719
0.173938 0.138425
0.181044 0.168044
0.208665 0.211729
0.190995 0.244508
0.127629 0.243158
0.124203 0.000763
0.131511 0.034908
0.140104 0.047763
0.149987 0.060735
0.167296 0.061141
0.135970 0.090097
0.130824 0.106819
0.163986 0.104568
0.193319 0.141223
0.198991 0.158955
0.198715 0.177685
0.182592 0.184997
0.191278 0.268158
0.172954 0.265235
0.132811 0.000695
0.175389 0.000245
0.143643 0.020533
0.157922 0.046440
0.159193 0.075146
0.155915 0.089441
0.181815 0.106831
0.181968 0.123066
0.216948 0.173914
0.211036 0.139972
0.211650 0.190881
0.219608 0.227932
0.145063 0.274264
0.155582 0.222357
0.137457 0.257395
0.149886 0.000356
0.148689 0.034431
0.175455 0.047243
0.175866 0.077044
0.174819 0.092055
0.200749 0.108170
0.198349 0.124290
0.227587 0.143931
0.215892 0.157617
0.226826 0.208304
0.242287 0.240091
0.174683 0.230092
0.085220 0.323070
0.057219 0.329039
0.158377 0.000652
0.159479 0.020488
0.167163 0.033453
0.184565 0.033153
0.192948 0.077433
0.192644 0.093264
0.214777 0.123237
0.246236 0.140396
0.239478 0.156832
0.234176 0.172315
0.237922 0.223663
0.220129 0.245583
0.205201 0.254463
0.172269 0.246815
0.078296 0.324258
0.166884 0.000933
0.202124 0.033548
0.184003 0.062279
0.218738 0.063798
0.200730 0.062774
0.209796 0.093284
0.254551 0.172344
0.258418 0.155068
0.230053 0.192184
0.237459 0.256353
0.220288 0.264861
0.227873 0.283760
0.201533 0.280576
0.098359 0.309333
0.183893 0.000518
0.176189 0.020148
0.218559 0.034896
0.192428 0.047302
0.228145 0.079189
0.209956 0.077606
0.231570 0.126060
0.265693 0.138908
0.247717 0.206775
0.296652 0.238493
0.279034 0.205342
0.170639 0.282193
0.218857 0.298966
0.144930 0.291515
0.119179 0.304521
0.192412 0.000988
0.193839 0.020340
0.235494 0.035223
0.236166 0.064746
0.227766 0.093940
0.220299 0.108346
0.249857 0.123958
0.285471 0.187694
0.279772 0.227832
0.261229 0.231099
0.259749 0.249442
0.249676 0.303332
0.153451 0.240900
0.155771 0.260205
0.200924 0.000301
0.251895 0.000897
0.211471 0.020530
0.209697 0.048821
0.246933 0.078367
0.245481 0.094514
0.238915 0.109831
0.259772 0.110483
0.292764 0.171577
0.246718 0.188305
0.292555 0.265975
0.256527 0.267261
0.244207 0.280784
0.156967 0.298383
0.094558 0.297042
0.209418 0.000660
0.228639 0.021165
0.253320 0.035821
0.254775 0.063880
0.265843 0.078326
0.261550 0.094387
0.283448 0.139851
0.272337 0.173949
0.308223 0.183606
0.264953 0.191592
0.306404 0.255604
0.268359 0.288560
0.285983 0.301929
0.120585 0.265266
0.217929 0.000382
0.285532 0.000210
0.245742 0.021846
0.227635 0.049571
0.274348 0.064836
0.278211 0.093871
0.270807 0.123123
0.291467 0.124201
0.277258 0.156890
0.332682 0.167226
0.315739 0.214886
0.262623 0.213699
0.294775 0.285829
0.327405 0.290690
0.235182 0.301288
0.226467 0.000438
0.262681 0.022231
0.264489 0.050840
0.245380 0.049856
0.295654 0.095252
0.281564 0.109808
0.302837 0.111514
0.303374 0.139731
0.297505 0.155150
0.345578 0.198407
0.279454 0.247826
0.333523 0.230313
0.121667 0.284178
0.265169 0.303322
0.234983 0.000327
0.310656 0.000467
0.270993 0.036869
0.295794 0.065323
0.285928 0.078676
0.313907 0.097118
0.334064 0.097589
0.313525 0.126682
0.313535 0.167039
0.357362 0.121217
0.330482 0.183820
0.298713 0.201221
0.295949 0.218831
0.187996 0.296508
0.298460 0.301860
0.243416 0.000786
0.279444 0.022823
0.307693 0.054986
0.305186 0.080517
0.317772 0.067969
0.324793 0.082951
0.348086 0.107599
0.329691 0.136498
0.351143 0.138877
0.319306 0.150460
0.315582 0.233443
0.335806 0.269326
0.127442 0.300787
0.275340 0.268133
0.260272 0.000733
0.335712 0.000877
0.285081 0.053089
0.328003 0.054627
0.337856 0.069598
0.345854 0.084234
0.358933 0.094568
0.323286 0.111932
0.337318 0.122361
0.341076 0.151717
0.353664 0.163973
0.354579 0.233502
0.366128 0.201281
0.463901 0.315323
0.357909 0.217156
0.268774 0.000081
0.287477 0.037355
0.302914 0.039148
0.364006 0.053084
0.356633 0.068980
0.369033 0.080908
0.393487 0.120869
0.371938 0.106089
0.375891 0.121915
0.367918 0.138880
0.320722 0.197523
0.364532 0.305708
0.842320 0.294363
0.201579 0.297284
0.277113 0.001025
0.360744 0.000479
0.345743 0.053925
0.319455 0.039588
0.355034 0.037421
0.388977 0.075982
0.382302 0.092530
0.422990 0.091100
0.413910 0.121982
0.386373 0.139100
0.368934 0.156649
0.379465 0.172110
0.369049 0.183976
0.351123 0.181407
0.391981 0.308045
0.293939 0.000837
0.296635 0.023124
0.329005 0.024135
0.374083 0.037880
0.376444 0.064546
0.402627 0.089514
0.394350 0.104847
0.403969 0.136804
0.423469 0.138745
0.388391 0.155813
0.394317 0.185527
0.408852 0.201014
0.170389 0.298843
0.375961 0.307569
0.302274 0.000592
0.312958 0.023916
0.365277 0.024636
0.385768 0.049966
0.410368 0.075787
0.455358 0.082051
0.431797 0.108172
0.413240 0.105748
0.443206 0.094449
0.401227 0.168903
0.453392 0.186622
0.435164 0.187313
0.399149 0.216264
0.379057 0.219343
0.336080 0.212282
0.319026 0.000256
0.336978 0.037735
0.383326 0.025401
0.398257 0.039556
0.422334 0.038497
0.422036 0.065599
0.465414 0.096997
0.454365 0.126605
0.432455 0.155341
0.410437 0.153270
0.421637 0.169359
0.387748 0.251668
0.346810 0.306790
0.323724 0.253212
0.327387 0.000803
0.402295 0.000619
0.346905 0.023964
0.399486 0.025413
0.398730 0.061929
0.446501 0.066051
0.434503 0.078323
0.451701 0.109846
0.434487 0.124392
0.443354 0.169410
0.467242 0.138113
0.373260 0.237203
0.395649 0.233626
0.331548 0.306763
0.407281 0.310048
0.344060 0.000601
0.442436 0.039493
0.411840 0.050643
0.456785 0.054002
0.485558 0.071733
0.486757 0.106943
0.456707 0.153679
0.443610 0.141524
0.493079 0.287134
0.385742 0.200870
0.415680 0.185521
0.420904 0.219264
0.397068 0.290758
0.317843 0.305238
0.352383 0.000210
0.410639 0.000273
0.476966 0.000518
0.451120 0.024532
0.415444 0.025576
0.502039 0.073696
0.478327 0.087765
0.495203 0.092589
0.478193 0.151736
0.470407 0.114424
0.416596 0.271023
0.443028 0.223511
0.341453 0.247695
0.376564 0.267562
0.456558 0.246796
0.369029 0.000478
0.460381 0.000225
0.433514 0.025928
0.433891 0.054147
0.527765 0.116093
0.545368 0.129407
0.498512 0.119418
0.495286 0.139434
0.464074 0.169235
0.363487 0.254463
0.315924 0.274782
0.812271 0.298450
0.536683 0.314226
0.396548 0.271605
0.377345 0.000901
0.452052 0.001110
0.485212 0.000621
0.498953 0.038864
0.534269 0.042100
0.545369 0.167671
0.528901 0.156385
0.530498 0.136804
0.591162 0.234775
0.419004 0.291707
0.589761 0.311537
0.959052 0.168407
0.518823 0.247607
0.434425 0.312683
0.353400 0.268676
0.418925 0.000411
0.468681 0.000669
0.619680 0.039586
0.467570 0.070650
0.474624 0.054653
0.510377 0.185455
0.512825 0.146342
0.481827 0.128129
0.507087 0.205935
0.431054 0.204937
0.507493 0.316441
0.374566 0.286017
0.478761 0.297991
0.350930 0.287994
0.393979 0.000424
0.435414 0.000397
0.510016 0.001137
0.471031 0.024894
0.613187 0.188600
0.520248 0.075570
0.661348 0.305339
0.494127 0.158949
0.436422 0.274713
0.471105 0.189246
0.867287 0.190936
0.716120 0.303351
0.815966 0.318264
0.421714 0.312236
0.689528 0.303529
0.534857 0.000216
0.501752 0.000991
0.427182 0.000151
0.024868 0.360980
0.492723 0.055249
0.511824 0.107374
0.416213 0.235279
0.587210 0.274913
0.494165 0.219546
0.831095 0.319521
0.839911 0.192764
0.502526 0.265945
0.857322 0.334568
0.481977 0.314817
0.601037 0.000724
0.551437 0.000302
0.385616 0.000447
0.493464 0.000153
0.541590 0.025795
0.479659 0.038445
0.512167 0.090697
0.562954 0.141509
0.485771 0.202498
0.989467 0.338674
0.407715 0.253833
0.453611 0.313291
0.495911 0.317245
0.442069 0.294054
0.577328 0.315099
0.592768 0.000168
0.518323 0.000449
0.443715 0.000312
0.508156 0.025326
0.460741 0.037102
0.876605 0.171978
0.801112 0.313436
0.631254 0.309469
0.888135 0.308561
0.524686 0.291959
0.921288 0.315577
0.522244 0.314716
0.509652 0.291315
0.533882 0.233850
0.617673 0.000380
0.567996 0.000165
0.517049 0.040810
0.526578 0.000826
0.510241 0.057701
0.527849 0.059348
0.546079 0.060352
0.514057 0.128022
0.546943 0.149398
0.481864 0.172897
0.468196 0.209333
0.429100 0.255536
0.480050 0.229927
0.451908 0.264799
0.563015 0.315009
0.634304 0.000470
0.543128 0.001170
0.558115 0.025633
0.525107 0.026083
0.489994 0.025515
0.537708 0.075430
0.560616 0.122066
0.578900 0.131732
0.563450 0.161478
0.509277 0.164829
0.459915 0.289447
0.521319 0.219069
0.476268 0.249933
0.550636 0.315590
0.642628 0.000205
0.559716 0.000088
0.591655 0.025462
0.584473 0.040539
0.566556 0.041688
0.544019 0.110325
0.575542 0.112960
0.579647 0.150299
0.559164 0.183028
0.494252 0.185584
0.551382 0.228155
0.617376 0.310553
0.463079 0.228886
0.496229 0.247195
0.862801 0.332192
0.659247 0.000731
0.627172 0.025020
0.609493 0.025195
0.574682 0.026048
0.550578 0.041857
0.561339 0.063053
0.529265 0.096031
0.559685 0.101866
0.575257 0.176036
0.541349 0.186741
0.554536 0.271685
0.525583 0.196956
0.507940 0.233226
0.437202 0.239867
0.667628 0.000094
0.576254 0.000285
0.644651 0.024727
0.576906 0.057500
0.593231 0.058948
0.578356 0.074317
0.545096 0.090712
0.573255 0.090999
0.593450 0.122220
0.571732 0.198882
0.553450 0.203564
0.538361 0.211770
0.763282 0.309712
0.733938 0.306546
0.674088 0.302978
0.684386 0.000376
0.584510 0.000066
0.609360 0.000333
0.601869 0.039655
0.558524 0.079961
0.603102 0.072360
0.587752 0.101263
0.587215 0.190584
0.601058 0.177041
0.585266 0.214737
0.525977 0.175032
0.544306 0.291306
0.520619 0.267100
0.467462 0.271768
0.692787 0.000547
0.626006 0.000674
0.664233 0.023353
0.640293 0.071015
0.611166 0.055733
0.593137 0.084861
0.603933 0.106638
0.588859 0.164209
0.616990 0.140236
0.630422 0.151014
0.542264 0.250965
0.629526 0.184014
0.559783 0.248336
0.573526 0.236886
0.774707 0.313001
0.709536 0.000815
0.655443 0.036613
0.649506 0.085755
0.637263 0.039045
0.630440 0.056517
0.620489 0.071113
0.611430 0.089758
0.605992 0.156415
0.619070 0.207562
0.619625 0.166540
0.621421 0.229140
0.904641 0.290727
0.450456 0.206691
0.876250 0.279844
0.717968 0.000547
0.650916 0.000906
0.684604 0.022946
0.648084 0.054693
0.629308 0.085885
0.621282 0.105010
0.597103 0.141258
0.628510 0.121038
0.637548 0.134591
0.635066 0.208647
0.600490 0.203510
0.561912 0.290677
0.536628 0.270059
0.567376 0.218768
0.604781 0.310579
0.726351 0.000272
0.703359 0.023572
0.674020 0.035092
0.665319 0.051532
0.658774 0.069414
0.610771 0.124296
0.646610 0.113758
0.650260 0.150093
0.638843 0.167204
0.605019 0.222692
0.732727 0.284240
0.643609 0.305699
0.745574 0.308074
0.485066 0.268438
0.743209 0.000481
0.676028 0.000133
0.712994 0.037218
0.694487 0.035855
0.683837 0.048820
0.675039 0.066442
0.638570 0.100058
0.653839 0.128823
0.644033 0.191108
0.639532 0.226977
0.643009 0.268484
0.641407 0.247133
0.603888 0.287459
0.870535 0.297364
0.854914 0.293788
0.751666 0.000464
0.720749 0.022993
0.702630 0.051808
0.708039 0.066903
0.690607 0.065533
0.667785 0.085296
0.659992 0.100946
0.660861 0.190441
0.653872 0.210305
0.623339 0.249078
0.605345 0.247418
0.580754 0.292884
0.689721 0.279998
0.909454 0.274035
0.760099 0.000200
0.701143 0.000686
0.736869 0.023498
0.721659 0.052888
0.699672 0.082607
0.684065 0.083982
0.667462 0.115569
0.666277 0.139716
0.654471 0.170365
0.675157 0.199010
0.586533 0.255596
0.661687 0.267651
0.571263 0.265735
0.770636 0.287596
0.955156 0.274881
0.768494 0.000363
0.752195 0.022996
0.730227 0.038021
0.725332 0.068186
0.679313 0.100526
0.690084 0.112977
0.679561 0.127060
0.672380 0.175871
0.657653 0.230139
0.677327 0.240821
0.670703 0.284338
0.626257 0.268814
0.960994 0.318874
0.703768 0.305390
0.776898 0.000970
0.734789 0.000284
0.766595 0.024366
0.741851 0.068429
0.699516 0.099758
0.709679 0.116637
0.697545 0.130068
0.668240 0.157215
0.670712 0.218175
0.621710 0.286828
0.687612 0.224433
0.699580 0.264857
0.696004 0.244058
0.842040 0.318104
0.711424 0.284173
0.793922 0.000580
0.763297 0.040832
0.748190 0.038444
0.716019 0.084007
0.716268 0.100804
0.714991 0.133443
0.683869 0.144339
0.686918 0.163162
0.660146 0.249975
0.755220 0.269735
0.736152 0.245947
0.606723 0.266536
0.718366 0.265267
0.646743 0.288172
0.802601 0.000923
0.780800 0.022508
0.739841 0.052592
0.754335 0.076390
0.731684 0.102141
0.727328 0.120162
0.732205 0.138202
0.701335 0.147966
0.688020 0.183359
0.704478 0.186949
0.681088 0.260610
0.715001 0.246444
0.829010 0.286516
0.822658 0.268039
0.751721 0.289148
0.811177 0.000546
0.787626 0.051825
0.771938 0.055183
0.732823 0.084132
0.744574 0.112396
0.745641 0.128262
0.748996 0.148262
0.702904 0.166758
0.738901 0.194304
0.748374 0.231505
0.773088 0.266255
0.736630 0.264491
0.790197 0.289641
0.788550 0.315733
0.828373 0.000084
0.785387 0.000633
0.779585 0.037850
0.756521 0.057927
0.770519 0.071796
0.746369 0.093688
0.759931 0.109517
0.718270 0.152191
0.721605 0.190766
0.691314 0.204864
0.707832 0.207168
0.764083 0.223953
0.771552 0.243352
0.888481 0.258459
0.978268 0.325462
0.837054 0.000223
0.795667 0.021948
0.796770 0.036805
0.787049 0.068646
0.781449 0.084080
0.762309 0.089501
0.734021 0.157174
0.752245 0.165653
0.718981 0.171751
0.754901 0.205182
0.724502 0.230885
0.741013 0.214857
0.871426 0.318776
0.808471 0.279021
0.845797 0.000347
0.819697 0.000005
0.810248 0.021454
0.807411 0.047701
0.801558 0.062125
0.796119 0.089792
0.773615 0.099410
0.773057 0.120268
0.761070 0.131523
0.705318 0.226022
0.723849 0.211333
0.754646 0.249730
0.810707 0.252746
0.928646 0.250427
0.908758 0.321541
0.863289 0.000547
0.826123 0.020747
0.816002 0.034802
0.817804 0.060673
0.804730 0.077263
0.825126 0.073101
0.786484 0.106595
0.781297 0.134230
0.736435 0.175442
0.754839 0.184497
0.771453 0.185807
0.771923 0.203876
0.790582 0.270131
0.791209 0.253739
0.872048 0.000258
0.854501 0.000581
0.843304 0.018816
0.835004 0.032801
0.826871 0.046113
0.845171 0.044748
0.815723 0.088120
0.803736 0.104128
0.793453 0.120747
0.766337 0.147623
0.769201 0.166229
0.788153 0.192897
0.786747 0.213876
0.783431 0.231519
0.868136 0.261933
0.889621 0.000694
0.879568 0.018641
0.861607 0.018719
0.852834 0.031383
0.836271 0.059055
0.844377 0.072768
0.833083 0.086260
0.811249 0.118881
0.800037 0.136929
0.783806 0.151382
0.784967 0.171475
0.803298 0.214328
0.816334 0.224951
0.957114 0.314684
0.898460 0.001100
0.880844 0.001054
0.896443 0.018652
0.871046 0.031686
0.862510 0.044577
0.854178 0.058949
0.870227 0.060374
0.849427 0.089176
0.821776 0.102460
0.838286 0.102912
0.799267 0.155574
0.800607 0.173757
0.840714 0.173784
0.870729 0.245331
0.957474 0.293795
0.907230 0.000919
0.927636 0.019451
0.888315 0.032494
0.895744 0.046612
0.879292 0.045281
0.885834 0.061426
0.860829 0.075413
0.864431 0.092841
0.869113 0.109413
0.816261 0.153415
0.827091 0.119458
0.804831 0.193304
0.819603 0.203788
0.800250 0.236896
0.916088 0.000111
0.924849 0.000859
0.937542 0.034702
0.912498 0.018733
0.904809 0.032562
0.902138 0.061569
0.907880 0.076626
0.876108 0.077194
0.880532 0.094390
0.852944 0.109445
0.876861 0.123675
0.816131 0.136042
0.817019 0.172793
0.934131 0.307438
0.890176 0.277513
0.933728 0.000662
0.942330 0.017880
0.921371 0.033336
0.912359 0.046686
0.933553 0.065233
0.891831 0.076744
0.895547 0.093366
0.887609 0.110498
0.902163 0.122185
0.842229 0.122722
0.847318 0.140073
0.850651 0.156556
0.832419 0.160090
0.849441 0.270949
0.942673 0.000457
0.960476 0.017242
0.951734 0.029667
0.928798 0.047770
0.918207 0.061959
0.924703 0.078371
0.905985 0.106910
0.923195 0.110721
0.918771 0.127476
0.859019 0.126407
0.897482 0.152803
0.867479 0.141067
0.831417 0.140692
0.824615 0.186864
0.913499 0.259820
0.951689 0.000548
0.955634 0.043082
0.943571 0.052409
0.948343 0.069089
0.956688 0.083203
0.912555 0.092611
0.933996 0.139665
0.906642 0.139678
0.911906 0.165798
0.923147 0.183751
0.955650 0.204587
0.881003 0.150246
0.866275 0.160130
0.980613 0.260026
0.960617 0.000303
0.976522 0.017063
0.968461 0.031791
0.960417 0.058955
0.968975 0.110881
0.941318 0.085240
0.928564 0.094725
0.889014 0.133373
0.941830 0.177231
0.921598 0.148748
0.940474 0.194331
0.856709 0.177384
0.938641 0.219501
0.940787 0.264850
0.892996 0.168517
0.969539 0.000139
0.984405 0.029892
0.970558 0.047252
0.955586 0.100734
0.963828 0.150159
0.944869 0.156344
0.950722 0.138102
0.928321 0.204326
0.906455 0.242873
0.905181 0.183495
0.977108 0.213331
0.966202 0.282677
0.842064 0.233419
0.854218 0.201488
0.978790 0.000372
0.999573 0.000497
0.984868 0.045992
0.982408 0.100279
0.940602 0.105531
0.953685 0.119005
0.960834 0.185859
0.977686 0.179200
0.973291 0.230376
0.910107 0.200766
0.993535 0.338302
0.893544 0.203600
0.925721 0.294192
0.832935 0.214664
0.898749 0.312738
0.988822 0.000010
0.981111 0.062863
0.968522 0.071698
0.981246 0.122198
0.966553 0.131470
0.936787 0.122912
0.948200 0.240596
0.872992 0.207102
0.999698 0.259383
0.930743 0.235760
0.889828 0.238411
0.957160 0.220930
0.927186 0.279772
0.837099 0.256217
0.999602 0.013573
0.998722 0.043654
0.983180 0.080282
0.969528 0.091008
0.999776 0.107015
0.998992 0.186726
0.999421 0.140356
0.999713 0.152075
0.961877 0.258537
0.999939 0.282237
0.970193 0.245190
0.887213 0.188847
0.884509 0.221885
0.999227 0.234054
0.853006 0.248777
0.999107 0.000798
0.998718 0.054435
0.999903 0.074451
0.999788 0.096001
0.999032 0.117864
0.977684 0.161742
0.977074 0.196993
0.918938 0.223647
0.999613 0.246447
0.999861 0.198832
0.999918 0.271490
0.866499 0.226225
0.825812 0.242265
0.994270 0.303548
0.999610 0.023598
0.999062 0.033537
0.998933 0.064358
0.999725 0.085330
0.979966 0.142292
0.999778 0.129128
0.999990 0.211082
0.928841 0.164981
0.999982 0.222723
0.999470 0.163149
0.999327 0.174682
0.851215 0.219068
0.902421 0.221453
0.999981 0.293321
0.992396 0.315211
