0.000483 0.024377
0.000772 0.063035
0.000526 0.093439
0.000901 0.125131
0.000027 0.136053
0.000617 0.412746
0.000616 0.181435
0.000453 0.193509
0.009543 0.344349
0.062460 0.260682
0.010159 0.374925
0.049414 0.252558
0.037636 0.271398
0.079247 0.263799
0.000919 0.013661
0.000704 0.043537
0.000540 0.073186
0.019579 0.053329
0.020016 0.225167
0.000583 0.204942
0.000957 0.169560
0.000138 0.301581
0.000806 0.243707
0.000909 0.258842
0.015692 0.339945
0.016344 0.304915
0.052095 0.299178
0.098749 0.230905
0.120245 0.226167
0.000367 0.000535
0.000354 0.053283
0.000868 0.083336
0.001038 0.103847
0.000701 0.114422
0.000228 0.217201
0.000229 0.158015
0.000515 0.315060
0.000841 0.229943
0.049070 0.283003
0.010432 0.400962
0.078392 0.242631
0.111062 0.242770
0.008241 0.376642
0.000653 0.000347
0.016144 0.023653
0.019587 0.038957
0.018663 0.087537
0.017364 0.172030
0.047650 0.184028
0.026516 0.158928
0.000256 0.272569
0.052056 0.234249
0.034934 0.232657
0.033304 0.250664
0.047503 0.337642
0.033737 0.324718
0.031950 0.304717
0.066670 0.282734
0.010932 0.000616
0.033705 0.034332
0.000895 0.034121
0.017446 0.070230
0.000280 0.147168
0.025987 0.209753
0.030517 0.183630
0.041315 0.199975
0.018427 0.268107
0.060592 0.196774
0.025117 0.286173
0.107654 0.183423
0.068615 0.229987
0.058867 0.313534
0.029528 0.000090
0.020712 0.000366
0.039367 0.048495
0.032162 0.060987
0.017575 0.194845
0.018403 0.126643
0.040736 0.150789
0.041575 0.168525
0.044811 0.216215
0.072497 0.185902
0.080375 0.169002
0.062564 0.213546
0.001842 0.328610
0.005223 0.399541
0.105041 0.262899
0.038066 0.000319
0.044516 0.020975
0.033298 0.077606
0.043105 0.104602
0.033258 0.135687
0.030051 0.115420
0.057660 0.156192
0.107644 0.147693
0.014781 0.244797
0.060914 0.172048
0.000555 0.285027
0.080810 0.223162
0.081702 0.202803
0.092902 0.250826
0.046579 0.000269
0.030224 0.018832
0.059336 0.019416
0.049709 0.035476
0.031432 0.095006
0.046607 0.087285
0.018445 0.145300
0.051874 0.137671
0.093035 0.153247
0.073439 0.155166
0.088905 0.184051
0.148777 0.180608
0.119085 0.191612
0.165030 0.210942
0.083804 0.282071
0.055304 0.000041
0.071505 0.025481
0.063648 0.038224
0.046375 0.066176
0.057826 0.075206
0.017302 0.106065
0.058129 0.103419
0.044337 0.122867
0.142430 0.145860
0.100216 0.168287
0.116282 0.164146
0.136473 0.194350
0.098610 0.200695
0.151988 0.201204
0.064002 0.000610
0.072466 0.000995
0.084431 0.018466
0.074531 0.048610
0.055943 0.052772
0.067733 0.063111
0.073528 0.106700
0.064972 0.089830
0.068010 0.137406
0.129025 0.156390
0.165609 0.187957
0.130217 0.176466
0.137339 0.213896
0.120481 0.208695
0.077091 0.302347
0.081048 0.000313
0.099230 0.021485
0.099858 0.036036
0.090327 0.049785
0.084313 0.064382
0.075974 0.078560
0.060011 0.120906
0.076929 0.123670
0.085223 0.139691
0.134855 0.127041
0.145540 0.164014
0.161883 0.152288
0.179958 0.204671
0.103299 0.280268
0.089857 0.000353
0.107043 0.001186
0.113825 0.020093
0.083713 0.034680
0.100881 0.064882
0.092936 0.079576
0.083816 0.093804
0.089981 0.109966
0.094199 0.126504
0.108525 0.130635
0.153732 0.136682
0.164086 0.169028
0.202105 0.231837
0.139806 0.233135
0.032017 0.351866
0.098512 0.000996
0.116197 0.035153
0.107211 0.049986
0.117310 0.064624
0.125350 0.080029
0.109555 0.080411
0.101406 0.094517
0.106060 0.109892
0.119729 0.119426
0.123594 0.138960
0.181821 0.154827
0.196991 0.201611
0.187671 0.221431
0.101056 0.216183
0.115680 0.000200
0.141423 0.000314
0.129017 0.020371
0.123748 0.049281
0.133530 0.063595
0.142994 0.077287
0.118603 0.096732
0.146782 0.104116
0.150469 0.120350
0.166612 0.123415
0.174011 0.140168
0.182047 0.169904
0.209515 0.213449
0.191292 0.246570
0.127543 0.247278
0.124275 0.000495
0.132156 0.035111
0.141005 0.048637
0.150829 0.061796
0.168056 0.061952
0.136071 0.091667
0.130977 0.108546
0.164639 0.105799
0.194100 0.142713
0.200062 0.160724
0.199572 0.179361
0.183759 0.186803
0.191282 0.270820
0.172245 0.267139
0.132899 0.000494
0.175456 0.000429
0.144338 0.020873
0.158954 0.047054
0.160189 0.076054
0.156477 0.090659
0.182575 0.108496
0.183073 0.124364
0.217982 0.175875
0.211697 0.142367
0.213016 0.192815
0.220156 0.229650
0.143985 0.277932
0.155695 0.224650
0.137913 0.261016
0.149952 0.000667
0.149631 0.034597
0.176445 0.047928
0.176898 0.078087
0.175523 0.093367
0.201581 0.109869
0.199253 0.126230
0.228766 0.145217
0.217478 0.159454
0.227954 0.210369
0.243368 0.242503
0.174437 0.232240
0.085929 0.326955
0.057451 0.333347
0.158419 0.000421
0.160037 0.020857
0.168096 0.033638
0.185659 0.033713
0.193906 0.078674
0.193507 0.094685
0.215730 0.125327
0.247547 0.142062
0.240264 0.158771
0.235224 0.173997
0.238715 0.225786
0.221170 0.248096
0.205510 0.256802
0.172400 0.248973
0.078143 0.328484
0.166949 0.001042
0.203257 0.034249
0.184853 0.063163
0.219794 0.064955
0.201735 0.063741
0.210904 0.094804
0.255506 0.174188
0.259181 0.157036
0.231168 0.193899
0.238137 0.259667
0.220743 0.267990
0.227837 0.286472
0.201701 0.283011
0.097757 0.313383
0.184002 0.000010
0.177127 0.020530
0.219821 0.035702
0.193628 0.048025
0.228967 0.080751
0.210667 0.079091
0.232369 0.127886
0.266435 0.140741
0.248441 0.209113
0.297330 0.240568
0.279606 0.207504
0.170112 0.285719
0.218892 0.300992
0.143875 0.295174
0.117980 0.307733
0.192516 0.000370
0.194934 0.021046
0.237115 0.035927
0.237005 0.066078
0.228881 0.095682
0.221033 0.110078
0.250836 0.125355
0.286005 0.190142
0.280646 0.229889
0.262166 0.233018
0.260615 0.251796
0.250747 0.306154
0.152799 0.243297
0.155752 0.263664
0.201008 0.000272
0.252005 0.000218
0.212838 0.021217
0.210951 0.049775
0.247862 0.079672
0.246334 0.096154
0.239931 0.111611
0.260795 0.112001
0.294027 0.173733
0.248059 0.190105
0.294143 0.268689
0.257885 0.269781
0.245310 0.283649
0.156177 0.300706
0.093219 0.300709
0.209552 0.000228
0.230071 0.022123
0.254620 0.036584
0.255731 0.064951
0.266850 0.079514
0.262397 0.095676
0.283856 0.141659
0.273446 0.175884
0.308926 0.185868
0.265724 0.193705
0.307815 0.258002
0.269083 0.291088
0.287371 0.303456
0.120490 0.267839
0.218073 0.000118
0.285595 0.000621
0.247273 0.022530
0.228827 0.050615
0.275588 0.065776
0.279123 0.095233
0.271798 0.124848
0.292449 0.125838
0.278393 0.159100
0.333472 0.169116
0.316945 0.217258
0.263657 0.215664
0.295568 0.288134
0.328413 0.293729
0.235861 0.303906
0.226577 0.000494
0.264399 0.022978
0.265753 0.051945
0.246514 0.051061
0.296616 0.096656
0.282445 0.111112
0.303731 0.112983
0.303963 0.141409
0.298328 0.157006
0.346824 0.200705
0.280636 0.250496
0.334942 0.232930
0.121026 0.287054
0.265392 0.304925
0.235077 0.000811
0.310763 0.000852
0.272296 0.037709
0.296952 0.066198
0.286885 0.079916
0.315021 0.098456
0.334983 0.098883
0.314237 0.128419
0.314546 0.169005
0.358571 0.122329
0.331493 0.186069
0.299994 0.203480
0.297331 0.220947
0.187577 0.299355
0.299670 0.303478
0.243550 0.001146
0.281184 0.023191
0.308978 0.055724
0.306076 0.081793
0.318672 0.069150
0.326052 0.084079
0.348930 0.108889
0.330487 0.138059
0.352214 0.140231
0.320306 0.152058
0.316833 0.236496
0.337072 0.271448
0.126485 0.303672
0.276186 0.269870
0.260425 0.000455
0.335843 0.000200
0.286421 0.053981
0.328904 0.055270
0.338881 0.070684
0.347143 0.085173
0.360096 0.095541
0.324242 0.113526
0.338475 0.123798
0.342126 0.153402
0.354591 0.165529
0.356492 0.236003
0.367509 0.203258
0.465310 0.318932
0.358794 0.219116
0.268865 0.000414
0.288746 0.037896
0.304229 0.039647
0.364598 0.053675
0.357830 0.069746
0.370403 0.081721
0.395118 0.122361
0.372763 0.107327
0.377305 0.123307
0.368759 0.140438
0.321750 0.199693
0.365932 0.308983
0.841965 0.299080
0.201222 0.299781
0.277261 0.000911
0.360825 0.001162
0.346306 0.054660
0.320859 0.040098
0.356191 0.037981
0.390004 0.076563
0.383412 0.093510
0.423964 0.092228
0.415076 0.123392
0.386832 0.140545
0.370301 0.158667
0.380546 0.174068
0.369987 0.185738
0.352089 0.183246
0.393795 0.311209
0.294045 0.000435
0.298307 0.023521
0.330514 0.024162
0.374924 0.038032
0.377480 0.064757
0.403683 0.090314
0.394908 0.105844
0.404968 0.138766
0.424476 0.140510
0.389793 0.157452
0.395189 0.187813
0.410381 0.203223
0.170428 0.301329
0.377325 0.310457
0.302398 0.000402
0.314487 0.024386
0.366472 0.024471
0.386468 0.050222
0.411305 0.076544
0.456233 0.083474
0.432549 0.109479
0.413761 0.106953
0.444120 0.095632
0.402654 0.171179
0.454739 0.189090
0.436271 0.189561
0.400840 0.218621
0.380602 0.221640
0.337177 0.214901
0.319118 0.000799
0.338355 0.037942
0.384595 0.025606
0.399022 0.039775
0.423193 0.038650
0.423058 0.066295
0.466370 0.098798
0.454866 0.128363
0.433517 0.157521
0.411317 0.155038
0.422943 0.171489
0.389434 0.254299
0.348173 0.309742
0.324656 0.256106
0.327504 0.000495
0.402319 0.001074
0.348332 0.024204
0.400700 0.025648
0.399779 0.062255
0.447459 0.066952
0.435388 0.079231
0.452483 0.111328
0.435384 0.125876
0.444528 0.171655
0.467835 0.139924
0.375047 0.239498
0.397024 0.236020
0.333772 0.309422
0.408666 0.313111
0.344169 0.000600
0.443196 0.039968
0.412815 0.051182
0.457574 0.054587
0.486216 0.073078
0.487616 0.108524
0.458057 0.155684
0.444386 0.143579
0.494647 0.290428
0.387261 0.203205
0.416753 0.187836
0.422153 0.221991
0.398844 0.293689
0.319410 0.307544
0.352474 0.000467
0.410651 0.000463
0.476962 0.000798
0.451999 0.025068
0.416535 0.025510
0.502801 0.074872
0.478847 0.089189
0.495972 0.093881
0.479041 0.153693
0.471260 0.116389
0.418001 0.273754
0.443997 0.226182
0.343489 0.250677
0.377916 0.270698
0.457962 0.249562
0.369101 0.000470
0.460387 0.000662
0.434544 0.026112
0.434674 0.054728
0.528411 0.117785
0.546073 0.131189
0.499037 0.121269
0.496154 0.141596
0.464838 0.171712
0.365122 0.257084
0.317478 0.277305
0.811919 0.302735
0.537581 0.318796
0.397815 0.274133
0.377422 0.000436
0.452067 0.000845
0.485216 0.000915
0.499582 0.039374
0.534860 0.042885
0.546085 0.170381
0.529390 0.158501
0.531184 0.138604
0.591864 0.237899
0.420565 0.294491
0.591250 0.316005
0.958503 0.171987
0.519590 0.251056
0.435852 0.315922
0.355064 0.271759
0.418953 0.000617
0.468686 0.000382
0.619628 0.039924
0.468350 0.071589
0.475620 0.055766
0.511285 0.188266
0.513557 0.148498
0.482687 0.130166
0.507964 0.208578
0.432574 0.207397
0.508881 0.320389
0.376108 0.289007
0.480252 0.301121
0.351979 0.290755
0.394010 0.001008
0.435474 0.000990
0.510054 0.000456
0.471781 0.025294
0.613258 0.192027
0.521082 0.076741
0.662408 0.309081
0.494797 0.161298
0.437886 0.277519
0.472360 0.192274
0.866986 0.193174
0.716969 0.308392
0.814235 0.322802
0.423150 0.315706
0.690314 0.307814
0.534878 0.000837
0.501769 0.001007
0.427199 0.000446
0.024325 0.366086
0.493770 0.056365
0.512426 0.109032
0.417891 0.238175
0.587988 0.278890
0.495274 0.222597
0.830193 0.325056
0.839524 0.196365
0.503977 0.269060
0.857340 0.338906
0.482934 0.318532
0.601043 0.000794
0.551435 0.000594
0.385678 0.000240
0.493476 0.000763
0.542446 0.026436
0.480678 0.039014
0.512923 0.092042
0.563240 0.143554
0.487026 0.205354
0.988177 0.336600
0.409421 0.255908
0.455206 0.316913
0.497122 0.320980
0.443547 0.297484
0.578545 0.319001
0.592779 0.000118
0.518340 0.000401
0.443732 0.000165
0.508973 0.025781
0.461909 0.037767
0.875841 0.175034
0.801223 0.318621
0.632752 0.314121
0.887547 0.311342
0.526109 0.295822
0.920227 0.315752
0.523556 0.318433
0.510920 0.295317
0.534738 0.237314
0.617623 0.000974
0.567993 0.000188
0.517706 0.041521
0.526603 0.000226
0.511065 0.058539
0.528648 0.060196
0.546854 0.061243
0.514692 0.129856
0.547272 0.151743
0.482639 0.175109
0.469242 0.212124
0.431050 0.258662
0.480935 0.232756
0.453526 0.267638
0.564180 0.318987
0.634228 0.000026
0.543150 0.000867
0.558854 0.026116
0.525989 0.026533
0.490468 0.025749
0.538515 0.076551
0.561307 0.123714
0.579384 0.133922
0.563768 0.163965
0.510055 0.167273
0.461226 0.292688
0.522159 0.222038
0.477509 0.252918
0.551984 0.319465
0.642574 0.000246
0.559709 0.000744
0.591917 0.025490
0.584815 0.041051
0.567350 0.042299
0.544370 0.111874
0.576023 0.114653
0.579767 0.152684
0.559956 0.186037
0.495036 0.187824
0.552113 0.231727
0.618493 0.314870
0.463981 0.231577
0.496943 0.250255
0.861741 0.334525
0.659193 0.000858
0.627134 0.025330
0.609535 0.025441
0.575182 0.026077
0.551396 0.042578
0.562126 0.064053
0.529786 0.097408
0.560172 0.103574
0.575961 0.178704
0.542030 0.189656
0.555217 0.275588
0.526411 0.199845
0.508884 0.236288
0.438498 0.242383
0.667573 0.000388
0.576251 0.000374
0.644092 0.024750
0.577544 0.058471
0.593839 0.059717
0.579387 0.075545
0.545925 0.092070
0.573632 0.092219
0.593740 0.123966
0.572328 0.201961
0.554215 0.206710
0.539228 0.214945
0.763968 0.315254
0.734612 0.310886
0.675061 0.307952
0.684308 0.000432
0.584513 0.000383
0.609348 0.000451
0.601800 0.040102
0.559310 0.080965
0.603649 0.073302
0.588072 0.102695
0.587868 0.193931
0.601140 0.180031
0.585912 0.218191
0.526778 0.177325
0.545204 0.295851
0.521835 0.270822
0.468783 0.274842
0.692726 0.000575
0.625944 0.000722
0.663371 0.023396
0.640088 0.071836
0.611540 0.056122
0.593782 0.086331
0.604132 0.108301
0.589411 0.166728
0.616832 0.142678
0.630172 0.153811
0.542706 0.254356
0.629376 0.187059
0.560599 0.252038
0.574012 0.240603
0.774061 0.318582
0.709445 0.000664
0.654989 0.036889
0.648863 0.086718
0.637055 0.039674
0.630461 0.056858
0.620833 0.071906
0.611743 0.091276
0.606297 0.159127
0.619702 0.211085
0.619734 0.169681
0.621873 0.233153
0.902949 0.292579
0.451655 0.209185
0.874238 0.282612
0.717881 0.000636
0.650828 0.000373
0.683604 0.023071
0.648104 0.055284
0.628987 0.087343
0.621453 0.106899
0.597117 0.143555
0.628434 0.123202
0.637128 0.137010
0.635558 0.212403
0.601238 0.206922
0.562827 0.294665
0.537544 0.273978
0.568213 0.222157
0.606045 0.314619
0.726265 0.000268
0.701917 0.023557
0.673419 0.035129
0.665121 0.051735
0.658417 0.070050
0.610949 0.126534
0.646572 0.115877
0.649655 0.152742
0.638654 0.170402
0.605923 0.226345
0.732953 0.289389
0.644500 0.309462
0.746246 0.313507
0.486334 0.271829
0.743132 0.000643
0.675973 0.000516
0.712009 0.037262
0.693621 0.036265
0.683042 0.049150
0.674510 0.066917
0.638535 0.101688
0.653347 0.131235
0.643605 0.194614
0.639685 0.230944
0.643553 0.272398
0.641628 0.250973
0.604626 0.291369
0.869971 0.300570
0.854089 0.297308
0.751586 0.000136
0.719046 0.022966
0.701824 0.052193
0.707115 0.067726
0.690068 0.066072
0.666867 0.086059
0.659524 0.102262
0.660330 0.193487
0.653566 0.213706
0.623490 0.252792
0.605778 0.251084
0.581588 0.296674
0.690121 0.284648
0.907876 0.275003
0.759985 0.000445
0.701043 0.000257
0.735169 0.023339
0.720317 0.053110
0.699092 0.083252
0.683441 0.085064
0.666805 0.117298
0.665586 0.142417
0.653871 0.173475
0.674459 0.202818
0.587141 0.258992
0.661924 0.271623
0.572016 0.269698
0.770831 0.292566
0.955057 0.275048
0.768385 0.000325
0.750400 0.022743
0.728923 0.038097
0.724382 0.068532
0.678478 0.101685
0.688935 0.114721
0.678485 0.129010
0.671263 0.178962
0.657717 0.234101
0.677255 0.244491
0.671315 0.288437
0.626876 0.272781
0.960261 0.317444
0.704342 0.311244
0.776787 0.001175
0.734701 0.000066
0.764796 0.024019
0.740711 0.068717
0.698338 0.100672
0.708617 0.118092
0.696588 0.132077
0.667524 0.160054
0.669811 0.221942
0.623016 0.290874
0.686879 0.228371
0.699558 0.269178
0.695809 0.248343
0.841889 0.322438
0.711647 0.288872
0.793845 0.000884
0.761654 0.040274
0.746421 0.038213
0.715734 0.084973
0.714714 0.101988
0.713615 0.135899
0.683256 0.146656
0.685437 0.166017
0.660403 0.253601
0.755244 0.274430
0.735528 0.250433
0.606943 0.270486
0.718433 0.270311
0.647014 0.291941
0.802487 0.001162
0.779059 0.022187
0.738515 0.052795
0.753620 0.076309
0.730452 0.103505
0.725937 0.121675
0.730892 0.140126
0.700080 0.150636
0.686884 0.186563
0.703245 0.190155
0.680963 0.264845
0.714663 0.250939
0.827740 0.289530
0.822442 0.272324
0.751545 0.294223
0.811047 0.000110
0.786064 0.051885
0.770440 0.055021
0.732314 0.084704
0.743291 0.114062
0.744551 0.130401
0.748260 0.150772
0.701646 0.169936
0.737612 0.197769
0.748035 0.235563
0.772965 0.270979
0.737095 0.269152
0.789545 0.294003
0.788365 0.320453
0.828288 0.000414
0.785292 0.000231
0.777986 0.037708
0.755144 0.057581
0.769507 0.071902
0.745153 0.094575
0.758717 0.110635
0.716830 0.154856
0.720562 0.194003
0.690168 0.208158
0.706652 0.210613
0.763776 0.227736
0.770888 0.248011
0.887578 0.259840
0.976584 0.324350
0.836944 0.000565
0.794078 0.021887
0.794940 0.036747
0.785942 0.069121
0.779751 0.084782
0.760752 0.090213
0.733038 0.159497
0.751236 0.168750
0.717917 0.174669
0.754261 0.208959
0.723338 0.234602
0.740145 0.218941
0.868212 0.321886
0.807572 0.283366
0.845731 0.000121
0.819617 0.000611
0.808797 0.021347
0.805782 0.047521
0.800353 0.062345
0.794613 0.090567
0.772326 0.100658
0.772018 0.121960
0.760066 0.133487
0.704557 0.230532
0.722940 0.214930
0.754497 0.253992
0.809736 0.256710
0.928194 0.251106
0.907085 0.322229
0.863239 0.000257
0.824811 0.020831
0.814465 0.034829
0.816562 0.060949
0.803426 0.078042
0.823629 0.073815
0.785768 0.107832
0.780591 0.136630
0.735464 0.178302
0.753616 0.187872
0.770782 0.189208
0.771135 0.207555
0.790467 0.274823
0.790793 0.257642
0.871988 0.000648
0.854455 0.000685
0.842185 0.019033
0.833679 0.032885
0.825400 0.046499
0.843915 0.044945
0.814614 0.089277
0.802710 0.105449
0.792035 0.122999
0.765377 0.149975
0.768319 0.169105
0.787520 0.196693
0.785772 0.217110
0.782531 0.235025
0.867152 0.265142
0.889549 0.000561
0.878612 0.018940
0.860693 0.019027
0.851868 0.031570
0.835071 0.059687
0.843035 0.074059
0.832041 0.087566
0.809698 0.120706
0.798866 0.139687
0.782651 0.154122
0.783988 0.175176
0.802942 0.218065
0.815754 0.228528
0.955125 0.310990
0.898376 0.001069
0.880754 0.001123
0.895525 0.018875
0.869975 0.032148
0.861304 0.045264
0.852609 0.059765
0.869027 0.061366
0.848298 0.091492
0.820576 0.104547
0.836765 0.105244
0.798570 0.158910
0.799616 0.177007
0.839357 0.177646
0.869698 0.248282
0.956925 0.294691
0.907194 0.000504
0.927044 0.019887
0.887367 0.032900
0.894872 0.046846
0.878015 0.046160
0.884915 0.062218
0.859507 0.076787
0.863940 0.093926
0.868698 0.111674
0.815125 0.155831
0.825883 0.122510
0.804102 0.196349
0.819231 0.207077
0.800048 0.240829
0.916078 0.000527
0.924846 0.000371
0.937238 0.035449
0.911830 0.018732
0.904112 0.033164
0.901430 0.062199
0.907007 0.077984
0.875226 0.078371
0.879632 0.095907
0.852341 0.110863
0.876179 0.126598
0.815398 0.138682
0.816316 0.174980
0.931484 0.307324
0.889077 0.280433
0.933718 0.000549
0.941751 0.018025
0.920960 0.034092
0.911842 0.047299
0.933201 0.066755
0.891000 0.078142
0.894834 0.094873
0.887153 0.113201
0.901150 0.123837
0.841629 0.124702
0.847309 0.143049
0.848751 0.160104
0.831608 0.162333
0.848379 0.275168
0.942659 0.001101
0.960091 0.017360
0.951562 0.029872
0.928342 0.048608
0.917557 0.063051
0.924096 0.079730
0.905426 0.109400
0.922643 0.113329
0.918078 0.130128
0.858621 0.129016
0.897357 0.155899
0.866188 0.143936
0.831270 0.142752
0.823231 0.190000
0.912285 0.261492
0.951665 0.000227
0.955220 0.043578
0.943337 0.053104
0.947905 0.070674
0.956266 0.084953
0.911817 0.094019
0.933675 0.143065
0.906263 0.142591
0.911533 0.168375
0.922502 0.187407
0.956334 0.208353
0.880834 0.153404
0.865905 0.162739
0.981344 0.261276
0.960633 0.000481
0.976237 0.017111
0.968247 0.031946
0.960166 0.059964
0.968642 0.113551
0.940792 0.087226
0.927949 0.096447
0.888190 0.136164
0.941992 0.181344
0.920863 0.152082
0.940517 0.197369
0.856094 0.180193
0.939283 0.222275
0.940353 0.265917
0.892259 0.171776
0.969567 0.000510
0.984392 0.029683
0.970099 0.047886
0.955068 0.103265
0.963627 0.153479
0.944488 0.159431
0.949985 0.141900
0.928124 0.207074
0.906561 0.244522
0.904902 0.186966
0.977845 0.216955
0.967078 0.282707
0.841372 0.237066
0.852796 0.204743
0.978860 0.000555
0.999875 0.001025
0.984392 0.046764
0.981784 0.103012
0.939868 0.108318
0.953096 0.121794
0.960947 0.189454
0.977697 0.182685
0.974221 0.232103
0.910269 0.203969
0.994254 0.335545
0.893265 0.207116
0.925174 0.294693
0.831891 0.217387
0.897534 0.315551
0.988868 0.000554
0.980680 0.063984
0.967839 0.073127
0.980546 0.125155
0.966120 0.134358
0.935907 0.125685
0.947782 0.243112
0.871962 0.210686
0.999291 0.258873
0.931483 0.238493
0.888123 0.240994
0.956784 0.223123
0.927906 0.280917
0.836806 0.260508
0.998760 0.013503
0.999053 0.043838
0.982349 0.081993
0.969282 0.093500
0.998910 0.107360
0.999796 0.186928
0.999814 0.140714
0.999753 0.152269
0.961521 0.260814
0.999646 0.282110
0.969629 0.246097
0.886883 0.191904
0.883300 0.224980
0.998985 0.234176
0.851996 0.252412
0.999318 0.000261
0.998905 0.054738
0.999059 0.074759
0.999826 0.096296
0.999212 0.118366
0.977655 0.165462
0.976536 0.200346
0.918121 0.225992
0.999589 0.245999
0.999332 0.198865
0.999703 0.271228
0.865285 0.229462
0.824329 0.245951
0.993464 0.302503
0.999060 0.023568
0.999006 0.033630
0.999554 0.064696
0.999358 0.085608
0.979282 0.145954
0.999828 0.129385
0.999471 0.210959
0.928872 0.168152
0.999337 0.222736
0.999521 0.163456
0.999898 0.174993
0.849800 0.222121
0.901988 0.224412
0.999663 0.293049
0.992159 0.312577
