0.000327 0.009792
0.000693 0.043441
0.000328 0.075593
0.000685 0.116997
0.000972 0.148297
0.001097 0.182700
0.001055 0.211439
0.000986 0.235078
0.000556 0.258550
0.000783 0.285094
0.002328 0.323980
0.000846 0.346408
0.002287 0.375856
0.006720 0.411870
0.006182 0.000835
0.000275 0.022083
0.000439 0.054158
0.000934 0.096282
0.000326 0.127605
0.000268 0.169626
0.000619 0.196611
0.000607 0.224285
0.000428 0.247418
0.000367 0.269566
0.006506 0.284195
0.001077 0.335157
0.009211 0.353438
0.005610 0.380573
0.026695 0.387077
0.000244 0.000045
0.000334 0.032546
0.000275 0.065057
0.000248 0.085991
0.000225 0.106197
0.000683 0.138096
0.000587 0.158872
0.016304 0.174331
0.012582 0.197415
0.022517 0.222417
0.025307 0.253532
0.024787 0.282132
0.024158 0.319670
0.006459 0.412272
0.019990 0.000500
0.022964 0.019113
0.018610 0.037847
0.018481 0.063902
0.019783 0.087090
0.018264 0.114086
0.019969 0.134250
0.023002 0.154208
0.030759 0.179797
0.024182 0.207522
0.028157 0.235574
0.033217 0.262908
0.032613 0.300508
0.036694 0.341864
0.033404 0.383221
0.031189 0.000684
0.032637 0.030709
0.028029 0.050485
0.030589 0.076064
0.029762 0.099971
0.032789 0.119228
0.030324 0.143758
0.036000 0.164066
0.039599 0.190562
0.039624 0.214039
0.039990 0.241340
0.043905 0.274624
0.040529 0.309599
0.036246 0.349873
0.045433 0.000624
0.039547 0.011289
0.044981 0.039952
0.039307 0.061523
0.041910 0.087130
0.043559 0.105477
0.045249 0.128285
0.047601 0.148083
0.049572 0.171003
0.052482 0.195878
0.052412 0.223360
0.052409 0.252877
0.051248 0.289184
0.051786 0.330759
0.037313 0.373795
0.056460 0.000689
0.052372 0.023917
0.054805 0.049188
0.052838 0.068865
0.057610 0.091296
0.056960 0.113371
0.058978 0.134418
0.061182 0.157346
0.061705 0.180125
0.064939 0.207318
0.062645 0.236101
0.061031 0.267443
0.058373 0.309980
0.061180 0.354200
0.066955 0.000618
0.069255 0.017996
0.065078 0.034792
0.066371 0.058555
0.066852 0.077754
0.070726 0.099337
0.071183 0.120924
0.072184 0.143595
0.073593 0.166877
0.073778 0.192129
0.074785 0.220367
0.073008 0.248045
0.071413 0.281850
0.071314 0.322826
0.071776 0.363530
0.077512 0.000659
0.081412 0.027953
0.079039 0.045522
0.080289 0.067232
0.081264 0.088076
0.083594 0.109026
0.084655 0.130597
0.085780 0.152930
0.085988 0.176841
0.084072 0.204328
0.081773 0.233263
0.080269 0.264988
0.078418 0.304976
0.078950 0.349272
0.087979 0.000387
0.094484 0.016724
0.094123 0.037628
0.093271 0.056229
0.094552 0.076497
0.095785 0.096746
0.096600 0.118780
0.096955 0.141286
0.097482 0.164329
0.097223 0.189173
0.095300 0.217857
0.092894 0.246632
0.088978 0.278709
0.086276 0.321849
0.085348 0.365926
0.098794 0.000694
0.107595 0.026779
0.107180 0.046328
0.107237 0.065464
0.108671 0.086913
0.109397 0.107039
0.109782 0.128920
0.109366 0.152189
0.108572 0.175571
0.107148 0.201552
0.103463 0.230798
0.099343 0.264015
0.100525 0.304933
0.098048 0.353749
0.109040 0.000600
0.120226 0.016801
0.121756 0.036645
0.120988 0.056335
0.121073 0.076522
0.122209 0.096546
0.122014 0.117552
0.122094 0.140003
0.121232 0.163198
0.119496 0.188317
0.117432 0.217324
0.112614 0.244808
0.109052 0.276898
0.104189 0.318013
0.107103 0.365481
0.119697 0.000883
0.133673 0.026122
0.134538 0.045982
0.135112 0.065829
0.135352 0.086852
0.135063 0.106729
0.134282 0.128217
0.133671 0.151145
0.131808 0.173931
0.128263 0.201009
0.123530 0.228836
0.120285 0.262054
0.118560 0.305004
0.118863 0.359022
0.130044 0.001082
0.146894 0.017248
0.147178 0.036566
0.148078 0.056516
0.148486 0.076195
0.148515 0.095742
0.147695 0.116794
0.146214 0.139069
0.144393 0.161860
0.142042 0.186709
0.138811 0.216034
0.133596 0.243697
0.127564 0.274516
0.127014 0.317433
0.130389 0.370323
0.140291 0.000456
0.159986 0.026096
0.160492 0.045566
0.161727 0.065779
0.161419 0.086449
0.160985 0.105554
0.159706 0.126694
0.157579 0.149320
0.154524 0.172229
0.151327 0.198429
0.145887 0.227306
0.141269 0.259891
0.137118 0.305312
0.138047 0.358649
0.150825 0.000283
0.173400 0.017473
0.174333 0.036340
0.174500 0.055800
0.174862 0.075789
0.174285 0.095185
0.172834 0.115651
0.171129 0.137001
0.168814 0.159902
0.165866 0.185407
0.161417 0.213549
0.155334 0.240523
0.147429 0.270798
0.147516 0.317794
0.145821 0.371602
0.160895 0.001100
0.186313 0.026115
0.187768 0.045135
0.188290 0.064859
0.187930 0.085326
0.186761 0.104700
0.184425 0.125520
0.182066 0.147891
0.178653 0.170599
0.173867 0.196914
0.167093 0.225231
0.161620 0.258251
0.156984 0.306961
0.158361 0.363397
0.171283 0.001124
0.199462 0.017514
0.200842 0.036335
0.201424 0.055429
0.201357 0.074323
0.200612 0.093956
0.198754 0.114053
0.195829 0.135939
0.192431 0.158439
0.189645 0.183257
0.184822 0.211317
0.175556 0.238838
0.170856 0.266727
0.167326 0.317130
0.173393 0.371474
0.181481 0.001027
0.212851 0.025275
0.214675 0.044757
0.215131 0.063998
0.214060 0.084264
0.212822 0.102923
0.210183 0.123895
0.207456 0.147019
0.201772 0.168219
0.196997 0.195222
0.188761 0.225085
0.183391 0.257503
0.179413 0.308501
0.178696 0.360312
0.191653 0.000349
0.226499 0.017026
0.227410 0.035700
0.229015 0.054019
0.228074 0.073246
0.226694 0.092392
0.224129 0.112481
0.222101 0.135224
0.219012 0.156875
0.213552 0.181397
0.209007 0.210322
0.200341 0.232709
0.193638 0.261133
0.190665 0.316280
0.190098 0.372697
0.202151 0.000135
0.240089 0.025358
0.242188 0.043568
0.242355 0.062698
0.240758 0.082727
0.238142 0.100687
0.235746 0.122911
0.232296 0.146053
0.225304 0.167373
0.217504 0.193601
0.211125 0.223976
0.206560 0.257749
0.201585 0.307871
0.199923 0.360839
0.212277 0.000757
0.253100 0.016846
0.255461 0.034898
0.256391 0.052613
0.255239 0.071246
0.252773 0.090202
0.250037 0.110009
0.247283 0.132756
0.242521 0.154215
0.238094 0.178839
0.233331 0.212008
0.225084 0.224611
0.216661 0.256697
0.212065 0.314824
0.208003 0.371154
0.222733 0.000602
0.268081 0.024077
0.270056 0.042408
0.269757 0.060770
0.267659 0.080596
0.264697 0.097958
0.261245 0.119858
0.257852 0.142086
0.249786 0.166113
0.239715 0.192580
0.239764 0.226958
0.230044 0.254570
0.224964 0.307619
0.221191 0.363160
0.233192 0.000490
0.281482 0.016110
0.282834 0.033466
0.284601 0.050684
0.283018 0.069306
0.279668 0.087432
0.276036 0.106729
0.272421 0.130428
0.268421 0.150926
0.266111 0.175604
0.258816 0.201638
0.252661 0.214855
0.240414 0.253589
0.235506 0.311828
0.232971 0.369615
0.243588 0.000061
0.296497 0.023641
0.298534 0.040474
0.298424 0.058818
0.295343 0.077342
0.291158 0.094326
0.288150 0.116535
0.284033 0.137607
0.275016 0.160557
0.270223 0.189178
0.264381 0.224079
0.254966 0.252173
0.248898 0.303822
0.243208 0.361363
0.254264 0.000350
0.310030 0.014695
0.312823 0.031987
0.313646 0.048410
0.311477 0.066022
0.307514 0.083625
0.304150 0.102698
0.300336 0.122923
0.292572 0.145131
0.288748 0.172332
0.289984 0.202379
0.273623 0.207901
0.263437 0.249171
0.256574 0.309594
0.252102 0.369047
0.264660 0.000276
0.326087 0.021879
0.328055 0.037791
0.327582 0.055684
0.324638 0.073601
0.320497 0.090051
0.316122 0.111053
0.310046 0.132010
0.306017 0.155557
0.300922 0.181639
0.286518 0.219012
0.281053 0.245712
0.273173 0.303402
0.265044 0.359468
0.275435 0.000608
0.340049 0.013505
0.341759 0.030335
0.343617 0.045755
0.341788 0.063310
0.337259 0.079980
0.331826 0.098516
0.326371 0.121218
0.321588 0.142183
0.316133 0.167677
0.311160 0.194980
0.302017 0.213478
0.288194 0.244213
0.279492 0.303124
0.272923 0.365270
0.286252 0.000214
0.354997 0.019653
0.357905 0.035966
0.357869 0.052836
0.354188 0.069804
0.348951 0.087121
0.344558 0.107305
0.339760 0.126014
0.332853 0.147260
0.327455 0.173373
0.313827 0.208201
0.308714 0.242210
0.300039 0.297322
0.289013 0.359625
0.296904 0.000637
0.367173 0.011609
0.371637 0.029625
0.372951 0.043750
0.371021 0.059953
0.367786 0.075194
0.363150 0.092164
0.356196 0.112620
0.346675 0.136204
0.342495 0.165066
0.334878 0.193609
0.328457 0.209825
0.311467 0.237536
0.302146 0.294550
0.296035 0.359168
0.308374 0.001039
0.380381 0.018211
0.386697 0.032743
0.387810 0.048400
0.385347 0.063656
0.380055 0.081301
0.372494 0.101259
0.362605 0.124288
0.358984 0.146695
0.347126 0.176340
0.341026 0.202720
0.332514 0.235895
0.330181 0.288762
0.314820 0.354762
0.319123 0.000130
0.390988 0.013664
0.401171 0.031409
0.402647 0.044648
0.399529 0.060646
0.394358 0.075415
0.388500 0.094763
0.381770 0.112996
0.375763 0.129151
0.364899 0.156884
0.357268 0.185885
0.351850 0.210751
0.337979 0.234858
0.330173 0.285457
0.321546 0.351734
0.330242 0.000468
0.416867 0.025115
0.422240 0.032138
0.417191 0.046608
0.413556 0.060225
0.409527 0.075252
0.402681 0.091830
0.392917 0.115022
0.383942 0.140793
0.375496 0.167654
0.366808 0.194776
0.358725 0.230882
0.352287 0.280841
0.342638 0.343662
0.341706 0.000425
0.414411 0.000499
0.432618 0.016818
0.432921 0.035158
0.432273 0.051788
0.425330 0.066066
0.418482 0.083942
0.407626 0.102977
0.396554 0.128650
0.390654 0.155377
0.382015 0.178419
0.372031 0.207536
0.368076 0.228875
0.357214 0.273986
0.337451 0.346877
0.352771 0.001050
0.445697 0.019425
0.445149 0.038180
0.446212 0.054794
0.437736 0.070028
0.430414 0.086720
0.423274 0.101823
0.413953 0.117863
0.405525 0.138041
0.396643 0.160660
0.390738 0.188240
0.385218 0.220259
0.385944 0.271764
0.366780 0.335569
0.364595 0.000921
0.423793 0.000932
0.469209 0.021672
0.461288 0.029597
0.460181 0.042348
0.454358 0.063649
0.445837 0.081481
0.436448 0.096081
0.427598 0.119296
0.420473 0.143169
0.406960 0.171855
0.397651 0.202895
0.388454 0.244014
0.366911 0.266929
0.376954 0.333336
0.376069 0.000255
0.466620 0.000374
0.477384 0.032720
0.472593 0.049739
0.464831 0.061658
0.458287 0.079099
0.455092 0.098970
0.440371 0.114864
0.433950 0.136979
0.421321 0.159700
0.408370 0.185709
0.398520 0.213292
0.389051 0.253052
0.372113 0.327592
0.388178 0.000273
0.456149 0.000189
0.488395 0.000042
0.486985 0.023566
0.507111 0.045942
0.491801 0.100599
0.481971 0.083638
0.477245 0.111642
0.477861 0.128527
0.458051 0.147543
0.446448 0.173367
0.446194 0.190986
0.434344 0.224582
0.418927 0.266348
0.390607 0.296701
0.431832 0.000304
0.477536 0.000028
0.593203 0.031213
0.506508 0.055175
0.492435 0.078685
0.471591 0.084423
0.466195 0.096184
0.452584 0.108249
0.443642 0.124310
0.436504 0.151979
0.432356 0.179069
0.427580 0.215852
0.410301 0.253752
0.390024 0.294431
0.402651 0.000385
0.444789 0.000632
0.509690 0.000094
0.493445 0.035194
0.502488 0.181204
0.496855 0.081199
0.505528 0.156039
0.486396 0.107389
0.480822 0.122126
0.466321 0.134532
0.455952 0.159492
0.439059 0.196831
0.427217 0.228070
0.424253 0.261475
0.402958 0.278974
0.530200 0.000653
0.499764 0.000330
0.433754 0.000939
0.463996 0.200627
0.482587 0.049063
0.504142 0.084559
0.513980 0.097134
0.501934 0.131899
0.514884 0.127647
0.538936 0.161491
0.538252 0.188452
0.553848 0.205523
0.560668 0.238955
0.579623 0.270309
0.598681 0.000323
0.548720 0.000342
0.398027 0.006429
0.493782 0.010297
0.521042 0.043270
0.511377 0.076204
0.522868 0.085648
0.531134 0.098326
0.536076 0.113906
0.546558 0.137684
0.552505 0.156365
0.556718 0.192994
0.567227 0.237340
0.570720 0.264868
0.604335 0.292038
0.586052 0.000873
0.519549 0.000550
0.466210 0.010388
0.503957 0.027749
0.495263 0.060421
0.485692 0.131588
0.505140 0.115847
0.518322 0.110272
0.530451 0.131990
0.530544 0.146908
0.547407 0.179825
0.540409 0.203870
0.566732 0.251075
0.609859 0.303584
0.610889 0.000918
0.569233 0.000436
0.512291 0.013964
0.528302 0.024408
0.523209 0.065126
0.535054 0.067688
0.539947 0.085303
0.545073 0.104860
0.552440 0.122617
0.563727 0.144513
0.579255 0.169578
0.589980 0.197730
0.600066 0.228535
0.593822 0.278429
0.614919 0.320372
0.624239 0.000602
0.539917 0.000934
0.529063 0.011982
0.531979 0.035505
0.539111 0.046955
0.545623 0.069851
0.552735 0.089246
0.559367 0.106910
0.568729 0.128219
0.576562 0.155194
0.588038 0.184627
0.599442 0.219477
0.607791 0.274108
0.618416 0.326941
0.636089 0.000685
0.558632 0.000807
0.544867 0.023320
0.547572 0.035194
0.549847 0.055753
0.559722 0.077186
0.566142 0.093881
0.572805 0.107337
0.582549 0.123686
0.591847 0.145068
0.597555 0.170125
0.604804 0.198403
0.612430 0.233995
0.623987 0.275147
0.629006 0.337677
0.647692 0.000390
0.559484 0.016126
0.556740 0.029311
0.555403 0.042323
0.562024 0.054415
0.573023 0.074742
0.581286 0.092127
0.593665 0.113332
0.600575 0.140402
0.608724 0.162795
0.614575 0.186099
0.622654 0.223843
0.630443 0.282206
0.639983 0.336515
0.659367 0.000624
0.577277 0.000671
0.571482 0.021057
0.574123 0.041666
0.574890 0.055825
0.582667 0.065839
0.589840 0.082645
0.599224 0.101755
0.607744 0.124890
0.614119 0.150000
0.623827 0.177441
0.640656 0.206155
0.643881 0.232929
0.649813 0.284513
0.657005 0.344851
0.670272 0.000947
0.592829 0.010726
0.597546 0.025933
0.596429 0.052020
0.599206 0.066815
0.605330 0.082859
0.611478 0.100905
0.618145 0.118286
0.626913 0.139502
0.637283 0.166933
0.632894 0.196335
0.641440 0.227002
0.654216 0.284411
0.652767 0.349979
0.681399 0.001107
0.612496 0.009434
0.611886 0.024922
0.611476 0.040894
0.612012 0.056641
0.616327 0.071055
0.622250 0.089349
0.630283 0.110130
0.636906 0.131064
0.642793 0.155225
0.649547 0.179714
0.654610 0.200933
0.667763 0.237611
0.675731 0.291600
0.677130 0.353408
0.692825 0.000526
0.627452 0.016355
0.626308 0.032170
0.626540 0.049053
0.629859 0.064816
0.634159 0.081893
0.639649 0.100105
0.647569 0.120958
0.653692 0.147257
0.658662 0.174085
0.668261 0.199050
0.669054 0.241439
0.678327 0.296217
0.682212 0.354210
0.703460 0.000540
0.644566 0.014180
0.642009 0.029928
0.641648 0.044199
0.644352 0.060275
0.648678 0.076172
0.652537 0.094678
0.656971 0.113550
0.662624 0.132192
0.668550 0.157700
0.672305 0.185908
0.682648 0.203659
0.689310 0.240058
0.698791 0.299687
0.703209 0.359445
0.714333 0.000964
0.660266 0.019997
0.658154 0.035629
0.658048 0.053328
0.661511 0.069442
0.666096 0.086629
0.670671 0.108062
0.673967 0.128092
0.678147 0.148327
0.685597 0.175550
0.694953 0.203074
0.696320 0.241638
0.705179 0.299370
0.709934 0.361323
0.725148 0.000722
0.675968 0.015187
0.674516 0.031298
0.673583 0.046487
0.675486 0.063776
0.678484 0.079754
0.681974 0.097459
0.686162 0.117299
0.690366 0.138002
0.690488 0.163066
0.697297 0.187245
0.711498 0.200432
0.716083 0.244903
0.721626 0.306546
0.724914 0.364074
0.735542 0.000545
0.690614 0.021828
0.689160 0.038073
0.689496 0.056152
0.692342 0.073113
0.695338 0.090719
0.697511 0.110920
0.702573 0.129760
0.706550 0.154578
0.711477 0.181819
0.719032 0.210874
0.720727 0.248944
0.729461 0.304247
0.735405 0.363078
0.746343 0.000253
0.705984 0.014882
0.704454 0.032263
0.703547 0.048893
0.705125 0.066454
0.708266 0.083188
0.710357 0.102473
0.713406 0.123578
0.716618 0.141658
0.718249 0.165690
0.724567 0.193144
0.733697 0.204207
0.738667 0.250071
0.743924 0.310175
0.749503 0.368572
0.756561 0.000286
0.719818 0.023378
0.718489 0.039966
0.718446 0.058949
0.720359 0.076791
0.723456 0.093168
0.725694 0.114279
0.727074 0.133230
0.731553 0.155773
0.741732 0.192425
0.742333 0.212759
0.748413 0.251898
0.753361 0.306721
0.756858 0.360648
0.767117 0.000346
0.733921 0.015034
0.732785 0.033196
0.732263 0.050387
0.733151 0.068795
0.735606 0.086067
0.737501 0.105880
0.740834 0.126569
0.743087 0.146747
0.734062 0.173532
0.757644 0.184304
0.754930 0.207802
0.761458 0.253376
0.766580 0.312981
0.769894 0.371734
0.777622 0.000474
0.747220 0.024293
0.745891 0.041618
0.746267 0.060587
0.747797 0.078944
0.749816 0.096065
0.751862 0.117215
0.752909 0.135272
0.756721 0.161605
0.763742 0.200353
0.764441 0.222947
0.773751 0.255434
0.777791 0.307732
0.779081 0.361156
0.787780 0.000120
0.761279 0.015520
0.759904 0.033953
0.759258 0.051603
0.760129 0.070526
0.761988 0.087901
0.764145 0.107906
0.764969 0.130007
0.768144 0.147910
0.772389 0.162467
0.770378 0.180208
0.775412 0.210653
0.787292 0.254455
0.789501 0.314253
0.786982 0.371256
0.798302 0.000089
0.773695 0.024972
0.772957 0.042678
0.772879 0.061615
0.774150 0.080993
0.775981 0.097628
0.776312 0.120553
0.780618 0.139925
0.790047 0.165502
0.786438 0.210950
0.790300 0.225882
0.797480 0.256099
0.800313 0.307966
0.799748 0.363882
0.808411 0.000387
0.787335 0.016225
0.786712 0.034481
0.786080 0.052570
0.786657 0.071143
0.787573 0.089427
0.788923 0.109323
0.790991 0.131405
0.790996 0.150842
0.794714 0.179790
0.800171 0.190814
0.801570 0.212719
0.811089 0.256288
0.811098 0.315415
0.811791 0.370782
0.818785 0.000287
0.800236 0.024732
0.799312 0.043292
0.799602 0.061914
0.799941 0.081426
0.800858 0.098764
0.802371 0.120306
0.804173 0.142803
0.810321 0.160333
0.812478 0.197631
0.811149 0.225771
0.822218 0.252433
0.822866 0.305826
0.821179 0.361010
0.829178 0.000217
0.813523 0.016302
0.812871 0.035009
0.812680 0.052748
0.813147 0.071545
0.813414 0.090380
0.814890 0.109609
0.815540 0.131814
0.820205 0.154624
0.820322 0.181000
0.822512 0.208962
0.825272 0.225284
0.833756 0.258348
0.832727 0.313307
0.828705 0.370483
0.839341 0.000832
0.826144 0.024735
0.826098 0.043219
0.826396 0.062134
0.826722 0.082158
0.826927 0.099801
0.827563 0.120991
0.828655 0.143041
0.830371 0.166805
0.834481 0.191261
0.839655 0.222121
0.843782 0.251559
0.846047 0.306189
0.842272 0.361341
0.849834 0.000549
0.839305 0.016249
0.839740 0.035027
0.839968 0.053275
0.840113 0.071712
0.839610 0.090842
0.840059 0.110202
0.841228 0.131743
0.842082 0.154882
0.843257 0.178777
0.845520 0.207321
0.851518 0.234029
0.856746 0.262012
0.855413 0.312056
0.852757 0.369399
0.859975 0.000538
0.853376 0.024674
0.853436 0.043135
0.853343 0.062605
0.853281 0.081959
0.852901 0.100530
0.853603 0.121076
0.854436 0.143766
0.855256 0.165826
0.856893 0.191259
0.860259 0.220351
0.863619 0.251623
0.866804 0.300309
0.862969 0.358083
0.870518 0.000847
0.866107 0.016311
0.866201 0.035227
0.867203 0.053577
0.867481 0.072000
0.866475 0.091111
0.866496 0.111201
0.866882 0.132374
0.866960 0.155177
0.867334 0.179644
0.868523 0.206067
0.871544 0.235681
0.879187 0.266701
0.875738 0.310182
0.869925 0.366511
0.881028 0.000430
0.879552 0.025436
0.880265 0.042963
0.881164 0.062311
0.880593 0.082315
0.879669 0.100895
0.879580 0.121958
0.879408 0.144017
0.878866 0.166261
0.879050 0.192693
0.882350 0.220654
0.884185 0.251258
0.886814 0.298410
0.883750 0.359134
0.891315 0.000532
0.892567 0.016219
0.893237 0.035253
0.895019 0.053770
0.894926 0.071916
0.893711 0.091303
0.892781 0.111489
0.891820 0.132724
0.891099 0.155248
0.890544 0.179609
0.891580 0.207742
0.894042 0.236598
0.897474 0.269331
0.900833 0.309739
0.895322 0.363600
0.902121 0.000381
0.906628 0.024909
0.908182 0.044227
0.909335 0.062481
0.908124 0.082188
0.906400 0.101369
0.905285 0.121744
0.903410 0.143996
0.902473 0.166666
0.902859 0.193317
0.904333 0.222164
0.905911 0.254514
0.902039 0.289623
0.905142 0.351496
0.912322 0.000264
0.919696 0.016211
0.920156 0.036214
0.924747 0.053076
0.922324 0.071908
0.919378 0.091903
0.918971 0.112843
0.917388 0.133576
0.915471 0.156003
0.914686 0.180894
0.913864 0.209076
0.914336 0.238756
0.913078 0.273577
0.913991 0.308623
0.913935 0.360353
0.923158 0.000062
0.931987 0.026997
0.937814 0.041500
0.935266 0.063205
0.933334 0.085929
0.932736 0.104044
0.933192 0.126067
0.929775 0.146682
0.925563 0.170047
0.923395 0.195665
0.923802 0.222269
0.925481 0.253642
0.925242 0.292454
0.922673 0.356299
0.933788 0.000012
0.943913 0.017582
0.952586 0.032210
0.948862 0.055749
0.947574 0.078907
0.947861 0.097922
0.944609 0.117298
0.943147 0.138834
0.939675 0.158943
0.936441 0.184507
0.936641 0.211448
0.934455 0.240727
0.938988 0.279424
0.933904 0.314593
0.939070 0.347019
0.944077 0.000638
0.963420 0.017510
0.959941 0.045259
0.958931 0.069781
0.960665 0.093651
0.959399 0.113326
0.958177 0.133417
0.957517 0.154744
0.946885 0.172955
0.946581 0.200773
0.943680 0.226974
0.943865 0.256699
0.947344 0.301745
0.955632 0.342526
0.954691 0.000419
0.974893 0.000982
0.971740 0.033346
0.969355 0.057571
0.972386 0.081589
0.975818 0.107354
0.972448 0.130601
0.970092 0.148154
0.961547 0.172851
0.959754 0.194104
0.962637 0.229494
0.960164 0.246013
0.950959 0.281512
0.946179 0.322029
0.948470 0.358102
0.964962 0.001018
0.980185 0.023251
0.981274 0.047698
0.982087 0.068724
0.980620 0.093935
0.982283 0.122205
0.985075 0.151230
0.976310 0.166135
0.978543 0.186848
0.962361 0.212705
0.974688 0.237862
0.958997 0.263686
0.964422 0.301898
0.965719 0.365588
0.985105 0.000423
0.999885 0.023959
0.999245 0.043816
0.999752 0.075513
0.999761 0.107803
0.999505 0.141983
0.999939 0.177092
0.999445 0.207681
0.975344 0.202570
0.985239 0.222520
0.972434 0.262964
0.981896 0.280113
0.981121 0.298570
0.975895 0.320752
0.974272 0.367925
0.999650 0.000586
0.999768 0.033890
0.999919 0.064683
0.999748 0.096839
0.999070 0.131141
0.999298 0.165627
0.999086 0.196905
0.999196 0.235114
0.999108 0.256317
0.999480 0.281294
0.999243 0.306936
0.999426 0.339688
0.993013 0.364213
0.967720 0.328643
0.999731 0.001222
0.999972 0.013011
0.999648 0.054392
0.999100 0.085992
0.999498 0.119114
0.999424 0.154008
0.999763 0.186122
0.999993 0.220506
0.999678 0.246528
0.999709 0.269959
0.999333 0.300653
0.998983 0.338255
0.999197 0.374612
0.992022 0.390898
0.993914 0.394246
