0.000629 0.024333
0.000648 0.063291
0.000816 0.094161
0.000948 0.125841
0.000464 0.136748
0.003080 0.408353
0.000678 0.181982
0.000494 0.193956
0.003773 0.346358
0.062067 0.279939
0.011503 0.376979
0.049256 0.271668
0.038273 0.289514
0.079415 0.282243
0.000675 0.014243
0.000530 0.043508
0.000153 0.073359
0.020724 0.058578
0.018901 0.240407
0.000276 0.206326
0.000394 0.170151
0.000220 0.300624
0.000169 0.243917
0.000671 0.259319
0.015800 0.351267
0.015943 0.322282
0.051827 0.319246
0.098305 0.247087
0.121674 0.240069
0.000200 0.000911
0.000513 0.053404
0.000174 0.083651
0.000283 0.104603
0.000491 0.115264
0.000417 0.218453
0.000280 0.159178
0.000245 0.316289
0.000908 0.230852
0.047161 0.303187
0.006833 0.420382
0.075304 0.263311
0.113698 0.256916
0.002408 0.388026
0.000614 0.000055
0.018773 0.027385
0.021320 0.043140
0.019698 0.093246
0.019492 0.186063
0.051499 0.197625
0.026222 0.171605
0.000943 0.273665
0.053761 0.251992
0.035266 0.248506
0.032727 0.269428
0.046693 0.361215
0.036836 0.345806
0.035447 0.325586
0.065048 0.298900
0.011167 0.000371
0.035081 0.035467
0.000303 0.034008
0.020564 0.075583
0.000845 0.147829
0.026927 0.226047
0.031686 0.196880
0.041744 0.213344
0.019994 0.284954
0.062462 0.214345
0.022492 0.304386
0.110116 0.193843
0.068956 0.247720
0.057457 0.337580
0.029465 0.000251
0.020735 0.000521
0.039732 0.051450
0.035176 0.066575
0.019912 0.211002
0.020417 0.136813
0.042212 0.163330
0.042876 0.181327
0.044709 0.232671
0.073666 0.199752
0.082771 0.181120
0.063035 0.229757
0.000975 0.329499
0.003328 0.400762
0.103489 0.279003
0.038164 0.000179
0.047855 0.022917
0.036025 0.083500
0.044406 0.113171
0.035094 0.146539
0.031337 0.124193
0.059139 0.168215
0.112377 0.158585
0.015280 0.261784
0.064007 0.185202
0.000442 0.286924
0.085083 0.235010
0.081879 0.219397
0.093479 0.266507
0.046791 0.000084
0.031726 0.020184
0.062889 0.022013
0.051435 0.038637
0.033456 0.100965
0.049263 0.093857
0.020368 0.156105
0.054152 0.148714
0.095870 0.164824
0.076602 0.165122
0.090768 0.198998
0.153912 0.192143
0.123344 0.204406
0.171049 0.222531
0.084053 0.300673
0.055535 0.000797
0.074907 0.028954
0.066342 0.041923
0.050381 0.070819
0.061035 0.083145
0.019896 0.113764
0.060094 0.112259
0.045464 0.132100
0.146730 0.155236
0.102248 0.180181
0.119818 0.175875
0.140239 0.206811
0.102594 0.212396
0.156757 0.211839
0.064183 0.000890
0.072718 0.000969
0.087247 0.021503
0.077654 0.054241
0.057206 0.056210
0.069518 0.068058
0.076739 0.115488
0.068882 0.098011
0.069852 0.149488
0.133990 0.168062
0.171008 0.198655
0.134717 0.188000
0.142156 0.227574
0.122605 0.222280
0.073724 0.321076
0.081245 0.000974
0.102718 0.023130
0.103132 0.038528
0.095425 0.055059
0.087775 0.069650
0.078868 0.084004
0.062395 0.129668
0.078857 0.133384
0.089326 0.149617
0.138730 0.135410
0.150486 0.174049
0.167248 0.163105
0.186138 0.216684
0.103444 0.297445
0.089989 0.000300
0.107253 0.000386
0.118103 0.023368
0.087168 0.039447
0.105601 0.070207
0.096623 0.085559
0.087169 0.100620
0.092784 0.118788
0.097914 0.135457
0.112669 0.142611
0.158324 0.144773
0.169162 0.179715
0.208235 0.245891
0.139453 0.244951
0.031975 0.368319
0.098667 0.000212
0.120134 0.038542
0.112647 0.054451
0.122895 0.069966
0.130385 0.085629
0.113894 0.086298
0.104864 0.101637
0.109223 0.118227
0.121268 0.127811
0.129211 0.150010
0.187434 0.162948
0.203349 0.211093
0.194001 0.233895
0.102891 0.229259
0.115839 0.000005
0.141638 0.000413
0.133198 0.023635
0.129923 0.053595
0.139852 0.069093
0.148465 0.084694
0.122194 0.103997
0.151570 0.111610
0.153892 0.127498
0.171875 0.131518
0.177080 0.148093
0.187587 0.180145
0.214342 0.224565
0.194306 0.257510
0.130688 0.262520
0.124461 0.000955
0.138267 0.038278
0.147674 0.052734
0.156902 0.067684
0.174616 0.066643
0.139648 0.099742
0.134233 0.117679
0.170215 0.114196
0.198628 0.151291
0.206834 0.169971
0.206194 0.187834
0.189288 0.197511
0.192309 0.281169
0.175574 0.277755
0.133020 0.000442
0.175873 0.000131
0.149516 0.023341
0.166061 0.051485
0.166803 0.082608
0.161414 0.097545
0.188748 0.116067
0.189032 0.133260
0.223760 0.185661
0.216546 0.153355
0.219890 0.204281
0.225245 0.240976
0.143164 0.296217
0.159231 0.236534
0.142812 0.275880
0.150202 0.000874
0.156446 0.037693
0.184333 0.051753
0.183814 0.084008
0.180628 0.100017
0.208155 0.117473
0.205723 0.134686
0.236370 0.152205
0.226583 0.168284
0.233940 0.221606
0.247552 0.254738
0.176521 0.242460
0.089537 0.342470
0.061113 0.352869
0.158783 0.000902
0.166789 0.023191
0.175317 0.036273
0.193569 0.036561
0.200610 0.085401
0.199353 0.101925
0.222598 0.134959
0.255676 0.149848
0.247080 0.167144
0.242837 0.184028
0.245196 0.237798
0.227559 0.259936
0.208406 0.268499
0.175779 0.260282
0.080145 0.345989
0.167324 0.000528
0.211850 0.037125
0.192207 0.067992
0.227154 0.070801
0.209454 0.068983
0.218067 0.102527
0.262877 0.182812
0.267361 0.166416
0.238125 0.202591
0.241678 0.273265
0.223851 0.279715
0.227738 0.298324
0.204340 0.294258
0.099879 0.335401
0.184406 0.000585
0.185220 0.022948
0.229434 0.038324
0.202235 0.052617
0.236107 0.087057
0.217968 0.086067
0.239811 0.135847
0.273220 0.149139
0.253059 0.219999
0.302449 0.249121
0.286709 0.218526
0.171153 0.300263
0.219180 0.310066
0.142060 0.315935
0.113695 0.324955
0.192984 0.000980
0.203747 0.023257
0.247108 0.038793
0.245175 0.071595
0.236576 0.103630
0.227042 0.118451
0.259472 0.132781
0.292525 0.200665
0.286304 0.239523
0.266613 0.243125
0.265161 0.261743
0.253619 0.315242
0.155250 0.256665
0.159121 0.278696
0.201501 0.000541
0.252293 0.000726
0.221817 0.023695
0.220058 0.054259
0.255529 0.086476
0.253384 0.103317
0.247139 0.119850
0.268944 0.118352
0.301541 0.183528
0.256059 0.200090
0.300431 0.277927
0.262519 0.279343
0.250181 0.294325
0.156492 0.314460
0.093325 0.316089
0.210016 0.000549
0.239108 0.024288
0.263949 0.039664
0.263995 0.070565
0.274580 0.084875
0.270274 0.101938
0.290924 0.150343
0.281315 0.185096
0.315040 0.195539
0.272638 0.203920
0.313023 0.266404
0.273324 0.300840
0.293274 0.309876
0.123726 0.281834
0.218523 0.001012
0.285878 0.000834
0.256591 0.023968
0.237644 0.055091
0.284521 0.070503
0.286897 0.101255
0.280194 0.132605
0.299515 0.133752
0.286233 0.168198
0.339094 0.177444
0.323791 0.228021
0.270095 0.225354
0.300244 0.295823
0.331689 0.302562
0.239436 0.313582
0.227001 0.000357
0.273645 0.024906
0.274775 0.056740
0.255239 0.055960
0.304345 0.103471
0.289754 0.118101
0.310543 0.119718
0.310156 0.149400
0.305176 0.165928
0.353000 0.209396
0.286685 0.260415
0.342365 0.242852
0.120910 0.303122
0.264862 0.312481
0.235472 0.000573
0.311016 0.000615
0.280646 0.040503
0.305305 0.071282
0.294522 0.085348
0.322430 0.104194
0.341481 0.104854
0.320863 0.135567
0.321416 0.177733
0.365337 0.128447
0.338004 0.195178
0.307837 0.212511
0.304863 0.230852
0.188014 0.312332
0.305367 0.311003
0.243867 0.000958
0.290498 0.024629
0.316655 0.058741
0.313217 0.087566
0.325350 0.074306
0.333766 0.089516
0.354514 0.114148
0.335725 0.145499
0.356948 0.146254
0.326321 0.160196
0.323245 0.246782
0.343223 0.279081
0.126378 0.322105
0.280608 0.277032
0.260741 0.000114
0.336028 0.001144
0.295621 0.057312
0.335092 0.059057
0.345088 0.074669
0.354286 0.089593
0.366795 0.100191
0.330538 0.120802
0.345609 0.130671
0.347445 0.161078
0.360735 0.173066
0.363407 0.245067
0.373662 0.211688
0.470769 0.329698
0.363221 0.226924
0.269131 0.000323
0.296758 0.040460
0.312899 0.042164
0.370178 0.056370
0.364238 0.073381
0.377050 0.084450
0.402325 0.128234
0.377888 0.112774
0.383931 0.129071
0.373370 0.148502
0.328496 0.209493
0.371395 0.318984
0.834553 0.318824
0.201129 0.311381
0.277483 0.000042
0.361024 0.000588
0.352337 0.058227
0.329947 0.041660
0.363784 0.040254
0.396516 0.079021
0.389016 0.096598
0.428769 0.095558
0.420768 0.129130
0.390317 0.146996
0.375508 0.166514
0.386369 0.181738
0.374184 0.193786
0.356352 0.190593
0.400529 0.320429
0.294267 0.000784
0.307171 0.025151
0.338846 0.025065
0.381457 0.038616
0.383929 0.066690
0.409037 0.093997
0.398392 0.111209
0.409076 0.146216
0.428839 0.147404
0.396076 0.164766
0.398556 0.196639
0.416257 0.212396
0.172635 0.315086
0.383032 0.318871
0.302643 0.001071
0.322793 0.025982
0.373542 0.024669
0.391973 0.051774
0.416701 0.079009
0.461012 0.087538
0.435993 0.113679
0.417258 0.110927
0.448370 0.099346
0.407806 0.180403
0.459759 0.198745
0.440672 0.197843
0.406949 0.227309
0.385455 0.229750
0.343243 0.225539
0.319338 0.000964
0.346481 0.040235
0.391364 0.026373
0.405370 0.040743
0.428717 0.039448
0.428879 0.067954
0.470319 0.104997
0.457791 0.134298
0.437819 0.165282
0.415767 0.162805
0.428156 0.179759
0.395887 0.263707
0.354031 0.318516
0.331426 0.265469
0.327674 0.000049
0.402542 0.000711
0.356108 0.025368
0.407188 0.026083
0.405570 0.063675
0.452394 0.069925
0.440025 0.082221
0.456130 0.116305
0.439680 0.131508
0.449802 0.180206
0.470833 0.146369
0.382254 0.247597
0.402341 0.245237
0.342080 0.319308
0.414118 0.322488
0.344354 0.000295
0.448077 0.040973
0.418508 0.052933
0.461882 0.056200
0.489380 0.076769
0.490639 0.113033
0.462557 0.163808
0.448506 0.151192
0.499868 0.300966
0.392441 0.212122
0.421026 0.196609
0.426947 0.231183
0.405310 0.302316
0.324953 0.314134
0.352729 0.000852
0.410835 0.000489
0.477065 0.000812
0.457261 0.026245
0.422780 0.025890
0.506302 0.078131
0.481970 0.093025
0.499128 0.097764
0.482069 0.161396
0.475261 0.123118
0.423087 0.283464
0.448173 0.235192
0.352246 0.260719
0.384009 0.281503
0.462990 0.259176
0.369414 0.000351
0.460540 0.000667
0.440348 0.025590
0.440092 0.055966
0.530043 0.123385
0.547380 0.137575
0.501528 0.127468
0.499652 0.149990
0.468559 0.181118
0.371635 0.265307
0.323555 0.286078
0.811041 0.319509
0.541209 0.334214
0.403194 0.282421
0.377711 0.000234
0.452280 0.000536
0.485331 0.000791
0.502241 0.040591
0.536003 0.043675
0.547994 0.180798
0.531077 0.166647
0.532801 0.145624
0.592070 0.250291
0.426875 0.302959
0.596737 0.331883
0.958466 0.183914
0.522474 0.263144
0.440631 0.324960
0.362100 0.282244
0.419150 0.000268
0.468804 0.000696
0.616344 0.039857
0.471437 0.074199
0.480378 0.058599
0.514959 0.198206
0.515808 0.156628
0.486407 0.137630
0.511115 0.217937
0.437674 0.215917
0.512913 0.333362
0.382063 0.298951
0.485217 0.310894
0.357982 0.299791
0.394257 0.000249
0.435748 0.000190
0.510088 0.000186
0.475393 0.025802
0.611066 0.205294
0.524368 0.079866
0.667050 0.323907
0.497905 0.170168
0.443175 0.287650
0.477759 0.203304
0.865135 0.205094
0.718311 0.329301
0.812766 0.340769
0.429177 0.325670
0.694142 0.325761
0.534812 0.000478
0.501856 0.000836
0.427438 0.001031
0.024082 0.374546
0.497642 0.059210
0.513904 0.114450
0.423858 0.249077
0.591133 0.294176
0.499301 0.233591
0.825598 0.343249
0.835957 0.209888
0.508785 0.279506
0.854454 0.352904
0.487004 0.330351
0.600804 0.000286
0.551271 0.000509
0.386023 0.000394
0.493594 0.000629
0.544000 0.027142
0.485170 0.040796
0.515855 0.096014
0.562266 0.151078
0.492071 0.215720
0.984253 0.329741
0.415538 0.263981
0.460715 0.327970
0.501193 0.332290
0.448851 0.308233
0.583602 0.332429
0.592534 0.000190
0.518353 0.000327
0.444010 0.000743
0.511816 0.026347
0.467182 0.039743
0.872449 0.188493
0.800612 0.340298
0.637879 0.330586
0.881475 0.320942
0.531258 0.308473
0.916459 0.321486
0.528265 0.331999
0.513794 0.308419
0.536476 0.249292
0.617342 0.000572
0.567716 0.000052
0.518998 0.042292
0.526577 0.000342
0.514364 0.061108
0.530920 0.061988
0.547734 0.062856
0.516648 0.136656
0.547629 0.160156
0.485794 0.183632
0.474224 0.222875
0.438066 0.269895
0.485052 0.243283
0.458711 0.277298
0.569481 0.333526
0.633904 0.000322
0.543041 0.000321
0.559019 0.026700
0.528559 0.026517
0.493494 0.025771
0.541192 0.080050
0.562296 0.129757
0.578638 0.141787
0.563807 0.173366
0.513153 0.177918
0.466095 0.303059
0.524378 0.232664
0.481821 0.263241
0.555966 0.333338
0.642239 0.000886
0.559467 0.000358
0.590818 0.025141
0.583839 0.041973
0.568139 0.043780
0.544920 0.116991
0.576236 0.120337
0.578056 0.161621
0.561033 0.196578
0.497786 0.196194
0.553896 0.244582
0.624296 0.330419
0.466877 0.240902
0.499237 0.260616
0.859460 0.349039
0.658963 0.000280
0.623039 0.024867
0.606971 0.025169
0.574454 0.025958
0.552610 0.044573
0.563208 0.066265
0.531573 0.101750
0.560901 0.108694
0.576206 0.188587
0.543549 0.200885
0.557871 0.288775
0.529303 0.210935
0.512252 0.246663
0.443696 0.252079
0.667283 0.000594
0.575990 0.000899
0.639012 0.024217
0.577503 0.061187
0.593557 0.061573
0.581215 0.078918
0.547925 0.096214
0.572696 0.095922
0.592398 0.130157
0.572644 0.213490
0.555634 0.218146
0.541546 0.226935
0.762459 0.336695
0.735204 0.329645
0.678836 0.327782
0.683909 0.000380
0.584230 0.000510
0.609071 0.000615
0.599217 0.041386
0.560697 0.083250
0.602495 0.076167
0.587206 0.107275
0.587540 0.205562
0.598882 0.190751
0.585911 0.230666
0.529817 0.186123
0.548811 0.311630
0.524897 0.283333
0.473793 0.285859
0.692305 0.000939
0.625602 0.001045
0.656154 0.023295
0.635785 0.074544
0.609823 0.057418
0.593443 0.090984
0.602971 0.114219
0.588575 0.175604
0.613565 0.151331
0.626708 0.163948
0.543785 0.266358
0.626334 0.198857
0.562302 0.265749
0.574279 0.254328
0.773059 0.340755
0.709109 0.000717
0.649145 0.038233
0.643476 0.090961
0.633319 0.041045
0.626623 0.057960
0.618989 0.074814
0.609627 0.095841
0.604654 0.167898
0.619204 0.224382
0.616274 0.181663
0.621926 0.249091
0.896403 0.302014
0.456672 0.217469
0.865281 0.293964
0.717547 0.000349
0.650549 0.000649
0.675261 0.023470
0.644022 0.057184
0.625151 0.092079
0.619727 0.113845
0.594792 0.151227
0.625981 0.129944
0.633189 0.146397
0.635165 0.226743
0.600173 0.219861
0.567057 0.308481
0.540930 0.287155
0.568578 0.234450
0.610794 0.329316
0.725957 0.000586
0.692120 0.023341
0.666806 0.035437
0.660056 0.053062
0.652950 0.072495
0.608874 0.134262
0.643183 0.123521
0.645071 0.162527
0.635014 0.181341
0.606713 0.239913
0.732141 0.308210
0.649176 0.326201
0.746892 0.334194
0.490669 0.283209
0.742875 0.000263
0.675625 0.000648
0.703017 0.038801
0.685609 0.037943
0.676191 0.052325
0.668951 0.070359
0.635725 0.107488
0.649925 0.139838
0.640235 0.207999
0.639061 0.246991
0.645429 0.288121
0.641589 0.267187
0.607566 0.306392
0.869711 0.313487
0.850585 0.309642
0.751317 0.000481
0.708459 0.023756
0.694152 0.054534
0.701139 0.072371
0.684319 0.069718
0.661038 0.089087
0.654565 0.106696
0.657352 0.206017
0.652273 0.226840
0.623408 0.268633
0.605590 0.265385
0.585323 0.310700
0.692020 0.303878
0.900512 0.283762
0.759787 0.001028
0.700716 0.000930
0.724185 0.023923
0.711458 0.055663
0.694054 0.087926
0.677236 0.089009
0.662233 0.123524
0.661479 0.152065
0.650537 0.185276
0.671690 0.217736
0.588029 0.271330
0.663854 0.288884
0.573541 0.283498
0.771320 0.311390
0.952087 0.282377
0.768226 0.000387
0.740013 0.023692
0.720076 0.039584
0.717148 0.072129
0.672512 0.107010
0.683832 0.122309
0.672960 0.136906
0.667911 0.191171
0.657266 0.251342
0.677898 0.260601
0.673361 0.305223
0.627057 0.288753
0.959719 0.317401
0.706305 0.331101
0.776797 0.000229
0.734401 0.000462
0.755215 0.024991
0.733809 0.072954
0.690597 0.105211
0.702526 0.125216
0.691905 0.139969
0.663162 0.170300
0.668655 0.236749
0.626950 0.307293
0.686026 0.243340
0.700275 0.286015
0.695973 0.266388
0.836879 0.339923
0.711915 0.307940
0.793881 0.000192
0.752756 0.041394
0.736797 0.039813
0.711687 0.091009
0.707595 0.108210
0.708498 0.146280
0.679664 0.156224
0.680625 0.176852
0.661455 0.269602
0.754423 0.292365
0.732345 0.267409
0.607402 0.286458
0.719226 0.289251
0.648512 0.307058
0.802451 0.000227
0.770459 0.023980
0.729694 0.055839
0.748143 0.079881
0.723510 0.110647
0.719684 0.129863
0.725137 0.150289
0.695413 0.162210
0.683568 0.199823
0.700020 0.203710
0.681126 0.282210
0.714691 0.269244
0.823255 0.304149
0.819662 0.287453
0.751287 0.312876
0.811035 0.000157
0.778925 0.056404
0.762561 0.058411
0.728276 0.089666
0.737158 0.123069
0.738736 0.140780
0.743130 0.161277
0.697244 0.183268
0.733320 0.212978
0.744947 0.252034
0.770580 0.288129
0.737461 0.286859
0.785989 0.312727
0.785671 0.337591
0.828341 0.001047
0.785320 0.000910
0.768906 0.040271
0.746472 0.058950
0.762997 0.075023
0.738991 0.101912
0.752162 0.118887
0.711823 0.166790
0.716722 0.207890
0.687892 0.222631
0.703691 0.225559
0.761117 0.243767
0.768419 0.266308
0.884529 0.269716
0.967268 0.323158
0.836995 0.000846
0.786268 0.024599
0.786155 0.039360
0.779572 0.075400
0.772033 0.091425
0.753924 0.096246
0.728635 0.170598
0.746378 0.182307
0.714389 0.187051
0.749397 0.223846
0.721263 0.249701
0.736511 0.236608
0.858166 0.332478
0.803057 0.300903
0.845708 0.000175
0.819695 0.000795
0.801645 0.024067
0.797742 0.050812
0.793570 0.067403
0.787135 0.097855
0.766389 0.108752
0.766390 0.129667
0.755216 0.142460
0.703521 0.247553
0.720261 0.229865
0.752844 0.270811
0.805178 0.273790
0.922646 0.262234
0.905078 0.327454
0.863237 0.000892
0.818564 0.023461
0.807847 0.037838
0.810098 0.066256
0.797609 0.084004
0.816609 0.081865
0.781197 0.116327
0.774905 0.148319
0.731326 0.191435
0.748022 0.202505
0.765046 0.202849
0.765706 0.223291
0.788793 0.293047
0.786434 0.271941
0.872004 0.000496
0.854452 0.000513
0.836648 0.023240
0.827064 0.036767
0.818234 0.051855
0.836953 0.051014
0.808578 0.097775
0.798107 0.112356
0.785625 0.133758
0.760093 0.161408
0.762660 0.181257
0.783417 0.212222
0.781788 0.232271
0.778309 0.250203
0.862353 0.279667
0.889538 0.000963
0.873338 0.023544
0.855474 0.022818
0.846378 0.036033
0.828429 0.067063
0.835921 0.083683
0.826446 0.097597
0.802117 0.131396
0.792818 0.152257
0.776920 0.167755
0.777811 0.190073
0.798265 0.232821
0.813415 0.245051
0.943959 0.306697
0.898308 0.000008
0.880750 0.000488
0.890725 0.023923
0.864346 0.037549
0.854635 0.052806
0.845704 0.067916
0.862574 0.070387
0.842673 0.103083
0.814676 0.115592
0.830266 0.117627
0.792901 0.172352
0.794919 0.192118
0.833371 0.193078
0.864686 0.259916
0.958684 0.298686
0.907125 0.000768
0.922865 0.025121
0.881826 0.037968
0.889665 0.053908
0.871999 0.054616
0.880121 0.070291
0.852593 0.085645
0.859868 0.102693
0.866073 0.122334
0.809640 0.166985
0.820688 0.135315
0.799589 0.209863
0.814176 0.221190
0.796807 0.255298
0.915978 0.000505
0.924741 0.000058
0.933621 0.042072
0.907206 0.023561
0.900192 0.038207
0.896547 0.070338
0.902954 0.087486
0.870391 0.086980
0.875840 0.106807
0.848999 0.119620
0.872541 0.140224
0.810185 0.148996
0.812919 0.184991
0.925749 0.314354
0.885092 0.291821
0.933578 0.000415
0.937715 0.023009
0.917325 0.040158
0.907513 0.055544
0.930504 0.077355
0.886479 0.087923
0.891511 0.105950
0.883642 0.124117
0.896749 0.136653
0.838358 0.135078
0.845464 0.156243
0.843413 0.175583
0.826847 0.172432
0.843818 0.292496
0.942530 0.000372
0.956838 0.022491
0.948253 0.035319
0.924946 0.058871
0.913654 0.072399
0.921031 0.090596
0.903438 0.120601
0.919200 0.126137
0.916200 0.143257
0.855004 0.138541
0.896232 0.169364
0.862624 0.157543
0.829040 0.152747
0.816981 0.202506
0.906390 0.268945
0.951485 0.000074
0.951465 0.051612
0.940374 0.063056
0.945168 0.082280
0.954341 0.098401
0.908474 0.104390
0.931531 0.156790
0.904110 0.153704
0.909989 0.182331
0.920599 0.198894
0.958315 0.217722
0.878888 0.166408
0.861620 0.174444
0.979584 0.268825
0.960470 0.000345
0.973236 0.022475
0.966166 0.038350
0.958485 0.070403
0.966288 0.127929
0.938105 0.100273
0.925055 0.109192
0.885626 0.150460
0.941473 0.193552
0.918272 0.166407
0.941306 0.210328
0.851526 0.192686
0.939288 0.230213
0.935393 0.271472
0.890137 0.186392
0.969261 0.000234
0.981046 0.035986
0.966981 0.057428
0.952342 0.116345
0.963409 0.167945
0.942902 0.173647
0.949105 0.156174
0.925791 0.219009
0.903932 0.252430
0.902265 0.199099
0.979830 0.225400
0.975628 0.287345
0.835775 0.252582
0.849938 0.217751
0.978314 0.000591
0.999771 0.001140
0.980890 0.055806
0.980377 0.118188
0.937439 0.121970
0.950899 0.137210
0.960838 0.201172
0.979725 0.193612
0.978071 0.242101
0.908976 0.216609
0.994744 0.325999
0.888877 0.220498
0.920726 0.297573
0.827532 0.231829
0.894161 0.330986
0.988243 0.000339
0.978596 0.074992
0.965602 0.085322
0.979566 0.140244
0.964752 0.147888
0.933970 0.140077
0.949095 0.253818
0.867216 0.222771
0.999585 0.257615
0.931699 0.244999
0.882341 0.253866
0.956168 0.236004
0.929248 0.284344
0.832830 0.277132
0.999684 0.014426
0.999565 0.044636
0.979727 0.094786
0.968553 0.107084
0.999762 0.107973
0.999433 0.186736
0.999655 0.141211
0.999164 0.152303
0.962307 0.268187
0.999701 0.282340
0.966975 0.252227
0.883418 0.205227
0.877234 0.235694
0.999987 0.234279
0.846658 0.266111
0.998858 0.000823
0.999210 0.055369
0.999599 0.076019
0.999440 0.097208
0.999445 0.119116
0.978194 0.177614
0.976604 0.210132
0.915507 0.234731
0.999535 0.245992
0.999694 0.198464
0.999488 0.270118
0.858403 0.243571
0.818610 0.260695
0.985519 0.300230
0.999407 0.024583
0.999676 0.034419
0.999271 0.065864
0.999370 0.086533
0.979545 0.159802
0.999283 0.130104
0.999782 0.210067
0.928768 0.182882
0.999153 0.222111
0.999596 0.163638
0.999095 0.175022
0.843959 0.235674
0.897898 0.236197
0.999283 0.294274
0.996336 0.317506
