0.001076 0.009834
0.000479 0.043368
0.001004 0.075486
0.000148 0.116882
0.000724 0.148335
0.000924 0.182730
0.001027 0.211456
0.000806 0.235014
0.000548 0.258547
0.000761 0.284868
0.002727 0.322767
0.000991 0.345821
0.002193 0.373911
0.006870 0.410033
0.006201 0.000576
0.000883 0.022069
0.000508 0.054026
0.000771 0.096206
0.000073 0.127546
0.000061 0.169727
0.000688 0.196574
0.000461 0.224225
0.000242 0.247227
0.000437 0.269904
0.006291 0.283102
0.001129 0.334440
0.009665 0.352054
0.005861 0.379215
0.026762 0.384350
0.000344 0.000488
0.000098 0.032518
0.000809 0.064952
0.000621 0.085917
0.000109 0.106123
0.000475 0.138076
0.000446 0.158934
0.016617 0.173667
0.012372 0.196745
0.022051 0.221906
0.025686 0.251945
0.025149 0.280266
0.024505 0.316980
0.007163 0.410461
0.019965 0.000832
0.023026 0.019439
0.018706 0.037799
0.018668 0.063803
0.019687 0.086995
0.018247 0.113699
0.019458 0.133960
0.022557 0.153922
0.030884 0.178801
0.024093 0.206342
0.027713 0.234856
0.033294 0.261228
0.032547 0.298088
0.037085 0.339210
0.033512 0.381235
0.031196 0.000442
0.032933 0.030631
0.028129 0.050475
0.030637 0.075978
0.029557 0.099913
0.033095 0.118907
0.030466 0.143117
0.035813 0.163517
0.039602 0.189708
0.039704 0.212663
0.039626 0.240018
0.044073 0.272727
0.040484 0.307119
0.036406 0.347142
0.045420 0.000815
0.039443 0.011543
0.045238 0.040100
0.039471 0.061377
0.042018 0.087019
0.043602 0.105364
0.045158 0.127937
0.047590 0.147402
0.049579 0.170291
0.052711 0.194680
0.052473 0.221686
0.052509 0.251126
0.051595 0.286705
0.051937 0.328061
0.037200 0.371138
0.056447 0.000399
0.052672 0.023867
0.055011 0.049329
0.052876 0.068870
0.057802 0.090876
0.057098 0.113027
0.059043 0.133683
0.061185 0.156495
0.061631 0.179046
0.064872 0.205930
0.063155 0.234633
0.061438 0.265492
0.058637 0.307179
0.061288 0.351225
0.066926 0.000274
0.069459 0.017967
0.065279 0.034547
0.066785 0.058548
0.066841 0.077626
0.070907 0.099031
0.071333 0.120201
0.072360 0.142761
0.073735 0.165748
0.073768 0.190621
0.074782 0.219116
0.073511 0.246392
0.071720 0.279478
0.071506 0.319980
0.071738 0.360550
0.077486 0.000478
0.081710 0.027969
0.079352 0.045357
0.080663 0.066882
0.081402 0.087599
0.083716 0.108612
0.084723 0.129778
0.085846 0.152042
0.086297 0.175550
0.084393 0.202687
0.081687 0.231907
0.080542 0.262745
0.078646 0.301973
0.078888 0.345917
0.087935 0.000150
0.094801 0.016692
0.094499 0.037662
0.093589 0.056025
0.094900 0.076094
0.096088 0.096181
0.096870 0.117958
0.097132 0.140332
0.097524 0.163336
0.097490 0.187696
0.095601 0.216207
0.093089 0.245392
0.089173 0.276398
0.086411 0.318778
0.085316 0.363015
0.098745 0.000004
0.108061 0.026744
0.107684 0.046144
0.107581 0.065078
0.108978 0.086350
0.109696 0.106459
0.110080 0.127917
0.109599 0.151107
0.108774 0.174423
0.107415 0.199899
0.103952 0.229231
0.099633 0.261647
0.100614 0.301885
0.098298 0.350622
0.109005 0.000666
0.120702 0.016750
0.122314 0.036558
0.121617 0.056004
0.121557 0.076019
0.122613 0.095946
0.122338 0.116702
0.122359 0.138935
0.121581 0.162114
0.119829 0.186838
0.117751 0.215840
0.113064 0.243526
0.109247 0.274421
0.104171 0.314895
0.107125 0.362359
0.119668 0.000602
0.134185 0.026032
0.135104 0.045802
0.135669 0.065320
0.135902 0.086184
0.135582 0.106062
0.134651 0.127139
0.134037 0.150147
0.132295 0.172768
0.128694 0.199305
0.123747 0.227252
0.120442 0.259533
0.118681 0.301911
0.118849 0.355942
0.130083 0.000497
0.147494 0.017077
0.147784 0.036435
0.148687 0.056146
0.148987 0.075677
0.149032 0.095099
0.148188 0.115815
0.146686 0.137985
0.144819 0.160880
0.142375 0.185243
0.139144 0.214503
0.134017 0.242618
0.127759 0.272119
0.127032 0.314257
0.130215 0.367244
0.140279 0.000201
0.160744 0.025934
0.161241 0.045301
0.162397 0.065145
0.161983 0.085801
0.161441 0.104847
0.160147 0.125600
0.158063 0.148257
0.155004 0.171045
0.151654 0.196679
0.146301 0.225725
0.141528 0.257285
0.137189 0.302153
0.137969 0.355523
0.150827 0.000006
0.174087 0.017295
0.175082 0.036137
0.175271 0.055312
0.175626 0.075165
0.174906 0.094438
0.173316 0.114689
0.171540 0.135922
0.169289 0.158895
0.166266 0.183822
0.161804 0.211948
0.155854 0.239495
0.147569 0.268271
0.147462 0.314606
0.145839 0.368740
0.160914 0.000520
0.187004 0.025931
0.188462 0.044799
0.189028 0.064175
0.188629 0.084519
0.187376 0.103883
0.184938 0.124388
0.182498 0.146871
0.179254 0.169404
0.174480 0.195225
0.167434 0.223707
0.161765 0.255515
0.156942 0.303774
0.158433 0.360234
0.171272 0.000833
0.200158 0.017318
0.201635 0.036064
0.202197 0.054952
0.202065 0.073594
0.201246 0.093096
0.199367 0.113017
0.196312 0.134805
0.192945 0.157520
0.190260 0.181846
0.185353 0.209584
0.176342 0.238190
0.171088 0.264228
0.167243 0.313951
0.173364 0.368457
0.181521 0.000718
0.213635 0.025047
0.215498 0.044328
0.215961 0.063206
0.214731 0.083352
0.213515 0.102093
0.210736 0.122616
0.207903 0.146106
0.202428 0.167216
0.197610 0.193445
0.189087 0.223986
0.183804 0.254562
0.179412 0.305290
0.178642 0.357269
0.191661 0.000811
0.227355 0.016850
0.228313 0.035411
0.229921 0.053448
0.228911 0.072337
0.227478 0.091500
0.224783 0.111351
0.222696 0.133990
0.219891 0.156206
0.214258 0.179910
0.209632 0.208498
0.201093 0.232394
0.194188 0.258137
0.190662 0.313065
0.190080 0.369755
0.202160 0.000858
0.240903 0.025113
0.243111 0.043072
0.243335 0.061795
0.241671 0.081762
0.239009 0.099724
0.236392 0.121579
0.233266 0.145451
0.226272 0.166386
0.218261 0.192102
0.211555 0.223222
0.206959 0.254832
0.201574 0.304636
0.199987 0.357621
0.212303 0.000504
0.254107 0.016682
0.256507 0.034618
0.257472 0.052000
0.256273 0.070253
0.253788 0.089250
0.250935 0.108702
0.248149 0.131807
0.243589 0.153739
0.238911 0.177274
0.233783 0.210575
0.225528 0.224001
0.217008 0.253388
0.212072 0.311608
0.208170 0.368149
0.222734 0.000061
0.269119 0.023711
0.271209 0.041921
0.270904 0.059776
0.268745 0.079629
0.265823 0.096941
0.262278 0.118427
0.258607 0.141388
0.250458 0.164946
0.239792 0.190495
0.240852 0.226895
0.230377 0.251528
0.225027 0.304349
0.221285 0.360212
0.233254 0.000249
0.282657 0.015973
0.284070 0.033186
0.285821 0.049948
0.284243 0.068278
0.280997 0.086516
0.277165 0.105423
0.273543 0.129343
0.269613 0.150344
0.267039 0.174059
0.259302 0.199883
0.253295 0.213538
0.240771 0.250198
0.235664 0.308548
0.232956 0.366456
0.243592 0.000100
0.297653 0.023286
0.299747 0.039975
0.299746 0.057842
0.296753 0.076521
0.292471 0.093178
0.289255 0.115089
0.285431 0.136952
0.275948 0.159253
0.271144 0.186589
0.265278 0.223980
0.255305 0.248895
0.249005 0.300515
0.243168 0.358282
0.254281 0.000713
0.311164 0.014531
0.314056 0.031701
0.315024 0.047768
0.312912 0.065091
0.308920 0.082632
0.305504 0.101268
0.301955 0.121642
0.293707 0.143956
0.289305 0.170318
0.290852 0.201100
0.274279 0.206021
0.263549 0.245807
0.256727 0.306316
0.252173 0.365984
0.264703 0.001088
0.327356 0.021531
0.329374 0.037386
0.328874 0.054784
0.326051 0.072801
0.322027 0.088874
0.317748 0.109648
0.311356 0.130767
0.307075 0.153642
0.301815 0.179126
0.286865 0.218877
0.281223 0.242510
0.273442 0.300119
0.265258 0.356449
0.275428 0.000595
0.341022 0.013258
0.342851 0.030094
0.344787 0.045103
0.343147 0.062529
0.338798 0.079219
0.333299 0.097147
0.327689 0.119987
0.322958 0.140967
0.317311 0.165699
0.312507 0.193187
0.303339 0.212614
0.288371 0.240853
0.279670 0.299678
0.273126 0.362030
0.286291 0.001163
0.355591 0.019494
0.358783 0.035692
0.359040 0.052215
0.355601 0.069279
0.350322 0.086074
0.346030 0.105747
0.341530 0.124673
0.334156 0.145595
0.328486 0.170878
0.314303 0.207036
0.308968 0.239116
0.300391 0.293894
0.289413 0.356670
0.296910 0.000352
0.367392 0.011005
0.372254 0.029748
0.373782 0.043505
0.372091 0.059491
0.369036 0.074551
0.364714 0.090819
0.358232 0.110977
0.348090 0.134194
0.343722 0.162278
0.336292 0.191547
0.329572 0.208961
0.311786 0.234191
0.302273 0.291090
0.296006 0.355795
0.308325 0.000289
0.380463 0.018519
0.387523 0.032572
0.388530 0.048040
0.386390 0.063230
0.381536 0.080432
0.373997 0.099972
0.364083 0.122968
0.360736 0.144498
0.348381 0.174625
0.342229 0.200790
0.332762 0.232859
0.330643 0.285240
0.315138 0.351658
0.319136 0.000566
0.391123 0.014093
0.401915 0.031054
0.403385 0.044406
0.400323 0.060804
0.395220 0.075362
0.389611 0.094141
0.383072 0.111974
0.377473 0.127568
0.366474 0.154677
0.358575 0.183900
0.352921 0.209181
0.338502 0.231586
0.330423 0.281906
0.321614 0.348376
0.330137 0.000128
0.417419 0.024791
0.423292 0.031773
0.417808 0.046208
0.414218 0.059909
0.410527 0.074442
0.404258 0.090400
0.394760 0.113366
0.384889 0.138726
0.377170 0.165148
0.368548 0.191982
0.359017 0.227898
0.352568 0.277178
0.342790 0.340181
0.341657 0.000399
0.414041 0.001019
0.432153 0.016089
0.433537 0.034399
0.433140 0.051517
0.426093 0.065651
0.419395 0.083303
0.408836 0.101691
0.397523 0.126344
0.391746 0.153442
0.383714 0.176510
0.373305 0.205040
0.368681 0.225736
0.357436 0.270276
0.337627 0.343751
0.352678 0.000469
0.446067 0.019080
0.445485 0.038001
0.447007 0.054528
0.438527 0.070036
0.430914 0.086959
0.424031 0.102083
0.415191 0.117168
0.407299 0.136594
0.397735 0.158579
0.391388 0.185706
0.385873 0.217165
0.386381 0.268207
0.367218 0.331949
0.364387 0.000510
0.423254 0.000531
0.470360 0.021305
0.461135 0.029707
0.460604 0.042114
0.455503 0.063283
0.447192 0.081337
0.437641 0.095406
0.428348 0.117855
0.422067 0.140822
0.408670 0.169267
0.398765 0.199641
0.388869 0.240272
0.367321 0.263228
0.377095 0.329531
0.376021 0.000925
0.466623 0.000129
0.477763 0.031991
0.472563 0.049722
0.465870 0.061457
0.458851 0.078681
0.456384 0.098975
0.441749 0.114013
0.435600 0.135776
0.423123 0.158092
0.410061 0.183617
0.399428 0.210388
0.389392 0.249570
0.372008 0.324555
0.388120 0.001134
0.456186 0.000924
0.488315 0.001237
0.487074 0.022613
0.508823 0.045148
0.493915 0.100463
0.482987 0.083884
0.476547 0.112063
0.479386 0.129433
0.460072 0.145520
0.447961 0.171031
0.447931 0.187866
0.434976 0.220637
0.419037 0.262562
0.390890 0.292994
0.431510 0.000394
0.477575 0.000458
0.592856 0.030941
0.506624 0.055744
0.493135 0.078966
0.472091 0.085037
0.467451 0.097492
0.454096 0.108483
0.445071 0.122981
0.436539 0.149471
0.432289 0.176450
0.428115 0.212144
0.410668 0.250242
0.390129 0.290572
0.402909 0.000170
0.445324 0.000272
0.509658 0.001243
0.493146 0.035567
0.502860 0.187459
0.498131 0.082325
0.506232 0.162796
0.487714 0.108112
0.482255 0.123256
0.467960 0.133330
0.458156 0.157167
0.439369 0.194183
0.427463 0.224760
0.424439 0.257853
0.402946 0.274546
0.530211 0.000030
0.499709 0.000867
0.432596 0.000691
0.464745 0.207335
0.483738 0.048734
0.503259 0.085096
0.513545 0.098154
0.499440 0.135336
0.512736 0.127860
0.537338 0.159391
0.537376 0.185024
0.553261 0.201480
0.560171 0.234983
0.579529 0.266535
0.598720 0.000205
0.548837 0.001097
0.398111 0.005311
0.493445 0.010015
0.520584 0.042275
0.510402 0.075961
0.522624 0.085732
0.530557 0.098751
0.535123 0.113245
0.545904 0.135817
0.551931 0.154158
0.556175 0.189448
0.566731 0.233490
0.570192 0.261141
0.604263 0.288399
0.586381 0.000189
0.519535 0.000128
0.464367 0.010262
0.503898 0.028403
0.493994 0.060149
0.485757 0.137527
0.503395 0.117723
0.518066 0.110516
0.528834 0.131400
0.528090 0.145371
0.546720 0.176443
0.539944 0.199911
0.566358 0.247022
0.609836 0.299782
0.610962 0.000176
0.569185 0.000387
0.512205 0.013739
0.527388 0.023380
0.523130 0.065306
0.534612 0.067050
0.539859 0.084603
0.544478 0.104273
0.551467 0.121664
0.562414 0.142635
0.577655 0.167337
0.589092 0.194788
0.599643 0.225045
0.593416 0.274802
0.615173 0.316983
0.624404 0.000173
0.540030 0.000162
0.529325 0.011478
0.531212 0.035578
0.538867 0.047131
0.545532 0.069512
0.551995 0.088873
0.558862 0.105902
0.567515 0.126016
0.575090 0.152428
0.586738 0.181607
0.598932 0.215729
0.607636 0.270560
0.618383 0.323373
0.636128 0.000128
0.558742 0.000244
0.546068 0.022348
0.549055 0.035142
0.550002 0.055254
0.559799 0.076806
0.565978 0.094114
0.572015 0.107155
0.581089 0.122338
0.590497 0.143035
0.597061 0.167361
0.604516 0.195475
0.612172 0.230311
0.623696 0.271302
0.628759 0.334188
0.647740 0.000426
0.560401 0.016595
0.558755 0.030078
0.556733 0.041664
0.562028 0.053242
0.572413 0.074007
0.580411 0.091139
0.592780 0.111399
0.599861 0.138163
0.607406 0.160758
0.613419 0.183521
0.622219 0.220258
0.630237 0.278701
0.639670 0.333063
0.659330 0.000643
0.577216 0.000634
0.571050 0.021865
0.572809 0.041299
0.574064 0.055121
0.582192 0.064936
0.588659 0.081422
0.597793 0.100264
0.606785 0.123010
0.613047 0.147282
0.622614 0.174674
0.640053 0.203601
0.643719 0.229394
0.649656 0.280909
0.656957 0.341653
0.670202 0.000556
0.591882 0.010082
0.597394 0.024755
0.595605 0.051825
0.598368 0.066503
0.604590 0.082190
0.610494 0.100097
0.616711 0.116999
0.625514 0.137258
0.636138 0.164593
0.631638 0.194049
0.641095 0.223427
0.653996 0.280925
0.652217 0.346492
0.681418 0.000788
0.612324 0.008612
0.611861 0.024559
0.611021 0.040651
0.611173 0.056176
0.615363 0.070372
0.621058 0.088118
0.628970 0.108711
0.635563 0.129165
0.641380 0.152794
0.648584 0.177500
0.653587 0.198890
0.667704 0.234034
0.675597 0.288052
0.676995 0.350101
0.692735 0.000189
0.627078 0.015814
0.625861 0.031740
0.625847 0.048352
0.628935 0.064144
0.632960 0.080678
0.638019 0.098640
0.646076 0.119348
0.652692 0.144623
0.657441 0.172022
0.667892 0.197300
0.668641 0.237769
0.678033 0.292848
0.681828 0.351110
0.703372 0.000179
0.643891 0.013842
0.641260 0.029558
0.640719 0.043506
0.643200 0.059582
0.647527 0.075264
0.651304 0.093189
0.655313 0.112172
0.660913 0.130682
0.667521 0.155478
0.670940 0.184012
0.681619 0.202196
0.689138 0.236370
0.698589 0.296226
0.703352 0.356140
0.714319 0.000666
0.659172 0.019603
0.657095 0.034943
0.656889 0.052371
0.660132 0.068700
0.664668 0.085330
0.669284 0.106613
0.672587 0.126873
0.676600 0.146197
0.684270 0.173162
0.695014 0.201858
0.696072 0.238097
0.704936 0.296039
0.709613 0.358369
0.725013 0.000558
0.674778 0.014880
0.673210 0.030953
0.672324 0.045662
0.674194 0.062812
0.677095 0.078701
0.680409 0.095917
0.684724 0.115885
0.689073 0.136251
0.689087 0.161020
0.695865 0.186100
0.710215 0.198482
0.716077 0.241374
0.721385 0.303200
0.724817 0.360724
0.735532 0.000216
0.689453 0.021387
0.687840 0.037522
0.688130 0.055149
0.690963 0.072221
0.694092 0.089213
0.696008 0.109565
0.700872 0.128671
0.705606 0.152560
0.711045 0.179705
0.718416 0.210494
0.720438 0.245282
0.729323 0.300928
0.735132 0.360182
0.746320 0.001210
0.704769 0.014543
0.703272 0.031838
0.702286 0.048058
0.703743 0.065489
0.706961 0.082113
0.709176 0.100813
0.711941 0.122261
0.715374 0.140596
0.717000 0.163827
0.723420 0.191897
0.732391 0.202678
0.738576 0.246478
0.743791 0.306904
0.749350 0.365417
0.756534 0.000359
0.718586 0.023086
0.717290 0.039380
0.717270 0.057812
0.719088 0.075968
0.722217 0.091761
0.724648 0.112619
0.726188 0.132437
0.730508 0.153813
0.741519 0.190999
0.741851 0.212758
0.748210 0.248443
0.753309 0.303453
0.756729 0.357638
0.767139 0.000027
0.732825 0.014761
0.731580 0.032860
0.731070 0.049585
0.731984 0.067750
0.734443 0.085012
0.736431 0.104265
0.739639 0.125663
0.742108 0.145664
0.732626 0.172147
0.757659 0.181969
0.753526 0.206816
0.761367 0.249825
0.766487 0.309746
0.769818 0.368591
0.777582 0.000192
0.746133 0.023959
0.744769 0.041133
0.745132 0.059508
0.746700 0.078088
0.748855 0.094634
0.750939 0.115738
0.752036 0.134018
0.756431 0.160045
0.763769 0.198692
0.763516 0.222968
0.773628 0.251941
0.777761 0.304453
0.779000 0.358134
0.787776 0.000326
0.760314 0.015338
0.758869 0.033640
0.758166 0.050845
0.759057 0.069550
0.760935 0.086967
0.763496 0.106293
0.764261 0.129175
0.767494 0.147213
0.771333 0.160774
0.769310 0.178222
0.774291 0.209483
0.787112 0.251053
0.789513 0.311061
0.786942 0.368269
0.798292 0.000363
0.772697 0.024636
0.771920 0.042201
0.771863 0.060574
0.773154 0.080188
0.775134 0.096570
0.775645 0.119183
0.779689 0.139290
0.790204 0.163807
0.786458 0.210191
0.789618 0.225720
0.797099 0.252759
0.800388 0.304686
0.799763 0.360836
0.808374 0.000410
0.786406 0.016002
0.785711 0.034185
0.785054 0.051930
0.785796 0.070192
0.786687 0.088634
0.788199 0.107974
0.790586 0.130238
0.790446 0.149980
0.794290 0.178003
0.800037 0.189353
0.800999 0.211107
0.810638 0.252949
0.811146 0.312176
0.811777 0.367692
0.818803 0.000580
0.799351 0.024362
0.798433 0.042868
0.798710 0.061057
0.799132 0.080579
0.800031 0.097904
0.801810 0.118969
0.803527 0.142344
0.809597 0.159554
0.812260 0.195703
0.810066 0.225647
0.821674 0.249272
0.822841 0.302574
0.821138 0.357968
0.829157 0.000783
0.812647 0.016129
0.812049 0.034789
0.811802 0.052224
0.812346 0.070690
0.812602 0.089600
0.814262 0.108540
0.815080 0.130711
0.819709 0.153844
0.819429 0.179332
0.822350 0.207810
0.824646 0.224941
0.833361 0.255524
0.832706 0.310082
0.828666 0.367482
0.839358 0.000006
0.825404 0.024546
0.825286 0.042784
0.825581 0.061353
0.826039 0.081327
0.826308 0.099099
0.827123 0.119823
0.828131 0.142046
0.829536 0.165765
0.833928 0.189599
0.839367 0.221164
0.843280 0.248584
0.846032 0.302860
0.842276 0.358188
0.849852 0.000401
0.838513 0.016105
0.838901 0.034817
0.839232 0.052835
0.839519 0.071019
0.839098 0.090126
0.839520 0.109339
0.840846 0.130581
0.841562 0.154065
0.842809 0.177249
0.845129 0.205517
0.850709 0.233073
0.856543 0.259673
0.855575 0.308904
0.852812 0.366377
0.859970 0.000802
0.852744 0.024525
0.852761 0.042880
0.852750 0.062003
0.852788 0.081235
0.852394 0.099835
0.853085 0.120000
0.854006 0.142718
0.854739 0.164724
0.856380 0.189693
0.859883 0.218664
0.863113 0.249141
0.866788 0.297025
0.863041 0.354984
0.870585 0.000020
0.865567 0.016257
0.865592 0.035078
0.866619 0.053280
0.866965 0.071428
0.866019 0.090393
0.866013 0.110305
0.866441 0.131340
0.866577 0.154159
0.866931 0.178155
0.868167 0.204251
0.870929 0.233990
0.879039 0.264364
0.875710 0.307001
0.870043 0.363413
0.881025 0.000971
0.879059 0.025363
0.879725 0.042741
0.880604 0.061753
0.880115 0.081686
0.879268 0.100179
0.879238 0.120919
0.879094 0.143046
0.878605 0.165103
0.878651 0.191114
0.881994 0.218933
0.883790 0.249175
0.886576 0.295230
0.883741 0.356101
0.891340 0.001094
0.892126 0.016200
0.892615 0.035121
0.894452 0.053538
0.894471 0.071421
0.893311 0.090670
0.892517 0.110664
0.891625 0.131701
0.890845 0.154283
0.890248 0.178046
0.891178 0.206002
0.893823 0.234603
0.897145 0.266964
0.901116 0.306813
0.895170 0.360454
0.902132 0.000241
0.906137 0.024768
0.907633 0.044210
0.909017 0.061975
0.907866 0.081645
0.906201 0.100903
0.905123 0.120789
0.903175 0.142982
0.902112 0.165458
0.902514 0.191630
0.904071 0.220650
0.905880 0.252536
0.901696 0.286476
0.904932 0.348227
0.912316 0.000000
0.919368 0.016174
0.919831 0.036217
0.924601 0.052929
0.922263 0.071615
0.919165 0.091465
0.918750 0.112179
0.917169 0.132548
0.915115 0.154948
0.914406 0.179444
0.913770 0.207460
0.914076 0.236842
0.912680 0.270909
0.913825 0.305593
0.913993 0.357491
0.923169 0.001011
0.931813 0.027047
0.937768 0.041371
0.935077 0.062962
0.933095 0.085509
0.932455 0.103581
0.933182 0.125259
0.929706 0.145750
0.925592 0.169021
0.923305 0.194289
0.923490 0.220732
0.924979 0.251708
0.925002 0.289809
0.922705 0.353315
0.933772 0.000562
0.943579 0.017591
0.952412 0.032027
0.948687 0.055650
0.947507 0.078794
0.947887 0.097701
0.944620 0.116915
0.943356 0.138101
0.939817 0.157929
0.936444 0.183220
0.936547 0.209993
0.934229 0.238876
0.938550 0.276939
0.933497 0.311570
0.939000 0.344142
0.944063 0.000024
0.963362 0.017490
0.959856 0.045321
0.958922 0.069719
0.960826 0.093584
0.959246 0.112991
0.958064 0.133050
0.957589 0.154434
0.947237 0.172053
0.946692 0.199393
0.943664 0.225316
0.943324 0.254691
0.947111 0.299119
0.955839 0.339728
0.954668 0.000654
0.974906 0.000754
0.971487 0.033475
0.969237 0.057518
0.972263 0.081491
0.975998 0.107178
0.972799 0.130756
0.970358 0.147644
0.961412 0.172579
0.959782 0.192624
0.962613 0.228434
0.960232 0.244197
0.951119 0.279309
0.945876 0.319083
0.948227 0.354955
0.964954 0.000856
0.980129 0.023185
0.981208 0.047638
0.982176 0.068477
0.980728 0.093690
0.982192 0.122197
0.984987 0.151171
0.976389 0.166076
0.979424 0.185899
0.962205 0.211436
0.975771 0.236910
0.958888 0.262086
0.964009 0.299708
0.965094 0.363145
0.985106 0.000174
0.999379 0.023964
0.999749 0.043755
0.999011 0.075521
0.998979 0.107803
0.999975 0.141799
0.998915 0.176950
0.999985 0.207923
0.975724 0.201905
0.984852 0.222436
0.971991 0.261690
0.981288 0.278180
0.980637 0.296929
0.975770 0.318158
0.973805 0.365861
0.999474 0.000802
0.999854 0.033869
0.998983 0.064679
0.999824 0.096840
0.999542 0.130952
0.999406 0.165629
0.999381 0.197030
0.999205 0.235117
0.999299 0.256293
0.999747 0.281395
0.999461 0.306003
0.999434 0.338176
0.992703 0.362502
0.967598 0.325827
0.999199 0.001341
0.999327 0.013039
0.999593 0.054361
0.999183 0.085998
0.999718 0.119085
0.999839 0.153977
0.999810 0.186205
0.999347 0.220579
0.999920 0.246407
0.999647 0.269617
0.999619 0.300348
0.998920 0.337102
0.999052 0.374297
0.991814 0.388965
0.993714 0.392583
