0.000430 0.024681
0.000699 0.063553
0.000618 0.094319
0.000816 0.126307
0.000683 0.136901
0.007006 0.416448
0.000266 0.182265
0.000412 0.194415
0.001221 0.345141
0.063847 0.291611
0.008420 0.373478
0.050180 0.280561
0.039277 0.299924
0.083121 0.293592
0.000157 0.014797
0.000195 0.043713
0.000833 0.073572
0.022377 0.062483
0.017607 0.249040
0.000939 0.206511
0.000450 0.170634
0.000675 0.300819
0.000266 0.244080
0.000560 0.258778
0.011370 0.354092
0.016869 0.334009
0.053754 0.329829
0.098818 0.258583
0.122792 0.249109
0.000817 0.000184
0.000247 0.053679
0.000009 0.083799
0.000081 0.104853
0.000961 0.115529
0.000151 0.218814
0.000292 0.159464
0.000255 0.316029
0.000610 0.231162
0.046325 0.314439
0.000212 0.413007
0.076017 0.273068
0.115851 0.267172
0.003119 0.386058
0.001365 0.000577
0.020573 0.029018
0.022863 0.046095
0.021000 0.097858
0.020069 0.194231
0.053942 0.206463
0.026448 0.178676
0.000643 0.273990
0.054737 0.261963
0.036850 0.257461
0.032978 0.278078
0.049423 0.372215
0.036977 0.354477
0.036073 0.336028
0.066573 0.309662
0.011528 0.000719
0.037240 0.037272
0.000080 0.034180
0.022401 0.080011
0.000005 0.148140
0.029190 0.234960
0.034143 0.205054
0.043027 0.221425
0.020501 0.295683
0.063483 0.223040
0.021897 0.313817
0.113416 0.201750
0.072364 0.256839
0.060041 0.350422
0.029718 0.000956
0.021067 0.000331
0.040318 0.054649
0.037328 0.069701
0.020647 0.218083
0.021197 0.142493
0.042942 0.170539
0.043875 0.189440
0.045790 0.242130
0.075448 0.208980
0.084786 0.189656
0.064456 0.241230
0.000595 0.331213
0.002834 0.400484
0.106415 0.288658
0.038338 0.000642
0.050352 0.024774
0.038385 0.087953
0.045398 0.118744
0.036615 0.153541
0.031745 0.130463
0.060670 0.176658
0.115853 0.166253
0.017130 0.269448
0.066311 0.192105
0.000248 0.287658
0.087449 0.244676
0.083714 0.227742
0.096139 0.273992
0.046946 0.000852
0.033552 0.022003
0.066060 0.023356
0.054152 0.040578
0.034686 0.106038
0.051861 0.099542
0.021368 0.162742
0.055630 0.155713
0.098523 0.171897
0.078483 0.172429
0.092902 0.208428
0.156761 0.199506
0.126589 0.212651
0.174611 0.230153
0.085684 0.311635
0.055662 0.000417
0.078345 0.030572
0.069594 0.044317
0.053636 0.074505
0.063538 0.088196
0.021064 0.118454
0.061650 0.118131
0.047401 0.139012
0.150762 0.161470
0.102949 0.187690
0.122637 0.184484
0.143562 0.215461
0.105502 0.220125
0.160321 0.219898
0.064313 0.000076
0.072841 0.000001
0.090684 0.023614
0.080807 0.057534
0.058846 0.058532
0.071728 0.071371
0.078922 0.121280
0.071906 0.103900
0.072058 0.156187
0.137205 0.175478
0.175843 0.206641
0.137540 0.195638
0.145895 0.235098
0.124921 0.231191
0.073882 0.331570
0.081394 0.000581
0.106188 0.024260
0.107139 0.040271
0.099796 0.058054
0.090846 0.072863
0.081645 0.088050
0.064214 0.136410
0.080949 0.140758
0.092305 0.155568
0.141732 0.141694
0.155134 0.181306
0.170694 0.169589
0.190782 0.224359
0.105761 0.306942
0.090024 0.000881
0.107366 0.000794
0.122016 0.024755
0.090772 0.042317
0.109467 0.073721
0.099950 0.089396
0.090279 0.105600
0.095487 0.124461
0.100754 0.141736
0.115520 0.149998
0.162742 0.150433
0.173598 0.187172
0.211866 0.253660
0.141128 0.254133
0.036375 0.375678
0.098726 0.000046
0.124753 0.040601
0.117362 0.056934
0.127157 0.072558
0.134742 0.089491
0.117856 0.090685
0.107697 0.106419
0.112414 0.123328
0.124158 0.134506
0.133096 0.156240
0.191430 0.169544
0.207984 0.217012
0.198752 0.241609
0.106239 0.238231
0.116049 0.000037
0.141769 0.000536
0.137734 0.024949
0.135222 0.056254
0.144802 0.072304
0.153266 0.088571
0.125411 0.108630
0.155573 0.115900
0.156491 0.132726
0.175903 0.135575
0.180716 0.154159
0.192176 0.186457
0.217712 0.232353
0.196433 0.263946
0.133505 0.272206
0.124646 0.000359
0.143545 0.039740
0.153316 0.055242
0.162185 0.070651
0.180396 0.069191
0.143032 0.104219
0.137296 0.122800
0.175189 0.119120
0.202750 0.156990
0.211507 0.176344
0.210728 0.194085
0.193584 0.204646
0.193503 0.287458
0.178194 0.285796
0.133175 0.000343
0.175949 0.000768
0.154415 0.024603
0.171816 0.054113
0.172005 0.085958
0.165902 0.102022
0.193929 0.120620
0.193649 0.138808
0.228172 0.191919
0.220953 0.159460
0.224603 0.211708
0.229328 0.247441
0.143675 0.307225
0.161131 0.245153
0.145514 0.285178
0.150356 0.000471
0.162233 0.038292
0.190730 0.053697
0.189326 0.086816
0.184885 0.103958
0.213015 0.122110
0.211181 0.139396
0.240867 0.157532
0.232770 0.174430
0.237533 0.228024
0.249946 0.262070
0.179204 0.248795
0.092515 0.351405
0.064978 0.363573
0.158874 0.000047
0.172170 0.024370
0.180889 0.037408
0.199847 0.037708
0.206432 0.088659
0.204050 0.105694
0.227455 0.141362
0.260539 0.155330
0.252503 0.172640
0.248056 0.190434
0.249876 0.244039
0.230981 0.266734
0.210826 0.275908
0.176870 0.267055
0.081190 0.355036
0.167431 0.000412
0.218181 0.038832
0.198149 0.070430
0.233244 0.073260
0.215504 0.071854
0.223197 0.106181
0.267676 0.188753
0.272891 0.172110
0.242835 0.208722
0.244322 0.281031
0.225649 0.285546
0.228432 0.305604
0.205607 0.300760
0.103540 0.346811
0.184516 0.000809
0.191042 0.024336
0.236275 0.039693
0.208950 0.054749
0.242019 0.090029
0.223843 0.089481
0.245737 0.139969
0.278658 0.154051
0.256450 0.225907
0.306665 0.254232
0.292245 0.225233
0.171619 0.307798
0.218812 0.316368
0.142303 0.326555
0.114402 0.334415
0.193030 0.000020
0.209809 0.024598
0.253564 0.040006
0.251408 0.073806
0.241627 0.107304
0.232255 0.123440
0.266031 0.137123
0.297318 0.206910
0.289388 0.244965
0.269849 0.248684
0.268920 0.266923
0.254243 0.320697
0.157418 0.265390
0.160543 0.288061
0.201564 0.000424
0.252336 0.000360
0.227940 0.024990
0.226840 0.055935
0.260867 0.089640
0.258960 0.107150
0.252539 0.124081
0.274597 0.121867
0.306221 0.189509
0.261133 0.207055
0.303782 0.282155
0.265334 0.285196
0.252954 0.299395
0.156565 0.321716
0.095193 0.325186
0.210055 0.000069
0.245557 0.024823
0.270134 0.040931
0.270192 0.072899
0.280440 0.087181
0.276076 0.104839
0.296854 0.155493
0.286254 0.191557
0.320632 0.200958
0.277861 0.210317
0.316658 0.270518
0.277354 0.305587
0.296641 0.313535
0.126391 0.290847
0.218571 0.000098
0.285998 0.000219
0.262747 0.024892
0.244244 0.057134
0.291053 0.072195
0.293190 0.103946
0.285922 0.137057
0.305229 0.138053
0.291431 0.173446
0.344348 0.181693
0.328595 0.233909
0.273976 0.230742
0.302710 0.299689
0.334138 0.305974
0.241479 0.318479
0.227006 0.000997
0.279453 0.025088
0.281279 0.058480
0.261996 0.057707
0.310361 0.106733
0.295442 0.121696
0.316333 0.123460
0.316038 0.153925
0.310838 0.171426
0.357323 0.213457
0.290294 0.265090
0.347030 0.248635
0.123817 0.311889
0.265764 0.317425
0.235469 0.000308
0.311099 0.000442
0.286373 0.041480
0.311384 0.073430
0.300310 0.087796
0.328622 0.107293
0.347335 0.108069
0.326578 0.139086
0.326473 0.183027
0.371014 0.132061
0.342413 0.200390
0.312961 0.217718
0.309396 0.236185
0.188922 0.319806
0.308665 0.315985
0.243899 0.000847
0.296037 0.025348
0.322138 0.059683
0.319232 0.090541
0.330885 0.076476
0.339912 0.092194
0.360365 0.117228
0.340830 0.149383
0.361110 0.149465
0.331251 0.164977
0.327731 0.252072
0.347212 0.283459
0.128666 0.331299
0.283567 0.282332
0.260784 0.000265
0.336144 0.001026
0.301949 0.058488
0.339879 0.060699
0.350235 0.076490
0.359726 0.092268
0.372345 0.102835
0.336477 0.124254
0.351499 0.134029
0.352315 0.164964
0.365908 0.177037
0.367575 0.249314
0.377654 0.215586
0.473715 0.334192
0.366966 0.231137
0.269219 0.000021
0.302581 0.041229
0.319128 0.042943
0.375452 0.057992
0.368889 0.075351
0.381742 0.086192
0.407013 0.131343
0.382576 0.115710
0.388813 0.132319
0.377346 0.152597
0.333873 0.215297
0.374251 0.322926
0.830478 0.328740
0.201375 0.318270
0.277605 0.000696
0.361124 0.000799
0.357643 0.059842
0.336162 0.042221
0.369289 0.041111
0.401670 0.080998
0.393613 0.098334
0.431926 0.097248
0.424688 0.131878
0.394244 0.150083
0.379949 0.169869
0.390518 0.185143
0.377751 0.197649
0.360378 0.194409
0.403902 0.323849
0.294403 0.000055
0.312604 0.025911
0.344426 0.025717
0.386928 0.039520
0.388830 0.068411
0.412649 0.096609
0.401562 0.114281
0.412155 0.149213
0.431546 0.150340
0.400047 0.167966
0.401222 0.200493
0.419338 0.216718
0.173688 0.322865
0.386548 0.322486
0.302786 0.000888
0.328224 0.026172
0.378210 0.025406
0.396665 0.053002
0.420938 0.080625
0.464235 0.089946
0.438563 0.115577
0.420339 0.112972
0.451282 0.101362
0.410908 0.184513
0.462033 0.202812
0.443036 0.200982
0.409991 0.231543
0.388262 0.233587
0.347568 0.230397
0.319451 0.000500
0.352416 0.041835
0.395942 0.026498
0.410154 0.041503
0.432842 0.040397
0.432889 0.069029
0.472613 0.107690
0.460027 0.136449
0.440281 0.167986
0.419461 0.166419
0.431122 0.183257
0.398721 0.267874
0.356835 0.322431
0.336416 0.269750
0.327786 0.000473
0.402630 0.000567
0.361071 0.025900
0.411270 0.026398
0.409833 0.064939
0.455339 0.071588
0.443344 0.083919
0.458180 0.118377
0.442378 0.133955
0.452274 0.183400
0.472626 0.148854
0.386521 0.251550
0.405642 0.249077
0.346341 0.322800
0.416521 0.326397
0.344449 0.000716
0.451629 0.041079
0.422864 0.054210
0.464902 0.057351
0.491402 0.078365
0.492047 0.114711
0.464379 0.166941
0.451236 0.154038
0.502913 0.305562
0.395955 0.216279
0.423361 0.200072
0.429525 0.235183
0.408415 0.305717
0.327638 0.317103
0.352802 0.000462
0.410921 0.000686
0.477099 0.000652
0.461054 0.026207
0.427040 0.026645
0.507897 0.079598
0.483756 0.094512
0.500570 0.099389
0.483477 0.164230
0.477502 0.126059
0.425292 0.287646
0.450070 0.238424
0.356895 0.265851
0.387198 0.285620
0.465177 0.263198
0.369427 0.000463
0.460604 0.000493
0.444363 0.025942
0.444418 0.056903
0.529494 0.125783
0.546418 0.139685
0.502442 0.129749
0.500747 0.153313
0.470719 0.184796
0.375836 0.269068
0.327349 0.289843
0.809230 0.327942
0.543542 0.340091
0.406224 0.285966
0.377763 0.000178
0.452338 0.000419
0.485340 0.000308
0.503449 0.041282
0.535161 0.043466
0.547988 0.184935
0.531190 0.169975
0.532581 0.148462
0.591815 0.256689
0.429760 0.306307
0.599252 0.339329
0.958022 0.189519
0.523808 0.269031
0.443120 0.329173
0.365874 0.286802
0.419233 0.001099
0.468848 0.000865
0.612544 0.040574
0.473703 0.075383
0.483061 0.059800
0.516502 0.202032
0.516478 0.160009
0.488347 0.140705
0.512385 0.221628
0.439930 0.219443
0.515090 0.338097
0.385129 0.303265
0.487397 0.315075
0.361332 0.303350
0.394321 0.000676
0.435798 0.000864
0.510044 0.000534
0.478132 0.025708
0.609623 0.211778
0.525380 0.081332
0.669227 0.333267
0.499614 0.173173
0.445954 0.292572
0.480088 0.207475
0.860991 0.211135
0.719278 0.341388
0.811104 0.351557
0.431763 0.329587
0.694947 0.337079
0.534717 0.000577
0.501822 0.000361
0.427540 0.000512
0.022812 0.378036
0.499609 0.060469
0.514232 0.116343
0.426989 0.253186
0.591824 0.301017
0.500800 0.238361
0.822836 0.353928
0.831211 0.217245
0.510805 0.284335
0.854156 0.357561
0.489364 0.335134
0.600591 0.000353
0.551144 0.000397
0.386065 0.000316
0.493583 0.000349
0.543277 0.026646
0.487241 0.041525
0.516997 0.097709
0.560556 0.153904
0.494184 0.219802
0.980552 0.328811
0.418633 0.267964
0.463466 0.332184
0.503554 0.336768
0.451831 0.312505
0.585884 0.339132
0.592361 0.000830
0.518276 0.001115
0.444071 0.001110
0.512457 0.025689
0.470347 0.040748
0.869200 0.193234
0.797102 0.351347
0.640222 0.339192
0.880285 0.328740
0.533541 0.314110
0.915068 0.327519
0.530791 0.337900
0.515960 0.314571
0.536697 0.254687
0.617172 0.000286
0.567582 0.000866
0.519237 0.042637
0.526476 0.000918
0.515571 0.062247
0.530869 0.062499
0.546475 0.063285
0.517196 0.139280
0.546843 0.163468
0.487123 0.186806
0.476750 0.227812
0.441156 0.274230
0.486671 0.248216
0.461180 0.281343
0.571746 0.339721
0.633805 0.001110
0.542940 0.000471
0.557313 0.026473
0.528340 0.026081
0.495414 0.025557
0.541578 0.081642
0.561078 0.132263
0.576498 0.144927
0.563018 0.177110
0.514130 0.182304
0.468903 0.307473
0.525076 0.237507
0.483382 0.268135
0.557832 0.339263
0.642110 0.000504
0.559378 0.000067
0.587292 0.025362
0.580998 0.042344
0.566092 0.044446
0.544456 0.119302
0.575014 0.122792
0.576176 0.165136
0.560765 0.201121
0.499076 0.199544
0.554384 0.250953
0.627562 0.338591
0.467904 0.244599
0.500579 0.265397
0.859019 0.357945
0.658821 0.000599
0.618875 0.025166
0.602668 0.025229
0.571899 0.026060
0.551238 0.045443
0.561513 0.067132
0.531900 0.104010
0.559956 0.111070
0.575492 0.193161
0.543726 0.205769
0.558884 0.295617
0.530396 0.215982
0.513853 0.251925
0.446176 0.256338
0.667192 0.000620
0.575811 0.000541
0.634508 0.025306
0.575706 0.062193
0.590890 0.062478
0.579513 0.080289
0.547554 0.098123
0.570737 0.097539
0.590195 0.132914
0.572297 0.219060
0.555733 0.223263
0.542326 0.233143
0.759904 0.347849
0.735090 0.340509
0.680173 0.338382
0.684025 0.000141
0.584076 0.000434
0.608900 0.000520
0.596375 0.042491
0.560021 0.084027
0.599493 0.078109
0.584975 0.109394
0.586558 0.210378
0.597387 0.195584
0.585259 0.237047
0.531044 0.189798
0.550627 0.319025
0.526433 0.290176
0.476221 0.291112
0.692429 0.000831
0.625478 0.000471
0.651281 0.024229
0.631967 0.077017
0.606519 0.058961
0.590965 0.093554
0.600991 0.117513
0.587226 0.179236
0.611500 0.154963
0.624205 0.169276
0.544226 0.272764
0.625157 0.204459
0.562344 0.273181
0.574358 0.260711
0.772680 0.352157
0.709230 0.000342
0.644913 0.040036
0.639564 0.093971
0.628696 0.041934
0.622462 0.059505
0.615482 0.077368
0.606717 0.098901
0.602999 0.171588
0.618584 0.231072
0.613559 0.187608
0.621571 0.256560
0.894686 0.310474
0.459187 0.220807
0.861074 0.301548
0.717627 0.000566
0.650466 0.000368
0.669634 0.024377
0.639353 0.059326
0.621888 0.095165
0.617129 0.117178
0.592357 0.154408
0.624152 0.134107
0.630711 0.150987
0.634426 0.234623
0.598831 0.226688
0.568709 0.315147
0.542609 0.294029
0.567923 0.240370
0.612675 0.336996
0.726066 0.000729
0.686308 0.025193
0.661817 0.037994
0.655569 0.055647
0.648490 0.075147
0.606648 0.137828
0.640729 0.128192
0.642789 0.167836
0.633026 0.186491
0.606857 0.246425
0.731923 0.317430
0.652278 0.336297
0.747022 0.344548
0.492781 0.288150
0.742998 0.000727
0.675580 0.000746
0.697237 0.041228
0.679857 0.040045
0.671730 0.055998
0.664567 0.073871
0.632972 0.111133
0.647649 0.144405
0.638321 0.214264
0.639195 0.254176
0.645770 0.295704
0.641483 0.275268
0.609257 0.314524
0.869669 0.322133
0.847665 0.317512
0.751497 0.000396
0.702597 0.025903
0.688929 0.058158
0.697259 0.076621
0.680810 0.073888
0.657131 0.092431
0.651331 0.110223
0.655586 0.212124
0.651805 0.234242
0.623305 0.276971
0.604962 0.272296
0.586766 0.318258
0.693066 0.313182
0.897646 0.291903
0.759900 0.000488
0.700804 0.000285
0.718621 0.025989
0.706420 0.058891
0.691122 0.092787
0.673463 0.092468
0.659536 0.127307
0.659266 0.157135
0.648713 0.191302
0.669492 0.224214
0.587947 0.277652
0.664791 0.297961
0.574207 0.290257
0.769843 0.321443
0.947882 0.289311
0.768395 0.000009
0.734748 0.026023
0.714573 0.042066
0.713092 0.076562
0.668777 0.111369
0.680880 0.126878
0.669986 0.141938
0.666454 0.197126
0.656761 0.259145
0.678185 0.268319
0.674117 0.313944
0.626772 0.296538
0.957411 0.321729
0.707600 0.342032
0.776923 0.000220
0.734533 0.000231
0.750527 0.026472
0.729912 0.077023
0.686082 0.109300
0.699029 0.130027
0.688943 0.145330
0.660203 0.175690
0.667813 0.244806
0.628743 0.315956
0.685462 0.250866
0.700389 0.294908
0.695437 0.275106
0.836606 0.349327
0.712284 0.317338
0.794036 0.000372
0.747750 0.043979
0.731694 0.042228
0.708505 0.096148
0.703267 0.112839
0.704885 0.151390
0.677234 0.160965
0.678267 0.182106
0.661708 0.277635
0.752994 0.302952
0.731105 0.276169
0.607720 0.293664
0.719593 0.299356
0.649334 0.314921
0.802595 0.000027
0.766341 0.026276
0.723800 0.059745
0.743693 0.084584
0.719424 0.115633
0.715709 0.135405
0.721340 0.156288
0.692663 0.167986
0.681174 0.206281
0.697927 0.210317
0.681672 0.290825
0.714099 0.278722
0.821587 0.313782
0.815816 0.294582
0.751273 0.322328
0.811221 0.000772
0.774372 0.060492
0.757734 0.061754
0.725251 0.094399
0.732420 0.128946
0.735017 0.146326
0.739579 0.166490
0.694187 0.189757
0.730761 0.220784
0.743433 0.261136
0.768828 0.297044
0.737036 0.296549
0.784105 0.324036
0.783347 0.346025
0.828500 0.000721
0.785444 0.000253
0.764071 0.043064
0.741103 0.062178
0.758570 0.078466
0.735068 0.108271
0.747666 0.124286
0.708760 0.172975
0.714102 0.214531
0.686398 0.229908
0.702148 0.233604
0.758332 0.251769
0.766949 0.275116
0.881378 0.277650
0.961681 0.326233
0.837153 0.001180
0.782558 0.026233
0.781608 0.041641
0.775272 0.081084
0.766841 0.096525
0.749799 0.100849
0.725936 0.176951
0.742798 0.188156
0.711871 0.193003
0.746335 0.231229
0.720128 0.258080
0.735293 0.245675
0.855258 0.338083
0.800135 0.310690
0.845831 0.000334
0.819849 0.000574
0.797988 0.026140
0.793212 0.054139
0.789088 0.071060
0.782374 0.102768
0.762229 0.114178
0.762705 0.134968
0.752015 0.147873
0.702138 0.255712
0.718091 0.236897
0.750540 0.279447
0.801348 0.283729
0.918307 0.267235
0.902668 0.333017
0.863314 0.000357
0.815720 0.025070
0.804329 0.039818
0.805760 0.070387
0.793231 0.089004
0.812295 0.087322
0.777621 0.122553
0.769951 0.154821
0.728228 0.198210
0.745248 0.209652
0.761587 0.210222
0.762466 0.230576
0.786920 0.301369
0.783715 0.279962
0.872058 0.000222
0.854564 0.000326
0.834132 0.025218
0.823702 0.038981
0.814153 0.055610
0.832898 0.055295
0.804070 0.103596
0.793874 0.117797
0.780975 0.140190
0.756055 0.167103
0.759017 0.187562
0.778821 0.219381
0.778801 0.239949
0.775678 0.258265
0.859584 0.285669
0.889587 0.000042
0.870561 0.025131
0.852837 0.024844
0.843304 0.038801
0.824063 0.071928
0.830992 0.089745
0.821966 0.105179
0.797246 0.138078
0.788540 0.159373
0.773528 0.175265
0.774423 0.197522
0.795152 0.239907
0.810593 0.251987
0.935506 0.310484
0.898378 0.000610
0.880818 0.000950
0.887599 0.025520
0.861135 0.040535
0.850897 0.056984
0.841490 0.072565
0.858728 0.075496
0.838676 0.109227
0.810250 0.122983
0.826577 0.125101
0.788802 0.179924
0.791500 0.198807
0.828730 0.199547
0.861506 0.267139
0.959328 0.302899
0.907191 0.000969
0.920055 0.026520
0.878569 0.040928
0.886520 0.057402
0.868440 0.058599
0.876596 0.075278
0.848249 0.091910
0.856414 0.108024
0.863432 0.129440
0.805524 0.172547
0.816704 0.141975
0.796093 0.216967
0.810408 0.228358
0.793517 0.262409
0.916041 0.000444
0.924818 0.000952
0.930449 0.046031
0.904379 0.025180
0.897266 0.041161
0.893355 0.075310
0.900333 0.093019
0.866777 0.092808
0.872835 0.112818
0.846055 0.125914
0.869523 0.147369
0.805844 0.155313
0.809396 0.190562
0.925430 0.320444
0.881899 0.298479
0.933676 0.000908
0.935286 0.025263
0.914563 0.043756
0.904604 0.059410
0.928316 0.083651
0.883240 0.094252
0.888938 0.112782
0.881021 0.131122
0.893259 0.143565
0.835477 0.142454
0.842234 0.163099
0.839998 0.182655
0.823190 0.177232
0.840858 0.302154
0.942530 0.000915
0.954988 0.025043
0.945319 0.038141
0.922280 0.062967
0.910851 0.077819
0.919223 0.097368
0.900501 0.127801
0.916405 0.133393
0.914316 0.149871
0.851628 0.144546
0.894086 0.176287
0.860231 0.163428
0.826122 0.159408
0.813076 0.209100
0.902554 0.274703
0.951483 0.000669
0.948095 0.056303
0.938515 0.068573
0.943970 0.089244
0.953158 0.105541
0.906321 0.110050
0.928806 0.164065
0.901730 0.159886
0.907503 0.189304
0.919261 0.205938
0.957906 0.224183
0.875928 0.174285
0.857629 0.181377
0.978076 0.272911
0.960359 0.000977
0.971236 0.025538
0.963435 0.042269
0.956963 0.076970
0.964813 0.134166
0.936349 0.106696
0.922749 0.116769
0.882648 0.157637
0.940097 0.200023
0.915857 0.172893
0.940472 0.217416
0.847085 0.199599
0.938431 0.235119
0.933632 0.274104
0.886778 0.192404
0.969052 0.000552
0.977999 0.039764
0.964530 0.062988
0.951144 0.123333
0.961721 0.173330
0.940837 0.179363
0.947536 0.162907
0.923195 0.224369
0.901450 0.256817
0.899346 0.206567
0.976972 0.229851
0.977810 0.291522
0.831761 0.260613
0.846825 0.223941
0.977830 0.000549
0.999260 0.001330
0.978585 0.061274
0.979971 0.125733
0.935736 0.129079
0.949169 0.143897
0.958814 0.205702
0.979218 0.197953
0.979359 0.247948
0.904783 0.222517
0.998155 0.325387
0.886176 0.227551
0.916038 0.301311
0.823814 0.238284
0.891971 0.337876
0.987349 0.001037
0.977688 0.081279
0.964851 0.092273
0.979590 0.145397
0.964146 0.154225
0.932338 0.146982
0.945161 0.260129
0.863036 0.229299
0.999928 0.257960
0.929384 0.250300
0.879006 0.260302
0.955597 0.242237
0.927449 0.290297
0.829672 0.285060
0.999132 0.015524
0.999594 0.044645
0.979623 0.101630
0.968633 0.114472
0.999046 0.107861
0.999053 0.186508
0.999806 0.140871
0.999910 0.152085
0.960125 0.274373
0.999809 0.283410
0.964463 0.256053
0.880970 0.211956
0.873316 0.243070
0.999683 0.234175
0.844012 0.273519
0.999255 0.001260
0.999482 0.055165
0.999942 0.076045
0.999246 0.097149
0.999429 0.118723
0.977607 0.181639
0.975569 0.214704
0.914177 0.241921
0.999869 0.246249
0.999394 0.198324
0.999931 0.270427
0.854406 0.251445
0.815044 0.270035
0.980690 0.304394
0.999526 0.025242
0.999617 0.034619
0.999338 0.065678
0.999317 0.086512
0.979804 0.163774
0.999172 0.129768
0.999907 0.210019
0.926289 0.189209
0.999566 0.221937
0.999681 0.163505
0.999827 0.174969
0.839988 0.241965
0.893526 0.242917
0.999989 0.296195
0.998400 0.320615
