0.000257 0.024855
0.000252 0.063658
0.000286 0.094302
0.000854 0.126409
0.000527 0.137046
0.007670 0.418338
0.000046 0.182390
0.000200 0.194466
0.000343 0.344517
0.064786 0.296171
0.005725 0.371514
0.050994 0.284341
0.040125 0.303926
0.085119 0.297789
0.000743 0.015043
0.000998 0.043812
0.000015 0.073682
0.023153 0.064179
0.017096 0.252150
0.000805 0.206762
0.000382 0.170856
0.000602 0.300912
0.000694 0.244071
0.000933 0.258670
0.009000 0.354940
0.017963 0.338845
0.054818 0.334357
0.099407 0.263183
0.123717 0.252857
0.000483 0.000748
0.000483 0.053733
0.000932 0.083857
0.000477 0.104932
0.000254 0.115611
0.000526 0.218942
0.000376 0.159571
0.000409 0.315594
0.000499 0.231336
0.046241 0.319403
0.001789 0.411609
0.076522 0.277781
0.117254 0.271883
0.003018 0.385024
0.000566 0.001006
0.021684 0.029885
0.023783 0.047165
0.021951 0.099737
0.020437 0.197919
0.055213 0.210268
0.026714 0.181695
0.000447 0.274014
0.055361 0.266753
0.037517 0.261541
0.033535 0.281709
0.050952 0.375679
0.037462 0.357596
0.036841 0.340190
0.067176 0.314412
0.011751 0.000949
0.038241 0.038335
0.000775 0.034253
0.023385 0.081984
0.000543 0.148268
0.029879 0.238054
0.034994 0.208664
0.043576 0.225121
0.020573 0.299767
0.064200 0.226947
0.021895 0.317602
0.114956 0.205514
0.074354 0.260938
0.061135 0.355587
0.029912 0.000294
0.021222 0.000185
0.040992 0.055864
0.038637 0.071481
0.020858 0.221146
0.021559 0.145056
0.043358 0.173815
0.044370 0.192768
0.046579 0.245662
0.076495 0.213346
0.085870 0.193561
0.065412 0.245575
0.001059 0.331169
0.002436 0.400156
0.108106 0.292865
0.038410 0.000520
0.051743 0.025462
0.039749 0.089626
0.046013 0.121321
0.037072 0.156546
0.032137 0.133266
0.061144 0.180085
0.117575 0.170182
0.018063 0.272853
0.067273 0.195290
0.000449 0.287722
0.088621 0.248497
0.084969 0.231101
0.097228 0.277986
0.047015 0.000624
0.034668 0.023072
0.067545 0.023905
0.055643 0.041429
0.035427 0.108308
0.053257 0.102091
0.021891 0.165461
0.056384 0.159157
0.099853 0.174755
0.079594 0.175687
0.094112 0.212731
0.158350 0.202654
0.127915 0.216584
0.176226 0.233371
0.086516 0.316104
0.055701 0.000833
0.079907 0.031075
0.071320 0.045403
0.055106 0.076437
0.064702 0.090120
0.021777 0.120551
0.062393 0.120681
0.048269 0.141831
0.152744 0.164587
0.103513 0.191168
0.123934 0.188073
0.145080 0.219422
0.106826 0.223956
0.162165 0.223355
0.064340 0.000103
0.072905 0.000262
0.092510 0.024471
0.082375 0.058991
0.059789 0.059599
0.072964 0.072832
0.080031 0.123948
0.073352 0.106402
0.073174 0.159334
0.138867 0.178656
0.177905 0.210067
0.139090 0.198852
0.147158 0.238637
0.126234 0.235214
0.074017 0.335940
0.081477 0.001096
0.108175 0.024991
0.109417 0.040906
0.101979 0.059305
0.092370 0.074260
0.083167 0.089756
0.065013 0.139177
0.082158 0.143663
0.093730 0.158798
0.143403 0.144373
0.157127 0.184518
0.172263 0.172528
0.192792 0.227638
0.107219 0.310493
0.090075 0.000115
0.107416 0.000373
0.124081 0.025321
0.092635 0.043440
0.111471 0.075193
0.101453 0.090934
0.091743 0.107684
0.096729 0.126955
0.102264 0.144158
0.116870 0.153203
0.164857 0.152740
0.175673 0.190807
0.213371 0.257009
0.142106 0.257994
0.039801 0.378016
0.098780 0.000149
0.127235 0.041230
0.119592 0.057921
0.129247 0.073615
0.136775 0.090894
0.119885 0.092488
0.109100 0.108437
0.114149 0.125487
0.125766 0.137430
0.134906 0.159365
0.193357 0.172463
0.209944 0.219394
0.200528 0.244833
0.107889 0.241905
0.116066 0.000428
0.141796 0.000554
0.140108 0.025384
0.137932 0.057338
0.147154 0.073507
0.155640 0.089993
0.127105 0.110741
0.157663 0.117860
0.158029 0.134974
0.177816 0.137325
0.182922 0.156641
0.194271 0.189292
0.219190 0.235691
0.197076 0.266694
0.134845 0.276182
0.124671 0.000466
0.146120 0.040148
0.156066 0.056223
0.164664 0.071729
0.183194 0.070129
0.144830 0.106166
0.138907 0.124884
0.177411 0.121153
0.204892 0.159218
0.213885 0.178919
0.212855 0.196877
0.195422 0.207608
0.194164 0.290206
0.179196 0.289322
0.133243 0.000702
0.175995 0.000410
0.156715 0.025000
0.174531 0.054930
0.174509 0.087289
0.168190 0.103983
0.196486 0.122813
0.195880 0.141282
0.230402 0.194414
0.223084 0.162107
0.226829 0.214521
0.231433 0.250023
0.144138 0.311673
0.161677 0.249242
0.146555 0.289071
0.150379 0.000841
0.164934 0.038536
0.193630 0.054246
0.192000 0.088106
0.187100 0.105416
0.215444 0.124015
0.213480 0.141495
0.242956 0.159769
0.235437 0.177199
0.239075 0.230718
0.251220 0.265118
0.180641 0.251705
0.094307 0.355388
0.066340 0.367832
0.158905 0.000274
0.174680 0.024619
0.183534 0.037971
0.202605 0.038089
0.209165 0.090059
0.206343 0.107122
0.230023 0.144112
0.262675 0.157525
0.255104 0.175006
0.250275 0.192844
0.252046 0.246552
0.232321 0.269547
0.211765 0.279160
0.177148 0.269876
0.081280 0.358941
0.167464 0.000791
0.220968 0.039320
0.200958 0.071352
0.236162 0.074173
0.218405 0.072965
0.225623 0.107847
0.269813 0.191185
0.275354 0.174296
0.244809 0.211105
0.245733 0.284523
0.226427 0.288271
0.228972 0.309024
0.206117 0.303677
0.105644 0.351186
0.184549 0.000904
0.193654 0.024655
0.239196 0.040009
0.211949 0.055566
0.244914 0.091342
0.226667 0.090897
0.248676 0.141710
0.281150 0.156116
0.258095 0.228416
0.308592 0.256570
0.294694 0.228016
0.171989 0.311020
0.218539 0.319337
0.142699 0.331228
0.115297 0.338512
0.193050 0.000203
0.212448 0.024839
0.256262 0.040372
0.254360 0.074766
0.243820 0.108918
0.234895 0.125511
0.268878 0.139127
0.299482 0.209362
0.290590 0.247317
0.271340 0.251014
0.270832 0.269147
0.254862 0.323073
0.158334 0.268980
0.161368 0.291999
0.201574 0.000288
0.252326 0.000606
0.230509 0.025239
0.229831 0.056743
0.263458 0.090899
0.261574 0.108818
0.255061 0.125804
0.277188 0.123331
0.308071 0.191794
0.263436 0.209782
0.305218 0.283981
0.266917 0.288110
0.254483 0.301785
0.156985 0.325078
0.096320 0.329276
0.210057 0.000965
0.248156 0.024953
0.272940 0.041395
0.273092 0.073973
0.283122 0.088171
0.278844 0.105860
0.299436 0.157639
0.288351 0.194033
0.323154 0.203017
0.280305 0.212880
0.318356 0.272534
0.279178 0.307842
0.297934 0.315182
0.127287 0.294707
0.218554 0.000379
0.286019 0.000364
0.265368 0.025337
0.247294 0.058120
0.294047 0.072875
0.295975 0.105020
0.288466 0.138984
0.307724 0.139789
0.293709 0.175578
0.346869 0.183160
0.330663 0.236208
0.275670 0.232913
0.303589 0.301559
0.335245 0.307344
0.242557 0.320673
0.226988 0.000793
0.282091 0.025246
0.284373 0.059201
0.265216 0.058513
0.313021 0.107958
0.297950 0.123049
0.318813 0.124975
0.318644 0.155705
0.313175 0.173662
0.359477 0.215057
0.291788 0.267134
0.349086 0.250979
0.125186 0.315328
0.266565 0.319118
0.235439 0.000748
0.311156 0.000878
0.289109 0.041909
0.314223 0.074229
0.302969 0.088716
0.331418 0.108447
0.350092 0.109194
0.329000 0.140493
0.328599 0.185170
0.373713 0.133547
0.344249 0.202371
0.315243 0.219861
0.311334 0.238279
0.189358 0.323156
0.309938 0.318054
0.243890 0.000808
0.298567 0.025611
0.324688 0.060106
0.322064 0.091623
0.333444 0.077266
0.342679 0.092994
0.363324 0.118512
0.343150 0.150954
0.363194 0.150813
0.333553 0.166857
0.329649 0.254365
0.348743 0.285777
0.129978 0.335167
0.284868 0.285193
0.260789 0.000894
0.336170 0.000252
0.304848 0.058990
0.342275 0.061130
0.352678 0.077092
0.362204 0.093159
0.375035 0.103621
0.339298 0.125451
0.354129 0.135131
0.354660 0.166511
0.368277 0.178618
0.369520 0.250795
0.379518 0.216917
0.474832 0.336151
0.368878 0.232834
0.269202 0.000384
0.305399 0.041493
0.322092 0.043057
0.378046 0.058500
0.371077 0.075909
0.383976 0.086756
0.409358 0.132471
0.384960 0.116759
0.391215 0.133698
0.379341 0.154064
0.336248 0.217806
0.375480 0.324521
0.828954 0.332825
0.201556 0.321431
0.277645 0.000117
0.361168 0.000191
0.360189 0.060291
0.338968 0.042380
0.371931 0.041406
0.404075 0.081719
0.395927 0.098970
0.433502 0.097894
0.426642 0.132805
0.396411 0.151282
0.382348 0.171086
0.392490 0.186463
0.379763 0.199061
0.362550 0.195849
0.405113 0.325467
0.294435 0.000471
0.315094 0.026148
0.347001 0.025976
0.389555 0.039959
0.391165 0.069096
0.414433 0.097641
0.403379 0.115374
0.413972 0.150394
0.432947 0.151381
0.402092 0.169081
0.402781 0.201983
0.420795 0.218096
0.174317 0.326087
0.387994 0.324186
0.302815 0.000114
0.330785 0.026194
0.380289 0.025601
0.398942 0.053562
0.423031 0.081268
0.465592 0.090977
0.439923 0.116292
0.421972 0.113865
0.452672 0.102123
0.412550 0.185959
0.462982 0.204141
0.444193 0.201998
0.411367 0.233131
0.389712 0.235026
0.349671 0.232222
0.319480 0.000257
0.355235 0.042490
0.397871 0.026470
0.412355 0.041772
0.434615 0.040836
0.434698 0.069475
0.473643 0.108738
0.461142 0.137143
0.441547 0.168863
0.421369 0.167734
0.432620 0.184586
0.400023 0.269366
0.358006 0.324372
0.338318 0.271652
0.327833 0.000071
0.402654 0.000872
0.363354 0.025999
0.413198 0.026570
0.411888 0.065414
0.456616 0.072399
0.444987 0.084660
0.459123 0.119180
0.443787 0.134858
0.453339 0.184496
0.473335 0.149799
0.388531 0.253064
0.407456 0.250428
0.347968 0.324033
0.417604 0.328216
0.344498 0.000136
0.453215 0.041097
0.424866 0.054801
0.466168 0.057955
0.492121 0.079064
0.492508 0.115372
0.465170 0.168046
0.452594 0.154865
0.504243 0.307259
0.397938 0.217763
0.424547 0.201341
0.430808 0.236685
0.409693 0.307045
0.328447 0.318506
0.352816 0.000675
0.410968 0.000278
0.477069 0.000802
0.462612 0.026084
0.428847 0.026853
0.508341 0.080342
0.484376 0.095106
0.500995 0.100012
0.483929 0.165262
0.478390 0.127147
0.426421 0.289068
0.450889 0.239395
0.358825 0.268005
0.388561 0.287160
0.466008 0.264590
0.369447 0.000530
0.460573 0.000253
0.445957 0.026133
0.446395 0.057344
0.528874 0.126673
0.545650 0.140383
0.502557 0.130504
0.500906 0.154388
0.471576 0.186039
0.377951 0.270594
0.328797 0.291366
0.808192 0.331721
0.544465 0.342549
0.407670 0.287339
0.377774 0.000909
0.452308 0.000141
0.485299 0.000286
0.503751 0.041721
0.534561 0.043375
0.547968 0.186341
0.530950 0.171215
0.532212 0.149561
0.591973 0.259193
0.431038 0.307654
0.600495 0.342346
0.957415 0.191911
0.524330 0.271358
0.444207 0.331076
0.367521 0.288725
0.419270 0.000595
0.468812 0.000503
0.610758 0.040991
0.474720 0.075919
0.483988 0.060408
0.516916 0.203456
0.516539 0.161218
0.489061 0.141760
0.512693 0.222959
0.441014 0.220490
0.516231 0.339974
0.386383 0.305171
0.488236 0.316737
0.362641 0.304930
0.394362 0.000575
0.435787 0.000356
0.510011 0.000337
0.479286 0.025635
0.609303 0.214277
0.525534 0.082129
0.669898 0.337399
0.500102 0.174118
0.447185 0.294421
0.480826 0.208822
0.859083 0.213365
0.719433 0.346481
0.809991 0.356085
0.432838 0.331206
0.695087 0.341939
0.534674 0.000639
0.501759 0.000414
0.427541 0.000155
0.022675 0.379712
0.500246 0.061035
0.514147 0.116909
0.428492 0.254560
0.592117 0.303586
0.501215 0.240023
0.821434 0.358332
0.828916 0.220463
0.511494 0.286070
0.854421 0.359537
0.490226 0.337105
0.600602 0.000801
0.551111 0.000721
0.386094 0.000402
0.493531 0.000261
0.542550 0.026506
0.487885 0.041833
0.517279 0.098303
0.559833 0.154961
0.494834 0.221198
0.979642 0.327668
0.420216 0.269463
0.464466 0.333813
0.504506 0.338748
0.453015 0.314207
0.586928 0.342196
0.592324 0.000322
0.518232 0.001118
0.444054 0.000480
0.512317 0.025462
0.471453 0.041200
0.867424 0.195945
0.795795 0.355705
0.641331 0.342750
0.879956 0.333088
0.534276 0.316284
0.914967 0.330835
0.531756 0.340359
0.517059 0.317091
0.536778 0.256827
0.617186 0.000865
0.567536 0.000790
0.519080 0.042970
0.526456 0.000604
0.515655 0.062744
0.530501 0.062793
0.545632 0.063543
0.517072 0.140213
0.546458 0.164701
0.487569 0.187784
0.477802 0.229554
0.442394 0.275629
0.487185 0.250013
0.462135 0.282689
0.572706 0.342296
0.633805 0.000748
0.542910 0.000595
0.556319 0.026487
0.527768 0.025948
0.495956 0.025527
0.541407 0.082345
0.560367 0.133236
0.575572 0.146195
0.562772 0.178419
0.514185 0.183779
0.470058 0.309201
0.525109 0.239254
0.483866 0.269974
0.558667 0.341958
0.642122 0.000272
0.559345 0.000782
0.585501 0.025548
0.579611 0.042620
0.564669 0.044924
0.544026 0.120168
0.574307 0.123872
0.575557 0.166384
0.560738 0.202883
0.499454 0.200726
0.554593 0.253731
0.628918 0.341972
0.468386 0.245784
0.501165 0.267130
0.858985 0.361140
0.658854 0.001036
0.617068 0.025208
0.600653 0.025319
0.570526 0.026091
0.550154 0.045798
0.560349 0.067492
0.531780 0.104977
0.559311 0.112059
0.575392 0.194889
0.543770 0.207597
0.559347 0.298437
0.530678 0.217992
0.514329 0.254049
0.447211 0.257907
0.667251 0.000045
0.575791 0.000187
0.632733 0.025784
0.574545 0.062521
0.589426 0.063012
0.578320 0.080865
0.547077 0.098847
0.569678 0.098188
0.589277 0.134282
0.572401 0.221211
0.555745 0.225096
0.542618 0.235700
0.758922 0.352878
0.734438 0.345172
0.680775 0.342737
0.684078 0.000179
0.584036 0.000161
0.608906 0.000580
0.594966 0.043028
0.559432 0.084444
0.597860 0.079194
0.583878 0.110366
0.586511 0.212134
0.597081 0.197539
0.585116 0.239592
0.531369 0.191193
0.551391 0.321927
0.527076 0.293055
0.477112 0.292991
0.692519 0.000718
0.625505 0.000486
0.649351 0.024779
0.630140 0.078365
0.604865 0.059922
0.589615 0.094637
0.599974 0.119098
0.586863 0.180565
0.610747 0.156513
0.623087 0.171648
0.544420 0.275292
0.624861 0.206693
0.562278 0.276094
0.574406 0.263112
0.772383 0.357051
0.709303 0.000904
0.643123 0.040811
0.637895 0.095463
0.626685 0.042397
0.620618 0.060459
0.613640 0.078829
0.605342 0.100426
0.602480 0.173065
0.618505 0.233395
0.612626 0.190046
0.621540 0.259495
0.894172 0.314451
0.460340 0.221906
0.859163 0.305009
0.717705 0.000184
0.650511 0.000396
0.667459 0.024964
0.637170 0.060329
0.620410 0.096753
0.615978 0.118719
0.591455 0.155787
0.623232 0.136177
0.629657 0.153172
0.634132 0.237637
0.598582 0.229198
0.569534 0.317756
0.543188 0.296754
0.567718 0.242710
0.613484 0.340167
0.726136 0.000948
0.684452 0.025999
0.659928 0.039225
0.653565 0.057193
0.646682 0.076585
0.605704 0.139471
0.639588 0.130284
0.641711 0.170177
0.632184 0.188673
0.607217 0.248948
0.731569 0.321527
0.653563 0.340386
0.746963 0.349275
0.493657 0.289869
0.743052 0.000651
0.675684 0.000398
0.695011 0.042232
0.677582 0.040961
0.670007 0.057786
0.662657 0.075570
0.631625 0.112996
0.646448 0.146634
0.637483 0.216778
0.639263 0.256923
0.645922 0.298701
0.641523 0.278425
0.610125 0.317895
0.868668 0.325615
0.846358 0.321034
0.751518 0.000398
0.700662 0.026492
0.687018 0.059693
0.695615 0.078364
0.679228 0.075981
0.655354 0.094125
0.649709 0.111985
0.654527 0.214583
0.651502 0.237079
0.623429 0.280126
0.605005 0.274883
0.587579 0.321333
0.693410 0.317096
0.896716 0.295170
0.759969 0.000365
0.700890 0.000500
0.716735 0.026564
0.704286 0.060191
0.689771 0.094911
0.671838 0.094058
0.658234 0.129267
0.657962 0.159552
0.647777 0.193973
0.668348 0.226572
0.588024 0.280260
0.664905 0.301638
0.574865 0.292959
0.769002 0.325533
0.945948 0.292533
0.768452 0.000776
0.732860 0.026713
0.712452 0.042847
0.711486 0.078567
0.667009 0.113309
0.679303 0.128965
0.668450 0.144138
0.665545 0.199509
0.656422 0.262192
0.677861 0.271363
0.674370 0.317463
0.626902 0.299662
0.955334 0.324102
0.708107 0.346645
0.776986 0.000214
0.734588 0.000268
0.748788 0.026818
0.728305 0.078393
0.684067 0.111280
0.697422 0.132155
0.687331 0.147879
0.658715 0.178225
0.667188 0.247924
0.629661 0.319468
0.684844 0.253771
0.700047 0.298912
0.694914 0.278431
0.836719 0.353223
0.712152 0.321485
0.794136 0.000653
0.745755 0.044789
0.729654 0.043070
0.707142 0.098156
0.701231 0.114935
0.703159 0.153754
0.675817 0.163252
0.676889 0.184306
0.661577 0.280910
0.752505 0.307654
0.730461 0.279689
0.607979 0.296370
0.719267 0.303897
0.649682 0.318110
0.802673 0.000999
0.764702 0.026988
0.721485 0.061059
0.741769 0.086469
0.717611 0.117768
0.713893 0.138008
0.719530 0.159035
0.691299 0.170565
0.679851 0.209084
0.696592 0.213034
0.681625 0.294365
0.713320 0.282392
0.820965 0.317806
0.814114 0.297759
0.751203 0.326297
0.811281 0.000711
0.772360 0.061837
0.755690 0.062800
0.723799 0.096443
0.730297 0.131600
0.733386 0.148682
0.737924 0.168716
0.692559 0.192479
0.729245 0.223794
0.742839 0.264904
0.768135 0.300874
0.736755 0.300727
0.783694 0.328853
0.782748 0.349674
0.828562 0.000239
0.785508 0.000514
0.762333 0.043915
0.739020 0.063394
0.756693 0.079453
0.733457 0.111068
0.745787 0.126556
0.707213 0.175574
0.712773 0.217147
0.685223 0.232479
0.701254 0.236731
0.757100 0.254770
0.766078 0.278644
0.879744 0.281303
0.960529 0.329153
0.837233 0.001027
0.780946 0.026666
0.779844 0.042340
0.773536 0.083114
0.764657 0.098544
0.747911 0.102845
0.724636 0.179784
0.741128 0.190433
0.710402 0.195497
0.744766 0.234193
0.719175 0.261418
0.734488 0.249084
0.854136 0.340475
0.799048 0.315077
0.845890 0.000520
0.819910 0.000746
0.796700 0.026883
0.791481 0.055106
0.787063 0.072241
0.780406 0.104778
0.760407 0.116558
0.760937 0.137157
0.750304 0.150225
0.701407 0.258938
0.717011 0.239664
0.749572 0.283133
0.799782 0.287811
0.916200 0.269465
0.901574 0.336540
0.863351 0.001193
0.814624 0.025736
0.802923 0.040479
0.803917 0.071880
0.791337 0.090879
0.810495 0.089270
0.775923 0.124999
0.767905 0.157788
0.726799 0.201184
0.743737 0.212038
0.760093 0.213022
0.761290 0.233532
0.785971 0.304851
0.782721 0.283511
0.872087 0.000049
0.854609 0.000576
0.833119 0.025859
0.822327 0.039599
0.812416 0.056635
0.831179 0.056701
0.802136 0.105813
0.791809 0.120166
0.778880 0.143173
0.754297 0.169752
0.757235 0.190168
0.776744 0.222114
0.777308 0.242929
0.774510 0.261344
0.858310 0.288448
0.889617 0.000628
0.869343 0.025699
0.851754 0.025619
0.841873 0.039677
0.822312 0.073662
0.828799 0.091739
0.819775 0.108311
0.795158 0.140813
0.786239 0.162304
0.771708 0.178127
0.772886 0.200500
0.793830 0.242892
0.809180 0.254903
0.932505 0.312283
0.898418 0.000397
0.880868 0.001264
0.886263 0.026133
0.859779 0.041336
0.849369 0.058421
0.839708 0.074233
0.857106 0.077099
0.836751 0.111610
0.808227 0.126047
0.825060 0.127894
0.787118 0.183141
0.790056 0.201406
0.826361 0.201718
0.860162 0.270417
0.958684 0.304738
0.907245 0.001148
0.918909 0.027178
0.877337 0.041776
0.885178 0.058623
0.867014 0.059978
0.875043 0.076844
0.846181 0.093877
0.854744 0.110295
0.861833 0.131786
0.803456 0.175005
0.814725 0.144481
0.794095 0.219726
0.808623 0.231342
0.792432 0.265149
0.916092 0.000089
0.924893 0.000355
0.929124 0.047301
0.903215 0.025937
0.895917 0.041950
0.891880 0.076788
0.899054 0.094648
0.865199 0.094625
0.871048 0.114772
0.844459 0.128011
0.867852 0.150071
0.803675 0.157957
0.807549 0.192994
0.926026 0.323559
0.879671 0.301151
0.933745 0.000511
0.934357 0.026164
0.913237 0.044564
0.903267 0.060693
0.927101 0.085436
0.881886 0.096292
0.887749 0.114910
0.879587 0.133685
0.891668 0.146013
0.833603 0.145426
0.840594 0.166013
0.837903 0.185313
0.821350 0.179440
0.839476 0.306090
0.942570 0.000701
0.954533 0.025918
0.944017 0.038893
0.921041 0.064146
0.909712 0.079463
0.918380 0.099411
0.898936 0.130381
0.915052 0.135864
0.913141 0.152238
0.849948 0.147291
0.893095 0.179006
0.858622 0.165540
0.824256 0.162278
0.811109 0.211535
0.900497 0.277671
0.951488 0.000646
0.946676 0.057640
0.937437 0.070419
0.943213 0.091393
0.952506 0.107538
0.905205 0.111735
0.927546 0.167065
0.900292 0.162711
0.906062 0.192277
0.918501 0.209286
0.957649 0.227244
0.874238 0.177546
0.855231 0.184341
0.977499 0.274296
0.960322 0.001110
0.970850 0.026516
0.962202 0.043656
0.956267 0.078976
0.963726 0.136305
0.935258 0.108521
0.921579 0.119269
0.880964 0.160549
0.939226 0.202791
0.914218 0.175716
0.939611 0.219918
0.844983 0.202899
0.937828 0.237500
0.933477 0.275820
0.884828 0.195209
0.968976 0.000262
0.976662 0.040703
0.963440 0.064319
0.950179 0.125505
0.960676 0.175388
0.939726 0.181957
0.946277 0.165482
0.921334 0.226379
0.900028 0.259176
0.897799 0.209752
0.975338 0.232654
0.978049 0.292608
0.829731 0.263725
0.844949 0.226448
0.977700 0.000758
0.999633 0.001238
0.977320 0.062622
0.979655 0.127970
0.934624 0.131355
0.948164 0.146100
0.957719 0.207443
0.978383 0.199769
0.979568 0.250803
0.902787 0.225230
0.999441 0.325224
0.884539 0.230300
0.913878 0.303246
0.822146 0.241035
0.891047 0.340866
0.987135 0.000222
0.976853 0.082671
0.964423 0.094266
0.979125 0.146681
0.963523 0.156466
0.931364 0.149272
0.943341 0.263365
0.861032 0.232003
0.999825 0.258364
0.928005 0.253047
0.877580 0.263207
0.955523 0.244756
0.926769 0.293365
0.828378 0.288411
0.999234 0.015992
0.999016 0.044717
0.979162 0.103344
0.968237 0.116380
0.999657 0.107680
0.999387 0.186525
0.998909 0.140712
0.999792 0.152044
0.958624 0.277725
0.999055 0.283958
0.963629 0.258243
0.879066 0.214483
0.871123 0.246385
0.999784 0.233984
0.842520 0.276896
0.999594 0.000293
0.999174 0.055065
0.999938 0.075769
0.999452 0.096859
0.999699 0.118481
0.976988 0.183291
0.975021 0.216352
0.913128 0.244806
0.999905 0.246260
0.999178 0.198367
0.999848 0.270856
0.852406 0.254449
0.813401 0.273898
0.979853 0.308362
0.999862 0.025646
0.999611 0.034855
0.999305 0.065415
0.999795 0.086253
0.979403 0.165299
0.999644 0.129511
0.999943 0.210107
0.924852 0.191785
0.999875 0.221877
0.999846 0.163504
0.998881 0.175035
0.838133 0.244539
0.891468 0.245668
0.999796 0.296430
0.997987 0.321169
