0.000131 0.025293
0.001163 0.063774
0.000678 0.094336
0.000525 0.126455
0.000303 0.137174
0.006454 0.415665
0.000304 0.182647
0.000597 0.194440
0.000892 0.343919
0.066209 0.302485
0.002229 0.369430
0.052610 0.290236
0.041786 0.309089
0.087507 0.303448
0.000680 0.015607
0.000208 0.044012
0.000788 0.073814
0.024320 0.066435
0.017033 0.255942
0.000139 0.206907
0.000200 0.171220
0.000225 0.300906
0.000475 0.244138
0.000407 0.258649
0.005186 0.357290
0.020465 0.344815
0.056724 0.339962
0.100587 0.268793
0.125177 0.258236
0.000501 0.001356
0.000115 0.053873
0.001087 0.083980
0.000458 0.104965
0.000720 0.115616
0.000157 0.219146
0.000538 0.159745
0.000474 0.314723
0.000083 0.231766
0.046361 0.325605
0.005896 0.409892
0.076961 0.285143
0.119473 0.278115
0.003567 0.383145
0.001043 0.000838
0.023388 0.030946
0.025046 0.048664
0.023610 0.102082
0.021425 0.203001
0.057198 0.215309
0.027167 0.186236
0.000003 0.273859
0.056590 0.273510
0.038463 0.267023
0.034680 0.287115
0.052491 0.380632
0.037813 0.362280
0.038302 0.345386
0.067993 0.320676
0.012089 0.000840
0.039736 0.039900
0.000413 0.034494
0.024948 0.084650
0.000398 0.148375
0.030628 0.242368
0.036094 0.213587
0.044371 0.230813
0.020873 0.304920
0.065345 0.233162
0.022213 0.322157
0.117258 0.210552
0.077075 0.266833
0.062863 0.361927
0.029981 0.000378
0.021389 0.000636
0.042418 0.057495
0.040576 0.074099
0.021279 0.225791
0.022363 0.148689
0.044123 0.178696
0.045189 0.197475
0.047956 0.250630
0.078017 0.219372
0.087538 0.199078
0.066849 0.251483
0.000593 0.329829
0.002419 0.399790
0.110174 0.298862
0.038441 0.000722
0.053913 0.026338
0.041798 0.092014
0.047039 0.125207
0.037802 0.160554
0.033024 0.137157
0.061973 0.184692
0.120335 0.175938
0.019489 0.277814
0.068727 0.200001
0.000362 0.287650
0.090324 0.253472
0.086918 0.236310
0.098144 0.284428
0.047034 0.001016
0.036266 0.024418
0.069692 0.025032
0.058163 0.042645
0.036634 0.111245
0.055474 0.105641
0.022737 0.169347
0.057901 0.164254
0.101986 0.178826
0.081472 0.180497
0.096161 0.218394
0.160805 0.207174
0.130097 0.221974
0.178578 0.237861
0.087463 0.322267
0.055754 0.000488
0.082297 0.031859
0.074208 0.047111
0.057299 0.079128
0.066778 0.092763
0.022987 0.123400
0.063806 0.124366
0.049667 0.145765
0.155982 0.169040
0.104757 0.196276
0.125830 0.193142
0.147560 0.224689
0.108871 0.229743
0.165011 0.227930
0.064381 0.000837
0.073021 0.000926
0.095504 0.025746
0.084898 0.060828
0.061449 0.061081
0.075134 0.074702
0.081910 0.128009
0.075752 0.109660
0.074955 0.163942
0.141558 0.183116
0.180439 0.214873
0.141741 0.203418
0.148867 0.243660
0.128549 0.240982
0.074927 0.341607
0.081627 0.000469
0.111216 0.026251
0.112949 0.041940
0.105271 0.060943
0.094926 0.076113
0.085628 0.092183
0.066454 0.143148
0.084264 0.147513
0.095970 0.163658
0.146229 0.148142
0.159962 0.189084
0.174861 0.176502
0.195656 0.232317
0.108830 0.315685
0.090144 0.000849
0.107420 0.000103
0.127290 0.026248
0.095520 0.045014
0.114683 0.077365
0.103923 0.093019
0.093984 0.110514
0.098803 0.130546
0.104857 0.147286
0.119036 0.157706
0.168157 0.155859
0.178637 0.195903
0.215714 0.262010
0.143599 0.263069
0.043965 0.380699
0.098796 0.000394
0.131252 0.042173
0.122975 0.059196
0.132427 0.075262
0.139987 0.092687
0.123044 0.094939
0.111390 0.111140
0.117079 0.128723
0.128347 0.141648
0.137592 0.163959
0.196174 0.176261
0.212844 0.222774
0.202857 0.249339
0.110026 0.247368
0.116052 0.000018
0.141833 0.001084
0.143525 0.026125
0.142094 0.058661
0.150721 0.075334
0.159286 0.092062
0.129876 0.113707
0.160909 0.120711
0.160635 0.138270
0.180709 0.140197
0.186462 0.160028
0.197315 0.192958
0.221280 0.240367
0.197939 0.270683
0.136877 0.281112
0.124663 0.000593
0.149989 0.041049
0.160256 0.057363
0.168520 0.073319
0.187434 0.071426
0.147868 0.108696
0.141529 0.127937
0.180851 0.123827
0.208042 0.162263
0.217346 0.182109
0.215989 0.200709
0.198038 0.211619
0.195513 0.293927
0.180715 0.294186
0.133247 0.000310
0.176029 0.000278
0.160153 0.025631
0.178613 0.055916
0.178232 0.089198
0.171657 0.106484
0.200424 0.125964
0.199061 0.144805
0.233698 0.197711
0.226198 0.165692
0.230027 0.218258
0.234755 0.253833
0.145493 0.317588
0.162659 0.254976
0.148335 0.294457
0.150365 0.000195
0.168899 0.039424
0.197888 0.055013
0.196002 0.090058
0.190736 0.107385
0.219370 0.126590
0.216886 0.144299
0.246145 0.162550
0.239069 0.180814
0.241141 0.234599
0.253145 0.269564
0.183063 0.255895
0.097446 0.360534
0.068927 0.374415
0.158932 0.000425
0.178571 0.025014
0.187544 0.039045
0.206625 0.038748
0.213229 0.092059
0.209787 0.109227
0.234104 0.147593
0.265863 0.160191
0.259159 0.178026
0.253604 0.195925
0.255043 0.250435
0.234268 0.273627
0.213225 0.283761
0.177825 0.273860
0.082494 0.364010
0.167471 0.000514
0.225082 0.039977
0.205159 0.072619
0.240501 0.075491
0.222758 0.074496
0.229169 0.110539
0.273056 0.194420
0.279017 0.176957
0.247667 0.214227
0.247635 0.289251
0.227744 0.292345
0.229915 0.314128
0.207210 0.307854
0.108271 0.356911
0.184548 0.000544
0.197455 0.025080
0.243223 0.040490
0.216325 0.056770
0.249286 0.093403
0.230992 0.092904
0.253057 0.144134
0.284865 0.158796
0.260496 0.231871
0.311292 0.259851
0.298290 0.231818
0.173000 0.315560
0.218273 0.323532
0.143917 0.338655
0.116403 0.344873
0.193064 0.000406
0.216284 0.025124
0.259997 0.041043
0.258783 0.076190
0.247081 0.111327
0.238781 0.128489
0.273033 0.141903
0.302845 0.212485
0.292489 0.250811
0.273449 0.254602
0.273525 0.272382
0.256025 0.326563
0.159923 0.273913
0.163287 0.297437
0.201562 0.000836
0.252328 0.000386
0.234105 0.025577
0.234211 0.057924
0.267463 0.092905
0.265514 0.111268
0.258938 0.128025
0.281162 0.125293
0.310759 0.194625
0.266889 0.213194
0.307289 0.286442
0.269349 0.292200
0.256608 0.305423
0.158512 0.330642
0.097952 0.335516
0.210046 0.000439
0.251700 0.025291
0.276959 0.042068
0.277435 0.075559
0.287153 0.089737
0.282990 0.107387
0.303219 0.160366
0.291354 0.197019
0.326749 0.205476
0.283969 0.216173
0.320804 0.275617
0.281830 0.311525
0.299587 0.318246
0.128451 0.300101
0.218525 0.000142
0.286032 0.000571
0.269139 0.025953
0.251868 0.059377
0.298529 0.073976
0.300049 0.106714
0.292337 0.141465
0.311234 0.141976
0.297124 0.178343
0.350392 0.184952
0.333584 0.239310
0.278260 0.235768
0.304925 0.304436
0.336876 0.309599
0.244200 0.323942
0.226986 0.000149
0.285925 0.025622
0.288975 0.060165
0.269972 0.059566
0.317007 0.109692
0.301553 0.124877
0.322295 0.126903
0.322346 0.157936
0.316476 0.176500
0.362697 0.217056
0.293868 0.270073
0.352144 0.254057
0.126757 0.320306
0.268078 0.321492
0.235422 0.000444
0.311206 0.001068
0.293268 0.042545
0.318556 0.075421
0.307087 0.090052
0.335365 0.110023
0.354123 0.110519
0.332349 0.142207
0.331635 0.187911
0.377500 0.135463
0.346811 0.204627
0.318654 0.222663
0.314157 0.241206
0.190130 0.328303
0.311925 0.321124
0.243891 0.000237
0.302276 0.025880
0.328570 0.060759
0.326255 0.093150
0.337238 0.078261
0.346598 0.093966
0.367661 0.120063
0.346288 0.152896
0.366128 0.152583
0.336895 0.169259
0.332354 0.257449
0.350834 0.289542
0.131992 0.341452
0.286730 0.289534
0.260788 0.000664
0.336188 0.000034
0.309254 0.059668
0.346029 0.061525
0.356282 0.077753
0.365776 0.094192
0.378874 0.104223
0.343241 0.126843
0.357600 0.136280
0.357986 0.168503
0.371563 0.180677
0.372244 0.252739
0.382212 0.218500
0.476364 0.339002
0.371773 0.235152
0.269197 0.000210
0.309741 0.041916
0.326601 0.043113
0.381925 0.058954
0.374341 0.076425
0.387218 0.087263
0.412852 0.133698
0.388431 0.117933
0.394799 0.135443
0.382283 0.155768
0.339636 0.221194
0.377269 0.326877
0.826673 0.339070
0.202262 0.326273
0.277630 0.000078
0.361190 0.001147
0.363991 0.060751
0.343119 0.042554
0.376026 0.041738
0.407535 0.082432
0.399265 0.099622
0.435884 0.098603
0.429628 0.133773
0.399744 0.152843
0.386070 0.172555
0.395433 0.188133
0.382979 0.200837
0.365672 0.197715
0.406734 0.328054
0.294447 0.001032
0.318822 0.026342
0.350784 0.026280
0.393555 0.040428
0.394607 0.070026
0.417245 0.098736
0.406295 0.116602
0.417085 0.152049
0.435304 0.152718
0.405396 0.170492
0.405420 0.203940
0.423177 0.219612
0.175643 0.330850
0.390050 0.326908
0.302823 0.000556
0.334752 0.026158
0.383446 0.025853
0.402408 0.054265
0.426148 0.082049
0.467331 0.092207
0.442069 0.117034
0.424531 0.115014
0.454631 0.102980
0.415242 0.187558
0.464448 0.205676
0.446118 0.203277
0.413447 0.235107
0.391976 0.236854
0.352928 0.234734
0.319529 0.000616
0.359444 0.043324
0.400682 0.026371
0.415621 0.041845
0.437013 0.041240
0.437312 0.069896
0.475098 0.110172
0.462918 0.137943
0.443692 0.169952
0.424341 0.169472
0.435072 0.186313
0.402121 0.271355
0.359712 0.327588
0.340916 0.274328
0.327897 0.000694
0.402699 0.000818
0.366718 0.026146
0.416183 0.026655
0.415007 0.065935
0.458371 0.073497
0.447374 0.085622
0.460536 0.120190
0.446111 0.136044
0.454956 0.185851
0.474285 0.151191
0.391443 0.255050
0.410476 0.252225
0.350026 0.325776
0.419392 0.330904
0.344534 0.000491
0.455293 0.041004
0.427817 0.055434
0.467748 0.058704
0.492870 0.079975
0.493049 0.116270
0.466354 0.169578
0.454692 0.155738
0.505867 0.309485
0.401174 0.219668
0.426587 0.203035
0.432994 0.238472
0.411588 0.309013
0.329212 0.320801
0.352845 0.000101
0.410993 0.000590
0.476975 0.000832
0.464395 0.025743
0.431376 0.026715
0.508745 0.081460
0.485076 0.095893
0.501337 0.100844
0.484463 0.166801
0.479547 0.128518
0.428361 0.291014
0.452291 0.240312
0.361646 0.270915
0.390611 0.289405
0.467273 0.266241
0.369494 0.000265
0.460478 0.000423
0.447820 0.026085
0.449127 0.057697
0.527860 0.127999
0.544388 0.141489
0.502599 0.131425
0.501023 0.155723
0.472743 0.187632
0.381089 0.272677
0.330605 0.293617
0.806715 0.337481
0.545848 0.346436
0.409924 0.289418
0.377831 0.000006
0.452229 0.000874
0.485192 0.000518
0.503719 0.042441
0.533522 0.043161
0.548176 0.188212
0.530592 0.173137
0.531712 0.151301
0.592430 0.262380
0.432930 0.309745
0.602391 0.346469
0.956308 0.194999
0.525105 0.274345
0.445677 0.333804
0.370036 0.291373
0.419260 0.000025
0.468701 0.000251
0.608508 0.041490
0.475998 0.076638
0.484893 0.061155
0.517532 0.205404
0.516634 0.162870
0.489953 0.143105
0.513111 0.224698
0.442885 0.221518
0.517823 0.342846
0.388285 0.308095
0.489453 0.319115
0.364409 0.307539
0.394423 0.000776
0.435753 0.000539
0.509948 0.001003
0.480496 0.025529
0.608837 0.217700
0.525550 0.083296
0.670620 0.343204
0.500651 0.175437
0.448987 0.296957
0.481793 0.210399
0.856384 0.216689
0.719364 0.353828
0.808936 0.362445
0.434424 0.333426
0.695003 0.348736
0.534629 0.000866
0.501690 0.000173
0.427532 0.001048
0.022207 0.381319
0.500606 0.061746
0.513859 0.117605
0.430820 0.256246
0.592812 0.307073
0.501770 0.242025
0.819273 0.363717
0.825483 0.224822
0.512217 0.288156
0.854644 0.362950
0.491268 0.339782
0.600660 0.000434
0.551087 0.000314
0.386114 0.000429
0.493438 0.001264
0.541108 0.026405
0.488336 0.042325
0.517498 0.099015
0.558814 0.156518
0.495655 0.222888
0.977982 0.326346
0.422736 0.271589
0.465696 0.336065
0.505473 0.341672
0.454449 0.316678
0.588526 0.346659
0.592373 0.000321
0.518173 0.000091
0.443987 0.000998
0.511602 0.025372
0.472456 0.041736
0.864412 0.200279
0.794771 0.361917
0.643016 0.347714
0.879419 0.339606
0.535176 0.319178
0.914961 0.335752
0.532927 0.344163
0.518312 0.320615
0.536981 0.259501
0.617270 0.000151
0.567548 0.000936
0.518495 0.043577
0.526427 0.000016
0.515278 0.063555
0.529625 0.063429
0.544205 0.064111
0.516672 0.141586
0.546068 0.166516
0.488358 0.189017
0.479410 0.231669
0.444159 0.277500
0.487913 0.252252
0.463457 0.284402
0.574291 0.345954
0.633901 0.000238
0.542887 0.000298
0.554869 0.026779
0.526478 0.025782
0.496185 0.025581
0.540886 0.083329
0.559325 0.134774
0.574302 0.148042
0.562625 0.180302
0.514168 0.185792
0.471699 0.311641
0.524996 0.241281
0.484513 0.272351
0.560190 0.346172
0.642250 0.000132
0.559314 0.000347
0.583312 0.025875
0.577817 0.043055
0.562635 0.045701
0.543287 0.121487
0.573268 0.125579
0.574851 0.168226
0.560905 0.205311
0.499991 0.202275
0.555064 0.257632
0.630772 0.346572
0.469320 0.247060
0.502000 0.269181
0.859277 0.365279
0.659011 0.001049
0.614749 0.025355
0.598304 0.025634
0.568689 0.026239
0.548291 0.046143
0.558594 0.068033
0.531497 0.106509
0.558416 0.113572
0.575361 0.197165
0.543987 0.209981
0.560357 0.302299
0.531164 0.220775
0.514842 0.256732
0.448896 0.259860
0.667415 0.000349
0.575836 0.000878
0.630713 0.026387
0.572713 0.062746
0.587507 0.063885
0.576518 0.081674
0.546329 0.099871
0.568143 0.099308
0.588055 0.136483
0.572824 0.224067
0.555834 0.227263
0.543179 0.239072
0.757777 0.360450
0.733078 0.351817
0.681750 0.348752
0.684150 0.000817
0.584068 0.000514
0.608967 0.000893
0.593140 0.043744
0.558443 0.085253
0.595502 0.080852
0.582380 0.111993
0.586630 0.214555
0.596628 0.200269
0.585023 0.242944
0.531803 0.193228
0.552823 0.325855
0.527828 0.296918
0.478285 0.295354
0.692585 0.000733
0.625615 0.000743
0.647172 0.025630
0.627374 0.080211
0.602813 0.061442
0.587675 0.096166
0.598341 0.121514
0.586379 0.182448
0.609675 0.158853
0.621289 0.175121
0.544827 0.278483
0.624289 0.209777
0.562357 0.279763
0.574555 0.266113
0.771509 0.364146
0.709412 0.000960
0.640770 0.041871
0.635518 0.097614
0.624243 0.043131
0.618241 0.061959
0.611064 0.081054
0.603326 0.102747
0.601765 0.175254
0.618291 0.236151
0.611394 0.193355
0.621474 0.263514
0.893312 0.320081
0.462196 0.223248
0.856735 0.310119
0.717819 0.000171
0.650625 0.000873
0.664887 0.025768
0.634177 0.061504
0.618347 0.099094
0.614393 0.121173
0.590342 0.157962
0.621695 0.139170
0.628115 0.156586
0.633579 0.241636
0.598310 0.232402
0.571166 0.321279
0.544074 0.300199
0.567611 0.245615
0.614741 0.344467
0.726257 0.000706
0.682201 0.026733
0.657665 0.040763
0.650763 0.059367
0.644109 0.078506
0.604335 0.141845
0.637798 0.133187
0.639847 0.173478
0.630721 0.191677
0.607820 0.252241
0.730712 0.327542
0.655324 0.345885
0.746831 0.356430
0.494868 0.292049
0.743130 0.000799
0.675819 0.000209
0.692072 0.043341
0.674583 0.041960
0.667708 0.060029
0.660062 0.077736
0.629578 0.115905
0.644472 0.150013
0.636095 0.220530
0.639127 0.260669
0.646156 0.302887
0.641597 0.282713
0.611514 0.322429
0.866763 0.329763
0.844510 0.326098
0.751598 0.001062
0.698360 0.026848
0.684640 0.061347
0.693452 0.080340
0.676857 0.078798
0.652783 0.096609
0.647068 0.114605
0.652647 0.218142
0.650916 0.240807
0.623669 0.284239
0.605420 0.278174
0.589181 0.325501
0.693629 0.322707
0.895162 0.299901
0.760080 0.001034
0.700982 0.000554
0.714540 0.026941
0.701443 0.061649
0.687811 0.097662
0.669522 0.096308
0.656142 0.132395
0.655687 0.163172
0.646146 0.197936
0.666666 0.229852
0.588333 0.283736
0.664829 0.306820
0.576342 0.296589
0.767708 0.331132
0.944027 0.297334
0.768583 0.000803
0.730658 0.027243
0.709683 0.043533
0.709423 0.081084
0.664279 0.115842
0.676812 0.132110
0.665985 0.147222
0.663989 0.202741
0.655891 0.266499
0.677008 0.275589
0.674680 0.322300
0.627208 0.304099
0.952233 0.328092
0.708444 0.353220
0.777139 0.000884
0.734680 0.000440
0.746516 0.027164
0.726115 0.079576
0.681157 0.114114
0.694944 0.135161
0.684605 0.151470
0.656424 0.182009
0.666245 0.251981
0.631046 0.324188
0.683698 0.257553
0.699247 0.304696
0.694069 0.282877
0.836096 0.358660
0.711519 0.327526
0.794220 0.000106
0.743129 0.045341
0.726887 0.043981
0.705335 0.100603
0.698295 0.117827
0.700541 0.157310
0.673360 0.166799
0.674595 0.187380
0.661254 0.285597
0.751874 0.314260
0.729106 0.284557
0.608496 0.300058
0.718289 0.310238
0.650212 0.322491
0.802772 0.000860
0.762402 0.027689
0.718491 0.062089
0.739392 0.088721
0.714812 0.120512
0.711055 0.141758
0.716739 0.163151
0.689157 0.174427
0.677877 0.213293
0.694356 0.217004
0.681241 0.299309
0.711903 0.287270
0.819949 0.323245
0.811965 0.302608
0.750905 0.332137
0.811381 0.000804
0.769698 0.063113
0.752892 0.063602
0.721762 0.099077
0.727172 0.135274
0.730842 0.152039
0.735096 0.171796
0.690073 0.196397
0.726769 0.227965
0.741741 0.270206
0.767098 0.306162
0.736041 0.306313
0.783476 0.335420
0.782127 0.355058
0.828631 0.000069
0.785652 0.000427
0.760163 0.044627
0.736275 0.064504
0.754232 0.080255
0.731172 0.114579
0.743200 0.129589
0.704842 0.179374
0.710581 0.220844
0.683194 0.235823
0.699617 0.240966
0.755179 0.258742
0.764437 0.283405
0.877375 0.286904
0.959285 0.333273
0.837310 0.000149
0.778810 0.027124
0.777692 0.042996
0.771202 0.085240
0.761712 0.100628
0.745183 0.105149
0.722320 0.183956
0.738439 0.193761
0.707816 0.199113
0.742029 0.238278
0.717446 0.266052
0.732794 0.253637
0.852422 0.343778
0.797735 0.321469
0.845981 0.000287
0.820009 0.000492
0.794948 0.027625
0.789242 0.055971
0.784210 0.073322
0.777766 0.107137
0.757975 0.119488
0.758239 0.139914
0.747447 0.153340
0.700437 0.263357
0.715462 0.243723
0.748131 0.288466
0.797737 0.293346
0.912970 0.273220
0.900869 0.342067
0.863451 0.000159
0.812976 0.026454
0.800831 0.041305
0.801282 0.073519
0.788807 0.092750
0.807876 0.091447
0.773394 0.127880
0.765053 0.161855
0.724533 0.205704
0.741043 0.215076
0.757404 0.216782
0.759284 0.237816
0.784472 0.309958
0.781222 0.288399
0.872163 0.000919
0.854677 0.000786
0.831613 0.026485
0.820415 0.040403
0.809870 0.057581
0.828700 0.058138
0.799460 0.108218
0.788862 0.123014
0.775815 0.147219
0.751621 0.173810
0.754376 0.194097
0.773825 0.225936
0.774931 0.247145
0.772715 0.265650
0.856328 0.292986
0.889731 0.000865
0.867546 0.026510
0.850082 0.026597
0.839624 0.040926
0.819764 0.075506
0.825609 0.093992
0.816468 0.111930
0.792133 0.144197
0.782569 0.166119
0.768611 0.181893
0.770224 0.204555
0.791744 0.247293
0.807068 0.259580
0.929357 0.315489
0.898544 0.000484
0.880975 0.000466
0.884533 0.026864
0.857751 0.042329
0.847124 0.059958
0.837230 0.076240
0.854670 0.078839
0.833763 0.114022
0.805202 0.129669
0.823021 0.131082
0.784551 0.187453
0.787922 0.205280
0.822924 0.204668
0.857988 0.274924
0.957568 0.307422
0.907353 0.000947
0.917691 0.027983
0.875552 0.042673
0.883137 0.060157
0.864908 0.061503
0.872718 0.078540
0.843059 0.095659
0.852142 0.112929
0.859225 0.134029
0.800127 0.178295
0.811768 0.147506
0.790785 0.223695
0.805698 0.235366
0.791100 0.268965
0.916209 0.000566
0.925001 0.000653
0.927532 0.048536
0.901688 0.026897
0.893899 0.042551
0.889649 0.078175
0.896904 0.096064
0.862762 0.096259
0.868367 0.116747
0.841942 0.130305
0.865332 0.153143
0.800312 0.161210
0.804752 0.196662
0.926867 0.329328
0.876151 0.305271
0.933832 0.000356
0.933344 0.026967
0.911254 0.044823
0.901249 0.062240
0.925128 0.086551
0.879869 0.098339
0.885804 0.116933
0.877080 0.136190
0.889361 0.149026
0.830472 0.148930
0.838321 0.169859
0.834597 0.189024
0.818447 0.182834
0.837176 0.311102
0.942609 0.001027
0.954275 0.026708
0.942311 0.039004
0.919217 0.065394
0.908011 0.080842
0.916805 0.101236
0.896420 0.132839
0.912735 0.138392
0.910983 0.155155
0.847239 0.150682
0.891226 0.182605
0.856055 0.168603
0.820956 0.165665
0.808073 0.214992
0.897298 0.282410
0.951492 0.000225
0.944660 0.058754
0.935661 0.072394
0.941661 0.093044
0.951331 0.109324
0.903108 0.113394
0.925603 0.170749
0.897739 0.166373
0.903587 0.196848
0.917100 0.213888
0.957152 0.231313
0.871389 0.181652
0.851434 0.188220
0.976520 0.276588
0.960296 0.001013
0.970694 0.027202
0.960564 0.044933
0.955110 0.080420
0.961763 0.138594
0.933298 0.110215
0.919437 0.121760
0.878288 0.164562
0.937489 0.206607
0.911367 0.179608
0.937958 0.223536
0.841561 0.207891
0.936430 0.241283
0.933041 0.279127
0.881930 0.199344
0.968917 0.000514
0.975012 0.041158
0.961833 0.064973
0.948220 0.127290
0.959251 0.177895
0.937913 0.185917
0.943948 0.168464
0.918487 0.229827
0.897728 0.263248
0.895367 0.213792
0.973693 0.236802
0.978145 0.293677
0.826700 0.268073
0.841953 0.230023
0.977624 0.000178
0.998710 0.000725
0.975645 0.063247
0.978726 0.129523
0.932555 0.133481
0.946472 0.148760
0.956350 0.210565
0.977006 0.202624
0.979624 0.255048
0.900022 0.229733
0.998930 0.325671
0.881205 0.234137
0.910082 0.306383
0.819812 0.245350
0.890117 0.345522
0.987145 0.000273
0.975470 0.082888
0.963819 0.095799
0.977776 0.148044
0.962294 0.159210
0.929481 0.152045
0.941476 0.267862
0.858231 0.236007
0.999213 0.258912
0.925849 0.256843
0.875576 0.267546
0.955038 0.248460
0.925506 0.297431
0.826610 0.293121
0.999940 0.016284
0.999238 0.044798
0.978159 0.104303
0.967245 0.117677
0.999922 0.107317
0.999068 0.186567
0.999053 0.140507
0.998926 0.151991
0.956790 0.283127
0.999760 0.285074
0.962652 0.262552
0.875406 0.218097
0.867285 0.250987
0.999498 0.233748
0.839671 0.281702
0.999464 0.000979
0.999750 0.054953
0.999339 0.075400
0.999477 0.096331
0.999721 0.118101
0.976029 0.185423
0.974808 0.218905
0.911318 0.248435
0.999167 0.245950
0.999862 0.198457
0.999386 0.271549
0.849119 0.258461
0.811125 0.279087
0.978797 0.314301
0.999847 0.025891
0.999500 0.035083
0.999438 0.065085
0.999323 0.085854
0.978322 0.167454
0.999757 0.129128
0.999170 0.210313
0.922459 0.195522
0.999897 0.221976
0.999660 0.163473
0.999949 0.175069
0.835698 0.248615
0.888286 0.249513
0.999246 0.296531
0.998970 0.321056
