0.000305 0.025346
0.001003 0.063793
0.000169 0.094361
0.000220 0.126455
0.000145 0.137181
0.006169 0.414785
0.000370 0.182713
0.000480 0.194446
0.000792 0.343711
0.066442 0.303477
0.001696 0.369177
0.052887 0.291209
0.042069 0.309856
0.087827 0.304329
0.000114 0.015736
0.000838 0.044048
0.000538 0.073831
0.024527 0.066737
0.017109 0.256518
0.000989 0.206905
0.000370 0.171264
0.000250 0.300889
0.000213 0.244193
0.000257 0.258662
0.004501 0.357715
0.020921 0.345641
0.057073 0.340741
0.100801 0.269598
0.125387 0.259122
0.001040 0.001320
0.000308 0.053893
0.000719 0.084008
0.000219 0.104971
0.000307 0.115618
0.000598 0.219174
0.000153 0.159779
0.000386 0.314615
0.001063 0.231813
0.046378 0.326464
0.006647 0.409659
0.077003 0.286332
0.119803 0.279029
0.003744 0.382761
0.000749 0.000433
0.023643 0.031121
0.025216 0.048916
0.023893 0.102433
0.021632 0.203782
0.057526 0.216063
0.027241 0.186980
0.000234 0.273845
0.056813 0.274514
0.038609 0.267836
0.034867 0.287970
0.052712 0.381500
0.037781 0.363037
0.038526 0.346113
0.068127 0.321612
0.012131 0.000699
0.039971 0.040153
0.000304 0.034538
0.025209 0.085025
0.000312 0.148380
0.030730 0.243089
0.036278 0.214341
0.044515 0.231749
0.020950 0.305663
0.065519 0.234211
0.022279 0.322801
0.117642 0.211297
0.077471 0.267768
0.063190 0.362794
0.030004 0.000587
0.021451 0.000183
0.042672 0.057754
0.040867 0.074463
0.021367 0.226553
0.022524 0.149243
0.044263 0.179472
0.045345 0.198241
0.048195 0.251458
0.078237 0.220271
0.087803 0.199937
0.067065 0.252431
0.000660 0.329680
0.002455 0.399619
0.110446 0.299796
0.038458 0.000322
0.054257 0.026486
0.042131 0.092418
0.047218 0.125831
0.037954 0.161153
0.033184 0.137742
0.062152 0.185397
0.120805 0.176819
0.019721 0.278579
0.068975 0.200769
0.000280 0.287602
0.090579 0.254250
0.087221 0.237191
0.098212 0.285477
0.047038 0.000918
0.036512 0.024629
0.070042 0.025263
0.058586 0.042839
0.036842 0.111678
0.055856 0.106199
0.022890 0.169964
0.058201 0.165051
0.102353 0.179472
0.081800 0.181275
0.096520 0.219199
0.161202 0.207892
0.130486 0.222765
0.178960 0.238564
0.087595 0.323237
0.055759 0.000302
0.082712 0.031984
0.074709 0.047402
0.057665 0.079515
0.067169 0.093190
0.023190 0.123827
0.064085 0.124946
0.049929 0.146402
0.156545 0.169709
0.105001 0.197094
0.126141 0.193953
0.147988 0.225451
0.109224 0.230659
0.165476 0.228615
0.064390 0.000740
0.073038 0.000891
0.096014 0.025957
0.085338 0.061090
0.061734 0.061314
0.075522 0.074970
0.082246 0.128673
0.076175 0.110146
0.075270 0.164659
0.142020 0.183803
0.180809 0.215623
0.142198 0.204148
0.149159 0.244415
0.128968 0.241864
0.075177 0.342439
0.081646 0.000758
0.111695 0.026456
0.113521 0.042136
0.105816 0.061190
0.095386 0.076389
0.086049 0.092573
0.066735 0.143806
0.084646 0.148116
0.096351 0.164406
0.146717 0.148741
0.160423 0.189786
0.175326 0.177092
0.196132 0.233051
0.109022 0.316570
0.090158 0.000767
0.107419 0.000349
0.127813 0.026399
0.096005 0.045255
0.115232 0.077718
0.104370 0.093351
0.094369 0.110956
0.099186 0.131106
0.105321 0.147767
0.119412 0.158407
0.168699 0.156345
0.179117 0.196659
0.216130 0.262826
0.143841 0.263825
0.044464 0.381098
0.098797 0.000587
0.131930 0.042354
0.123539 0.059396
0.132953 0.075538
0.140541 0.092969
0.123572 0.095334
0.111797 0.111553
0.117599 0.129251
0.128792 0.142329
0.138031 0.164665
0.196621 0.176822
0.213328 0.223319
0.203236 0.250043
0.110319 0.248285
0.116050 0.001102
0.141831 0.001123
0.144072 0.026249
0.142770 0.058868
0.151313 0.075650
0.159890 0.092411
0.130357 0.114164
0.161446 0.121162
0.161083 0.138798
0.181185 0.140683
0.187039 0.160557
0.197810 0.193480
0.221616 0.241098
0.198104 0.271325
0.137206 0.281829
0.124657 0.000274
0.150630 0.041236
0.160946 0.057539
0.169175 0.073598
0.188133 0.071651
0.148401 0.109068
0.141981 0.128436
0.181444 0.124216
0.208552 0.162739
0.217883 0.182564
0.216485 0.201291
0.198470 0.212225
0.195796 0.294491
0.180984 0.294942
0.133241 0.000185
0.176026 0.000173
0.160736 0.025735
0.179287 0.056085
0.178840 0.089503
0.172224 0.106849
0.201068 0.126449
0.199560 0.145335
0.234219 0.198209
0.226700 0.166222
0.230528 0.218840
0.235306 0.254459
0.145787 0.318521
0.162879 0.255834
0.148655 0.295324
0.150360 0.000160
0.169542 0.039602
0.198590 0.055166
0.196655 0.090370
0.191361 0.107709
0.220033 0.126989
0.217458 0.144709
0.246671 0.162947
0.239628 0.181324
0.241454 0.235221
0.253452 0.270289
0.183495 0.256546
0.097992 0.361292
0.069472 0.375510
0.158931 0.000292
0.179211 0.025100
0.188201 0.039224
0.207288 0.038867
0.213903 0.092368
0.210345 0.109580
0.234776 0.148083
0.266385 0.160560
0.259833 0.178451
0.254162 0.196383
0.255495 0.251087
0.234588 0.274290
0.213495 0.284484
0.177997 0.274492
0.082836 0.364752
0.167466 0.000148
0.225753 0.040094
0.205851 0.072833
0.241210 0.075719
0.223473 0.074751
0.229734 0.110982
0.273591 0.194913
0.279609 0.177326
0.248142 0.214709
0.247897 0.289952
0.227988 0.293012
0.230082 0.314957
0.207450 0.308515
0.108642 0.357788
0.184542 0.000412
0.198062 0.025166
0.243849 0.040592
0.217042 0.056977
0.249995 0.093744
0.231713 0.093216
0.253758 0.144511
0.285473 0.159180
0.260878 0.232395
0.311709 0.260348
0.298863 0.232400
0.173207 0.316283
0.218262 0.324180
0.144178 0.339881
0.116578 0.345931
0.193061 0.000184
0.216905 0.025182
0.260594 0.041177
0.259503 0.076423
0.247622 0.111705
0.239398 0.128970
0.273712 0.142314
0.303417 0.212949
0.292824 0.251371
0.273780 0.255196
0.273933 0.272905
0.256224 0.327136
0.160218 0.274696
0.163668 0.298296
0.201558 0.000726
0.252331 0.000923
0.234677 0.025633
0.234929 0.058117
0.268123 0.093248
0.266156 0.111656
0.259591 0.128340
0.281823 0.125590
0.311210 0.195037
0.267453 0.213697
0.307623 0.286807
0.269734 0.292807
0.256903 0.306019
0.158825 0.331620
0.098205 0.336541
0.210046 0.000003
0.252266 0.025363
0.277592 0.042177
0.278144 0.075803
0.287822 0.089992
0.283659 0.107645
0.303842 0.160748
0.291834 0.197443
0.327319 0.205822
0.284567 0.216668
0.321199 0.276120
0.282258 0.312185
0.299836 0.318858
0.128659 0.300960
0.218522 0.000089
0.286027 0.000471
0.269743 0.026042
0.252625 0.059553
0.299261 0.074165
0.300717 0.106998
0.292983 0.141816
0.311795 0.142288
0.297692 0.178744
0.350932 0.185214
0.334051 0.239785
0.278696 0.236184
0.305175 0.304907
0.337151 0.310013
0.244461 0.324479
0.226988 0.000538
0.286523 0.025710
0.289720 0.060307
0.270742 0.059716
0.317672 0.109966
0.302131 0.125160
0.322856 0.127178
0.322941 0.158249
0.317015 0.176898
0.363205 0.217331
0.294197 0.270538
0.352646 0.254524
0.126994 0.321144
0.268354 0.321908
0.235425 0.000038
0.311205 0.001069
0.293951 0.042652
0.319268 0.075619
0.307780 0.090269
0.335994 0.110273
0.354777 0.110705
0.332885 0.142438
0.332130 0.188303
0.378075 0.135737
0.347222 0.204924
0.319219 0.223073
0.314616 0.241668
0.190281 0.329178
0.312290 0.321647
0.243894 0.000199
0.302869 0.025928
0.329210 0.060859
0.326932 0.093400
0.337859 0.078400
0.347218 0.094120
0.368349 0.120271
0.346768 0.153154
0.366574 0.152830
0.337431 0.169600
0.332791 0.257907
0.351175 0.290176
0.132366 0.342518
0.287031 0.290222
0.260790 0.000345
0.336190 0.000141
0.309980 0.059766
0.346655 0.061570
0.356860 0.077841
0.366340 0.094341
0.379467 0.104275
0.343852 0.127033
0.358118 0.136419
0.358510 0.168779
0.372074 0.180969
0.372659 0.253057
0.382636 0.218721
0.476609 0.339457
0.372244 0.235504
0.269196 0.001051
0.310459 0.041996
0.327332 0.043121
0.382554 0.058994
0.374869 0.076481
0.387729 0.087315
0.413391 0.133850
0.388966 0.118090
0.395367 0.135680
0.382743 0.155988
0.340180 0.221697
0.377555 0.327268
0.826305 0.340131
0.202449 0.327081
0.277626 0.000692
0.361194 0.001021
0.364610 0.060812
0.343795 0.042583
0.376712 0.041768
0.408077 0.082509
0.399776 0.099702
0.436255 0.098687
0.430102 0.133888
0.400270 0.153063
0.386668 0.172751
0.395899 0.188365
0.383509 0.201091
0.366146 0.197999
0.406993 0.328489
0.294441 0.000930
0.319427 0.026367
0.351407 0.026318
0.394214 0.040470
0.395158 0.070166
0.417706 0.098857
0.406765 0.116761
0.417616 0.152294
0.435711 0.152909
0.405943 0.170696
0.405867 0.204226
0.423589 0.219827
0.175890 0.331651
0.390386 0.327375
0.302822 0.000336
0.335406 0.026150
0.383963 0.025879
0.402977 0.054357
0.426637 0.082151
0.467579 0.092364
0.442417 0.117115
0.424940 0.115174
0.454926 0.103091
0.415691 0.187755
0.464709 0.205892
0.446456 0.203477
0.413787 0.235398
0.392353 0.237123
0.353466 0.235127
0.319537 0.000054
0.360132 0.043436
0.401128 0.026346
0.416140 0.041825
0.437370 0.041287
0.437721 0.069922
0.475322 0.110392
0.463223 0.138051
0.444069 0.170112
0.424826 0.169735
0.435488 0.186565
0.402485 0.271671
0.359987 0.328140
0.341351 0.274743
0.327901 0.000415
0.402699 0.000738
0.367275 0.026169
0.416650 0.026646
0.415516 0.065996
0.458628 0.073645
0.447733 0.085749
0.460762 0.120327
0.446499 0.136222
0.455226 0.186046
0.474445 0.151428
0.391906 0.255352
0.410993 0.252513
0.350337 0.326067
0.419694 0.331327
0.344540 0.000419
0.455578 0.040981
0.428289 0.055499
0.467957 0.058795
0.492961 0.080104
0.493136 0.116407
0.466554 0.169826
0.455033 0.155849
0.506088 0.309829
0.401709 0.219962
0.426946 0.203294
0.433381 0.238716
0.411898 0.309349
0.329296 0.321207
0.352851 0.000824
0.410992 0.000453
0.476959 0.000713
0.464615 0.025682
0.431761 0.026655
0.508792 0.081634
0.485171 0.096009
0.501370 0.100970
0.484557 0.167062
0.479723 0.128722
0.428702 0.291339
0.452550 0.240418
0.362106 0.271365
0.390952 0.289783
0.467496 0.266471
0.369498 0.000184
0.460454 0.000663
0.448066 0.026050
0.449527 0.057706
0.527713 0.128234
0.544186 0.141695
0.502621 0.131565
0.501059 0.155932
0.472937 0.187878
0.381580 0.273005
0.330873 0.293990
0.806480 0.338426
0.546087 0.347073
0.410295 0.289780
0.377832 0.000187
0.452211 0.000568
0.485174 0.000043
0.503663 0.042550
0.533340 0.043108
0.548239 0.188514
0.530558 0.173485
0.531660 0.151617
0.592513 0.262845
0.433229 0.310106
0.602689 0.347112
0.956122 0.195440
0.525247 0.274782
0.445908 0.334242
0.370459 0.291772
0.419258 0.000935
0.468687 0.000712
0.608214 0.041553
0.476171 0.076743
0.484983 0.061245
0.517666 0.205711
0.516675 0.163140
0.490092 0.143318
0.513205 0.224961
0.443223 0.221651
0.518072 0.343328
0.388613 0.308584
0.489659 0.319501
0.364685 0.308002
0.394423 0.000761
0.435739 0.000637
0.509942 0.000883
0.480623 0.025517
0.608730 0.218242
0.525542 0.083468
0.670707 0.344110
0.500749 0.175657
0.449284 0.297363
0.481962 0.210622
0.855943 0.217248
0.719353 0.355027
0.808843 0.363477
0.434671 0.333778
0.694952 0.349808
0.534630 0.000517
0.501681 0.000989
0.427517 0.000828
0.022067 0.381457
0.500593 0.061841
0.513818 0.117716
0.431204 0.256492
0.592957 0.307620
0.501879 0.242311
0.818953 0.364486
0.824907 0.225485
0.512313 0.288452
0.854667 0.363566
0.491420 0.340189
0.600679 0.000500
0.551087 0.000417
0.386116 0.000337
0.493425 0.001040
0.540853 0.026376
0.488347 0.042407
0.517527 0.099124
0.558646 0.156777
0.495797 0.223126
0.977625 0.326304
0.423151 0.271941
0.465879 0.336422
0.505586 0.342139
0.454654 0.317079
0.588776 0.347364
0.592387 0.000194
0.518171 0.000436
0.443976 0.000917
0.511449 0.025370
0.472538 0.041802
0.863881 0.200938
0.794673 0.362932
0.643285 0.348502
0.879311 0.340631
0.535330 0.319635
0.914976 0.336501
0.533115 0.344794
0.518464 0.321179
0.537031 0.259868
0.617286 0.000555
0.567552 0.000595
0.518374 0.043677
0.526425 0.000727
0.515179 0.063694
0.529458 0.063546
0.543971 0.064218
0.516611 0.141831
0.546028 0.166827
0.488533 0.189213
0.479689 0.231975
0.444446 0.277809
0.488042 0.252583
0.463672 0.284672
0.574557 0.346524
0.633917 0.000846
0.542886 0.000293
0.554648 0.026846
0.526229 0.025738
0.496172 0.025593
0.540793 0.083477
0.559160 0.135053
0.574096 0.148343
0.562617 0.180624
0.514191 0.186123
0.471969 0.312033
0.524988 0.241553
0.484623 0.272713
0.560462 0.346858
0.642271 0.001099
0.559318 0.000591
0.583040 0.025933
0.577571 0.043121
0.562356 0.045819
0.543169 0.121725
0.573104 0.125875
0.574740 0.168538
0.560949 0.205699
0.500105 0.202516
0.555166 0.258233
0.631056 0.347280
0.469504 0.247229
0.502138 0.269462
0.859326 0.365878
0.659034 0.001026
0.614440 0.025398
0.598028 0.025705
0.568430 0.026277
0.547988 0.046171
0.558338 0.068124
0.531458 0.106789
0.558293 0.113836
0.575347 0.197514
0.544047 0.210339
0.560563 0.302902
0.531280 0.221214
0.514928 0.257110
0.449202 0.260137
0.667440 0.000175
0.575849 0.000566
0.630453 0.026465
0.572431 0.062746
0.587248 0.064026
0.576245 0.081789
0.546226 0.100048
0.567916 0.099519
0.587859 0.136857
0.572903 0.224511
0.555856 0.227566
0.543300 0.239572
0.757627 0.361683
0.732870 0.352864
0.681912 0.349706
0.684168 0.000488
0.584081 0.000335
0.608993 0.000601
0.592895 0.043858
0.558293 0.085402
0.595140 0.081105
0.582159 0.112280
0.586635 0.214952
0.596514 0.200700
0.585006 0.243455
0.531888 0.193568
0.553099 0.326477
0.527932 0.297504
0.478465 0.295709
0.692599 0.000394
0.625658 0.000200
0.646894 0.025767
0.626937 0.080475
0.602544 0.061678
0.587379 0.096406
0.598060 0.121898
0.586280 0.182762
0.609489 0.159233
0.620971 0.175680
0.544915 0.278946
0.624160 0.210257
0.562404 0.280294
0.574593 0.266544
0.771294 0.365259
0.709441 0.000556
0.640434 0.042031
0.635145 0.097931
0.623918 0.043244
0.617901 0.062193
0.610681 0.081408
0.603004 0.103125
0.601627 0.175622
0.618220 0.236550
0.611191 0.193864
0.621448 0.264145
0.893164 0.320988
0.462523 0.223457
0.856405 0.310955
0.717832 0.000672
0.650654 0.000583
0.664546 0.025888
0.633745 0.061649
0.618032 0.099456
0.614137 0.121583
0.590169 0.158333
0.621426 0.139633
0.627863 0.157147
0.633469 0.242269
0.598242 0.232894
0.571467 0.321830
0.544242 0.300699
0.567609 0.246018
0.614960 0.345129
0.726274 0.000322
0.681870 0.026812
0.657348 0.040990
0.650345 0.059678
0.643697 0.078773
0.604108 0.142213
0.637501 0.133630
0.639514 0.173994
0.630454 0.192142
0.607900 0.252739
0.730553 0.328505
0.655592 0.346735
0.746830 0.357598
0.495056 0.292384
0.743155 0.000490
0.675831 0.000009
0.691626 0.043474
0.674145 0.042089
0.667360 0.060326
0.659676 0.078023
0.629244 0.116370
0.644136 0.150550
0.635847 0.221171
0.639073 0.261259
0.646188 0.303551
0.641604 0.283374
0.611748 0.323112
0.866473 0.330340
0.844222 0.326919
0.751625 0.000838
0.698028 0.026883
0.684286 0.061540
0.693133 0.080579
0.676481 0.079194
0.652383 0.096988
0.646628 0.115015
0.652315 0.218720
0.650805 0.241389
0.623703 0.284860
0.605513 0.278655
0.589478 0.326144
0.693630 0.323596
0.894882 0.300702
0.760114 0.000777
0.700996 0.000852
0.714234 0.026976
0.701021 0.061836
0.687508 0.098049
0.669166 0.096655
0.655795 0.132907
0.655298 0.163751
0.645856 0.198588
0.666396 0.230391
0.588399 0.284246
0.664803 0.307646
0.576622 0.297142
0.767488 0.332011
0.943818 0.298142
0.768604 0.000780
0.730353 0.027292
0.709253 0.043597
0.709123 0.081427
0.663833 0.116198
0.676407 0.132615
0.665580 0.147700
0.663723 0.203237
0.655811 0.267195
0.676848 0.276256
0.674725 0.323051
0.627254 0.304813
0.951765 0.328796
0.708443 0.354287
0.777167 0.000669
0.734703 0.000106
0.746177 0.027223
0.725781 0.079677
0.680701 0.114544
0.694532 0.135625
0.684134 0.152013
0.656052 0.182625
0.666104 0.252602
0.631265 0.324906
0.683500 0.258131
0.699103 0.305603
0.693933 0.283563
0.835924 0.359513
0.711390 0.328485
0.794230 0.000300
0.742737 0.045366
0.726454 0.044098
0.705061 0.100938
0.697836 0.118255
0.700097 0.157874
0.672934 0.167378
0.674205 0.187860
0.661204 0.286346
0.751759 0.315292
0.728838 0.285334
0.608595 0.300635
0.718103 0.311208
0.650301 0.323177
0.802790 0.000488
0.762054 0.027767
0.718039 0.062165
0.739063 0.089016
0.714346 0.120900
0.710568 0.142329
0.716271 0.163808
0.688790 0.175046
0.677561 0.213979
0.693982 0.217656
0.681159 0.300074
0.711664 0.288025
0.819760 0.324062
0.811651 0.303429
0.750826 0.333107
0.811397 0.000762
0.769301 0.063248
0.752460 0.063655
0.721459 0.099442
0.726658 0.135810
0.730402 0.152559
0.734586 0.172256
0.689664 0.197024
0.726357 0.228641
0.741528 0.271054
0.766914 0.306976
0.735882 0.307150
0.783446 0.336420
0.781996 0.355941
0.828642 0.000651
0.785671 0.000339
0.759847 0.044693
0.735854 0.064612
0.753865 0.080329
0.730801 0.115059
0.742787 0.130030
0.704447 0.179989
0.710191 0.221445
0.682857 0.236357
0.699313 0.241635
0.754837 0.259359
0.764124 0.284133
0.876990 0.287816
0.959021 0.333810
0.837321 0.000336
0.778502 0.027175
0.777390 0.043058
0.770833 0.085492
0.761263 0.100841
0.744750 0.105428
0.721887 0.184629
0.737961 0.194299
0.707349 0.199698
0.741548 0.238925
0.717151 0.266799
0.732473 0.254357
0.852143 0.344314
0.797536 0.322477
0.845999 0.000891
0.820037 0.000968
0.794659 0.027685
0.788903 0.056070
0.783760 0.073430
0.777355 0.107430
0.757607 0.119857
0.757792 0.140301
0.746957 0.153790
0.700286 0.264053
0.715216 0.244409
0.747879 0.289332
0.797414 0.294205
0.912458 0.273876
0.900880 0.342936
0.863460 0.000329
0.812699 0.026530
0.800479 0.041414
0.800861 0.073722
0.788413 0.092942
0.807443 0.091715
0.772979 0.128256
0.764575 0.162439
0.724128 0.206455
0.740563 0.215564
0.756892 0.217389
0.758888 0.238518
0.784212 0.310796
0.780947 0.289146
0.872177 0.000905
0.854698 0.000384
0.831382 0.026536
0.820121 0.040525
0.809462 0.057702
0.828300 0.058314
0.799029 0.108500
0.788399 0.123376
0.775307 0.147791
0.751154 0.174460
0.753895 0.194760
0.773351 0.226556
0.774515 0.247830
0.772399 0.266359
0.855983 0.293749
0.889760 0.000621
0.867242 0.026621
0.849796 0.026714
0.839252 0.041121
0.819340 0.075713
0.825094 0.094294
0.815927 0.112382
0.791636 0.144646
0.781965 0.166677
0.768074 0.182469
0.769740 0.205181
0.791377 0.248011
0.806717 0.260383
0.928940 0.316116
0.898563 0.000440
0.881002 0.000001
0.884272 0.026939
0.857412 0.042476
0.846749 0.060135
0.836832 0.076508
0.854257 0.079058
0.833265 0.114256
0.804704 0.130126
0.822711 0.131490
0.784104 0.188093
0.787549 0.205931
0.822395 0.205155
0.857606 0.275605
0.957380 0.307879
0.907362 0.000791
0.917543 0.028075
0.875246 0.042787
0.882795 0.060355
0.864551 0.061674
0.872324 0.078756
0.842554 0.095843
0.851700 0.113238
0.858791 0.134286
0.799561 0.178764
0.811299 0.147922
0.790219 0.224363
0.805190 0.235976
0.790871 0.269590
0.916225 0.000307
0.925018 0.000208
0.927304 0.048672
0.901468 0.027001
0.893571 0.042608
0.889279 0.078313
0.896526 0.096200
0.862335 0.096429
0.867945 0.116968
0.841528 0.130614
0.864938 0.153519
0.799761 0.161656
0.804292 0.197250
0.926981 0.330358
0.875590 0.306006
0.933842 0.001000
0.933209 0.027020
0.910937 0.044785
0.900922 0.062419
0.924797 0.086588
0.879515 0.098578
0.885448 0.117156
0.876633 0.136468
0.888978 0.149450
0.829959 0.149400
0.837969 0.170399
0.834066 0.189596
0.817958 0.183360
0.836755 0.311817
0.942619 0.000723
0.954282 0.026777
0.942065 0.038913
0.918915 0.065504
0.907712 0.080950
0.916506 0.101419
0.895976 0.133101
0.912310 0.138703
0.910585 0.155572
0.846778 0.151131
0.890846 0.183143
0.855644 0.169097
0.820385 0.166095
0.807574 0.215591
0.896792 0.283186
0.951491 0.000155
0.944326 0.058838
0.935376 0.072609
0.941376 0.093158
0.951109 0.109496
0.902714 0.113585
0.925264 0.171247
0.897285 0.166864
0.903146 0.197605
0.916837 0.214571
0.957050 0.231901
0.870886 0.182221
0.850829 0.188769
0.976346 0.277022
0.960288 0.000895
0.970707 0.027226
0.960325 0.045039
0.954906 0.080493
0.961432 0.138854
0.932955 0.110393
0.919034 0.122032
0.877832 0.165158
0.937181 0.207191
0.910890 0.180176
0.937687 0.224161
0.840951 0.208688
0.936164 0.241937
0.932885 0.279740
0.881478 0.199976
0.968902 0.000180
0.974807 0.041134
0.961576 0.064951
0.947857 0.127430
0.959041 0.178241
0.937605 0.186549
0.943520 0.168857
0.918052 0.230490
0.897345 0.263956
0.894957 0.214382
0.973533 0.237433
0.978151 0.293832
0.826225 0.268770
0.841428 0.230600
0.977615 0.000059
0.998666 0.000041
0.975435 0.063199
0.978505 0.129588
0.932182 0.133707
0.946174 0.149126
0.956171 0.211164
0.976782 0.203083
0.979615 0.255694
0.899574 0.230532
0.998999 0.325822
0.880582 0.234765
0.909429 0.306950
0.819431 0.246071
0.890030 0.346298
0.987144 0.000127
0.975255 0.082736
0.963727 0.095893
0.977487 0.148215
0.962076 0.159582
0.929111 0.152441
0.941259 0.268499
0.857804 0.236686
0.999188 0.258944
0.925495 0.257431
0.875259 0.268248
0.954886 0.249055
0.925240 0.298041
0.826333 0.293868
0.999183 0.016306
0.999584 0.044815
0.977984 0.104296
0.967056 0.117758
0.999842 0.107275
0.999100 0.186566
0.999477 0.140458
0.998942 0.151978
0.956558 0.284044
0.999805 0.285238
0.962493 0.263342
0.874775 0.218694
0.866623 0.251727
0.999564 0.233740
0.839158 0.282451
0.999561 0.000832
0.999487 0.054943
0.999742 0.075327
0.999484 0.096272
0.999568 0.118043
0.975894 0.185731
0.974827 0.219369
0.911002 0.248987
0.999134 0.245907
0.999874 0.198450
0.999722 0.271755
0.848567 0.259112
0.810763 0.279888
0.978586 0.315132
0.999193 0.025906
0.999611 0.035132
0.999451 0.065063
0.999497 0.085783
0.978120 0.167786
0.999787 0.129078
0.999457 0.210348
0.922052 0.196099
0.999129 0.222000
0.999778 0.163467
0.999297 0.175066
0.835340 0.249319
0.887758 0.250133
0.999376 0.296522
0.999370 0.320901
